2985
1 1 31 72
1 5 7 251
1 10 25 18
1 13 57 137
1 29 55 250
1 35 52 287
1 38 22 37
1 43 5 132
1 57 9 266
1 62 19 291
1 67 1 178
1 68 28 218
1 72 37 283
1 74 14 88
1 79 3 242
2 1 15 72
2 10 13 18
2 12 25 52
2 14 58 23
2 19 41 89
2 22 5 107
2 33 51 31
2 37 1 135
2 40 7 171
2 45 19 102
2 50 22 3
2 51 37 231
2 57 32 266
2 77 46 77
2 78 55 5
3 10 19 206
3 14 1 23
3 17 14 200
3 25 3 270
3 32 31 252
3 36 56 295
3 38 43 37
3 47 49 75
3 57 58 119
3 60 25 240
3 67 5 178
3 68 7 113
3 70 40 292
3 72 21 283
3 77 10 192
4 14 51 23
4 15 13 57
4 19 33 89
4 22 3 34
4 24 22 203
4 27 25 34
4 41 11 120
4 42 1 243
4 43 49 24
4 51 37 172
4 59 15 108
4 60 55 234
4 66 7 267
4 78 40 5
4 80 45 18
5 2 23 76
5 5 17 54
5 14 41 149
5 21 25 146
5 28 37 109
5 32 19 9
5 38 31 37
5 39 7 141
5 42 35 243
5 51 10 231
5 61 55 111
5 64 49 142
5 69 43 276
5 70 13 33
5 74 1 227
6 4 55 297
6 6 43 43
6 10 46 35
6 18 21 84
6 24 37 91
6 27 13 258
6 37 7 135
6 43 19 24
6 54 40 244
6 55 27 170
6 63 53 195
6 64 49 152
6 69 1 195
6 76 31 46
6 79 11 160
7 2 13 128
7 5 1 45
7 15 49 233
7 19 27 89
7 20 51 64
7 28 37 85
7 46 15 62
7 52 43 78
7 60 55 81
7 61 19 237
7 62 46 291
7 64 7 56
7 67 11 178
7 69 31 160
7 70 4 151
8 7 32 198
8 9 7 157
8 15 41 233
8 21 50 22
8 22 11 34
8 24 1 258
8 33 25 26
8 39 43 141
8 41 9 120
8 64 55 152
8 65 16 188
8 67 13 178
8 68 4 214
8 72 37 58
8 73 19 124
9 1 7 72
9 11 3 168
9 18 21 19
9 19 16 89
9 24 40 203
9 26 13 191
9 28 55 100
9 31 43 30
9 36 1 295
9 43 59 24
9 55 31 170
9 63 5 15
9 67 50 178
9 69 25 195
9 79 35 242
10 4 1 174
10 8 13 119
10 17 11 66
10 41 17 120
10 42 23 276
10 49 19 285
10 50 27 225
10 54 25 45
10 56 34 177
10 57 37 271
10 61 55 237
10 62 49 291
10 65 31 176
10 72 7 283
10 80 40 18
11 3 25 13
11 11 16 168
11 12 1 183
11 21 31 22
11 24 13 117
11 30 49 196
11 33 19 292
11 43 9 24
11 52 58 78
11 58 44 16
11 69 37 235
11 71 7 12
11 75 55 68
11 79 11 242
11 80 53 193
12 4 25 259
12 8 10 99
12 13 15 184
12 19 53 89
12 32 55 9
12 33 44 48
12 36 13 293
12 39 7 296
12 40 40 171
12 42 5 85
12 52 34 189
12 53 19 183
12 55 49 263
12 72 1 261
12 77 31 192
13 3 43 32
13 7 49 198
13 8 26 119
13 20 1 42
13 22 7 107
13 33 55 28
13 34 34 265
13 42 15 243
13 44 53 44
13 46 32 62
13 50 29 3
13 51 20 294
13 52 40 136
13 59 9 108
13 79 37 242
14 9 31 203
14 10 21 35
14 18 9 84
14 26 1 177
14 27 51 34
14 32 39 87
14 41 7 120
14 50 19 3
14 54 58 192
14 58 16 213
14 66 27 267
14 70 55 151
14 74 33 227
14 77 4 192
14 79 45 242
15 3 33 162
15 7 43 47
15 14 4 23
15 19 31 89
15 22 11 107
15 34 21 265
15 42 49 243
15 43 15 24
15 45 51 27
15 49 37 60
15 55 56 170
15 74 7 177
15 75 28 154
15 77 25 77
15 78 1 240
16 1 7 1
16 6 4 205
16 15 19 217
16 20 25 64
16 27 43 71
16 30 21 61
16 37 33 66
16 48 13 149
16 56 16 7
16 57 52 271
16 58 55 213
16 68 1 214
16 73 37 124
16 78 49 5
17 3 19 106
17 4 37 259
17 5 7 54
17 10 41 206
17 18 33 200
17 23 52 101
17 33 13 26
17 40 4 171
17 41 31 120
17 49 55 163
17 55 44 263
17 59 49 138
17 61 26 237
17 62 1 208
17 74 9 167
18 6 25 43
18 9 1 196
18 10 28 206
18 27 45 34
18 28 19 109
18 31 37 30
18 34 23 245
18 35 49 113
18 45 10 102
18 56 7 7
18 63 41 195
18 70 4 153
18 76 31 105
18 77 14 77
18 80 34 18
19 2 11 100
19 3 31 32
19 13 50 184
19 23 4 237
19 24 43 203
19 28 38 100
19 41 28 80
19 51 58 172
19 53 13 135
19 57 25 266
19 58 1 71
19 59 19 108
19 66 17 267
19 75 46 154
19 78 8 5
20 9 56 99
20 12 7 183
20 13 45 107
20 23 4 8
20 24 49 91
20 26 1 191
20 27 33 191
20 37 27 66
20 38 52 37
20 42 17 243
20 51 13 294
20 55 37 220
20 64 19 142
20 66 25 267
20 75 58 197
21 9 5 203
21 22 19 34
21 30 14 262
21 38 28 37
21 43 41 24
21 45 58 102
21 48 22 103
21 52 49 46
21 57 52 266
21 59 25 125
21 62 8 291
21 69 44 235
21 74 1 167
21 76 37 120
21 77 34 192
22 4 39 174
22 7 27 198
22 10 37 206
22 13 56 271
22 19 1 287
22 25 25 270
22 36 49 295
22 38 46 225
22 39 52 141
22 45 34 27
22 48 16 125
22 49 7 285
22 50 44 225
22 56 4 177
22 69 19 143
23 3 37 13
23 4 31 174
23 14 13 23
23 15 53 233
23 18 8 19
23 19 19 287
23 27 1 86
23 30 15 196
23 37 55 45
23 45 50 102
23 52 46 46
23 63 29 197
23 72 25 58
23 77 22 77
23 78 43 5
24 2 25 76
24 4 27 104
24 13 7 118
24 14 31 23
24 24 40 117
24 53 19 181
24 54 17 192
24 57 37 119
24 58 56 16
24 61 13 298
24 62 34 291
24 69 49 235
24 73 43 124
24 76 4 46
24 78 1 14
25 13 37 154
25 17 53 69
25 20 49 42
25 30 55 196
25 32 13 252
25 38 7 129
25 44 23 44
25 45 43 102
25 53 26 183
25 58 4 213
25 62 1 133
25 63 17 275
25 66 46 267
25 69 19 195
25 80 41 193
26 7 7 254
26 10 1 18
26 15 28 57
26 21 37 22
26 35 25 287
26 36 5 295
26 40 19 156
26 41 22 80
26 42 11 276
26 46 13 172
26 50 3 225
26 54 47 50
26 64 31 142
26 73 55 236
26 76 15 105
27 6 49 43
27 8 52 11
27 12 13 87
27 14 7 149
27 24 22 91
27 26 37 293
27 38 10 37
27 45 46 102
27 49 1 163
27 51 27 172
27 52 31 136
27 55 55 220
27 67 17 178
27 68 19 214
27 70 34 123
28 7 38 47
28 14 34 23
28 15 59 204
28 19 46 89
28 31 3 30
28 32 26 137
28 40 10 171
28 42 57 243
28 49 19 269
28 59 7 125
28 63 1 275
28 66 52 267
28 70 16 33
28 75 31 244
28 80 55 18
29 3 7 32
29 7 13 189
29 14 11 23
29 15 17 217
29 24 56 203
29 27 43 191
29 28 49 85
29 33 2 28
29 42 47 276
29 46 53 62
29 56 37 7
29 61 31 173
29 64 25 142
29 74 19 88
29 78 40 25
30 1 43 72
30 5 47 54
30 15 41 57
30 21 25 22
30 28 49 145
30 30 31 277
30 31 13 121
30 32 7 252
30 37 37 181
30 43 55 24
30 53 20 56
30 62 1 6
30 66 59 267
30 71 57 12
30 77 4 77
31 1 43 244
31 9 29 240
31 16 49 268
31 19 7 287
31 20 37 82
31 25 5 270
31 45 14 102
31 54 23 235
31 55 19 220
31 57 55 266
31 59 58 7
31 64 9 275
31 71 3 170
31 73 25 124
31 78 31 25
32 13 1 257
32 26 16 293
32 27 55 34
32 29 21 250
32 34 19 265
32 38 34 129
32 39 10 115
32 40 13 156
32 49 43 285
32 51 31 294
32 60 37 81
32 74 25 167
32 77 7 150
32 78 49 25
32 79 23 242
33 8 49 11
33 10 32 18
33 14 53 23
33 20 37 42
33 21 45 22
33 22 5 34
33 41 13 80
33 43 57 24
33 44 43 44
33 49 1 269
33 51 28 231
33 58 15 16
33 68 10 214
33 73 19 248
33 76 7 105
34 3 49 13
34 8 4 230
34 12 43 52
34 17 31 200
34 25 28 270
34 29 23 250
34 33 37 26
34 41 33 120
34 49 19 190
34 53 13 296
34 62 1 117
34 69 7 248
34 70 25 33
34 74 55 88
34 79 53 242
35 1 55 72
35 7 37 198
35 15 47 204
35 17 5 197
35 19 11 287
35 20 43 123
35 28 1 85
35 29 13 250
35 36 7 295
35 39 20 233
35 41 15 120
35 44 9 44
35 60 31 118
35 73 25 248
35 75 49 8
36 6 28 43
36 20 3 64
36 26 52 167
36 31 57 118
36 33 31 292
36 41 23 120
36 42 35 276
36 45 25 27
36 46 10 62
36 48 37 149
36 63 1 226
36 66 16 180
36 72 43 283
36 77 20 192
36 78 13 25
37 8 19 230
37 15 7 16
37 27 37 191
37 32 57 87
37 40 22 156
37 44 31 44
37 45 28 102
37 46 11 172
37 51 14 231
37 58 25 16
37 60 33 282
37 64 43 152
37 72 49 283
37 73 1 217
37 80 9 18
38 6 2 43
38 18 43 19
38 21 13 22
38 24 40 91
38 32 27 252
38 35 7 297
38 36 51 295
38 39 22 141
38 41 11 80
38 42 19 243
38 52 31 78
38 63 47 226
38 66 5 267
38 75 55 77
38 80 37 88
39 1 45 217
39 7 32 47
39 13 55 257
39 28 13 85
39 33 19 26
39 36 43 295
39 39 37 278
39 40 52 25
39 44 29 44
39 49 25 60
39 57 1 119
39 58 40 16
39 64 7 142
39 65 49 188
39 76 4 105
40 1 3 72
40 2 35 214
40 8 25 99
40 12 13 160
40 27 31 86
40 28 20 241
40 41 1 80
40 44 10 11
40 58 58 213
40 66 39 180
40 67 7 178
40 68 55 218
40 72 49 58
40 74 43 227
40 76 28 46
41 9 59 99
41 15 57 57
41 21 7 22
41 24 13 203
41 25 33 270
41 26 37 125
41 36 1 293
41 37 3 181
41 40 52 171
41 46 43 62
41 52 16 78
41 58 40 213
41 66 23 267
41 77 45 192
41 80 21 18
42 4 31 259
42 8 16 11
42 12 57 160
42 16 25 185
42 29 19 250
42 30 43 196
42 35 39 287
42 37 21 66
42 44 3 11
42 45 7 289
42 52 52 78
42 66 13 267
42 67 29 178
42 70 10 33
42 75 49 115
43 8 7 119
43 17 20 200
43 18 43 251
43 21 37 96
43 29 15 250
43 36 3 295
43 44 5 11
43 46 25 172
43 49 27 285
43 56 51 132
43 58 31 16
43 63 49 180
43 66 34 267
43 68 10 57
43 69 56 276
44 2 3 76
44 11 47 109
44 12 43 204
44 15 23 204
44 28 19 145
44 32 39 137
44 33 7 26
44 34 59 245
44 35 25 113
44 44 37 44
44 45 34 102
44 48 55 103
44 49 13 269
44 50 5 3
44 75 49 77
45 3 20 32
45 10 5 206
45 12 26 204
45 16 1 185
45 18 57 200
45 20 43 64
45 24 10 203
45 26 34 175
45 27 37 234
45 34 52 245
45 42 8 243
45 46 49 172
45 49 13 163
45 68 31 218
46 2 29 76
46 7 7 198
46 8 31 99
46 9 49 99
46 11 23 168
46 13 38 118
46 27 25 191
46 33 13 48
46 48 1 125
46 57 19 97
46 58 34 213
46 66 55 267
46 68 46 57
46 72 57 283
46 75 4 154
47 2 27 76
47 5 11 251
47 12 37 204
47 25 15 270
47 29 53 170
47 38 56 128
47 41 17 80
47 49 1 285
47 56 34 7
47 58 46 213
47 63 41 226
47 65 19 176
47 66 43 180
47 73 7 236
47 78 22 172
48 2 53 76
48 5 11 54
48 9 5 196
48 12 20 256
48 13 49 107
48 14 1 149
48 30 37 277
48 34 15 245
48 41 3 80
48 45 7 102
48 50 31 225
48 58 25 213
48 63 13 244
48 72 33 283
48 79 17 242
49 5 57 54
49 8 43 11
49 18 49 200
49 20 31 82
49 28 25 109
49 38 40 128
49 39 37 115
49 40 16 156
49 44 1 44
49 57 3 97
49 59 46 125
49 66 53 97
49 69 9 143
49 71 21 12
49 78 13 5
50 4 19 259
50 5 5 45
50 15 31 57
50 31 27 148
50 39 13 115
50 52 10 78
50 54 25 235
50 55 55 207
50 56 50 177
50 58 37 104
50 63 45 180
50 68 16 57
50 76 34 105
50 78 1 5
50 79 8 160
51 1 1 1
51 8 46 119
51 20 13 64
51 21 9 146
51 29 23 170
51 40 25 171
51 41 19 80
51 42 21 243
51 47 31 75
51 61 37 68
51 62 43 117
51 63 53 226
51 64 55 142
51 66 5 292
51 73 49 98
52 11 29 168
52 33 13 292
52 38 10 129
52 41 38 80
52 49 25 190
52 51 34 231
52 55 1 207
52 56 31 132
52 57 46 266
52 60 21 81
52 65 7 176
52 66 5 180
52 73 50 236
52 78 58 5
52 80 19 18
53 4 25 174
53 7 57 254
53 8 31 11
53 9 7 196
53 10 39 206
53 15 34 57
53 42 23 243
53 55 13 220
53 56 49 7
53 62 52 291
53 66 11 180
53 68 4 57
53 69 43 195
53 75 1 154
53 76 19 105
54 7 43 198
54 8 16 119
54 9 25 196
54 20 19 136
54 22 1 34
54 23 49 101
54 46 59 62
54 50 3 3
54 52 34 197
54 54 53 50
54 65 31 188
54 66 8 180
54 67 23 178
54 68 37 57
54 77 40 150
55 2 13 76
55 5 5 251
55 6 58 43
55 10 19 35
55 12 31 52
55 21 21 22
55 26 28 125
55 27 8 191
55 44 51 44
55 52 25 78
55 54 1 235
55 55 44 170
55 73 37 236
55 76 55 46
55 79 15 287
56 1 50 72
56 3 20 96
56 8 58 11
56 9 11 241
56 15 35 204
56 22 17 107
56 26 43 175
56 32 1 137
56 46 37 62
56 53 25 256
56 54 5 244
56 55 7 220
56 65 55 176
56 73 13 236
56 74 39 227
57 4 37 168
57 12 49 52
57 13 26 257
57 28 13 100
57 33 1 31
57 36 58 295
57 37 43 226
57 38 10 128
57 41 19 120
57 47 31 140
57 50 23 225
57 52 7 78
57 57 55 121
57 67 21 178
58 2 17 76
58 3 13 162
58 5 37 54
58 19 43 89
58 28 7 100
58 30 55 115
58 31 49 193
58 34 1 245
58 35 21 287
58 37 3 226
58 44 19 44
58 62 40 133
58 64 25 152
58 66 31 180
58 67 33 178
59 9 41 99
59 29 29 64
59 31 49 148
59 36 9 295
59 41 35 80
59 53 15 56
59 56 46 132
59 60 31 38
59 61 25 298
59 63 7 275
59 66 13 180
59 68 58 218
59 69 1 276
59 72 20 58
59 74 37 3
60 4 44 259
60 5 10 45
60 6 40 43
60 13 21 118
60 22 16 34
60 27 26 86
60 28 1 109
60 42 5 276
60 51 52 231
60 59 55 108
60 62 13 291
60 65 58 188
60 67 19 178
60 70 7 153
60 73 31 236
61 3 55 32
61 14 4 149
61 15 19 57
61 18 37 200
61 29 7 66
61 30 50 147
61 35 32 287
61 41 9 80
61 42 11 243
61 52 44 197
61 63 29 195
61 64 13 142
61 66 59 180
61 73 25 98
61 78 1 172
62 2 1 76
62 10 13 35
62 23 25 101
62 29 41 250
62 31 15 30
62 33 7 48
62 37 31 45
62 40 37 171
62 43 3 24
62 44 45 44
62 52 28 78
62 57 49 266
62 62 52 133
62 64 55 35
62 69 19 235
63 14 44 23
63 20 55 150
63 32 37 222
63 38 25 128
63 42 29 276
63 46 13 62
63 47 15 91
63 52 49 78
63 55 19 170
63 56 9 169
63 57 46 271
63 63 7 15
63 72 31 58
63 74 1 88
63 76 52 46
64 4 55 174
64 9 10 93
64 17 22 200
64 22 15 107
64 29 4 250
64 41 13 120
64 46 1 200
64 53 31 183
64 54 41 50
64 59 43 108
64 64 25 280
64 65 7 188
64 69 37 276
64 70 46 151
64 76 49 105
65 5 5 54
65 11 1 288
65 13 13 118
65 18 7 36
65 21 55 22
65 23 43 101
65 26 49 293
65 32 20 87
65 34 17 245
65 35 34 113
65 42 31 243
65 43 47 24
65 71 39 12
65 77 28 77
65 80 3 142
66 7 15 239
66 12 1 204
66 35 34 297
66 42 5 243
66 48 28 103
66 54 23 192
66 57 25 97
66 60 50 206
66 61 37 173
66 65 10 188
66 67 31 178
66 69 19 160
66 70 7 151
66 71 13 12
66 72 56 153
67 10 11 18
67 16 20 164
67 17 5 50
67 18 31 251
67 23 1 101
67 32 55 222
67 38 46 37
67 39 13 141
67 48 16 103
67 51 40 172
67 53 25 56
67 59 49 125
67 62 43 133
67 77 7 77
67 78 37 25
68 9 29 157
68 18 49 36
68 19 17 287
68 22 34 34
68 32 1 9
68 33 13 31
68 35 19 297
68 41 45 80
68 44 47 44
68 45 31 27
68 47 8 202
68 58 22 213
68 63 5 275
68 64 25 275
68 69 55 195
69 5 1 157
69 6 37 43
69 12 13 52
69 17 9 66
69 23 52 80
69 36 11 295
69 46 5 200
69 48 58 103
69 52 40 197
69 54 55 225
69 61 19 111
69 62 26 291
69 63 3 275
69 67 35 178
69 75 43 154
70 7 56 47
70 12 7 87
70 15 37 233
70 28 2 145
70 32 15 137
70 33 43 28
70 34 13 245
70 39 28 141
70 47 19 202
70 59 49 108
70 67 23 129
70 69 31 235
70 75 39 114
70 76 25 46
70 78 52 5
71 1 25 72
71 4 55 259
71 6 7 205
71 10 35 35
71 13 1 184
71 15 53 57
71 21 19 208
71 27 37 86
71 36 15 295
71 39 46 141
71 41 43 80
71 54 59 45
71 59 10 7
71 69 49 276
71 73 31 124
72 3 31 13
72 9 41 196
72 11 19 288
72 19 21 89
72 37 27 45
72 39 1 141
72 41 25 120
72 42 13 243
72 48 55 180
72 53 49 256
72 54 43 192
72 65 37 188
72 67 9 178
72 71 35 12
72 80 59 193
73 1 13 232
73 5 59 54
73 7 37 254
73 10 9 206
73 14 19 23
73 23 1 8
73 24 4 91
73 26 34 293
73 36 31 295
73 37 25 181
73 51 46 231
73 54 52 192
73 58 49 16
73 79 21 242
73 80 17 142
74 3 37 32
74 6 10 43
74 10 23 206
74 15 31 233
74 17 17 66
74 24 26 253
74 30 43 277
74 32 2 252
74 33 49 26
74 46 8 62
74 47 56 75
74 50 15 3
74 63 29 275
74 71 33 12
74 74 19 227
75 5 9 251
75 8 28 11
75 17 19 66
75 21 33 208
75 22 37 107
75 27 43 86
75 28 1 100
75 32 15 222
75 38 25 37
75 50 13 3
75 54 31 117
75 58 22 104
75 59 39 108
75 75 52 154
75 80 50 18
76 1 37 72
76 32 43 87
76 38 25 129
76 45 13 27
76 50 16 225
76 52 31 197
76 58 21 71
76 63 41 275
76 65 28 188
76 66 19 180
76 71 1 12
76 75 34 154
76 76 10 46
76 78 4 5
76 79 7 242
77 7 25 239
77 25 41 270
77 26 4 175
77 27 21 191
77 31 43 148
77 33 37 31
77 34 19 245
77 41 31 80
77 45 1 289
77 60 55 206
77 68 16 218
77 72 33 65
77 74 7 88
77 77 49 192
77 80 47 142
78 3 21 162
78 17 45 66
78 24 25 91
78 35 16 113
78 41 1 120
78 42 55 243
78 43 3 132
78 46 19 172
78 48 31 103
78 49 38 285
78 63 10 226
78 65 58 176
78 72 49 65
78 78 7 172
78 80 29 88
79 7 3 254
79 10 16 35
79 15 47 16
79 26 38 175
79 29 41 170
79 32 31 9
79 33 25 31
79 37 7 181
79 41 21 120
79 44 1 11
79 45 58 27
79 55 49 207
79 73 43 248
79 75 55 8
79 77 13 150
80 2 46 76
80 14 16 23
80 38 37 37
80 39 25 141
80 49 8 163
80 51 1 231
80 52 19 78
80 63 35 195
80 66 29 180
80 69 31 195
80 70 13 151
80 71 51 12
80 74 55 227
80 76 22 46
80 78 4 172
81 2 25 214
81 3 1 96
81 8 28 99
81 10 10 35
81 15 17 204
81 18 55 19
81 23 7 237
81 25 53 270
81 40 44 171
81 47 33 202
81 54 15 104
81 60 49 240
81 71 5 12
81 76 39 105
81 77 20 150
82 3 8 96
82 14 49 23
82 18 43 200
82 19 59 89
82 21 25 208
82 24 4 258
82 28 32 100
82 33 55 26
82 37 19 45
82 55 38 263
82 64 51 35
82 72 13 58
82 76 1 46
83 3 31 96
83 6 46 205
83 16 13 185
83 18 39 251
83 27 49 71
83 35 19 104
83 36 7 293
83 39 43 233
83 40 10 156
83 47 25 75
83 53 55 56
83 61 1 68
83 62 22 133
83 71 17 12
84 4 49 259
84 12 56 52
84 13 19 274
84 14 46 23
84 26 28 293
84 27 37 71
84 28 13 145
84 30 31 196
84 38 1 129
84 52 4 78
84 63 35 226
84 66 17 292
84 68 25 218
84 75 7 154
84 77 10 77
85 4 7 174
85 7 1 189
85 15 13 16
85 19 35 89
85 20 15 82
85 23 31 101
85 24 19 91
85 34 5 124
85 45 22 27
85 49 43 163
85 55 25 207
85 57 40 271
85 62 57 291
85 66 11 267
85 74 50 227
86 2 5 25
86 24 25 203
86 29 37 250
86 35 31 297
86 37 49 226
86 40 2 156
86 45 34 289
86 49 43 60
86 53 7 122
86 57 55 270
86 58 22 16
86 65 28 176
86 66 40 267
86 70 19 151
86 77 16 150
87 6 1 205
87 10 7 206
87 15 59 57
87 21 9 208
87 24 52 91
87 27 25 71
87 31 43 106
87 33 19 48
87 49 55 285
87 57 4 266
87 58 34 16
87 64 39 35
87 66 37 267
87 70 31 151
87 73 13 124
88 5 3 54
88 6 28 205
88 9 59 203
88 21 49 96
88 24 46 203
88 27 31 71
88 29 57 250
88 35 19 113
88 41 25 80
88 48 7 103
88 52 37 197
88 57 16 266
88 63 1 244
88 71 55 12
88 80 43 18
89 2 29 128
89 5 27 54
89 16 13 164
89 19 39 89
89 23 46 101
89 25 11 252
89 33 7 31
89 38 4 128
89 39 43 115
89 43 31 24
89 57 33 271
89 69 49 195
89 70 1 123
89 73 55 124
89 75 19 8
90 34 11 245
90 36 40 295
90 38 58 37
90 43 49 27
90 44 7 44
90 49 31 190
90 53 13 181
90 56 55 132
90 58 43 213
90 63 47 275
90 71 19 12
90 73 1 98
90 77 37 192
90 78 25 25
90 80 29 18
91 1 19 72
91 4 9 259
91 9 59 196
91 11 4 288
91 13 55 184
91 22 7 34
91 35 1 297
91 40 46 25
91 44 49 44
91 49 13 60
91 52 37 78
91 55 25 220
91 56 40 132
91 60 51 118
91 73 31 98
92 3 26 162
92 8 34 119
92 9 5 157
92 17 22 50
92 20 8 64
92 22 55 107
92 24 1 91
92 27 57 191
92 33 37 28
92 56 13 7
92 63 47 195
92 69 50 160
92 70 43 151
92 75 19 244
92 78 16 25
93 5 50 54
93 9 35 196
93 10 5 18
93 16 55 268
93 17 20 50
93 21 37 208
93 32 1 87
93 37 8 58
93 48 46 103
93 50 17 3
93 52 52 197
93 63 25 15
93 69 13 276
93 72 27 283
93 76 22 105
94 2 55 76
94 3 1 162
94 4 19 174
94 11 7 168
94 14 9 23
94 17 25 200
94 26 43 293
94 44 11 44
94 52 46 78
94 53 13 122
94 62 28 133
94 67 41 178
94 68 58 113
94 72 37 65
94 74 49 3
95 2 49 76
95 11 25 288
95 13 43 274
95 30 13 147
95 43 23 24
95 45 37 27
95 48 52 103
95 52 40 78
95 53 19 135
95 55 31 220
95 56 28 7
95 60 7 175
95 61 56 190
95 62 4 133
95 70 1 153
96 9 29 241
96 17 13 66
96 23 49 237
96 25 58 270
96 26 19 293
96 30 25 277
96 31 31 30
96 34 5 265
96 40 55 171
96 45 2 102
96 58 7 213
96 65 22 176
96 67 37 178
96 69 15 195
96 70 52 151
97 4 45 174
97 6 22 205
97 11 5 109
97 18 1 36
97 48 13 125
97 50 29 225
97 53 55 183
97 57 31 97
97 59 19 154
97 60 25 81
97 62 39 291
97 66 37 180
97 73 7 98
97 75 52 77
97 79 43 242
98 4 55 168
98 5 35 45
98 6 19 43
98 7 2 239
98 20 9 158
98 27 31 234
98 37 14 226
98 53 49 56
98 61 44 237
98 63 7 226
98 64 37 280
98 66 25 180
98 69 27 160
98 70 22 153
99 3 1 13
99 22 31 107
99 26 46 175
99 27 49 191
99 29 17 170
99 30 20 196
99 42 25 243
99 43 13 24
99 51 7 231
99 52 55 78
99 70 28 151
99 75 34 8
99 76 43 46
99 78 10 25
99 80 15 18
100 1 49 232
100 2 11 76
100 7 31 239
100 19 9 287
100 42 41 243
100 54 7 45
100 55 43 220
100 56 16 177
100 57 4 271
100 58 1 213
100 60 55 240
100 61 19 189
100 65 13 188
100 66 27 180
100 78 37 5
101 16 7 164
101 20 25 123
101 27 50 86
101 29 35 250
101 31 55 148
101 38 16 37
101 39 2 233
101 50 13 225
101 54 11 117
101 60 43 252
101 64 37 142
101 65 22 188
101 77 31 150
101 78 19 240
101 80 59 88
102 5 39 54
102 6 16 205
102 8 52 119
102 15 56 233
102 16 43 268
102 17 11 50
102 24 49 203
102 27 25 274
102 28 7 145
102 36 22 295
102 38 19 129
102 42 37 243
102 50 59 225
102 65 4 176
102 80 1 193
103 5 3 157
103 10 1 35
103 18 25 19
103 28 55 109
103 31 9 193
103 38 34 37
103 41 7 80
103 42 43 243
103 45 16 27
103 48 19 103
103 53 37 56
103 56 22 177
103 59 31 154
103 72 45 58
103 79 51 242
104 10 13 206
104 11 19 168
104 22 23 107
104 27 15 86
104 29 7 250
104 30 37 196
104 47 49 202
104 48 4 103
104 51 31 172
104 53 43 256
104 57 1 266
104 59 25 154
104 66 21 267
104 68 10 218
104 80 35 142
105 2 43 76
105 12 1 160
105 13 45 137
105 21 55 96
105 22 49 34
105 23 16 237
105 25 9 270
105 38 20 128
105 45 31 102
105 48 34 103
105 51 28 294
105 52 38 61
105 58 13 213
105 77 25 192
105 80 41 142
106 2 19 76
106 12 7 256
106 18 27 251
106 20 51 150
106 23 58 80
106 29 49 250
106 31 3 193
106 36 47 295
106 43 25 24
106 45 22 102
106 47 43 140
106 65 16 176
106 76 40 120
106 78 34 5
106 79 1 242
107 6 13 205
107 8 55 11
107 25 49 270
107 28 25 145
107 29 51 250
107 35 22 115
107 40 58 25
107 49 7 190
107 51 43 172
107 55 3 220
107 59 16 154
107 65 46 176
107 68 38 218
107 71 1 170
107 74 31 88
108 2 7 76
108 3 37 162
108 20 55 123
108 21 1 22
108 22 29 107
108 31 43 193
108 34 34 245
108 53 25 135
108 54 41 235
108 57 13 97
108 58 51 213
108 59 31 7
108 60 9 73
108 69 19 276
108 79 23 160
109 1 7 232
109 6 25 205
109 7 44 254
109 16 21 268
109 25 19 270
109 26 58 175
109 31 31 148
109 46 17 172
109 52 55 61
109 53 49 183
109 60 1 118
109 61 39 237
109 63 53 180
109 68 28 214
109 73 13 248
110 8 25 11
110 16 49 164
110 24 2 203
110 33 43 31
110 35 28 297
110 43 17 24
110 46 57 62
110 55 37 170
110 60 31 81
110 61 7 111
110 62 22 291
110 63 13 195
110 71 15 12
110 77 19 77
110 80 53 18
111 1 37 217
111 8 19 99
111 15 41 204
111 17 13 197
111 18 15 19
111 19 49 89
111 25 11 270
111 28 32 145
111 42 52 243
111 46 23 62
111 49 1 190
111 55 57 263
111 56 26 132
111 78 7 25
111 80 29 142
112 4 3 259
112 5 1 54
112 15 59 16
112 16 31 268
112 26 46 167
112 32 13 9
112 43 21 24
112 52 55 197
112 57 10 119
112 58 7 93
112 61 49 189
112 65 43 231
112 68 37 113
112 74 25 227
112 75 40 97
113 3 1 106
113 5 55 54
113 11 11 288
113 21 43 208
113 23 13 8
113 28 7 85
113 39 28 233
113 43 5 24
113 47 19 75
113 51 16 294
113 54 25 50
113 55 37 207
113 59 34 108
113 63 23 275
113 71 59 12
114 8 34 99
114 11 1 168
114 27 56 86
114 28 13 109
114 31 9 21
114 45 25 102
114 49 19 163
114 50 7 225
114 51 4 294
114 53 38 135
114 59 28 108
114 61 51 61
114 70 31 123
114 73 43 98
114 79 49 242
115 1 25 232
115 13 32 137
115 18 1 19
115 35 40 113
115 39 16 141
115 42 46 243
115 45 43 27
115 46 21 62
115 55 8 263
115 57 13 271
115 62 57 133
115 63 23 197
115 64 49 275
115 75 37 244
115 80 53 142
116 22 1 107
116 28 9 109
116 30 13 277
116 36 17 295
116 40 43 25
116 42 35 288
116 44 7 11
116 48 4 125
116 50 21 225
116 51 55 172
116 57 28 271
116 59 46 108
116 60 50 175
116 70 25 151
116 79 39 242
117 6 13 43
117 23 7 257
117 28 49 109
117 29 41 66
117 38 16 128
117 40 20 171
117 47 44 91
117 49 25 163
117 53 55 135
117 54 23 244
117 62 10 133
117 69 31 276
117 72 37 59
117 73 1 93
117 80 59 142
118 12 13 256
118 25 37 270
118 33 7 28
118 37 49 181
118 47 39 202
118 54 11 104
118 59 4 108
118 63 17 197
118 64 43 275
118 68 22 113
118 69 56 235
118 70 19 33
118 71 28 12
118 77 1 192
118 78 31 5
119 16 25 164
119 19 29 89
119 23 55 80
119 24 40 253
119 25 31 270
119 28 43 85
119 31 33 121
119 33 19 31
119 35 37 297
119 37 13 45
119 47 7 140
119 50 5 225
119 61 1 298
119 72 49 97
119 76 58 6
120 3 14 13
120 5 19 54
120 8 37 99
120 25 35 270
120 28 31 85
120 33 26 292
120 41 40 80
120 49 7 269
120 56 52 7
120 60 1 234
120 65 55 188
120 70 49 292
120 72 44 153
120 75 58 77
120 78 22 25
121 3 7 106
121 11 53 168
121 13 19 107
121 16 55 164
121 17 11 197
121 29 59 250
121 36 37 295
121 38 40 225
121 55 1 263
121 57 34 97
121 65 13 21
121 68 46 218
121 71 5 170
121 73 49 124
121 75 25 197
122 1 3 232
122 3 49 32
122 11 29 109
122 15 58 233
122 17 1 197
122 22 13 34
122 31 25 118
122 34 32 265
122 43 37 24
122 57 19 266
122 65 34 188
122 71 9 12
122 72 15 283
122 76 44 105
122 80 47 18
123 5 9 54
123 11 7 288
123 18 31 19
123 26 46 293
123 27 50 258
123 29 1 250
123 30 56 277
123 32 19 252
123 33 3 26
123 43 39 24
123 46 13 274
123 48 28 149
123 57 43 119
123 62 25 133
123 72 15 261
124 2 31 76
124 3 49 162
124 11 35 109
124 20 14 136
124 21 19 146
124 34 55 245
124 39 25 233
124 42 33 288
124 45 37 102
124 54 11 235
124 55 7 170
124 64 1 152
124 69 57 248
124 74 43 3
124 79 5 242
125 6 34 43
125 11 17 288
125 15 5 217
125 17 3 50
125 21 49 208
125 23 7 101
125 26 31 293
125 29 1 66
125 31 19 30
125 40 14 171
125 51 46 172
125 59 25 108
125 60 55 252
125 66 43 267
125 69 37 50
126 4 51 174
126 5 15 54
126 15 56 217
126 16 37 268
126 20 31 42
126 26 58 167
126 34 26 265
126 41 3 120
126 48 10 103
126 54 5 104
126 56 22 132
126 57 19 271
126 70 43 292
126 76 46 120
126 79 41 242
127 4 55 265
127 8 14 99
127 25 1 270
127 33 7 292
127 35 49 287
127 45 46 27
127 47 3 75
127 48 43 103
127 49 31 163
127 52 28 189
127 54 53 235
127 57 40 119
127 62 37 133
127 64 19 280
127 67 25 178
128 3 7 13
128 6 31 43
128 10 23 35
128 19 4 287
128 24 19 203
128 32 49 9
128 36 11 293
128 43 35 24
128 44 16 44
128 45 55 27
128 50 1 3
128 56 13 132
128 61 25 111
128 64 43 280
128 77 40 77
129 2 39 76
129 3 55 162
129 10 23 18
129 11 31 288
129 14 25 23
129 18 13 36
129 32 7 222
129 35 51 297
129 42 33 243
129 46 28 62
129 47 43 202
129 66 2 180
129 67 47 178
129 68 4 113
129 73 19 98
130 2 15 76
130 14 29 23
130 15 13 217
130 19 1 89
130 29 31 250
130 34 10 265
130 36 33 295
130 42 39 243
130 45 7 27
130 47 25 202
130 54 57 225
130 63 59 275
130 68 43 218
130 69 3 235
130 73 49 248
131 7 13 47
131 11 23 288
131 18 19 251
131 19 17 96
131 22 41 34
131 23 25 8
131 24 28 203
131 26 46 177
131 37 37 226
131 45 4 27
131 47 55 202
131 56 43 132
131 59 52 108
131 60 7 81
131 64 31 152
132 12 37 52
132 16 43 164
132 17 11 200
132 18 25 36
132 21 19 1
132 36 13 295
132 40 34 171
132 41 5 80
132 42 41 288
132 51 1 294
132 58 7 71
132 61 55 298
132 64 15 152
132 75 31 68
132 76 52 120
133 1 37 1
133 2 17 214
133 14 23 277
133 28 19 100
133 30 3 147
133 34 28 245
133 35 43 287
133 40 34 25
133 43 1 24
133 48 31 149
133 49 8 60
133 55 13 170
133 72 49 153
133 74 57 3
133 77 46 150
134 8 4 99
134 18 43 36
134 21 13 208
134 26 58 293
134 27 32 274
134 30 49 277
134 34 37 245
134 39 7 115
134 46 19 62
134 49 21 60
134 54 29 50
134 65 39 176
134 76 1 105
134 77 25 150
134 78 55 25
135 3 56 13
135 6 46 43
135 8 4 119
135 18 19 36
135 26 25 293
135 37 38 45
135 51 31 231
135 54 23 45
135 56 43 7
135 61 14 173
135 62 49 133
135 65 52 188
135 68 1 57
135 74 8 227
135 77 34 150
136 5 43 54
136 15 15 217
136 16 31 185
136 26 10 125
136 35 55 113
136 39 4 115
136 42 59 243
136 58 52 16
136 59 22 108
136 60 45 206
136 63 50 15
136 69 37 160
136 70 7 123
136 76 19 46
136 79 13 242
137 2 35 76
137 9 5 93
137 14 39 23
137 17 57 50
137 18 1 296
137 19 13 287
137 24 28 91
137 35 15 297
137 40 49 171
137 46 45 62
137 53 31 135
137 56 25 7
137 61 19 298
137 69 7 235
137 75 52 8
138 7 1 47
138 13 57 107
138 16 13 268
138 22 23 34
138 25 17 270
138 33 31 26
138 34 41 245
138 35 25 297
138 38 7 128
138 39 52 115
138 45 28 27
138 55 19 207
138 66 50 267
138 70 37 292
138 74 43 88
139 7 7 239
139 13 39 184
139 29 35 170
139 36 3 293
139 46 51 62
139 49 13 285
139 54 49 225
139 55 31 207
139 65 25 231
139 70 22 33
139 71 37 12
139 77 43 150
139 78 28 5
139 79 55 242
139 80 57 18
140 1 31 217
140 2 58 76
140 5 41 54
140 16 37 185
140 17 13 50
140 20 25 82
140 30 2 277
140 38 55 37
140 43 7 24
140 46 49 62
140 47 15 140
140 68 19 218
140 72 44 97
140 74 51 88
140 77 10 150
141 7 9 189
141 13 37 274
141 23 13 101
141 26 16 191
141 31 55 30
141 34 7 265
141 37 49 66
141 38 19 37
141 46 3 62
141 53 31 56
141 54 1 104
141 57 22 266
141 58 28 16
141 69 44 160
141 80 35 88
142 5 1 251
142 10 16 206
142 17 7 50
142 23 10 101
142 28 43 100
142 36 41 293
142 37 19 226
142 38 13 37
142 42 27 243
142 43 53 24
142 44 33 44
142 61 37 298
142 65 49 231
142 68 4 218
142 80 29 193
143 6 56 205
143 9 10 196
143 19 37 89
143 21 21 121
143 23 7 8
143 25 35 9
143 34 39 245
143 38 1 52
143 57 49 271
143 58 31 213
143 59 13 154
143 60 43 81
143 62 16 291
143 77 28 192
143 79 5 160
144 9 47 196
144 24 33 203
144 26 4 191
144 37 56 181
144 44 39 44
144 46 17 62
144 54 51 225
144 57 1 271
144 61 7 61
144 64 21 152
144 66 19 267
144 67 43 178
144 69 13 143
144 71 26 12
144 79 31 242
145 16 25 268
145 21 43 269
145 23 40 101
145 28 55 145
145 37 31 226
145 46 4 274
145 48 13 103
145 49 49 163
145 50 53 3
145 56 37 241
145 63 16 244
145 65 19 188
145 69 8 195
145 75 1 78
145 80 22 193
146 5 3 45
146 7 49 47
146 11 21 168
146 20 55 136
146 38 13 129
146 53 31 256
146 54 53 225
146 59 10 154
146 61 26 61
146 62 46 133
146 63 1 15
146 68 7 218
146 69 37 195
146 75 43 8
146 80 16 193
147 16 1 164
147 20 9 42
147 23 28 101
147 24 55 91
147 28 43 109
147 29 47 250
147 33 31 31
147 34 15 265
147 35 58 287
147 39 25 115
147 49 51 285
147 50 7 3
147 55 19 263
147 74 39 88
147 80 37 18
148 3 7 162
148 15 11 217
148 20 21 64
148 33 13 28
148 34 46 245
148 38 33 225
148 41 5 120
148 45 40 27
148 52 49 197
148 63 19 197
148 65 1 176
148 67 52 178
148 71 43 12
148 72 25 65
148 79 59 242
149 4 31 168
149 14 22 23
149 17 16 69
149 22 29 34
149 25 47 270
149 27 43 234
149 28 25 100
149 29 53 250
149 34 57 245
149 52 13 78
149 54 8 117
149 64 2 280
149 71 11 12
149 72 37 153
149 78 19 5
150 2 21 76
150 9 43 99
150 20 7 82
150 25 23 270
150 34 28 265
150 37 49 45
150 44 41 44
150 46 47 62
150 53 55 256
150 54 17 45
150 59 1 108
150 60 33 206
150 62 4 208
150 63 53 275
150 64 37 275
151 1 31 232
151 17 47 200
151 23 37 101
151 28 25 85
151 34 44 245
151 39 16 233
151 41 29 120
151 45 19 27
151 47 50 140
151 51 40 231
151 54 35 235
151 61 56 189
151 65 4 188
151 68 22 218
151 70 7 33
152 3 20 13
152 20 13 42
152 24 4 117
152 27 51 234
152 37 43 45
152 43 8 132
152 46 35 62
152 47 37 75
152 50 10 225
152 56 1 7
152 57 25 271
152 60 31 240
152 64 55 280
152 71 49 12
153 6 7 43
153 8 31 119
153 9 53 196
153 20 19 82
153 31 55 106
153 32 25 87
153 34 41 265
153 39 10 233
153 49 49 60
153 51 34 172
153 53 43 181
153 64 37 152
153 68 13 113
153 73 1 236
153 77 16 71
154 1 49 217
154 4 13 259
154 6 19 205
154 7 25 254
154 19 11 89
154 32 31 87
154 40 58 171
154 42 29 243
154 47 7 91
154 53 43 183
154 54 17 235
154 70 55 292
154 72 1 65
154 76 37 46
154 78 22 5
155 3 43 13
155 6 31 205
155 10 7 18
155 15 21 57
155 19 5 89
155 30 49 298
155 32 37 252
155 34 9 245
155 35 1 113
155 39 13 233
155 56 56 177
155 60 25 175
155 63 23 195
155 76 16 46
155 77 34 77
156 10 25 35
156 11 7 109
156 18 3 84
156 23 22 101
156 31 9 148
156 39 19 115
156 43 43 24
156 46 1 62
156 56 37 132
156 57 16 97
156 61 45 298
156 62 34 133
156 65 13 176
156 74 27 177
156 75 40 115
157 7 13 198
157 9 17 99
157 10 21 206
157 12 7 52
157 21 32 269
157 22 25 107
157 26 52 293
157 41 27 120
157 53 45 56
157 54 19 117
157 56 40 7
157 57 37 266
157 73 55 98
157 75 49 154
157 77 2 150
158 15 5 233
158 16 7 268
158 18 55 251
158 19 19 89
158 21 31 1
158 26 49 167
158 33 1 48
158 41 35 120
158 48 25 103
158 51 22 231
158 60 13 81
158 71 45 12
158 72 37 261
158 76 52 105
158 80 11 142
159 2 41 76
159 19 51 89
159 26 55 175
159 27 19 86
159 31 37 193
159 32 1 222
159 34 23 265
159 37 31 181
159 46 26 62
159 52 16 61
159 57 58 266
159 61 7 298
159 68 13 218
159 72 43 65
159 79 28 242
160 3 1 32
160 11 5 168
160 12 31 204
160 13 15 274
160 17 41 200
160 24 37 203
160 26 19 167
160 29 25 250
160 53 27 122
160 54 13 104
160 55 49 170
160 57 7 271
160 61 43 173
160 64 55 275
160 70 22 151
161 1 49 244
161 21 25 269
161 24 7 203
161 30 19 277
161 35 43 113
161 39 32 141
161 42 3 243
161 46 5 62
161 49 55 60
161 53 37 256
161 54 59 50
161 56 10 132
161 59 46 7
161 60 13 234
161 71 53 12
162 14 56 23
162 15 25 57
162 18 31 36
162 27 43 15
162 28 49 100
162 30 27 196
162 36 20 295
162 46 7 200
162 48 38 103
162 51 58 231
162 52 22 78
162 64 13 275
162 73 1 124
162 76 10 105
162 80 5 142
163 3 25 32
163 5 29 54
163 7 31 254
163 13 3 148
163 16 37 164
163 31 8 30
163 42 55 288
163 56 22 7
163 59 43 125
163 63 35 275
163 66 1 267
163 68 51 218
163 71 47 12
163 76 13 46
163 79 19 242
164 3 43 96
164 7 55 198
164 15 7 57
164 16 31 164
164 35 28 287
164 36 26 295
164 44 14 44
164 53 2 56
164 58 37 16
164 59 22 154
164 61 9 173
164 62 19 133
164 67 59 178
164 70 16 151
164 77 40 192
165 8 1 99
165 9 13 196
165 11 17 109
165 15 23 233
165 21 55 208
165 31 37 148
165 35 46 287
165 38 49 37
165 51 10 294
165 57 28 97
165 64 19 275
165 65 4 231
165 67 15 178
165 72 31 153
165 76 43 120
166 1 15 286
166 6 52 43
166 7 19 47
166 9 46 99
166 12 55 204
166 18 38 19
166 19 13 89
166 20 8 136
166 57 43 266
166 65 4 21
166 68 49 57
166 70 1 151
166 72 25 153
166 73 31 248
167 4 37 265
167 7 7 47
167 11 11 168
167 16 51 185
167 28 57 85
167 31 31 193
167 35 22 297
167 42 29 288
167 46 55 62
167 54 17 117
167 57 19 119
167 58 4 16
167 61 25 173
167 69 13 235
167 77 1 77
168 8 55 119
168 18 13 251
168 26 19 175
168 33 49 28
168 39 10 141
168 44 25 44
168 47 1 140
168 51 7 294
168 53 37 122
168 57 22 271
168 64 31 280
168 69 27 235
168 76 58 120
168 77 43 77
169 6 10 205
169 14 7 23
169 16 19 185
169 17 13 69
169 20 50 123
169 21 55 269
169 26 31 175
169 37 26 226
169 47 1 202
169 59 40 125
169 60 15 175
169 64 43 142
169 65 34 176
169 77 37 77
170 4 44 265
170 9 14 93
170 10 4 35
170 18 37 36
170 20 49 136
170 27 8 274
170 29 53 66
170 30 25 262
170 33 56 31
170 42 41 276
170 45 19 289
170 57 16 271
170 62 31 291
170 65 1 188
170 75 22 8
171 3 13 106
171 4 19 224
171 11 23 109
171 13 7 137
171 18 49 111
171 29 44 250
171 32 31 222
171 33 1 292
171 44 57 44
171 46 55 274
171 54 11 244
171 57 37 97
171 66 41 180
171 75 46 115
171 77 28 150
172 3 43 162
172 5 3 251
172 8 22 99
172 9 5 240
172 17 7 197
172 48 9 149
172 53 37 183
172 58 19 16
172 61 49 68
172 64 31 275
172 66 15 267
172 73 25 217
172 75 58 8
172 76 55 105
172 80 1 142
173 5 31 54
173 16 1 268
173 17 17 50
173 22 41 107
173 24 33 117
173 30 37 262
173 32 19 222
173 37 56 226
173 47 25 140
173 53 43 135
173 65 10 176
173 66 29 267
173 68 13 214
173 77 7 192
173 80 23 142
174 1 56 244
174 3 26 96
174 7 19 239
174 10 31 206
174 22 9 34
174 35 4 297
174 53 44 122
174 56 49 117
174 67 1 128
174 68 34 218
174 71 41 12
174 72 13 65
174 74 37 167
174 75 52 257
175 2 5 76
175 12 19 52
175 13 57 154
175 35 10 297
175 38 7 37
175 43 28 24
175 48 49 103
175 65 44 188
175 67 55 178
175 69 32 50
175 73 1 248
175 75 16 8
175 76 40 46
175 78 25 5
175 80 47 193
176 5 22 54
176 7 27 47
176 8 46 11
176 15 5 204
176 17 3 197
176 18 50 251
176 19 55 89
176 23 10 8
176 26 43 167
176 29 25 170
176 34 1 265
176 47 13 75
176 50 19 225
176 57 7 97
176 59 31 108
177 1 43 232
177 16 7 185
177 17 16 200
177 18 56 36
177 29 11 170
177 31 1 82
177 33 31 28
177 42 38 288
177 55 26 263
177 57 13 266
177 63 23 15
177 70 49 151
177 71 35 294
177 73 19 236
177 75 40 8
178 1 25 244
178 4 49 168
178 19 7 89
178 24 58 117
178 27 19 15
178 34 31 245
178 36 35 295
178 38 1 37
178 45 4 289
178 49 13 190
178 57 10 271
178 58 37 213
178 68 46 113
178 76 55 120
178 79 33 242
179 8 39 11
179 10 3 18
179 14 37 23
179 20 43 50
179 32 25 9
179 43 11 24
179 47 19 140
179 54 17 104
179 61 49 173
179 67 1 72
179 70 34 151
179 72 55 97
179 73 7 217
179 75 31 8
179 77 14 192
180 2 37 76
180 5 25 54
180 12 1 256
180 25 13 270
180 27 50 274
180 33 19 28
180 36 5 293
180 38 40 37
180 42 17 276
180 47 43 75
180 49 31 285
180 50 27 3
180 66 47 180
180 70 10 123
180 80 7 193
181 7 49 254
181 20 55 64
181 22 43 107
181 25 5 9
181 28 19 85
181 41 47 80
181 49 1 60
181 52 37 189
181 61 33 237
181 64 7 152
181 67 45 178
181 73 25 236
181 74 13 227
181 75 40 169
181 80 59 18
182 8 49 119
182 18 56 296
182 25 7 270
182 31 44 118
182 38 4 52
182 40 28 171
182 44 21 44
182 45 1 27
182 50 10 3
182 54 23 117
182 56 13 177
182 62 16 133
182 66 31 267
182 73 37 98
182 74 33 3
183 5 13 54
183 10 1 206
183 12 50 204
183 14 41 23
183 15 43 57
183 16 57 185
183 27 7 86
183 47 37 140
183 54 55 50
183 55 33 263
183 57 22 119
183 71 31 12
183 72 3 283
183 74 25 88
183 78 16 5
184 12 13 204
184 13 49 137
184 29 4 66
184 30 31 115
184 31 25 30
184 33 44 26
184 40 1 171
184 43 29 132
184 44 35 44
184 45 55 102
184 58 19 213
184 59 58 108
184 63 23 226
184 68 7 214
184 70 39 123
185 1 1 286
185 3 13 32
185 7 19 198
185 12 8 204
185 15 55 57
185 17 27 50
185 19 35 287
185 23 58 101
185 28 31 109
185 46 41 62
185 50 25 225
185 65 50 176
185 66 23 180
185 73 43 236
185 74 37 177
186 12 13 183
186 20 19 42
186 27 27 15
186 28 43 145
186 29 11 250
186 32 49 222
186 36 53 295
186 38 37 225
186 44 5 44
186 54 32 104
186 57 40 266
186 61 1 173
186 63 7 244
186 72 55 58
186 80 47 88
187 1 39 232
187 8 22 11
187 9 17 240
187 17 7 69
187 22 37 34
187 43 1 132
187 44 3 44
187 54 28 117
187 56 19 7
187 58 9 16
187 60 49 81
187 65 25 176
187 73 13 98
187 77 31 77
187 80 5 88
188 26 19 125
188 28 37 145
188 32 44 222
188 33 25 28
188 34 52 265
188 44 59 44
188 45 14 289
188 47 55 140
188 52 34 78
188 57 22 97
188 64 1 138
188 70 31 33
188 73 7 124
188 76 49 120
189 1 55 232
189 6 22 43
189 15 35 233
189 17 1 50
189 23 4 101
189 31 25 193
189 34 13 265
189 36 45 295
189 39 38 141
189 45 10 27
189 47 15 202
189 51 19 231
189 74 31 167
189 76 7 46
189 79 47 242
190 2 23 128
190 7 44 239
190 15 29 217
190 17 11 69
190 18 50 19
190 24 4 253
190 31 25 106
190 39 55 141
190 42 58 288
190 52 37 136
190 53 19 296
190 64 13 280
190 68 1 218
190 69 7 276
190 72 32 51
191 1 43 42
191 8 52 99
191 23 16 101
191 31 55 193
191 32 19 137
191 34 49 245
191 37 37 66
191 40 25 156
191 48 31 125
191 54 34 104
191 55 7 207
191 58 28 213
191 70 13 123
191 78 2 25
192 7 13 254
192 8 19 11
192 10 17 18
192 17 1 69
192 20 49 50
192 22 53 107
192 23 34 101
192 40 31 171
192 45 40 102
192 47 7 75
192 55 43 207
192 69 25 276
192 70 4 33
192 71 23 12
192 72 56 65
193 4 13 174
193 8 7 99
193 9 10 240
193 19 55 287
193 20 19 123
193 25 43 270
193 28 2 241
193 31 49 30
193 32 45 9
193 44 27 44
193 49 31 60
193 52 40 189
193 59 58 105
193 70 37 151
193 79 25 242
194 5 45 54
194 10 7 35
194 11 13 168
194 15 47 233
194 17 9 50
194 20 37 64
194 23 19 101
194 32 25 222
194 34 4 245
194 39 49 141
194 46 1 274
194 47 32 91
194 61 55 173
194 63 11 15
194 79 15 242
195 4 45 168
195 5 52 54
195 13 14 148
195 19 23 89
195 22 43 34
195 34 25 245
195 36 28 295
195 39 34 296
195 52 58 46
195 56 55 7
195 60 3 81
195 62 31 133
195 64 7 280
195 73 37 248
195 78 19 25
196 3 13 96
196 5 35 54
196 7 19 254
196 10 11 206
196 21 43 146
196 24 58 91
196 26 55 293
196 32 37 9
196 35 28 113
196 39 7 233
196 43 17 132
196 48 25 149
196 62 2 291
196 64 49 280
196 72 31 261
197 1 1 39
197 4 31 214
197 12 19 204
197 15 23 217
197 22 35 107
197 30 7 277
197 32 49 87
197 34 17 265
197 37 55 66
197 49 37 163
197 55 13 207
197 62 43 291
197 63 5 195
197 66 11 292
197 76 27 105
198 4 37 214
198 7 1 198
198 17 5 69
198 30 31 298
198 31 19 148
198 40 7 156
198 42 27 288
198 51 55 231
198 61 13 68
198 65 43 176
198 66 35 180
198 67 17 47
198 68 10 113
198 78 51 172
198 80 23 88
199 6 55 43
199 11 25 168
199 13 43 184
199 20 31 64
199 29 28 250
199 32 7 9
199 38 4 129
199 39 19 141
199 43 35 132
199 55 49 220
199 58 1 16
199 68 22 214
199 72 37 51
199 74 13 167
200 1 25 1
200 7 38 239
200 10 29 35
200 15 23 57
200 27 57 274
200 29 17 250
200 35 46 297
200 44 55 44
200 48 1 103
200 55 13 263
200 56 4 7
200 57 43 271
200 58 10 213
200 61 19 173
200 64 31 35
Điểm tối ưu: 2985
Thời gian: 360.098132 giây
Trạng thái: VALID
