168
1 1 28 9
1 3 40 23
1 4 4 6
1 5 7 30
1 6 21 11
1 7 45 29
1 8 34 27
1 9 16 1
1 10 37 13
2 1 52 9
2 3 19 23
2 4 49 6
2 5 9 30
2 6 25 11
2 8 22 27
2 9 46 1
2 10 28 13
3 3 52 23
3 4 13 6
3 5 11 30
3 6 27 11
3 7 7 29
3 8 19 27
3 9 31 1
3 10 34 13
4 1 46 9
4 3 28 23
4 4 52 6
4 5 1 30
4 6 7 11
4 8 37 27
4 9 4 1
4 10 13 13
5 1 13 9
5 3 1 23
5 4 47 6
5 5 35 30
5 6 29 11
5 8 43 27
5 9 25 1
5 10 52 13
6 1 22 9
6 2 38 9
6 3 46 23
6 4 34 6
6 5 32 30
6 6 1 11
6 7 25 29
6 8 13 27
6 9 49 1
6 10 55 13
7 1 34 9
7 3 37 23
7 4 41 6
7 5 43 30
7 6 15 11
7 8 46 27
7 9 58 1
7 10 22 13
8 1 16 9
8 3 25 23
8 4 28 6
8 5 19 30
8 6 35 11
8 7 31 29
8 8 58 27
8 9 43 1
8 10 40 13
9 1 31 9
9 3 10 23
9 4 38 6
9 5 13 30
9 6 23 11
9 7 19 29
9 8 7 27
9 9 40 1
9 10 1 13
10 1 55 9
10 3 31 23
10 4 9 6
10 5 23 30
10 6 43 11
10 8 16 27
10 9 37 1
10 10 49 13
11 3 34 23
11 4 16 6
11 5 45 30
11 6 39 11
11 7 1 29
11 8 28 27
11 9 10 1
11 10 58 13
12 3 55 23
12 4 22 6
12 5 3 30
12 6 17 11
12 8 49 27
12 9 28 1
12 10 43 13
13 1 7 9
13 3 4 23
13 4 31 6
13 5 15 30
13 6 11 11
13 8 52 27
13 9 34 1
13 10 19 13
14 1 43 9
14 3 22 23
14 4 25 6
14 5 17 30
14 6 19 11
14 7 49 29
14 8 31 27
14 9 55 1
14 10 10 13
15 1 49 9
15 3 13 23
15 4 43 6
15 5 21 30
15 6 9 11
15 8 40 27
15 9 1 1
15 10 4 13
16 3 7 23
16 4 2 6
16 5 53 30
16 6 13 11
16 7 55 29
16 8 4 27
16 9 19 1
16 10 25 13
17 1 10 9
17 3 49 23
17 4 56 6
17 5 28 30
17 6 3 11
17 7 38 29
17 8 25 27
17 9 13 1
17 10 16 13
18 1 25 9
18 2 1 9
18 3 43 23
18 4 19 6
18 5 5 30
18 6 41 11
18 8 10 27
18 9 7 1
18 10 31 13
19 1 58 9
19 3 16 23
19 4 7 6
19 5 26 30
19 6 5 11
19 8 55 27
19 9 22 1
19 10 46 13
20 1 19 9
20 3 58 23
20 4 11 6
20 5 38 30
20 6 56 11
20 7 14 29
20 8 1 27
20 9 52 1
20 10 7 13
Điểm tối ưu: 168
Thời gian: 19.988189 giây
Trạng thái: VALID
