2986
1 2 22 199
1 4 55 198
1 13 58 163
1 21 49 272
1 23 13 197
1 30 1 50
1 31 19 66
1 37 39 179
1 40 43 120
1 42 37 35
1 54 31 180
1 55 47 284
1 56 25 289
1 68 3 250
1 75 8 31
2 3 25 268
2 4 31 271
2 5 22 27
2 10 49 117
2 17 41 68
2 21 43 224
2 33 9 121
2 41 19 122
2 52 52 78
2 55 7 65
2 57 37 24
2 68 55 8
2 69 1 112
2 75 13 111
2 80 47 283
3 3 43 268
3 7 19 72
3 11 25 217
3 19 5 182
3 29 9 253
3 35 2 285
3 42 11 35
3 48 7 133
3 54 37 59
3 58 16 84
3 59 28 51
3 63 55 137
3 65 13 63
3 68 33 273
3 75 49 162
4 22 9 215
4 26 5 55
4 39 25 191
4 46 35 130
4 49 57 239
4 50 7 11
4 52 2 52
4 62 39 67
4 66 53 190
4 71 13 249
4 72 15 170
4 75 31 31
4 76 20 125
4 77 43 152
4 78 37 284
5 3 49 27
5 4 25 271
5 10 37 46
5 13 13 82
5 23 7 197
5 31 28 66
5 33 55 165
5 39 19 36
5 53 31 34
5 54 43 250
5 59 40 51
5 64 4 128
5 74 1 153
5 78 34 125
5 80 11 283
6 1 7 67
6 4 4 271
6 5 37 100
6 13 34 82
6 18 31 179
6 22 49 215
6 31 40 54
6 47 19 57
6 59 1 258
6 62 43 67
6 67 10 296
6 70 13 266
6 72 47 170
6 73 16 87
6 79 25 167
7 4 10 198
7 5 58 100
7 9 23 73
7 10 19 279
7 12 25 240
7 16 29 38
7 17 56 16
7 21 38 224
7 31 49 54
7 35 13 81
7 38 32 91
7 61 5 47
7 64 16 282
7 66 3 190
7 80 43 247
8 4 19 198
8 6 33 171
8 19 46 186
8 20 31 237
8 29 17 253
8 35 37 119
8 36 56 234
8 38 9 80
8 43 13 124
8 46 3 130
8 51 7 298
8 52 22 78
8 53 43 275
8 65 40 204
8 69 25 87
9 3 55 268
9 8 16 93
9 16 19 38
9 22 4 223
9 24 34 292
9 46 49 130
9 48 7 144
9 55 1 65
9 60 9 60
9 61 13 18
9 64 22 128
9 66 11 190
9 69 25 39
9 79 37 115
9 80 31 283
10 1 20 228
10 2 13 297
10 14 25 241
10 18 2 156
10 20 5 28
10 24 37 131
10 25 43 291
10 27 47 230
10 40 8 120
10 41 58 212
10 43 15 44
10 53 40 34
10 60 28 202
10 68 32 278
10 80 23 283
11 7 55 237
11 20 1 28
11 28 13 20
11 31 22 54
11 35 52 119
11 37 25 138
11 50 31 79
11 52 49 78
11 66 59 190
11 69 3 206
11 72 29 170
11 75 9 111
11 76 45 125
11 77 33 152
11 79 37 73
12 2 1 49
12 10 58 117
12 13 49 163
12 14 29 69
12 25 43 184
12 27 10 242
12 37 31 138
12 52 16 52
12 54 37 102
12 60 13 202
12 62 25 67
12 66 23 190
12 67 4 296
12 73 7 87
12 78 19 284
13 3 39 253
13 4 7 218
13 12 55 240
13 13 10 82
13 15 13 195
13 19 43 186
13 20 22 28
13 27 15 49
13 32 45 82
13 33 27 165
13 44 17 113
13 65 2 204
13 72 25 170
13 75 50 154
13 80 33 283
14 2 1 137
14 6 16 158
14 9 49 73
14 13 19 163
14 20 5 211
14 27 43 242
14 30 11 110
14 34 13 94
14 36 45 234
14 52 7 52
14 53 32 275
14 58 57 42
14 60 3 202
14 62 51 248
14 75 25 111
15 3 19 268
15 10 4 53
15 16 31 38
15 20 8 264
15 24 37 126
15 35 25 81
15 36 13 260
15 41 1 263
15 48 40 133
15 52 58 52
15 57 49 99
15 60 33 202
15 63 43 137
15 66 35 190
15 72 11 170
16 7 37 211
16 9 5 135
16 10 22 279
16 29 3 253
16 33 49 165
16 34 8 177
16 47 57 57
16 49 28 239
16 55 31 65
16 59 19 51
16 61 45 47
16 65 25 204
16 69 33 232
16 78 1 284
16 79 15 167
17 1 7 88
17 2 10 199
17 3 49 268
17 14 33 241
17 15 25 66
17 17 1 68
17 30 17 154
17 35 3 119
17 36 43 244
17 40 56 166
17 45 20 147
17 46 31 264
17 47 13 134
17 61 40 47
17 65 28 204
18 8 43 175
18 9 57 73
18 10 34 279
18 11 37 282
18 17 13 68
18 18 16 229
18 28 45 17
18 31 40 14
18 48 9 133
18 49 4 273
18 57 25 188
18 58 1 84
18 60 21 202
18 66 31 229
18 78 55 284
19 1 37 88
19 23 7 4
19 27 49 242
19 29 47 165
19 34 22 177
19 46 40 130
19 50 25 79
19 52 1 78
19 53 52 34
19 55 55 65
19 58 34 217
19 65 27 63
19 69 43 39
19 72 31 170
19 73 13 280
20 4 52 271
20 5 49 100
20 8 11 93
20 10 33 117
20 14 41 132
20 20 7 28
20 27 5 188
20 36 1 290
20 40 19 120
20 43 43 118
20 45 13 270
20 53 25 275
20 55 31 284
20 62 37 213
20 64 9 282
21 3 55 27
21 4 22 271
21 11 31 93
21 15 1 195
21 18 10 156
21 19 51 35
21 28 7 20
21 37 43 135
21 39 13 214
21 45 25 147
21 46 53 130
21 58 19 101
21 60 35 202
21 62 4 213
21 76 37 161
22 1 16 88
22 2 5 199
22 8 27 175
22 10 43 117
22 15 41 99
22 16 7 38
22 20 11 211
22 25 1 184
22 40 31 255
22 41 46 212
22 55 20 65
22 57 37 188
22 64 50 128
22 68 57 109
22 78 9 139
23 2 37 199
23 3 50 253
23 16 39 38
23 17 41 16
23 18 10 229
23 23 43 299
23 27 33 242
23 28 55 20
23 34 7 136
23 38 1 91
23 40 25 120
23 58 22 101
23 65 16 63
23 71 31 122
23 74 19 97
24 1 4 67
24 6 11 158
24 7 25 211
24 8 1 93
24 13 22 163
24 17 31 68
24 19 56 186
24 40 37 166
24 45 33 277
24 50 58 79
24 54 43 13
24 60 16 220
24 69 51 39
24 72 9 170
24 73 13 87
25 11 13 282
25 22 22 196
25 24 28 292
25 28 25 26
25 30 53 110
25 31 31 66
25 33 38 160
25 35 4 81
25 37 49 22
25 44 1 113
25 51 17 134
25 64 20 128
25 67 7 30
25 70 10 157
25 72 43 170
26 1 34 228
26 4 16 198
26 8 31 175
26 13 46 163
26 18 22 156
26 19 49 35
26 32 43 236
26 33 27 74
26 36 7 234
26 43 1 300
26 46 13 130
26 49 40 239
26 52 55 52
26 58 19 84
26 60 53 202
27 6 51 171
27 9 46 73
27 11 43 183
27 15 11 100
27 18 19 229
27 19 39 186
27 20 1 211
27 24 55 105
27 31 3 14
27 42 29 98
27 47 7 57
27 49 14 200
27 63 31 21
27 78 27 284
27 80 22 247
28 16 49 38
28 20 3 28
28 22 10 223
28 24 14 146
28 29 53 165
28 36 20 234
28 43 37 300
28 46 28 130
28 48 1 144
28 49 25 273
28 50 35 79
28 54 43 102
28 65 7 63
28 73 31 280
29 4 28 271
29 5 15 196
29 9 49 135
29 18 19 260
29 20 43 151
29 25 32 48
29 26 52 55
29 27 59 242
29 40 45 166
29 51 40 298
29 54 7 231
29 62 55 213
29 68 1 8
29 70 22 266
29 72 37 170
30 10 46 117
30 13 40 163
30 15 43 99
30 19 49 186
30 24 34 131
30 31 37 66
30 35 7 119
30 38 55 91
30 45 1 270
30 53 10 34
30 54 13 13
30 63 19 164
30 66 51 229
30 67 31 30
30 68 25 8
31 29 11 151
31 31 19 54
31 33 55 74
31 35 40 119
31 36 13 234
31 37 43 92
31 42 31 35
31 43 7 124
31 44 23 113
31 46 17 130
31 50 33 79
31 58 1 101
31 64 5 282
31 68 25 250
31 78 37 287
32 5 55 100
32 7 2 72
32 9 43 84
32 15 17 195
32 16 13 38
32 20 11 264
32 25 7 184
32 28 22 17
32 32 58 236
32 42 15 35
32 43 25 300
32 53 19 297
32 56 31 45
32 63 49 21
32 66 46 229
33 12 13 240
33 19 53 128
33 22 19 196
33 23 43 157
33 29 1 151
33 33 31 74
33 38 49 91
33 43 3 118
33 47 37 57
33 56 56 289
33 58 7 84
33 62 10 248
33 67 22 30
33 75 25 222
33 80 35 198
34 9 57 84
34 12 7 148
34 16 35 38
34 26 47 55
34 32 55 236
34 40 49 166
34 42 17 35
34 43 31 43
34 46 13 172
34 51 5 89
34 52 40 78
34 56 43 227
34 66 59 124
34 72 3 170
34 80 1 247
35 1 22 88
35 6 49 171
35 7 26 72
35 10 52 279
35 24 7 126
35 29 34 165
35 31 31 54
35 41 16 212
35 43 43 43
35 51 1 298
35 52 58 78
35 60 37 220
35 62 40 213
35 67 13 30
35 77 3 203
36 1 19 88
36 2 40 199
36 7 7 9
36 9 47 84
36 21 49 126
36 28 25 252
36 31 55 228
36 33 3 259
36 35 22 285
36 38 32 13
36 39 43 185
36 57 13 188
36 64 58 282
36 70 37 266
36 71 1 5
37 9 55 73
37 11 27 93
37 18 15 156
37 29 13 253
37 40 51 120
37 46 34 264
37 47 1 15
37 55 11 65
37 59 31 258
37 63 19 19
37 66 49 190
37 69 43 193
37 73 40 280
37 77 7 152
37 80 37 247
38 3 1 268
38 8 8 175
38 15 11 99
38 20 37 237
38 21 49 40
38 24 31 292
38 32 47 236
38 45 25 270
38 48 43 133
38 51 45 298
38 54 19 223
38 57 13 99
38 63 39 104
38 73 34 280
38 75 56 222
39 4 43 271
39 15 25 32
39 19 22 182
39 25 14 48
39 27 53 188
39 31 46 228
39 35 7 285
39 48 5 144
39 54 57 59
39 56 49 45
39 58 28 101
39 59 10 51
39 73 19 280
39 76 31 69
39 79 1 167
40 1 28 88
40 20 35 237
40 25 31 294
40 28 25 127
40 30 55 110
40 37 19 233
40 39 7 214
40 49 4 111
40 54 49 59
40 59 37 51
40 64 40 128
40 65 1 286
40 68 57 250
40 69 14 112
40 75 43 53
41 1 33 88
41 4 13 28
41 8 56 175
41 11 20 183
41 30 31 110
41 32 28 236
41 44 7 113
41 53 58 34
41 58 9 101
41 59 4 51
41 60 49 202
41 63 51 68
41 65 43 63
41 74 25 153
41 78 41 284
42 1 10 88
42 6 13 158
42 9 19 135
42 29 15 165
42 37 21 290
42 38 57 80
42 41 49 122
42 43 31 124
42 46 17 264
42 50 55 79
42 53 7 34
42 54 1 59
42 63 37 68
42 73 46 280
42 76 25 161
43 6 40 171
43 13 13 163
43 19 31 186
43 20 3 264
43 24 45 246
43 25 20 48
43 27 59 165
43 29 9 151
43 32 1 82
43 37 55 233
43 61 7 47
43 62 34 213
43 66 29 190
43 70 50 266
43 76 25 125
44 5 37 27
44 10 43 279
44 14 46 132
44 15 17 66
44 18 19 179
44 19 58 186
44 30 7 110
44 36 31 260
44 37 49 292
44 44 3 113
44 49 25 239
44 52 10 78
44 62 22 67
44 63 13 21
44 71 1 244
45 17 47 16
45 19 43 128
45 24 4 131
45 25 31 184
45 28 40 17
45 32 49 236
45 46 9 130
45 49 37 239
45 53 1 34
45 56 13 289
45 58 51 42
45 66 35 124
45 70 57 266
45 78 45 284
45 79 19 73
46 2 47 199
46 6 58 171
46 10 49 279
46 12 43 81
46 19 11 182
46 24 34 285
46 31 52 14
46 37 14 135
46 44 31 113
46 46 20 172
46 47 7 245
46 51 3 298
46 66 40 229
46 69 26 193
46 71 1 251
47 6 43 171
47 12 13 10
47 13 10 220
47 17 17 16
47 20 5 264
47 23 37 299
47 27 22 230
47 28 19 127
47 43 55 118
47 46 33 130
47 58 2 42
47 62 52 213
47 66 25 124
47 71 29 122
47 72 7 170
48 10 26 117
48 16 43 38
48 19 1 186
48 20 23 264
48 32 34 236
48 44 29 237
48 49 31 239
48 59 20 42
48 61 13 47
48 67 4 30
48 68 37 71
48 70 10 266
48 71 7 251
48 72 41 114
48 74 15 153
49 2 3 137
49 11 7 183
49 22 10 196
49 31 52 66
49 33 43 165
49 37 37 292
49 38 31 114
49 39 13 191
49 42 25 98
49 44 29 113
49 49 22 111
49 51 19 298
49 57 56 99
49 66 1 190
49 78 41 287
50 2 3 246
50 9 23 135
50 12 50 10
50 13 8 163
50 24 38 285
50 27 16 242
50 30 11 50
50 35 46 119
50 40 55 120
50 67 13 296
50 68 25 109
50 71 5 5
50 77 19 152
50 79 31 167
50 80 35 283
51 10 1 46
51 13 16 163
51 20 49 28
51 32 13 236
51 36 51 234
51 37 55 292
51 46 7 130
51 50 10 11
51 51 25 172
51 52 34 78
51 62 19 248
51 66 46 190
51 71 5 244
51 73 37 280
51 78 22 139
52 2 5 137
52 10 40 279
52 12 7 140
52 13 25 163
52 19 34 186
52 22 28 196
52 23 51 4
52 37 13 292
52 43 55 43
52 49 2 239
52 52 19 29
52 55 22 65
52 65 31 63
52 72 49 170
52 77 45 251
53 2 19 199
53 5 25 100
53 26 41 55
53 39 37 185
53 45 50 277
53 49 1 111
53 51 57 298
53 52 22 52
53 53 7 275
53 58 4 101
53 68 32 250
53 73 10 87
53 74 46 153
53 78 55 139
53 79 14 73
54 1 28 228
54 3 37 172
54 10 7 53
54 14 34 132
54 17 26 16
54 18 10 179
54 24 19 105
54 31 43 228
54 34 31 177
54 39 1 191
54 54 55 180
54 59 15 42
54 69 49 83
54 78 5 139
54 80 13 283
55 1 1 228
55 6 11 171
55 8 33 175
55 18 13 229
55 28 38 20
55 33 57 160
55 34 4 94
55 39 49 238
55 40 25 166
55 54 20 59
55 56 7 227
55 63 43 104
55 70 16 266
55 72 55 88
55 80 35 247
56 3 7 209
56 6 25 171
56 9 49 84
56 10 52 117
56 17 22 16
56 21 45 126
56 27 37 165
56 31 3 54
56 32 27 241
56 38 13 210
56 42 1 35
56 49 19 111
56 62 31 213
56 66 43 190
56 72 17 170
57 20 35 211
57 23 7 3
57 25 49 95
57 26 43 55
57 30 13 281
57 33 55 107
57 35 32 119
57 37 37 135
57 42 45 35
57 45 15 123
57 51 28 298
57 53 1 275
57 60 41 202
57 62 22 213
57 65 25 286
58 4 46 141
58 6 35 171
58 9 2 135
58 10 7 46
58 11 10 32
58 19 4 186
58 20 17 211
58 24 31 131
58 27 55 188
58 37 49 92
58 43 26 118
58 49 43 139
58 53 14 275
58 56 38 289
58 79 19 167
59 5 7 233
59 7 43 237
59 12 14 140
59 15 29 99
59 16 27 38
59 18 31 156
59 21 56 224
59 28 4 26
59 34 10 94
59 35 34 81
59 36 21 244
59 43 37 124
59 59 1 51
59 76 51 243
59 80 49 247
60 3 32 221
60 7 44 72
60 9 21 135
60 11 37 183
60 17 5 68
60 19 19 182
60 27 40 230
60 36 57 260
60 42 13 35
60 62 15 213
60 64 9 128
60 69 49 87
60 70 28 266
60 77 1 201
60 80 7 283
61 4 28 198
61 7 51 56
61 25 37 294
61 31 45 54
61 40 7 77
61 41 13 212
61 44 1 237
61 50 49 79
61 51 55 298
61 54 31 7
61 60 17 202
61 64 26 128
61 69 57 206
61 72 22 170
61 80 5 283
62 2 1 199
62 12 7 240
62 13 55 82
62 15 4 195
62 16 25 38
62 24 34 246
62 30 29 110
62 32 37 82
62 44 11 113
62 49 31 200
62 51 22 298
62 52 50 52
62 53 19 275
62 66 13 190
62 79 43 167
63 4 58 198
63 7 31 9
63 17 7 16
63 27 29 49
63 29 4 165
63 31 13 14
63 35 20 119
63 41 40 122
63 46 45 113
63 49 1 139
63 58 16 101
63 63 25 21
63 66 51 190
63 73 10 280
63 78 43 284
64 9 59 73
64 20 41 237
64 22 34 215
64 23 1 4
64 28 7 17
64 30 21 110
64 32 19 236
64 38 45 258
64 40 13 120
64 41 25 212
64 48 43 144
64 49 38 139
64 55 53 65
64 66 5 124
64 67 31 296
65 5 46 27
65 12 37 10
65 14 11 241
65 20 59 237
65 23 3 299
65 27 25 49
65 35 43 119
65 40 7 166
65 47 31 245
65 56 20 289
65 60 56 202
65 61 1 18
65 65 16 204
65 66 28 229
65 73 51 280
66 5 25 27
66 6 11 117
66 12 37 140
66 13 4 220
66 17 51 16
66 26 33 55
66 30 9 110
66 46 31 130
66 48 41 144
66 49 19 239
66 52 14 78
66 68 56 53
66 71 1 118
66 73 22 280
66 78 7 139
67 11 22 93
67 13 4 163
67 14 20 132
67 22 46 178
67 28 34 17
67 29 17 151
67 33 55 25
67 46 26 130
67 51 11 134
67 60 31 202
67 63 50 116
67 65 13 204
67 68 37 8
67 70 1 266
67 79 7 167
68 1 4 228
68 5 16 100
68 6 47 171
68 9 59 84
68 19 21 186
68 24 13 105
68 27 35 242
68 33 43 74
68 42 27 35
68 44 25 237
68 57 49 207
68 58 31 101
68 75 37 31
68 78 9 125
68 80 7 247
69 3 49 172
69 10 34 46
69 16 59 38
69 17 5 16
69 28 46 252
69 33 37 245
69 54 8 102
69 60 44 220
69 63 55 21
69 65 31 286
69 67 27 296
69 68 13 278
69 69 19 112
69 76 1 161
70 4 37 271
70 18 55 229
70 22 13 223
70 24 40 246
70 25 3 294
70 28 16 17
70 29 1 253
70 33 49 259
70 38 25 13
70 47 19 15
70 50 7 79
70 59 46 42
70 66 43 229
70 70 9 15
70 78 29 139
71 1 46 88
71 3 31 172
71 10 55 117
71 22 3 224
71 28 19 26
71 32 39 236
71 38 7 91
71 44 53 113
71 47 13 245
71 48 1 133
71 55 58 65
71 57 49 188
71 68 25 278
71 78 35 287
72 3 13 221
72 19 23 186
72 21 19 40
72 31 7 66
72 33 1 160
72 34 52 177
72 40 31 120
72 43 37 43
72 52 10 52
72 57 25 207
72 63 56 215
72 64 29 282
72 73 44 160
73 4 40 271
73 13 25 230
73 22 28 215
73 25 3 95
73 31 10 54
73 41 33 212
73 50 19 79
73 54 15 180
73 56 56 227
73 59 44 51
73 60 1 202
73 63 21 137
73 72 13 170
73 73 7 6
73 74 51 97
74 2 7 199
74 14 44 241
74 22 22 215
74 26 17 105
74 28 55 17
74 29 47 151
74 37 26 22
74 38 13 91
74 43 1 44
74 54 9 180
74 60 5 202
74 67 19 30
74 68 37 278
74 69 49 232
74 77 31 6
75 2 17 137
75 3 13 268
75 4 43 198
75 7 7 211
75 33 50 160
75 48 35 144
75 52 19 78
75 55 4 284
75 57 31 188
75 58 46 217
75 68 25 53
75 70 1 157
75 76 55 69
75 79 38 167
75 80 59 283
76 4 10 271
76 11 52 183
76 19 37 186
76 22 43 196
76 26 13 55
76 30 4 110
76 31 28 54
76 34 20 94
76 41 7 122
76 45 31 270
76 52 25 52
76 55 39 284
76 67 1 30
76 68 55 278
76 80 15 283
77 7 19 9
77 8 25 175
77 10 2 279
77 19 52 186
77 23 27 4
77 26 17 55
77 27 41 165
77 41 7 263
77 45 31 123
77 53 10 275
77 56 44 45
77 69 37 112
77 75 55 31
77 77 13 152
77 80 50 283
78 3 43 209
78 4 10 218
78 6 16 171
78 8 53 175
78 11 7 154
78 20 37 264
78 38 1 210
78 39 25 36
78 50 29 11
78 66 35 229
78 68 49 53
78 76 19 69
78 77 55 152
78 79 31 178
78 80 39 283
79 2 7 297
79 5 32 205
79 7 49 237
79 14 1 69
79 19 53 35
79 23 25 299
79 26 35 55
79 29 11 253
79 42 43 35
79 43 13 43
79 53 57 275
79 61 3 18
79 65 40 286
79 70 19 266
79 75 45 31
80 3 1 27
80 7 37 72
80 12 44 10
80 24 22 131
80 29 59 253
80 35 28 81
80 37 33 233
80 38 7 114
80 49 52 139
80 54 55 223
80 55 5 44
80 64 11 128
80 71 19 118
80 77 13 206
80 80 31 247
81 4 19 28
81 12 31 240
81 14 9 132
81 20 58 211
81 27 7 242
81 30 1 110
81 32 25 236
81 33 3 74
81 39 49 191
81 41 55 212
81 50 16 11
81 51 11 298
81 58 13 101
81 69 27 83
81 72 53 88
82 6 23 171
82 8 21 175
82 12 45 240
82 13 7 220
82 17 2 16
82 19 17 186
82 20 31 151
82 27 29 188
82 40 13 166
82 42 34 35
82 47 37 134
82 53 4 34
82 59 26 42
82 71 43 122
82 73 56 280
83 7 31 72
83 9 43 73
83 12 38 148
83 16 45 38
83 26 59 68
83 29 13 151
83 30 15 154
83 31 56 54
83 47 26 265
83 55 5 65
83 63 20 143
83 68 49 273
83 72 35 170
83 73 1 280
83 77 8 203
84 4 15 271
84 15 23 32
84 21 27 224
84 23 1 197
84 28 9 26
84 29 25 253
84 30 13 110
84 32 7 236
84 35 19 285
84 44 5 113
84 50 41 79
84 58 43 42
84 62 32 67
84 75 51 31
84 77 37 152
85 10 16 279
85 18 34 179
85 21 55 126
85 23 25 157
85 34 13 177
85 37 50 179
85 39 38 36
85 45 43 147
85 46 20 130
85 50 4 79
85 63 9 137
85 67 1 296
85 72 22 246
85 74 31 97
86 1 31 228
86 9 4 84
86 10 7 279
86 19 10 186
86 23 25 197
86 27 1 242
86 31 16 14
86 33 55 245
86 34 37 94
86 38 43 91
86 41 49 212
86 44 20 237
86 48 29 133
86 64 34 128
86 67 52 296
87 3 7 268
87 13 28 163
87 16 47 38
87 20 22 151
87 24 19 146
87 27 13 242
87 48 11 144
87 49 44 239
87 50 15 79
87 55 37 65
87 58 1 217
87 64 56 128
87 65 34 63
87 66 5 190
87 67 58 30
88 4 20 141
88 16 37 38
88 25 15 291
88 44 9 113
88 45 26 123
88 46 57 130
88 50 13 79
88 51 31 298
88 54 33 59
88 55 49 284
88 65 4 63
88 69 43 206
88 70 39 157
88 71 59 122
88 72 1 170
89 2 7 137
89 8 29 175
89 13 26 82
89 21 56 104
89 25 19 184
89 27 23 49
89 36 37 244
89 42 1 98
89 48 16 133
89 52 4 78
89 54 31 102
89 70 13 157
89 73 10 6
89 76 49 161
89 78 41 139
90 10 2 117
90 14 37 132
90 23 31 299
90 24 43 292
90 29 29 253
90 30 5 281
90 39 8 191
90 45 19 270
90 47 39 265
90 50 23 79
90 56 49 289
90 58 46 101
90 69 56 39
90 75 25 31
90 77 13 235
91 5 28 100
91 17 53 16
91 25 56 48
91 26 15 55
91 31 25 14
91 33 37 74
91 39 1 214
91 44 9 237
91 50 5 11
91 55 33 65
91 61 21 18
91 62 50 2
91 69 44 87
91 71 7 249
91 72 41 88
92 8 25 93
92 10 38 117
92 17 3 155
92 28 31 17
92 29 13 165
92 36 15 290
92 38 55 258
92 41 43 212
92 51 1 134
92 54 49 102
92 61 23 47
92 67 46 30
92 69 7 112
92 72 20 246
92 78 11 125
93 4 4 198
93 5 19 100
93 10 22 117
93 15 31 195
93 20 28 151
93 21 9 224
93 26 34 68
93 29 45 151
93 31 55 14
93 35 58 119
93 41 52 122
93 44 13 237
93 51 7 172
93 62 49 213
93 72 1 114
94 1 13 228
94 3 32 209
94 4 22 198
94 6 19 171
94 12 50 140
94 20 47 237
94 21 25 259
94 28 1 20
94 30 59 110
94 31 37 54
94 37 43 233
94 41 4 122
94 61 11 18
94 66 16 190
94 73 7 280
95 2 10 246
95 4 57 271
95 9 35 73
95 10 16 46
95 13 1 220
95 15 49 66
95 22 7 55
95 26 25 55
95 37 31 290
95 54 27 180
95 61 43 47
95 62 19 213
95 69 38 83
95 74 4 97
95 75 51 111
96 4 7 198
96 6 1 171
96 11 10 183
96 17 43 16
96 21 15 272
96 27 20 49
96 35 27 285
96 48 13 144
96 49 22 200
96 53 4 275
96 69 31 39
96 70 46 15
96 72 39 170
96 75 55 154
96 79 50 178
97 3 33 253
97 5 22 205
97 7 49 72
97 10 19 117
97 17 29 68
97 20 1 264
97 24 25 131
97 29 9 165
97 32 11 236
97 39 55 185
97 41 46 122
97 43 15 118
97 50 13 11
97 60 4 60
97 72 44 88
98 1 10 228
98 2 3 199
98 14 28 132
98 15 43 66
98 27 39 242
98 41 13 122
98 43 19 43
98 47 33 134
98 48 23 144
98 56 55 45
98 61 5 18
98 62 49 67
98 67 25 30
98 72 31 88
98 73 16 280
99 7 32 22
99 15 17 99
99 19 27 186
99 25 7 48
99 30 25 110
99 42 15 98
99 45 43 123
99 48 53 144
99 51 13 298
99 52 2 193
99 57 20 99
99 63 38 21
99 77 49 152
99 78 5 125
99 80 29 283
100 4 49 198
100 5 28 27
100 7 31 56
100 11 38 217
100 13 1 163
100 15 9 195
100 23 56 4
100 25 43 48
100 32 41 236
100 42 35 98
100 44 15 113
100 53 4 297
100 59 52 51
100 60 7 202
100 77 19 251
101 6 37 171
101 12 13 148
101 17 27 68
101 22 4 215
101 23 19 299
101 24 49 105
101 28 1 26
101 32 23 236
101 45 57 123
101 48 31 133
101 50 10 79
101 55 39 65
101 58 52 84
101 62 44 213
101 70 34 266
102 1 16 228
102 2 25 199
102 4 7 271
102 32 32 236
102 39 49 185
102 40 44 77
102 43 55 124
102 46 13 264
102 49 10 239
102 54 27 102
102 56 1 227
102 58 37 84
102 70 40 266
102 72 19 114
102 73 22 6
103 2 31 199
103 4 1 141
103 8 51 175
103 20 53 237
103 26 9 105
103 27 45 242
103 28 4 20
103 35 25 119
103 44 19 113
103 46 37 130
103 50 43 79
103 55 7 284
103 64 35 282
103 66 33 229
103 70 16 157
104 11 43 217
104 15 5 32
104 23 19 197
104 25 49 48
104 28 46 20
104 33 13 74
104 41 34 122
104 47 37 15
104 53 31 12
104 56 25 45
104 74 56 153
104 75 1 219
104 76 7 243
104 80 59 247
105 9 41 73
105 15 35 99
105 22 13 215
105 24 43 105
105 27 29 242
105 35 7 81
105 36 37 290
105 42 10 98
105 43 21 118
105 47 25 245
105 55 16 65
105 60 59 202
105 61 3 47
105 66 57 190
105 69 31 112
106 5 31 100
106 9 45 84
106 11 37 32
106 24 40 126
106 28 34 20
106 29 7 151
106 30 1 281
106 39 14 36
106 42 19 98
106 43 25 43
106 45 55 147
106 51 47 298
106 55 9 65
106 58 21 217
106 70 4 266
107 14 17 132
107 18 19 156
107 25 13 184
107 26 31 55
107 31 43 14
107 34 34 94
107 41 22 212
107 55 41 65
107 58 37 101
107 61 1 47
107 62 28 67
107 66 11 124
107 68 7 278
107 73 25 160
107 74 4 153
108 5 46 100
108 10 4 46
108 31 52 54
108 45 7 147
108 54 55 102
108 57 31 99
108 58 49 217
108 60 39 202
108 62 1 248
108 63 13 116
108 64 59 128
108 65 22 204
108 74 43 153
108 77 25 6
108 80 19 247
109 6 5 52
109 7 25 56
109 13 7 82
109 14 13 132
109 16 11 38
109 19 29 182
109 38 55 40
109 40 19 166
109 43 1 43
109 50 23 11
109 61 16 47
109 65 52 204
109 68 37 273
109 76 43 243
109 80 33 247
110 5 22 100
110 9 5 73
110 15 3 32
110 16 13 156
110 22 19 215
110 31 52 228
110 34 49 177
110 37 37 233
110 43 27 124
110 45 43 277
110 47 32 15
110 54 7 13
110 64 1 128
110 68 15 8
110 69 57 112
111 10 19 46
111 14 39 132
111 15 13 66
111 17 10 16
111 18 1 229
111 24 22 292
111 25 25 294
111 35 31 285
111 37 55 92
111 46 29 264
111 51 15 298
111 54 49 223
111 57 43 207
111 62 4 2
111 65 7 286
112 4 25 28
112 10 31 279
112 13 55 163
112 15 13 32
112 17 49 16
112 32 37 236
112 34 40 177
112 36 51 244
112 38 1 13
112 40 44 218
112 41 10 212
112 62 28 213
112 64 19 282
112 74 22 97
112 80 15 247
113 4 34 271
113 6 17 281
113 10 13 117
113 13 39 82
113 14 43 132
113 30 5 265
113 33 49 245
113 35 55 285
113 37 45 179
113 39 19 214
113 42 23 98
113 51 7 89
113 54 26 223
113 57 1 207
113 58 10 84
114 10 16 53
114 11 21 282
114 33 33 259
114 34 44 94
114 41 1 122
114 43 7 43
114 56 37 45
114 60 19 202
114 65 4 286
114 68 49 278
114 69 25 112
114 73 13 250
114 76 57 243
114 80 55 247
115 2 55 199
115 13 43 163
115 30 4 50
115 33 57 121
115 34 28 177
115 38 19 91
115 43 50 124
115 53 46 297
115 57 38 37
115 62 1 213
115 63 7 116
115 64 13 128
115 68 31 53
115 76 15 243
116 5 7 27
116 8 47 175
116 11 3 183
116 15 15 195
116 20 39 237
116 21 55 272
116 25 43 294
116 28 22 26
116 29 20 151
116 35 10 119
116 39 31 191
116 50 1 79
116 60 25 220
116 74 49 153
116 80 37 283
117 3 37 209
117 8 15 175
117 11 31 217
117 14 59 132
117 22 22 55
117 28 19 17
117 35 49 119
117 51 43 298
117 52 4 143
117 58 34 84
117 68 7 273
117 71 1 249
117 76 55 125
117 77 45 6
117 80 27 283
118 5 7 100
118 11 25 183
118 17 32 16
118 22 1 215
118 28 34 127
118 31 10 14
118 42 4 98
118 45 49 147
118 52 46 78
118 55 29 65
118 56 14 227
118 66 37 229
118 67 39 30
118 72 53 170
118 74 19 153
119 2 5 70
119 12 25 10
119 21 1 126
119 26 57 55
119 27 35 49
119 36 31 244
119 38 39 91
119 45 7 123
119 48 19 144
119 49 49 200
119 53 52 275
119 54 43 231
119 55 11 284
119 61 21 47
119 63 13 19
120 4 1 271
120 5 39 196
120 18 4 179
120 21 27 272
120 22 16 223
120 25 19 294
120 26 44 68
120 34 56 177
120 51 59 298
120 53 49 34
120 59 13 51
120 60 52 220
120 63 31 19
120 66 25 190
120 77 7 206
121 7 55 9
121 12 33 140
121 16 22 38
121 22 39 215
121 24 43 146
121 27 37 242
121 28 13 127
121 30 46 110
121 31 16 287
121 34 19 134
121 39 25 214
121 47 1 245
121 52 9 193
121 61 31 47
121 77 49 203
122 2 28 199
122 6 53 171
122 8 5 175
122 9 31 135
122 13 19 220
122 19 7 186
122 23 49 157
122 28 22 127
122 39 13 238
122 40 1 120
122 54 37 223
122 61 9 18
122 64 17 128
122 66 58 229
122 68 43 273
123 6 31 171
123 7 2 9
123 10 13 279
123 15 10 66
123 24 27 126
123 25 55 294
123 32 53 208
123 39 44 191
123 54 49 13
123 55 25 65
123 57 19 207
123 59 34 258
123 67 7 296
123 75 37 111
123 78 59 125
124 1 10 67
124 2 16 246
124 4 25 141
124 6 8 171
124 7 31 211
124 12 39 240
124 20 56 264
124 39 2 185
124 41 22 80
124 53 28 34
124 61 47 18
124 65 19 63
124 71 14 244
124 77 43 235
124 79 49 167
125 2 50 199
125 4 46 198
125 9 55 84
125 21 19 224
125 35 13 119
125 39 32 238
125 41 10 263
125 42 57 98
125 46 44 130
125 51 53 298
125 52 38 52
125 59 7 258
125 67 16 296
125 71 3 244
125 77 25 152
126 1 57 88
126 2 34 199
126 4 16 28
126 5 13 27
126 6 32 281
126 16 41 38
126 18 28 179
126 24 25 105
126 25 37 48
126 33 50 74
126 35 10 285
126 42 55 35
126 69 44 112
126 77 2 152
126 80 21 283
127 15 41 66
127 19 47 128
127 23 9 299
127 34 1 94
127 37 56 135
127 38 37 258
127 51 5 172
127 53 34 34
127 54 13 102
127 55 51 284
127 60 7 60
127 68 20 273
127 69 27 206
127 75 43 222
127 80 25 247
128 3 31 268
128 6 27 171
128 8 3 93
128 15 1 32
128 17 13 16
128 25 49 184
128 26 39 55
128 27 5 242
128 28 46 26
128 31 58 14
128 51 10 172
128 60 22 60
128 61 15 18
128 65 7 204
128 71 35 5
129 21 32 272
129 22 16 215
129 34 58 94
129 35 55 119
129 37 2 233
129 40 7 19
129 47 49 15
129 51 29 172
129 56 43 289
129 57 37 99
129 60 13 220
129 64 25 282
129 66 27 190
129 70 19 157
129 73 22 87
130 6 29 281
130 7 50 211
130 16 55 38
130 17 8 68
130 24 37 246
130 31 22 14
130 35 10 81
130 54 25 59
130 56 2 45
130 57 13 37
130 65 19 204
130 67 43 30
130 74 40 97
130 76 57 161
130 77 31 203
131 2 52 199
131 5 7 270
131 14 32 132
131 22 34 224
131 26 49 68
131 37 55 290
131 41 10 122
131 47 2 158
131 49 38 200
131 53 46 34
131 57 13 207
131 58 28 84
131 62 19 67
131 70 25 266
131 73 22 160
132 15 5 66
132 22 52 215
132 24 15 126
132 27 25 242
132 31 19 14
132 34 55 94
132 38 43 40
132 43 1 124
132 44 11 237
132 51 13 89
132 54 7 59
132 55 35 284
132 59 31 51
132 63 27 104
132 75 38 222
133 2 17 199
133 9 31 84
133 11 28 217
133 12 33 148
133 14 51 132
133 17 15 16
133 18 25 156
133 29 7 253
133 34 19 177
133 39 1 36
133 46 5 130
133 57 9 207
133 62 55 67
133 67 22 296
133 77 37 203
134 4 10 141
134 11 28 183
134 20 13 211
134 26 37 55
134 28 25 20
134 33 31 160
134 41 4 212
134 53 1 297
134 54 19 102
134 56 15 45
134 62 7 213
134 63 55 116
134 75 50 222
134 76 39 243
134 77 45 203
135 2 59 199
135 12 21 148
135 15 19 32
135 36 49 290
135 39 31 214
135 41 1 212
135 42 4 35
135 46 11 130
135 47 7 158
135 53 55 34
135 54 43 223
135 58 40 101
135 61 26 47
135 76 14 125
135 78 28 287
136 10 56 279
136 13 31 163
136 14 1 241
136 17 23 71
136 25 7 294
136 27 17 49
136 29 11 165
136 38 43 114
136 40 19 77
136 44 15 237
136 49 49 139
136 55 13 65
136 68 38 250
136 71 3 251
136 74 26 97
137 4 4 141
137 5 49 205
137 10 40 46
137 18 1 179
137 21 56 259
137 25 13 294
137 27 31 242
137 30 7 265
137 34 25 94
137 36 9 290
137 37 33 135
137 45 19 123
137 51 38 298
137 65 28 286
137 74 44 97
138 16 28 267
138 17 11 68
138 24 25 292
138 30 19 110
138 31 49 14
138 35 16 119
138 36 37 234
138 46 46 130
138 53 13 34
138 56 21 227
138 63 31 137
138 66 7 190
138 68 1 278
138 70 56 15
138 71 5 251
139 2 1 246
139 3 49 285
139 8 19 175
139 10 31 46
139 11 55 183
139 14 7 132
139 26 29 55
139 33 21 74
139 44 5 237
139 45 37 277
139 57 45 99
139 59 25 51
139 60 11 60
139 73 58 6
139 77 13 251
140 3 43 172
140 8 17 175
140 10 10 53
140 24 32 146
140 27 53 242
140 30 51 110
140 42 23 35
140 48 29 144
140 49 13 239
140 60 47 202
140 63 25 137
140 64 7 128
140 67 19 296
140 73 4 6
140 78 1 125
141 5 43 100
141 7 37 9
141 15 5 99
141 16 17 38
141 23 49 299
141 28 31 127
141 32 29 241
141 36 55 244
141 43 13 300
141 44 27 237
141 52 2 71
141 59 7 51
141 65 10 286
141 77 19 203
141 78 23 287
142 1 37 228
142 11 40 93
142 21 31 37
142 26 5 105
142 30 43 110
142 32 23 208
142 36 25 244
142 37 13 233
142 38 49 258
142 50 47 79
142 58 10 217
142 70 7 157
142 76 19 243
142 77 56 203
142 79 1 73
143 9 23 84
143 11 28 32
143 14 49 132
143 17 16 68
143 18 25 229
143 28 43 20
143 30 41 110
143 34 37 177
143 35 13 285
143 39 19 185
143 50 51 79
143 52 10 71
143 69 31 206
143 70 7 266
143 73 1 87
144 4 39 198
144 5 28 233
144 6 35 158
144 23 3 3
144 24 19 292
144 27 23 242
144 28 10 252
144 29 26 151
144 31 50 287
144 32 15 236
144 34 7 94
144 52 55 78
144 57 43 188
144 69 31 87
144 71 13 118
145 22 1 223
145 27 55 242
145 28 4 127
145 30 49 110
145 32 53 236
145 41 43 80
145 45 13 147
145 47 27 15
145 60 51 202
145 66 31 190
145 69 37 39
145 71 9 249
145 74 34 153
145 76 21 161
145 80 19 283
146 19 13 186
146 21 19 259
146 27 11 230
146 29 5 151
146 36 25 290
146 38 49 210
146 39 55 36
146 40 32 166
146 45 1 277
146 47 43 57
146 59 16 51
146 63 37 137
146 71 41 118
146 72 23 114
146 76 7 69
147 7 43 211
147 8 9 93
147 11 31 32
147 15 7 195
147 21 38 40
147 26 55 55
147 31 34 14
147 42 19 35
147 43 51 43
147 48 26 133
147 51 5 298
147 59 58 51
147 65 21 286
147 73 14 160
147 74 1 97
148 21 15 224
148 26 1 55
148 29 7 165
148 35 4 33
148 39 31 36
148 42 13 98
148 46 43 113
148 48 35 133
148 59 19 258
148 62 58 213
148 63 9 21
148 66 40 190
148 70 22 157
148 79 25 73
149 1 1 67
149 7 43 22
149 11 58 183
149 17 28 16
149 20 25 264
149 23 49 197
149 37 7 22
149 39 19 238
149 41 40 212
149 50 53 79
149 56 31 289
149 66 17 124
149 73 13 6
149 74 37 97
149 80 4 247
150 5 13 100
150 9 53 73
150 11 1 282
150 12 57 148
150 16 9 38
150 21 19 272
150 22 25 215
150 26 45 55
150 30 34 110
150 55 51 65
150 57 39 174
150 61 23 18
150 64 7 282
150 66 37 190
150 72 4 114
151 2 57 199
151 4 13 198
151 12 3 10
151 16 1 38
151 20 11 28
151 39 43 36
151 42 40 35
151 45 51 270
151 46 55 130
151 53 37 34
151 56 32 227
151 59 22 258
151 61 9 47
151 66 20 190
151 78 25 284
152 11 16 183
152 14 5 132
152 19 25 186
152 26 49 55
152 34 31 94
152 37 51 233
152 48 13 133
152 52 43 52
152 53 22 275
152 57 1 99
152 58 55 217
152 61 19 47
152 69 37 206
152 73 7 160
152 75 27 154
153 4 25 198
153 20 9 28
153 23 19 4
153 28 43 26
153 31 28 14
153 46 1 130
153 49 46 200
153 51 49 298
153 54 31 223
153 65 16 286
153 71 3 5
153 74 13 97
153 76 37 125
153 77 51 6
153 79 56 178
154 24 55 211
154 25 1 48
154 27 47 242
154 32 23 82
154 33 43 245
154 43 9 300
154 44 7 237
154 45 31 33
154 50 37 79
154 52 13 52
154 53 28 275
154 58 52 217
154 67 16 30
154 68 19 109
154 74 39 153
155 2 58 297
155 11 13 93
155 26 11 105
155 27 19 242
155 30 23 110
155 32 21 236
155 35 16 285
155 41 37 122
155 44 27 113
155 50 45 79
155 63 49 137
155 66 47 124
155 74 8 97
155 75 31 222
155 79 2 178
156 2 1 221
156 9 35 39
156 14 11 132
156 21 3 40
156 26 19 50
156 28 37 17
156 30 15 110
156 31 7 54
156 32 29 82
156 37 51 138
156 44 22 237
156 45 55 270
156 63 45 19
156 77 25 251
156 79 31 73
157 2 13 199
157 3 55 172
157 6 29 171
157 7 15 72
157 8 2 175
157 27 35 188
157 34 4 177
157 38 49 80
157 47 31 158
157 57 7 99
157 60 11 202
157 63 43 21
157 65 22 63
157 76 25 69
157 79 37 178
158 1 25 228
158 18 22 179
158 19 19 186
158 26 1 105
158 28 16 252
158 33 8 74
158 38 37 114
158 41 28 212
158 45 44 270
158 46 35 172
158 49 32 139
158 58 13 84
158 59 4 258
158 69 49 193
158 75 55 111
159 1 25 88
159 5 40 100
159 18 37 260
159 22 31 215
159 31 57 66
159 37 9 135
159 39 19 191
159 48 3 133
159 49 34 200
159 50 17 79
159 52 28 52
159 54 13 59
159 68 43 8
159 72 5 170
159 76 50 125
160 11 7 32
160 19 29 186
160 21 44 272
160 30 2 154
160 43 49 118
160 46 58 113
160 59 22 51
160 65 13 286
160 67 55 30
160 71 4 249
160 72 33 170
160 75 37 53
160 78 19 287
160 79 25 178
160 80 53 247
161 7 37 56
161 14 23 132
161 17 3 68
161 21 19 126
161 22 43 178
161 31 31 14
161 32 5 236
161 39 14 185
161 55 49 65
161 56 8 289
161 59 27 258
161 74 34 97
161 75 51 219
161 77 55 251
161 78 41 125
162 3 25 209
162 17 34 16
162 18 7 229
162 23 55 299
162 29 2 165
162 31 46 14
162 37 51 135
162 40 37 218
162 48 16 144
162 58 4 217
162 60 29 220
162 71 31 249
162 72 49 88
162 79 19 178
162 80 10 247
163 4 1 198
163 7 31 121
163 17 5 71
163 18 38 156
163 21 9 40
163 34 58 134
163 39 25 238
163 48 46 133
163 49 50 239
163 57 19 188
163 65 43 286
163 71 7 5
163 72 56 170
163 76 13 161
163 80 41 283
164 13 37 163
164 14 56 132
164 20 33 237
164 28 13 17
164 29 23 165
164 31 16 54
164 43 8 118
164 46 40 113
164 52 19 52
164 53 25 34
164 57 2 37
164 68 43 278
164 69 50 112
164 71 29 244
164 74 58 97
165 2 43 199
165 10 37 279
165 17 53 155
165 21 49 224
165 26 47 68
165 28 27 17
165 29 25 165
165 37 3 292
165 43 20 124
165 47 14 15
165 53 40 275
165 56 8 45
165 64 31 282
165 65 34 286
165 80 45 283
166 1 1 88
166 2 31 297
166 17 59 16
166 24 7 292
166 25 25 48
166 27 51 242
166 28 22 252
166 41 37 212
166 48 11 133
166 51 33 298
166 63 13 137
166 66 55 190
166 72 20 170
166 78 43 125
167 2 13 49
167 3 37 221
167 5 34 100
167 12 49 81
167 14 2 132
167 17 19 16
167 23 44 4
167 38 25 91
167 42 17 98
167 52 31 78
167 58 7 217
167 71 10 5
167 72 41 170
167 74 22 153
167 79 57 167
168 10 49 46
168 12 55 81
168 22 46 215
168 24 31 246
168 28 43 127
168 29 17 165
168 31 7 14
168 33 13 259
168 35 37 81
168 36 25 234
168 41 52 212
168 51 1 89
168 54 3 180
168 56 19 45
168 64 11 282
169 2 55 221
169 11 19 93
169 15 11 195
169 18 14 179
169 23 31 197
169 25 37 184
169 34 28 94
169 37 57 138
169 44 25 113
169 49 22 239
169 51 9 298
169 55 35 65
169 61 45 18
169 69 1 39
169 74 52 153
170 3 1 209
170 4 32 198
170 5 46 205
170 8 23 175
170 11 14 217
170 15 41 32
170 18 7 179
170 24 49 131
170 33 19 165
170 38 25 40
170 52 55 71
170 61 17 18
170 69 37 87
170 73 43 280
170 78 10 287
171 1 16 67
171 5 52 100
171 13 40 220
171 24 10 292
171 25 25 184
171 32 2 236
171 40 31 218
171 42 21 35
171 52 13 71
171 53 49 275
171 55 57 284
171 61 19 18
171 62 46 67
171 70 43 15
171 71 7 244
172 12 55 10
172 17 37 16
172 25 49 294
172 33 21 121
172 39 39 238
172 42 29 35
172 43 43 124
172 44 17 237
172 47 1 57
172 49 7 239
172 71 19 244
172 73 10 160
172 74 31 153
172 76 25 243
172 77 13 203
173 4 19 271
173 8 35 175
173 10 8 117
173 14 23 69
173 25 31 291
173 30 37 110
173 37 43 290
173 46 59 130
173 47 13 57
173 50 1 11
173 57 25 99
173 59 55 51
173 61 11 47
173 70 4 157
173 80 17 247
174 1 7 228
174 4 13 218
174 11 31 183
174 28 49 17
174 37 43 138
174 40 37 77
174 41 16 122
174 42 47 35
174 50 29 79
174 54 1 102
174 56 25 227
174 70 34 157
174 71 10 244
174 72 58 170
174 75 19 31
175 4 28 28
175 23 15 299
175 24 52 131
175 31 37 14
175 35 20 81
175 41 55 122
175 57 1 188
175 58 25 84
175 60 13 60
175 64 31 128
175 66 49 229
175 67 10 30
175 74 7 153
175 75 43 154
175 76 33 161
176 3 57 209
176 4 49 271
176 8 55 93
176 11 34 183
176 16 5 200
176 19 41 186
176 26 10 55
176 38 1 80
176 40 37 120
176 41 25 122
176 46 23 130
176 50 21 79
176 69 14 39
176 70 44 266
176 72 7 246
177 2 53 297
177 5 43 205
177 8 10 175
177 10 26 279
177 24 46 292
177 26 13 50
177 27 17 188
177 28 2 17
177 38 38 210
177 42 8 98
177 46 15 130
177 57 32 207
177 63 55 68
177 68 20 53
177 69 49 206
178 9 40 84
178 12 49 148
178 15 53 99
178 17 1 155
178 19 37 128
178 32 45 236
178 39 7 36
178 42 31 98
178 44 3 237
178 45 13 277
178 53 19 34
178 57 55 56
178 67 28 30
178 73 25 280
178 75 33 111
179 3 14 209
179 14 37 69
179 20 32 28
179 27 19 230
179 30 39 110
179 32 51 236
179 41 22 122
179 45 27 277
179 48 5 133
179 49 34 239
179 52 7 78
179 55 46 65
179 59 10 258
179 60 25 202
179 65 1 63
180 9 29 135
180 17 25 68
180 21 39 272
180 23 13 4
180 32 19 82
180 34 50 94
180 45 1 147
180 46 37 113
180 51 35 298
180 52 46 52
180 55 17 284
180 61 7 18
180 62 10 213
180 68 56 273
180 76 31 243
181 1 4 88
181 3 19 209
181 6 55 171
181 7 7 72
181 13 52 163
181 14 25 132
181 21 31 40
181 35 45 285
181 48 23 133
181 54 27 231
181 55 11 44
181 57 57 188
181 58 49 101
181 59 14 258
181 76 39 69
182 12 44 148
182 25 56 184
182 29 3 151
182 44 13 113
182 46 49 113
182 47 31 57
182 50 27 79
182 51 25 298
182 57 7 188
182 65 37 63
182 66 53 229
182 68 19 278
182 72 51 88
182 75 15 31
183 8 37 175
183 9 29 73
183 10 1 53
183 12 31 10
183 13 4 82
183 21 43 259
183 23 39 4
183 25 7 95
183 35 16 81
183 47 49 57
183 48 19 133
183 50 21 11
183 58 25 101
183 60 23 202
183 70 57 157
184 3 49 221
184 7 19 211
184 8 45 175
184 24 10 126
184 34 25 177
184 35 31 81
184 38 15 80
184 40 2 166
184 45 37 147
184 46 34 113
184 57 55 207
184 60 47 220
184 66 7 141
184 78 13 139
184 80 28 247
185 5 7 196
185 19 15 186
185 34 44 177
185 40 50 218
185 50 39 79
185 51 17 298
185 52 28 71
185 54 55 13
185 56 1 289
185 61 33 47
185 62 25 213
185 65 10 63
185 69 20 206
185 71 13 5
185 78 5 287
186 3 37 268
186 4 46 271
186 5 25 196
186 8 7 93
186 10 16 117
186 12 1 240
186 16 53 38
186 23 31 4
186 28 50 26
186 29 5 253
186 33 9 259
186 54 19 180
186 55 43 65
186 58 55 101
186 62 58 67
187 2 1 70
187 8 59 175
187 9 7 135
187 11 40 183
187 17 20 68
187 27 56 49
187 29 22 253
187 46 15 172
187 48 3 144
187 51 51 298
187 53 43 34
187 59 32 42
187 69 9 39
187 78 29 125
187 80 47 247
188 8 40 175
188 12 49 29
188 13 34 163
188 15 23 66
188 16 5 38
188 25 7 291
188 28 13 26
188 34 1 177
188 40 56 218
188 47 27 57
188 49 43 200
188 51 11 89
188 60 37 202
188 63 19 21
188 70 31 157
189 6 5 171
189 8 13 175
189 10 10 279
189 15 1 66
189 17 23 68
189 18 25 179
189 27 3 242
189 28 58 17
189 39 31 185
189 41 7 212
189 44 21 113
189 49 15 273
189 71 51 251
189 74 28 153
189 78 53 284
190 2 15 199
190 12 49 240
190 14 53 132
190 21 31 126
190 22 19 55
190 26 59 55
190 30 27 110
190 32 17 236
190 39 38 191
190 52 1 143
190 62 22 248
190 71 11 251
190 73 4 280
190 75 43 111
190 80 9 283
191 13 31 82
191 31 34 54
191 35 1 81
191 39 7 185
191 42 25 35
191 43 55 300
191 54 43 180
191 56 37 227
191 66 22 229
191 68 49 250
191 72 5 246
191 73 28 280
191 78 11 139
191 79 13 178
191 80 17 283
192 1 13 67
192 3 49 209
192 14 5 69
192 16 53 156
192 23 55 197
192 30 17 110
192 33 19 245
192 37 25 135
192 38 32 210
192 54 44 59
192 55 29 284
192 57 37 207
192 63 1 21
192 79 7 178
193 2 5 49
193 34 16 94
193 39 25 185
193 42 8 35
193 43 31 118
193 46 53 264
193 47 1 265
193 52 37 78
193 53 22 34
193 54 49 180
193 58 40 42
193 73 19 6
193 74 10 267
193 75 55 108
193 76 44 161
194 6 45 171
194 9 47 135
194 11 37 93
194 12 7 10
194 19 59 35
194 27 11 188
194 30 57 110
194 34 40 94
194 36 2 234
194 39 50 36
194 43 25 44
194 63 13 143
194 69 19 83
194 77 31 251
194 78 17 139
195 7 55 72
195 8 5 93
195 9 11 73
195 12 27 148
195 18 7 156
195 35 13 62
195 40 33 77
195 45 37 270
195 54 20 13
195 60 25 60
195 63 49 164
195 68 43 109
195 71 16 244
195 75 1 31
195 80 41 247
196 10 13 53
196 11 46 183
196 12 19 240
196 27 41 242
196 28 7 127
196 40 25 218
196 43 37 118
196 48 49 133
196 57 1 174
196 59 34 51
196 60 43 202
196 64 29 128
196 70 31 266
196 78 23 284
197 1 40 228
197 23 44 197
197 27 11 49
197 36 31 234
197 39 55 191
197 40 20 218
197 43 27 78
197 51 1 172
197 53 37 275
197 56 49 227
197 60 35 220
197 63 13 104
197 76 3 243
197 79 7 73
197 80 25 283
198 14 11 69
198 15 1 100
198 18 4 229
198 19 45 128
198 24 13 246
198 30 35 281
198 36 7 260
198 37 55 179
198 50 19 11
198 62 52 67
198 66 41 124
198 69 21 39
198 74 16 97
198 75 31 154
198 77 26 203
199 1 13 88
199 5 3 100
199 8 35 93
199 9 41 135
199 22 43 215
199 27 57 242
199 30 16 50
199 33 37 259
199 39 7 238
199 48 25 144
199 49 28 273
199 52 32 52
199 53 46 275
199 59 49 51
199 60 22 220
200 6 14 171
200 8 49 175
200 12 19 10
200 19 25 182
200 24 40 131
200 27 27 242
200 39 2 238
200 45 31 147
200 53 16 297
200 58 8 42
200 65 37 204
200 67 51 30
200 69 55 87
200 71 23 5
200 80 43 283
Điểm tối ưu: 2986
Thời gian: 359.841115 giây
Trạng thái: VALID
