4497
1 3 1 232
1 6 19 76
1 12 39 91
1 23 25 200
1 26 9 272
1 30 31 405
1 41 33 58
1 55 13 181
1 69 17 45
1 72 7 278
1 80 3 61
1 86 15 326
1 108 23 75
1 109 37 257
1 113 27 77
2 4 13 335
2 17 4 120
2 35 19 177
2 39 17 337
2 70 37 106
2 74 55 31
2 81 25 445
2 86 23 326
2 90 31 18
2 96 40 29
2 101 28 127
2 103 10 383
2 111 7 41
2 113 34 77
2 120 1 157
3 5 4 85
3 13 43 292
3 15 11 353
3 28 7 216
3 33 29 14
3 35 25 177
3 37 13 270
3 38 19 71
3 39 23 337
3 54 9 194
3 75 31 433
3 85 37 38
3 111 1 41
3 114 35 250
3 119 16 192
4 16 25 144
4 40 19 158
4 42 29 130
4 44 13 124
4 48 16 83
4 55 21 181
4 68 7 315
4 71 4 42
4 78 1 50
4 79 31 130
4 87 37 227
4 96 35 29
4 97 10 135
4 110 43 121
4 118 23 183
5 11 34 345
5 24 5 317
5 30 29 405
5 33 25 14
5 46 43 115
5 48 19 83
5 58 22 25
5 62 31 34
5 66 37 65
5 71 7 42
5 87 15 227
5 91 27 176
5 106 13 320
5 116 1 104
5 117 9 204
6 5 7 85
6 33 31 14
6 40 11 158
6 43 22 263
6 45 29 177
6 49 15 296
6 75 25 433
6 92 37 348
6 95 4 167
6 97 13 135
6 100 33 413
6 101 19 127
6 105 9 108
6 107 49 322
6 117 1 204
7 3 3 232
7 8 13 156
7 10 49 228
7 25 19 371
7 32 7 19
7 47 43 169
7 49 25 296
7 55 17 181
7 60 28 283
7 61 37 359
7 66 55 65
7 68 10 315
7 86 1 326
7 92 40 348
7 107 31 100
8 6 31 76
8 9 7 12
8 10 43 228
8 17 1 120
8 26 22 272
8 37 16 270
8 44 19 124
8 45 41 177
8 60 25 283
8 68 4 315
8 75 37 433
8 80 13 61
8 81 28 445
8 82 11 380
8 93 35 264
9 9 1 12
9 16 19 144
9 24 7 317
9 27 49 327
9 38 25 71
9 40 16 158
9 41 51 58
9 48 9 83
9 54 5 194
9 68 13 315
9 79 37 130
9 90 46 18
9 96 23 29
9 102 31 17
9 119 43 192
10 3 5 232
10 19 13 211
10 20 37 180
10 34 3 119
10 39 10 337
10 46 39 115
10 61 31 359
10 67 34 316
10 69 23 45
10 77 1 409
10 79 19 130
10 80 7 61
10 86 17 326
10 87 25 227
10 99 29 55
11 11 40 345
11 18 21 365
11 23 11 297
11 30 34 405
11 31 16 93
11 36 1 247
11 70 55 36
11 82 25 380
11 94 7 69
11 97 19 135
11 100 37 413
11 112 27 8
11 117 13 204
11 119 31 192
11 120 4 157
12 3 7 232
12 30 23 405
12 43 37 263
12 51 9 240
12 62 29 34
12 79 25 130
12 81 16 445
12 83 13 200
12 92 43 348
12 97 1 135
12 109 35 257
12 110 31 121
12 112 19 8
12 117 4 204
12 118 21 183
13 2 23 390
13 6 25 76
13 17 10 120
13 51 13 240
13 65 1 285
13 70 58 36
13 74 34 63
13 82 21 380
13 92 31 348
13 98 5 156
13 104 29 389
13 105 16 108
13 106 19 320
13 114 37 250
13 120 7 157
14 23 13 297
14 28 1 216
14 36 3 247
14 44 16 124
14 53 11 32
14 56 27 140
14 61 34 359
14 70 31 84
14 73 23 23
14 74 37 63
14 76 25 118
14 86 21 326
14 88 19 196
14 103 5 383
14 116 7 104
15 1 31 21
15 7 5 33
15 9 13 12
15 13 49 292
15 18 25 365
15 24 9 317
15 28 3 216
15 37 19 270
15 45 23 177
15 46 55 115
15 47 39 169
15 63 1 429
15 98 11 156
15 109 28 257
15 112 7 8
16 5 13 85
16 9 19 12
16 20 31 180
16 30 37 405
16 42 23 130
16 48 3 83
16 71 1 42
16 75 43 433
16 84 7 114
16 93 29 264
16 101 15 127
16 109 33 257
16 114 39 250
16 115 25 103
16 120 10 157
17 16 31 144
17 24 11 317
17 25 13 371
17 43 49 263
17 48 22 83
17 50 5 285
17 57 1 35
17 66 55 223
17 87 43 227
17 97 7 135
17 98 17 156
17 102 25 17
17 106 9 320
17 110 37 121
17 119 19 192
18 3 9 232
18 7 7 33
18 10 31 228
18 32 13 19
18 34 1 119
18 42 35 130
18 44 22 124
18 49 19 296
18 55 25 181
18 63 3 429
18 68 16 315
18 79 43 130
18 84 5 114
18 85 27 38
18 107 37 100
19 4 25 335
19 13 55 292
19 16 37 144
19 28 16 216
19 36 5 247
19 41 43 58
19 44 7 124
19 49 22 296
19 55 19 181
19 62 33 34
19 77 3 409
19 80 10 61
19 96 29 29
19 103 1 383
19 120 13 157
20 3 11 232
20 8 19 156
20 9 25 12
20 23 15 297
20 25 31 371
20 35 37 177
20 58 43 25
20 64 55 382
20 65 7 285
20 79 49 130
20 103 3 383
20 105 1 108
20 106 5 320
20 108 17 75
20 118 13 183
21 40 13 158
21 53 1 32
21 61 40 359
21 64 25 382
21 66 43 65
21 78 4 50
21 79 55 130
21 88 11 196
21 89 7 7
21 93 23 264
21 97 21 135
21 104 31 389
21 108 29 75
21 118 19 183
21 120 16 157
22 4 19 335
22 14 37 140
22 17 7 120
22 23 17 297
22 24 1 317
22 38 13 71
22 39 31 337
22 44 10 124
22 46 55 286
22 79 27 195
22 89 3 7
22 92 49 348
22 93 33 264
22 107 43 100
22 118 25 183
23 5 10 85
23 20 22 180
23 35 31 177
23 42 41 130
23 47 49 169
23 53 5 32
23 73 25 23
23 78 7 50
23 83 16 200
23 85 43 38
23 90 19 18
23 93 27 264
23 94 1 69
23 96 37 29
23 112 13 8
24 4 31 335
24 10 28 228
24 31 1 93
24 37 4 270
24 40 21 158
24 49 7 296
24 50 11 285
24 56 43 140
24 61 25 359
24 74 40 63
24 76 19 118
24 80 16 61
24 81 13 445
24 99 23 55
24 113 37 77
25 4 37 335
25 5 1 85
25 16 13 144
25 22 25 141
25 36 7 247
25 64 31 382
25 73 17 23
25 77 5 409
25 78 10 50
25 87 19 227
25 91 23 176
25 92 28 348
25 93 41 264
25 97 3 135
25 99 35 55
26 12 23 91
26 25 25 371
26 27 37 327
26 28 11 216
26 32 1 19
26 33 33 14
26 45 35 177
26 46 49 115
26 54 7 194
26 57 4 35
26 71 9 42
26 78 13 50
26 84 16 114
26 86 19 326
26 99 21 55
27 8 7 156
27 13 37 292
27 15 4 353
27 20 29 180
27 29 43 213
27 42 47 130
27 71 11 42
27 73 13 23
27 78 16 50
27 81 19 445
27 87 31 227
27 91 25 176
27 95 1 167
27 96 27 29
27 98 23 156
28 12 37 91
28 22 9 141
28 45 47 177
28 48 25 83
28 51 1 240
28 61 22 359
28 70 28 84
28 71 13 42
28 78 19 50
28 93 31 264
28 99 33 55
28 105 4 108
28 106 7 320
28 107 15 100
28 108 35 75
29 1 37 21
29 5 17 85
29 8 1 156
29 13 43 360
29 21 25 56
29 29 49 213
29 58 19 25
29 73 5 23
29 76 7 118
29 78 22 50
29 84 9 114
29 91 29 176
29 92 34 348
29 106 11 320
29 116 13 104
30 24 13 317
30 27 43 327
30 44 25 124
30 47 55 169
30 51 4 240
30 55 15 181
30 57 7 35
30 62 35 34
30 68 1 315
30 74 31 63
30 82 17 380
30 84 11 114
30 113 22 77
30 114 28 250
30 120 19 157
31 4 7 335
31 5 15 85
31 6 49 76
31 14 31 140
31 27 47 327
31 31 4 93
31 35 43 177
31 43 25 263
31 47 55 51
31 51 19 240
31 67 22 316
31 93 13 264
31 102 37 17
31 106 1 320
31 118 11 183
32 14 49 140
32 29 31 213
32 33 35 14
32 34 5 119
32 38 1 71
32 52 23 38
32 61 43 359
32 62 37 34
32 68 19 315
32 76 17 118
32 79 13 130
32 93 25 264
32 95 7 167
32 105 11 108
32 110 27 121
33 13 25 292
33 14 55 140
33 16 43 144
33 22 19 141
33 25 1 371
33 30 17 405
33 46 37 286
33 57 10 35
33 68 22 315
33 87 49 227
33 93 5 264
33 94 13 69
33 101 7 127
33 113 31 77
34 7 1 33
34 12 41 91
34 17 25 120
34 20 17 180
34 28 5 216
34 34 7 119
34 48 37 83
34 57 28 35
34 68 31 315
34 71 15 42
34 79 9 130
34 82 3 380
34 86 13 326
34 98 35 156
34 116 19 104
35 8 31 156
35 13 49 360
35 29 55 213
35 43 7 263
35 45 53 177
35 64 37 382
35 71 17 42
35 80 19 61
35 84 1 114
35 95 10 167
35 111 4 41
35 114 41 250
35 115 13 103
35 116 25 104
35 120 22 157
36 3 17 232
36 8 37 156
36 14 55 276
36 17 28 120
36 21 43 56
36 27 51 327
36 32 4 19
36 33 41 14
36 65 13 285
36 72 1 278
36 80 31 61
36 84 23 114
36 94 19 69
36 115 7 103
36 120 25 157
37 10 37 228
37 27 45 327
37 37 1 270
37 39 21 337
37 47 27 51
37 57 13 35
37 67 16 316
37 69 25 45
37 82 5 380
37 84 19 114
37 85 31 38
37 90 9 18
37 92 55 348
37 105 7 108
37 110 49 121
38 6 37 76
38 8 43 156
38 20 5 180
38 22 13 141
38 57 16 35
38 60 7 283
38 61 28 359
38 62 41 34
38 67 31 316
38 68 25 315
38 70 21 84
38 72 3 278
38 93 19 264
38 101 10 127
38 118 1 183
39 1 25 21
39 2 11 390
39 11 49 345
39 20 39 180
39 21 31 56
39 22 16 141
39 28 9 216
39 43 19 263
39 49 1 296
39 58 13 25
39 64 43 382
39 80 22 61
39 82 7 380
39 91 35 176
39 118 4 183
40 9 31 12
40 17 13 120
40 28 19 216
40 37 7 270
40 44 28 124
40 47 55 226
40 48 40 83
40 53 3 32
40 58 16 25
40 60 10 283
40 61 49 359
40 81 22 445
40 92 52 348
40 100 25 413
40 102 43 17
41 14 33 276
41 23 7 297
41 27 53 327
41 36 9 247
41 41 25 58
41 52 17 38
41 54 11 194
41 62 13 34
41 63 5 429
41 68 28 315
41 73 31 23
41 83 1 200
41 102 19 17
41 114 23 250
41 118 15 183
42 3 13 232
42 20 35 180
42 23 1 297
42 25 9 371
42 30 39 405
42 45 59 177
42 60 3 283
42 65 21 285
42 71 19 42
42 73 33 23
42 78 25 50
42 95 15 167
42 103 7 383
42 105 28 108
42 107 49 100
43 29 43 215
43 38 37 71
43 39 1 337
43 51 16 240
43 55 23 181
43 76 5 118
43 78 28 50
43 89 19 7
43 91 7 176
43 94 31 69
43 98 41 156
43 101 25 127
43 106 3 320
43 108 13 75
43 111 10 41
44 1 13 21
44 9 37 12
44 22 22 141
44 26 1 272
44 41 46 58
44 46 49 286
44 49 10 296
44 52 35 38
44 53 7 32
44 58 31 25
44 83 4 200
44 91 19 176
44 94 25 69
44 100 43 413
44 118 17 183
45 1 57 21
45 6 43 76
45 7 17 33
45 18 1 365
45 20 19 180
45 27 55 327
45 30 41 405
45 36 11 247
45 70 4 84
45 71 21 42
45 75 49 433
45 76 23 118
45 80 25 61
45 83 7 200
45 89 13 7
46 3 15 232
46 23 3 297
46 32 10 19
46 46 33 115
46 52 5 38
46 60 19 283
46 69 1 45
46 96 7 29
46 100 22 413
46 102 49 17
46 103 13 383
46 106 17 320
46 107 25 100
46 108 31 75
46 110 55 121
47 10 46 228
47 11 25 345
47 20 11 180
47 22 1 141
47 35 49 177
47 42 7 130
47 49 4 296
47 67 19 316
47 68 34 315
47 70 16 84
47 72 9 278
47 101 22 127
47 111 13 41
47 115 37 103
47 120 28 157
48 28 13 216
48 29 49 215
48 35 1 177
48 37 10 270
48 58 25 25
48 60 15 283
48 63 7 429
48 68 37 315
48 85 19 38
48 91 40 176
48 92 46 348
48 93 43 264
48 98 29 156
48 112 5 8
48 120 31 157
49 5 19 85
49 23 5 297
49 51 22 240
49 58 40 25
49 64 49 382
49 65 25 285
49 75 55 433
49 82 1 380
49 87 7 227
49 89 31 7
49 93 3 264
49 106 15 320
49 108 11 75
49 113 43 77
49 119 37 192
50 4 1 335
50 5 21 85
50 9 43 12
50 14 37 276
50 23 9 297
50 29 55 215
50 48 13 83
50 62 11 34
50 65 31 285
50 72 5 278
50 74 52 63
50 75 25 117
50 86 7 326
50 100 49 413
50 111 16 41
51 9 49 12
51 16 3 144
51 30 25 405
51 42 17 130
51 45 11 177
51 47 43 51
51 81 7 445
51 85 13 38
51 88 1 196
51 94 37 69
51 95 19 167
51 101 31 127
51 106 22 320
51 114 47 250
51 120 34 157
52 1 7 21
52 3 19 232
52 9 55 12
52 21 37 56
52 22 28 141
52 36 13 247
52 37 25 270
52 42 5 130
52 45 11 71
52 50 17 285
52 84 3 114
52 94 43 69
52 95 22 167
52 104 1 389
52 116 31 104
53 7 3 33
53 33 52 14
53 64 7 382
53 66 31 223
53 67 49 316
53 84 13 114
53 89 25 7
53 91 1 176
53 92 58 348
53 97 5 135
53 98 47 156
53 107 19 100
53 116 37 104
53 117 16 204
53 120 43 157
54 2 1 390
54 5 23 85
54 7 11 33
54 18 4 365
54 21 49 56
54 41 28 58
54 42 53 130
54 46 31 286
54 53 9 32
54 64 13 382
54 87 55 227
54 89 37 7
54 95 25 167
54 110 19 121
54 118 7 183
55 7 9 33
55 11 28 345
55 15 1 353
55 24 3 317
55 42 59 130
55 52 11 38
55 67 25 316
55 73 7 23
55 82 13 380
55 90 22 18
55 91 5 176
55 94 49 69
55 97 15 135
55 108 19 75
55 114 17 250
56 1 43 21
56 12 17 91
56 23 19 297
56 24 15 317
56 33 37 14
56 37 22 270
56 46 39 134
56 54 1 194
56 58 7 25
56 70 10 84
56 87 3 227
56 95 28 167
56 105 13 108
56 109 25 257
56 115 31 103
57 6 55 76
57 14 43 276
57 18 13 365
57 31 7 93
57 34 10 119
57 51 25 240
57 58 1 25
57 59 22 275
57 69 4 45
57 84 28 114
57 85 49 38
57 99 31 55
57 109 39 257
57 113 16 77
57 117 19 204
58 12 25 91
58 17 19 120
58 18 7 365
58 25 37 371
58 29 13 338
58 36 5 223
58 49 28 296
58 55 34 181
58 56 49 404
58 67 55 316
58 87 1 386
58 95 31 167
58 100 58 413
58 116 43 104
58 119 10 192
59 12 35 91
59 33 43 14
59 36 17 247
59 37 28 270
59 47 31 51
59 61 13 359
59 62 22 34
59 67 37 316
59 85 1 38
59 92 25 348
59 96 11 29
59 104 5 389
59 107 7 100
59 109 41 257
59 111 19 41
60 6 43 398
60 9 1 367
60 21 55 56
60 27 59 327
60 28 21 216
60 52 25 38
60 60 31 283
60 62 17 34
60 63 9 429
60 72 11 278
60 76 27 118
60 87 13 386
60 93 7 264
60 96 5 29
60 101 34 127
61 1 31 129
61 4 49 335
61 8 25 156
61 20 9 180
61 24 17 317
61 25 43 371
61 27 57 327
61 31 13 93
61 46 37 218
61 50 29 285
61 57 19 35
61 63 11 429
61 77 7 409
61 105 22 108
61 119 1 192
62 3 21 232
62 4 43 335
62 8 49 156
62 33 27 14
62 45 5 177
62 49 31 296
62 67 1 316
62 83 10 200
62 85 55 38
62 92 37 421
62 95 34 167
62 99 7 55
62 106 25 320
62 108 15 75
62 109 13 257
63 12 29 91
63 31 19 93
63 33 47 14
63 38 43 71
63 49 34 296
63 68 40 315
63 69 7 45
63 74 49 63
63 77 9 409
63 85 13 173
63 86 3 326
63 87 25 386
63 92 31 421
63 100 52 413
63 117 22 204
64 1 1 21
64 17 16 120
64 20 43 180
64 25 49 371
64 27 31 73
64 31 25 93
64 38 7 71
64 51 28 240
64 56 33 404
64 67 40 316
64 69 13 45
64 71 23 42
64 77 11 409
64 87 19 386
64 113 46 77
65 8 55 156
65 26 4 272
65 39 13 337
65 40 1 158
65 42 11 39
65 52 41 38
65 56 27 404
65 62 43 34
65 74 22 63
65 76 15 118
65 83 19 200
65 84 25 114
65 101 37 127
65 102 7 17
65 108 33 75
66 17 22 120
66 32 19 19
66 39 3 337
66 51 31 240
66 59 34 275
66 67 28 316
66 71 25 42
66 72 13 278
66 73 1 23
66 97 17 135
66 99 5 55
66 103 15 383
66 114 7 250
66 116 49 104
66 118 9 183
67 6 49 398
67 7 15 33
67 39 5 337
67 45 17 71
67 48 31 83
67 51 34 240
67 59 37 275
67 64 19 382
67 77 13 409
67 86 9 326
67 93 11 264
67 98 53 156
67 101 1 127
67 106 28 320
67 117 25 204
68 11 43 345
68 29 49 139
68 31 10 93
68 32 16 19
68 35 55 177
68 36 19 247
68 38 31 71
68 55 29 181
68 57 22 35
68 71 27 42
68 76 1 118
68 96 13 29
68 101 4 127
68 110 37 151
68 113 7 77
69 5 25 85
69 13 55 360
69 18 10 365
69 20 7 180
69 37 31 270
69 47 27 226
69 53 15 32
69 60 22 283
69 61 3 359
69 63 13 429
69 68 43 315
69 69 19 45
69 87 37 386
69 93 1 264
69 113 49 77
70 16 7 144
70 20 13 180
70 22 43 141
70 26 19 272
70 41 25 86
70 48 28 83
70 67 22 214
70 76 11 118
70 77 15 409
70 79 1 130
70 87 31 386
70 94 55 69
70 101 46 127
70 102 37 123
70 110 49 151
71 23 21 297
71 26 13 272
71 35 7 177
71 40 23 195
71 41 49 86
71 43 16 263
71 50 19 285
71 59 43 275
71 64 25 46
71 65 37 285
71 66 1 80
71 68 46 315
71 73 11 23
71 75 31 117
71 110 55 151
72 5 27 85
72 19 1 211
72 20 25 180
72 24 19 317
72 51 37 240
72 55 40 181
72 60 34 283
72 75 13 433
72 83 31 200
72 84 43 114
72 108 5 75
72 111 22 41
72 115 45 103
72 116 55 104
72 119 7 192
73 4 55 335
73 5 29 85
73 16 1 306
73 20 27 180
73 27 17 73
73 32 22 19
73 43 31 263
73 58 34 25
73 61 19 359
73 63 15 429
73 67 43 316
73 68 49 315
73 76 13 118
73 95 37 167
73 115 7 340
74 3 23 232
74 6 7 76
74 20 1 180
74 22 37 141
74 26 27 272
74 28 25 216
74 33 49 14
74 34 13 119
74 36 21 247
74 37 34 270
74 44 31 124
74 54 3 194
74 62 5 34
74 77 17 409
74 110 43 151
75 42 1 39
75 45 23 71
75 49 40 296
75 63 17 429
75 69 9 45
75 74 28 63
75 84 21 114
75 86 5 326
75 98 59 156
75 99 3 55
75 101 43 127
75 109 11 257
75 111 25 41
75 113 13 77
75 120 37 157
76 3 25 232
76 15 7 353
76 19 9 211
76 25 55 371
76 34 15 119
76 38 49 71
76 44 40 124
76 48 43 83
76 57 34 35
76 75 19 433
76 78 31 50
76 80 37 61
76 111 28 41
76 114 5 250
76 116 1 13
77 12 31 91
77 13 13 360
77 40 5 158
77 42 7 39
77 44 1 124
77 47 37 51
77 50 35 285
77 63 19 429
77 64 21 46
77 66 49 65
77 73 58 26
77 80 28 61
77 87 43 386
77 100 55 413
77 112 9 8
78 1 49 21
78 4 1 62
78 6 55 398
78 7 19 33
78 27 9 73
78 35 15 177
78 39 7 337
78 47 33 226
78 54 13 194
78 66 25 223
78 86 11 326
78 95 43 167
78 106 31 320
78 115 21 103
78 120 40 157
79 37 37 270
79 41 49 258
79 42 5 39
79 43 40 263
79 55 27 181
79 59 16 275
79 75 7 433
79 76 21 118
79 80 34 61
79 85 43 173
79 94 1 431
79 107 55 100
79 111 31 41
79 113 52 77
79 119 13 192
80 2 7 390
80 18 16 365
80 20 41 180
80 24 31 317
80 32 25 19
80 41 1 58
80 44 4 124
80 47 49 51
80 65 43 285
80 79 9 195
80 83 22 200
80 86 33 326
80 92 13 348
80 110 37 27
80 117 28 204
81 6 31 99
81 7 13 33
81 15 9 353
81 21 1 163
81 24 25 317
81 31 22 93
81 41 55 58
81 45 5 71
81 47 43 226
81 49 37 296
81 59 19 275
81 60 40 283
81 69 11 45
81 79 15 195
81 109 47 257
82 3 27 232
82 18 37 365
82 22 4 141
82 24 21 317
82 32 31 19
82 38 55 71
82 46 49 134
82 55 43 181
82 64 45 46
82 71 29 42
82 83 34 200
82 85 7 38
82 86 25 326
82 95 40 167
82 110 13 121
83 2 3 390
83 6 37 99
83 9 7 367
83 24 23 317
83 26 31 272
83 31 28 93
83 42 13 39
83 46 55 134
83 50 41 285
83 68 52 315
83 76 34 118
83 90 25 18
83 92 19 348
83 95 46 167
83 103 17 383
84 17 31 120
84 25 3 374
84 26 16 272
84 43 28 263
84 44 34 124
84 49 43 296
84 52 47 38
84 64 37 46
84 85 9 173
84 88 7 196
84 92 22 348
84 98 1 116
84 99 19 55
84 104 13 389
84 115 49 103
85 4 13 62
85 6 43 99
85 16 55 144
85 17 34 120
85 25 7 374
85 34 17 119
85 44 37 124
85 70 40 84
85 73 21 23
85 86 27 326
85 95 49 167
85 99 11 55
85 105 19 108
85 113 31 136
85 115 1 103
86 8 1 126
86 14 55 149
86 24 27 317
86 28 23 216
86 30 5 405
86 34 21 119
86 38 37 64
86 40 7 158
86 43 43 263
86 58 46 25
86 82 9 380
86 101 49 127
86 103 19 383
86 107 13 110
86 111 34 41
87 6 49 99
87 8 13 126
87 12 46 91
87 14 31 149
87 18 28 365
87 29 55 139
87 42 19 39
87 44 43 124
87 45 35 71
87 51 40 240
87 53 17 32
87 96 1 29
87 98 3 116
87 116 7 13
87 119 22 192
88 19 19 211
88 29 27 213
88 43 13 263
88 44 46 124
88 47 37 226
88 49 49 296
88 51 43 240
88 68 55 315
88 78 34 50
88 81 10 445
88 88 3 196
88 96 16 29
88 97 23 135
88 105 25 108
88 117 31 204
89 3 29 232
89 14 7 140
89 16 49 144
89 23 23 297
89 26 37 272
89 28 27 216
89 43 55 263
89 50 47 285
89 74 13 63
89 76 3 118
89 77 19 409
89 79 43 195
89 98 5 116
89 109 21 257
89 117 34 204
90 3 31 232
90 11 7 345
90 13 1 292
90 17 37 120
90 28 29 216
90 29 25 215
90 31 33 93
90 39 15 337
90 45 13 177
90 47 19 51
90 51 46 240
90 74 10 63
90 89 49 7
90 115 55 103
90 117 40 204
91 19 33 211
91 20 52 180
91 29 55 338
91 32 28 19
91 34 19 119
91 42 3 39
91 44 49 124
91 49 46 296
91 56 13 140
91 63 21 429
91 71 31 42
91 84 37 114
91 86 39 326
91 91 11 176
91 93 9 264
92 1 55 129
92 23 25 297
92 26 43 272
92 32 40 19
92 39 19 337
92 42 9 39
92 44 52 124
92 53 13 32
92 71 33 42
92 74 4 63
92 76 29 118
92 81 1 445
92 82 15 380
92 85 21 173
92 111 37 41
93 4 7 62
93 33 37 188
93 36 23 247
93 47 39 236
93 48 34 83
93 58 28 25
93 61 55 359
93 72 15 278
93 84 31 114
93 87 49 386
93 92 25 421
93 102 1 17
93 107 19 110
93 109 53 257
93 110 43 27
94 13 27 360
94 27 13 73
94 30 11 405
94 33 55 14
94 41 19 58
94 43 34 263
94 46 57 218
94 50 53 285
94 56 1 140
94 65 49 285
94 67 46 316
94 87 7 386
94 93 15 264
94 97 25 135
94 99 17 55
95 6 1 76
95 20 45 180
95 27 19 73
95 29 25 139
95 31 37 93
95 37 40 270
95 43 10 263
95 45 47 71
95 64 31 46
95 86 29 326
95 91 17 176
95 98 7 116
95 101 52 127
95 102 13 17
95 108 21 75
96 2 9 390
96 5 31 85
96 7 21 33
96 26 34 272
96 36 25 247
96 39 43 337
96 41 1 86
96 52 59 38
96 57 37 35
96 66 45 223
96 67 52 316
96 81 4 445
96 83 27 200
96 111 40 41
96 116 13 13
97 3 33 232
97 14 1 276
97 16 7 306
97 20 49 180
97 25 13 374
97 41 37 58
97 45 29 71
97 52 53 38
97 77 21 409
97 80 40 61
97 82 19 380
97 99 25 55
97 100 46 413
97 103 23 383
97 108 27 75
98 18 34 365
98 20 59 180
98 29 19 213
98 36 27 247
98 37 46 270
98 48 49 83
98 57 31 35
98 73 9 23
98 77 23 409
98 87 1 78
98 89 55 7
98 90 13 18
98 95 52 167
98 104 7 389
98 111 43 41
99 2 5 390
99 8 7 126
99 16 13 306
99 22 58 205
99 29 31 414
99 35 1 161
99 37 43 270
99 56 49 27
99 90 28 18
99 95 55 167
99 102 19 123
99 111 46 41
99 113 40 77
99 117 37 204
99 119 25 192
100 1 49 129
100 5 33 85
100 12 19 91
100 14 25 109
100 19 37 211
100 21 7 163
100 35 13 161
100 44 55 124
100 57 1 1
100 58 4 25
100 61 58 359
100 86 31 326
100 93 17 264
100 103 21 383
100 120 46 157
101 1 21 21
101 6 13 76
101 12 43 91
101 17 40 120
101 38 25 64
101 41 33 86
101 47 49 226
101 61 7 359
101 66 45 80
101 73 19 23
101 87 55 386
101 91 31 176
101 100 10 413
101 101 1 222
101 113 4 77
102 8 19 126
102 16 25 306
102 19 55 211
102 20 3 180
102 28 31 216
102 40 9 158
102 45 53 71
102 76 40 118
102 78 37 50
102 81 33 445
102 89 43 7
102 99 47 55
102 102 13 123
102 112 1 8
102 120 49 157
103 8 31 126
103 9 13 367
103 11 10 345
103 36 29 247
103 37 49 270
103 39 27 337
103 50 59 285
103 53 19 32
103 55 37 181
103 64 1 382
103 69 21 45
103 74 7 63
103 77 25 409
103 82 23 380
103 117 43 204
104 16 19 306
104 19 43 211
104 20 47 180
104 30 1 405
104 32 34 19
104 35 7 161
104 40 25 158
104 42 15 39
104 63 23 429
104 84 39 114
104 86 37 326
104 97 27 135
104 109 31 257
104 114 11 250
104 119 4 192
105 1 13 129
105 34 23 119
105 36 31 247
105 42 17 39
105 47 49 2
105 67 19 214
105 71 35 42
105 73 27 23
105 75 1 433
105 76 9 118
105 85 37 173
105 102 55 17
105 103 25 383
105 108 7 75
105 113 43 136
106 7 23 33
106 15 13 353
106 24 29 317
106 30 19 405
106 38 31 64
106 63 25 429
106 64 49 46
106 70 7 84
106 75 1 117
106 93 21 264
106 100 15 413
106 101 40 127
106 103 27 383
106 109 43 257
106 118 35 183
107 4 25 62
107 18 31 365
107 20 17 160
107 21 13 163
107 47 1 226
107 48 46 83
107 53 21 32
107 67 58 316
107 75 7 117
107 76 43 118
107 82 29 380
107 83 37 200
107 88 5 196
107 101 55 127
107 120 52 157
108 2 13 390
108 15 15 353
108 19 1 407
108 21 19 163
108 23 27 297
108 32 37 19
108 46 7 286
108 51 49 240
108 68 58 315
108 90 43 18
108 91 29 342
108 102 31 123
108 114 25 250
108 117 46 204
108 119 40 192
109 2 17 390
109 9 19 367
109 19 7 407
109 24 33 317
109 33 57 14
109 39 25 337
109 43 46 263
109 49 52 296
109 55 31 181
109 62 1 34
109 77 27 409
109 87 13 78
109 91 37 176
109 100 40 413
109 104 3 389
110 1 19 129
110 3 35 232
110 15 17 353
110 19 13 407
110 32 43 19
110 51 52 240
110 52 5 425
110 56 7 404
110 59 31 275
110 63 27 429
110 69 29 45
110 89 1 107
110 90 37 18
110 95 58 167
110 108 25 75
111 8 25 126
111 10 4 228
111 27 15 73
111 32 46 19
111 37 52 270
111 39 29 337
111 44 58 124
111 47 33 166
111 58 37 25
111 68 1 352
111 79 19 195
111 82 31 380
111 84 49 307
111 88 9 196
111 96 43 29
112 7 27 33
112 11 19 345
112 12 49 91
112 13 43 133
112 16 31 306
112 23 29 297
112 34 25 119
112 46 51 218
112 64 55 46
112 66 7 223
112 69 35 45
112 75 13 117
112 76 37 118
112 78 40 50
112 112 3 8
113 6 1 225
113 10 10 228
113 15 19 353
113 17 16 412
113 19 49 211
113 20 23 160
113 21 25 163
113 26 40 272
113 46 43 218
113 59 7 275
113 70 13 84
113 82 33 380
113 91 21 176
113 102 55 123
113 118 29 183
114 17 46 120
114 30 43 405
114 39 33 337
114 43 4 263
114 49 1 89
114 57 40 35
114 65 55 285
114 72 17 278
114 75 19 117
114 85 25 173
114 89 13 107
114 94 7 431
114 104 11 389
114 107 49 110
114 109 23 257
115 5 35 85
115 9 25 367
115 15 21 353
115 47 45 2
115 79 37 195
115 86 41 326
115 87 7 78
115 88 13 196
115 90 16 18
115 97 29 135
115 106 33 320
115 108 43 75
115 114 19 250
115 115 1 340
115 120 55 157
116 2 15 390
116 3 37 232
116 4 19 62
116 15 23 353
116 21 31 163
116 39 35 337
116 43 10 77
116 44 1 146
116 55 45 181
116 61 4 132
116 73 29 23
116 81 52 445
116 83 40 200
116 111 49 41
116 120 58 157
117 13 39 360
117 28 35 216
117 29 43 139
117 36 33 247
117 42 21 39
117 51 55 240
117 53 23 32
117 67 4 316
117 69 15 45
117 79 49 195
117 82 27 380
117 96 9 29
117 106 37 320
117 108 1 75
117 114 13 250
118 15 25 353
118 20 15 180
118 23 31 297
118 38 43 64
118 42 23 39
118 44 4 146
118 50 1 203
118 69 40 45
118 70 49 84
118 76 47 118
118 79 33 195
118 81 37 445
118 92 7 348
118 102 27 123
118 112 11 8
119 7 25 33
119 13 31 292
119 25 19 374
119 36 35 247
119 38 49 64
119 39 37 337
119 42 27 39
119 63 29 429
119 64 7 110
119 79 55 195
119 90 4 18
119 93 39 264
119 100 13 424
119 108 41 75
119 120 1 441
120 2 19 390
120 20 33 180
120 27 21 73
120 33 45 14
120 37 55 270
120 39 39 337
120 46 25 115
120 48 52 83
120 51 58 240
120 63 31 429
120 79 7 437
120 86 35 326
120 99 1 55
120 115 13 340
120 120 4 441
121 5 39 85
121 7 29 33
121 17 49 120
121 26 46 272
121 28 33 216
121 29 19 215
121 41 10 58
121 42 25 39
121 62 15 34
121 68 4 352
121 71 37 42
121 75 55 117
121 83 43 200
121 93 52 264
121 120 7 441
122 1 49 384
122 5 37 85
122 7 31 33
122 21 39 163
122 43 55 77
122 51 1 253
122 56 33 143
122 59 4 275
122 64 13 148
122 69 7 141
122 75 43 117
122 89 19 107
122 101 58 127
122 119 28 192
122 120 10 441
123 5 41 85
123 14 13 276
123 25 43 374
123 28 37 216
123 34 27 119
123 48 55 83
123 53 25 32
123 59 58 275
123 63 33 429
123 69 31 45
123 75 49 117
123 79 1 437
123 98 9 116
123 106 35 320
123 116 19 13
124 1 7 384
124 3 41 232
124 21 55 163
124 31 43 93
124 32 49 19
124 34 29 119
124 53 27 32
124 54 16 194
124 62 25 34
124 65 1 168
124 71 39 42
124 72 19 278
124 85 31 173
124 106 46 320
124 120 13 441
125 3 39 232
125 5 43 85
125 12 15 91
125 16 1 322
125 20 55 180
125 37 58 270
125 42 29 39
125 43 52 263
125 52 13 167
125 63 35 429
125 67 7 316
125 69 27 45
125 80 45 61
125 115 19 340
125 117 49 204
126 3 43 232
126 16 45 306
126 18 40 365
126 30 7 405
126 36 37 247
126 46 51 350
126 56 19 140
126 77 29 409
126 96 33 29
126 98 11 116
126 105 31 108
126 107 1 100
126 109 49 257
126 112 15 8
126 116 25 13
127 8 37 126
127 10 13 228
127 12 33 91
127 26 49 272
127 29 55 414
127 44 7 146
127 57 43 35
127 61 10 359
127 69 46 45
127 76 31 118
127 84 35 114
127 87 19 78
127 100 28 413
127 107 1 110
127 120 16 441
128 7 33 33
128 8 43 126
128 13 13 159
128 18 49 365
128 19 25 211
128 21 7 209
128 32 52 19
128 50 4 203
128 59 55 275
128 63 37 429
128 64 39 110
128 77 31 409
128 88 59 196
128 95 1 208
128 100 19 413
129 2 21 390
129 3 45 232
129 9 31 367
129 10 37 142
129 17 52 120
129 22 49 141
129 38 55 64
129 39 47 337
129 58 1 97
129 65 7 168
129 81 40 445
129 87 25 78
129 92 4 348
129 103 29 383
129 114 15 250
130 4 31 62
130 7 35 33
130 27 29 73
130 41 58 58
130 64 25 110
130 72 22 278
130 74 46 63
130 78 43 50
130 89 7 107
130 94 13 431
130 95 4 208
130 106 39 320
130 113 1 77
130 117 52 204
130 120 19 441
131 12 53 91
131 13 31 360
131 17 55 120
131 25 25 374
131 41 40 58
131 43 1 263
131 51 4 253
131 57 46 35
131 61 10 132
131 65 13 168
131 69 37 45
131 74 43 63
131 94 19 431
131 101 7 222
131 102 49 123
132 2 29 390
132 4 37 62
132 6 7 225
132 19 31 407
132 20 13 160
132 21 43 163
132 33 5 161
132 39 41 337
132 65 19 168
132 66 49 223
132 89 25 107
132 110 1 151
132 112 17 8
132 113 58 77
132 117 55 204
133 17 22 412
133 22 34 141
133 30 27 405
133 39 49 337
133 60 37 283
133 62 53 34
133 64 7 148
133 66 57 80
133 79 13 437
133 83 46 200
133 93 55 264
133 96 25 29
133 102 1 388
133 108 51 75
133 113 19 77
134 6 13 225
134 11 46 345
134 16 37 306
134 21 1 209
134 29 25 414
134 32 55 19
134 37 10 28
134 48 58 83
134 56 19 404
134 64 31 110
134 70 52 171
134 81 43 445
134 83 49 200
134 95 7 208
134 109 23 31
135 4 43 62
135 13 25 82
135 29 1 213
135 37 19 26
135 49 55 296
135 51 7 253
135 53 29 32
135 61 52 359
135 63 39 429
135 80 49 61
135 104 15 389
135 107 31 148
135 112 5 105
135 117 58 204
135 120 22 441
136 23 33 297
136 44 10 146
136 46 55 350
136 55 47 181
136 59 1 275
136 61 16 359
136 69 43 45
136 74 49 430
136 75 19 153
136 76 45 118
136 87 37 78
136 98 13 116
136 100 4 413
136 103 31 383
136 115 25 340
137 23 37 297
137 24 35 317
137 25 31 374
137 30 13 405
137 54 19 194
137 58 10 25
137 62 7 34
137 70 1 84
137 72 28 278
137 74 55 63
137 80 52 61
137 88 17 196
137 109 45 257
137 113 4 136
137 120 25 441
138 3 47 232
138 7 37 33
138 28 39 216
138 54 21 194
138 55 52 181
138 57 49 35
138 71 41 42
138 73 35 23
138 79 25 437
138 88 23 196
138 89 31 107
138 90 1 18
138 110 7 121
138 112 29 8
138 115 43 340
139 3 49 232
139 7 41 33
139 25 37 374
139 27 23 73
139 32 58 19
139 37 4 28
139 42 31 39
139 62 9 34
139 66 13 223
139 72 25 278
139 75 27 153
139 81 55 445
139 89 43 107
139 105 33 108
139 109 19 257
140 8 55 126
140 20 19 160
140 22 4 205
140 27 35 73
140 31 40 93
140 43 13 165
140 57 52 35
140 64 25 148
140 70 37 84
140 81 46 445
140 83 1 396
140 87 7 248
140 91 43 176
140 112 21 8
140 116 31 13
141 6 25 225
141 9 37 367
141 19 19 407
141 22 46 141
141 39 5 107
141 40 23 158
141 41 7 58
141 42 41 39
141 56 13 404
141 58 55 25
141 66 49 80
141 77 33 409
141 82 35 380
141 85 1 173
141 90 58 18
142 2 31 390
142 5 47 369
142 6 37 225
142 16 55 306
142 31 49 93
142 47 43 166
142 56 7 27
142 67 13 316
142 74 52 430
142 81 1 81
142 88 21 196
142 90 34 18
142 94 25 431
142 101 4 222
142 113 16 136
143 11 55 345
143 21 19 209
143 27 25 73
143 45 16 303
143 51 13 253
143 55 49 181
143 58 58 25
143 67 4 214
143 70 34 84
143 83 52 200
143 84 41 114
143 89 37 107
143 95 10 208
143 100 7 413
143 117 1 448
144 1 19 384
144 14 7 276
144 20 57 180
144 26 52 272
144 27 27 73
144 42 35 39
144 61 1 132
144 74 49 9
144 75 37 117
144 92 16 348
144 94 31 431
144 95 13 208
144 96 47 29
144 102 43 123
144 106 41 320
145 6 19 225
145 10 45 142
145 32 1 277
145 45 41 71
145 47 31 2
145 65 25 168
145 69 58 45
145 80 55 61
145 81 49 445
145 98 15 116
145 99 9 55
145 111 52 41
145 112 23 8
145 114 43 250
145 117 4 448
146 2 25 390
146 3 51 232
146 6 55 99
146 17 1 399
146 28 41 216
146 33 59 14
146 42 33 39
146 44 13 146
146 47 19 226
146 52 10 425
146 69 49 45
146 70 43 84
146 73 37 23
146 92 16 421
146 113 7 136
147 3 53 232
147 10 40 228
147 43 58 263
147 48 1 47
147 51 10 253
147 52 7 425
147 53 31 32
147 62 27 34
147 79 19 437
147 87 33 78
147 93 37 264
147 95 16 208
147 106 43 320
147 113 13 136
147 114 45 250
148 22 52 141
148 24 37 317
148 26 58 272
148 32 55 40
148 42 5 99
148 44 19 146
148 51 16 253
148 53 33 32
148 54 23 194
148 60 45 283
148 71 43 42
148 82 39 380
148 84 49 114
148 100 1 413
148 101 10 222
149 6 7 364
149 25 49 374
149 26 55 272
149 34 31 119
149 36 41 247
149 56 19 27
149 74 25 63
149 75 1 252
149 79 33 437
149 85 13 239
149 91 53 176
149 93 58 264
149 98 17 116
149 116 37 13
149 119 46 192
150 7 39 33
150 18 43 365
150 22 55 141
150 23 35 297
150 33 11 161
150 39 53 337
150 59 13 275
150 62 19 34
150 63 41 429
150 70 1 171
150 76 58 118
150 88 25 196
150 90 49 18
150 93 46 264
150 112 31 8
151 13 3 159
151 14 19 276
151 19 37 407
151 21 49 163
151 40 27 158
151 53 35 32
151 56 43 404
151 60 55 283
151 66 15 80
151 68 7 352
151 73 1 184
151 76 53 118
151 91 13 176
151 97 31 135
151 100 10 424
152 18 46 365
152 28 43 216
152 35 19 161
152 40 29 158
152 45 13 303
152 49 58 296
152 65 31 168
152 67 1 214
152 68 10 352
152 81 4 81
152 86 53 326
152 89 49 107
152 91 15 176
152 99 37 55
152 118 27 183
153 21 13 209
153 29 31 215
153 33 17 161
153 43 1 165
153 48 4 47
153 65 37 168
153 67 10 316
153 77 35 409
153 81 58 445
153 82 41 380
153 87 43 78
153 92 22 421
153 101 19 222
153 111 55 41
153 119 49 192
154 21 25 209
154 42 37 39
154 49 4 89
154 58 49 25
154 67 31 214
154 76 55 118
154 78 46 50
154 81 10 81
154 95 19 208
154 96 52 29
154 107 57 110
154 110 13 151
154 113 1 136
154 117 7 448
154 119 34 192
155 17 4 399
155 21 43 209
155 27 41 73
155 34 33 119
155 36 39 247
155 52 1 425
155 53 37 32
155 74 19 63
155 76 49 118
155 84 47 114
155 85 51 173
155 99 27 55
155 100 7 424
155 102 13 388
155 117 10 448
156 10 16 228
156 17 7 399
156 33 29 161
156 45 59 71
156 51 19 253
156 56 1 404
156 59 25 275
156 60 49 283
156 62 47 34
156 65 43 168
156 67 10 214
156 73 39 23
156 77 37 409
156 96 31 29
156 113 22 136
157 4 57 62
157 7 47 33
157 14 19 149
157 15 27 353
157 20 25 160
157 23 39 297
157 55 55 181
157 59 4 233
157 61 16 132
157 65 49 168
157 68 13 352
157 75 7 252
157 90 1 106
157 112 33 8
157 116 43 13
158 6 43 225
158 23 41 297
158 32 4 277
158 35 31 161
158 41 19 86
158 43 9 165
158 50 7 203
158 51 22 253
158 56 37 404
158 62 49 34
158 81 16 81
158 90 52 18
158 100 1 424
158 117 13 448
158 120 28 441
159 4 49 62
159 5 47 85
159 12 27 91
159 29 3 215
159 40 31 158
159 41 13 58
159 50 9 203
159 55 1 133
159 72 33 278
159 90 40 18
159 95 22 208
159 100 16 109
159 107 43 110
159 111 58 41
159 119 55 192
160 5 49 85
160 8 51 126
160 14 25 276
160 20 21 160
160 32 7 277
160 46 13 115
160 53 41 32
160 64 3 148
160 73 43 23
160 76 1 52
160 77 39 409
160 82 37 380
160 87 55 78
160 92 10 348
160 105 35 108
161 2 29 239
161 13 25 159
161 22 10 205
161 25 55 374
161 28 45 216
161 48 7 47
161 53 39 32
161 67 13 214
161 68 16 352
161 76 51 118
161 98 19 116
161 102 21 388
161 111 1 397
161 112 35 8
161 118 31 183
162 2 35 390
162 4 13 358
162 8 1 182
162 19 25 407
162 29 7 215
162 46 51 364
162 57 55 35
162 59 58 233
162 77 41 409
162 79 45 437
162 91 49 176
162 94 37 431
162 97 33 135
162 105 43 108
162 107 19 148
163 5 52 85
163 20 29 160
163 32 10 277
163 33 23 161
163 35 25 161
163 41 4 58
163 49 7 89
163 53 43 32
163 66 19 223
163 72 31 278
163 78 49 50
163 90 55 18
163 92 1 348
163 112 37 8
163 119 58 192
164 4 31 358
164 9 43 367
164 35 37 161
164 37 7 28
164 52 17 425
164 57 1 40
164 58 10 97
164 65 55 168
164 83 4 396
164 85 19 239
164 102 25 388
164 110 13 27
164 114 49 250
164 119 52 192
165 1 37 129
165 5 55 85
165 11 13 345
165 16 49 306
165 34 35 119
165 38 1 72
165 41 19 258
165 56 31 27
165 62 45 34
165 85 25 239
165 89 57 107
165 93 5 169
165 98 47 116
165 100 16 424
165 102 7 388
166 6 55 225
166 14 25 149
166 34 37 119
166 38 7 72
166 39 11 107
166 45 5 303
166 56 43 300
166 60 52 283
166 61 22 132
166 68 19 352
166 75 31 153
166 89 1 87
166 90 13 106
166 91 47 176
166 107 39 148
167 5 57 85
167 19 45 407
167 23 43 297
167 26 1 122
167 38 13 72
167 40 33 158
167 52 19 425
167 54 25 194
167 69 53 45
167 83 7 396
167 91 55 176
167 96 59 29
167 101 22 222
167 108 37 75
167 116 49 13
168 3 55 232
168 13 37 159
168 14 7 149
168 22 58 141
168 32 13 277
168 34 35 175
168 47 19 2
168 56 25 27
168 58 4 97
168 70 16 171
168 75 43 153
168 87 49 78
168 91 1 31
168 115 31 340
169 1 25 129
169 6 31 225
169 16 13 322
169 24 39 317
169 27 49 73
169 35 43 161
169 45 11 303
169 59 22 233
169 67 51 214
169 82 47 380
169 87 1 248
169 89 7 87
169 90 19 106
169 105 37 108
169 114 55 250
170 16 19 322
170 17 10 399
170 29 49 338
170 39 59 337
170 42 39 39
170 45 23 303
170 47 15 226
170 52 13 425
170 74 43 430
170 92 28 421
170 97 35 135
170 100 25 424
170 102 31 388
170 116 55 13
170 119 1 325
171 20 35 160
171 21 31 209
171 27 47 73
171 45 29 303
171 48 13 47
171 50 11 203
171 52 22 425
171 54 27 194
171 83 55 200
171 85 37 239
171 100 49 424
171 104 9 389
171 107 43 148
171 113 19 136
171 116 1 301
172 1 31 384
172 3 57 232
172 10 1 228
172 19 49 407
172 33 35 161
172 34 41 119
172 36 43 247
172 46 19 115
172 71 45 42
172 73 47 23
172 75 37 153
172 82 53 380
172 95 25 208
172 104 17 389
172 113 10 136
173 26 7 122
173 27 43 73
173 32 16 277
173 35 49 161
173 41 22 58
173 53 45 32
173 61 13 132
173 65 1 246
173 70 55 84
173 84 53 114
173 92 19 421
173 97 37 135
173 102 39 388
173 108 47 75
173 120 31 441
174 13 3 360
174 14 39 149
174 17 13 399
174 31 46 93
174 35 19 201
174 38 31 72
174 51 25 253
174 54 29 194
174 55 57 181
174 58 52 25
174 59 7 233
174 93 1 169
174 106 49 320
174 117 16 448
174 118 37 183
175 3 59 232
175 12 57 91
175 28 47 216
175 38 19 72
175 40 35 158
175 43 4 165
175 52 15 425
175 59 28 275
175 69 55 45
175 80 1 330
175 86 43 326
175 92 7 65
175 100 31 424
175 106 51 320
175 112 39 8
176 1 13 187
176 5 59 85
176 29 31 139
176 32 19 277
176 48 10 47
176 53 47 32
176 57 4 40
176 62 1 387
176 64 55 148
176 72 35 278
176 76 7 240
176 79 49 437
176 84 45 114
176 92 22 65
176 105 39 108
177 5 1 369
177 6 49 225
177 10 55 228
177 26 4 122
177 43 22 165
177 52 29 425
177 57 58 35
177 58 19 97
177 60 7 26
177 62 39 34
177 74 46 430
177 83 10 396
177 87 13 248
177 103 33 383
177 107 25 186
178 12 51 91
178 17 16 399
178 26 10 122
178 28 49 216
178 41 28 86
178 56 55 404
178 57 7 40
178 61 19 132
178 67 25 214
178 71 47 42
178 92 34 421
178 94 43 431
178 98 23 116
178 99 13 55
178 119 4 325
179 11 22 345
179 26 16 122
179 28 53 216
179 49 13 89
179 52 31 425
179 64 25 95
179 65 7 246
179 66 37 223
179 76 3 52
179 77 43 409
179 86 55 326
179 94 49 431
179 102 45 388
179 103 35 383
179 119 19 325
180 4 37 358
180 5 3 369
180 7 43 33
180 25 7 125
180 29 25 338
180 42 47 39
180 50 13 203
180 54 31 194
180 55 59 181
180 77 45 409
180 85 55 173
180 89 15 87
180 90 22 106
180 91 33 176
180 112 41 8
181 13 51 133
181 26 19 122
181 32 22 277
181 41 4 86
181 42 45 39
181 57 10 40
181 60 1 26
181 63 43 429
181 65 13 246
181 80 58 61
181 93 49 264
181 97 39 135
181 98 25 116
181 99 41 55
181 114 31 250
182 6 1 364
182 8 19 182
182 23 45 297
182 37 16 28
182 40 37 158
182 47 39 2
182 52 35 425
182 57 13 40
182 60 58 283
182 76 5 52
182 85 31 239
182 87 25 248
182 100 52 424
182 104 23 389
182 116 7 301
183 7 49 33
183 40 39 158
183 41 10 86
183 50 15 203
183 67 55 214
183 81 7 81
183 86 47 326
183 88 31 196
183 95 28 208
183 97 41 135
183 104 25 389
183 105 45 108
183 111 4 397
183 117 19 448
183 120 34 441
184 8 25 182
184 18 37 20
184 22 40 141
184 53 49 32
184 57 16 40
184 59 10 233
184 62 59 34
184 64 31 95
184 80 4 330
184 89 19 87
184 96 1 304
184 107 43 186
184 110 51 82
184 111 7 397
184 115 55 340
185 3 1 14
185 6 13 364
185 9 51 367
185 14 43 149
185 15 29 353
185 16 7 322
185 33 41 161
185 66 25 80
185 71 49 42
185 76 11 52
185 77 47 409
185 96 3 29
185 99 55 55
185 114 21 250
185 115 37 340
186 24 41 317
186 25 1 125
186 32 25 277
186 35 55 161
186 37 13 28
186 40 43 158
186 58 7 97
186 60 16 26
186 63 45 429
186 64 19 95
186 74 28 430
186 75 49 153
186 89 31 87
186 90 10 106
186 99 39 55
187 6 7 450
187 22 1 205
187 23 47 297
187 30 11 415
187 42 43 39
187 46 13 350
187 53 51 32
187 66 31 230
187 68 25 352
187 75 55 153
187 88 28 196
187 89 37 87
187 109 59 257
187 117 22 448
187 118 5 87
188 13 19 292
188 23 49 297
188 28 51 216
188 39 55 337
188 51 28 253
188 70 58 84
188 72 37 278
188 73 41 23
188 82 45 380
188 90 4 106
188 92 13 421
188 93 7 169
188 97 43 135
188 111 10 397
188 117 25 448
189 5 5 369
189 19 1 48
189 30 45 405
189 32 28 277
189 35 13 201
189 40 41 158
189 41 22 86
189 50 17 203
189 57 19 40
189 69 7 91
189 76 9 52
189 92 25 65
189 94 55 431
189 104 33 389
189 115 49 340
190 11 58 345
190 15 31 353
190 18 55 365
190 19 21 48
190 36 45 247
190 38 25 72
190 50 19 203
190 61 37 132
190 69 51 45
190 80 7 330
190 91 3 176
190 99 43 55
190 110 33 151
190 113 40 136
190 116 13 301
191 11 1 178
191 25 13 125
191 28 55 216
191 39 57 337
191 42 49 39
191 51 34 253
191 53 53 32
191 57 25 40
191 65 19 246
191 67 7 214
191 68 31 352
191 70 46 84
191 88 40 196
191 117 28 448
191 120 37 441
192 6 25 364
192 14 49 276
192 20 37 160
192 22 7 205
192 45 31 303
192 50 21 203
192 58 16 97
192 61 46 359
192 70 4 171
192 80 10 330
192 92 43 421
192 101 13 222
192 106 53 320
192 113 34 136
192 120 40 441
193 4 49 358
193 21 37 209
193 32 31 277
193 33 5 188
193 34 46 119
193 43 16 165
193 59 13 233
193 68 22 352
193 70 7 171
193 73 55 23
193 83 58 200
193 85 1 281
193 105 41 108
193 112 53 8
193 120 43 441
194 6 43 364
194 15 33 353
194 18 58 365
194 35 25 201
194 36 49 247
194 37 19 28
194 38 37 72
194 50 23 203
194 63 47 429
194 70 52 84
194 81 13 81
194 88 35 196
194 90 7 106
194 109 55 257
194 118 41 183
195 2 39 390
195 8 7 182
195 14 49 149
195 18 13 20
195 43 25 165
195 56 55 27
195 59 46 275
195 61 34 132
195 67 16 214
195 68 28 352
195 75 19 252
195 88 37 196
195 94 1 60
195 95 31 208
195 100 43 424
196 1 37 384
196 19 57 407
196 27 33 73
196 33 47 161
196 38 49 72
196 46 25 286
196 47 13 2
196 56 7 147
196 66 19 80
196 69 1 91
196 91 11 31
196 97 45 135
196 106 55 320
196 107 3 186
196 114 53 250
197 6 31 364
197 12 59 91
197 13 43 159
197 14 1 294
197 37 22 28
197 44 16 146
197 53 55 32
197 56 25 147
197 58 13 97
197 62 57 34
197 66 37 80
197 78 52 50
197 96 19 29
197 99 5 340
197 110 7 151
198 3 3 14
198 25 19 125
198 32 37 277
198 39 1 327
198 40 45 158
198 52 40 425
198 58 31 97
198 65 25 246
198 68 34 352
198 71 51 42
198 87 55 248
198 99 15 55
198 107 7 186
198 112 43 8
198 114 59 250
199 3 5 14
199 21 49 209
199 22 19 205
199 35 43 201
199 48 16 47
199 58 22 97
199 72 39 278
199 75 25 252
199 88 33 196
199 93 3 169
199 106 57 320
199 108 53 75
199 109 29 31
199 111 13 397
199 119 7 325
200 8 13 182
200 12 5 276
200 15 35 353
200 21 55 209
200 23 59 297
200 31 52 93
200 43 43 165
200 68 37 352
200 83 19 396
200 89 25 87
200 90 40 106
200 99 49 55
200 101 31 222
200 108 9 75
200 110 1 27
201 7 45 33
201 24 43 317
201 27 37 73
201 34 49 119
201 48 19 47
201 72 41 278
201 74 1 63
201 84 55 114
201 89 51 87
201 90 16 106
201 91 57 176
201 94 7 60
201 97 47 135
201 99 59 55
201 104 27 389
202 14 9 294
202 30 47 405
202 32 34 277
202 39 7 327
202 54 37 194
202 58 25 97
202 60 4 26
202 61 28 132
202 68 40 352
202 74 31 430
202 77 49 409
202 79 55 437
202 88 43 196
202 101 16 222
202 116 19 301
203 18 1 20
203 27 39 73
203 28 57 216
203 40 47 158
203 43 28 165
203 45 33 303
203 46 19 134
203 47 7 226
203 55 4 133
203 59 49 275
203 60 52 89
203 72 43 278
203 74 16 63
203 83 13 396
203 103 37 383
204 12 17 276
204 17 19 399
204 29 13 213
204 37 25 28
204 38 43 72
204 43 37 165
204 45 40 303
204 46 1 286
204 49 10 89
204 81 22 81
204 82 49 380
204 90 31 106
204 100 55 424
204 101 28 222
204 104 35 389
205 6 39 364
205 9 55 367
205 10 34 228
205 11 52 345
205 15 37 353
205 19 7 48
205 20 31 160
205 29 45 338
205 31 1 153
205 43 19 165
205 50 25 203
205 56 13 147
205 57 22 40
205 70 27 171
205 82 43 380
206 5 7 369
206 11 37 345
206 34 43 119
206 46 31 218
206 47 9 2
206 53 57 32
206 60 13 26
206 62 55 34
206 69 3 91
206 76 16 52
206 84 51 114
206 86 49 326
206 87 19 248
206 89 45 87
206 101 25 222
207 4 43 358
207 23 51 297
207 48 22 47
207 75 31 252
207 81 19 81
207 91 5 31
207 93 9 169
207 99 53 55
207 103 39 383
207 104 37 389
207 106 59 320
207 108 49 75
207 110 1 82
207 111 16 397
207 116 25 301
208 5 9 369
208 20 39 160
208 43 55 165
208 47 25 2
208 54 33 194
208 63 49 429
208 64 1 95
208 70 19 171
208 73 45 23
208 77 51 409
208 93 11 169
208 97 53 135
208 100 22 424
208 103 41 383
208 107 13 186
209 7 51 33
209 10 19 228
209 13 9 292
209 15 39 353
209 37 28 28
209 45 35 303
209 48 25 47
209 52 37 425
209 55 7 133
209 60 22 26
209 75 13 252
209 78 55 50
209 81 31 81
209 82 58 380
209 89 1 295
210 5 11 369
210 9 1 343
210 25 25 125
210 31 55 93
210 34 51 119
210 40 49 158
210 51 31 253
210 62 5 387
210 66 37 230
210 78 58 50
210 80 13 330
210 85 19 281
210 103 43 383
210 112 45 8
210 115 7 355
211 6 19 364
211 25 31 125
211 28 59 216
211 39 23 107
211 43 40 165
211 46 1 218
211 52 25 425
211 58 28 97
211 59 16 233
211 63 51 429
211 73 49 23
211 85 55 239
211 86 45 326
211 92 13 65
211 110 7 82
212 17 22 399
212 35 37 201
212 37 34 28
212 38 55 72
212 50 27 203
212 53 59 32
212 73 41 57
212 77 53 409
212 79 1 377
212 86 51 326
212 92 10 65
212 98 29 116
212 112 47 8
212 114 5 266
212 117 31 448
213 17 25 399
213 30 3 405
213 41 16 58
213 46 7 115
213 50 29 203
213 58 46 97
213 60 43 26
213 65 37 246
213 85 51 239
213 93 13 169
213 100 58 424
213 109 35 31
213 111 19 397
213 112 49 8
213 116 31 301
214 13 49 159
214 19 1 99
214 25 43 125
214 35 7 255
214 39 5 327
214 40 25 195
214 51 37 253
214 56 19 147
214 71 53 42
214 74 40 430
214 89 55 87
214 94 13 60
214 95 34 208
214 98 27 116
214 118 47 183
215 3 7 14
215 25 37 125
215 26 13 122
215 28 31 93
215 41 16 86
215 45 47 303
215 47 55 343
215 57 28 40
215 62 51 34
215 69 5 91
215 70 10 171
215 74 21 430
215 78 1 56
215 100 34 424
215 104 19 389
216 12 11 276
216 19 13 48
216 28 1 175
216 30 21 405
216 34 53 119
216 36 47 247
216 39 9 327
216 65 31 246
216 72 45 278
216 81 25 81
216 88 49 196
216 91 51 176
216 92 40 421
216 114 3 250
216 115 55 369
217 1 7 187
217 4 55 358
217 7 53 33
217 8 37 182
217 14 13 149
217 44 25 146
217 72 47 278
217 94 19 60
217 98 31 116
217 100 28 424
217 102 1 105
217 110 43 350
217 112 51 8
217 117 34 448
217 118 49 133
218 10 7 228
218 22 13 205
218 23 53 297
218 24 45 317
218 26 10 1
218 37 37 28
218 44 22 146
218 53 1 307
218 56 3 147
218 66 25 230
218 73 51 23
218 98 33 116
218 104 40 389
218 107 55 186
218 108 59 75
219 2 41 390
219 4 1 229
219 5 13 369
219 22 22 205
219 29 51 414
219 35 31 201
219 38 7 334
219 49 16 89
219 60 25 26
219 76 19 52
219 95 37 208
219 97 49 135
219 100 28 231
219 105 47 108
219 115 43 369
220 8 31 182
220 17 28 399
220 26 22 122
220 28 3 175
220 32 40 277
220 39 11 327
220 52 43 425
220 70 55 171
220 75 49 252
220 79 7 377
220 88 45 196
220 92 58 421
220 114 1 250
220 117 37 448
220 119 13 325
221 7 55 33
221 12 23 276
221 13 7 159
221 19 25 48
221 21 1 443
221 37 40 28
221 40 53 158
221 49 19 89
221 54 35 194
221 57 31 40
221 66 13 230
221 84 57 114
221 92 49 421
221 114 29 266
221 120 46 441
222 5 15 369
222 12 29 276
222 16 25 322
222 24 47 317
222 42 51 39
222 49 22 89
222 50 31 203
222 55 9 133
222 70 37 171
222 71 55 42
222 72 49 278
222 95 40 208
222 96 45 29
222 98 35 116
222 114 33 250
223 8 55 182
223 11 16 345
223 24 49 317
223 36 51 247
223 37 31 28
223 43 1 342
223 54 39 194
223 67 28 214
223 72 53 278
223 73 43 57
223 90 25 106
223 98 37 116
223 101 34 222
223 103 45 383
223 118 59 183
224 1 1 187
224 9 7 343
224 12 53 276
224 43 31 165
224 46 19 218
224 49 25 89
224 51 43 253
224 54 41 194
224 61 13 342
224 86 57 326
224 102 49 388
224 103 47 383
224 104 59 389
224 112 55 8
224 116 37 301
225 5 17 369
225 18 4 20
225 19 31 48
225 29 19 139
225 36 55 247
225 43 7 342
225 61 25 132
225 63 53 429
225 65 43 246
225 68 49 352
225 72 57 278
225 82 1 392
225 112 59 8
225 115 13 355
225 117 40 448
226 7 57 33
226 12 55 91
226 16 31 322
226 25 49 125
226 36 53 247
226 46 13 286
226 62 3 34
226 86 59 326
226 87 37 248
226 88 47 196
226 89 7 295
226 90 43 106
226 94 25 60
226 100 19 424
226 112 1 57
227 3 9 14
227 14 31 294
227 15 41 353
227 28 5 175
227 41 57 86
227 42 53 39
227 52 3 425
227 54 43 194
227 56 45 147
227 64 49 148
227 79 37 437
227 89 13 295
227 90 28 106
227 96 55 29
227 111 22 397
228 7 59 33
228 20 43 160
228 24 53 317
228 36 57 247
228 44 28 146
228 48 31 47
228 51 40 253
228 62 7 387
228 81 34 81
228 83 16 396
228 97 51 135
228 99 5 257
228 107 19 186
228 109 37 31
228 115 1 355
229 2 37 390
229 10 58 228
229 17 31 399
229 27 51 73
229 29 1 338
229 30 9 405
229 49 28 89
229 53 47 307
229 56 39 147
229 66 13 98
229 67 34 214
229 74 55 430
229 83 22 396
229 113 25 136
229 116 43 301
230 4 7 229
230 12 31 276
230 19 49 48
230 25 55 125
230 47 33 236
230 49 46 89
230 50 59 203
230 56 19 300
230 64 13 95
230 70 4 184
230 73 53 23
230 90 1 149
230 95 43 208
230 98 39 116
230 113 28 136
231 24 55 317
231 29 9 338
231 39 17 327
231 40 57 158
231 47 1 166
231 52 27 425
231 64 37 95
231 69 31 141
231 74 34 430
231 79 13 377
231 84 59 114
231 109 21 31
231 113 46 136
231 114 7 266
231 120 49 441
232 2 43 390
232 4 13 229
232 14 19 294
232 16 37 322
232 42 55 39
232 44 31 146
232 54 45 194
232 57 34 40
232 61 7 132
232 73 47 57
232 87 1 332
232 90 57 106
232 101 49 222
232 109 27 31
232 120 52 441
233 6 1 450
233 24 51 317
233 26 31 122
233 34 55 119
233 35 57 201
233 44 34 146
233 45 37 303
233 48 28 47
233 59 40 275
233 62 9 387
233 84 23 307
233 91 45 176
233 93 15 169
233 104 43 389
233 106 5 104
234 4 21 229
234 5 19 369
234 7 5 182
234 10 25 228
234 18 16 20
234 21 7 443
234 23 55 297
234 25 1 11
234 42 57 39
234 44 37 146
234 46 43 286
234 50 35 203
234 74 28 9
234 76 13 52
234 116 49 301
235 3 11 14
235 6 15 450
235 14 25 294
235 17 34 399
235 18 7 20
235 39 13 327
235 58 1 121
235 68 43 352
235 77 55 409
235 89 19 295
235 90 46 106
235 102 57 388
235 103 49 383
235 115 51 369
235 118 39 183
236 10 52 228
236 13 7 30
236 28 41 175
236 38 13 334
236 39 19 327
236 55 11 133
236 63 59 429
236 66 37 98
236 85 43 239
236 105 49 108
236 110 31 82
236 111 25 397
236 115 21 355
236 116 55 301
236 120 1 287
237 12 47 276
237 15 11 123
237 33 53 161
237 38 19 334
237 39 15 327
237 42 59 39
237 57 37 40
237 66 43 230
237 77 57 409
237 85 31 281
237 100 40 424
237 102 7 105
237 109 51 257
237 111 28 397
237 116 1 403
238 15 45 353
238 18 19 20
238 23 1 46
238 47 25 166
238 54 47 194
238 64 3 128
238 71 57 42
238 74 22 9
238 82 51 380
238 85 13 281
238 100 37 424
238 107 31 186
238 109 40 31
238 114 11 266
238 116 7 403
239 1 25 187
239 9 19 343
239 37 43 28
239 41 37 86
239 47 9 166
239 49 31 89
239 52 46 425
239 62 3 387
239 72 51 278
239 76 7 52
239 82 55 380
239 92 34 65
239 109 49 31
239 112 57 8
239 116 13 403
240 1 31 187
240 15 47 353
240 21 19 443
240 25 7 11
240 27 45 73
240 34 57 119
240 41 13 86
240 46 25 134
240 47 37 166
240 53 5 307
240 65 49 246
240 80 16 330
240 88 53 196
240 100 1 231
240 106 11 104
241 19 55 48
241 20 53 160
241 25 13 11
241 26 28 122
241 30 5 415
241 35 49 201
241 42 46 47
241 43 34 165
241 44 40 146
241 46 7 218
241 47 1 236
241 73 59 23
241 80 19 330
241 100 37 231
241 117 43 448
242 22 16 205
242 25 25 11
242 49 43 89
242 50 37 203
242 57 40 40
242 62 13 387
242 63 55 429
242 67 46 214
242 80 22 330
242 84 29 307
242 85 49 281
242 89 31 295
242 96 57 29
242 112 3 57
242 119 10 325
243 5 21 369
243 14 37 294
243 26 34 122
243 31 4 153
243 35 13 255
243 46 43 134
243 52 51 425
243 53 7 307
243 54 49 194
243 70 31 171
243 71 59 42
243 79 25 377
243 86 1 421
243 91 9 31
243 97 55 135
244 25 31 11
244 26 43 122
244 31 58 93
244 35 1 255
244 40 55 158
244 48 37 47
244 49 40 89
244 80 25 330
244 81 28 81
244 87 49 248
244 96 5 304
244 101 46 222
244 108 7 142
244 109 53 31
244 116 19 403
245 15 49 353
245 33 59 161
245 46 25 350
245 56 1 300
245 58 34 97
245 72 55 278
245 73 57 23
245 83 13 410
245 95 46 208
245 109 31 31
245 110 19 151
245 113 37 136
245 114 9 266
245 118 51 183
245 119 16 325
246 21 13 443
246 23 57 297
246 26 37 122
246 27 53 73
246 28 9 175
246 33 7 188
246 58 40 97
246 70 22 171
246 71 1 430
246 73 45 57
246 90 34 106
246 96 49 29
246 103 51 383
246 104 47 389
246 107 3 298
247 1 43 129
247 13 19 360
247 24 59 317
247 33 1 188
247 45 49 303
247 47 13 166
247 54 51 194
247 61 10 342
247 71 3 430
247 73 33 57
247 81 37 81
247 84 25 307
247 97 57 135
247 101 40 222
247 113 7 172
248 5 23 369
248 6 19 450
248 8 43 182
248 12 41 276
248 15 51 353
248 20 33 160
248 27 55 73
248 54 53 194
248 63 57 429
248 73 35 57
248 97 59 135
248 102 13 105
248 104 1 115
248 115 25 355
248 118 49 183
249 7 17 182
249 18 10 20
249 29 39 213
249 30 59 405
249 44 49 146
249 57 43 40
249 63 1 51
249 64 55 95
249 68 46 352
249 70 13 171
249 73 37 57
249 93 19 169
249 97 3 36
249 103 53 383
249 109 33 31
250 1 37 187
250 5 25 369
250 14 1 109
250 16 55 322
250 25 19 11
250 32 43 277
250 33 11 188
250 59 27 233
250 61 46 132
250 64 13 128
250 87 7 332
250 88 51 196
250 104 49 389
250 109 59 31
250 111 31 397
251 21 37 443
251 30 3 415
251 42 49 47
251 45 57 303
251 49 34 89
251 61 51 132
251 66 7 80
251 76 21 52
251 83 31 396
251 88 55 196
251 93 17 169
251 99 1 257
251 112 5 57
251 115 43 355
251 116 25 403
252 2 52 390
252 10 25 142
252 11 55 122
252 12 5 139
252 19 37 48
252 26 49 122
252 33 3 188
252 55 13 133
252 64 7 95
252 91 59 176
252 92 16 65
252 93 21 169
252 94 31 60
252 114 1 266
252 117 46 448
253 17 43 399
253 28 11 175
253 30 52 405
253 33 9 188
253 51 46 253
253 56 31 147
253 60 28 26
253 62 16 387
253 77 59 409
253 85 55 281
253 90 49 106
253 94 37 60
253 100 13 231
253 108 3 75
253 112 7 57
254 4 25 229
254 13 55 133
254 15 53 353
254 27 29 168
254 32 46 277
254 35 19 255
254 60 31 26
254 63 3 51
254 70 49 171
254 79 37 377
254 84 34 307
254 96 7 304
254 99 9 257
254 100 16 231
254 101 43 222
255 11 13 178
255 13 1 435
255 16 19 143
255 34 59 119
255 37 52 28
255 43 16 342
255 51 49 253
255 58 55 97
255 60 34 26
255 78 25 188
255 82 7 392
255 83 28 396
255 94 43 60
255 107 9 298
255 115 37 355
256 3 13 14
256 20 41 160
256 29 7 213
256 39 21 327
256 42 57 47
256 58 43 97
256 75 37 252
256 80 28 330
256 84 31 307
256 87 33 248
256 95 49 208
256 96 3 304
256 103 55 383
256 104 52 389
256 106 17 104
257 4 31 229
257 8 1 358
257 13 19 159
257 19 43 48
257 20 47 160
257 22 25 205
257 43 16 37
257 45 59 303
257 56 7 300
257 65 55 246
257 70 13 184
257 81 40 81
257 92 28 65
257 105 52 108
257 117 49 448
258 5 27 369
258 17 37 399
258 24 57 317
258 33 13 188
258 34 23 175
258 37 49 28
258 45 55 303
258 53 9 307
258 55 15 133
258 57 46 40
258 61 31 132
258 71 5 430
258 107 19 298
258 112 11 57
258 118 53 183
259 1 49 187
259 4 43 229
259 11 4 178
259 12 59 276
259 18 22 20
259 30 7 415
259 49 37 89
259 52 53 425
259 53 11 307
259 61 40 132
259 75 55 252
259 77 1 129
259 80 31 330
259 85 25 281
259 112 9 57
260 30 49 405
260 31 7 153
260 37 46 28
260 41 1 258
260 48 34 47
260 55 17 133
260 67 43 214
260 74 25 430
260 85 37 281
260 87 13 332
260 92 4 65
260 93 23 169
260 114 57 250
260 117 52 448
260 118 55 183
261 24 3 160
261 27 11 168
261 38 25 334
261 42 55 47
261 47 19 166
261 50 39 203
261 68 52 352
261 72 59 278
261 82 5 392
261 97 1 36
261 99 57 55
261 100 46 424
261 110 13 82
261 114 17 266
261 115 31 355
262 5 29 369
262 12 11 139
262 21 25 443
262 40 3 195
262 53 13 307
262 73 39 57
262 75 43 252
262 85 7 281
262 92 19 65
262 95 52 208
262 97 5 36
262 103 58 383
262 105 1 201
262 111 34 397
262 117 55 448
263 5 31 369
263 8 49 182
263 17 40 399
263 28 13 175
263 30 1 415
263 35 25 255
263 54 58 194
263 55 19 133
263 62 11 387
263 63 5 51
263 68 55 352
263 87 45 248
263 97 7 36
263 98 43 116
263 105 3 201
264 23 3 46
264 29 31 338
264 46 15 218
264 55 21 133
264 63 7 51
264 74 37 430
264 85 43 281
264 89 25 295
264 91 13 31
264 93 29 169
264 94 49 60
264 96 9 304
264 98 41 116
264 106 23 104
264 109 57 257
265 9 13 343
265 10 31 142
265 14 19 109
265 25 37 11
265 30 17 415
265 36 59 247
265 37 10 26
265 49 49 89
265 65 1 398
265 68 7 64
265 74 34 9
265 84 27 307
265 89 43 295
265 90 52 106
265 94 55 60
266 1 55 384
266 23 5 46
266 24 1 160
266 28 15 175
266 39 23 327
266 45 53 303
266 46 25 218
266 62 19 387
266 64 49 95
266 72 3 73
266 74 40 9
266 75 7 303
266 81 43 81
266 83 37 396
266 116 31 403
267 39 25 327
267 43 51 165
267 47 13 236
267 59 19 233
267 68 58 352
267 70 9 184
267 71 7 430
267 72 1 73
267 73 49 57
267 74 31 9
267 80 34 330
267 95 55 208
267 104 45 389
267 116 37 403
267 119 22 325
268 2 47 390
268 23 7 46
268 24 5 160
268 29 13 215
268 34 25 175
268 35 31 255
268 38 43 334
268 43 22 342
268 61 49 342
268 77 3 129
268 89 37 295
268 101 52 222
268 106 29 104
268 113 10 172
268 115 55 355
269 3 15 14
269 4 37 229
269 8 19 358
269 11 43 178
269 21 31 443
269 32 49 277
269 52 7 37
269 53 17 307
269 63 9 51
269 73 52 57
269 86 5 421
269 94 1 354
269 95 58 208
269 104 55 389
269 110 25 151
270 11 31 178
270 24 7 160
270 38 1 334
270 42 11 99
270 57 49 40
270 65 13 398
270 71 9 430
270 76 23 52
270 84 40 307
270 89 57 295
270 94 19 354
270 101 25 384
270 105 55 108
270 111 37 397
270 119 28 325
271 5 33 369
271 11 40 178
271 25 43 11
271 28 17 175
271 31 13 153
271 39 27 327
271 43 4 342
271 47 49 166
271 58 37 97
271 65 7 398
271 76 25 52
271 87 19 332
271 96 11 304
271 105 58 108
271 120 55 441
272 2 33 390
272 19 21 99
272 21 13 143
272 28 19 175
272 37 55 28
272 39 29 327
272 51 52 253
272 56 25 300
272 80 37 330
272 90 4 149
272 97 9 36
272 111 40 397
272 116 43 403
272 117 1 2
272 120 58 441
273 1 19 187
273 2 49 390
273 8 25 358
273 11 34 178
273 34 29 175
273 36 1 223
273 44 43 146
273 61 57 132
273 73 55 57
273 77 5 129
273 78 7 56
273 86 10 421
273 94 13 354
273 103 3 239
273 109 46 31
274 9 31 343
274 12 1 139
274 16 43 322
274 19 13 99
274 20 55 160
274 27 59 73
274 33 17 188
274 41 7 86
274 58 49 97
274 64 19 128
274 73 57 57
274 74 52 9
274 78 10 56
274 94 25 354
274 107 37 186
275 7 11 182
275 11 25 178
275 41 43 86
275 43 46 165
275 58 58 97
275 67 39 214
275 72 5 73
275 74 55 9
275 75 19 303
275 78 13 56
275 84 37 307
275 86 7 421
275 95 1 235
275 112 16 57
275 115 49 355
276 10 4 142
276 22 28 205
276 26 46 122
276 33 15 188
276 48 40 47
276 54 55 194
276 65 19 398
276 68 1 64
276 81 49 81
276 91 7 31
276 92 52 421
276 97 11 36
276 106 35 104
276 112 13 57
276 114 23 266
277 4 57 229
277 15 55 353
277 17 46 399
277 19 7 99
277 28 21 175
277 35 37 255
277 44 52 146
277 46 31 350
277 63 11 51
277 78 16 56
277 91 19 31
277 98 49 116
277 100 25 231
277 104 3 115
277 111 43 397
278 2 45 390
278 3 17 14
278 4 49 229
278 9 25 343
278 26 40 122
278 29 13 139
278 30 55 405
278 33 19 188
278 43 58 165
278 62 29 387
278 68 4 64
278 82 9 392
278 93 31 169
278 100 21 231
278 103 1 239
279 10 49 142
279 40 59 158
279 41 40 86
279 51 55 253
279 53 15 307
279 60 37 26
279 65 25 398
279 68 10 64
279 73 47 26
279 75 43 303
279 93 34 169
279 96 13 304
279 101 1 384
279 115 21 36
279 119 31 325
280 2 11 239
280 14 43 294
280 17 55 399
280 24 9 160
280 38 31 334
280 41 4 258
280 43 25 342
280 56 37 300
280 57 58 40
280 68 13 64
280 74 16 9
280 77 7 129
280 96 21 29
280 113 1 172
280 116 49 403
281 1 13 333
281 3 19 14
281 15 1 123
281 20 27 160
281 36 3 223
281 37 58 28
281 39 31 327
281 48 43 47
281 50 41 203
281 52 49 425
281 59 52 275
281 77 9 129
281 101 55 222
281 115 33 36
281 118 37 133
282 9 37 343
282 16 25 143
282 22 31 205
282 44 1 206
282 55 23 133
282 63 13 51
282 76 29 52
282 81 4 428
282 84 43 307
282 92 34 242
282 94 7 354
282 98 51 116
282 102 19 105
282 111 46 397
282 116 55 403
283 7 23 182
283 50 43 203
283 54 1 181
283 60 40 26
283 67 3 345
283 72 7 73
283 88 57 196
283 91 15 31
283 97 13 36
283 100 10 231
283 101 37 222
283 102 25 105
283 110 45 82
283 112 19 57
283 113 49 136
284 13 13 292
284 17 49 399
284 22 34 205
284 24 11 160
284 34 27 175
284 48 52 47
284 55 25 133
284 66 7 230
284 67 58 214
284 98 45 116
284 99 3 257
284 100 31 231
284 103 5 239
284 106 41 104
284 112 21 57
285 27 5 168
285 35 43 255
285 43 39 342
285 52 9 37
285 60 49 26
285 61 55 342
285 68 16 64
285 73 59 57
285 81 52 81
285 85 1 134
285 87 25 332
285 93 37 169
285 96 23 304
285 107 31 298
285 110 19 82
286 5 35 369
286 7 29 182
286 13 39 133
286 15 57 353
286 19 25 99
286 21 43 443
286 31 10 153
286 46 19 286
286 54 5 181
286 56 13 300
286 58 52 97
286 73 55 26
286 91 17 31
286 94 31 354
286 116 1 49
287 22 49 205
287 23 9 46
287 30 13 415
287 40 1 195
287 41 52 86
287 47 55 2
287 50 45 203
287 61 31 342
287 62 21 387
287 63 15 51
287 64 25 128
287 69 11 91
287 83 34 396
287 87 37 332
287 105 5 201
288 1 55 187
288 8 7 358
288 9 43 343
288 27 17 168
288 30 15 415
288 55 27 133
288 61 34 342
288 66 21 230
288 69 13 91
288 71 11 430
288 75 1 303
288 89 49 295
288 92 31 65
288 114 19 266
288 115 37 36
289 6 25 450
289 11 22 178
289 21 49 443
289 25 55 11
289 47 13 341
289 55 29 133
289 59 46 233
289 62 35 387
289 68 19 64
289 82 11 392
289 83 43 396
289 92 1 242
289 94 37 354
289 110 31 134
289 116 7 49
290 4 3 244
290 47 19 236
290 52 33 425
290 66 37 172
290 72 11 73
290 76 31 52
290 84 45 307
290 88 1 215
290 101 13 384
290 103 7 239
290 105 9 201
290 112 23 57
290 115 49 36
290 117 58 448
290 119 25 325
291 15 5 123
291 17 52 399
291 39 33 327
291 44 55 146
291 49 58 89
291 50 47 203
291 52 11 37
291 53 19 307
291 54 3 181
291 59 43 233
291 89 7 235
291 99 16 257
291 108 39 75
291 111 49 397
291 113 13 172
292 20 45 160
292 22 37 205
292 23 11 46
292 24 15 160
292 25 49 11
292 35 55 255
292 39 40 327
292 55 35 133
292 65 31 398
292 71 13 430
292 74 4 30
292 78 19 56
292 85 7 134
292 92 1 65
292 112 25 57
293 3 21 14
293 9 1 94
293 17 58 399
293 26 7 1
293 33 23 188
293 34 31 175
293 40 5 195
293 49 55 89
293 59 33 233
293 80 40 330
293 93 25 169
293 96 17 304
293 107 13 298
293 111 52 397
293 112 27 57
294 5 37 369
294 15 9 123
294 21 1 143
294 23 13 46
294 39 35 327
294 51 58 253
294 54 7 181
294 55 31 133
294 57 52 40
294 61 15 242
294 76 27 52
294 83 40 396
294 106 47 104
294 109 43 31
294 118 45 183
295 1 1 333
295 13 31 159
295 34 47 175
295 35 49 255
295 45 7 9
295 53 21 307
295 54 9 181
295 62 25 387
295 79 43 377
295 90 58 390
295 92 27 242
295 100 13 109
295 102 37 105
295 104 5 115
295 119 55 325
296 7 35 182
296 14 13 294
296 17 1 412
296 18 25 20
296 33 28 188
296 55 33 133
296 59 55 233
296 68 22 64
296 70 58 171
296 76 37 52
296 87 43 332
296 99 51 55
296 100 4 231
296 106 53 104
296 110 39 82
297 11 58 122
297 31 16 153
297 38 37 334
297 40 7 195
297 44 46 146
297 58 4 121
297 61 43 132
297 66 31 80
297 74 1 9
297 89 21 235
297 91 25 31
297 96 27 304
297 97 19 36
297 109 51 31
297 114 13 266
298 5 41 369
298 13 7 360
298 15 59 353
298 23 17 46
298 26 52 122
298 27 23 168
298 43 1 37
298 61 4 242
298 65 37 398
298 71 15 430
298 74 31 300
298 75 25 303
298 112 29 57
298 114 21 266
298 115 43 36
299 3 23 14
299 21 7 143
299 30 29 415
299 35 25 36
299 43 43 342
299 52 5 37
299 56 49 147
299 67 31 345
299 77 11 129
299 79 19 377
299 86 3 421
299 92 46 421
299 97 15 36
299 101 58 222
299 111 55 397
300 9 49 343
300 20 17 117
300 33 21 188
300 41 46 86
300 45 4 9
300 49 1 259
300 52 59 425
300 54 11 181
300 56 55 147
300 70 34 171
300 73 53 26
300 85 13 134
300 99 7 257
300 107 25 298
300 112 31 57
Điểm tối ưu: 4497
Thời gian: 360.089491 giây
Trạng thái: VALID
