1425
1 5 19 23
1 7 16 17
1 8 23 34
1 10 11 131
1 11 29 58
1 12 34 26
1 17 37 33
1 18 2 123
1 23 25 91
1 28 31 141
1 30 5 85
1 32 13 8
1 37 58 83
1 38 7 74
2 4 16 15
2 5 7 23
2 10 28 71
2 11 19 58
2 15 25 107
2 16 14 54
2 17 49 21
2 21 21 88
2 27 23 98
2 28 4 111
2 30 11 85
2 31 31 37
2 32 1 8
2 36 43 13
2 39 37 5
3 1 1 106
3 6 17 30
3 7 10 17
3 8 5 44
3 11 31 103
3 12 39 26
3 13 7 66
3 14 52 36
3 17 56 2
3 21 22 40
3 22 46 138
3 26 25 24
3 33 19 121
3 38 13 74
4 2 13 41
4 3 1 132
4 4 10 55
4 5 25 23
4 6 37 95
4 10 17 71
4 11 29 103
4 18 7 123
4 20 4 116
4 24 56 139
4 26 31 125
4 28 22 111
4 31 44 37
4 35 19 147
4 39 49 95
5 2 19 41
5 6 23 30
5 13 2 66
5 14 16 16
5 16 28 54
5 17 39 42
5 18 10 123
5 19 33 133
5 21 31 29
5 24 44 135
5 25 7 92
5 27 5 98
5 31 50 102
5 33 13 121
5 37 25 77
6 5 13 23
6 8 57 34
6 9 1 96
6 10 4 71
6 15 22 107
6 19 41 133
6 20 7 116
6 24 32 145
6 25 10 25
6 26 49 24
6 27 17 98
6 34 20 69
6 37 46 77
6 38 25 74
6 39 37 52
7 1 7 106
7 3 15 132
7 8 25 44
7 11 11 139
7 16 5 9
7 21 13 40
7 24 31 139
7 25 51 25
7 27 37 98
7 28 27 141
7 30 1 85
7 31 19 37
7 36 39 13
7 39 44 75
7 40 3 115
8 2 25 41
8 4 23 55
8 5 32 23
8 6 7 95
8 11 43 58
8 13 10 66
8 16 41 54
8 18 13 123
8 19 29 126
8 23 19 91
8 24 37 145
8 25 1 25
8 26 57 104
8 32 4 8
8 36 16 72
9 1 13 106
9 6 25 95
9 11 17 139
9 13 20 66
9 14 55 16
9 16 53 54
9 19 31 78
9 20 1 84
9 21 33 88
9 22 23 138
9 25 3 60
9 26 37 99
9 32 7 8
9 35 28 136
9 40 10 5
10 1 19 106
10 2 31 41
10 3 3 132
10 11 23 145
10 14 37 16
10 21 11 29
10 22 49 138
10 25 13 92
10 27 55 98
10 31 25 93
10 33 16 121
10 34 1 69
10 35 40 136
10 38 7 127
10 40 5 127
11 1 26 106
11 3 5 132
11 4 1 81
11 7 51 17
11 11 23 58
11 12 17 23
11 13 13 66
11 19 35 133
11 22 39 138
11 23 19 32
11 25 10 92
11 29 7 19
11 32 44 8
11 33 31 121
11 34 3 69
12 12 27 26
12 14 58 62
12 17 31 42
12 19 25 78
12 20 3 84
12 22 19 138
12 24 51 145
12 25 7 25
12 28 15 141
12 30 13 85
12 31 38 93
12 32 10 8
12 34 5 69
12 36 22 72
12 40 1 5
13 1 31 106
13 2 3 41
13 4 26 55
13 6 20 95
13 10 41 71
13 18 16 123
13 20 1 116
13 22 35 138
13 24 49 100
13 25 7 60
13 26 37 125
13 33 10 140
13 36 22 143
13 39 44 5
13 40 13 5
14 2 8 41
14 5 37 23
14 6 31 95
14 7 13 17
14 8 41 34
14 15 34 107
14 16 19 9
14 17 43 33
14 22 57 138
14 30 16 85
14 31 25 70
14 33 22 121
14 36 49 13
14 38 2 74
14 40 29 5
15 1 38 106
15 2 43 41
15 11 29 145
15 16 5 54
15 17 49 42
15 18 20 123
15 19 35 78
15 23 1 32
15 26 55 24
15 28 25 134
15 29 10 19
15 32 16 8
15 33 7 140
15 36 13 58
15 39 31 52
16 1 43 106
16 7 1 17
16 8 22 44
16 12 9 26
16 13 16 66
16 16 31 9
16 17 55 42
16 19 29 133
16 20 5 84
16 21 25 29
16 25 19 92
16 26 49 125
16 27 27 98
16 33 13 140
16 34 7 69
17 1 49 106
17 2 37 41
17 6 31 16
17 9 2 46
17 11 43 145
17 16 33 9
17 20 41 116
17 25 10 60
17 29 13 19
17 30 25 85
17 33 7 121
17 36 45 72
17 38 20 74
17 39 55 5
17 40 28 115
18 2 50 41
18 7 4 17
18 9 7 46
18 10 17 68
18 19 31 126
18 23 13 32
18 24 43 3
18 27 25 98
18 29 1 19
18 30 33 85
18 32 19 8
18 33 10 121
18 35 22 147
18 39 27 117
18 40 47 127
19 2 55 41
19 6 16 95
19 8 29 34
19 10 47 68
19 11 5 139
19 13 26 66
19 15 37 2
19 21 19 29
19 22 33 138
19 23 7 91
19 27 21 98
19 28 13 134
19 36 44 143
19 37 40 77
19 38 1 127
20 3 7 132
20 4 23 81
20 6 39 95
20 9 10 46
20 11 37 103
20 12 15 26
20 13 31 66
20 14 19 16
20 19 41 78
20 20 13 116
20 24 43 100
20 28 25 48
20 31 1 102
20 37 28 42
21 4 7 81
21 6 1 16
21 8 5 34
21 11 20 103
21 17 49 33
21 20 10 116
21 21 3 88
21 23 25 32
21 24 55 100
21 27 39 98
21 28 44 111
21 30 23 123
21 34 53 69
21 37 16 77
21 38 31 74
22 3 9 132
22 6 33 16
22 8 7 44
22 10 11 71
22 12 5 26
22 15 20 2
22 16 23 54
22 18 25 123
22 20 16 116
22 24 45 145
22 27 31 98
22 33 1 121
22 39 37 75
23 7 7 17
23 9 13 46
23 11 41 139
23 12 11 26
23 13 34 66
23 16 16 54
23 18 28 123
23 21 19 88
23 22 26 138
23 25 1 92
23 28 4 48
23 30 22 93
23 31 37 37
23 37 31 77
23 39 49 5
24 3 11 132
24 6 13 30
24 7 19 17
24 8 25 34
24 9 43 96
24 11 5 145
24 13 50 66
24 15 46 107
24 18 31 123
24 23 1 91
24 26 15 24
24 27 53 98
24 30 56 85
24 35 7 147
24 39 38 117
25 3 13 132
25 4 29 15
25 5 1 23
25 8 31 34
25 9 16 46
25 11 23 103
25 12 7 26
25 15 25 2
25 19 9 126
25 21 5 88
25 26 19 125
25 27 33 98
25 30 58 85
25 36 55 13
25 40 53 127
26 1 55 106
26 5 51 23
26 8 15 34
26 9 4 96
26 17 39 79
26 18 34 123
26 19 7 133
26 22 37 138
26 23 19 149
26 26 43 125
26 29 1 89
26 30 49 85
26 34 9 69
26 36 28 143
26 40 31 127
27 3 49 132
27 4 4 81
27 5 43 23
27 7 25 17
27 8 11 44
27 14 52 16
27 17 31 21
27 18 37 123
27 20 7 84
27 27 9 98
27 31 13 37
27 32 40 57
27 33 1 140
27 37 55 77
27 39 20 112
28 4 19 55
28 5 55 23
28 7 22 17
28 10 38 131
28 11 7 103
28 12 43 26
28 15 28 107
28 18 40 123
28 21 10 40
28 22 53 138
28 25 4 92
28 32 25 8
28 36 1 143
28 37 34 47
28 38 13 127
29 1 1 27
29 5 7 12
29 7 32 17
29 10 21 68
29 12 25 26
29 14 55 62
29 18 43 123
29 20 49 116
29 25 13 25
29 32 28 8
29 36 16 13
29 39 51 75
29 40 11 115
30 1 7 27
30 4 43 55
30 6 1 95
30 8 13 34
30 13 37 66
30 17 31 86
30 18 46 123
30 22 51 138
30 24 55 56
30 28 40 141
30 29 4 89
30 33 16 140
30 34 11 69
30 37 22 77
30 39 25 52
31 3 17 132
31 7 28 17
31 10 9 131
31 14 46 62
31 16 7 9
31 19 11 126
31 24 19 99
31 26 55 125
31 27 3 98
31 33 50 121
31 35 43 147
31 37 34 77
31 38 37 74
31 39 13 112
31 40 1 115
32 3 19 132
32 5 1 12
32 7 37 17
32 9 22 46
32 10 16 131
32 11 7 58
32 12 29 26
32 13 40 66
32 30 43 85
32 31 25 102
32 32 32 8
32 34 13 69
32 35 45 136
32 36 51 143
33 1 14 27
33 4 2 15
33 5 26 12
33 8 46 34
33 9 7 96
33 10 11 68
33 14 43 62
33 15 31 107
33 20 19 116
33 30 51 85
33 31 55 37
33 32 37 8
33 33 4 121
33 34 22 69
33 36 34 13
34 1 25 27
34 3 21 132
34 5 1 109
34 8 19 44
34 11 5 58
34 12 47 26
34 14 40 62
34 15 37 107
34 17 49 79
34 19 13 78
34 20 55 84
34 26 7 99
34 33 34 121
34 37 31 47
34 38 43 74
35 1 45 27
35 4 23 15
35 7 40 17
35 8 16 44
35 9 55 46
35 14 50 62
35 16 27 9
35 19 33 78
35 22 29 138
35 23 2 149
35 27 14 98
35 28 7 111
35 33 19 140
35 37 10 77
36 1 19 27
36 5 31 12
36 12 13 26
36 15 40 107
36 20 9 84
36 21 7 29
36 28 44 134
36 29 4 19
36 30 35 85
36 33 37 121
36 34 15 69
36 35 49 147
36 38 25 127
36 39 55 52
36 40 11 127
37 1 31 27
37 6 4 30
37 14 49 16
37 15 28 2
37 17 13 21
37 20 21 116
37 21 1 29
37 23 7 149
37 29 46 89
37 31 55 102
37 34 17 69
37 36 25 13
37 37 43 77
37 39 37 112
37 40 41 127
38 1 37 27
38 4 10 15
38 6 2 30
38 8 31 44
38 11 17 145
38 13 43 66
38 14 7 16
38 16 59 9
38 21 15 40
38 22 55 138
38 25 4 25
38 26 19 24
38 35 34 136
38 36 25 143
38 40 29 127
39 1 49 27
39 4 11 81
39 7 43 17
39 10 28 131
39 11 16 103
39 12 53 26
39 20 23 116
39 24 33 135
39 25 13 60
39 30 31 85
39 31 19 102
39 33 4 140
39 34 26 69
39 35 1 147
40 6 44 16
40 9 10 96
40 12 23 26
40 14 4 16
40 15 19 107
40 19 37 133
40 20 13 84
40 24 25 139
40 28 1 134
40 30 31 93
40 34 29 69
40 35 52 147
40 39 33 117
40 40 17 115
41 1 55 27
41 3 23 132
41 4 13 15
41 6 41 95
41 7 46 17
41 8 34 34
41 14 37 62
41 15 31 2
41 17 1 79
41 23 7 32
41 29 16 89
41 30 28 85
41 33 25 140
41 38 19 127
41 39 49 117
42 5 13 12
42 7 55 17
42 9 25 46
42 20 11 84
42 27 5 102
42 28 8 48
42 30 53 85
42 34 31 69
42 35 37 136
42 36 40 143
42 37 19 77
42 38 33 127
42 39 1 75
43 3 25 132
43 8 27 44
43 9 13 96
43 10 5 68
43 12 1 26
43 14 34 62
43 17 43 86
43 19 56 78
43 21 3 40
43 24 20 100
43 31 8 70
43 32 40 8
43 35 37 147
43 36 16 143
44 4 17 81
44 5 7 109
44 6 46 16
44 7 58 17
44 16 1 54
44 17 19 86
44 18 49 123
44 24 3 100
44 30 23 85
44 31 26 37
44 34 33 69
44 36 37 143
44 39 13 52
44 40 44 115
45 4 31 55
45 5 19 12
45 6 10 30
45 9 16 96
45 11 35 139
45 14 7 36
45 17 43 21
45 19 4 78
45 24 37 100
45 28 1 48
45 33 28 140
45 35 58 136
45 36 13 143
45 37 52 77
46 9 28 46
46 10 14 131
46 11 25 103
46 12 3 26
46 15 16 107
46 17 43 79
46 18 55 123
46 21 1 88
46 22 5 138
46 27 23 41
46 32 49 8
46 37 7 83
46 38 37 127
47 3 27 132
47 10 23 68
47 17 33 79
47 18 52 123
47 19 43 78
47 21 17 29
47 22 31 138
47 23 13 149
47 24 19 145
47 26 7 125
47 30 38 85
47 32 55 8
47 35 1 136
47 36 4 143
48 3 29 132
48 4 46 55
48 14 22 36
48 17 55 21
48 19 11 133
48 21 32 40
48 22 1 128
48 24 37 139
48 26 7 104
48 28 4 141
48 31 13 102
48 35 25 136
48 38 49 74
48 40 20 5
49 7 28 82
49 12 41 26
49 13 46 66
49 14 10 36
49 16 52 9
49 20 16 84
49 22 59 138
49 23 32 32
49 25 19 25
49 26 55 99
49 27 1 98
49 31 37 102
49 37 43 47
49 40 4 5
50 5 13 109
50 6 35 30
50 7 1 82
50 9 31 96
50 10 4 131
50 14 28 62
50 17 49 2
50 19 45 78
50 20 19 84
50 21 7 40
50 23 37 32
50 24 9 100
50 25 22 92
50 28 25 111
50 39 55 95
51 3 31 132
51 4 7 55
51 6 26 30
51 7 4 82
51 9 33 46
51 18 58 123
51 20 21 84
51 24 9 145
51 32 52 8
51 33 37 140
51 35 13 147
51 37 49 47
51 39 44 117
51 40 1 28
52 7 7 82
52 12 37 26
52 14 25 62
52 16 39 9
52 19 5 126
52 23 43 32
52 24 13 145
52 28 10 111
52 30 3 85
52 32 58 8
52 33 22 140
52 34 56 69
52 39 32 75
53 4 29 55
53 6 5 95
53 11 9 139
53 12 21 26
53 14 31 36
53 19 11 78
53 25 16 92
53 26 25 125
53 27 35 41
53 30 59 93
53 32 1 39
53 33 43 121
53 35 46 147
53 37 37 47
53 40 7 28
54 4 16 55
54 6 28 95
54 7 10 82
54 11 1 145
54 13 55 66
54 14 13 16
54 16 19 54
54 19 21 133
54 23 49 32
54 28 58 141
54 32 4 39
54 34 35 69
54 35 31 147
55 15 10 107
55 16 13 9
55 21 22 29
55 23 55 32
55 27 29 98
55 28 1 141
55 30 20 85
55 31 49 70
55 33 32 140
55 34 37 69
55 35 16 147
55 36 4 72
55 39 25 75
55 40 8 115
56 4 1 55
56 8 29 44
56 9 37 46
56 10 34 68
56 11 14 103
56 16 57 9
56 22 3 138
56 23 25 149
56 28 44 141
56 29 10 89
56 30 53 93
56 31 49 93
56 32 7 39
56 33 40 140
56 39 19 52
57 3 33 132
57 4 21 55
57 14 56 36
57 16 1 9
57 17 9 33
57 19 14 133
57 22 7 138
57 23 37 149
57 25 16 25
57 26 3 99
57 27 29 41
57 31 45 93
57 33 25 121
57 35 49 136
57 37 52 47
58 5 37 12
58 6 19 30
58 7 13 82
58 8 11 34
58 14 22 62
58 19 1 78
58 23 43 149
58 26 25 104
58 29 49 19
58 31 7 37
58 32 34 39
58 35 52 136
58 37 55 47
58 40 3 28
59 6 7 30
59 7 16 82
59 14 40 16
59 16 29 9
59 19 23 78
59 21 1 40
59 22 13 138
59 24 19 135
59 26 9 24
59 27 50 98
59 31 55 93
59 35 4 136
59 38 43 127
59 40 59 127
60 3 37 132
60 5 19 109
60 9 49 46
60 10 23 71
60 13 28 10
60 14 31 62
60 15 4 107
60 17 13 79
60 18 25 130
60 20 40 84
60 26 44 99
60 31 7 102
60 35 34 147
60 36 1 13
60 39 56 112
61 4 40 81
61 5 31 109
61 6 3 95
61 7 19 82
61 10 7 71
61 15 49 107
61 17 57 86
61 19 1 133
61 20 52 84
61 21 5 29
61 24 25 100
61 29 16 19
61 31 43 102
61 32 10 39
61 36 13 13
62 4 34 55
62 7 22 82
62 9 52 46
62 12 31 26
62 13 15 56
62 14 19 62
62 18 1 130
62 20 57 116
62 24 43 139
62 25 25 25
62 26 38 24
62 29 7 89
62 37 28 77
63 4 9 81
63 7 25 82
63 11 46 58
63 12 23 106
63 13 1 56
63 15 43 107
63 16 7 54
63 18 4 130
63 25 16 60
63 26 32 99
63 28 13 48
63 30 29 93
63 34 39 69
63 35 55 147
64 3 39 132
64 4 25 81
64 14 2 36
64 20 28 116
64 22 17 138
64 26 49 104
64 27 11 98
64 30 34 93
64 32 14 39
64 33 46 121
64 34 41 69
64 35 7 136
64 37 19 83
64 39 55 117
65 3 41 132
65 7 37 82
65 8 13 44
65 9 43 46
65 16 3 9
65 22 10 128
65 23 31 149
65 32 19 39
65 33 49 140
65 34 46 69
65 37 7 77
65 38 55 74
65 39 15 117
65 40 23 127
66 5 43 12
66 7 31 82
66 17 55 79
66 18 7 130
66 21 17 40
66 22 5 128
66 23 13 91
66 25 22 25
66 28 52 141
66 31 37 70
66 35 19 136
66 36 1 72
66 39 25 112
67 3 43 132
67 4 39 55
67 7 34 82
67 9 19 96
67 11 10 58
67 12 45 26
67 13 4 56
67 14 27 16
67 16 25 9
67 20 32 116
67 22 15 138
67 23 49 149
67 29 22 19
67 37 1 42
68 4 41 55
68 9 22 96
68 10 25 71
68 12 19 26
68 13 38 56
68 15 13 107
68 18 10 130
68 20 53 116
68 24 55 135
68 25 28 25
68 26 31 104
68 28 49 134
68 39 1 52
68 40 17 28
69 8 8 34
69 9 40 46
69 11 10 103
69 12 59 23
69 14 14 62
69 15 1 107
69 17 55 33
69 23 32 91
69 25 27 92
69 29 19 89
69 32 22 39
69 34 43 69
69 35 4 147
69 38 49 127
70 6 21 30
70 7 40 82
70 13 7 56
70 16 10 9
70 18 13 130
70 19 28 78
70 20 34 116
70 24 1 135
70 29 45 19
70 32 25 39
70 35 31 136
70 37 49 77
70 39 56 75
70 40 19 115
71 7 43 82
71 8 27 34
71 9 46 46
71 11 7 145
71 14 58 16
71 15 19 80
71 17 51 3
71 21 13 88
71 23 37 91
71 25 31 92
71 26 2 104
71 28 16 48
71 29 22 89
71 34 49 69
71 36 9 143
72 3 45 132
72 7 2 93
72 14 40 36
72 15 10 2
72 17 20 79
72 20 37 84
72 28 7 141
72 29 25 89
72 31 31 70
72 34 51 69
72 35 28 147
72 37 15 83
72 38 55 127
72 40 13 115
73 3 47 132
73 6 43 95
73 7 49 82
73 11 53 139
73 17 19 33
73 21 13 29
73 22 1 138
73 24 31 100
73 28 7 134
73 29 28 89
73 30 5 123
73 34 58 69
73 35 25 147
73 36 10 72
73 40 17 5
74 3 51 132
74 6 47 95
74 7 55 82
74 8 49 44
74 14 4 62
74 16 35 9
74 18 40 130
74 21 11 88
74 23 43 91
74 24 13 100
74 29 31 89
74 32 28 39
74 36 19 13
74 39 7 117
75 6 13 95
75 17 25 33
75 18 16 130
75 19 47 133
75 23 49 91
75 24 55 145
75 25 31 25
75 26 37 104
75 29 34 89
75 31 1 70
75 33 44 140
75 35 22 136
75 36 19 143
75 38 7 76
75 40 5 28
76 9 40 96
76 13 10 56
76 15 46 2
76 16 17 9
76 18 19 130
76 23 55 149
76 25 34 92
76 29 37 89
76 32 31 39
76 34 1 144
76 37 3 83
76 39 25 5
76 40 15 5
77 3 53 132
77 4 5 15
77 5 25 109
77 15 7 107
77 17 19 42
77 20 37 116
77 24 49 139
77 25 56 60
77 28 10 141
77 32 44 39
77 33 40 121
77 37 13 77
77 38 1 76
77 39 33 112
78 4 21 81
78 5 55 12
78 6 35 16
78 7 46 82
78 9 49 96
78 14 10 62
78 28 37 134
78 29 40 89
78 30 5 93
78 31 31 102
78 33 28 121
78 34 3 144
78 36 7 72
78 38 13 76
79 4 29 81
79 7 52 82
79 10 7 68
79 17 31 33
79 18 22 130
79 21 45 29
79 23 55 91
79 26 13 104
79 27 19 98
79 28 49 141
79 32 37 39
79 33 1 47
79 35 10 147
79 38 25 76
79 40 5 115
80 3 55 132
80 6 28 30
80 9 25 96
80 10 7 131
80 12 49 26
80 16 9 54
80 20 23 84
80 25 37 92
80 31 1 37
80 34 5 144
80 35 13 136
80 38 19 76
80 39 43 52
81 5 49 12
81 8 9 44
81 11 27 103
81 13 19 56
81 20 25 84
81 25 34 25
81 26 1 125
81 31 55 70
81 32 40 39
81 35 16 80
81 36 13 72
81 37 31 83
81 40 22 5
82 9 28 96
82 12 58 26
82 15 55 107
82 16 15 9
82 18 31 130
82 19 17 78
82 20 34 84
82 26 43 104
82 27 11 102
82 28 4 134
82 32 49 39
82 33 52 140
82 37 37 77
82 40 8 5
83 5 44 109
83 6 34 95
83 10 19 68
83 13 22 56
83 17 13 42
83 20 39 116
83 24 25 145
83 25 55 25
83 27 59 98
83 29 49 89
83 32 52 39
83 34 7 144
83 35 10 136
83 39 1 117
84 4 5 55
84 8 1 34
84 9 37 96
84 10 25 68
84 15 34 2
84 16 22 9
84 17 13 33
84 22 3 128
84 24 49 56
84 27 57 98
84 29 19 19
84 34 9 144
84 36 28 13
84 39 44 112
85 6 25 16
85 7 58 82
85 9 46 96
85 11 35 103
85 12 5 148
85 20 27 84
85 22 43 138
85 23 1 3
85 28 19 48
85 29 37 19
85 33 55 140
85 35 40 147
85 38 31 76
85 39 7 112
85 40 15 115
86 7 13 93
86 8 1 44
86 9 55 96
86 10 32 68
86 14 19 36
86 18 34 130
86 20 29 84
86 23 7 3
86 24 25 135
86 26 49 99
86 27 46 98
86 32 58 39
86 33 4 47
86 35 16 136
86 38 38 76
87 3 57 132
87 4 37 55
87 6 22 16
87 8 19 34
87 11 49 145
87 12 17 26
87 13 25 56
87 14 1 62
87 15 40 2
87 23 13 3
87 29 28 19
87 30 9 85
87 34 11 144
87 38 43 76
88 3 59 132
88 5 49 109
88 9 34 96
88 16 41 9
88 17 43 42
88 18 37 130
88 20 32 84
88 21 3 29
88 22 17 128
88 24 19 139
88 26 13 99
88 33 56 121
88 39 7 52
88 40 28 28
89 4 19 15
89 6 10 95
89 7 7 93
89 8 55 34
89 11 23 139
89 15 13 2
89 18 43 130
89 21 25 40
89 22 21 138
89 28 28 48
89 30 40 85
89 31 50 37
89 33 58 140
89 37 4 77
89 40 17 127
90 6 31 30
90 8 37 34
90 12 5 46
90 13 28 56
90 17 9 79
90 19 25 126
90 21 34 40
90 24 49 135
90 26 20 104
90 27 7 98
90 28 1 111
90 31 15 70
90 32 55 39
90 34 13 144
91 4 13 55
91 6 15 30
91 7 10 93
91 9 58 96
91 11 5 103
91 18 46 130
91 20 43 116
91 26 31 24
91 27 35 98
91 28 20 141
91 30 7 85
91 32 1 57
91 35 55 136
91 38 49 76
92 4 3 55
92 13 31 56
92 17 9 42
92 18 58 130
92 19 5 133
92 20 43 84
92 23 20 3
92 25 25 60
92 27 1 41
92 29 40 19
92 31 45 70
92 34 15 144
92 36 34 143
93 5 37 109
93 6 22 95
93 9 19 46
93 10 53 68
93 14 7 62
93 16 43 54
93 19 1 126
93 24 13 139
93 26 26 99
93 28 34 141
93 30 46 85
93 32 4 57
93 36 31 13
94 7 19 93
94 9 52 96
94 11 1 103
94 15 4 2
94 16 11 54
94 19 43 133
94 21 37 40
94 23 26 3
94 27 41 98
94 33 8 47
94 34 17 144
94 38 55 76
95 5 55 109
95 11 29 139
95 15 1 2
95 17 49 86
95 21 37 29
95 24 7 135
95 26 44 24
95 28 22 48
95 29 25 19
95 33 14 47
95 34 20 144
95 36 34 72
95 37 40 47
96 6 10 16
96 11 1 58
96 12 56 26
96 13 34 56
96 15 58 107
96 17 25 79
96 20 47 116
96 22 41 138
96 23 37 3
96 32 7 57
96 33 19 47
96 34 45 144
96 35 3 80
96 36 31 72
97 4 7 15
97 6 53 95
97 8 17 34
97 11 1 139
97 14 14 36
97 18 50 130
97 20 45 116
97 22 10 138
97 25 40 92
97 27 43 98
97 28 37 141
97 29 55 89
97 36 4 13
97 37 58 77
98 3 35 132
98 8 40 44
98 10 26 131
98 11 3 145
98 12 51 26
98 13 43 56
98 18 55 130
98 23 31 3
98 26 13 125
98 33 22 47
98 35 58 147
98 39 8 75
99 4 13 81
99 9 58 46
99 10 33 131
99 11 31 58
99 13 46 56
99 18 28 130
99 20 51 116
99 24 15 135
99 25 19 60
99 29 43 89
99 30 22 144
99 33 25 47
99 37 1 77
100 7 16 93
100 10 13 71
100 11 41 145
100 16 25 54
100 17 7 21
100 20 45 84
100 23 55 3
100 24 37 135
100 26 3 24
100 31 20 70
100 33 28 47
100 37 34 83
100 39 49 52
Điểm tối ưu: 1425
Thời gian: 180.040876 giây
Trạng thái: VALID
