149
1 1 52 2
1 3 8 10
1 4 34 24
1 7 37 3
1 8 46 25
1 9 15 23
2 1 19 2
2 3 10 10
2 4 37 24
2 5 57 17
2 6 1 13
2 7 52 3
2 8 13 25
2 9 25 23
3 1 38 5
3 3 17 10
3 4 7 24
3 5 26 17
3 8 22 25
3 9 1 23
4 1 1 2
4 3 40 10
4 4 16 24
4 5 8 17
4 6 49 13
4 7 25 3
4 8 43 25
4 9 46 23
4 10 32 14
5 1 58 2
5 2 44 3
5 3 31 10
5 4 1 24
5 5 38 17
5 6 27 13
5 7 34 3
5 8 19 25
5 9 17 23
5 10 50 14
6 1 26 2
6 3 13 10
6 4 31 24
6 5 50 17
6 6 56 13
6 7 7 3
6 8 40 25
6 9 3 23
6 10 43 14
7 1 49 2
7 3 28 10
7 4 40 24
7 6 14 13
7 8 55 25
7 9 31 23
8 1 15 2
8 3 23 10
8 4 4 24
8 5 45 17
8 7 28 3
8 8 1 25
8 9 19 23
8 10 7 14
9 1 15 5
9 3 44 10
9 4 19 24
9 7 10 3
9 8 34 25
9 9 50 23
10 1 9 2
10 3 20 10
10 4 52 24
10 7 40 3
10 8 25 25
10 9 13 23
11 1 10 5
11 3 50 10
11 4 55 24
11 5 15 17
11 6 19 13
11 7 1 3
11 8 7 25
11 9 23 23
11 10 27 14
12 1 44 2
12 3 5 10
12 4 22 24
12 5 32 17
12 6 8 13
12 7 16 3
12 8 28 25
12 9 57 23
13 1 4 2
13 3 15 10
13 4 49 24
13 7 55 3
13 8 10 25
13 9 40 23
13 10 21 14
14 1 37 2
14 3 33 10
14 4 46 24
14 5 20 17
14 7 13 3
14 8 58 25
14 9 11 23
14 10 2 14
15 1 2 5
15 3 37 10
15 4 43 24
15 6 31 13
15 7 58 3
15 8 52 25
15 9 27 23
15 10 39 14
16 1 58 5
16 3 47 10
16 4 13 24
16 5 1 17
16 7 49 3
16 8 31 25
16 9 37 23
17 1 49 5
17 3 25 10
17 4 10 24
17 7 4 3
17 8 37 25
17 9 7 23
17 10 15 14
18 1 22 2
18 3 58 10
18 4 25 24
18 7 19 3
18 8 4 25
18 9 9 23
19 1 19 5
19 3 35 10
19 4 28 24
19 6 38 13
19 7 31 3
19 8 16 25
19 9 53 23
19 10 57 14
20 1 52 5
20 3 2 10
20 4 58 24
20 6 44 13
20 7 22 3
20 8 49 25
20 9 5 23
Điểm tối ưu: 149
Thời gian: 20.003247 giây
Trạng thái: VALID
