4326
1 7 43 27
1 46 34 185
1 60 38 167
1 73 20 99
1 78 25 328
1 81 7 314
1 98 1 88
1 102 31 253
1 105 47 7
1 107 55 259
1 113 49 358
1 114 5 415
1 115 13 171
2 2 40 112
2 3 9 250
2 16 51 180
2 35 32 162
2 37 3 443
2 48 58 51
2 60 55 78
2 63 19 194
2 64 25 119
2 67 7 121
2 68 37 407
2 101 23 346
2 111 13 245
2 113 44 15
2 120 1 85
3 7 19 211
3 14 31 349
3 15 5 342
3 32 37 249
3 36 43 158
3 41 52 112
3 46 49 430
3 67 9 121
3 72 41 388
3 74 34 107
3 77 13 275
3 80 25 368
3 84 1 182
3 88 55 127
3 114 29 415
4 6 19 355
4 12 49 254
4 15 23 294
4 22 37 63
4 30 31 306
4 56 1 204
4 64 44 81
4 73 56 323
4 83 17 181
4 88 25 127
4 90 7 70
4 102 3 253
4 107 13 75
5 4 1 378
5 15 23 90
5 16 37 315
5 23 43 377
5 27 25 289
5 32 55 245
5 51 31 254
5 57 17 323
5 60 34 105
5 75 5 63
5 78 39 280
5 88 19 14
5 90 49 46
5 107 7 419
5 110 13 216
6 7 37 401
6 30 25 311
6 34 13 429
6 51 1 22
6 53 29 178
6 54 46 50
6 68 19 139
6 74 16 438
6 79 32 226
6 85 10 289
6 107 49 241
6 109 23 138
6 114 4 347
7 22 22 154
7 23 2 252
7 31 55 94
7 45 33 303
7 55 53 279
7 57 35 37
7 59 27 123
7 80 49 261
7 89 41 315
7 106 29 289
7 109 10 28
7 112 7 38
7 113 13 169
7 114 59 218
7 117 37 72
8 29 49 262
8 34 43 429
8 35 7 22
8 42 33 341
8 54 11 442
8 60 52 167
8 72 39 388
8 87 4 355
8 93 55 200
8 97 19 154
8 100 13 433
8 105 17 426
8 113 26 335
8 115 46 119
9 5 29 302
9 6 31 191
9 7 13 401
9 24 37 201
9 27 7 41
9 28 55 157
9 50 22 142
9 57 11 282
9 61 25 303
9 76 1 403
9 80 49 258
9 90 43 106
9 97 4 97
9 111 39 211
9 115 19 119
10 31 8 265
10 34 43 299
10 45 21 82
10 54 37 442
10 60 28 347
10 70 31 10
10 82 55 446
10 83 5 380
10 87 52 196
10 91 39 449
10 92 13 218
10 98 57 180
10 105 2 256
10 116 25 62
10 118 46 159
11 29 52 262
11 30 37 306
11 38 16 423
11 44 55 133
11 45 5 172
11 47 59 444
11 62 34 236
11 63 43 439
11 66 25 432
11 69 1 36
11 70 7 100
11 93 31 295
11 96 49 214
11 102 13 150
11 111 19 206
12 1 13 414
12 5 5 303
12 10 11 327
12 16 9 221
12 25 39 178
12 31 31 381
12 40 19 60
12 43 1 199
12 53 17 275
12 58 22 197
12 70 51 61
12 78 43 366
12 89 49 315
12 101 29 446
12 118 58 328
13 13 1 30
13 15 11 90
13 18 38 171
13 25 55 27
13 27 3 422
13 34 31 164
13 39 28 277
13 44 7 450
13 53 35 342
13 54 16 153
13 74 22 187
13 75 49 187
13 115 40 230
13 119 43 129
14 11 40 333
14 18 25 90
14 23 19 377
14 39 7 103
14 46 58 430
14 52 11 39
14 65 29 330
14 73 1 211
14 81 43 163
14 85 49 413
14 87 37 142
14 98 31 153
14 101 16 320
14 103 52 327
15 2 28 354
15 4 59 378
15 20 44 397
15 21 37 81
15 22 4 72
15 25 1 178
15 29 10 262
15 32 32 358
15 38 53 239
15 49 15 402
15 53 23 366
15 55 25 279
15 65 41 252
15 67 13 121
15 73 19 323
16 14 3 349
16 25 58 330
16 33 31 415
16 61 20 353
16 65 35 440
16 66 39 285
16 70 43 410
16 72 47 277
16 74 49 45
16 86 29 449
16 90 7 106
16 101 17 78
16 106 37 76
16 115 26 171
17 8 55 187
17 21 1 257
17 24 49 201
17 25 13 330
17 39 26 132
17 47 3 435
17 57 7 308
17 64 43 319
17 74 34 350
17 78 57 268
17 84 9 52
17 85 16 413
17 98 20 88
17 118 52 22
18 6 19 191
18 19 31 249
18 25 34 330
18 26 44 103
18 39 10 132
18 41 50 351
18 48 7 429
18 61 56 416
18 72 37 388
18 94 4 76
18 99 25 161
18 102 39 150
18 115 1 17
18 117 13 196
19 1 19 414
19 25 1 107
19 32 33 248
19 49 25 255
19 57 55 37
19 61 7 382
19 71 57 263
19 83 23 181
19 85 16 289
19 88 38 127
19 89 47 338
19 103 4 327
19 112 13 170
19 115 43 230
19 119 49 226
20 8 59 129
20 11 7 333
20 20 45 444
20 26 25 7
20 27 37 89
20 28 49 390
20 40 2 60
20 56 10 204
20 57 17 37
20 69 22 48
20 71 13 49
20 75 5 187
20 85 28 437
20 113 31 15
21 5 49 216
21 15 5 258
21 19 13 122
21 23 1 239
21 30 7 311
21 35 19 162
21 47 11 435
21 57 53 308
21 58 16 379
21 62 43 346
21 70 25 83
21 75 33 90
21 94 35 76
21 100 55 73
21 107 37 419
22 11 46 333
22 20 1 400
22 27 56 422
22 42 37 308
22 44 14 35
22 51 43 22
22 61 19 112
22 66 9 261
22 67 5 368
22 83 23 39
22 88 49 14
22 90 25 186
22 94 7 353
22 106 41 14
22 119 31 76
23 2 4 279
23 7 27 211
23 10 35 125
23 13 19 281
23 16 1 221
23 25 39 330
23 28 13 231
23 30 44 311
23 46 49 185
23 56 25 321
23 74 31 350
23 85 10 437
23 89 22 376
23 106 7 285
24 1 49 414
24 7 19 27
24 16 29 315
24 23 1 227
24 25 13 173
24 31 9 94
24 39 32 132
24 46 16 174
24 65 35 380
24 72 55 103
24 80 25 258
24 86 7 449
24 93 44 200
24 102 38 354
24 108 57 197
25 28 31 231
25 31 49 31
25 40 7 344
25 43 4 199
25 61 39 303
25 70 25 100
25 71 43 49
25 78 15 280
25 85 55 130
25 86 13 449
25 94 35 426
25 102 10 97
25 103 58 327
25 114 1 49
25 119 20 104
26 7 49 401
26 13 15 269
26 16 35 315
26 28 45 157
26 35 19 125
26 45 23 153
26 47 33 444
26 49 7 402
26 66 25 285
26 72 5 164
26 94 43 76
26 97 37 310
26 99 56 3
26 100 1 73
26 106 13 7
27 12 57 4
27 20 25 371
27 25 22 330
27 31 37 381
27 33 1 117
27 41 7 373
27 47 13 444
27 55 35 279
27 59 29 361
27 63 31 194
27 69 10 36
27 74 51 4
27 82 19 69
27 91 15 257
27 101 5 446
28 18 11 171
28 28 49 39
28 31 2 94
28 32 27 388
28 33 55 415
28 34 19 235
28 38 17 319
28 40 31 277
28 55 59 279
28 65 22 37
28 66 13 432
28 92 37 298
28 110 44 431
28 111 7 260
28 116 34 343
29 6 33 210
29 8 11 129
29 15 29 88
29 17 37 196
29 18 40 82
29 26 22 3
29 35 43 348
29 45 47 172
29 46 4 430
29 56 2 389
29 64 49 319
29 70 14 116
29 84 25 215
29 94 31 284
29 108 7 302
30 16 1 180
30 33 37 425
30 35 13 78
30 38 29 420
30 43 19 222
30 47 35 435
30 49 31 3
30 79 9 423
30 83 41 39
30 94 7 284
30 98 43 121
30 100 25 73
30 106 4 285
30 108 57 445
30 109 17 278
31 11 4 412
31 12 7 55
31 26 58 45
31 35 37 162
31 38 13 153
31 40 25 60
31 48 55 282
31 49 49 174
31 54 47 103
31 60 31 105
31 69 16 36
31 83 11 181
31 87 1 263
31 100 43 279
31 105 23 256
32 7 55 382
32 10 34 316
32 22 7 79
32 30 25 57
32 51 13 22
32 56 31 389
32 59 3 123
32 67 49 210
32 68 22 139
32 87 10 355
32 98 45 270
32 101 1 320
32 106 19 266
32 115 16 69
32 119 37 255
33 7 3 217
33 13 37 30
33 40 52 60
33 48 28 51
33 56 1 321
33 67 47 121
33 73 13 323
33 75 21 316
33 76 44 105
33 77 32 275
33 82 49 371
33 85 25 382
33 105 39 266
33 111 7 245
33 119 55 111
34 2 13 354
34 4 57 378
34 18 25 230
34 33 50 360
34 52 41 4
34 56 7 321
34 61 9 313
34 78 2 411
34 80 37 357
34 97 28 154
34 103 43 327
34 108 32 445
34 109 16 138
34 116 46 29
34 117 19 196
35 20 55 208
35 24 3 201
35 25 52 72
35 33 13 117
35 38 59 133
35 44 25 353
35 60 31 380
35 62 43 236
35 67 34 121
35 69 46 36
35 80 37 261
35 81 19 314
35 87 49 196
35 95 7 266
35 114 1 347
36 13 4 281
36 19 58 376
36 21 11 81
36 26 16 417
36 28 7 390
36 30 43 267
36 35 31 147
36 42 25 308
36 46 19 50
36 56 41 418
36 60 51 153
36 65 49 1
36 87 55 299
36 90 37 275
36 103 13 214
37 4 53 378
37 8 11 41
37 17 1 278
37 20 39 444
37 34 25 162
37 55 5 354
37 61 20 303
37 72 35 388
37 78 31 280
37 91 15 386
37 99 57 446
37 104 7 126
37 105 13 256
37 118 49 264
37 120 29 85
38 5 23 302
38 8 5 398
38 24 43 201
38 29 31 138
38 40 34 431
38 41 39 351
38 56 29 321
38 71 1 420
38 77 19 275
38 80 25 357
38 105 8 256
38 107 57 419
38 110 13 146
38 113 49 24
39 11 43 333
39 14 40 349
39 19 1 33
39 25 46 178
39 30 31 26
39 37 58 443
39 47 9 343
39 48 14 51
39 53 5 162
39 67 7 210
39 69 55 36
39 72 17 431
39 88 19 114
39 102 28 150
39 107 49 75
40 9 46 302
40 28 25 39
40 41 22 373
40 50 7 142
40 68 34 407
40 73 1 104
40 75 13 316
40 80 56 258
40 89 44 376
40 96 10 91
40 103 19 214
40 108 15 211
40 111 50 129
40 112 31 38
40 114 29 218
41 11 50 412
41 23 55 252
41 40 20 431
41 46 26 430
41 48 43 282
41 53 53 275
41 55 47 316
41 64 31 328
41 73 2 232
41 86 35 235
41 93 40 200
41 98 13 88
41 100 7 73
41 116 37 29
42 25 49 191
42 32 37 191
42 39 13 103
42 49 1 428
42 57 7 323
42 63 45 268
42 81 25 361
42 84 16 182
42 88 19 127
42 95 55 60
42 101 53 434
42 103 32 420
42 106 43 285
42 107 9 241
43 3 41 250
43 4 11 378
43 9 49 325
43 11 38 412
43 21 5 257
43 27 25 157
43 30 56 57
43 34 52 164
43 40 7 60
43 43 45 222
43 44 1 450
43 51 34 192
43 57 15 37
43 59 23 123
43 90 19 186
44 22 46 154
44 24 19 201
44 25 51 116
44 31 13 265
44 34 22 429
44 47 17 343
44 59 43 123
44 69 25 398
44 73 37 382
44 85 34 413
44 88 55 14
44 94 7 76
44 105 31 266
44 109 9 138
44 119 1 426
45 10 5 125
45 19 7 122
45 22 22 63
45 28 13 39
45 29 34 262
45 42 43 33
45 55 55 316
45 56 49 418
45 59 41 361
45 83 39 183
45 92 1 298
45 102 28 253
45 112 52 170
45 115 58 230
46 8 53 187
46 18 51 82
46 25 40 107
46 32 45 313
46 37 10 213
46 39 37 132
46 42 31 33
46 60 25 167
46 65 23 440
46 74 7 438
46 76 13 107
46 78 19 366
46 82 3 319
46 83 1 181
46 105 43 266
47 1 25 414
47 8 41 311
47 9 20 90
47 14 43 349
47 15 5 88
47 29 37 138
47 34 34 142
47 43 10 113
47 44 49 370
47 53 17 366
47 67 32 121
47 82 45 171
47 102 55 97
47 103 14 420
47 106 29 14
48 2 4 376
48 14 7 349
48 31 20 265
48 37 31 443
48 49 25 302
48 55 1 369
48 56 51 321
48 65 59 440
48 77 13 297
48 78 9 280
48 88 44 114
48 106 53 285
48 114 49 415
49 11 1 412
49 15 41 294
49 19 9 249
49 32 43 426
49 37 19 213
49 47 5 343
49 48 27 374
49 58 34 197
49 67 15 121
49 90 49 99
49 105 25 266
49 109 7 138
49 118 31 264
49 120 37 299
50 10 55 230
50 12 49 422
50 13 17 281
50 15 23 430
50 25 4 330
50 46 25 50
50 68 1 57
50 71 37 49
50 73 57 232
50 85 13 382
50 92 7 359
50 99 19 369
50 108 31 391
50 115 43 119
51 4 41 378
51 11 13 333
51 12 3 386
51 13 16 30
51 14 1 44
51 38 7 423
51 44 43 370
51 58 28 379
51 73 37 323
51 74 49 438
51 89 10 315
51 97 52 420
51 101 47 446
51 107 32 95
51 120 19 310
52 4 4 378
52 11 31 151
52 12 55 370
52 31 49 265
52 39 34 277
52 42 14 235
52 47 7 444
52 61 43 55
52 76 19 105
52 79 25 292
52 94 2 76
52 95 37 83
52 97 28 295
52 113 9 358
52 115 22 69
53 9 37 90
53 16 29 221
53 43 19 404
53 44 1 133
53 47 5 435
53 50 55 185
53 54 9 442
53 61 13 113
53 77 31 386
53 81 50 163
53 85 43 112
53 94 25 284
53 97 58 97
53 115 22 171
53 116 40 29
54 7 43 404
54 14 5 349
54 18 34 320
54 20 20 371
54 41 16 351
54 46 52 391
54 48 49 349
54 85 1 289
54 86 31 91
54 100 27 279
54 111 37 245
54 115 58 171
54 117 8 406
55 16 9 180
55 29 13 138
55 44 56 272
55 49 49 255
55 50 16 33
55 60 43 347
55 69 37 48
55 70 19 10
55 75 23 357
55 83 28 183
55 87 25 263
55 88 2 207
55 94 11 284
55 95 31 60
55 110 40 146
56 3 11 250
56 6 13 191
56 14 25 349
56 19 49 402
56 25 1 272
56 48 34 429
56 59 19 123
56 78 56 120
56 82 47 171
56 83 41 183
56 93 22 200
56 100 7 190
56 111 43 245
56 117 37 410
57 5 59 302
57 10 50 327
57 22 19 79
57 30 1 26
57 36 26 158
57 38 5 218
57 50 13 418
57 51 22 22
57 60 56 167
57 69 7 177
57 77 31 299
57 98 37 348
57 101 53 346
57 117 43 231
58 35 14 125
58 42 25 235
58 45 19 82
58 46 57 206
58 48 34 51
58 49 7 330
58 50 52 438
58 57 5 37
58 62 43 169
58 69 31 36
58 84 49 215
58 85 37 112
58 97 22 97
58 104 1 126
58 114 46 347
59 17 31 161
59 33 57 117
59 34 7 162
59 38 17 239
59 43 22 222
59 55 13 279
59 56 49 321
59 57 11 323
59 66 51 332
59 75 55 63
59 82 35 446
59 85 26 413
59 100 1 190
59 105 39 256
59 111 44 288
60 3 39 250
60 15 4 138
60 22 1 154
60 26 31 221
60 32 49 388
60 38 23 218
60 46 10 205
60 55 17 445
60 58 7 379
60 62 19 236
60 82 35 10
60 86 55 235
60 93 13 200
61 7 31 27
61 9 13 325
61 25 16 272
61 35 25 78
61 36 19 158
61 51 46 22
61 52 44 50
61 57 35 308
61 68 4 407
61 71 37 386
61 79 1 423
61 94 49 180
61 108 9 164
61 120 23 85
62 3 26 250
62 4 20 378
62 11 28 333
62 12 45 59
62 15 37 342
62 21 1 81
62 29 7 262
62 37 22 213
62 39 3 132
62 50 13 142
62 54 55 442
62 62 50 169
62 88 32 127
62 89 43 315
62 106 10 285
63 5 55 216
63 6 45 355
63 21 20 81
63 30 37 26
63 42 32 397
63 45 28 82
63 56 51 418
63 57 41 323
63 61 9 112
63 74 57 187
63 84 25 52
63 109 1 28
63 118 22 264
63 119 14 111
63 120 3 85
64 4 43 378
64 8 7 187
64 10 13 253
64 25 49 178
64 37 2 213
64 46 32 205
64 49 55 371
64 55 47 371
64 72 53 388
64 81 37 163
64 87 15 4
64 90 19 100
64 109 45 138
64 114 10 347
65 19 28 271
65 36 1 158
65 44 43 133
65 45 16 82
65 53 59 127
65 56 5 321
65 59 10 27
65 80 55 261
65 81 49 361
65 89 8 315
65 92 31 359
65 97 25 295
65 117 38 172
65 119 19 426
66 11 32 412
66 16 23 221
66 33 14 415
66 42 19 308
66 43 25 404
66 47 11 444
66 48 37 374
66 60 40 232
66 61 49 382
66 70 1 100
66 73 56 104
66 81 44 361
66 85 8 413
66 106 35 285
67 13 25 281
67 23 13 227
67 32 37 269
67 39 19 132
67 46 4 147
67 56 27 321
67 64 55 5
67 69 49 36
67 72 29 164
67 76 52 107
67 81 43 314
67 83 11 183
67 90 7 46
67 93 1 200
67 118 31 438
68 15 35 430
68 26 32 417
68 28 39 231
68 41 50 373
68 53 29 127
68 56 13 321
68 85 55 112
68 95 15 129
68 105 37 256
68 108 19 445
68 109 46 278
68 116 1 62
68 117 9 172
68 119 25 384
69 2 22 354
69 3 15 250
69 10 35 230
69 22 40 79
69 32 49 426
69 33 31 425
69 49 7 3
69 54 5 265
69 78 1 120
69 86 59 85
69 105 53 256
69 118 56 264
69 119 25 104
70 1 43 414
70 17 58 113
70 21 53 257
70 58 13 379
70 67 41 368
70 79 19 87
70 86 1 449
70 88 37 114
70 91 25 257
70 93 16 295
70 98 7 270
70 111 31 332
70 116 4 62
71 6 13 139
71 11 9 412
71 26 25 3
71 28 1 390
71 29 40 262
71 43 37 113
71 44 43 272
71 52 28 50
71 73 49 83
71 75 7 316
71 91 56 257
71 99 19 161
71 104 31 126
72 16 43 221
72 30 55 26
72 31 25 439
72 35 1 162
72 42 31 308
72 43 19 347
72 46 46 185
72 48 10 51
72 80 39 258
72 81 49 314
72 85 7 289
72 87 22 292
72 94 53 95
72 98 13 180
73 13 9 269
73 15 11 258
73 23 38 227
73 29 19 262
73 57 28 37
73 74 13 45
73 76 4 242
73 85 1 112
73 86 26 91
73 87 31 63
73 93 16 206
73 94 45 95
73 104 55 126
73 107 49 259
73 110 22 216
74 22 51 154
74 34 22 5
74 43 28 120
74 56 35 418
74 57 40 37
74 58 16 204
74 62 19 259
74 78 1 366
74 92 7 218
74 96 37 91
74 98 31 325
74 100 55 279
74 105 11 266
74 112 13 387
75 5 28 216
75 7 37 380
75 9 52 138
75 11 46 239
75 17 22 278
75 33 7 415
75 50 34 376
75 60 19 167
75 78 13 291
75 83 43 181
75 91 55 449
75 94 17 76
75 101 41 78
75 105 4 256
76 2 31 178
76 13 19 30
76 16 25 226
76 20 49 400
76 38 23 7
76 50 57 418
76 55 41 354
76 61 7 434
76 68 1 139
76 80 13 136
76 82 17 371
76 83 4 181
76 101 11 78
76 102 34 97
76 112 43 387
77 4 39 378
77 8 47 398
77 18 19 320
77 35 7 78
77 44 13 370
77 45 37 280
77 47 17 435
77 50 22 185
77 56 55 418
77 62 4 346
77 74 58 15
77 79 43 226
77 80 31 258
77 90 25 46
77 110 1 146
78 5 3 302
78 8 39 187
78 28 32 157
78 35 49 147
78 51 57 199
78 55 41 279
78 65 22 1
78 69 13 48
78 79 25 188
78 86 44 449
78 94 47 180
78 105 53 426
78 119 8 212
79 18 10 230
79 26 38 103
79 28 55 390
79 30 13 337
79 33 43 117
79 34 49 164
79 38 25 423
79 46 7 205
79 69 34 398
79 75 41 187
79 80 20 258
79 96 52 91
79 106 17 285
79 107 27 135
79 111 1 129
80 5 47 303
80 6 56 379
80 26 19 140
80 28 32 39
80 29 22 223
80 40 4 307
80 58 1 379
80 59 53 361
80 61 49 303
80 64 27 81
80 86 11 159
80 88 13 114
80 94 9 426
80 95 43 242
80 98 38 121
81 6 38 139
81 15 17 258
81 20 32 400
81 25 55 330
81 26 49 420
81 27 1 41
81 35 27 125
81 45 25 82
81 78 45 280
81 82 43 446
81 87 13 355
81 96 52 350
81 101 21 320
81 113 7 24
82 13 1 269
82 15 37 258
82 16 3 221
82 29 31 262
82 35 7 125
82 40 19 277
82 44 51 353
82 62 28 346
82 64 15 5
82 72 57 103
82 106 23 14
82 112 25 170
82 113 39 372
82 115 34 171
82 120 13 299
83 1 37 414
83 4 51 378
83 11 22 333
83 47 19 444
83 48 46 282
83 49 56 174
83 54 7 153
83 57 43 37
83 60 1 167
83 69 10 398
83 84 32 215
83 94 4 353
83 99 13 446
83 109 29 426
83 113 25 372
84 3 47 250
84 5 11 302
84 17 52 222
84 23 27 387
84 24 25 201
84 44 13 133
84 48 34 282
84 62 58 346
84 65 37 1
84 80 1 368
84 85 31 437
84 93 39 295
84 109 45 1
84 120 21 85
85 13 1 281
85 26 19 301
85 34 31 429
85 35 49 125
85 40 13 60
85 50 22 418
85 63 25 194
85 69 4 36
85 75 29 294
85 97 34 28
85 98 7 325
85 100 37 279
85 116 56 62
85 117 43 380
86 26 44 45
86 38 53 423
86 45 37 351
86 48 58 282
86 53 4 159
86 55 23 445
86 66 49 432
86 88 7 114
86 96 55 346
86 102 15 253
86 106 29 285
86 114 35 415
86 116 40 62
86 118 1 438
86 119 19 106
87 8 41 398
87 10 25 327
87 13 7 281
87 22 57 63
87 29 49 138
87 44 37 133
87 60 14 167
87 75 52 316
87 76 43 384
87 83 29 39
87 84 19 333
87 93 22 98
87 100 31 279
87 111 1 245
87 113 9 15
88 5 35 297
88 12 43 254
88 24 7 201
88 36 56 158
88 38 47 423
88 41 25 238
88 42 1 235
88 52 5 50
88 53 23 127
88 69 13 36
88 71 9 440
88 72 16 388
88 93 19 200
88 95 31 52
88 113 38 15
89 10 25 125
89 23 13 377
89 30 49 311
89 31 37 265
89 40 4 344
89 43 19 315
89 65 28 1
89 85 1 413
89 90 31 100
89 92 43 398
89 96 56 91
89 97 22 310
89 108 9 391
90 30 31 57
90 32 26 358
90 33 49 425
90 41 40 373
90 58 46 379
90 77 55 439
90 78 7 411
90 83 35 379
90 85 22 437
90 95 13 266
90 107 2 419
90 115 19 171
90 120 53 310
91 7 1 401
91 11 19 239
91 12 55 181
91 24 59 201
91 27 8 342
91 44 31 133
91 45 35 172
91 53 43 310
91 56 38 321
91 76 49 105
91 84 22 182
91 92 14 298
91 97 46 321
91 98 25 153
91 110 52 216
92 18 52 171
92 26 8 5
92 38 55 423
92 41 1 238
92 43 40 417
92 44 31 430
92 49 13 3
92 62 19 169
92 67 22 52
92 76 49 416
92 83 5 333
92 94 17 180
92 105 29 256
92 110 58 431
93 19 52 402
93 32 27 313
93 34 49 299
93 46 13 174
93 49 1 3
93 54 35 437
93 69 37 36
93 70 57 11
93 74 20 438
93 79 40 423
93 84 16 215
93 95 7 282
93 99 43 411
93 113 31 70
94 2 10 191
94 9 22 325
94 13 14 30
94 14 47 349
94 21 41 284
94 35 51 162
94 53 31 366
94 73 33 232
94 80 55 357
94 88 43 14
94 91 37 140
94 92 27 160
94 115 4 171
95 6 1 186
95 14 21 349
95 15 47 258
95 19 49 249
95 31 13 381
95 41 37 373
95 58 43 379
95 74 56 438
95 84 10 215
95 89 5 338
95 95 31 102
95 97 40 420
95 105 59 62
95 111 25 245
96 9 43 188
96 27 13 342
96 29 58 262
96 30 1 311
96 34 46 350
96 46 32 402
96 64 19 111
96 75 5 90
96 79 38 188
96 81 25 314
96 93 8 98
96 102 55 150
96 106 23 76
96 111 49 288
97 11 1 151
97 12 26 254
97 37 31 213
97 44 7 370
97 49 55 142
97 55 23 369
97 72 59 103
97 76 19 284
97 78 50 280
97 80 45 357
97 81 14 361
97 83 34 181
97 85 4 437
97 89 11 338
97 108 37 302
98 3 55 250
98 8 37 187
98 13 43 281
98 14 7 99
98 16 45 221
98 18 4 230
98 27 39 270
98 38 22 423
98 56 10 321
98 60 34 167
98 65 47 358
98 82 31 171
98 87 27 63
98 113 14 15
98 117 50 172
99 3 21 250
99 28 7 157
99 31 43 265
99 41 34 351
99 43 55 389
99 53 5 357
99 78 13 436
99 81 37 361
99 88 49 132
99 94 41 180
99 95 1 374
99 98 25 344
99 105 29 22
99 106 17 169
100 3 51 250
100 11 13 151
100 15 11 88
100 20 25 208
100 32 43 450
100 40 40 344
100 41 19 238
100 43 16 404
100 53 29 275
100 86 5 235
100 87 37 355
100 88 1 114
100 103 22 327
100 114 7 277
100 119 55 303
101 5 17 302
101 15 53 342
101 46 34 50
101 48 1 429
101 53 43 275
101 55 11 445
101 57 59 308
101 64 55 81
101 85 13 437
101 98 25 325
101 99 49 59
101 100 19 73
101 103 8 327
101 112 31 170
101 120 5 310
102 2 19 354
102 6 43 104
102 13 17 269
102 19 56 249
102 20 50 397
102 22 2 63
102 27 39 342
102 28 13 390
102 43 22 315
102 53 11 162
102 67 47 210
102 80 7 258
102 90 31 169
102 117 25 196
103 19 16 122
103 21 31 81
103 25 9 116
103 29 25 269
103 33 19 117
103 35 38 22
103 38 59 423
103 45 7 82
103 52 53 39
103 55 5 27
103 63 43 130
103 65 3 1
103 94 56 76
103 105 47 256
103 107 49 95
104 12 7 254
104 27 55 41
104 34 13 288
104 35 49 348
104 66 19 205
104 81 31 163
104 85 16 112
104 88 25 114
104 92 37 218
104 93 4 206
104 97 1 292
104 106 53 76
104 118 46 264
104 120 11 299
105 8 59 398
105 27 31 422
105 38 35 423
105 47 28 444
105 65 11 330
105 67 23 368
105 70 19 61
105 72 47 431
105 77 1 275
105 85 13 112
105 86 9 449
105 90 55 100
105 97 40 310
105 116 16 62
106 11 56 239
106 12 21 59
106 19 10 122
106 24 33 201
106 43 27 199
106 44 37 242
106 48 7 51
106 53 41 275
106 54 17 442
106 77 13 159
106 89 51 315
106 92 1 218
106 94 19 180
106 99 43 161
106 106 25 76
107 3 7 250
107 17 40 161
107 21 59 81
107 30 55 311
107 35 51 78
107 57 33 37
107 74 22 15
107 82 49 171
107 88 25 312
107 89 47 366
107 94 31 426
107 96 1 214
107 103 19 327
107 120 14 85
108 9 50 188
108 15 11 430
108 21 3 257
108 22 37 154
108 26 34 221
108 50 27 438
108 53 17 342
108 72 25 388
108 84 13 409
108 89 55 210
108 102 58 253
108 113 19 24
108 116 7 62
108 120 47 85
109 9 55 90
109 12 49 256
109 16 47 315
109 19 4 122
109 31 37 439
109 71 13 440
109 73 43 211
109 77 21 299
109 89 19 376
109 92 25 218
109 105 35 62
109 109 41 426
109 111 31 288
109 112 7 170
110 8 5 129
110 11 19 151
110 12 37 254
110 22 31 72
110 32 56 388
110 61 25 113
110 66 43 432
110 70 13 410
110 72 22 388
110 80 49 136
110 90 1 70
110 107 9 95
110 110 34 32
111 1 55 414
111 5 17 297
111 19 22 35
111 29 43 223
111 31 1 381
111 42 25 341
111 51 10 8
111 60 46 442
111 67 35 368
111 71 49 263
111 74 7 4
111 76 37 284
111 95 13 83
111 102 19 150
111 111 31 206
112 2 16 376
112 3 49 250
112 5 29 303
112 18 31 183
112 22 34 63
112 31 25 381
112 61 7 416
112 62 13 346
112 69 43 36
112 70 1 291
112 76 21 107
112 93 46 295
112 109 19 1
112 113 55 70
112 114 41 415
113 19 4 402
113 22 1 79
113 31 32 265
113 32 55 373
113 35 37 147
113 38 8 7
113 42 51 235
113 52 49 50
113 66 43 85
113 70 15 332
113 100 19 190
113 106 13 285
113 116 10 62
113 120 27 299
114 11 2 333
114 17 19 278
114 20 32 168
114 22 49 72
114 23 25 239
114 44 37 430
114 54 53 103
114 55 23 316
114 59 41 123
114 69 7 36
114 75 5 294
114 82 29 171
114 91 56 140
114 94 44 353
114 98 13 270
115 5 53 297
115 18 13 90
115 20 2 208
115 22 10 79
115 43 34 199
115 62 7 236
115 66 39 205
115 69 16 48
115 81 19 361
115 82 23 82
115 90 49 434
115 91 25 449
115 96 46 346
115 110 57 216
116 9 49 37
116 24 39 201
116 33 2 425
116 39 19 103
116 40 52 277
116 43 31 120
116 46 22 147
116 61 8 220
116 64 55 354
116 88 45 127
116 93 13 295
116 96 28 91
116 109 59 1
116 112 16 170
117 10 53 125
117 13 11 30
117 19 13 33
117 25 16 178
117 30 7 57
117 32 32 450
117 63 39 268
117 67 59 121
117 73 55 221
117 86 46 449
117 104 19 126
117 109 3 28
117 116 49 62
117 118 26 264
118 2 52 178
118 18 47 230
118 29 13 262
118 30 1 306
118 31 31 94
118 40 55 431
118 68 58 407
118 80 19 357
118 88 43 312
118 91 37 257
118 100 8 433
118 103 16 214
118 106 28 284
119 6 56 191
119 16 19 221
119 22 1 72
119 23 31 227
119 33 25 415
119 46 4 185
119 57 23 308
119 63 13 268
119 65 41 1
119 92 37 398
119 98 43 10
119 105 35 266
119 106 10 344
119 111 50 206
119 120 7 299
120 3 37 250
120 23 8 239
120 35 31 78
120 43 46 353
120 52 39 50
120 60 2 153
120 66 56 432
120 79 50 221
120 81 25 163
120 90 19 434
120 99 15 369
120 101 13 320
120 102 43 354
120 114 53 218
121 4 29 378
121 14 3 99
121 15 35 258
121 32 21 358
121 42 25 272
121 48 55 429
121 54 41 103
121 55 19 288
121 62 31 346
121 71 7 34
121 100 37 73
121 106 17 14
121 108 43 164
121 114 11 218
122 1 7 414
122 2 31 181
122 22 34 79
122 27 55 289
122 30 25 306
122 52 1 50
122 55 11 354
122 59 29 123
122 60 52 105
122 71 37 440
122 78 19 328
122 83 59 183
122 88 13 127
122 89 41 210
122 119 3 255
123 4 33 378
123 11 58 412
123 18 17 422
123 26 37 3
123 32 1 373
123 41 22 351
123 46 43 185
123 53 41 366
123 64 7 354
123 69 19 48
123 74 26 187
123 77 49 10
123 104 13 126
123 106 46 76
124 2 2 354
124 4 55 378
124 8 5 300
124 17 9 278
124 57 47 308
124 62 40 259
124 63 25 130
124 66 19 432
124 67 29 368
124 68 13 124
124 70 32 44
124 74 16 450
124 78 57 366
124 86 37 235
125 5 34 178
125 18 23 320
125 22 31 79
125 23 13 252
125 28 55 231
125 42 39 235
125 45 37 82
125 56 11 389
125 68 19 407
125 77 49 252
125 85 1 437
125 88 7 207
125 95 44 294
125 113 25 169
125 120 17 85
126 4 13 378
126 7 56 401
126 9 22 188
126 18 7 230
126 26 19 3
126 27 49 289
126 55 11 288
126 56 45 418
126 58 4 197
126 63 32 130
126 74 16 45
126 84 40 215
126 105 43 256
126 111 25 260
127 11 25 151
127 12 19 256
127 13 35 269
127 16 11 55
127 28 1 231
127 39 50 103
127 43 37 353
127 58 40 197
127 60 28 217
127 71 55 420
127 77 13 10
127 92 31 298
127 101 23 434
127 107 43 419
127 117 7 380
128 4 25 378
128 5 40 216
128 15 29 430
128 19 7 35
128 38 23 133
128 39 37 277
128 41 31 243
128 42 55 297
128 50 16 238
128 52 11 4
128 61 1 113
128 102 46 354
128 111 49 374
128 112 19 170
128 118 13 264
129 2 1 191
129 12 25 181
129 18 17 245
129 20 19 400
129 25 58 178
129 34 55 162
129 35 37 52
129 48 49 429
129 53 5 275
129 78 44 120
129 99 7 161
129 107 13 419
129 109 11 138
129 115 52 230
129 117 31 287
130 9 10 188
130 16 53 180
130 29 2 262
130 48 19 282
130 61 13 55
130 62 22 259
130 73 31 323
130 85 43 437
130 92 37 359
130 101 41 434
130 102 49 253
130 108 55 391
130 109 47 1
130 113 25 15
130 116 7 29
131 3 17 250
131 8 13 129
131 42 49 308
131 52 57 50
131 59 35 361
131 64 8 328
131 65 53 358
131 74 22 45
131 76 40 105
131 88 1 312
131 93 45 195
131 94 55 180
131 107 26 419
131 110 31 216
132 7 57 380
132 14 4 335
132 27 25 342
132 30 13 311
132 45 53 351
132 48 7 374
132 50 43 215
132 53 23 342
132 56 33 321
132 68 1 407
132 75 31 90
132 83 11 380
132 92 49 359
132 109 29 278
132 111 39 129
133 9 1 90
133 23 25 377
133 26 7 45
133 35 21 58
133 40 34 344
133 64 49 354
133 65 39 1
133 67 19 52
133 74 55 350
133 79 31 292
133 91 43 320
133 97 10 310
133 105 59 256
133 110 14 431
133 118 4 438
134 13 31 269
134 20 37 371
134 23 19 252
134 27 55 342
134 31 43 94
134 33 49 117
134 40 25 277
134 49 33 300
134 73 14 221
134 85 28 382
134 105 1 266
134 107 3 241
134 114 47 415
134 119 7 384
135 1 3 414
135 46 19 185
135 48 22 374
135 56 1 418
135 61 43 303
135 66 7 332
135 67 11 121
135 70 25 291
135 74 34 45
135 102 31 150
135 107 14 241
135 108 37 391
135 109 57 138
136 12 55 256
136 13 11 269
136 17 4 278
136 29 25 138
136 56 35 321
136 57 20 37
136 58 32 379
136 68 7 139
136 78 13 120
136 87 40 60
136 94 47 95
136 112 22 170
136 116 28 62
136 119 43 111
137 5 11 297
137 12 19 422
137 13 23 269
137 19 52 249
137 35 44 78
137 37 28 213
137 38 3 7
137 56 35 389
137 67 1 210
137 70 7 10
137 75 25 63
137 78 38 120
137 85 13 413
137 100 55 433
137 101 31 49
138 6 49 139
138 12 2 55
138 29 7 417
138 32 43 388
138 44 25 450
138 49 37 402
138 50 22 238
138 64 31 319
138 75 47 90
138 81 55 361
138 96 19 91
138 101 11 434
138 105 41 256
138 106 29 344
138 108 13 445
139 29 28 138
139 38 4 423
139 54 44 442
139 59 7 123
139 63 13 130
139 66 20 285
139 76 37 416
139 91 32 449
139 96 40 369
139 97 25 154
139 112 46 387
139 117 9 410
139 118 1 159
140 20 21 397
140 25 7 107
140 29 27 262
140 33 31 360
140 34 10 429
140 56 19 321
140 57 25 37
140 64 49 297
140 68 58 139
140 70 1 10
140 73 13 232
140 84 46 30
140 90 37 99
140 106 53 344
140 112 43 170
141 6 27 139
141 13 13 281
141 19 2 249
141 28 43 390
141 44 7 133
141 51 31 199
141 90 37 434
141 91 19 319
141 92 55 298
141 94 41 353
141 99 50 161
141 109 25 278
141 111 15 271
141 120 34 310
142 14 53 349
142 15 17 294
142 22 4 79
142 30 44 26
142 40 27 431
142 49 31 174
142 51 19 22
142 60 22 347
142 66 37 432
142 73 55 99
142 80 49 368
142 93 1 206
142 113 13 24
142 117 7 196
143 25 16 107
143 32 33 373
143 33 37 360
143 40 10 277
143 48 55 349
143 51 13 199
143 52 3 50
143 76 22 105
143 79 19 226
143 83 5 39
143 87 44 4
143 89 41 376
143 91 25 140
143 96 7 91
143 118 49 112
144 5 35 302
144 8 23 311
144 16 17 55
144 17 31 220
144 20 38 400
144 32 25 373
144 57 29 323
144 58 49 197
144 60 7 347
144 67 55 121
144 72 11 388
144 74 45 438
144 80 1 136
144 96 14 249
144 106 21 76
145 13 7 269
145 32 37 450
145 37 50 213
145 50 10 438
145 54 13 319
145 59 59 123
145 61 3 434
145 73 31 211
145 77 45 275
145 89 53 376
145 92 55 218
145 106 41 289
145 108 15 243
145 110 19 146
145 115 27 230
146 5 43 95
146 11 52 333
146 14 34 349
146 15 9 90
146 17 31 113
146 19 19 249
146 23 13 239
146 27 39 375
146 39 55 277
146 50 25 33
146 55 23 279
146 75 7 63
146 86 37 449
146 109 47 138
146 119 2 384
147 13 10 281
147 26 31 45
147 27 27 41
147 38 57 423
147 39 22 132
147 42 44 122
147 43 4 370
147 51 34 254
147 54 17 103
147 66 13 422
147 75 41 316
147 98 49 232
147 100 37 190
147 103 1 222
147 116 19 62
148 18 23 422
148 30 7 26
148 35 45 147
148 47 26 435
148 48 28 282
148 61 37 55
148 62 16 346
148 68 55 407
148 79 1 226
148 84 34 30
148 92 49 160
148 108 19 302
148 109 43 138
148 118 31 159
149 6 49 183
149 11 22 151
149 14 29 349
149 23 37 252
149 29 34 120
149 43 4 417
149 61 14 434
149 74 1 45
149 87 19 437
149 89 31 338
149 90 43 434
149 97 25 28
149 103 7 350
149 116 10 29
149 117 55 172
150 11 28 412
150 12 55 254
150 15 41 430
150 16 5 221
150 35 20 78
150 43 13 404
150 45 9 82
150 46 16 391
150 60 49 167
150 62 25 259
150 63 37 130
150 67 44 210
150 84 46 215
150 98 31 59
150 117 1 406
151 7 25 27
151 11 58 333
151 26 19 5
151 27 31 270
151 73 43 382
151 85 3 382
151 97 55 321
151 100 49 73
151 101 35 434
151 103 7 222
151 107 37 95
151 108 13 302
151 109 41 278
151 120 1 310
152 4 15 378
152 19 1 122
152 26 49 140
152 30 43 57
152 56 4 389
152 58 10 379
152 66 55 386
152 74 19 187
152 93 7 195
152 96 33 91
152 99 25 369
153 7 20 401
153 10 41 33
153 29 43 400
153 33 13 360
153 46 46 430
153 59 35 123
153 63 2 130
153 64 26 111
153 80 37 368
153 91 49 320
153 92 55 398
153 102 7 253
153 110 10 146
153 119 31 111
154 9 19 325
154 34 43 350
154 35 56 147
154 36 50 158
154 37 46 213
154 38 17 133
154 59 15 123
154 73 25 323
154 80 7 357
154 81 32 314
154 85 22 289
154 92 1 359
154 98 37 180
154 114 13 347
155 14 17 301
155 17 46 113
155 18 29 422
155 20 13 397
155 25 43 178
155 49 19 402
155 61 7 303
155 70 25 116
155 74 50 88
155 75 41 249
155 77 56 159
155 84 37 215
155 85 4 413
155 100 31 433
155 102 1 97
156 10 38 230
156 22 44 63
156 25 52 330
156 42 2 308
156 51 19 254
156 54 22 442
156 66 31 432
156 77 13 59
156 98 55 325
156 101 17 446
156 106 11 169
156 115 40 69
156 117 25 380
156 118 7 264
157 7 45 401
157 18 53 320
157 22 28 79
157 25 1 330
157 37 25 443
157 45 57 82
157 52 11 50
157 59 59 361
157 60 22 232
157 63 7 182
157 73 49 323
157 79 40 226
157 81 13 314
157 114 43 415
157 118 37 264
158 8 13 187
158 10 37 316
158 12 39 59
158 18 31 82
158 21 33 81
158 22 9 63
158 39 15 132
158 51 22 254
158 71 1 440
158 74 19 15
158 89 7 376
158 101 52 446
158 105 29 266
158 111 25 288
159 10 37 327
159 17 40 113
159 46 4 205
159 47 16 444
159 55 43 222
159 62 1 236
159 69 58 36
159 70 9 83
159 72 7 164
159 78 21 280
159 86 19 449
159 88 49 267
159 96 28 60
159 101 45 446
159 119 31 384
160 5 2 95
160 41 10 373
160 47 25 444
160 50 4 142
160 60 31 167
160 69 34 36
160 78 37 411
160 80 27 261
160 82 13 82
160 86 17 449
160 94 22 180
160 102 46 253
160 119 57 384
161 7 8 211
161 27 56 270
161 34 4 168
161 40 1 344
161 42 43 297
161 64 37 297
161 74 21 4
161 80 13 258
161 92 49 398
161 108 26 411
161 109 19 138
161 113 31 335
162 2 13 178
162 7 37 404
162 24 1 201
162 43 7 199
162 44 55 220
162 46 50 450
162 74 46 187
162 86 3 449
162 88 32 14
162 107 20 241
162 110 25 32
162 112 28 38
162 114 16 347
162 118 10 264
163 21 17 81
163 25 1 116
163 27 8 422
163 35 13 147
163 47 37 444
163 48 57 374
163 54 39 442
163 60 46 153
163 66 50 386
163 78 19 411
163 79 32 423
163 97 43 28
163 100 25 433
163 110 4 431
164 2 28 7
164 12 55 55
164 24 41 201
164 45 59 172
164 46 4 391
164 54 15 442
164 58 25 379
164 69 1 48
164 80 8 368
164 84 49 333
164 92 19 398
164 95 37 294
164 108 44 391
164 112 33 387
165 4 23 378
165 8 1 300
165 15 53 258
165 30 43 306
165 34 58 162
165 45 13 280
165 55 5 288
165 60 10 167
165 68 31 139
165 69 28 398
165 82 7 171
165 102 34 253
165 108 19 164
165 110 25 216
165 118 16 264
166 12 31 55
166 16 29 180
166 25 7 178
166 29 25 417
166 31 49 94
166 32 43 373
166 38 5 7
166 44 19 450
166 70 57 116
166 82 41 371
166 86 11 449
166 96 37 369
166 105 35 256
166 108 1 164
166 113 14 358
167 25 25 191
167 29 58 351
167 37 37 443
167 40 49 277
167 52 55 50
167 60 40 347
167 61 13 416
167 62 28 236
167 63 1 194
167 66 19 386
167 80 31 261
167 82 5 371
167 93 52 195
167 99 9 446
167 109 23 426
168 27 37 41
168 32 43 358
168 42 7 272
168 43 16 222
168 61 57 313
168 68 25 124
168 79 28 423
168 92 19 298
168 100 49 190
168 107 1 135
168 115 13 230
168 119 33 104
169 42 25 147
169 53 11 127
169 57 9 323
169 58 22 379
169 74 55 450
169 78 31 436
169 81 37 314
169 83 47 183
169 89 3 210
169 105 35 218
169 108 49 445
169 109 53 1
169 114 5 49
169 117 43 172
170 3 53 250
170 9 43 302
170 21 13 257
170 26 31 7
170 38 5 239
170 41 46 243
170 56 16 321
170 58 37 379
170 61 20 55
170 62 34 346
170 77 26 10
170 81 56 314
170 88 7 13
170 95 49 266
170 117 1 172
171 9 16 325
171 23 27 252
171 25 4 107
171 37 13 443
171 38 47 133
171 39 58 277
171 52 51 50
171 56 25 418
171 57 1 37
171 65 53 440
171 74 37 350
171 77 19 297
171 80 31 368
171 99 43 3
171 105 10 256
172 2 7 27
172 29 19 417
172 36 13 158
172 38 29 153
172 43 1 353
172 46 46 174
172 53 25 178
172 59 10 123
172 62 22 169
172 66 31 281
172 67 39 210
172 70 56 61
172 92 49 218
172 101 27 320
173 8 31 129
173 10 55 253
173 14 11 208
173 24 53 201
173 27 44 342
173 31 49 439
173 37 28 443
173 50 25 376
173 55 17 316
173 71 33 49
173 76 4 105
173 84 58 215
173 87 40 196
173 97 37 420
173 115 7 119
174 7 1 27
174 9 28 188
174 10 55 327
174 28 49 157
174 45 5 153
174 50 58 33
174 60 7 167
174 62 10 236
174 63 45 194
174 64 13 328
174 65 41 358
174 66 31 85
174 85 37 413
174 100 19 279
175 14 27 349
175 15 29 342
175 43 7 404
175 48 37 51
175 51 10 199
175 68 40 407
175 75 35 294
175 85 52 413
175 90 13 99
175 100 43 433
175 107 55 95
175 110 4 216
175 116 49 29
175 117 31 410
175 119 19 129
176 3 17 161
176 8 13 300
176 18 23 235
176 28 1 39
176 31 26 265
176 33 19 425
176 47 15 343
176 57 10 37
176 59 31 123
176 65 41 440
176 67 5 121
176 78 50 411
176 84 7 215
176 113 56 169
176 120 35 299
177 7 20 380
177 9 34 5
177 22 44 79
177 27 49 270
177 46 1 430
177 65 17 440
177 74 40 350
177 85 57 413
177 93 4 200
177 100 7 279
177 105 53 266
177 106 27 266
177 117 13 172
178 7 37 199
178 10 13 327
178 42 7 297
178 44 55 353
178 45 53 82
178 52 47 79
178 60 22 167
178 65 1 1
178 86 50 449
178 87 33 263
178 96 16 205
178 106 41 266
178 108 25 164
178 113 43 24
179 15 59 342
179 21 25 81
179 23 49 239
179 32 37 281
179 41 34 112
179 59 5 123
179 67 16 210
179 70 19 116
179 76 13 384
179 81 8 361
179 84 27 30
179 87 44 263
179 98 1 325
180 3 23 250
180 12 25 55
180 14 29 99
180 27 19 342
180 30 37 311
180 34 16 429
180 46 13 450
180 51 7 204
180 64 1 111
180 76 31 242
180 79 10 226
180 91 49 133
180 94 5 180
180 112 57 170
181 5 5 297
181 6 55 183
181 36 8 158
181 39 46 132
181 43 22 417
181 45 59 82
181 46 43 174
181 48 19 374
181 74 25 350
181 80 15 261
181 88 32 267
181 96 1 350
181 99 37 185
181 100 49 279
182 3 3 250
182 13 5 269
182 14 47 407
182 25 49 27
182 27 32 289
182 29 16 262
182 40 40 431
182 45 7 172
182 46 43 430
182 48 52 282
182 62 37 259
182 67 57 121
182 92 25 298
182 93 19 295
182 120 55 85
183 1 31 414
183 7 49 344
183 33 19 415
183 52 23 50
183 60 1 83
183 65 47 440
183 66 7 432
183 70 37 100
183 71 27 367
183 84 4 215
183 100 15 279
183 103 43 420
183 110 57 410
183 114 25 49
184 8 11 300
184 10 59 125
184 18 46 82
184 23 7 252
184 30 20 26
184 49 31 404
184 53 17 127
184 61 1 416
184 79 13 188
184 92 25 359
184 106 5 14
184 107 49 419
184 112 37 38
184 119 55 129
185 3 29 250
185 11 22 412
185 19 43 249
185 28 25 390
185 55 35 288
185 56 31 321
185 62 37 236
185 65 5 358
185 66 1 243
185 78 55 106
185 93 19 98
185 96 14 350
185 99 7 369
185 102 51 97
185 116 46 62
186 3 1 250
186 5 31 303
186 6 20 210
186 8 47 129
186 15 13 294
186 25 4 272
186 31 57 265
186 40 37 60
186 43 44 199
186 64 49 81
186 69 8 48
186 82 11 311
186 94 33 426
186 109 15 28
187 4 9 378
187 6 27 393
187 16 11 221
187 40 16 60
187 42 57 235
187 44 31 272
187 54 25 442
187 55 47 279
187 71 19 263
187 76 52 284
187 79 37 423
187 87 1 370
187 101 41 446
187 119 43 255
188 24 17 201
188 31 49 381
188 43 46 417
188 63 32 182
188 77 26 297
188 83 5 183
188 90 37 70
188 94 59 426
188 97 13 310
188 98 20 121
188 99 1 446
188 117 55 406
188 119 7 255
188 120 11 85
189 9 50 440
189 20 1 371
189 28 19 39
189 37 16 213
189 63 31 439
189 65 57 1
189 67 11 210
189 70 25 61
189 71 7 263
189 76 46 186
189 84 43 52
189 86 5 91
189 97 13 97
189 105 35 22
189 119 37 426
190 13 33 269
190 14 17 407
190 35 7 397
190 40 52 431
190 45 11 82
190 60 37 232
190 63 56 194
190 74 25 45
190 86 22 449
190 98 13 344
190 103 19 420
190 110 49 431
190 113 1 15
190 120 35 85
191 6 31 355
191 21 29 257
191 23 3 377
191 25 26 107
191 27 13 41
191 28 43 39
191 45 23 172
191 47 1 343
191 58 40 379
191 62 20 346
191 66 7 243
191 87 58 122
191 96 55 188
191 114 11 415
191 119 49 76
192 6 43 183
192 12 13 254
192 14 1 99
192 30 32 311
192 44 19 133
192 64 3 118
192 82 59 315
192 98 7 72
192 99 49 3
192 112 40 170
192 115 37 69
192 117 25 172
192 119 55 255
193 8 17 187
193 16 35 180
193 29 4 351
193 40 37 344
193 41 46 351
193 53 7 159
193 55 31 316
193 56 22 321
193 59 33 123
193 81 55 163
193 82 9 171
193 85 13 289
193 93 43 295
193 100 49 433
193 103 27 327
194 5 7 95
194 6 13 251
194 7 49 199
194 12 20 341
194 14 59 349
194 26 37 417
194 35 55 125
194 44 9 353
194 71 31 440
194 104 26 126
194 108 43 445
194 117 1 380
194 118 40 264
195 8 53 398
195 13 55 281
195 22 43 154
195 25 46 330
195 43 10 404
195 54 13 442
195 77 15 154
195 87 49 355
195 89 5 366
195 92 19 218
195 95 25 294
195 99 31 446
195 105 37 266
195 106 58 76
196 11 55 412
196 16 17 226
196 22 19 72
196 26 4 45
196 27 43 422
196 50 27 418
196 55 10 316
196 59 37 123
196 65 7 1
196 72 25 103
196 75 39 316
196 87 31 196
196 114 41 218
197 17 40 222
197 26 49 417
197 30 13 57
197 42 7 33
197 57 35 323
197 59 55 123
197 70 31 61
197 85 20 413
197 94 29 353
197 98 57 153
197 104 43 126
197 115 25 69
197 117 1 410
197 118 52 449
198 9 58 90
198 11 22 239
198 25 19 330
198 27 1 270
198 28 37 39
198 46 55 430
198 47 35 444
198 54 53 442
198 66 49 85
198 68 10 139
198 70 31 116
198 77 25 159
198 92 14 398
198 100 43 190
198 101 29 434
199 14 45 349
199 18 43 171
199 22 40 63
199 25 49 330
199 26 37 221
199 37 22 443
199 40 10 60
199 71 57 49
199 76 19 384
199 80 14 368
199 82 55 171
199 84 1 409
199 99 25 214
199 105 52 62
200 10 10 253
200 16 7 180
200 26 40 7
200 28 49 231
200 32 1 388
200 34 37 288
200 40 22 60
200 45 35 153
200 61 55 222
200 66 31 285
200 74 26 88
200 78 44 328
200 80 13 357
201 2 1 279
201 36 38 158
201 40 31 344
201 42 43 308
201 43 13 417
201 49 7 174
201 76 34 284
201 78 19 120
201 84 16 333
201 90 49 100
201 96 58 402
201 98 27 59
201 103 4 222
201 120 25 299
202 11 34 333
202 17 58 278
202 20 49 444
202 34 28 429
202 38 41 133
202 48 31 282
202 55 55 445
202 65 5 440
202 71 43 440
202 77 1 297
202 78 37 366
202 82 53 315
202 94 47 284
202 100 13 190
202 110 7 431
203 8 3 187
203 13 29 281
203 14 1 301
203 17 55 113
203 25 43 330
203 37 34 213
203 41 31 351
203 48 40 51
203 60 37 153
203 71 7 49
203 95 19 294
203 97 26 97
203 101 59 320
203 103 15 327
203 120 46 299
204 5 5 302
204 17 13 278
204 20 7 400
204 22 55 79
204 29 46 269
204 32 26 249
204 41 58 112
204 63 49 182
204 64 37 328
204 78 33 366
204 87 16 355
204 98 20 344
204 113 1 358
204 118 43 264
205 6 25 355
205 11 31 333
205 20 37 168
205 41 1 351
205 42 15 308
205 64 49 328
205 66 55 243
205 70 43 100
205 82 23 431
205 89 29 376
205 93 34 295
205 103 10 420
205 107 19 95
205 112 7 387
205 120 4 299
206 10 7 355
206 16 31 315
206 23 55 387
206 31 37 94
206 39 22 103
206 50 9 418
206 51 49 22
206 53 41 162
206 55 15 316
206 81 1 361
206 85 46 112
206 110 43 216
206 111 33 245
206 112 28 170
206 115 19 230
207 6 49 393
207 14 15 349
207 24 29 201
207 31 2 145
207 37 56 213
207 39 31 103
207 41 19 351
207 45 7 280
207 56 9 389
207 68 43 139
207 72 13 164
207 73 38 104
207 90 25 434
207 94 11 76
207 97 22 295
208 8 34 187
208 14 10 349
208 33 55 425
208 34 40 142
208 48 22 282
208 52 15 50
208 53 17 357
208 56 53 321
208 70 44 116
208 71 49 49
208 102 4 150
208 111 26 129
208 116 37 62
208 118 1 328
208 120 31 310
209 19 26 122
209 32 13 426
209 38 59 239
209 40 4 277
209 48 33 374
209 49 50 302
209 69 1 177
209 71 39 61
209 81 19 163
209 95 55 294
209 97 44 97
209 98 7 88
209 101 31 320
209 114 17 218
210 4 17 378
210 11 7 151
210 18 29 235
210 27 31 342
210 38 35 319
210 40 43 344
210 48 46 429
210 69 20 36
210 91 49 257
210 100 13 73
210 101 3 320
210 105 55 266
210 113 25 70
210 114 23 49
210 115 10 119
211 8 5 311
211 17 10 222
211 22 19 63
211 23 55 227
211 24 31 201
211 32 50 245
211 51 7 301
211 58 1 197
211 64 25 5
211 83 37 183
211 98 43 180
211 103 39 327
211 109 47 4
211 110 34 216
211 113 13 372
212 12 25 422
212 15 53 294
212 28 55 39
212 29 22 262
212 30 13 306
212 33 37 415
212 35 43 125
212 38 20 423
212 52 7 50
212 53 5 127
212 70 49 334
212 84 31 30
212 102 34 150
212 118 1 264
212 119 9 217
213 2 46 376
213 12 7 181
213 13 43 30
213 36 32 158
213 38 11 133
213 39 1 103
213 46 13 391
213 54 50 442
213 64 56 319
213 77 39 299
213 82 53 311
213 108 25 391
213 110 16 216
213 115 22 230
213 120 5 85
214 14 13 349
214 24 15 201
214 26 55 22
214 40 45 60
214 45 1 82
214 47 43 444
214 66 3 432
214 71 8 386
214 76 22 416
214 77 31 252
214 87 19 142
214 88 49 114
214 94 28 76
214 95 38 282
214 105 58 266
215 9 19 188
215 26 10 417
215 33 31 117
215 41 7 351
215 42 43 235
215 50 22 33
215 56 59 321
215 66 37 422
215 77 25 275
215 83 35 183
215 95 1 282
215 106 41 76
215 107 13 259
215 109 55 138
215 120 57 85
216 4 49 378
216 13 55 269
216 25 52 27
216 26 31 5
216 34 10 142
216 56 17 418
216 62 7 346
216 63 44 182
216 64 37 5
216 71 13 240
216 79 4 226
216 100 25 190
216 105 19 299
216 116 1 29
217 5 29 95
217 7 50 404
217 10 11 33
217 37 43 213
217 39 4 103
217 46 16 185
217 47 13 435
217 65 7 358
217 84 34 409
217 91 19 257
217 94 39 76
217 101 47 320
217 103 31 327
217 106 9 284
217 116 26 29
218 8 51 187
218 13 7 30
218 16 11 180
218 17 31 278
218 19 28 33
218 20 37 397
218 30 57 306
218 34 4 429
218 45 35 280
218 48 13 374
218 50 16 142
218 59 46 123
218 62 25 346
218 85 19 289
218 112 1 387
219 2 46 310
219 3 33 250
219 10 1 327
219 11 43 412
219 18 49 82
219 20 51 371
219 38 16 7
219 48 3 51
219 52 25 79
219 63 7 268
219 74 28 45
219 80 55 173
219 83 20 183
219 84 13 182
219 99 37 446
220 5 41 302
220 14 11 335
220 19 52 33
220 23 37 387
220 26 25 221
220 28 7 231
220 49 19 174
220 54 29 442
220 57 13 37
220 60 58 78
220 78 31 411
220 81 1 314
220 85 16 382
220 97 43 321
220 118 55 328
221 6 31 186
221 9 51 90
221 18 17 90
221 30 7 306
221 47 4 444
221 55 43 316
221 57 11 308
221 58 19 379
221 79 37 226
221 88 13 14
221 90 55 275
221 108 25 445
221 110 1 32
221 113 45 335
221 116 22 29
222 11 16 412
222 19 34 249
222 22 13 63
222 41 19 373
222 42 37 33
222 43 2 404
222 49 43 142
222 50 31 376
222 76 25 105
222 82 59 371
222 84 22 215
222 101 29 78
222 108 7 445
222 109 41 138
222 114 49 347
223 7 7 401
223 19 22 249
223 25 52 272
223 33 1 415
223 34 40 288
223 44 25 133
223 48 13 282
223 54 59 437
223 55 29 445
223 84 19 215
223 85 46 437
223 101 35 78
223 106 37 285
223 109 49 4
223 120 16 310
224 10 22 253
224 17 37 125
224 24 57 201
224 46 52 430
224 57 5 282
224 68 49 407
224 71 25 440
224 73 31 99
224 84 1 215
224 88 7 127
224 109 35 138
224 114 45 415
224 117 14 380
224 118 19 264
225 3 45 250
225 14 10 301
225 23 38 239
225 27 1 342
225 75 47 63
225 76 22 384
225 79 7 226
225 86 35 417
225 88 13 267
225 103 49 222
225 106 58 285
225 112 19 38
225 113 25 24
225 115 32 230
226 18 50 230
226 19 28 402
226 34 21 288
226 43 25 222
226 57 53 323
226 63 13 194
226 64 38 111
226 67 2 121
226 72 19 388
226 74 10 350
226 76 43 107
226 98 31 88
226 108 55 238
226 114 47 49
227 8 15 187
227 16 13 315
227 34 28 162
227 42 19 122
227 48 25 282
227 57 5 323
227 63 1 439
227 64 49 111
227 71 55 440
227 79 46 188
227 88 37 14
227 89 17 338
227 93 7 206
227 115 10 69
227 117 33 406
228 5 1 302
228 8 23 129
228 23 43 227
228 24 51 201
228 25 55 178
228 57 13 308
228 62 3 259
228 82 37 150
228 85 7 437
228 89 49 376
228 100 32 73
228 107 26 241
228 111 19 130
228 113 15 335
229 3 13 250
229 14 17 349
229 17 43 113
229 23 19 227
229 40 1 277
229 41 31 112
229 57 23 323
229 58 34 204
229 65 9 1
229 82 29 371
229 88 25 267
229 93 4 295
229 111 50 211
229 113 55 24
230 4 35 378
230 8 1 187
230 30 15 26
230 49 39 174
230 52 13 50
230 53 23 275
230 56 37 418
230 65 5 1
230 70 7 61
230 71 19 389
230 76 28 105
230 83 55 380
230 97 52 28
230 101 50 446
230 108 31 302
231 18 35 90
231 29 25 400
231 38 53 133
231 39 7 132
231 50 38 438
231 51 4 22
231 52 17 39
231 76 10 107
231 78 13 411
231 95 43 374
231 97 22 420
231 98 31 180
231 102 19 253
231 110 1 216
231 117 55 196
232 11 43 239
232 32 19 245
232 33 13 425
232 38 47 61
232 41 28 351
232 44 49 346
232 54 5 328
232 73 55 242
232 76 10 105
232 77 32 154
232 80 1 357
232 85 40 413
232 93 25 98
232 103 7 420
232 110 37 216
233 6 27 210
233 11 19 412
233 21 5 81
233 41 13 351
233 53 43 127
233 57 9 308
233 63 37 194
233 64 55 347
233 68 31 407
233 73 45 232
233 80 1 258
233 89 25 315
233 101 7 446
233 114 16 277
233 117 49 380
234 2 19 178
234 16 1 315
234 25 16 330
234 28 31 390
234 29 46 262
234 53 55 366
234 63 7 194
234 64 49 119
234 66 37 85
234 69 26 36
234 72 23 164
234 76 43 284
234 79 13 226
234 99 3 161
234 106 35 7
235 5 10 178
235 10 37 253
235 22 58 79
235 24 35 201
235 33 39 117
235 55 47 445
235 59 1 123
235 65 26 1
235 80 3 261
235 83 13 183
235 91 31 140
235 103 28 350
235 112 16 387
235 115 22 119
235 120 19 85
236 2 4 191
236 22 7 154
236 26 58 22
236 28 37 390
236 33 26 425
236 38 20 7
236 56 53 418
236 60 43 167
236 71 14 118
236 74 10 45
236 81 31 361
236 90 49 70
236 94 47 426
236 101 41 320
236 115 1 69
237 5 13 303
237 25 46 19
237 39 43 277
237 42 31 297
237 46 1 391
237 73 8 104
237 84 52 215
237 95 15 52
237 105 29 299
237 108 37 164
237 109 27 278
237 111 55 288
237 112 49 170
237 117 19 172
237 118 4 264
238 9 40 90
238 14 1 335
238 17 13 222
238 24 45 201
238 25 37 107
238 40 10 431
238 43 34 113
238 46 7 185
238 50 55 215
238 67 52 121
238 78 26 366
238 79 49 423
238 94 3 284
238 95 20 436
238 105 59 299
239 4 31 378
239 18 16 230
239 20 21 444
239 24 5 201
239 32 37 88
239 40 46 344
239 47 7 435
239 55 59 354
239 60 34 442
239 62 43 259
239 63 1 268
239 68 52 57
239 76 49 107
239 86 55 417
239 98 26 121
240 2 28 191
240 15 59 138
240 19 1 402
240 20 31 371
240 25 52 191
240 26 19 45
240 37 55 443
240 48 25 429
240 76 37 105
240 82 7 69
240 83 16 183
240 110 10 216
240 113 43 372
240 114 40 277
240 115 13 69
241 24 21 201
241 25 49 272
241 35 25 22
241 37 13 213
241 48 52 429
241 50 55 376
241 55 58 316
241 62 8 169
241 65 19 358
241 70 37 332
241 90 1 106
241 107 32 419
241 111 45 206
242 14 1 349
242 15 17 88
242 23 27 227
242 39 13 277
242 43 37 222
242 58 7 197
242 60 4 167
242 62 40 236
242 65 59 358
242 71 19 440
242 72 47 388
242 88 31 114
242 99 55 161
242 109 11 1
242 113 43 70
243 4 45 378
243 5 4 95
243 17 55 278
243 19 37 122
243 20 7 371
243 22 34 72
243 23 50 377
243 46 31 185
243 48 40 374
243 61 21 113
243 68 14 407
243 76 58 105
243 84 28 215
243 89 1 376
243 102 25 354
244 2 7 191
244 5 11 303
244 9 1 188
244 13 59 269
244 26 40 3
244 30 19 311
244 31 13 94
244 59 47 37
244 61 25 416
244 64 50 120
244 70 43 61
244 79 32 188
244 99 55 214
244 112 37 170
244 116 4 29
245 6 2 280
245 21 35 81
245 23 55 377
245 27 49 342
245 44 7 430
245 47 19 435
245 57 53 37
245 61 21 382
245 63 37 182
245 75 26 316
245 82 29 15
245 90 31 434
245 92 44 218
245 114 41 49
245 120 16 299
246 2 15 27
246 18 43 82
246 25 31 330
246 28 7 39
246 43 22 404
246 47 1 444
246 56 47 418
246 60 19 83
246 68 34 139
246 93 57 295
246 94 13 76
246 107 38 241
246 112 4 387
246 117 25 231
246 119 49 384
247 2 13 376
247 22 55 154
247 26 43 417
247 31 7 381
247 43 16 353
247 52 41 50
247 57 31 37
247 68 26 407
247 78 19 212
247 80 49 357
247 83 47 39
247 86 59 91
247 88 1 14
247 108 37 445
248 8 11 187
248 18 39 320
248 35 1 78
248 37 34 443
248 48 31 51
248 57 8 37
248 60 19 232
248 67 17 121
248 71 45 386
248 75 5 316
248 77 26 386
248 94 13 284
248 95 49 294
248 102 58 150
248 109 43 1
249 11 13 412
249 17 34 196
249 33 25 117
249 37 9 443
249 48 20 51
249 51 16 22
249 52 37 4
249 54 7 442
249 60 46 167
249 74 58 450
249 75 29 187
249 87 40 355
249 117 49 410
249 120 3 310
250 2 19 181
250 3 1 161
250 4 37 378
250 8 59 311
250 26 22 140
250 34 56 119
250 43 52 417
250 49 13 104
250 57 3 37
250 61 7 208
250 76 49 284
250 84 25 333
250 87 40 122
250 106 46 285
250 114 31 347
251 13 3 30
251 46 10 206
251 49 25 174
251 53 23 162
251 55 41 445
251 69 32 48
251 88 19 312
251 90 13 70
251 91 43 140
251 93 52 295
251 96 49 369
251 107 37 135
251 108 55 164
251 109 5 28
251 114 17 49
252 2 27 310
252 5 37 303
252 8 23 398
252 32 31 388
252 51 40 416
252 63 8 130
252 65 13 1
252 67 25 210
252 78 19 291
252 86 5 449
252 89 51 376
252 96 55 402
252 100 1 433
252 116 43 62
252 119 15 105
253 6 26 280
253 11 46 151
253 12 1 59
253 16 21 221
253 17 34 161
253 31 55 381
253 50 31 418
253 54 19 442
253 56 39 418
253 65 37 330
253 86 41 91
253 87 52 355
253 98 7 59
253 102 43 253
253 115 16 119
254 6 57 210
254 22 10 154
254 32 20 313
254 43 7 113
254 49 37 106
254 50 34 438
254 59 52 123
254 60 31 442
254 62 46 169
254 75 50 316
254 82 29 311
254 89 55 315
254 99 25 446
254 108 2 445
254 116 14 29
255 5 17 303
255 6 49 104
255 7 31 401
255 37 38 213
255 38 53 444
255 48 19 429
255 52 59 50
255 54 5 319
255 68 22 407
255 72 14 388
255 85 55 437
255 86 47 235
255 88 1 127
255 107 43 135
255 120 7 310
256 7 20 199
256 18 5 320
256 35 43 162
256 39 58 132
256 43 28 417
256 45 17 172
256 47 7 343
256 50 31 142
256 52 53 50
256 57 25 136
256 75 9 187
256 83 13 181
256 91 1 140
256 94 11 426
256 111 37 206
257 5 59 95
257 19 49 33
257 35 14 162
257 44 38 346
257 53 47 162
257 54 29 103
257 63 7 439
257 74 43 187
257 86 11 235
257 90 31 46
257 93 1 98
257 98 25 270
257 106 23 266
257 109 35 278
257 112 19 387
258 12 56 59
258 30 1 267
258 32 43 88
258 35 8 147
258 37 25 213
258 50 19 33
258 52 28 4
258 55 17 288
258 62 22 236
258 67 31 210
258 70 13 61
258 87 49 63
258 89 39 315
258 103 34 327
259 5 46 216
259 9 43 90
259 42 20 272
259 54 7 319
259 68 4 139
259 70 25 334
259 82 17 311
259 83 49 379
259 84 10 333
259 85 38 437
259 94 15 76
259 111 33 129
259 113 55 358
260 4 27 378
260 14 37 349
260 38 43 423
260 61 45 416
260 68 52 407
260 82 25 431
260 85 4 112
260 86 59 449
260 90 55 434
260 102 10 150
260 103 31 214
260 109 1 4
260 110 7 216
260 117 19 231
261 2 15 164
261 5 5 178
261 7 25 401
261 21 13 81
261 23 32 239
261 33 51 415
261 47 23 435
261 53 59 275
261 57 55 308
261 70 38 116
261 78 7 366
261 96 44 91
261 97 20 28
261 106 47 266
261 113 1 24
262 25 4 116
262 31 49 145
262 38 17 61
262 54 2 442
262 57 29 308
262 61 32 222
262 67 59 368
262 72 53 14
262 82 22 446
262 88 9 267
262 97 39 97
262 99 13 161
262 102 25 253
262 103 46 327
262 109 7 278
263 5 35 303
263 29 37 262
263 30 49 26
263 32 25 426
263 35 31 22
263 39 55 132
263 45 19 280
263 76 58 284
263 89 11 366
263 91 7 140
263 92 43 298
263 96 22 91
263 112 2 170
263 119 13 255
264 8 37 129
264 23 7 227
264 25 26 330
264 31 43 381
264 38 5 133
264 43 57 417
264 59 21 123
264 65 55 1
264 66 39 243
264 85 16 437
264 91 31 257
264 106 1 285
264 109 51 1
264 118 13 438
265 3 43 250
265 13 23 281
265 14 32 208
265 17 40 125
265 25 13 272
265 26 52 140
265 29 25 120
265 42 7 235
265 44 19 370
265 82 11 371
265 83 29 380
265 86 1 91
265 87 4 263
265 102 16 354
265 115 34 69
266 3 58 250
266 4 7 378
266 10 11 125
266 17 37 161
266 38 1 319
266 43 3 315
266 47 13 343
266 50 26 142
266 65 34 1
266 67 9 210
266 97 40 28
266 100 19 433
266 107 49 135
266 110 31 431
266 116 43 29
267 6 1 183
267 9 52 325
267 11 25 412
267 14 17 208
267 32 55 88
267 42 31 235
267 49 19 255
267 59 5 361
267 63 13 439
267 95 8 294
267 102 49 150
267 113 37 169
267 115 28 69
267 117 43 196
268 5 53 303
268 10 23 125
268 16 15 315
268 41 43 351
268 54 10 153
268 72 5 388
268 74 46 107
268 80 31 357
268 88 25 14
268 92 49 298
268 96 7 188
268 98 19 153
268 105 17 266
268 115 2 119
269 6 1 323
269 13 21 269
269 21 15 81
269 49 31 255
269 52 37 50
269 59 23 361
269 69 49 48
269 76 52 416
269 77 8 275
269 86 47 91
269 87 55 122
269 99 39 214
269 102 25 150
269 117 43 72
270 6 57 355
270 7 49 79
270 12 1 254
270 24 55 201
270 39 10 103
270 53 53 127
270 63 25 182
270 66 43 205
270 84 31 409
270 90 19 70
270 94 17 95
270 102 7 97
270 117 39 406
270 118 34 264
270 119 13 217
271 12 31 256
271 14 13 301
271 19 51 122
271 22 16 63
271 45 29 172
271 46 20 430
271 55 35 371
271 70 55 10
271 87 25 437
271 88 8 14
271 91 44 257
271 96 4 350
271 102 39 253
271 109 49 278
271 114 59 415
272 14 5 301
272 21 55 284
272 27 37 289
272 35 1 125
272 40 57 344
272 53 49 162
272 56 41 321
272 58 51 379
272 64 31 119
272 66 27 205
272 68 7 407
272 75 46 249
272 96 16 91
272 101 25 320
272 107 19 419
273 3 5 250
273 13 13 269
273 16 47 221
273 24 27 201
273 32 55 426
273 38 29 133
273 49 1 174
273 66 49 205
273 68 43 407
273 86 15 449
273 92 31 218
273 101 37 320
273 106 17 344
273 118 19 159
273 120 8 85
274 6 7 183
274 9 28 90
274 19 25 402
274 48 38 429
274 54 41 437
274 76 31 107
274 82 16 171
274 87 34 122
274 92 55 359
274 94 1 284
274 95 3 266
274 96 49 91
274 110 19 216
274 114 11 49
274 118 52 264
275 8 31 187
275 14 19 349
275 24 10 201
275 31 21 94
275 48 16 282
275 54 41 442
275 66 25 85
275 69 7 398
275 71 44 240
275 83 33 183
275 84 37 333
275 86 53 49
275 108 55 411
275 115 1 230
276 9 40 325
276 47 1 435
276 57 47 323
276 67 53 368
276 68 10 407
276 85 44 413
276 86 3 91
276 88 55 114
276 92 19 359
276 93 49 295
276 94 5 426
276 98 25 72
276 107 13 135
276 112 34 170
276 114 23 415
277 9 7 105
277 17 37 278
277 22 40 154
277 24 23 201
277 30 55 267
277 49 43 44
277 51 16 199
277 71 2 61
277 88 49 127
277 89 29 338
277 93 13 206
277 100 31 190
277 101 20 446
277 107 25 95
277 112 10 170
278 2 9 376
278 9 37 325
278 20 43 371
278 26 40 221
278 40 22 307
278 44 13 242
278 69 31 398
278 74 55 45
278 75 29 316
278 78 50 366
278 94 5 284
278 97 19 97
278 111 25 206
278 115 1 171
279 3 19 250
279 15 13 430
279 19 4 33
279 28 15 157
279 32 37 358
279 40 1 431
279 49 43 402
279 63 49 194
279 76 58 107
279 98 25 232
279 107 7 259
279 109 32 1
279 114 55 49
279 116 22 62
280 16 59 221
280 27 43 289
280 29 25 351
280 52 17 50
280 55 53 354
280 59 39 123
280 69 28 48
280 72 7 388
280 73 31 83
280 80 55 368
280 81 9 163
280 90 19 46
280 91 13 140
280 92 1 398
280 96 49 350
281 13 41 269
281 16 29 55
281 20 7 168
281 22 22 79
281 23 45 252
281 37 19 443
281 58 25 204
281 61 1 303
281 65 16 1
281 76 34 416
281 96 13 91
281 100 55 190
281 110 37 431
281 113 50 15
282 16 35 226
282 17 43 278
282 21 7 81
282 23 9 377
282 37 16 443
282 41 55 351
282 44 37 272
282 45 4 82
282 46 28 404
282 51 19 416
282 61 49 113
282 67 53 210
282 85 31 413
282 87 1 355
282 115 13 119
283 9 58 188
283 20 25 397
283 21 41 81
283 27 44 41
283 40 22 277
283 46 1 147
283 55 53 445
283 58 4 379
283 66 49 285
283 78 13 366
283 92 8 298
283 107 37 75
283 117 31 172
284 12 25 256
284 16 7 221
284 20 50 168
284 21 9 257
284 35 37 78
284 42 13 79
284 46 19 147
284 47 31 444
284 62 33 259
284 79 58 226
284 80 43 258
284 84 22 260
284 90 2 169
284 109 55 4
285 12 3 4
285 15 7 90
285 19 31 122
285 23 38 377
285 37 51 443
285 58 28 197
285 59 49 123
285 69 25 48
285 71 19 49
285 75 1 316
285 78 9 120
285 81 13 163
285 91 55 320
285 97 43 51
285 112 46 170
286 2 34 164
286 11 55 333
286 24 13 201
286 30 19 306
286 51 31 416
286 54 58 442
286 55 29 288
286 64 3 5
286 76 16 384
286 77 37 10
286 80 44 368
286 94 41 95
286 106 23 284
286 109 7 426
287 13 3 269
287 16 17 315
287 22 37 79
287 26 52 45
287 32 13 373
287 33 7 117
287 39 34 103
287 59 25 123
287 67 56 52
287 82 40 171
287 98 43 325
287 101 5 78
287 106 11 7
287 120 1 299
288 25 37 27
288 26 43 7
288 31 26 94
288 37 40 443
288 51 13 8
288 55 53 288
288 56 7 418
288 67 50 121
288 68 46 139
288 81 1 163
288 83 59 39
288 88 9 312
288 95 19 242
288 97 31 97
288 111 55 211
289 4 47 378
289 13 23 30
289 32 43 191
289 35 57 348
289 51 49 301
289 54 27 442
289 56 20 418
289 93 8 295
289 95 31 294
289 97 16 97
289 102 52 253
289 104 37 126
289 106 55 285
289 113 2 372
290 2 37 376
290 24 47 201
290 28 19 390
290 30 25 26
290 37 7 213
290 50 1 185
290 54 4 442
290 63 49 268
290 66 55 205
290 71 13 263
290 100 43 73
290 116 32 62
291 17 58 409
291 27 50 41
291 29 1 138
291 35 31 125
291 37 44 443
291 47 9 444
291 50 55 33
291 65 7 440
291 67 13 52
291 71 27 49
291 82 35 15
291 97 4 154
291 105 16 256
291 113 37 24
291 117 20 410
292 2 55 15
292 5 27 178
292 18 25 183
292 31 1 265
292 39 40 132
292 46 21 391
292 59 17 123
292 67 5 210
292 73 7 232
292 90 49 275
292 92 13 359
292 105 11 22
292 106 19 76
292 113 32 24
293 6 43 323
293 11 4 151
293 15 29 258
293 16 27 315
293 21 22 81
293 23 33 377
293 43 1 417
293 48 49 282
293 52 31 50
293 75 19 316
293 79 13 423
293 91 37 319
293 106 17 284
293 108 55 302
293 111 7 129
294 5 23 95
294 13 29 269
294 21 39 81
294 48 55 51
294 55 11 279
294 59 13 123
294 64 7 111
294 76 1 105
294 78 15 106
294 85 4 289
294 89 37 210
294 97 49 310
294 98 25 180
294 105 45 256
294 106 33 266
295 21 41 257
295 23 49 227
295 27 19 270
295 44 31 353
295 47 47 435
295 51 56 280
295 65 29 440
295 71 37 263
295 72 9 388
295 73 43 46
295 83 53 183
295 87 25 370
295 90 13 100
295 119 1 251
296 3 35 250
296 7 31 382
296 16 53 221
296 20 55 444
296 38 45 423
296 43 37 370
296 56 13 389
296 57 41 308
296 68 22 57
296 87 28 263
296 90 8 186
296 106 15 285
296 112 50 387
296 116 19 29
296 117 1 196
297 3 31 250
297 5 59 303
297 6 49 186
297 7 55 404
297 20 13 371
297 41 26 112
297 45 34 82
297 56 5 204
297 74 19 350
297 80 45 261
297 95 1 294
297 100 37 433
297 109 53 278
297 111 7 288
298 12 32 4
298 21 7 257
298 30 49 306
298 31 19 439
298 62 10 346
298 63 55 182
298 64 37 119
298 83 23 183
298 101 29 320
298 103 46 420
298 107 13 95
298 111 1 288
298 117 25 410
298 120 41 85
299 21 53 81
299 22 58 154
299 29 55 262
299 46 15 430
299 50 3 418
299 54 1 150
299 56 43 418
299 64 32 354
299 67 13 210
299 69 19 177
299 74 39 45
299 76 46 384
299 104 49 126
299 107 7 135
299 114 25 347
300 10 1 253
300 12 31 370
300 14 23 349
300 17 25 220
300 20 3 397
300 45 55 82
300 55 59 288
300 56 28 204
300 80 19 368
300 87 52 63
300 91 9 320
300 101 47 434
300 117 13 72
300 119 37 384
Điểm tối ưu: 4326
Thời gian: 360.229819 giây
Trạng thái: VALID
