2946
1 5 3 1
1 10 13 116
1 13 55 80
1 17 58 94
1 18 22 233
1 19 44 43
1 20 40 88
1 21 49 7
1 26 31 169
1 51 25 54
1 59 7 230
1 61 34 71
1 63 19 234
1 72 29 52
2 3 25 182
2 8 38 275
2 10 19 237
2 14 55 96
2 18 28 128
2 27 47 136
2 32 3 61
2 36 31 47
2 39 52 9
2 48 1 101
2 49 43 226
2 56 13 118
2 58 35 266
2 72 23 95
2 75 49 8
3 14 31 212
3 16 25 281
3 18 43 207
3 21 49 246
3 22 46 263
3 33 53 39
3 34 35 272
3 36 37 161
3 40 21 84
3 46 13 233
3 53 57 267
3 65 23 211
3 67 7 78
3 74 1 126
3 75 40 203
4 3 19 133
4 11 14 270
4 17 56 238
4 21 37 193
4 23 41 298
4 30 21 137
4 36 34 47
4 39 31 278
4 43 29 201
4 61 26 48
4 62 2 170
4 63 10 234
4 71 43 29
4 75 51 203
5 1 16 26
5 3 23 179
5 4 40 280
5 6 43 231
5 12 49 11
5 17 55 94
5 22 13 160
5 25 37 87
5 36 4 161
5 53 25 267
5 59 31 195
5 60 20 95
5 62 8 130
5 68 1 153
5 69 29 104
6 3 31 182
6 8 55 180
6 9 7 191
6 10 25 116
6 23 1 40
6 32 13 80
6 34 21 289
6 44 50 29
6 58 23 226
6 63 37 108
6 71 58 295
6 73 47 199
6 76 33 168
6 79 4 39
6 80 43 258
7 2 2 44
7 4 28 172
7 5 37 1
7 8 25 103
7 9 8 272
7 13 21 170
7 18 49 4
7 25 13 87
7 32 16 266
7 38 19 79
7 45 35 282
7 53 43 16
7 54 56 117
7 63 32 234
7 73 41 199
8 1 58 90
8 5 31 1
8 16 51 239
8 18 55 207
8 28 29 261
8 31 43 206
8 36 19 205
8 45 22 66
8 56 25 223
8 57 37 159
8 63 4 108
8 64 47 47
8 65 9 211
8 69 7 35
8 72 1 24
9 13 37 84
9 20 13 74
9 28 47 250
9 33 1 150
9 39 25 9
9 42 19 98
9 48 5 254
9 52 16 285
9 55 28 121
9 60 31 58
9 62 52 262
9 70 55 282
9 77 7 15
9 80 22 258
10 1 39 90
10 10 3 210
10 11 57 100
10 18 10 233
10 19 22 177
10 20 52 88
10 33 25 39
10 43 45 201
10 45 37 66
10 47 19 83
10 50 1 128
10 64 31 251
10 73 8 81
10 75 14 25
10 76 35 168
11 5 26 1
11 9 8 222
11 12 55 77
11 23 31 40
11 26 13 169
11 33 35 22
11 35 49 36
11 39 1 186
11 45 53 138
11 46 19 265
11 50 41 19
11 52 22 5
11 64 33 251
11 69 16 200
11 71 43 282
12 3 46 182
12 5 50 118
12 22 19 263
12 24 3 96
12 37 25 238
12 44 22 7
12 55 34 235
12 56 15 157
12 59 55 61
12 64 7 47
12 65 1 211
12 68 31 273
12 75 43 8
12 76 59 152
12 79 9 135
13 10 37 210
13 11 49 110
13 22 22 59
13 25 7 269
13 26 28 291
13 28 5 41
13 31 31 293
13 41 35 76
13 42 46 98
13 46 58 252
13 55 25 69
13 63 55 234
13 67 13 244
13 68 19 273
13 76 3 168
14 14 27 110
14 18 19 233
14 21 45 71
14 29 13 60
14 36 7 4
14 38 10 79
14 39 40 204
14 41 25 76
14 42 37 255
14 50 49 128
14 58 5 75
14 60 1 166
14 64 43 47
14 67 31 176
14 68 55 161
15 7 37 162
15 9 31 222
15 10 43 210
15 13 49 179
15 20 10 6
15 23 19 51
15 25 21 269
15 40 25 14
15 49 27 123
15 50 8 128
15 56 55 143
15 61 4 48
15 66 17 138
15 68 1 217
15 70 13 282
16 5 1 118
16 16 37 75
16 23 17 240
16 34 5 272
16 35 25 190
16 54 34 42
16 59 49 195
16 66 10 94
16 69 14 200
16 71 7 263
16 73 19 152
16 75 31 202
16 76 21 152
16 78 55 124
16 80 46 258
17 1 49 90
17 2 55 3
17 15 52 147
17 16 37 239
17 17 43 94
17 21 31 7
17 23 4 240
17 25 1 269
17 31 13 229
17 34 8 289
17 35 25 220
17 36 10 4
17 41 17 76
17 53 19 267
17 69 46 57
18 1 55 174
18 5 20 286
18 9 25 191
18 11 7 185
18 21 31 246
18 40 1 84
18 41 17 222
18 44 10 29
18 45 39 66
18 51 43 80
18 52 49 149
18 58 4 278
18 63 13 234
18 76 37 152
19 5 43 1
19 6 19 195
19 15 34 147
19 19 16 43
19 28 9 250
19 29 25 53
19 33 23 22
19 38 40 5
19 39 51 186
19 57 55 223
19 61 13 135
19 64 47 251
19 68 31 102
19 73 3 199
20 2 25 3
20 5 31 208
20 26 21 169
20 27 17 102
20 29 55 53
20 33 5 150
20 40 11 84
20 41 13 76
20 42 37 6
20 53 49 267
20 64 15 47
20 67 1 78
20 70 7 187
20 76 35 152
21 1 1 90
21 7 25 215
21 17 46 286
21 23 23 51
21 28 35 250
21 41 19 76
21 48 11 254
21 49 7 123
21 55 43 149
21 59 50 283
21 63 37 234
21 71 16 271
21 77 31 38
21 78 55 183
21 79 4 121
22 1 52 90
22 2 25 254
22 4 13 280
22 7 31 162
22 14 45 275
22 22 2 66
22 23 35 240
22 34 29 272
22 44 37 295
22 51 7 287
22 64 23 251
22 68 16 273
22 72 43 24
22 80 19 258
23 1 25 26
23 10 7 105
23 17 37 293
23 26 31 291
23 45 29 66
23 47 52 83
23 48 13 101
23 52 40 285
23 58 23 266
23 63 34 108
23 64 45 47
23 67 15 86
23 69 11 188
23 73 19 199
23 78 1 9
24 3 9 182
24 4 13 172
24 5 50 208
24 6 33 159
24 10 38 116
24 15 43 268
24 19 46 147
24 24 2 264
24 27 11 169
24 28 57 250
24 39 16 58
24 48 31 101
24 58 7 75
24 67 25 228
24 78 20 124
25 1 19 26
25 9 14 97
25 13 25 84
25 15 22 103
25 18 37 4
25 26 28 169
25 29 1 53
25 32 7 266
25 35 31 220
25 52 55 219
25 54 46 192
25 62 58 169
25 72 11 95
25 73 49 199
25 77 51 240
26 20 37 263
26 27 19 271
26 31 1 229
26 33 40 39
26 34 46 289
26 35 13 36
26 37 49 170
26 42 25 239
26 45 55 66
26 57 32 223
26 58 53 278
26 62 9 5
26 65 7 211
26 67 21 244
26 69 5 104
27 12 43 102
27 19 8 43
27 24 57 228
27 28 55 250
27 38 35 229
27 40 29 216
27 41 37 211
27 44 52 295
27 58 11 119
27 62 22 75
27 67 13 78
27 71 25 273
27 74 31 126
27 78 1 145
27 80 40 258
28 6 20 159
28 13 40 80
28 20 25 88
28 36 44 205
28 41 11 211
28 45 51 66
28 46 16 246
28 48 47 101
28 54 37 192
28 57 58 223
28 61 13 48
28 67 7 176
28 73 56 81
28 78 31 124
28 80 1 202
29 1 52 26
29 2 9 21
29 6 31 161
29 9 45 191
29 17 2 293
29 32 28 80
29 34 50 289
29 43 15 216
29 53 55 261
29 60 25 58
29 67 19 176
29 72 7 52
29 73 40 81
29 75 37 71
30 1 1 26
30 6 49 161
30 7 26 204
30 9 57 272
30 12 32 30
30 15 7 103
30 17 22 262
30 25 4 87
30 30 39 133
30 35 43 220
30 36 16 4
30 55 19 121
30 75 10 25
30 76 37 168
31 7 20 204
31 8 46 103
31 9 31 272
31 13 9 67
31 22 43 86
31 23 51 40
31 24 13 264
31 32 55 254
31 33 7 150
31 35 37 190
31 46 1 208
31 48 28 51
31 57 25 176
31 64 41 47
31 73 4 81
32 6 1 231
32 10 31 105
32 12 43 30
32 24 55 119
32 26 19 291
32 30 49 265
32 36 40 161
32 40 13 84
32 41 25 222
32 45 17 66
32 50 5 116
32 55 22 56
32 60 7 220
32 61 10 71
32 79 37 121
33 3 38 179
33 4 31 280
33 10 13 237
33 15 46 268
33 23 53 40
33 27 29 287
33 31 19 293
33 39 58 186
33 44 40 211
33 52 10 149
33 56 25 157
33 60 4 95
33 62 34 169
33 70 49 144
33 75 7 71
34 6 50 287
34 14 13 96
34 15 3 268
34 23 1 240
34 34 23 272
34 36 10 161
34 38 58 5
34 43 45 216
34 44 25 7
34 46 39 52
34 54 7 117
34 65 37 79
34 69 20 104
34 76 17 168
34 78 31 199
35 12 14 77
35 14 33 96
35 18 38 233
35 21 55 155
35 25 25 87
35 27 53 271
35 30 49 138
35 33 9 39
35 40 7 14
35 43 31 216
35 51 43 54
35 54 22 42
35 68 28 273
35 69 3 57
35 76 19 168
36 3 35 133
36 6 39 231
36 14 1 110
36 20 13 88
36 32 20 254
36 35 50 69
36 37 7 171
36 48 11 101
36 52 56 285
36 57 16 223
36 59 25 61
36 62 31 75
36 70 44 159
36 72 37 24
37 4 43 280
37 15 4 17
37 17 19 262
37 19 37 43
37 22 49 59
37 23 8 51
37 26 13 291
37 28 25 41
37 36 10 205
37 38 29 5
37 39 16 278
37 57 40 223
37 62 22 130
37 71 1 263
37 77 31 240
38 10 55 105
38 14 3 275
38 21 25 193
38 27 37 271
38 38 46 229
38 41 39 76
38 42 31 6
38 45 35 1
38 56 20 2
38 62 13 75
38 65 29 79
38 66 16 94
38 73 1 81
38 74 49 105
38 80 10 258
39 1 34 26
39 4 46 51
39 8 43 17
39 12 1 241
39 20 49 74
39 25 31 87
39 29 19 60
39 31 25 229
39 34 41 272
39 40 17 84
39 48 29 254
39 49 7 226
39 53 55 290
39 70 37 244
39 77 13 38
40 2 31 3
40 5 55 118
40 6 45 72
40 14 27 114
40 15 8 268
40 26 22 25
40 28 3 250
40 32 15 81
40 43 43 201
40 45 13 166
40 52 19 198
40 58 39 235
40 60 52 269
40 69 1 104
41 4 34 172
41 8 13 198
41 10 19 136
41 12 37 73
41 17 16 238
41 23 41 40
41 29 55 115
41 33 51 39
41 34 59 84
41 61 31 48
41 62 1 5
41 65 29 83
41 68 4 222
41 75 7 25
41 77 25 22
42 7 37 34
42 19 28 78
42 21 55 193
42 22 44 59
42 23 21 240
42 35 31 69
42 40 11 14
42 48 59 101
42 49 51 226
42 50 47 116
42 54 25 42
42 55 8 69
42 57 13 223
42 58 1 119
42 65 49 79
43 4 43 172
43 5 55 251
43 8 46 40
43 15 13 103
43 20 19 44
43 23 10 298
43 36 7 205
43 39 31 9
43 51 1 54
43 57 37 262
43 58 5 266
43 63 40 234
43 64 17 251
43 72 51 95
43 80 34 202
44 9 44 151
44 14 20 110
44 23 16 298
44 27 41 287
44 29 7 115
44 35 31 190
44 42 25 98
44 52 13 149
44 53 1 16
44 56 37 207
44 57 28 176
44 58 59 235
44 59 49 143
44 72 35 52
44 74 55 30
45 9 56 191
45 10 8 136
45 13 19 177
45 24 25 192
45 37 37 63
45 48 13 254
45 52 33 5
45 56 49 207
45 60 15 166
45 64 1 114
45 65 47 211
45 70 43 244
45 71 3 292
45 76 23 152
46 2 8 139
46 15 3 103
46 26 45 169
46 28 1 250
46 32 34 80
46 33 31 150
46 36 13 4
46 47 16 83
46 48 26 133
46 50 29 19
46 52 19 149
46 54 37 42
46 69 43 200
46 72 22 52
46 74 55 168
47 3 11 182
47 11 34 270
47 12 19 30
47 20 40 74
47 29 43 297
47 42 31 70
47 45 17 1
47 48 5 101
47 59 25 130
47 70 13 187
47 72 57 95
47 74 51 213
47 75 37 25
47 76 9 152
47 78 1 124
48 1 52 174
48 4 19 172
48 5 43 251
48 11 33 100
48 31 56 293
48 32 13 266
48 34 31 84
48 35 25 36
48 37 37 238
48 44 22 295
48 50 11 116
48 56 7 223
48 57 49 6
48 68 16 29
48 74 1 265
49 2 7 3
49 3 33 182
49 16 25 75
49 23 49 40
49 29 20 53
49 32 58 254
49 42 4 98
49 44 46 133
49 56 13 2
49 69 39 188
49 71 52 47
49 72 1 52
49 73 29 199
49 76 44 168
50 1 16 174
50 6 25 231
50 9 37 272
50 10 31 136
50 14 7 96
50 16 50 281
50 17 13 94
50 25 46 87
50 26 43 291
50 29 19 261
50 36 4 205
50 40 1 14
50 53 55 16
50 73 23 81
51 11 28 270
51 12 7 102
51 13 40 179
51 15 16 103
51 30 31 133
51 33 59 39
51 34 23 84
51 36 37 47
51 37 44 19
51 39 13 278
51 44 4 7
51 56 49 2
51 69 1 57
51 75 20 8
51 76 26 152
52 4 20 280
52 10 13 11
52 23 25 240
52 26 10 291
52 32 37 266
52 34 55 84
52 37 57 19
52 40 33 216
52 43 1 201
52 44 43 295
52 54 3 42
52 62 46 170
52 69 40 200
52 74 49 168
52 78 27 124
53 11 37 100
53 16 14 281
53 17 25 262
53 37 31 170
53 41 9 76
53 48 28 101
53 51 51 54
53 55 55 255
53 60 44 166
53 61 21 71
53 64 19 47
53 69 4 200
53 71 1 157
53 73 58 81
53 76 40 152
54 3 53 182
54 9 57 151
54 13 46 177
54 14 31 114
54 29 7 261
54 33 41 150
54 41 19 252
54 44 1 7
54 52 25 149
54 53 37 16
54 57 43 6
54 65 4 79
54 70 49 187
54 77 13 206
54 78 21 199
55 8 25 180
55 12 7 73
55 13 31 80
55 16 56 281
55 23 49 240
55 40 19 84
55 46 37 252
55 47 43 83
55 52 28 149
55 55 13 121
55 56 1 203
55 60 16 95
55 64 5 251
55 68 34 102
55 77 21 38
56 2 19 3
56 4 10 172
56 7 3 294
56 8 7 241
56 14 27 137
56 18 43 233
56 24 55 192
56 25 13 269
56 32 32 266
56 38 1 79
56 63 16 108
56 65 49 211
56 76 25 168
56 78 37 145
57 6 37 288
57 8 33 101
57 16 9 239
57 22 4 59
57 23 43 40
57 32 52 266
57 33 41 22
57 40 7 84
57 42 58 255
57 47 55 83
57 48 26 101
57 60 46 269
57 62 19 130
57 78 13 145
57 80 1 258
58 18 46 233
58 24 31 89
58 25 22 219
58 27 35 136
58 32 10 266
58 39 38 278
58 47 1 83
58 51 15 56
58 55 7 255
58 57 4 6
58 58 29 119
58 60 57 220
58 73 13 199
58 77 25 206
58 79 19 39
59 5 15 52
59 15 31 103
59 16 57 239
59 30 19 138
59 31 49 293
59 34 53 84
59 41 43 76
59 42 1 98
59 48 41 101
59 52 7 149
59 53 37 122
59 56 45 223
59 64 13 251
59 71 34 273
59 75 26 203
60 4 27 280
60 14 56 212
60 17 45 262
60 23 7 240
60 26 9 159
60 28 43 250
60 30 3 235
60 32 38 61
60 40 1 80
60 43 25 216
60 51 31 287
60 54 14 192
60 56 51 150
60 69 21 200
60 72 49 95
61 1 46 26
61 2 31 57
61 4 1 215
61 11 55 110
61 17 58 222
61 24 51 199
61 28 49 250
61 38 29 229
61 40 27 14
61 45 15 66
61 48 43 101
61 53 37 261
61 63 22 234
61 77 7 206
61 80 19 202
62 1 22 26
62 6 3 2
62 9 49 272
62 10 25 105
62 12 31 11
62 16 44 281
62 27 35 287
62 29 13 261
62 32 7 61
62 33 1 139
62 35 55 190
62 43 53 201
62 44 10 295
62 49 37 123
62 68 19 147
63 6 55 159
63 10 43 116
63 12 26 241
63 14 19 245
63 16 37 41
63 22 1 59
63 27 49 271
63 33 7 39
63 45 23 166
63 47 4 83
63 50 59 246
63 55 34 121
63 57 16 6
63 67 9 58
63 80 13 202
64 1 31 174
64 2 13 139
64 7 7 162
64 11 4 100
64 19 1 74
64 23 21 40
64 31 55 283
64 34 59 289
64 39 38 9
64 43 17 216
64 56 43 2
64 71 49 37
64 75 52 71
64 77 25 38
64 79 34 135
65 5 7 286
65 13 1 179
65 17 43 161
65 24 55 264
65 27 4 271
65 28 16 250
65 29 31 115
65 40 22 14
65 43 40 216
65 44 28 7
65 50 13 128
65 52 19 5
65 61 49 71
65 62 25 169
65 75 37 8
66 5 26 286
66 7 33 34
66 12 43 11
66 14 7 110
66 20 4 263
66 26 1 30
66 32 22 80
66 33 47 139
66 36 19 4
66 40 41 14
66 57 49 223
66 68 52 222
66 69 58 200
66 74 37 126
66 77 13 15
67 8 7 180
67 12 55 241
67 22 52 263
67 23 16 40
67 24 25 134
67 26 10 252
67 30 43 138
67 31 19 88
67 32 13 32
67 35 1 190
67 36 49 57
67 42 38 98
67 44 31 29
67 73 5 199
68 9 1 191
68 10 50 136
68 11 40 270
68 23 31 51
68 28 22 250
68 30 7 292
68 35 44 190
68 36 58 47
68 39 37 204
68 46 16 233
68 54 19 241
68 60 26 166
68 62 13 262
68 67 33 78
68 73 11 152
69 2 19 139
69 9 13 191
69 11 4 270
69 12 37 77
69 33 35 39
69 35 7 36
69 44 25 29
69 45 53 66
69 48 23 4
69 50 17 116
69 53 31 16
69 59 44 285
69 70 56 144
69 79 28 135
70 5 20 118
70 6 31 231
70 12 1 77
70 20 43 213
70 21 49 77
70 24 55 256
70 35 37 36
70 47 46 83
70 48 35 4
70 50 53 246
70 68 13 273
70 74 25 213
70 75 16 202
70 77 7 38
71 5 37 208
71 11 55 185
71 15 25 268
71 16 43 157
71 18 49 145
71 19 4 43
71 25 52 219
71 37 13 170
71 40 9 14
71 41 1 76
71 55 28 69
71 57 19 135
71 72 41 95
71 74 31 265
71 79 22 39
72 1 55 90
72 2 19 21
72 6 14 65
72 12 25 30
72 14 7 275
72 16 49 252
72 42 58 98
72 51 37 287
72 58 5 119
72 61 45 48
72 70 31 282
72 78 1 283
73 1 10 26
73 8 58 180
73 15 20 17
73 22 34 263
73 24 15 134
73 29 25 115
73 39 45 9
73 46 7 166
73 48 4 133
73 50 1 246
73 52 55 5
73 53 37 267
73 70 50 233
73 72 13 52
73 76 31 168
74 4 25 172
74 9 55 97
74 10 1 105
74 14 43 110
74 17 28 94
74 18 52 145
74 19 20 74
74 25 31 269
74 28 5 155
74 31 37 292
74 32 7 24
74 54 49 42
74 58 11 226
74 65 15 211
74 72 13 24
75 2 7 44
75 5 37 251
75 8 34 103
75 12 13 30
75 19 52 97
75 22 55 263
75 27 27 271
75 30 43 235
75 41 47 76
75 42 31 98
75 50 41 246
75 60 49 269
75 70 19 282
75 75 1 8
76 1 49 26
76 4 4 172
76 13 19 108
76 15 37 17
76 19 56 43
76 23 1 298
76 28 40 250
76 29 7 60
76 31 25 225
76 34 53 289
76 52 13 183
76 53 43 261
76 57 22 223
76 61 16 135
76 70 32 122
77 2 26 21
77 15 51 268
77 21 43 118
77 22 55 59
77 25 1 87
77 39 4 259
77 49 13 226
77 51 19 287
77 56 31 2
77 57 40 262
77 63 58 234
77 73 35 199
77 76 9 168
77 79 37 125
78 2 49 254
78 6 57 2
78 8 34 241
78 23 55 240
78 26 1 159
78 30 9 225
78 43 17 25
78 46 4 246
78 49 13 123
78 64 7 276
78 67 26 244
78 71 31 295
78 74 43 126
78 77 19 22
78 78 37 199
79 3 13 295
79 11 52 270
79 12 25 73
79 15 19 103
79 20 34 6
79 27 41 136
79 38 31 79
79 42 49 280
79 46 9 246
79 48 7 101
79 56 1 223
79 58 22 235
79 64 15 251
79 69 38 200
79 77 43 22
80 14 31 275
80 29 37 115
80 31 13 292
80 34 55 289
80 36 10 100
80 41 27 76
80 42 43 98
80 44 1 295
80 50 41 128
80 57 7 6
80 59 49 130
80 65 5 198
80 66 58 231
80 71 46 282
80 73 21 81
81 1 20 90
81 3 14 182
81 4 38 172
81 13 58 80
81 23 10 240
81 24 33 119
81 28 3 41
81 31 50 21
81 34 28 289
81 39 7 278
81 41 31 76
81 45 1 1
81 54 55 42
81 67 43 35
81 68 16 153
82 2 38 254
82 3 56 182
82 8 58 198
82 15 7 89
82 17 52 94
82 25 22 87
82 26 19 25
82 29 1 60
82 32 31 254
82 42 34 280
82 50 10 128
82 56 13 207
82 63 49 234
82 74 25 63
82 78 44 124
83 2 55 139
83 5 19 256
83 10 26 136
83 13 1 177
83 30 37 228
83 40 16 14
83 52 46 198
83 53 51 112
83 60 31 166
83 69 7 200
83 71 13 16
83 72 34 95
83 75 9 8
83 79 43 135
83 80 4 258
84 10 55 116
84 12 3 11
84 13 43 170
84 15 34 17
84 21 13 217
84 23 7 298
84 27 59 271
84 37 20 19
84 38 49 229
84 39 10 278
84 63 28 108
84 68 51 273
84 69 1 200
84 74 39 168
84 76 46 168
85 3 16 182
85 9 19 272
85 19 25 43
85 24 43 186
85 32 58 266
85 35 38 220
85 36 28 205
85 37 49 14
85 40 23 216
85 60 34 166
85 65 13 211
85 68 7 29
85 69 56 200
85 71 4 157
85 76 11 168
86 1 31 90
86 10 13 105
86 26 22 291
86 28 11 261
86 29 7 53
86 33 29 139
86 38 35 24
86 43 51 201
86 45 57 66
86 46 4 166
86 52 1 285
86 54 25 117
86 61 43 52
86 64 19 251
86 72 53 95
87 2 49 3
87 9 1 272
87 12 38 102
87 15 8 17
87 22 19 160
87 23 16 51
87 30 55 201
87 39 34 9
87 48 53 4
87 54 22 192
87 55 28 85
87 61 13 71
87 63 31 108
87 64 25 251
87 70 44 41
88 11 46 270
88 15 10 103
88 16 13 239
88 19 20 117
88 22 52 86
88 27 43 271
88 32 7 80
88 40 50 216
88 44 25 211
88 58 5 226
88 59 55 130
88 64 1 251
88 67 31 244
88 68 28 161
88 72 39 95
89 2 13 21
89 3 25 179
89 17 46 259
89 20 55 74
89 22 58 263
89 30 39 138
89 35 20 190
89 38 8 79
89 41 17 149
89 42 43 239
89 61 10 48
89 62 1 278
89 67 31 28
89 70 27 233
89 74 49 126
90 3 5 295
90 7 1 162
90 11 28 100
90 14 37 110
90 19 25 104
90 28 51 250
90 31 43 293
90 52 7 109
90 60 22 58
90 66 11 138
90 67 13 35
90 71 19 1
90 74 55 126
90 79 31 121
91 12 21 77
91 15 56 17
91 16 7 41
91 24 26 264
91 29 43 290
91 32 16 80
91 39 37 58
91 54 40 42
91 61 4 135
91 65 19 211
91 69 53 57
91 70 49 282
91 74 31 213
91 75 13 8
92 2 7 147
92 3 55 295
92 4 16 280
92 5 25 284
92 9 31 191
92 14 37 212
92 24 44 119
92 37 49 19
92 49 2 123
92 58 11 63
92 68 13 222
92 74 19 126
92 76 29 152
92 77 57 240
93 1 55 26
93 12 49 73
93 19 58 177
93 26 7 291
93 28 11 250
93 31 31 292
93 35 43 69
93 40 47 216
93 48 4 207
93 51 13 54
93 53 19 16
93 55 26 255
93 66 23 94
93 69 1 35
93 77 37 206
94 1 28 90
94 3 49 182
94 5 31 52
94 12 1 102
94 17 20 94
94 18 55 145
94 22 13 59
94 23 23 40
94 31 43 21
94 37 7 19
94 38 51 229
94 43 41 201
94 56 37 143
94 64 11 114
94 69 5 35
95 1 7 26
95 2 1 256
95 4 22 172
95 5 43 105
95 8 37 198
95 21 55 71
95 24 13 186
95 28 59 250
95 32 33 81
95 36 25 205
95 39 19 186
95 45 11 282
95 50 5 19
95 60 40 58
95 80 28 258
96 1 13 26
96 13 49 76
96 15 37 103
96 17 40 44
96 18 52 210
96 23 25 51
96 24 43 264
96 25 4 269
96 28 19 250
96 48 10 51
96 52 34 149
96 59 56 125
96 75 22 202
96 77 27 240
96 79 31 39
97 2 7 254
97 11 37 270
97 12 49 102
97 22 25 263
97 26 40 291
97 28 59 261
97 29 1 261
97 32 20 266
97 35 15 220
97 46 43 255
97 54 28 42
97 56 55 157
97 61 46 52
97 67 31 86
97 73 13 81
98 2 33 21
98 10 1 136
98 16 19 239
98 21 43 7
98 23 8 40
98 25 10 219
98 27 41 271
98 30 37 201
98 35 25 173
98 41 55 149
98 59 13 125
98 60 57 58
98 66 47 94
98 67 50 176
99 19 25 97
99 23 10 40
99 24 49 119
99 36 7 161
99 46 1 255
99 53 19 112
99 55 16 255
99 56 55 150
99 58 31 235
99 59 33 130
99 64 29 251
99 66 4 94
99 75 40 8
99 78 43 23
100 2 50 139
100 7 43 204
100 14 19 212
100 33 47 22
100 35 37 69
100 37 13 19
100 38 7 5
100 39 58 278
100 42 55 103
100 43 4 201
100 50 35 246
100 54 10 42
100 58 25 278
100 60 1 58
100 80 27 202
101 4 34 51
101 8 49 103
101 10 19 210
101 14 25 96
101 16 1 281
101 19 52 117
101 24 56 199
101 26 31 252
101 27 47 287
101 30 7 138
101 38 5 229
101 49 43 123
101 53 14 122
101 59 38 180
102 7 27 162
102 8 55 101
102 13 44 179
102 16 20 281
102 22 34 66
102 30 8 125
102 33 41 139
102 34 31 289
102 36 58 205
102 46 52 280
102 67 1 228
102 69 17 35
102 74 13 126
102 75 49 25
102 78 37 114
103 6 26 59
103 10 20 116
103 13 31 179
103 19 44 153
103 28 7 250
103 34 3 289
103 36 37 205
103 42 34 98
103 63 55 108
103 67 9 228
103 68 40 29
103 72 15 24
103 73 47 152
103 75 52 25
104 2 31 139
104 5 55 52
104 12 49 241
104 15 28 293
104 21 19 246
104 25 43 269
104 35 13 190
104 36 25 47
104 37 1 238
104 41 11 76
104 54 40 192
104 57 37 223
104 58 23 278
104 66 35 231
104 68 8 273
105 4 13 51
105 12 19 73
105 20 16 263
105 23 4 51
105 25 9 87
105 27 39 271
105 28 1 41
105 29 45 53
105 34 29 84
105 37 49 238
105 38 58 229
105 42 31 217
105 55 25 235
105 61 34 48
106 3 27 182
106 12 49 30
106 14 13 110
106 28 10 155
106 38 17 79
106 54 7 42
106 55 19 56
106 56 57 76
106 58 1 235
106 62 40 130
106 65 23 79
106 66 37 231
106 71 3 29
106 72 55 95
106 80 43 137
107 3 19 182
107 13 55 179
107 15 28 103
107 16 1 19
107 22 31 59
107 24 37 144
107 28 13 155
107 36 25 4
107 39 7 9
107 43 21 201
107 48 15 101
107 50 35 19
107 58 41 235
107 72 59 95
107 80 10 202
108 5 13 1
108 11 44 100
108 23 34 40
108 26 52 169
108 27 31 271
108 36 25 161
108 43 59 201
108 48 9 101
108 50 7 246
108 53 1 122
108 57 40 6
108 58 17 226
108 68 55 29
108 70 21 41
108 80 49 202
109 2 26 57
109 10 49 116
109 21 43 193
109 26 55 40
109 29 1 115
109 43 31 25
109 49 37 226
109 57 19 6
109 64 11 47
109 69 7 104
109 73 5 152
109 75 22 203
109 76 59 168
109 79 16 121
110 6 13 231
110 13 52 76
110 21 31 193
110 23 5 298
110 31 57 206
110 41 55 76
110 42 7 98
110 43 43 216
110 46 10 264
110 47 37 83
110 52 45 183
110 59 19 285
110 63 25 234
110 67 1 28
110 68 28 29
111 4 46 280
111 6 56 287
111 15 40 293
111 19 49 97
111 31 31 88
111 33 11 39
111 40 53 14
111 46 37 264
111 47 22 83
111 56 25 2
111 59 7 195
111 64 29 47
111 68 13 29
111 74 1 213
111 79 43 39
112 1 58 26
112 2 37 3
112 3 41 182
112 5 7 118
112 11 20 270
112 12 31 156
112 19 16 104
112 25 1 219
112 31 43 283
112 55 55 121
112 62 27 278
112 71 4 273
112 78 51 124
112 80 13 258
113 11 16 100
113 21 19 193
113 27 7 271
113 28 37 250
113 30 44 4
113 35 1 36
113 38 33 229
113 39 28 186
113 43 23 201
113 54 13 42
113 58 5 63
113 60 40 166
113 69 35 200
113 74 9 126
113 77 56 22
114 9 25 272
114 13 10 170
114 18 56 210
114 25 43 87
114 28 41 261
114 39 31 204
114 50 35 128
114 51 19 54
114 52 4 285
114 59 37 283
114 60 13 58
114 63 51 108
114 72 49 24
114 75 46 8
114 79 1 39
115 9 37 22
115 14 13 275
115 16 19 213
115 25 34 269
115 27 11 287
115 34 41 289
115 39 55 278
115 51 7 54
115 55 50 255
115 60 1 95
115 68 46 29
115 69 29 200
115 70 25 144
115 73 43 81
116 1 28 26
116 12 31 228
116 14 13 212
116 16 49 75
116 19 40 43
116 26 2 291
116 27 17 136
116 37 7 238
116 38 43 229
116 39 46 278
116 42 58 6
116 58 11 75
116 62 19 75
116 65 5 211
116 79 25 135
117 7 55 204
117 10 19 11
117 11 25 100
117 12 44 73
117 19 7 74
117 24 13 119
117 32 32 24
117 38 53 5
117 45 11 1
117 48 17 207
117 52 37 285
117 56 49 157
117 58 1 75
117 62 4 169
117 66 29 231
118 1 43 26
118 4 52 51
118 9 38 191
118 15 58 268
118 17 34 94
118 19 4 74
118 20 13 6
118 34 10 289
118 42 28 98
118 48 23 101
118 58 47 226
118 63 1 234
118 66 8 94
118 68 55 222
118 76 17 152
119 3 23 182
119 6 8 231
119 7 37 215
119 9 50 191
119 10 31 116
119 16 1 239
119 20 58 88
119 25 19 219
119 32 55 266
119 42 28 239
119 44 25 295
119 53 43 267
119 58 35 63
119 66 17 231
119 78 13 9
120 3 47 179
120 7 2 204
120 14 7 245
120 16 49 41
120 24 43 199
120 29 13 115
120 33 17 139
120 40 29 14
120 41 22 76
120 50 35 116
120 54 19 42
120 57 39 176
120 75 26 8
120 77 31 22
120 80 56 202
121 6 38 72
121 18 58 233
121 23 55 51
121 25 28 87
121 28 1 155
121 29 3 290
121 32 49 81
121 34 47 84
121 37 43 14
121 40 9 84
121 44 34 295
121 50 53 116
121 56 19 157
121 65 7 198
121 78 13 124
122 3 11 179
122 13 13 179
122 19 19 43
122 20 40 213
122 28 45 250
122 29 50 115
122 32 3 80
122 40 37 216
122 41 47 149
122 42 55 98
122 43 1 216
122 52 28 285
122 68 58 29
122 80 25 258
123 15 16 293
123 20 37 74
123 28 13 250
123 51 31 54
123 58 41 278
123 60 1 220
123 66 49 94
123 68 22 273
123 69 45 200
123 70 25 187
123 73 47 81
123 74 7 265
123 76 29 168
123 77 51 38
123 78 55 9
124 5 19 105
124 12 25 77
124 17 1 222
124 26 50 291
124 32 40 266
124 36 16 205
124 41 45 76
124 55 55 235
124 59 33 61
124 62 58 262
124 63 4 260
124 64 53 251
124 69 23 104
124 72 37 95
124 74 7 259
125 1 40 26
125 5 1 286
125 12 7 30
125 18 16 42
125 21 43 246
125 24 51 264
125 27 55 136
125 29 25 261
125 30 31 201
125 31 57 225
125 32 19 24
125 42 22 125
125 61 13 268
125 68 37 273
125 69 49 200
126 1 25 90
126 2 3 139
126 12 7 97
126 28 35 261
126 33 16 39
126 34 1 289
126 36 13 161
126 40 20 216
126 45 47 1
126 49 31 123
126 51 49 56
126 52 22 149
126 54 39 241
126 69 37 104
126 80 28 268
127 17 21 222
127 21 37 246
127 23 19 40
127 28 29 250
127 35 44 173
127 39 50 278
127 57 55 56
127 60 13 95
127 64 17 47
127 65 53 79
127 66 1 138
127 69 3 104
127 73 10 199
127 74 25 126
127 78 31 145
128 3 19 179
128 6 8 59
128 11 25 270
128 15 58 103
128 26 22 252
128 29 31 261
128 31 13 283
128 32 4 24
128 38 17 229
128 46 40 255
128 60 28 95
128 61 37 48
128 71 1 271
128 73 49 152
128 78 43 145
129 8 4 180
129 10 7 116
129 17 31 238
129 19 43 117
129 23 13 40
129 26 25 252
129 29 19 290
129 33 37 150
129 38 46 79
129 54 1 192
129 60 49 166
129 68 34 29
129 70 39 78
129 74 55 265
129 75 16 8
130 3 34 179
130 8 31 17
130 22 7 66
130 23 59 40
130 32 28 81
130 34 5 289
130 37 43 238
130 48 21 51
130 52 52 285
130 60 25 95
130 62 39 169
130 67 13 228
130 68 1 273
130 75 56 8
130 80 10 32
131 4 37 280
131 10 7 210
131 21 50 193
131 26 34 291
131 29 13 290
131 30 55 138
131 39 28 9
131 40 4 84
131 44 44 208
131 46 40 11
131 52 31 149
131 58 17 63
131 62 1 130
131 72 20 52
131 79 22 121
132 2 13 44
132 7 25 34
132 14 1 137
132 30 49 133
132 33 17 22
132 35 7 190
132 39 43 278
132 43 11 216
132 44 40 295
132 45 29 138
132 52 34 198
132 58 47 266
132 61 37 135
132 62 31 262
132 78 19 145
133 1 31 26
133 6 38 2
133 13 4 179
133 26 25 291
133 29 15 53
133 33 59 139
133 34 13 289
133 39 34 278
133 44 28 211
133 47 9 83
133 49 19 226
133 66 51 231
133 74 55 195
133 76 7 168
133 77 43 38
134 2 56 21
134 3 21 179
134 17 28 44
134 25 51 87
134 28 26 250
134 31 37 229
134 34 15 289
134 35 9 173
134 41 41 76
134 43 7 216
134 59 44 130
134 62 1 262
134 70 31 187
134 75 4 8
135 8 40 268
135 11 8 270
135 17 16 262
135 19 37 117
135 24 43 96
135 26 1 25
135 28 5 261
135 29 19 115
135 30 31 4
135 33 11 150
135 45 47 166
135 47 13 83
135 53 50 122
135 58 23 63
135 61 56 48
136 5 25 256
136 8 13 205
136 16 45 12
136 17 1 94
136 19 22 43
136 27 43 169
136 28 16 155
136 32 37 81
136 35 31 36
136 53 7 267
136 55 19 235
136 61 50 48
136 62 4 130
136 66 53 231
136 74 55 63
137 1 44 90
137 2 3 3
137 17 19 14
137 18 57 128
137 22 10 263
137 48 38 101
137 49 32 226
137 50 17 19
137 52 40 109
137 53 25 122
137 56 13 72
137 63 7 108
137 65 1 198
137 69 51 200
137 71 22 1
138 7 1 27
138 15 16 17
138 18 25 128
138 20 44 74
138 25 40 87
138 27 47 271
138 31 19 294
138 33 23 139
138 38 28 24
138 39 10 186
138 42 52 6
138 44 49 295
138 53 31 290
138 76 5 168
138 77 56 38
139 4 16 172
139 7 56 162
139 19 31 43
139 21 7 193
139 24 25 119
139 30 19 292
139 31 39 21
139 33 3 150
139 34 23 289
139 35 44 36
139 54 34 117
139 55 13 235
139 58 37 235
139 70 49 159
140 7 13 204
140 8 19 268
140 9 44 272
140 11 52 110
140 14 2 212
140 20 58 74
140 34 37 289
140 37 25 170
140 38 56 229
140 39 49 9
140 41 7 76
140 64 11 276
140 69 9 35
140 75 34 8
140 76 31 152
141 1 58 174
141 5 37 286
141 8 55 268
141 11 13 100
141 16 49 212
141 30 25 138
141 37 43 56
141 42 16 98
141 52 32 285
141 57 1 6
141 61 22 48
141 65 35 211
141 66 5 231
141 75 19 203
141 78 7 145
142 4 55 172
142 9 33 97
142 12 13 102
142 14 44 212
142 20 28 88
142 22 4 30
142 32 52 81
142 46 7 170
142 48 1 207
142 59 19 61
142 68 58 273
142 73 17 199
142 78 37 124
142 79 49 121
143 1 37 26
143 4 1 172
143 9 19 191
143 10 13 210
143 11 50 100
143 19 28 43
143 21 55 246
143 33 17 150
143 48 11 207
143 50 23 246
143 54 25 153
143 69 4 188
143 75 31 71
143 77 43 15
143 80 7 202
144 4 55 280
144 6 25 287
144 7 1 34
144 13 19 80
144 14 33 245
144 25 58 87
144 37 49 63
144 38 53 229
144 43 47 201
144 50 17 128
144 52 44 5
144 56 7 203
144 60 40 269
144 61 13 43
144 75 37 203
145 3 35 182
145 12 37 30
145 22 43 263
145 25 55 269
145 27 5 287
145 33 49 39
145 34 17 289
145 36 28 4
145 39 19 9
145 54 58 42
145 57 22 135
145 58 3 75
145 74 7 63
145 76 1 152
145 79 46 39
146 7 13 162
146 8 28 180
146 11 19 100
146 23 3 40
146 29 50 53
146 39 10 9
146 45 31 66
146 51 55 54
146 52 37 5
146 55 22 69
146 62 7 143
146 66 59 138
146 67 45 176
146 77 33 206
146 79 25 121
147 2 25 139
147 3 29 179
147 6 43 195
147 13 31 67
147 14 19 275
147 17 40 94
147 19 16 74
147 21 50 217
147 22 13 263
147 26 37 291
147 30 9 235
147 48 23 254
147 58 59 63
147 61 34 43
147 70 1 282
148 12 19 102
148 19 49 270
148 21 8 7
148 32 25 24
148 37 33 73
148 43 56 216
148 44 58 211
148 50 29 116
148 51 37 54
148 64 41 251
148 65 16 198
148 66 5 138
148 70 43 187
148 75 13 203
148 77 1 206
149 9 19 151
149 12 33 77
149 13 40 84
149 19 37 35
149 20 45 88
149 23 28 40
149 32 13 61
149 39 16 259
149 43 49 201
149 46 25 208
149 53 8 122
149 69 53 200
149 71 56 271
149 77 2 38
150 2 45 3
150 8 52 198
150 11 58 110
150 17 40 222
150 18 3 128
150 20 37 213
150 22 34 59
150 25 10 269
150 36 20 161
150 41 1 252
150 45 26 66
150 52 49 285
150 71 28 263
150 72 7 95
150 76 15 168
151 6 19 231
151 10 37 136
151 13 58 67
151 16 7 281
151 17 45 222
151 19 50 35
151 32 1 266
151 46 28 246
151 48 43 254
151 54 4 192
151 62 55 170
151 69 25 200
151 70 31 233
151 72 11 52
151 73 15 199
152 2 45 254
152 17 58 161
152 18 49 210
152 27 17 169
152 28 19 41
152 39 55 186
152 42 10 98
152 48 21 101
152 55 13 255
152 56 31 157
152 58 8 119
152 61 1 43
152 74 26 265
152 79 52 135
153 8 49 101
153 10 37 105
153 14 1 245
153 29 43 60
153 32 34 254
153 33 5 22
153 38 41 24
153 46 7 233
153 53 57 122
153 55 31 255
153 58 23 119
153 63 13 108
153 70 19 187
153 75 16 203
153 78 25 283
154 3 59 182
154 22 22 263
154 25 19 87
154 36 49 47
154 38 47 5
154 41 29 76
154 43 11 201
154 45 5 66
154 46 40 264
154 53 13 267
154 57 2 176
154 63 7 234
154 72 17 24
154 76 27 168
155 8 25 17
155 9 13 151
155 12 1 73
155 20 8 88
155 27 37 169
155 35 55 69
155 39 34 204
155 45 29 166
155 46 22 255
155 52 50 5
155 55 46 255
155 57 19 223
155 60 31 95
155 68 43 147
155 79 40 135
156 4 52 172
156 10 25 11
156 12 43 228
156 13 49 84
156 22 19 59
156 30 31 138
156 42 22 98
156 50 37 128
156 52 13 5
156 53 1 267
156 55 39 56
156 65 29 198
156 66 5 151
156 70 56 78
156 78 7 283
157 1 4 26
157 5 31 286
157 20 7 213
157 27 44 287
157 30 56 133
157 37 13 73
157 45 49 66
157 55 51 235
157 60 19 58
157 62 1 169
157 64 35 251
157 65 10 198
157 70 26 282
157 77 38 240
157 79 46 135
158 9 1 23
158 12 25 102
158 14 13 245
158 16 31 239
158 17 37 94
158 18 46 207
158 20 49 263
158 23 58 51
158 30 7 201
158 48 17 101
158 61 55 135
158 68 40 273
158 75 52 8
158 77 19 206
158 80 43 202
159 7 43 34
159 11 22 100
159 12 1 97
159 16 37 281
159 22 19 66
159 24 33 256
159 28 31 250
159 29 25 60
159 44 55 152
159 50 47 246
159 58 59 226
159 64 50 251
159 71 9 271
159 76 53 168
159 77 13 240
160 1 34 90
160 10 13 136
160 14 57 275
160 27 45 271
160 32 49 61
160 39 22 186
160 46 7 264
160 54 52 42
160 57 10 262
160 58 17 75
160 59 1 195
160 67 25 35
160 68 19 29
160 73 31 81
160 77 37 38
161 5 50 1
161 8 21 180
161 9 27 222
161 10 1 116
161 11 34 185
161 17 31 94
161 22 16 59
161 40 13 216
161 41 37 76
161 45 59 66
161 48 19 101
161 54 43 42
161 66 25 94
161 71 39 282
161 77 7 22
162 2 25 147
162 3 1 182
162 16 37 19
162 26 55 169
162 29 43 115
162 37 19 238
162 38 31 229
162 39 33 186
162 41 41 149
162 51 9 56
162 58 16 235
162 59 49 180
162 64 4 47
162 69 7 57
163 3 38 182
163 5 49 52
163 9 31 151
163 10 8 237
163 11 43 270
163 17 28 262
163 23 23 240
163 24 19 264
163 33 53 22
163 39 25 186
163 40 35 84
163 54 40 117
163 60 46 58
163 61 4 71
163 79 56 39
164 2 13 3
164 4 40 51
164 22 31 263
164 25 34 87
164 30 7 133
164 39 46 70
164 48 53 254
164 53 25 290
164 56 19 143
164 58 49 226
164 59 1 143
164 62 37 130
164 68 55 273
164 71 58 145
164 75 43 203
165 2 1 21
165 4 7 172
165 10 57 136
165 13 19 67
165 15 10 293
165 19 28 74
165 37 31 19
165 43 13 201
165 49 49 123
165 57 25 6
165 59 43 143
165 64 23 47
165 73 53 152
165 74 37 265
165 80 16 258
166 5 9 256
166 8 25 40
166 33 15 150
166 45 13 66
166 55 19 69
166 56 37 157
166 58 7 235
166 63 52 234
166 64 3 251
166 68 49 222
166 69 1 188
166 74 55 213
166 75 32 203
166 76 23 168
166 77 44 240
167 4 4 280
167 8 22 198
167 14 7 137
167 18 25 210
167 19 51 43
167 32 44 266
167 38 35 79
167 39 19 70
167 44 15 295
167 45 47 66
167 48 2 133
167 50 33 128
167 53 37 290
167 76 13 152
168 4 58 172
168 8 28 117
168 9 19 23
168 13 8 179
168 16 13 213
168 18 51 128
168 26 46 291
168 32 25 266
168 41 3 76
168 42 55 35
168 45 5 282
168 54 43 245
168 59 32 125
168 66 23 231
168 80 39 202
169 3 47 295
169 4 37 51
169 5 49 256
169 12 43 97
169 13 16 67
169 14 25 275
169 17 13 238
169 18 4 134
169 21 55 7
169 24 19 119
169 31 8 229
169 36 1 161
169 45 23 282
169 61 40 48
169 78 32 183
170 3 11 133
170 9 13 272
170 10 2 185
170 17 46 161
170 27 23 136
170 33 39 150
170 38 31 5
170 49 55 226
170 52 49 198
170 59 7 285
170 61 19 48
170 64 59 251
170 67 25 28
170 70 33 144
170 80 52 258
171 5 51 286
171 15 34 268
171 16 43 252
171 19 21 97
171 23 19 240
171 25 25 269
171 27 16 208
171 28 14 41
171 39 4 186
171 55 28 235
171 61 7 48
171 62 38 170
171 63 1 108
171 75 31 8
171 80 56 258
172 2 14 57
172 5 56 286
172 9 49 151
172 19 28 97
172 30 43 265
172 43 35 201
172 44 19 295
172 45 11 66
172 50 53 19
172 52 38 149
172 59 7 121
172 68 22 29
172 69 47 200
172 74 1 63
172 80 31 268
173 1 10 90
173 7 19 162
173 8 1 17
173 21 37 7
173 24 25 199
173 25 16 87
173 33 29 22
173 40 35 14
173 50 23 128
173 53 50 261
173 56 44 150
173 67 57 176
173 78 31 283
173 80 7 258
174 8 43 198
174 9 1 151
174 34 57 289
174 41 5 76
174 42 46 239
174 49 25 226
174 50 31 128
174 56 37 118
174 58 29 266
174 60 10 166
174 62 49 262
174 64 13 47
174 69 41 35
174 71 21 271
174 80 33 258
175 12 55 102
175 15 7 293
175 31 31 180
175 35 49 190
175 38 41 229
175 44 28 133
175 46 13 246
175 52 16 219
175 64 1 47
175 67 19 35
175 68 37 29
175 69 59 188
175 70 43 75
175 72 10 24
175 73 3 152
176 4 31 172
176 6 37 195
176 13 58 179
176 15 22 70
176 19 10 74
176 27 25 271
176 32 55 24
176 42 43 103
176 44 7 295
176 52 4 5
176 54 46 42
176 55 19 255
176 56 27 150
176 73 1 199
176 77 13 22
177 7 7 34
177 8 22 268
177 15 16 268
177 16 31 281
177 32 49 80
177 38 20 229
177 48 52 101
177 53 45 122
177 56 55 203
177 60 28 58
177 61 1 71
177 69 11 104
177 72 43 95
177 77 37 15
177 80 4 202
178 2 37 139
178 3 17 179
178 5 57 1
178 6 21 183
178 20 52 74
178 31 43 180
178 36 1 205
178 43 27 216
178 46 4 233
178 50 55 128
178 57 14 176
178 62 7 262
178 64 29 276
178 67 31 35
178 73 10 81
179 1 15 90
179 4 43 51
179 7 49 162
179 19 40 153
179 20 55 88
179 22 58 59
179 27 5 136
179 28 23 261
179 31 1 88
179 39 20 278
179 40 13 14
179 52 26 5
179 53 31 267
179 61 37 268
179 78 7 124
180 11 56 270
180 13 43 84
180 14 33 137
180 15 40 103
180 25 28 269
180 26 8 169
180 33 14 39
180 36 22 205
180 52 1 149
180 60 37 166
180 61 16 48
180 63 25 108
180 69 19 200
180 77 49 22
181 4 1 280
181 10 9 11
181 15 13 293
181 18 46 128
181 22 52 59
181 27 17 287
181 31 19 283
181 33 23 150
181 37 31 14
181 40 4 216
181 43 35 216
181 44 28 295
181 47 49 83
181 65 7 83
181 66 37 138
182 8 40 198
182 11 34 110
182 13 52 80
182 15 46 17
182 20 37 88
182 21 55 291
182 40 4 14
182 57 22 6
182 62 13 130
182 64 11 251
182 68 31 72
182 70 25 159
182 73 7 199
182 79 1 121
182 80 49 258
183 6 13 159
183 10 31 210
183 14 25 245
183 15 40 17
183 17 43 286
183 19 7 177
183 28 17 261
183 36 50 205
183 37 19 63
183 40 47 14
183 50 59 116
183 60 10 220
183 62 56 75
183 66 35 138
183 77 1 22
184 4 49 51
184 5 21 208
184 8 1 180
184 14 37 96
184 19 13 147
184 33 35 139
184 34 19 289
184 50 26 246
184 56 8 157
184 58 41 226
184 60 4 220
184 63 44 234
184 70 55 187
184 77 31 15
184 80 52 202
185 5 25 52
185 8 50 17
185 18 58 207
185 21 14 7
185 25 37 269
185 27 29 271
185 33 11 22
185 34 44 289
185 55 34 255
185 56 1 125
185 64 56 47
185 66 47 231
185 72 9 52
185 76 21 168
186 3 43 182
186 14 25 212
186 20 16 88
186 22 46 202
186 26 52 216
186 38 22 229
186 46 7 252
186 47 58 83
186 50 19 128
186 54 31 42
186 58 29 226
186 60 34 58
186 61 1 135
186 63 4 234
186 78 37 183
187 3 29 182
187 7 43 162
187 18 7 151
187 23 5 40
187 35 19 36
187 37 25 19
187 49 1 226
187 50 39 128
187 52 16 5
187 60 55 166
187 62 58 170
187 65 13 79
187 66 23 138
187 77 51 15
188 5 13 286
188 9 37 97
188 18 28 210
188 20 33 74
188 29 55 60
188 32 25 81
188 35 51 220
188 42 7 70
188 43 17 201
188 51 1 287
188 66 49 231
188 67 19 78
188 68 10 217
188 69 31 200
188 71 44 273
189 5 7 1
189 7 49 204
189 12 21 228
189 18 43 128
189 21 1 193
189 22 46 108
189 24 38 186
189 30 25 201
189 34 33 84
189 43 19 201
189 49 55 123
189 62 16 130
189 71 13 271
190 1 20 174
190 3 5 182
190 4 9 280
190 8 55 198
190 11 31 110
190 13 37 80
190 21 25 71
190 27 49 87
190 35 1 69
190 43 58 216
190 45 41 66
190 52 13 285
190 60 46 95
190 64 7 251
190 70 51 244
191 6 37 59
191 8 13 17
191 16 19 207
191 26 16 291
191 27 34 271
191 28 5 250
191 46 52 166
191 48 1 51
191 55 27 56
191 58 31 63
191 60 58 166
191 62 49 169
191 72 3 52
191 73 7 152
191 74 43 63
192 4 46 172
192 8 10 180
192 11 31 270
192 12 56 11
192 16 25 67
192 34 35 289
192 35 13 69
192 36 40 205
192 41 17 252
192 50 19 298
192 55 4 255
192 57 52 223
192 63 43 108
192 64 21 47
192 69 23 200
193 3 7 182
193 5 9 208
193 15 28 17
193 17 4 262
193 18 25 207
193 32 49 266
193 34 17 272
193 37 37 14
193 38 41 79
193 48 1 4
193 54 32 192
193 58 47 63
193 60 20 166
193 66 56 231
193 74 13 63
194 2 1 254
194 8 37 40
194 14 19 96
194 21 13 193
194 22 40 263
194 39 49 34
194 45 43 66
194 51 57 109
194 52 31 198
194 62 34 262
194 65 17 211
194 71 8 282
194 75 46 203
194 78 25 83
195 2 15 254
195 12 55 73
195 14 7 212
195 19 25 74
195 28 53 250
195 46 1 233
195 53 19 122
195 54 28 153
195 55 4 56
195 58 47 235
195 59 43 125
195 77 49 206
195 78 32 83
195 79 40 121
195 80 37 258
196 2 43 139
196 5 25 118
196 8 14 180
196 20 49 88
196 24 33 264
196 35 55 36
196 36 3 4
196 44 52 211
196 49 20 123
196 55 10 255
196 66 47 138
196 68 7 72
196 70 38 187
196 76 1 168
197 1 4 90
197 3 52 179
197 6 21 72
197 11 1 270
197 19 16 147
197 20 55 6
197 24 37 119
197 25 13 219
197 27 19 169
197 34 25 289
197 36 32 205
197 57 28 6
197 58 49 235
197 64 9 251
197 79 45 121
198 5 31 118
198 7 7 204
198 10 43 136
198 14 37 245
198 29 49 290
198 36 55 205
198 51 13 287
198 63 58 108
198 67 19 28
198 69 11 200
198 70 1 187
198 79 27 39
199 1 7 90
199 11 1 100
199 17 34 238
199 18 55 233
199 24 49 192
199 43 4 25
199 47 40 83
199 56 19 150
199 60 58 269
199 63 16 234
199 72 23 24
199 73 45 81
199 76 13 168
199 78 25 145
199 79 31 135
200 11 7 100
200 20 38 89
200 27 23 287
200 31 13 294
200 35 19 220
200 37 55 14
200 46 28 208
200 48 17 133
200 52 25 198
200 54 10 192
200 56 31 207
200 59 44 61
200 67 1 244
200 72 5 52
200 79 52 121
Điểm tối ưu: 2946
Thời gian: 360.129008 giây
Trạng thái: VALID
