166
1 1 19 9
1 3 13 23
1 4 43 6
1 5 1 30
1 6 52 11
1 7 31 29
1 8 4 27
1 9 7 1
1 10 40 13
2 3 40 23
2 4 10 6
2 5 22 30
2 6 17 11
2 8 1 27
2 9 37 1
2 10 4 13
3 3 4 23
3 4 1 6
3 5 33 30
3 6 19 11
3 7 26 29
3 8 10 27
3 9 55 1
3 10 43 13
4 1 1 9
4 2 13 9
4 3 22 23
4 4 41 6
4 5 29 30
4 6 31 11
4 7 43 29
4 8 55 27
4 9 25 1
4 10 34 9
5 3 49 23
5 4 15 6
5 5 8 30
5 6 23 11
5 7 2 29
5 8 52 27
5 9 28 1
5 10 10 13
6 1 46 9
6 3 7 23
6 4 51 6
6 5 26 30
6 6 21 11
6 7 56 29
6 8 31 27
6 9 10 1
6 10 37 13
7 2 27 9
7 3 37 23
7 4 7 6
7 5 19 30
7 6 9 11
7 8 16 27
7 9 22 1
7 10 46 13
8 1 52 9
8 2 56 9
8 3 34 23
8 4 22 6
8 5 44 30
8 6 25 11
8 8 13 27
8 9 19 1
8 10 28 13
9 3 43 23
9 4 26 6
9 5 17 30
9 6 15 11
9 8 19 27
9 9 4 1
9 10 22 13
10 1 40 9
10 3 25 23
10 4 19 6
10 5 50 30
10 6 44 11
10 8 28 27
10 9 52 1
10 10 1 13
11 1 7 9
11 3 46 23
11 4 29 6
11 5 3 30
11 6 1 11
11 8 37 27
11 9 34 1
11 10 13 13
12 1 49 9
12 3 52 23
12 4 56 6
12 5 13 30
12 6 40 11
12 7 19 29
12 8 34 27
12 9 46 1
12 10 31 13
13 3 28 23
13 4 39 6
13 5 37 30
13 6 5 11
13 7 13 29
13 8 22 27
13 9 31 1
13 10 7 13
14 1 4 9
14 3 16 23
14 4 13 6
14 5 11 30
14 6 27 11
14 7 7 29
14 8 46 27
14 9 49 1
14 10 55 13
15 1 10 9
15 3 1 23
15 4 37 6
15 5 5 30
15 6 59 11
15 8 40 27
15 9 43 1
15 10 16 13
16 3 58 23
16 4 32 6
16 5 35 30
16 6 37 11
16 7 39 29
16 8 25 27
16 9 16 1
16 10 51 13
17 1 31 9
17 3 10 23
17 4 4 6
17 5 15 30
17 6 7 11
17 8 58 27
17 9 1 1
17 10 25 13
18 1 43 9
18 3 19 23
18 4 53 6
18 5 46 30
18 6 11 11
18 7 49 29
18 8 7 27
18 9 40 1
18 10 58 13
19 1 37 9
19 3 31 23
19 4 17 6
19 5 40 30
19 6 13 11
19 8 43 27
19 9 58 1
19 10 34 13
20 1 22 9
20 3 55 23
20 4 34 6
20 5 31 30
20 6 3 11
20 8 49 27
20 9 13 1
20 10 19 13
Điểm tối ưu: 166
Thời gian: 19.968981 giây
Trạng thái: VALID
