2983
1 1 43 99
1 5 9 157
1 10 38 18
1 13 26 107
1 29 47 250
1 35 1 297
1 38 4 37
1 43 7 132
1 57 34 270
1 62 22 291
1 67 40 132
1 68 49 57
1 72 55 97
1 74 13 167
1 79 31 143
2 1 32 103
2 10 55 35
2 12 37 160
2 14 17 23
2 19 41 96
2 22 11 81
2 33 13 31
2 37 43 66
2 40 25 171
2 45 49 289
2 50 47 225
2 51 1 172
2 57 22 266
2 77 28 192
2 78 8 25
3 10 59 206
3 14 23 23
3 17 19 66
3 25 41 270
3 32 50 222
3 36 47 295
3 38 25 52
3 47 37 140
3 57 28 266
3 60 31 206
3 67 21 178
3 68 1 113
3 70 43 33
3 72 7 58
3 77 16 77
4 14 37 23
4 15 39 57
4 19 49 188
4 22 31 34
4 24 28 91
4 27 1 191
4 41 11 253
4 42 19 243
4 43 5 132
4 51 21 231
4 59 13 108
4 60 7 175
4 66 25 292
4 78 34 25
4 80 51 18
5 2 29 250
5 5 23 157
5 14 53 23
5 21 19 208
5 28 25 33
5 32 49 137
5 38 9 128
5 39 31 60
5 42 7 243
5 51 34 13
5 61 55 227
5 64 43 35
5 69 37 195
5 70 14 153
5 74 1 227
6 4 19 265
6 6 13 205
6 10 41 275
6 18 7 296
6 24 1 203
6 27 51 274
6 37 55 181
6 43 33 24
6 54 49 192
6 55 37 170
6 63 31 275
6 64 25 152
6 69 45 235
6 76 4 46
6 79 29 160
7 2 41 76
7 5 5 45
7 15 29 57
7 19 15 287
7 20 43 222
7 28 7 241
7 46 59 62
7 52 19 78
7 60 31 207
7 61 37 173
7 62 25 133
7 64 50 280
7 67 17 129
7 69 55 235
7 70 1 292
8 7 45 198
8 9 5 99
8 15 43 204
8 21 13 22
8 22 55 34
8 24 32 101
8 33 19 26
8 39 25 145
8 41 37 80
8 64 7 142
8 65 57 188
8 67 11 178
8 68 39 32
8 72 1 283
8 73 49 217
9 1 19 72
9 11 11 168
9 18 57 84
9 19 8 89
9 24 1 124
9 26 49 167
9 28 45 241
9 31 37 30
9 36 43 295
9 43 14 24
9 55 32 27
9 63 41 195
9 67 55 178
9 69 25 143
9 79 4 160
10 4 21 168
10 8 52 99
10 17 19 197
10 41 2 80
10 42 37 243
10 49 33 269
10 50 31 225
10 54 59 192
10 56 4 7
10 57 7 266
10 61 39 298
10 62 46 291
10 65 28 188
10 72 13 283
10 80 10 193
11 3 1 32
11 11 5 168
11 12 56 52
11 21 43 32
11 24 16 91
11 30 19 277
11 33 7 31
11 43 51 24
11 52 34 46
11 58 13 62
11 69 27 50
11 71 25 12
11 75 31 77
11 79 49 242
11 80 23 193
12 4 31 174
12 8 43 242
12 13 19 218
12 19 59 287
12 32 25 222
12 33 55 31
12 36 17 86
12 39 46 141
12 40 38 171
12 42 29 243
12 52 10 136
12 53 2 56
12 55 49 230
12 72 13 59
12 77 7 192
13 3 44 13
13 7 14 47
13 8 1 230
13 20 55 202
13 22 23 34
13 33 27 292
13 34 31 265
13 42 25 288
13 44 53 44
13 46 35 200
13 50 21 3
13 51 50 13
13 52 37 239
13 59 8 108
13 79 19 242
14 9 9 245
14 10 1 18
14 18 43 200
14 26 55 293
14 27 13 86
14 32 25 137
14 41 22 80
14 50 51 225
14 54 7 235
14 58 19 71
14 66 49 267
14 70 3 153
14 74 31 88
14 77 37 192
14 79 58 242
15 3 3 162
15 7 19 47
15 14 1 23
15 19 39 287
15 22 35 36
15 34 25 265
15 42 47 243
15 43 37 27
15 45 7 27
15 49 27 285
15 55 50 257
15 74 13 88
15 75 44 298
15 77 10 71
15 78 32 5
16 1 7 103
16 4 37 259
16 6 46 205
16 15 41 204
16 20 49 50
16 30 1 298
16 37 19 102
16 48 28 19
16 56 55 177
16 57 13 270
16 58 25 213
16 68 16 214
16 73 31 98
16 78 43 5
17 3 43 106
17 4 13 174
17 5 5 157
17 10 17 196
17 18 31 36
17 23 22 130
17 33 37 26
17 40 55 171
17 41 11 80
17 49 25 60
17 55 1 207
17 59 58 108
17 61 7 61
17 62 19 133
17 74 49 11
18 6 37 43
18 9 41 245
18 10 11 35
18 27 43 280
18 28 26 109
18 31 13 30
18 34 59 265
18 35 49 287
18 45 1 289
18 56 31 7
18 63 53 37
18 70 22 153
18 76 55 105
18 77 4 71
18 80 7 193
19 2 50 25
19 3 31 106
19 13 3 107
19 23 52 101
19 24 28 203
19 28 13 109
19 41 44 80
19 51 37 294
19 53 19 183
19 57 25 270
19 58 8 16
19 59 55 154
19 66 58 180
19 75 46 154
19 78 40 172
20 9 28 245
20 12 43 183
20 13 1 137
20 23 25 47
20 24 20 203
20 26 52 177
20 37 8 45
20 38 58 37
20 42 50 243
20 51 13 231
20 55 31 170
20 64 38 152
20 66 5 97
20 75 16 78
21 9 23 245
21 22 5 191
21 30 57 266
21 38 31 37
21 43 43 24
21 45 27 27
21 48 10 91
21 52 1 78
21 57 46 266
21 59 40 108
21 62 34 133
21 69 19 143
21 74 13 11
21 76 37 6
21 77 7 71
22 4 37 174
22 7 13 254
22 10 25 18
22 13 31 167
22 19 35 232
22 25 58 270
22 36 45 295
22 38 49 52
22 39 28 145
22 45 19 27
22 48 22 91
22 49 3 190
22 50 1 225
22 56 55 7
22 69 7 276
23 3 49 106
23 4 56 104
23 14 31 23
23 15 5 204
23 18 19 200
23 19 17 287
23 27 8 258
23 30 13 266
23 37 26 141
23 52 34 197
23 63 47 275
23 72 1 58
23 77 40 213
23 78 43 240
24 2 53 25
24 4 13 297
24 13 19 118
24 14 5 23
24 24 25 124
24 53 44 256
24 54 10 235
24 57 28 271
24 58 31 205
24 61 49 173
24 62 7 133
24 69 1 276
24 73 37 98
24 76 34 105
24 78 55 5
25 13 55 118
25 17 3 200
25 20 37 50
25 30 13 196
25 32 25 100
25 38 19 225
25 44 22 44
25 45 43 102
25 53 7 56
25 58 31 16
25 62 46 133
25 63 1 195
25 66 35 292
25 69 49 235
25 80 41 193
26 7 7 47
26 10 27 18
26 15 29 204
26 21 31 164
26 35 4 287
26 36 49 295
26 40 15 156
26 41 13 253
26 42 39 243
26 46 11 274
26 50 25 3
26 54 55 192
26 64 57 56
26 73 43 248
26 76 1 105
27 6 16 43
27 8 45 11
27 12 33 52
27 14 7 23
27 24 27 101
27 26 37 125
27 38 49 37
27 45 22 27
27 49 1 269
27 51 52 294
27 52 19 46
27 55 55 170
27 67 25 129
27 68 13 214
27 70 9 33
28 7 49 47
28 14 45 23
28 15 5 57
28 19 27 89
28 31 7 30
28 32 19 87
28 40 16 171
28 42 31 243
28 49 37 60
28 59 34 108
28 63 41 113
28 66 29 267
28 70 2 33
28 75 55 8
28 80 14 193
29 3 55 106
29 7 37 198
29 14 43 23
29 15 13 217
29 24 7 91
29 27 31 191
29 28 19 100
29 33 27 48
29 42 25 243
29 46 41 274
29 56 10 117
29 61 49 237
29 64 1 142
29 74 45 3
29 78 16 5
30 1 56 99
30 5 29 45
30 15 43 16
30 21 13 32
30 28 38 234
30 30 31 298
30 31 9 82
30 32 45 9
30 37 19 226
30 43 17 132
30 53 25 256
30 62 2 291
30 66 7 180
30 71 5 258
30 77 50 71
31 1 31 244
31 9 13 245
31 16 19 268
31 19 40 188
31 20 3 64
31 25 11 233
31 45 16 289
31 54 29 225
31 55 43 220
31 57 49 266
31 59 52 108
31 64 25 35
31 71 1 12
31 73 7 98
31 78 55 25
32 13 39 176
32 26 19 167
32 27 55 280
32 29 1 250
32 34 37 265
32 38 44 37
32 39 34 60
32 40 10 171
32 49 14 163
32 51 31 172
32 60 3 81
32 74 25 177
32 77 49 77
32 78 7 240
32 79 52 160
33 8 28 11
33 10 19 18
33 14 33 23
33 20 21 64
33 21 43 22
33 22 13 34
33 41 52 120
33 43 4 24
33 44 47 44
33 49 37 190
33 51 10 13
33 58 1 16
33 68 16 218
33 73 55 93
33 76 7 105
34 3 9 134
34 8 31 11
34 12 49 262
34 17 23 69
34 25 7 252
34 29 16 170
34 33 43 292
34 41 34 120
34 49 19 285
34 53 55 256
34 62 4 133
34 69 25 248
34 70 13 33
34 74 37 177
34 79 1 160
35 1 13 103
35 7 1 189
35 15 7 204
35 17 10 200
35 19 5 96
35 20 39 202
35 28 31 241
35 29 53 250
35 36 17 295
35 39 57 60
35 41 55 80
35 44 37 11
35 60 43 175
35 73 25 98
35 75 19 77
36 6 37 205
36 20 25 64
36 26 40 125
36 31 8 121
36 33 13 28
36 41 35 80
36 42 33 288
36 45 46 289
36 46 5 274
36 48 22 125
36 63 49 113
36 66 51 267
36 72 1 97
36 77 56 77
36 78 19 25
37 8 22 11
37 15 37 57
37 27 39 34
37 32 31 222
37 40 7 171
37 44 53 11
37 45 10 289
37 46 19 274
37 51 57 172
37 58 4 16
37 60 27 206
37 64 43 142
37 72 49 65
37 73 14 98
37 80 35 142
38 6 40 43
38 18 31 251
38 21 43 164
38 24 25 91
38 32 13 9
38 35 10 287
38 36 21 295
38 39 49 115
38 41 7 120
38 42 17 276
38 52 28 197
38 63 1 37
38 66 4 267
38 75 37 78
38 80 47 142
39 1 13 99
39 7 19 254
39 13 7 107
39 28 3 109
39 33 44 48
39 36 17 254
39 39 28 115
39 40 31 156
39 44 11 44
39 49 37 163
39 57 34 266
39 58 52 62
39 64 56 152
39 65 25 176
39 76 49 135
40 1 1 99
40 2 5 214
40 8 22 99
40 12 25 204
40 27 43 34
40 28 49 145
40 41 13 120
40 44 16 44
40 58 19 62
40 66 31 97
40 67 29 178
40 68 8 214
40 72 33 65
40 74 55 88
40 76 37 120
41 9 17 99
41 15 34 16
41 21 8 22
41 24 40 91
41 25 28 270
41 26 19 175
41 36 51 295
41 37 55 45
41 40 4 171
41 46 49 62
41 52 25 197
41 58 13 16
41 66 22 267
41 77 31 213
41 80 47 193
42 4 43 265
42 8 26 242
42 12 37 52
42 16 19 185
42 29 29 170
42 30 7 277
42 35 4 113
42 37 13 226
42 44 17 232
42 45 34 289
42 52 55 46
42 66 11 180
42 67 31 178
42 70 52 153
42 75 49 76
43 8 34 11
43 17 26 200
43 18 49 36
43 21 1 208
43 29 5 250
43 36 57 295
43 44 17 11
43 46 7 274
43 49 19 60
43 56 9 7
43 58 44 213
43 63 28 37
43 66 59 267
43 68 40 214
43 69 13 143
44 2 53 76
44 11 11 109
44 12 45 160
44 15 35 217
44 28 19 109
44 32 13 100
44 33 49 26
44 34 55 245
44 35 31 297
44 44 1 44
44 45 39 27
44 48 28 180
44 49 57 285
44 50 23 3
44 75 25 76
45 3 19 162
45 10 17 18
45 12 13 52
45 16 7 164
45 18 49 251
45 20 43 64
45 24 38 203
45 26 58 175
45 27 25 280
45 31 1 21
45 34 23 110
45 42 47 288
45 46 11 172
45 49 31 285
45 68 55 214
46 2 46 214
46 7 31 198
46 8 14 119
46 9 11 245
46 11 1 109
46 13 50 107
46 27 19 34
46 33 7 26
46 48 55 125
46 57 58 271
46 58 25 71
46 66 35 267
46 68 3 218
46 72 38 263
46 75 43 76
47 2 29 100
47 5 5 251
47 12 1 8
47 25 37 54
47 29 13 250
47 38 22 37
47 41 15 120
47 49 7 285
47 56 31 177
47 58 19 213
47 63 45 226
47 65 34 231
47 66 25 267
47 73 49 250
47 78 40 25
48 2 17 100
48 5 7 251
48 9 10 203
48 12 43 8
48 13 19 148
48 14 39 23
48 30 1 87
48 34 5 265
48 41 23 253
48 45 31 102
48 50 13 3
48 58 51 93
48 63 34 226
48 72 25 263
48 79 15 242
49 5 40 54
49 8 34 242
49 18 25 111
49 20 7 150
49 28 44 234
49 38 19 37
49 39 58 141
49 40 37 156
49 44 3 44
49 57 22 97
49 59 55 185
49 66 1 110
49 69 13 276
49 71 29 12
49 78 52 5
50 4 3 259
50 5 53 54
50 15 21 57
50 31 55 30
50 39 7 115
50 52 25 147
50 54 45 192
50 55 49 27
50 56 28 7
50 58 13 104
50 63 59 195
50 68 37 214
50 76 10 46
50 78 16 240
50 79 1 242
51 1 51 232
51 8 19 230
51 20 14 202
51 21 37 22
51 29 9 250
51 40 22 171
51 41 59 120
51 42 11 276
51 47 55 75
51 61 45 173
51 62 25 291
51 63 43 113
51 64 1 184
51 66 49 180
51 73 31 124
52 11 19 288
52 33 55 292
52 38 22 52
52 41 16 80
52 49 37 285
52 51 4 294
52 55 25 170
52 56 13 132
52 57 51 97
52 60 31 81
52 65 43 231
52 66 1 180
52 73 7 248
52 78 46 5
52 80 41 18
53 4 31 214
53 7 43 47
53 8 4 242
53 9 29 196
53 10 11 18
53 15 50 204
53 42 35 276
53 55 7 220
53 56 40 7
53 62 37 291
53 66 17 180
53 68 25 57
53 69 55 195
53 75 1 77
53 76 22 105
54 7 3 47
54 8 49 99
54 9 19 245
54 20 26 82
54 22 7 34
54 23 31 237
54 46 15 200
54 50 1 3
54 52 46 46
54 54 59 225
54 65 10 231
54 66 41 267
54 67 37 178
54 68 34 218
54 77 21 106
55 2 31 76
55 5 11 251
55 6 13 43
55 10 9 18
55 12 45 204
55 21 55 22
55 26 22 293
55 27 51 86
55 44 5 44
55 52 1 147
55 54 49 226
55 55 33 263
55 73 38 124
55 76 28 105
55 79 7 242
56 1 38 103
56 3 49 264
56 8 31 99
56 9 5 245
56 15 3 57
56 22 35 107
56 26 22 167
56 32 43 137
56 46 29 172
56 53 55 263
56 54 1 244
56 55 8 207
56 65 19 151
56 73 13 236
56 74 25 227
57 4 7 174
57 12 32 204
57 13 38 148
57 28 1 241
57 33 27 31
57 36 25 295
57 37 49 45
57 38 22 129
57 41 46 120
57 47 15 6
57 50 55 3
57 52 43 197
57 57 19 119
57 67 53 178
57 72 57 58
58 2 2 76
58 3 7 264
58 5 47 54
58 19 35 188
58 28 13 85
58 30 19 298
58 31 25 21
58 34 49 245
58 35 43 287
58 37 37 102
58 44 51 44
58 62 55 133
58 64 31 142
58 66 53 180
58 67 23 178
59 9 23 203
59 29 7 250
59 31 13 82
59 36 2 295
59 41 28 80
59 53 49 56
59 56 4 177
59 60 43 206
59 61 19 237
59 63 17 275
59 66 25 97
59 68 57 113
59 69 31 195
59 72 37 51
59 74 9 167
60 4 43 259
60 5 21 157
60 6 52 89
60 13 38 154
60 22 19 107
60 27 27 34
60 28 32 234
60 42 23 276
60 51 49 172
60 59 55 108
60 62 16 291
60 65 58 176
60 67 5 178
60 70 8 153
60 73 1 236
61 3 7 162
61 14 25 23
61 15 39 204
61 18 27 251
61 29 11 250
61 30 44 277
61 35 55 287
61 41 17 120
61 42 50 288
61 52 58 197
61 63 35 113
61 64 13 142
61 66 33 180
61 73 1 248
61 78 22 25
62 2 46 76
62 10 11 206
62 23 58 80
62 29 21 170
62 31 2 30
62 33 14 292
62 37 49 141
62 40 43 171
62 43 9 132
62 44 25 44
62 52 40 78
62 57 37 270
62 62 55 291
62 64 27 217
62 69 33 235
63 14 5 277
63 20 31 150
63 32 38 87
63 38 10 129
63 42 58 243
63 46 14 274
63 47 44 202
63 52 52 197
63 55 20 263
63 56 16 7
63 57 7 271
63 63 56 275
63 72 26 65
63 74 1 167
63 76 49 46
64 4 19 174
64 9 35 203
64 17 1 197
64 22 29 256
64 29 47 64
64 41 17 143
64 46 23 200
64 53 7 183
64 54 11 225
64 59 37 108
64 64 43 217
64 65 14 176
64 69 25 235
64 70 4 151
64 76 31 6
65 5 50 54
65 11 29 168
65 13 7 118
65 18 55 19
65 21 25 208
65 23 40 101
65 26 1 98
65 32 19 9
65 34 47 265
65 35 52 151
65 42 14 243
65 43 11 132
65 71 31 12
65 77 34 77
65 80 45 18
66 7 31 47
66 12 25 8
66 35 7 287
66 42 5 276
66 48 58 149
66 54 29 117
66 57 21 271
66 60 13 81
66 61 43 237
66 65 10 188
66 67 49 178
66 69 1 235
66 70 51 292
66 71 19 12
66 72 37 97
67 10 23 196
67 16 32 185
67 17 4 69
67 18 19 296
67 23 58 8
67 32 25 252
67 38 43 129
67 39 55 141
67 48 50 103
67 51 7 172
67 53 14 183
67 59 46 108
67 62 40 291
67 77 37 213
67 78 1 25
68 9 50 196
68 18 13 220
68 19 29 89
68 22 17 34
68 32 55 100
68 33 21 48
68 35 31 287
68 41 9 80
68 44 39 44
68 47 25 75
68 58 34 213
68 63 37 37
68 64 1 152
68 69 43 276
69 5 39 45
69 6 31 89
69 12 19 204
69 17 17 69
69 23 51 80
69 36 23 295
69 46 25 274
69 48 1 125
69 52 46 197
69 54 29 235
69 61 7 173
69 62 13 133
69 63 59 226
69 67 34 178
69 75 56 24
70 7 13 198
70 12 49 8
70 15 5 217
70 28 43 85
70 32 7 9
70 33 1 28
70 34 40 265
70 39 31 145
70 47 55 91
70 59 25 138
70 67 11 47
70 69 19 195
70 75 28 24
70 76 37 46
70 78 34 240
71 1 27 99
71 4 55 259
71 6 13 89
71 10 25 206
71 13 31 154
71 15 17 204
71 21 43 96
71 27 9 34
71 36 59 295
71 39 40 141
71 41 7 80
71 54 5 226
71 59 22 108
71 69 49 195
71 73 1 93
72 3 1 106
72 9 53 245
72 11 35 109
72 19 43 89
72 37 25 226
72 39 22 145
72 41 5 253
72 42 29 276
72 48 10 149
72 53 49 43
72 54 33 192
72 65 57 231
72 67 7 178
72 71 31 294
72 80 47 88
73 1 31 72
73 5 35 251
73 7 25 254
73 10 5 35
73 14 21 23
73 23 7 237
73 24 43 91
73 26 58 293
73 36 40 295
73 37 1 141
73 51 37 172
73 54 15 225
73 58 10 104
73 79 17 242
73 80 23 88
74 3 31 96
74 6 22 43
74 10 35 18
74 15 10 57
74 17 1 200
74 24 46 203
74 30 49 277
74 32 55 87
74 33 13 48
74 46 3 274
74 47 25 140
74 50 7 3
74 63 5 275
74 71 43 12
74 74 37 88
75 5 34 54
75 8 55 242
75 17 7 200
75 21 20 22
75 22 11 107
75 27 1 86
75 28 37 145
75 32 43 252
75 38 58 129
75 50 9 3
75 54 53 192
75 58 14 213
75 59 49 125
75 75 26 154
75 80 41 88
76 1 43 103
76 32 37 137
76 38 7 129
76 45 58 289
76 50 15 3
76 52 31 197
76 58 20 205
76 63 34 37
76 65 28 176
76 66 25 180
76 71 13 12
76 75 1 24
76 76 10 105
76 78 4 25
76 79 23 160
77 7 25 198
77 25 43 54
77 26 16 110
77 27 19 191
77 31 37 193
77 33 57 28
77 34 55 265
77 41 4 120
77 45 13 102
77 60 32 118
77 68 8 218
77 72 45 65
77 74 49 88
77 77 1 150
77 80 23 297
78 3 55 96
78 17 1 66
78 24 52 124
78 35 25 287
78 41 47 80
78 42 31 288
78 43 59 24
78 46 16 62
78 48 4 103
78 49 20 163
78 63 29 113
78 65 7 188
78 72 33 283
78 78 13 25
78 80 43 18
79 7 1 281
79 10 5 18
79 15 59 217
79 26 25 293
79 29 35 170
79 32 44 100
79 33 38 48
79 37 51 66
79 41 49 80
79 44 33 44
79 45 19 289
79 55 55 228
79 73 13 248
79 75 9 24
79 77 22 213
80 2 35 250
80 14 47 23
80 38 40 225
80 39 37 141
80 49 25 159
80 51 1 294
80 52 58 78
80 63 11 275
80 66 7 267
80 69 49 248
80 70 19 33
80 71 15 12
80 74 43 88
80 76 4 105
80 78 22 5
81 2 7 128
81 3 39 13
81 8 4 11
81 10 17 206
81 15 37 204
81 18 45 251
81 23 31 120
81 25 13 54
81 40 1 156
81 47 9 6
81 54 59 235
81 60 19 236
81 71 43 170
81 76 49 120
81 77 28 150
82 3 49 162
82 13 25 167
82 14 41 23
82 18 8 36
82 19 19 188
82 21 13 208
82 24 21 101
82 28 37 109
82 33 55 26
82 37 31 181
82 64 45 82
82 76 1 46
83 3 37 162
83 6 1 89
83 16 13 268
83 18 19 19
83 27 7 280
83 35 55 297
83 36 11 85
83 39 43 141
83 40 46 156
83 47 31 91
83 53 25 135
83 61 49 298
83 62 58 291
83 71 4 12
84 4 56 168
84 12 50 256
84 13 37 274
84 14 29 149
84 26 31 293
84 27 7 191
84 28 13 234
84 30 25 87
84 38 1 129
84 52 46 189
84 63 5 195
84 66 44 267
84 68 34 15
84 75 19 154
84 77 22 229
85 4 43 168
85 7 55 47
85 15 25 233
85 19 53 188
85 20 31 50
85 23 1 36
85 24 4 203
85 34 7 124
85 45 16 27
85 49 49 163
85 55 37 220
85 57 9 97
85 62 28 294
85 66 13 97
85 74 19 88
86 2 41 100
86 24 56 203
86 29 47 66
86 35 1 151
86 37 26 102
86 40 19 171
86 45 4 27
86 49 31 190
86 53 8 181
86 57 49 119
86 58 22 16
86 65 43 188
86 66 13 180
86 70 37 123
86 77 15 106
87 6 22 89
87 10 29 18
87 15 17 217
87 21 25 22
87 24 4 124
87 27 37 280
87 31 33 82
87 33 8 28
87 49 43 163
87 57 52 266
87 58 1 104
87 64 13 275
87 66 31 267
87 70 19 123
87 73 55 124
88 5 3 45
88 6 45 89
88 9 59 196
88 21 7 208
88 24 52 203
88 27 19 258
88 29 33 250
88 35 25 297
88 41 57 120
88 48 13 91
88 52 28 46
88 57 16 271
88 63 11 195
88 71 39 12
88 80 41 142
89 2 20 76
89 5 13 157
89 16 15 185
89 19 5 232
89 23 22 36
89 25 7 54
89 33 1 31
89 38 52 52
89 39 28 233
89 43 46 24
89 57 10 119
89 69 56 276
89 70 43 151
89 73 37 250
89 75 25 78
90 34 3 245
90 36 13 295
90 38 37 225
90 43 43 132
90 44 29 44
90 49 7 60
90 53 31 56
90 56 50 7
90 58 16 16
90 63 1 275
90 71 35 12
90 73 21 124
90 77 25 77
90 78 46 172
90 80 19 193
91 1 19 103
91 4 43 174
91 9 32 245
91 11 59 288
91 13 26 148
91 22 11 191
91 35 34 297
91 40 1 171
91 44 41 44
91 49 13 60
91 52 4 61
91 55 55 257
91 56 7 117
91 60 37 236
91 73 49 98
92 3 31 264
92 8 1 74
92 9 25 245
92 17 10 66
92 20 19 202
92 22 15 34
92 24 7 203
92 27 37 191
92 33 55 48
92 56 46 7
92 63 13 195
92 69 50 276
92 70 27 123
92 75 43 77
92 78 4 5
93 5 41 45
93 9 15 245
93 10 29 35
93 16 43 268
93 17 5 200
93 21 32 22
93 32 7 87
93 37 1 226
93 48 52 19
93 50 13 225
93 52 49 197
93 63 55 113
93 69 25 160
93 72 19 283
93 76 37 105
94 2 23 100
94 3 31 162
94 4 7 259
94 11 3 288
94 14 13 23
94 17 15 50
94 26 28 175
94 44 17 71
94 52 46 78
94 53 19 256
94 62 50 133
94 67 26 178
94 68 43 57
94 72 37 153
94 74 55 11
95 2 34 76
95 11 1 288
95 13 45 107
95 30 27 277
95 43 25 27
95 45 31 289
95 48 4 91
95 52 7 78
95 53 49 296
95 55 56 207
95 56 22 117
95 60 13 206
95 61 37 68
95 62 10 291
95 70 19 153
96 9 26 203
96 17 11 197
96 23 1 101
96 25 13 294
96 26 4 98
96 30 55 196
96 31 37 86
96 34 15 265
96 40 43 25
96 45 28 289
96 58 34 205
96 65 7 231
96 67 51 178
96 69 20 235
96 70 31 123
97 4 31 259
97 6 19 89
97 11 53 168
97 18 13 19
97 48 25 19
97 50 41 3
97 53 2 122
97 57 55 119
97 59 58 154
97 60 49 81
97 62 43 291
97 66 47 180
97 73 37 93
97 75 28 77
97 79 10 242
98 4 19 297
98 5 25 157
98 6 43 111
98 7 1 254
98 20 7 223
98 27 27 258
98 37 32 45
98 53 13 256
98 61 49 61
98 63 17 37
98 64 55 142
98 66 5 110
98 69 37 276
98 70 46 151
99 3 13 13
99 22 17 36
99 26 7 293
99 27 57 34
99 29 21 250
99 30 25 196
99 42 45 243
99 43 23 132
99 51 31 13
99 52 40 46
99 70 4 292
99 75 10 154
99 76 50 105
99 78 1 5
99 80 37 13
100 1 25 232
100 2 39 76
100 7 3 198
100 19 10 89
100 42 1 243
100 54 17 226
100 55 56 220
100 56 34 156
100 57 7 270
100 58 43 62
100 60 19 81
100 61 49 227
100 65 31 61
100 66 13 267
100 78 46 25
101 16 9 268
101 20 55 50
101 27 43 191
101 29 13 64
101 31 49 193
101 38 19 52
101 39 22 233
101 50 7 225
101 54 31 235
101 60 25 81
101 64 33 275
101 65 1 176
101 77 40 77
101 78 16 25
101 80 53 193
102 5 32 54
102 6 8 43
102 8 34 99
102 15 29 16
102 16 37 164
102 17 41 200
102 24 43 203
102 27 19 86
102 28 1 85
102 36 17 293
102 38 13 129
102 42 11 243
102 50 5 225
102 65 26 231
102 80 23 142
103 5 11 157
103 10 9 35
103 18 49 282
103 28 19 234
103 31 25 193
103 38 31 129
103 41 34 143
103 42 16 243
103 45 13 289
103 48 1 103
103 53 37 183
103 56 58 7
103 59 4 108
103 72 43 283
103 79 29 242
104 10 35 206
104 11 11 288
104 22 17 107
104 27 13 280
104 29 5 170
104 30 1 277
104 47 50 75
104 48 22 149
104 51 25 294
104 53 7 256
104 57 28 97
104 59 43 7
104 66 20 267
104 68 37 113
104 80 55 18
105 2 11 25
105 12 15 160
105 13 1 148
105 21 7 32
105 22 47 34
105 23 58 101
105 25 25 54
105 38 33 225
105 45 55 289
105 48 49 19
105 51 52 231
105 52 40 197
105 58 19 104
105 77 28 71
105 80 5 193
106 2 55 76
106 12 25 183
106 18 37 19
106 20 13 150
106 23 19 80
106 29 23 250
106 31 1 193
106 36 5 254
106 43 29 132
106 45 7 102
106 47 49 6
106 65 31 188
106 76 43 105
106 78 46 240
106 79 41 160
107 6 40 205
107 8 31 230
107 25 1 233
107 28 7 85
107 29 3 250
107 35 34 287
107 40 58 171
107 49 50 285
107 51 13 172
107 55 26 207
107 59 37 7
107 65 16 231
107 68 55 218
107 71 45 12
107 74 20 177
108 2 23 76
108 3 25 162
108 20 31 202
108 21 55 208
108 22 49 34
108 31 51 30
108 34 17 265
108 53 13 181
108 54 43 225
108 57 46 119
108 58 7 213
108 59 10 125
108 60 38 206
108 69 19 276
108 79 1 143
109 1 56 103
109 6 49 205
109 7 7 239
109 16 31 268
109 25 47 252
109 26 52 293
109 31 43 28
109 46 35 172
109 52 22 197
109 53 2 256
109 60 37 81
109 61 13 189
109 63 17 195
109 68 19 214
109 73 25 250
110 8 1 11
110 16 26 268
110 24 9 124
110 33 39 28
110 35 4 297
110 43 19 132
110 46 7 62
110 55 44 263
110 60 55 206
110 61 49 68
110 62 16 133
110 63 53 195
110 71 37 12
110 77 13 77
110 80 33 18
111 1 13 232
111 8 40 242
111 15 55 204
111 17 4 197
111 18 57 200
111 19 23 96
111 25 47 270
111 28 31 109
111 42 43 243
111 46 35 62
111 49 25 163
111 55 7 257
111 56 1 7
111 78 19 5
111 80 11 142
112 4 49 174
112 5 1 45
112 15 41 16
112 16 37 268
112 26 25 175
112 32 19 252
112 43 53 24
112 52 13 78
112 57 4 270
112 58 16 93
112 61 55 173
112 65 31 231
112 68 10 15
112 74 44 177
112 75 7 154
113 3 43 162
113 5 19 251
113 11 17 288
113 21 1 22
113 23 55 101
113 28 21 241
113 39 13 233
113 43 49 24
113 47 7 140
113 51 25 172
113 54 5 192
113 55 51 170
113 59 28 108
113 63 37 226
113 71 47 12
114 8 19 99
114 11 1 168
114 27 51 34
114 28 32 100
114 31 3 118
114 49 43 285
114 50 29 3
114 51 15 294
114 53 7 263
114 59 22 154
114 61 55 298
114 70 40 151
114 73 25 236
114 79 13 160
115 1 43 244
115 13 55 148
115 18 37 200
115 35 49 297
115 39 3 233
115 42 52 288
115 45 13 27
115 46 47 200
115 55 27 230
115 57 22 119
115 62 19 117
115 63 25 113
115 64 32 280
115 75 7 76
115 80 11 88
116 22 15 107
116 28 56 241
116 30 7 298
116 36 38 295
116 40 26 156
116 42 47 276
116 44 43 44
116 48 22 180
116 50 17 3
116 51 4 13
116 57 19 270
116 59 31 108
116 60 49 175
116 70 34 153
116 79 13 242
117 6 40 89
117 23 37 8
117 28 49 109
117 29 19 250
117 38 43 128
117 40 46 171
117 47 55 6
117 49 13 285
117 53 1 181
117 54 53 235
117 62 28 133
117 69 7 195
117 72 21 58
117 73 31 93
117 80 59 88
118 12 13 204
118 25 17 9
118 33 32 28
118 37 19 181
118 47 8 75
118 54 40 192
118 59 1 108
118 63 47 37
118 64 51 142
118 68 58 214
118 69 25 276
118 70 55 153
118 71 49 12
118 77 43 150
118 78 37 25
119 16 1 164
119 19 29 287
119 23 13 80
119 24 46 91
119 25 53 233
119 28 7 109
119 31 49 21
119 33 37 31
119 35 43 297
119 37 31 135
119 47 56 137
119 50 35 3
119 61 19 68
119 72 25 58
119 76 16 46
120 3 43 264
120 5 2 157
120 8 31 242
120 25 8 233
120 28 27 85
120 33 37 292
120 41 25 120
120 49 19 190
120 56 34 132
120 60 13 175
120 65 55 151
120 70 10 123
120 72 49 58
120 75 4 154
120 78 58 240
121 3 55 162
121 11 41 109
121 13 33 78
121 16 7 185
121 17 31 66
121 29 1 170
121 36 29 295
121 38 25 37
121 55 3 263
121 57 13 271
121 65 52 176
121 68 49 5
121 71 47 170
121 73 43 236
121 75 16 76
122 1 21 244
122 3 49 96
122 11 15 168
122 15 19 57
122 17 13 200
122 22 17 191
122 31 31 30
122 34 11 265
122 43 3 132
122 57 7 119
122 65 39 231
122 71 58 12
122 72 25 283
122 76 43 120
122 80 5 88
123 5 56 54
123 11 53 109
123 18 25 36
123 26 22 175
123 27 1 234
123 29 19 170
123 30 49 87
123 32 9 252
123 33 31 31
123 43 47 27
123 46 44 172
123 48 37 91
123 57 40 119
123 62 58 133
123 72 13 58
124 2 31 250
124 3 25 51
124 11 29 288
124 20 3 50
124 21 55 32
124 34 47 124
124 39 49 60
124 42 13 288
124 45 34 102
124 54 1 192
124 55 15 263
124 64 7 275
124 69 19 248
124 74 43 227
124 79 11 31
125 6 55 89
125 11 17 168
125 15 35 57
125 17 13 69
125 21 25 32
125 23 58 36
125 26 4 293
125 29 10 170
125 31 37 82
125 40 31 171
125 51 1 13
125 59 7 125
125 60 49 207
125 66 22 292
125 69 43 270
126 4 7 168
126 5 5 54
126 15 53 204
126 16 49 164
126 20 15 64
126 26 44 125
126 34 13 265
126 41 55 120
126 48 37 180
126 54 27 45
126 56 34 7
126 57 2 119
126 70 31 153
126 76 19 105
126 79 11 143
127 4 19 259
127 8 37 242
127 25 53 270
127 33 1 26
127 35 31 113
127 45 10 102
127 47 49 140
127 48 40 180
127 49 13 269
127 52 55 197
127 54 23 226
127 57 34 97
127 62 7 291
127 64 26 142
127 67 45 178
128 3 37 96
128 6 43 205
128 10 13 18
128 19 1 232
128 24 52 91
128 32 9 100
128 36 32 295
128 43 7 24
128 44 35 44
128 45 16 102
128 50 3 3
128 56 22 7
128 61 25 298
128 64 57 35
128 77 46 150
129 2 7 100
129 3 45 51
129 10 15 18
129 11 40 288
129 14 9 23
129 18 21 251
129 32 27 9
129 35 37 151
129 42 56 243
129 46 17 274
129 47 31 137
129 66 49 292
129 67 43 178
129 68 52 218
129 73 1 217
130 2 2 128
130 14 55 23
130 15 31 57
130 19 7 232
130 29 13 170
130 34 23 205
130 36 10 295
130 42 37 288
130 45 52 102
130 47 15 140
130 54 35 192
130 63 25 275
130 68 49 218
130 69 44 195
130 73 19 217
131 7 55 198
131 11 23 288
131 18 13 251
131 19 47 96
131 22 25 34
131 23 27 120
131 24 49 203
131 26 10 177
131 37 31 141
131 45 38 289
131 47 19 286
131 56 7 177
131 59 52 125
131 60 1 175
131 64 43 275
132 12 9 160
132 16 49 185
132 17 3 66
132 18 37 36
132 21 43 208
132 36 1 293
132 40 13 171
132 41 5 143
132 42 22 243
132 51 19 172
132 58 16 104
132 61 55 237
132 64 31 48
132 75 28 78
132 76 25 105
133 1 43 72
133 2 29 214
133 14 11 23
133 28 55 109
133 30 32 277
133 34 53 265
133 35 13 113
133 40 49 171
133 43 16 24
133 48 19 180
133 49 2 60
133 55 25 220
133 72 38 65
133 74 7 88
133 77 22 77
134 8 25 11
134 18 50 200
134 21 19 32
134 26 55 175
134 27 31 86
134 30 37 196
134 34 28 265
134 39 16 145
134 46 1 62
134 49 7 163
134 54 23 225
134 65 4 176
134 76 43 46
134 77 46 77
134 78 13 5
135 3 7 106
135 6 34 89
135 8 19 11
135 18 1 251
135 26 28 125
135 37 43 181
135 51 51 184
135 54 49 225
135 56 31 132
135 61 38 237
135 62 25 117
135 65 22 188
135 68 58 218
135 74 13 177
135 77 55 213
136 5 23 54
136 15 11 204
136 16 25 185
136 26 43 293
136 35 1 287
136 39 55 145
136 42 15 288
136 58 4 104
136 59 49 108
136 60 7 206
136 63 29 226
136 69 37 143
136 70 19 292
136 76 31 105
136 79 34 160
137 2 37 76
137 9 59 203
137 14 15 23
137 17 7 69
137 18 51 220
137 19 19 287
137 24 32 203
137 35 10 297
137 40 28 171
137 46 46 62
137 53 21 56
137 56 25 7
137 61 55 16
137 69 39 111
137 75 4 77
138 7 38 47
138 13 31 107
138 16 19 164
138 22 13 107
138 25 28 54
138 33 44 31
138 34 59 205
138 35 16 113
138 38 56 225
138 39 25 115
138 45 10 27
138 55 49 263
138 66 35 180
138 70 7 292
138 74 1 82
139 7 44 254
139 13 49 154
139 29 7 64
139 36 55 295
139 46 4 62
139 49 31 163
139 54 15 192
139 55 57 230
139 65 37 188
139 70 28 151
139 71 17 12
139 77 19 45
139 78 10 5
139 79 23 287
139 80 35 193
140 1 37 72
140 2 41 250
140 5 17 54
140 16 44 185
140 17 8 197
140 20 13 222
140 30 2 266
140 38 28 52
140 43 59 132
140 46 52 172
140 47 31 140
140 68 49 214
140 72 55 65
140 74 19 227
140 77 25 192
141 7 8 198
141 13 25 218
141 23 19 120
141 26 46 293
141 34 4 205
141 37 55 102
141 38 39 37
141 46 22 62
141 53 14 56
141 54 37 235
141 57 43 266
141 58 50 213
141 69 31 276
141 80 53 88
142 5 31 157
142 10 1 35
142 17 15 197
142 23 19 36
142 28 43 109
142 36 7 295
142 37 39 226
142 38 27 128
142 42 9 243
142 43 25 24
142 44 59 11
142 61 3 173
142 65 49 176
142 68 22 113
142 80 17 88
143 6 16 205
143 9 58 245
143 19 19 232
143 21 38 208
143 23 4 101
143 25 22 270
143 34 49 265
143 38 13 37
143 57 34 271
143 58 10 213
143 59 43 108
143 60 25 118
143 62 31 133
143 77 1 71
143 79 7 143
144 9 5 196
144 24 44 101
144 26 40 293
144 37 14 45
144 44 31 44
144 46 57 62
144 54 3 192
144 57 37 119
144 61 25 173
144 64 7 152
144 66 33 267
144 67 1 178
144 69 19 160
144 71 11 12
144 79 23 143
145 16 31 281
145 21 49 208
145 23 16 101
145 28 7 145
145 37 25 66
145 46 55 62
145 48 19 149
145 49 1 285
145 50 59 3
145 56 43 156
145 63 29 275
145 65 13 188
145 69 37 248
145 75 22 78
145 80 57 18
146 5 2 54
146 7 37 189
146 11 41 168
146 20 45 50
146 38 4 128
146 53 55 183
146 54 31 192
146 59 19 108
146 61 25 237
146 62 13 291
146 63 7 226
146 68 22 214
146 69 49 270
146 75 10 76
146 80 59 193
147 16 44 281
147 20 37 64
147 23 22 8
147 24 13 101
147 28 55 234
147 29 29 66
147 33 7 48
147 34 53 205
147 35 19 113
147 39 2 145
147 49 25 269
147 50 11 3
147 55 32 257
147 74 49 3
147 80 16 193
148 3 26 96
148 15 23 57
148 20 31 64
148 33 19 31
148 34 9 265
148 38 13 128
148 41 1 120
148 45 43 289
148 52 52 46
148 63 3 275
148 65 46 231
148 67 41 178
148 71 7 12
148 72 37 58
148 79 49 160
149 4 13 259
149 14 29 23
149 17 17 66
149 22 59 107
149 25 9 54
149 27 49 191
149 28 38 85
149 29 3 170
149 34 23 265
149 52 33 239
149 54 53 226
149 64 19 35
149 71 1 258
149 72 43 97
149 78 25 5
150 2 5 100
150 9 35 245
150 20 49 239
150 25 13 252
150 34 7 265
150 37 55 66
150 44 9 44
150 46 1 274
150 53 31 183
150 54 43 235
150 59 16 108
150 60 45 81
150 62 28 291
150 63 11 226
150 64 37 142
151 1 55 217
151 17 2 69
151 23 25 80
151 28 31 85
151 34 11 205
151 39 19 145
151 41 4 80
151 45 46 102
151 47 15 137
151 51 40 294
151 54 13 192
151 61 49 190
151 65 22 151
151 68 37 5
151 70 8 151
152 3 13 162
152 20 49 64
152 24 10 101
152 27 33 34
152 37 45 45
152 43 31 24
152 46 25 62
152 47 27 202
152 50 5 3
152 56 58 177
152 57 1 271
152 60 20 206
152 64 37 35
152 71 56 12
153 6 19 111
153 8 7 99
153 9 43 245
153 20 55 150
153 31 31 121
153 32 37 100
153 34 35 265
153 39 16 141
153 49 25 190
153 51 22 172
153 53 2 43
153 64 49 275
153 68 13 218
153 73 45 98
153 77 10 77
154 1 7 72
154 4 31 168
154 6 37 89
154 7 26 189
154 19 16 89
154 40 52 171
154 42 35 288
154 47 55 140
154 53 1 183
154 54 22 192
154 70 49 153
154 72 43 58
154 76 19 6
154 78 13 240
155 3 27 13
155 6 4 89
155 10 41 35
155 15 25 16
155 19 47 287
155 30 43 196
155 32 57 222
155 34 33 265
155 35 13 151
155 39 52 60
155 56 1 177
155 60 37 175
155 63 9 180
155 76 22 46
155 77 19 192
156 10 53 35
156 11 19 168
156 18 57 251
156 23 49 101
156 31 44 86
156 39 13 145
156 43 35 24
156 46 9 62
156 56 16 117
156 57 32 119
156 61 1 237
156 62 40 133
156 65 21 176
156 74 26 88
156 75 37 77
157 7 13 239
157 9 3 196
157 10 17 35
157 12 7 52
157 21 51 32
157 22 1 107
157 26 28 293
157 41 11 120
157 53 43 43
157 54 31 226
157 56 34 177
157 57 19 97
157 73 55 236
157 75 39 24
157 77 25 150
158 15 33 57
158 16 25 164
158 18 43 19
158 19 47 188
158 21 9 96
158 26 19 293
158 33 13 161
158 41 5 240
158 48 55 149
158 51 49 231
158 60 1 206
158 71 52 12
158 72 38 283
158 76 58 105
158 80 31 18
159 2 23 128
159 19 41 287
159 26 37 293
159 27 9 86
159 31 25 86
159 32 49 100
159 34 17 124
159 37 1 102
159 46 46 274
159 52 58 46
159 57 19 266
159 61 31 227
159 68 55 57
159 72 13 65
159 79 7 160
160 3 37 264
160 11 35 168
160 12 1 204
160 13 31 148
160 17 55 200
160 24 7 101
160 26 43 167
160 29 17 250
160 53 49 183
160 54 10 192
160 55 13 207
160 57 58 119
160 61 25 61
160 64 19 142
160 70 46 33
161 1 7 217
161 21 49 22
161 24 28 124
161 30 56 277
161 35 46 113
161 39 13 141
161 42 41 276
161 46 35 274
161 49 1 163
161 53 31 256
161 54 43 192
161 56 25 132
161 59 16 154
161 60 37 118
161 71 21 12
162 14 19 23
162 15 17 57
162 18 13 36
162 27 37 267
162 28 25 234
162 30 8 196
162 36 35 295
162 46 33 62
162 48 44 180
162 51 1 231
162 52 4 78
162 64 49 152
162 73 55 250
162 76 22 6
162 80 59 142
163 3 37 106
163 5 19 54
163 7 7 189
163 13 50 148
163 16 2 185
163 31 43 30
163 42 33 243
163 56 55 132
163 59 25 125
163 63 23 195
163 66 11 110
163 68 58 5
163 71 41 170
163 76 15 105
163 79 47 242
164 3 20 13
164 7 7 254
164 15 11 16
164 16 55 268
164 35 28 297
164 36 13 293
164 44 45 44
164 53 49 181
164 58 1 205
164 59 15 125
164 61 37 16
164 62 33 291
164 67 59 178
164 70 25 153
164 77 4 150
165 8 25 119
165 9 37 245
165 11 23 109
165 15 46 57
165 21 39 146
165 31 55 193
165 35 10 113
165 38 7 37
165 51 19 294
165 57 43 119
165 64 32 35
165 65 16 188
165 67 13 178
165 72 1 65
165 76 28 6
166 1 25 244
166 6 19 43
166 7 37 254
166 9 1 196
166 12 9 262
166 18 31 220
166 19 7 96
166 20 49 150
166 27 3 34
166 57 43 271
166 65 22 21
166 68 46 218
166 70 16 151
166 73 55 248
167 4 49 259
167 7 19 189
167 11 17 109
167 16 1 268
167 28 56 85
167 31 43 193
167 35 7 113
167 42 35 243
167 46 23 274
167 54 5 235
167 57 10 271
167 58 37 62
167 61 13 237
167 69 31 248
167 77 40 150
168 8 22 242
168 18 37 251
168 26 34 293
168 33 13 26
168 39 58 145
168 44 20 44
168 47 1 75
168 51 10 294
168 53 44 56
168 57 31 270
168 60 49 118
168 69 25 195
168 76 7 46
168 77 55 71
169 6 25 43
169 13 44 148
169 14 23 277
169 17 17 200
169 20 8 202
169 21 31 208
169 26 28 239
169 37 1 135
169 47 13 75
169 59 58 125
169 60 50 206
169 64 37 275
169 65 55 176
169 77 20 150
170 4 37 168
170 9 17 203
170 10 47 35
170 18 31 19
170 20 1 202
170 27 19 280
170 29 15 250
170 30 43 87
170 33 26 28
170 42 5 243
170 45 7 289
170 57 49 271
170 62 52 291
170 65 10 21
170 75 58 76
171 3 31 32
171 4 1 174
171 11 7 288
171 13 38 218
171 18 44 36
171 29 59 170
171 32 55 252
171 33 19 28
171 44 49 44
171 46 5 172
171 54 9 226
171 57 25 266
171 66 16 267
171 75 13 76
171 77 52 77
172 3 19 96
172 5 15 54
172 8 10 11
172 9 13 203
172 17 41 66
172 48 3 149
172 53 37 181
172 58 7 104
172 61 44 257
172 64 31 152
172 66 1 267
172 73 55 98
172 75 50 78
172 76 25 46
172 80 53 18
173 5 17 157
173 16 13 164
173 17 22 66
173 22 1 34
173 24 19 91
173 30 38 266
173 32 7 137
173 37 33 66
173 47 43 6
173 53 25 181
173 65 55 21
173 66 5 180
173 68 51 113
173 77 58 213
173 80 49 18
174 1 13 72
174 3 55 13
174 7 19 198
174 10 3 35
174 13 43 118
174 22 37 107
174 35 52 297
174 53 25 56
174 56 49 177
174 67 47 178
174 68 7 57
174 71 23 294
174 72 32 58
174 74 39 11
174 75 10 244
175 2 1 214
175 12 56 160
175 13 21 107
175 35 25 151
175 38 4 129
175 43 53 27
175 48 34 149
175 65 31 176
175 67 19 178
175 69 13 235
175 73 49 236
175 75 7 77
175 76 40 120
175 78 28 5
175 80 17 142
176 5 11 54
176 7 3 239
176 8 51 242
176 15 59 16
176 17 1 50
176 18 7 19
176 19 25 89
176 23 31 80
176 26 13 191
176 29 23 170
176 34 28 205
176 47 43 75
176 50 39 3
176 57 55 270
176 59 19 125
177 1 37 244
177 16 55 164
177 17 5 66
177 18 49 111
177 29 7 170
177 31 13 21
177 33 25 26
177 42 43 288
177 55 1 220
177 57 10 266
177 63 53 275
177 70 46 123
177 71 23 12
177 73 32 236
177 75 20 24
178 1 37 217
178 4 43 104
178 19 58 89
178 24 1 91
178 27 25 191
178 34 55 205
178 36 19 295
178 38 10 37
178 45 4 289
178 49 21 269
178 57 16 97
178 58 7 205
178 68 13 57
178 76 31 46
178 79 52 287
179 8 28 119
179 10 5 206
179 14 35 23
179 20 55 64
179 32 1 100
179 43 21 132
179 47 31 286
179 54 40 235
179 61 13 298
179 67 17 178
179 70 7 123
179 72 49 283
179 73 43 124
179 75 10 78
179 77 37 150
180 2 29 76
180 5 15 157
180 12 1 286
180 25 10 270
180 27 31 258
180 33 43 26
180 36 5 295
180 38 38 128
180 42 27 243
180 47 19 140
180 49 56 163
180 50 17 225
180 66 53 267
180 70 49 151
180 80 47 18
181 7 49 198
181 20 7 50
181 22 17 81
181 25 1 9
181 28 19 85
181 41 5 93
181 49 55 190
181 52 46 147
181 61 32 173
181 64 13 152
181 67 3 178
181 73 25 93
181 74 37 227
181 75 43 154
181 80 59 18
182 8 7 230
182 18 49 84
182 25 2 270
182 31 31 193
182 38 55 37
182 40 4 156
182 44 27 44
182 45 22 289
182 50 53 225
182 54 17 192
182 56 45 132
182 62 19 291
182 66 10 267
182 73 13 124
182 74 37 167
183 5 59 54
183 10 23 35
183 12 43 52
183 14 49 23
183 15 11 217
183 16 51 268
183 27 55 267
183 47 38 75
183 54 47 226
183 55 19 207
183 57 16 270
183 71 27 12
183 72 7 65
183 74 1 88
183 78 31 25
184 12 7 8
184 13 39 107
184 29 45 170
184 30 14 277
184 31 20 30
184 33 49 31
184 40 34 171
184 43 37 24
184 44 56 44
184 45 1 27
184 58 27 62
184 59 4 125
184 63 43 226
184 68 58 57
184 70 31 151
185 1 25 103
185 3 13 96
185 7 1 194
185 12 39 256
185 15 53 57
185 17 29 200
185 19 37 287
185 23 22 120
185 28 49 85
185 46 31 62
185 50 19 3
185 65 34 176
185 66 56 180
185 73 43 250
185 74 7 227
186 12 1 52
186 20 49 202
186 27 55 191
186 28 25 241
186 29 39 66
186 32 7 222
186 36 11 293
186 38 19 128
186 44 37 44
186 54 47 192
186 57 31 266
186 61 13 173
186 63 22 275
186 72 43 153
186 80 5 142
187 1 43 232
187 8 38 99
187 9 7 245
187 17 17 50
187 22 11 256
187 43 1 132
187 44 14 44
187 54 9 225
187 56 19 7
187 58 25 205
187 60 55 81
187 65 3 188
187 73 31 217
187 77 22 45
187 80 29 193
188 13 55 107
188 26 49 293
188 28 37 241
188 32 3 252
188 33 31 26
188 34 1 265
188 44 59 44
188 45 25 289
188 47 19 75
188 52 16 136
188 57 52 119
188 64 44 152
188 70 28 153
188 73 7 236
188 76 13 46
189 1 25 72
189 6 49 89
189 15 23 204
189 17 11 69
189 23 4 36
189 31 33 21
189 34 1 245
189 36 15 293
189 39 19 141
189 45 52 289
189 47 43 140
189 51 7 13
189 74 55 167
189 76 40 105
189 79 31 160
190 2 5 76
190 7 31 189
190 15 53 16
190 17 7 66
190 18 1 19
190 24 49 124
190 31 37 56
190 39 22 141
190 42 41 243
190 52 19 147
190 53 57 43
190 64 13 35
190 68 25 214
190 69 43 143
190 72 9 283
191 1 49 72
191 8 37 230
191 13 13 148
191 23 40 80
191 31 43 21
191 32 2 222
191 34 35 124
191 37 55 226
191 40 28 25
191 48 7 149
191 54 17 235
191 55 19 220
191 58 32 71
191 70 10 292
191 78 25 25
192 7 19 239
192 8 10 99
192 10 35 196
192 17 39 69
192 20 1 136
192 22 53 36
192 23 16 8
192 40 7 156
192 45 49 102
192 47 31 75
192 55 43 207
192 69 56 143
192 70 13 123
192 71 41 12
192 72 26 14
193 4 56 174
193 8 4 230
193 9 15 203
193 19 13 287
193 20 9 64
193 25 17 252
193 28 49 234
193 31 25 30
193 32 19 137
193 44 7 44
193 49 43 190
193 52 37 197
193 59 31 125
193 70 1 123
193 79 23 31
194 5 25 45
194 10 7 18
194 11 49 168
194 15 58 204
194 17 14 66
194 20 19 50
194 23 10 237
194 32 37 222
194 34 51 265
194 39 16 115
194 46 41 62
194 47 1 140
194 61 45 16
194 63 35 195
194 79 43 160
195 4 25 259
195 5 41 251
195 13 45 176
195 19 10 232
195 22 43 107
195 34 17 245
195 36 53 295
195 39 34 145
195 52 55 78
195 56 37 132
195 60 13 118
195 62 1 133
195 64 49 35
195 73 19 98
195 78 7 5
196 3 25 106
196 5 45 54
196 7 56 254
196 10 47 206
196 21 1 96
196 24 37 101
196 26 40 110
196 32 31 87
196 35 7 297
196 39 16 233
196 43 49 132
196 48 13 149
196 62 10 133
196 64 19 82
196 72 51 261
197 1 1 72
197 4 25 168
197 12 33 8
197 15 41 57
197 22 37 34
197 30 19 196
197 32 13 87
197 34 47 245
197 37 7 141
197 49 43 60
197 55 56 27
197 62 49 291
197 63 29 195
197 66 31 180
197 76 52 224
198 4 25 174
198 7 49 254
198 17 13 197
198 30 31 196
198 31 55 86
198 40 10 156
198 42 53 243
198 51 4 231
198 61 19 173
198 65 7 176
198 66 46 267
198 67 15 178
198 68 43 218
198 78 39 240
198 80 35 88
199 6 34 43
199 11 5 288
199 13 8 148
199 20 51 42
199 29 49 170
199 32 19 222
199 38 25 225
199 39 44 145
199 43 23 24
199 55 37 207
199 58 2 213
199 68 31 218
199 72 56 283
199 74 13 227
200 1 55 72
200 7 31 254
200 10 23 18
200 15 9 204
200 27 1 280
200 29 59 250
200 35 37 297
200 44 7 11
200 48 25 149
200 55 43 27
200 56 13 7
200 57 40 271
200 58 28 213
200 61 49 16
200 64 19 152
Điểm tối ưu: 2983
Thời gian: 359.926305 giây
Trạng thái: VALID
