1468
1 2 37 90
1 3 27 16
1 4 31 10
1 8 33 78
1 16 57 80
1 19 1 146
1 20 25 36
1 22 22 7
1 24 19 57
1 25 7 130
1 27 9 3
1 33 49 104
1 37 45 15
1 40 13 26
2 1 15 117
2 7 55 107
2 8 37 138
2 12 19 68
2 13 9 44
2 16 33 80
2 18 49 67
2 20 23 36
2 22 44 7
2 24 25 57
2 25 31 22
2 31 58 116
2 33 40 104
2 34 3 9
2 35 28 114
3 4 23 144
3 10 19 73
3 14 25 35
3 16 40 57
3 17 37 48
3 19 43 148
3 20 47 36
3 21 4 24
3 23 29 45
3 27 32 18
3 28 1 98
3 35 16 121
3 37 56 91
3 38 10 27
4 2 13 136
4 4 57 54
4 8 37 103
4 13 10 113
4 17 7 48
4 19 25 23
4 20 40 37
4 21 31 131
4 23 23 11
4 29 3 41
4 31 19 1
4 33 43 88
4 34 1 9
4 38 34 27
5 1 35 29
5 3 7 16
5 5 17 148
5 7 55 131
5 9 45 5
5 10 26 73
5 12 1 68
5 24 11 10
5 25 5 22
5 30 49 82
5 31 58 1
5 32 13 110
5 36 31 76
5 39 20 58
5 40 37 137
6 2 50 40
6 4 55 10
6 13 25 113
6 17 28 143
6 19 19 119
6 23 23 88
6 24 16 10
6 29 9 69
6 30 37 82
6 31 4 50
6 32 45 47
6 34 7 129
6 35 13 121
6 38 1 81
6 40 31 34
7 1 29 117
7 2 7 90
7 5 1 148
7 6 5 80
7 8 43 138
7 12 37 6
7 16 13 57
7 17 22 5
7 18 25 147
7 20 11 37
7 22 16 7
7 30 49 74
7 35 19 121
7 37 56 105
7 40 31 11
8 4 43 3
8 6 29 95
8 9 55 5
8 10 1 73
8 11 52 87
8 13 35 44
8 16 46 52
8 17 25 143
8 22 49 7
8 23 9 88
8 29 19 41
8 31 32 116
8 32 37 110
8 33 16 104
8 38 13 81
9 1 53 117
9 2 19 150
9 4 46 144
9 6 5 34
9 8 16 78
9 9 43 54
9 14 8 35
9 15 1 128
9 18 25 39
9 21 58 41
9 27 55 130
9 29 37 41
9 30 49 140
9 35 13 149
9 36 32 28
10 4 49 10
10 6 11 34
10 10 7 93
10 15 45 141
10 16 28 52
10 17 13 48
10 19 20 146
10 25 56 22
10 27 58 146
10 28 1 144
10 29 37 49
10 31 16 1
10 37 31 105
10 38 4 81
10 39 51 75
11 5 41 66
11 10 31 73
11 13 53 113
11 15 37 141
11 16 25 142
11 18 13 67
11 26 5 94
11 28 44 98
11 30 19 74
11 32 49 126
11 37 7 105
11 39 55 75
11 40 1 26
12 1 34 117
12 9 52 132
12 10 7 127
12 11 4 87
12 14 43 134
12 15 19 72
12 17 58 48
12 20 32 36
12 22 1 45
12 23 28 88
12 27 55 67
12 31 49 116
12 35 25 121
12 37 37 18
12 39 13 8
13 4 51 10
13 8 31 64
13 9 13 54
13 12 20 32
13 13 5 44
13 16 25 52
13 17 16 48
13 18 37 67
13 19 55 23
13 21 28 24
13 27 34 130
13 28 43 129
13 29 1 49
13 31 46 143
13 39 7 58
14 2 49 90
14 3 15 102
14 8 37 78
14 11 40 135
14 12 7 89
14 13 28 44
14 15 19 100
14 17 31 143
14 19 1 119
14 20 55 36
14 26 13 30
14 34 34 9
14 35 58 149
14 38 25 27
14 40 44 34
15 1 41 96
15 8 31 138
15 10 14 73
15 11 55 135
15 13 19 44
15 14 8 134
15 16 38 80
15 18 50 147
15 25 58 22
15 29 44 41
15 33 4 33
15 34 1 108
15 35 34 121
15 36 21 76
15 37 26 15
16 1 55 117
16 2 31 40
16 4 40 144
16 7 52 131
16 9 37 132
16 12 7 6
16 16 46 57
16 18 13 39
16 20 17 37
16 22 49 77
16 29 25 69
16 34 43 9
16 36 57 79
16 39 1 75
16 40 20 79
17 1 57 117
17 7 19 107
17 8 43 103
17 10 50 41
17 19 7 146
17 20 34 37
17 21 25 24
17 23 32 45
17 24 41 120
17 26 22 30
17 28 46 129
17 30 1 82
17 35 28 121
17 37 13 105
18 7 40 107
18 11 26 87
18 12 31 32
18 15 49 72
18 17 37 5
18 19 7 21
18 25 13 22
18 26 11 30
18 28 55 98
18 31 4 1
18 34 19 9
18 35 1 114
18 37 21 91
18 38 16 81
18 40 43 26
19 2 55 90
19 3 3 84
19 4 47 10
19 5 29 38
19 6 23 95
19 13 1 44
19 14 49 134
19 17 19 48
19 19 25 119
19 22 10 45
19 27 7 18
19 28 31 144
19 29 13 49
19 30 43 140
19 32 37 126
20 2 55 40
20 3 49 16
20 6 17 80
20 7 37 77
20 8 9 103
20 14 2 134
20 15 13 72
20 17 31 48
20 22 43 51
20 23 19 88
20 27 34 3
20 29 25 55
20 31 40 116
20 35 22 121
21 1 41 117
21 5 3 38
21 6 23 80
21 7 46 107
21 8 28 138
21 10 13 127
21 11 43 87
21 15 7 100
21 26 17 30
21 27 49 3
21 29 19 69
21 31 25 1
21 33 58 88
21 36 37 79
21 39 31 8
22 2 27 136
22 5 11 148
22 7 43 107
22 9 37 54
22 11 19 124
22 15 56 141
22 18 7 147
22 19 50 148
22 20 25 37
22 21 22 24
22 31 46 1
22 32 13 126
22 39 31 58
22 40 2 79
23 2 43 142
23 4 13 144
23 6 28 34
23 7 34 77
23 8 31 103
23 9 10 132
23 10 19 127
23 13 5 113
23 17 7 143
23 19 37 23
23 24 15 21
23 25 3 130
23 27 25 3
23 29 55 69
23 36 49 33
24 4 11 144
24 5 40 38
24 7 37 107
24 8 1 64
24 10 13 25
24 13 59 113
24 14 43 35
24 15 32 141
24 18 7 96
24 19 49 119
24 22 22 51
24 27 19 3
24 28 56 129
24 32 25 110
25 3 49 18
25 7 25 77
25 8 1 78
25 10 37 73
25 14 31 134
25 15 20 61
25 17 4 143
25 20 53 36
25 24 59 120
25 29 43 55
25 30 13 82
25 34 7 9
25 37 9 85
25 38 28 27
25 40 55 26
26 2 32 90
26 6 11 95
26 8 52 145
26 9 25 5
26 12 43 6
26 16 14 52
26 19 37 21
26 21 19 24
26 23 3 11
26 24 29 21
26 28 49 144
26 29 7 49
26 31 22 1
26 34 59 9
26 36 55 20
27 1 59 117
27 2 13 150
27 4 45 95
27 5 19 148
27 8 40 78
27 10 49 127
27 15 1 100
27 17 22 143
27 19 55 119
27 24 9 10
27 26 35 30
27 27 28 3
27 28 25 129
27 37 31 15
28 3 49 115
28 9 46 51
28 11 22 87
28 15 25 61
28 16 1 80
28 23 14 88
28 24 29 57
28 26 19 111
28 27 16 3
28 30 55 82
28 31 10 1
28 35 7 114
28 37 31 85
28 39 37 32
29 2 43 90
29 3 13 16
29 4 59 95
29 9 40 54
29 12 1 141
29 14 55 35
29 19 49 23
29 24 5 21
29 25 22 130
29 27 19 18
29 29 25 41
29 32 31 47
29 33 37 86
29 39 7 8
30 1 32 117
30 4 2 95
30 5 20 66
30 10 37 25
30 13 53 44
30 17 28 48
30 18 55 39
30 19 43 146
30 20 50 37
30 22 7 45
30 23 26 88
30 24 34 10
30 30 14 140
30 34 41 9
30 38 10 81
31 3 43 102
31 5 1 66
31 6 27 95
31 9 49 51
31 13 13 113
31 16 34 57
31 17 10 48
31 19 55 21
31 20 7 36
31 21 16 24
31 26 32 94
31 28 19 98
31 29 37 69
31 33 52 104
31 39 3 58
32 5 5 148
32 8 19 103
32 9 28 54
32 10 31 127
32 12 43 68
32 13 23 44
32 14 49 120
32 16 37 57
32 18 55 147
32 19 8 119
32 25 13 130
32 26 47 111
32 32 1 47
32 34 53 9
32 36 15 50
33 3 55 16
33 7 31 77
33 9 19 54
33 11 10 87
33 13 17 44
33 14 1 120
33 15 38 128
33 16 34 52
33 20 13 36
33 23 15 11
33 28 25 144
33 29 43 69
33 35 7 149
33 38 22 12
33 39 51 32
34 4 38 10
34 5 15 66
34 6 25 95
34 9 1 54
34 12 55 89
34 15 49 100
34 22 40 7
34 23 17 88
34 24 13 21
34 27 31 130
34 29 19 49
34 34 11 129
34 35 43 114
34 38 7 27
34 40 27 26
35 3 31 84
35 4 52 95
35 11 1 135
35 16 16 59
35 17 13 5
35 19 37 119
35 21 4 131
35 22 22 45
35 23 9 11
35 25 7 22
35 26 20 30
35 31 49 1
35 36 55 33
35 39 44 8
35 40 27 11
36 2 21 136
36 4 5 3
36 8 28 78
36 9 10 54
36 11 37 135
36 12 1 32
36 13 50 44
36 15 55 61
36 24 35 21
36 25 16 130
36 27 25 130
36 33 40 88
36 38 7 81
36 39 31 75
37 2 33 150
37 3 49 121
37 5 21 148
37 9 25 54
37 11 16 87
37 17 2 5
37 22 13 7
37 24 31 21
37 25 11 130
37 26 7 30
37 31 38 1
37 33 43 104
37 34 9 129
37 38 28 81
37 39 56 32
38 3 43 16
38 5 23 148
38 12 25 32
38 16 52 80
38 17 49 48
38 18 7 39
38 23 21 11
38 25 29 22
38 29 31 49
38 33 37 104
38 34 11 9
38 35 40 114
38 36 1 76
38 37 14 15
39 3 50 84
39 5 41 148
39 6 7 80
39 12 20 89
39 13 27 113
39 14 55 134
39 16 9 52
39 20 4 37
39 21 13 24
39 23 43 45
39 31 1 116
39 32 32 110
39 33 16 98
39 36 45 76
39 37 37 105
40 5 9 38
40 6 15 95
40 7 2 77
40 8 49 103
40 10 19 93
40 13 41 113
40 18 43 67
40 19 37 148
40 21 52 24
40 25 5 108
40 30 26 74
40 33 31 104
40 36 55 28
41 1 7 117
41 2 9 150
41 4 55 3
41 8 52 78
41 9 49 132
41 11 40 87
41 12 31 68
41 23 21 88
41 25 1 130
41 26 27 111
41 30 3 140
41 33 46 88
41 35 37 121
41 38 13 12
42 3 55 115
42 5 3 55
42 6 1 34
42 9 51 54
42 12 14 141
42 19 25 146
42 20 7 37
42 21 10 24
42 22 37 7
42 23 49 45
42 25 47 22
42 28 32 98
42 33 40 98
42 36 43 28
42 37 19 85
43 1 5 69
43 2 7 40
43 10 43 127
43 11 49 135
43 12 13 32
43 13 11 44
43 14 20 120
43 15 1 72
43 19 31 146
43 24 47 120
43 25 37 22
43 29 57 49
43 36 25 33
43 37 39 56
44 6 17 14
44 9 55 132
44 11 37 87
44 15 13 61
44 17 50 143
44 18 1 39
44 20 58 36
44 21 40 24
44 23 7 88
44 33 10 98
44 34 5 129
44 35 31 114
44 36 19 50
44 39 25 8
44 40 43 137
45 1 1 20
45 4 59 54
45 5 35 66
45 7 13 77
45 12 26 68
45 14 31 120
45 18 19 67
45 21 46 24
45 22 16 45
45 26 23 94
45 29 50 69
45 31 7 1
45 32 55 110
45 37 3 85
45 39 37 58
46 2 19 40
46 3 1 16
46 6 15 80
46 7 28 77
46 10 50 93
46 13 17 113
46 17 40 48
46 23 47 45
46 24 13 10
46 26 34 94
46 27 31 3
46 29 7 41
46 36 43 50
46 37 56 15
46 38 25 81
47 7 31 107
47 8 4 78
47 9 46 108
47 10 14 93
47 15 50 141
47 17 43 48
47 19 19 21
47 20 23 37
47 22 34 7
47 26 29 94
47 30 7 140
47 35 1 149
47 36 25 76
47 37 55 56
47 39 38 8
48 3 49 102
48 6 11 80
48 8 16 138
48 11 19 135
48 13 14 44
48 14 55 120
48 15 45 100
48 19 31 132
48 22 1 51
48 24 35 120
48 27 37 130
48 29 26 49
48 33 22 104
48 38 4 12
48 39 7 75
49 1 5 19
49 2 25 150
49 4 7 3
49 5 23 66
49 8 43 64
49 9 46 54
49 20 1 37
49 23 34 88
49 25 3 22
49 28 13 98
49 31 10 116
49 32 19 110
49 33 50 88
49 34 16 9
49 36 37 33
50 1 1 29
50 3 9 84
50 6 7 34
50 9 58 132
50 10 3 127
50 12 37 68
50 15 13 128
50 19 25 21
50 25 53 22
50 28 19 129
50 31 32 1
50 33 55 88
50 35 22 149
50 39 49 58
50 40 43 79
51 2 13 90
51 3 27 115
51 6 20 14
51 8 22 78
51 10 49 128
51 11 58 135
51 15 8 128
51 18 33 147
51 19 45 23
51 22 55 127
51 27 1 3
51 34 25 9
51 35 4 121
51 36 37 28
52 1 23 117
52 2 31 142
52 6 7 95
52 7 1 107
52 12 13 68
52 14 37 134
52 23 17 11
52 26 35 111
52 27 52 3
52 28 4 144
52 29 55 55
52 32 26 47
52 35 10 114
52 38 44 81
52 39 19 8
53 1 3 20
53 2 55 142
53 5 7 55
53 8 31 145
53 9 37 51
53 11 46 87
53 16 40 52
53 17 10 143
53 18 19 147
53 19 13 119
53 21 34 24
53 24 1 10
53 25 23 22
53 36 49 50
53 39 25 75
54 5 32 66
54 10 7 25
54 14 25 120
54 15 37 100
54 16 58 57
54 19 50 21
54 21 1 131
54 23 55 45
54 24 29 120
54 25 43 22
54 27 13 3
54 28 4 98
54 31 46 116
55 2 1 90
55 4 5 95
55 7 55 77
55 11 58 87
55 12 37 89
55 15 31 61
55 19 13 23
55 21 28 131
55 24 11 21
55 25 49 130
55 30 7 82
55 32 20 47
55 35 25 149
55 37 44 91
55 40 51 34
56 10 44 93
56 15 55 72
56 17 31 5
56 20 15 36
56 21 1 24
56 25 41 22
56 28 7 98
56 30 25 82
56 31 4 116
56 32 49 110
56 34 13 125
56 35 34 114
56 36 19 33
56 38 10 12
56 40 37 26
57 8 10 64
57 9 7 54
57 12 13 89
57 14 31 35
57 15 49 61
57 16 22 52
57 19 1 23
57 20 28 36
57 23 45 45
57 24 5 120
57 25 43 130
57 28 58 144
57 33 19 104
57 35 25 114
57 40 37 46
58 1 19 117
58 3 38 16
58 7 13 69
58 8 58 64
58 10 21 25
58 11 16 135
58 15 7 72
58 18 1 147
58 19 33 23
58 21 44 131
58 23 11 88
58 26 31 30
58 29 49 55
58 34 56 9
58 40 25 79
59 8 1 145
59 10 31 25
59 11 28 135
59 12 13 6
59 13 35 113
59 16 52 57
59 17 4 48
59 19 45 21
59 21 49 131
59 24 11 57
59 30 7 74
59 32 38 47
59 33 25 104
59 36 56 76
59 39 19 75
60 5 5 66
60 7 50 107
60 10 37 93
60 15 25 141
60 16 56 52
60 19 7 23
60 20 2 36
60 21 34 131
60 24 53 120
60 27 16 18
60 29 43 49
60 32 19 126
60 34 11 125
60 35 31 149
61 3 43 149
61 5 3 148
61 6 13 80
61 8 40 103
61 10 8 73
61 14 20 35
61 19 31 148
61 21 37 24
61 22 25 51
61 23 1 11
61 26 5 30
61 28 16 129
61 31 28 1
61 33 58 104
61 36 49 79
62 11 55 87
62 13 31 113
62 15 43 61
62 16 26 80
62 17 58 5
62 18 2 96
62 19 13 146
62 20 17 36
62 22 19 51
62 24 22 57
62 25 10 62
62 31 7 116
62 32 49 47
62 36 33 79
62 40 37 124
63 2 1 40
63 5 35 148
63 10 50 73
63 12 7 32
63 13 39 113
63 15 31 72
63 16 55 57
63 23 19 11
63 26 47 30
63 33 58 98
63 34 37 9
63 36 13 28
63 38 22 27
63 39 25 58
63 40 43 46
64 2 43 40
64 4 52 144
64 7 34 107
64 16 49 80
64 17 25 48
64 22 19 7
64 23 7 11
64 25 9 130
64 27 22 3
64 28 28 98
64 30 1 74
64 34 37 129
64 35 14 114
64 36 39 76
64 39 55 58
65 3 31 115
65 4 49 54
65 6 7 14
65 9 52 51
65 10 43 128
65 11 13 87
65 13 37 113
65 15 25 72
65 17 1 48
65 22 4 51
65 23 58 45
65 33 55 104
65 34 39 9
65 36 9 79
65 37 19 15
66 1 25 117
66 3 43 115
66 4 19 10
66 5 1 55
66 7 16 107
66 15 7 141
66 21 22 131
66 22 37 45
66 29 32 41
66 30 55 140
66 31 40 143
66 33 13 33
66 36 27 50
66 37 51 15
66 39 3 8
67 1 5 29
67 2 13 142
67 4 31 95
67 7 58 107
67 9 7 108
67 11 33 135
67 15 37 72
67 18 1 67
67 26 17 111
67 28 10 59
67 29 50 68
67 30 21 140
67 32 43 110
67 33 25 98
67 35 55 114
68 1 49 117
68 6 55 95
68 9 28 51
68 11 32 87
68 12 1 6
68 14 20 134
68 18 37 39
68 21 7 24
68 23 5 88
68 24 57 10
68 27 51 130
68 28 25 59
68 29 14 55
68 30 43 74
68 31 10 50
69 2 37 142
69 7 26 107
69 10 31 93
69 11 49 87
69 13 7 113
69 17 52 48
69 18 19 115
69 23 35 45
69 24 17 57
69 25 10 22
69 27 58 130
69 31 55 116
69 32 2 126
69 37 13 85
69 40 43 11
70 1 17 117
70 2 37 136
70 3 21 102
70 4 41 10
70 6 31 80
70 9 34 51
70 14 43 120
70 21 49 24
70 23 3 88
70 25 19 22
70 28 8 144
70 31 52 1
70 32 26 126
70 37 55 85
70 39 13 75
71 2 13 40
71 3 31 16
71 4 37 144
71 5 1 38
71 6 9 95
71 8 39 145
71 10 3 93
71 18 43 39
71 20 28 37
71 25 26 22
71 26 7 94
71 27 55 146
71 28 22 129
71 35 19 149
72 2 20 142
72 4 35 95
72 5 5 55
72 6 13 14
72 9 16 5
72 12 1 89
72 15 7 61
72 25 28 130
72 26 11 94
72 27 40 130
72 30 31 82
72 31 43 116
72 37 49 85
72 38 37 81
72 40 55 46
73 2 1 150
73 9 50 5
73 10 56 73
73 16 7 59
73 18 25 67
73 20 31 37
73 23 53 88
73 24 23 21
73 25 20 130
73 26 29 30
73 34 13 9
73 35 16 149
73 36 33 50
73 37 43 105
73 39 37 75
74 6 9 80
74 7 19 77
74 8 13 145
74 9 40 51
74 11 22 135
74 12 31 89
74 13 7 44
74 23 26 45
74 24 5 57
74 26 16 94
74 34 51 129
74 35 37 114
74 37 43 85
74 38 2 27
75 1 44 117
75 6 13 95
75 7 46 77
75 11 52 135
75 13 31 44
75 14 37 120
75 16 2 57
75 19 19 23
75 20 41 36
75 23 11 11
75 24 9 57
75 26 25 94
75 31 15 116
75 32 56 47
75 34 23 9
76 2 49 150
76 4 59 10
76 5 7 66
76 6 16 34
76 7 9 77
76 10 2 25
76 14 37 35
76 16 43 52
76 17 19 5
76 22 13 45
76 24 22 10
76 29 32 55
76 30 25 140
76 36 55 50
76 38 46 27
77 1 51 117
77 8 25 78
77 18 43 147
77 19 55 148
77 20 13 37
77 21 37 131
77 22 31 7
77 26 1 111
77 29 9 55
77 33 34 104
77 34 49 129
77 35 4 149
77 36 19 28
77 40 15 46
78 1 2 117
78 7 16 77
78 8 55 78
78 9 7 132
78 10 25 93
78 13 47 113
78 15 43 72
78 18 49 39
78 22 58 7
78 23 31 88
78 27 4 107
78 28 33 129
78 30 19 82
78 33 10 104
78 40 37 11
79 2 25 90
79 5 17 38
79 15 13 100
79 16 1 52
79 19 31 119
79 21 7 131
79 22 51 45
79 27 58 67
79 28 40 129
79 29 19 55
79 31 55 1
79 33 10 33
79 35 4 114
79 38 37 27
79 39 43 75
80 4 47 95
80 9 31 54
80 10 37 127
80 11 44 135
80 12 19 6
80 14 25 134
80 15 55 100
80 17 13 143
80 19 49 146
80 25 5 130
80 32 7 47
80 33 34 33
80 35 1 121
80 38 16 27
81 3 3 115
81 6 21 80
81 7 13 107
81 9 16 132
81 11 7 135
81 13 33 113
81 17 10 5
81 20 19 37
81 23 1 88
81 24 26 10
81 28 28 144
81 29 49 49
81 30 37 74
81 31 43 1
81 33 46 104
82 3 49 149
82 6 19 95
82 11 13 135
82 16 46 80
82 19 1 21
82 20 21 37
82 21 16 131
82 23 25 11
82 25 35 22
82 26 41 94
82 27 57 3
82 28 28 129
82 30 8 137
82 34 31 129
82 37 37 85
83 2 57 150
83 5 25 148
83 6 1 14
83 10 43 25
83 13 3 113
83 15 19 128
83 16 49 57
83 17 34 5
83 18 7 67
83 20 38 37
83 21 13 131
83 24 11 120
83 37 27 105
83 38 31 81
84 1 4 117
84 3 45 121
84 4 43 10
84 8 10 78
84 9 7 5
84 12 25 89
84 14 14 134
84 21 40 131
84 22 1 7
84 30 31 74
84 31 37 116
84 32 56 126
84 33 22 31
84 34 19 108
84 37 49 105
85 5 20 38
85 6 17 95
85 7 22 107
85 9 26 132
85 12 7 68
85 15 37 61
85 17 34 48
85 22 4 7
85 25 1 22
85 26 53 94
85 27 43 18
85 29 13 41
85 35 58 121
85 38 31 12
85 40 49 26
86 2 37 40
86 3 1 102
86 7 52 77
86 8 25 103
86 9 28 5
86 14 13 35
86 17 55 48
86 18 19 39
86 20 35 36
86 22 8 7
86 24 17 21
86 27 45 3
86 29 31 69
86 34 59 129
86 38 49 27
87 1 7 29
87 3 25 84
87 7 16 69
87 11 10 135
87 12 43 89
87 13 1 113
87 20 19 36
87 22 55 7
87 26 4 111
87 27 13 18
87 30 32 140
87 31 21 116
87 36 37 50
88 2 39 150
88 4 21 144
88 5 5 38
88 6 19 34
88 7 58 131
88 8 25 138
88 9 44 132
88 12 49 89
88 14 7 120
88 18 13 147
88 19 1 132
88 21 55 24
88 31 34 143
88 33 28 104
88 34 32 9
89 1 13 117
89 2 43 150
89 5 11 38
89 10 25 127
89 13 19 113
89 15 31 100
89 22 7 51
89 27 40 3
89 28 37 98
89 30 15 74
89 31 1 1
89 33 4 104
89 34 29 9
89 35 21 114
89 39 55 8
90 2 31 136
90 3 37 149
90 5 7 38
90 6 29 80
90 9 13 132
90 11 4 135
90 12 57 6
90 13 22 113
90 16 19 52
90 21 10 131
90 22 25 7
90 25 45 22
90 28 16 144
90 33 1 33
90 39 49 8
91 3 57 84
91 4 55 144
91 5 13 148
91 9 22 54
91 10 49 25
91 16 43 57
91 18 32 39
91 21 19 131
91 24 5 10
91 25 16 22
91 31 26 116
91 32 1 110
91 34 46 9
91 37 37 91
91 38 7 12
92 1 37 117
92 2 55 136
92 5 13 66
92 9 34 54
92 10 43 73
92 14 49 35
92 15 1 61
92 19 19 132
92 20 5 36
92 22 15 51
92 24 31 57
92 32 7 110
92 33 39 31
92 34 53 129
92 37 25 85
93 3 19 16
93 4 55 54
93 9 58 51
93 11 7 87
93 14 1 35
93 15 25 100
93 20 53 37
93 22 10 51
93 26 47 94
93 30 43 82
93 32 13 47
93 34 5 9
93 36 49 28
93 38 31 27
93 40 38 34
94 7 7 107
94 11 19 87
94 12 25 6
94 14 14 120
94 15 31 128
94 16 37 52
94 19 43 119
94 20 10 36
94 21 58 24
94 23 40 45
94 28 22 98
94 29 1 69
94 37 51 91
95 2 19 90
95 3 27 102
95 4 53 10
95 6 11 14
95 9 16 54
95 10 56 93
95 13 25 44
95 18 32 67
95 19 37 146
95 23 5 11
95 28 1 129
95 31 13 1
95 32 7 126
95 36 49 76
95 39 44 58
96 1 10 117
96 5 8 148
96 7 22 77
96 9 4 54
96 10 25 25
96 12 51 6
96 13 29 113
96 16 43 80
96 17 19 143
96 27 1 18
96 29 55 68
96 32 31 126
96 33 46 33
96 37 37 15
96 39 13 58
97 4 35 144
97 5 58 38
97 7 10 107
97 8 52 103
97 11 25 135
97 12 31 6
97 17 16 143
97 23 13 11
97 24 29 10
97 28 49 98
97 30 37 140
97 32 44 126
97 35 7 121
97 37 1 105
97 40 20 26
98 1 21 117
98 3 13 115
98 4 19 144
98 5 11 66
98 8 26 145
98 9 31 51
98 10 57 25
98 18 37 147
98 21 43 24
98 24 3 10
98 25 49 22
98 26 41 30
98 27 46 130
98 34 51 9
98 36 7 76
99 5 29 66
99 15 19 141
99 16 49 52
99 21 25 131
99 22 4 45
99 24 7 57
99 26 1 30
99 29 37 55
99 31 52 116
99 35 31 121
99 36 14 76
99 38 58 27
99 39 43 32
99 40 9 26
100 1 46 117
100 3 9 102
100 4 43 95
100 7 40 77
100 8 4 64
100 17 1 143
100 19 27 148
100 22 52 7
100 24 7 10
100 28 13 129
100 30 55 74
100 33 16 33
100 35 49 114
100 37 20 105
100 40 32 26
Điểm tối ưu: 1468
Thời gian: 180.045371 giây
Trạng thái: VALID
