4462
1 15 25 198
1 23 34 193
1 24 16 393
1 36 14 76
1 42 31 173
1 50 37 34
1 67 53 114
1 69 20 79
1 77 1 161
1 79 10 370
1 83 49 196
1 86 55 102
1 103 27 287
1 110 43 73
1 116 7 69
2 8 3 149
2 23 20 177
2 27 41 90
2 28 50 176
2 41 25 401
2 42 37 173
2 50 31 34
2 53 5 423
2 57 10 344
2 70 43 413
2 76 27 265
2 83 55 196
2 93 47 280
2 102 16 212
2 113 23 78
3 6 49 332
3 24 13 110
3 30 53 34
3 37 7 25
3 40 43 351
3 45 19 139
3 53 23 175
3 64 25 104
3 76 37 316
3 77 56 333
3 80 4 355
3 85 41 333
3 90 11 88
3 109 31 285
3 115 16 123
4 3 25 302
4 17 34 388
4 21 53 311
4 27 47 356
4 40 38 351
4 45 19 293
4 48 1 314
4 51 31 46
4 60 23 90
4 61 13 275
4 69 49 325
4 76 43 246
4 102 29 291
4 108 8 68
4 110 55 328
5 2 1 264
5 6 33 397
5 8 41 274
5 12 10 409
5 18 28 46
5 25 44 386
5 38 37 116
5 41 17 350
5 48 49 414
5 65 23 450
5 69 56 79
5 73 4 370
5 95 7 221
5 117 13 430
5 119 19 344
6 14 11 72
6 22 45 112
6 25 19 188
6 26 29 29
6 29 52 131
6 45 25 236
6 49 5 413
6 67 37 318
6 72 13 218
6 81 7 102
6 85 17 333
6 86 55 115
6 95 34 282
6 97 41 422
6 102 2 110
7 2 31 264
7 7 37 132
7 33 26 238
7 39 1 445
7 40 49 82
7 42 28 401
7 48 43 389
7 56 55 274
7 69 19 392
7 71 8 301
7 73 34 370
7 89 5 179
7 101 53 319
7 118 13 18
8 8 19 149
8 29 46 94
8 37 2 365
8 48 21 414
8 55 10 178
8 68 51 313
8 70 56 85
8 76 25 71
8 78 37 419
8 86 39 115
8 100 7 225
8 106 53 330
8 110 31 73
8 116 43 340
8 119 14 26
9 5 37 378
9 22 43 299
9 40 7 82
9 44 55 266
9 45 27 360
9 47 1 350
9 54 40 264
9 59 57 73
9 66 16 444
9 68 47 313
9 70 31 145
9 73 14 6
9 88 51 61
9 90 49 396
9 119 19 46
10 1 59 414
10 18 43 56
10 25 1 386
10 33 11 430
10 37 19 365
10 45 33 139
10 51 16 208
10 52 47 343
10 53 31 175
10 60 39 336
10 94 55 425
10 96 26 22
10 97 13 381
10 101 7 444
10 112 52 51
11 9 31 244
11 10 8 384
11 22 34 75
11 23 39 326
11 31 23 156
11 33 13 359
11 48 44 294
11 50 25 114
11 64 19 217
11 67 52 371
11 75 49 238
11 81 2 102
11 83 55 295
11 97 15 381
11 98 59 56
12 5 43 90
12 8 23 104
12 12 4 169
12 14 15 359
12 29 1 173
12 31 58 341
12 35 49 207
12 43 10 336
12 50 38 368
12 64 31 422
12 67 17 71
12 68 27 313
12 82 7 260
12 90 47 234
12 106 35 57
13 3 19 346
13 16 49 55
13 25 9 150
13 29 14 131
13 33 52 381
13 41 7 200
13 59 45 419
13 62 35 345
13 64 55 43
13 67 37 114
13 88 27 60
13 100 39 22
13 107 59 312
13 113 33 336
13 118 2 15
14 1 53 414
14 33 43 381
14 37 55 365
14 43 19 255
14 45 49 236
14 47 32 224
14 55 37 373
14 59 9 393
14 61 25 275
14 64 13 104
14 86 1 41
14 89 29 179
14 100 22 381
14 109 45 380
14 118 40 106
15 15 34 240
15 20 26 147
15 22 58 407
15 23 49 167
15 26 23 256
15 34 14 422
15 51 55 434
15 57 7 249
15 64 43 104
15 71 52 427
15 90 39 396
15 95 31 282
15 105 10 129
15 106 21 330
15 109 1 81
16 12 52 50
16 32 28 372
16 36 17 131
16 42 13 401
16 44 43 374
16 50 20 192
16 52 35 332
16 60 5 231
16 90 1 285
16 95 38 271
16 109 45 169
16 111 41 278
16 115 25 168
16 118 9 60
16 120 56 449
17 15 35 198
17 17 55 258
17 23 51 39
17 29 21 131
17 32 58 151
17 49 19 414
17 52 5 343
17 61 31 120
17 70 1 413
17 73 49 370
17 86 37 247
17 91 29 219
17 100 25 66
17 114 43 29
17 119 8 388
18 5 31 303
18 23 43 193
18 24 46 401
18 27 4 359
18 37 25 199
18 39 55 445
18 40 39 18
18 41 35 226
18 46 19 276
18 49 13 169
18 68 53 313
18 81 7 251
18 83 49 248
18 84 15 258
18 92 1 319
19 1 22 266
19 4 33 446
19 16 19 238
19 19 55 336
19 25 37 282
19 53 17 132
19 56 49 274
19 63 29 384
19 66 2 434
19 72 13 273
19 80 58 211
19 82 31 40
19 94 46 8
19 96 7 93
19 102 27 354
20 5 25 87
20 20 20 200
20 36 35 176
20 44 53 266
20 50 55 57
20 51 50 293
20 52 40 332
20 69 31 79
20 72 45 218
20 82 1 310
20 83 7 295
20 84 13 278
20 100 4 381
20 107 43 312
20 118 28 106
21 1 17 273
21 2 22 83
21 6 37 443
21 20 55 93
21 23 34 39
21 27 41 359
21 30 43 405
21 35 31 449
21 37 7 179
21 56 13 306
21 64 49 217
21 66 45 346
21 67 59 318
21 81 25 391
21 94 4 425
22 6 3 332
22 25 19 150
22 28 49 375
22 29 34 202
22 32 58 76
22 50 39 114
22 56 7 306
22 61 25 120
22 66 31 444
22 69 14 392
22 73 37 44
22 88 43 403
22 89 1 347
22 104 55 3
23 4 31 239
23 19 19 373
23 32 1 158
23 37 13 365
23 46 38 102
23 56 25 295
23 75 58 425
23 80 55 372
23 85 22 55
23 86 50 247
23 91 5 219
23 93 7 52
23 94 43 237
23 95 10 282
23 112 46 291
24 5 52 90
24 16 22 271
24 21 29 3
24 42 34 173
24 53 1 175
24 54 49 149
24 61 56 298
24 64 43 43
24 73 11 81
24 91 47 219
24 93 7 385
24 94 3 8
24 101 13 319
24 103 38 424
24 111 17 278
25 5 13 93
25 10 49 275
25 18 16 44
25 20 31 147
25 22 46 217
25 33 53 430
25 46 1 180
25 48 25 356
25 65 11 450
25 68 35 313
25 74 41 431
25 76 55 361
25 102 5 349
25 105 43 296
25 117 37 430
26 1 27 38
26 4 7 446
26 17 55 169
26 45 19 236
26 52 23 343
26 55 1 373
26 57 49 18
26 60 53 157
26 67 59 114
26 97 29 422
26 103 37 267
26 108 15 411
26 112 46 384
26 120 4 110
27 6 7 332
27 8 11 274
27 12 45 50
27 18 4 57
27 29 25 173
27 39 31 445
27 46 49 108
27 59 38 48
27 60 17 157
27 83 13 428
27 86 19 247
27 92 1 341
27 93 35 272
27 106 58 330
27 118 28 15
28 2 34 264
28 5 31 300
28 23 16 177
28 24 19 266
28 27 59 356
28 43 43 336
28 44 1 220
28 55 7 373
28 66 46 407
28 91 49 354
28 97 10 422
28 100 13 15
28 103 37 35
28 110 25 358
28 115 22 168
29 8 37 301
29 26 58 256
29 32 52 372
29 38 25 145
29 64 19 30
29 70 31 11
29 77 13 333
29 85 5 306
29 91 56 354
29 94 44 179
29 99 39 427
29 108 1 135
29 109 7 169
29 111 47 278
29 116 28 81
30 1 17 266
30 9 40 233
30 18 55 7
30 24 14 175
30 27 49 272
30 35 37 207
30 36 11 368
30 37 7 365
30 41 29 93
30 55 22 60
30 57 31 211
30 63 58 347
30 77 1 217
30 90 26 234
30 102 19 354
31 13 11 91
31 15 19 240
31 17 25 80
31 23 21 193
31 24 40 406
31 25 13 150
31 37 44 199
31 39 7 143
31 41 4 247
31 56 31 306
31 66 37 434
31 74 28 431
31 77 57 234
31 99 49 66
31 100 1 381
32 1 52 38
32 11 31 88
32 18 28 44
32 30 35 102
32 36 22 76
32 44 19 21
32 49 1 247
32 61 45 275
32 66 56 444
32 87 37 246
32 93 17 280
32 105 10 290
32 112 7 51
32 114 3 29
32 116 14 242
33 5 31 378
33 9 25 43
33 10 37 223
33 19 5 190
33 24 52 175
33 54 28 83
33 73 44 52
33 75 55 199
33 78 17 257
33 84 1 207
33 88 13 418
33 89 35 295
33 105 46 290
33 107 21 312
33 117 7 430
34 22 58 280
34 40 31 351
34 43 43 239
34 51 16 246
34 53 52 301
34 56 1 274
34 57 49 344
34 60 29 231
34 70 21 85
34 71 55 416
34 77 8 113
34 86 25 247
34 95 13 271
34 96 37 185
34 118 46 60
35 6 25 345
35 33 17 306
35 36 59 122
35 46 13 180
35 51 7 427
35 59 45 393
35 82 57 438
35 83 3 255
35 91 11 219
35 100 31 225
35 102 1 354
35 106 34 330
35 109 19 231
35 113 43 149
35 116 38 243
36 3 31 302
36 14 5 18
36 27 17 361
36 47 19 362
36 51 7 248
36 59 37 249
36 62 47 64
36 70 1 367
36 79 13 38
36 81 25 219
36 82 11 40
36 83 43 101
36 96 55 51
36 119 49 95
37 6 25 332
37 16 22 29
37 28 7 261
37 33 35 51
37 41 11 116
37 45 37 236
37 50 55 172
37 54 52 192
37 60 1 48
37 64 13 43
37 74 5 112
37 102 3 300
37 110 44 156
37 119 31 179
37 120 49 256
38 13 29 91
38 18 22 367
38 23 37 177
38 24 40 126
38 45 31 408
38 49 17 413
38 55 50 62
38 56 2 379
38 65 53 431
38 70 25 82
38 74 43 112
38 86 13 115
38 92 45 319
38 100 7 126
38 105 19 290
39 23 46 39
39 27 58 272
39 34 32 72
39 35 19 371
39 36 29 131
39 42 22 173
39 47 39 350
39 66 25 81
39 68 3 313
39 69 13 347
39 71 43 3
39 78 49 419
39 92 52 341
39 94 10 436
39 106 17 330
40 4 49 432
40 11 9 16
40 19 47 190
40 33 59 51
40 35 13 371
40 37 3 144
40 39 43 445
40 46 26 203
40 64 55 363
40 81 37 209
40 83 31 255
40 90 7 415
40 102 1 300
40 103 19 352
40 115 16 448
41 6 1 443
41 13 5 91
41 14 43 18
41 18 7 7
41 21 10 447
41 30 41 15
41 34 51 183
41 35 28 371
41 44 25 374
41 56 45 388
41 60 34 90
41 61 13 120
41 64 19 104
41 70 37 95
41 92 58 319
42 9 49 244
42 22 34 407
42 30 41 34
42 34 1 72
42 38 10 50
42 42 43 401
42 71 26 3
42 86 13 157
42 87 55 122
42 93 53 272
42 100 46 66
42 102 5 212
42 106 23 330
42 111 29 278
42 115 7 318
43 2 20 264
43 3 25 212
43 9 46 244
43 15 17 240
43 19 53 336
43 25 49 276
43 26 37 256
43 39 56 413
43 51 40 293
43 58 11 249
43 76 7 316
43 81 31 251
43 92 43 359
43 103 13 267
43 116 4 69
44 12 34 257
44 18 49 44
44 37 19 425
44 40 27 31
44 49 15 247
44 67 41 318
44 70 43 95
44 79 4 38
44 92 10 319
44 99 37 297
44 107 25 359
44 109 55 244
44 113 32 349
44 116 1 69
44 118 52 18
45 2 28 80
45 10 13 5
45 15 1 326
45 20 3 200
45 48 19 156
45 52 17 108
45 55 25 373
45 59 43 310
45 72 37 386
45 73 59 6
45 79 34 403
45 81 55 209
45 104 52 3
45 108 8 75
45 116 31 237
46 14 46 236
46 17 13 405
46 27 37 356
46 45 55 373
46 49 53 282
46 60 39 90
46 62 41 76
46 71 49 3
46 73 3 409
46 77 21 25
46 85 27 374
46 103 7 35
46 106 19 330
46 113 16 349
46 117 31 6
47 14 41 95
47 23 7 326
47 39 55 194
47 41 29 247
47 42 50 173
47 48 32 356
47 57 20 426
47 60 4 90
47 63 47 403
47 69 37 347
47 79 10 38
47 81 43 137
47 82 13 438
47 118 1 104
47 120 16 110
48 13 46 406
48 27 29 206
48 46 19 375
48 48 50 356
48 49 11 413
48 60 41 231
48 68 5 313
48 73 26 151
48 80 34 46
48 93 31 272
48 106 13 330
48 111 7 226
48 115 16 168
48 117 55 6
48 118 1 7
49 13 9 91
49 14 53 236
49 17 25 137
49 26 39 75
49 27 43 361
49 43 13 324
49 54 49 26
49 58 5 249
49 65 41 428
49 72 1 273
49 79 16 38
49 84 19 278
49 87 32 64
49 95 28 98
49 110 55 358
50 9 13 177
50 13 33 91
50 26 3 91
50 46 39 180
50 53 5 303
50 62 53 120
50 65 37 450
50 75 7 199
50 83 19 248
50 84 56 278
50 85 31 55
50 91 35 219
50 92 49 359
50 105 46 55
50 108 25 411
51 13 32 318
51 16 58 219
51 29 34 84
51 34 25 56
51 47 1 224
51 49 11 414
51 68 39 313
51 71 49 114
51 81 43 48
51 84 13 143
51 85 37 374
51 98 23 242
51 99 19 115
51 106 17 449
51 109 7 380
52 4 13 119
52 12 37 169
52 15 10 151
52 30 47 71
52 33 29 51
52 35 55 207
52 42 40 206
52 52 3 343
52 68 1 313
52 72 20 218
52 77 32 333
52 89 5 206
52 97 53 375
52 101 49 444
52 102 8 291
53 3 43 126
53 15 3 151
53 21 23 37
53 42 33 206
53 49 58 326
53 50 38 57
53 69 7 392
53 79 13 370
53 84 19 36
53 85 1 251
53 90 5 415
53 98 47 200
53 101 56 390
53 103 49 352
53 115 25 123
54 3 19 212
54 9 10 244
54 11 37 200
54 26 56 180
54 30 5 34
54 31 35 48
54 38 7 50
54 41 59 401
54 42 52 401
54 43 1 336
54 45 13 408
54 60 17 158
54 67 47 447
54 97 23 422
54 119 25 95
55 17 19 91
55 18 55 367
55 26 23 180
55 27 13 206
55 28 1 375
55 46 49 203
55 53 41 301
55 61 7 220
55 64 31 43
55 78 37 83
55 79 58 370
55 80 45 355
55 81 15 251
55 106 27 285
56 7 19 450
56 25 43 412
56 27 53 359
56 35 55 371
56 37 1 108
56 49 17 291
56 58 31 304
56 64 49 104
56 71 40 3
56 86 13 102
56 95 58 221
56 100 37 178
56 104 34 355
56 108 26 21
56 117 7 6
57 11 43 16
57 12 57 409
57 22 28 407
57 30 35 405
57 32 10 328
57 35 25 449
57 37 49 144
57 58 17 249
57 62 1 411
57 74 5 243
57 78 3 83
57 81 31 48
57 101 47 390
57 103 13 424
57 110 37 73
58 6 31 62
58 11 51 16
58 16 55 238
58 21 11 311
58 23 22 39
58 30 3 374
58 34 37 422
58 49 47 326
58 57 58 72
58 76 7 361
58 80 19 355
58 87 13 425
58 93 49 52
58 95 28 282
58 109 43 231
59 7 43 132
59 13 29 406
59 24 4 378
59 28 50 132
59 37 55 423
59 58 13 304
59 63 33 42
59 84 37 162
59 91 7 354
59 95 22 282
59 100 1 22
59 106 17 119
59 108 25 426
59 113 11 349
59 120 19 184
60 12 21 87
60 30 19 374
60 47 9 340
60 58 5 304
60 62 29 120
60 72 49 365
60 75 34 238
60 76 13 316
60 77 43 161
60 82 7 40
60 86 37 338
60 89 31 206
60 95 1 98
60 100 25 126
60 103 55 329
61 9 25 244
61 18 13 57
61 21 47 311
61 37 43 108
61 38 4 220
61 41 29 226
61 45 31 226
61 49 16 169
61 50 7 368
61 56 55 203
61 81 19 251
61 82 41 40
61 94 1 425
61 103 51 287
61 106 23 73
62 3 31 346
62 6 25 62
62 9 10 177
62 12 19 169
62 16 16 55
62 22 37 112
62 30 51 374
62 34 3 422
62 36 43 368
62 57 7 344
62 78 1 83
62 91 13 354
62 92 55 319
62 109 45 168
63 17 13 91
63 25 49 209
63 26 53 180
63 30 11 102
63 33 19 51
63 40 21 433
63 43 28 433
63 54 1 442
63 55 16 8
63 72 7 218
63 76 43 123
63 79 55 38
63 80 32 176
63 88 39 450
63 89 58 206
64 7 19 311
64 8 35 104
64 25 31 150
64 33 41 51
64 34 15 72
64 50 43 172
64 55 51 237
64 62 59 64
64 67 47 225
64 68 49 313
64 69 1 392
64 74 13 431
64 75 10 238
64 98 23 56
64 120 38 449
65 2 44 83
65 16 52 219
65 21 1 137
65 29 7 202
65 33 29 430
65 36 5 368
65 43 25 433
65 66 58 81
65 76 13 117
65 78 17 427
65 90 11 285
65 98 22 50
65 105 55 233
65 108 39 303
65 116 49 69
66 3 1 203
66 8 15 149
66 11 45 243
66 15 5 151
66 25 37 150
66 26 11 180
66 27 29 242
66 30 7 374
66 36 17 122
66 52 43 343
66 80 26 355
66 86 19 361
66 89 23 347
66 96 31 51
66 116 55 242
67 12 58 50
67 14 29 72
67 41 5 350
67 43 31 52
67 44 46 266
67 45 49 408
67 50 25 57
67 61 19 221
67 62 37 411
67 76 1 361
67 83 39 317
67 92 43 341
67 98 35 438
67 109 15 285
67 114 8 29
68 2 25 264
68 14 44 236
68 16 28 343
68 55 1 178
68 60 46 336
68 65 31 431
68 74 17 199
68 76 49 246
68 92 55 341
68 103 13 329
68 104 37 3
68 110 8 379
68 112 40 131
68 114 19 99
68 115 33 123
69 9 46 271
69 18 10 7
69 21 53 137
69 28 20 389
69 29 13 202
69 31 8 341
69 35 25 371
69 41 5 401
69 56 37 274
69 74 1 199
69 76 55 246
69 89 17 347
69 100 49 15
69 107 59 296
69 110 31 393
70 1 17 425
70 4 43 69
70 15 41 151
70 19 58 336
70 24 51 240
70 26 15 256
70 51 4 248
70 59 37 66
70 62 23 64
70 73 47 370
70 85 25 397
70 96 27 37
70 116 31 242
70 117 7 106
70 118 34 7
71 3 49 319
71 10 1 5
71 17 25 161
71 26 47 29
71 33 37 381
71 39 19 208
71 55 13 129
71 58 17 304
71 83 43 248
71 96 56 88
71 106 41 119
71 108 7 303
71 113 53 349
71 117 31 130
71 120 28 184
72 5 10 104
72 9 31 177
72 11 56 92
72 23 1 390
72 27 7 206
72 39 49 413
72 51 4 427
72 79 34 126
72 83 25 196
72 84 38 144
72 85 46 374
72 89 15 206
72 90 23 285
72 91 43 354
72 104 19 132
73 4 55 350
73 17 2 284
73 18 16 56
73 19 19 190
73 22 7 233
73 32 13 151
73 37 43 425
73 39 49 445
73 41 41 247
73 51 28 161
73 60 47 231
73 90 31 234
73 94 25 436
73 110 21 289
73 114 37 29
74 13 31 91
74 16 34 437
74 19 59 373
74 25 43 41
74 35 22 66
74 59 27 296
74 62 11 345
74 74 9 431
74 77 37 358
74 89 47 206
74 93 25 52
74 95 52 198
74 102 3 349
74 105 13 224
74 106 7 330
75 5 55 184
75 8 17 104
75 16 7 437
75 18 58 7
75 29 4 131
75 35 49 371
75 54 10 389
75 59 13 249
75 62 19 120
75 81 43 113
75 83 25 428
75 85 23 306
75 96 32 185
75 101 52 444
75 117 37 6
76 3 43 330
76 15 10 326
76 24 7 378
76 32 55 76
76 41 17 226
76 72 33 273
76 77 13 221
76 81 25 209
76 92 4 341
76 96 19 93
76 99 37 40
76 111 53 391
76 114 49 29
76 120 58 110
77 5 4 104
77 25 57 41
77 32 13 158
77 34 7 72
77 47 50 43
77 50 25 367
77 71 16 3
77 86 44 115
77 94 38 237
77 105 32 233
77 108 19 411
77 113 11 367
77 118 1 294
78 5 34 303
78 8 7 149
78 10 25 384
78 17 40 91
78 50 43 34
78 52 47 332
78 55 9 217
78 58 56 304
78 59 1 358
78 68 59 313
78 70 19 329
78 76 13 71
78 82 17 40
78 94 49 425
78 116 52 69
79 3 38 319
79 6 7 443
79 36 32 122
79 40 25 185
79 49 1 169
79 53 3 175
79 62 59 120
79 64 55 419
79 71 34 184
79 83 49 295
79 89 11 211
79 95 13 198
79 107 23 312
79 110 43 196
79 117 19 430
80 1 23 425
80 11 25 405
80 19 1 190
80 21 7 447
80 23 34 326
80 25 19 225
80 47 43 414
80 58 40 304
80 59 50 296
80 69 55 392
80 90 29 234
80 102 3 212
80 110 9 224
80 112 37 291
80 115 14 163
81 5 22 378
81 14 47 18
81 15 49 240
81 19 53 190
81 20 1 147
81 25 25 363
81 37 37 423
81 43 19 336
81 46 43 375
81 47 31 350
81 60 41 336
81 78 51 419
81 80 9 4
81 93 7 272
81 103 13 35
82 6 13 325
82 18 43 7
82 40 37 391
82 55 46 352
82 59 55 48
82 67 41 371
82 73 19 370
82 74 32 243
82 79 1 437
82 88 7 89
82 92 34 341
82 99 49 40
82 103 26 424
82 111 11 445
82 116 22 69
83 22 4 407
83 30 39 374
83 35 1 66
83 39 43 449
83 49 47 413
83 50 32 389
83 52 17 419
83 59 49 249
83 62 41 64
83 76 19 71
83 80 10 355
83 87 26 122
83 93 37 272
83 99 13 297
83 115 56 318
84 14 11 95
84 23 25 320
84 30 21 405
84 41 13 247
84 45 55 293
84 51 44 208
84 53 29 333
84 74 7 243
84 87 31 25
84 88 49 112
84 89 23 206
84 98 5 56
84 101 41 391
84 108 15 303
84 110 1 328
85 9 7 244
85 20 49 93
85 31 47 48
85 32 21 372
85 37 43 202
85 38 55 44
85 43 58 324
85 47 31 362
85 48 37 257
85 58 35 304
85 64 13 11
85 69 26 347
85 71 4 446
85 78 2 257
85 93 19 52
86 11 56 16
86 14 31 18
86 26 34 256
86 29 10 173
86 43 28 336
86 49 17 414
86 53 41 203
86 80 52 211
86 86 20 119
86 90 25 92
86 94 13 237
86 98 4 42
86 101 1 444
86 109 37 15
86 113 7 349
87 2 13 50
87 4 51 446
87 23 34 167
87 30 23 102
87 37 25 412
87 54 19 26
87 58 29 304
87 70 43 145
87 78 5 83
87 93 8 280
87 100 16 15
87 104 10 362
87 113 49 349
87 114 1 167
87 119 37 415
88 11 7 88
88 14 45 18
88 15 21 198
88 32 4 372
88 44 13 374
88 48 25 389
88 49 29 414
88 59 49 447
88 72 37 365
88 74 17 112
88 78 11 427
88 82 59 438
88 97 53 422
88 98 41 56
88 114 32 99
89 19 45 190
89 21 29 116
89 28 55 176
89 43 1 181
89 58 35 249
89 60 11 157
89 70 31 82
89 73 22 409
89 76 25 361
89 77 7 333
89 81 49 314
89 87 37 25
89 91 17 219
89 101 4 390
89 119 13 46
90 42 20 206
90 44 9 374
90 50 55 34
90 52 1 332
90 55 43 352
90 62 35 120
90 63 13 403
90 69 31 347
90 71 3 114
90 73 59 44
90 83 38 101
90 94 28 237
90 95 16 282
90 103 49 260
90 120 46 184
91 4 27 119
91 6 3 325
91 12 55 257
91 16 40 238
91 17 16 405
91 34 49 422
91 43 13 336
91 52 7 108
91 58 25 304
91 64 21 432
91 72 31 146
91 73 1 370
91 79 58 226
91 108 9 21
91 115 46 318
92 9 34 244
92 14 41 236
92 24 44 110
92 44 25 220
92 46 37 390
92 53 8 175
92 65 47 431
92 78 17 83
92 88 13 99
92 93 49 280
92 97 11 78
92 105 4 55
92 111 19 226
92 117 21 106
92 120 1 184
93 1 29 38
93 7 2 132
93 23 31 167
93 37 14 25
93 39 43 298
93 43 34 52
93 48 55 193
93 50 19 158
93 71 9 184
93 74 23 199
93 86 37 156
93 88 50 99
93 107 7 312
93 119 25 188
94 12 49 50
94 13 7 91
94 21 19 137
94 25 14 188
94 33 41 430
94 36 25 368
94 37 9 108
94 40 2 185
94 52 29 332
94 53 43 175
94 79 46 211
94 93 37 280
94 94 34 237
94 115 55 168
94 116 22 340
95 1 47 264
95 4 55 119
95 5 34 300
95 11 1 275
95 43 7 239
95 46 49 180
95 52 59 332
95 54 31 26
95 67 23 71
95 69 43 347
95 82 13 40
95 83 19 428
95 100 15 22
95 105 10 233
95 108 39 21
96 6 19 397
96 7 25 132
96 10 55 5
96 21 5 447
96 32 10 199
96 34 37 72
96 36 59 131
96 51 1 95
96 57 16 207
96 67 14 318
96 79 34 38
96 81 43 251
96 94 31 425
96 104 7 362
96 105 49 290
97 4 55 22
97 8 40 149
97 18 43 44
97 30 4 405
97 31 23 16
97 56 51 306
97 59 14 447
97 63 49 42
97 73 37 409
97 85 47 333
97 88 33 131
97 91 21 354
97 92 25 319
97 95 28 221
97 103 7 329
98 7 49 162
98 9 28 438
98 10 19 5
98 13 25 318
98 30 5 15
98 50 43 57
98 63 10 347
98 66 1 407
98 80 13 176
98 85 35 55
98 88 31 60
98 95 16 271
98 109 37 231
98 110 57 156
98 116 7 335
99 5 49 300
99 7 31 162
99 23 37 193
99 36 1 368
99 40 55 185
99 47 25 406
99 55 52 178
99 59 19 73
99 69 3 79
99 73 11 6
99 85 13 251
99 95 7 282
99 97 23 203
99 105 16 224
99 109 45 304
100 13 50 91
100 18 13 56
100 19 9 190
100 29 31 202
100 41 17 247
100 70 43 21
100 88 1 99
100 89 41 347
100 91 11 354
100 100 19 381
100 105 52 55
100 106 47 119
100 108 25 303
100 109 37 81
100 118 34 287
101 1 43 38
101 32 50 151
101 38 34 29
101 40 55 433
101 41 41 200
101 50 19 368
101 54 4 442
101 57 31 344
101 78 23 419
101 79 45 38
101 93 39 272
101 98 25 60
101 106 59 119
101 107 28 312
101 110 13 379
102 24 25 110
102 26 31 180
102 33 41 381
102 40 7 391
102 42 16 401
102 46 37 8
102 51 19 427
102 55 28 129
102 56 43 324
102 60 35 231
102 85 23 234
102 102 13 212
102 108 1 426
102 111 11 226
102 112 52 384
103 5 56 90
103 9 43 177
103 25 13 412
103 31 47 16
103 58 8 304
103 64 19 43
103 67 29 71
103 84 31 207
103 85 59 374
103 87 39 242
103 89 17 206
103 93 27 52
103 96 1 80
103 103 51 35
103 107 5 312
104 7 37 157
104 32 31 372
104 35 58 207
104 36 47 368
104 38 52 116
104 54 49 37
104 55 19 237
104 60 17 90
104 72 13 386
104 83 2 196
104 85 10 55
104 96 43 185
104 98 55 42
104 104 28 192
104 105 22 296
105 10 37 384
105 15 5 172
105 25 26 41
105 46 57 108
105 49 55 326
105 51 13 208
105 61 31 271
105 72 49 386
105 83 7 428
105 103 1 35
105 109 43 15
105 110 19 328
105 120 16 202
106 24 25 175
106 25 31 363
106 46 7 375
106 53 59 193
106 63 35 42
106 76 1 71
106 81 51 113
106 88 43 61
106 91 49 219
106 93 47 52
106 95 28 198
106 96 13 185
106 103 20 35
106 109 55 15
106 114 37 167
107 2 16 192
107 9 3 244
107 12 52 98
107 23 19 39
107 24 49 266
107 25 7 363
107 26 1 29
107 40 25 388
107 51 40 46
107 54 37 26
107 64 43 363
107 83 55 101
107 89 35 347
107 95 13 282
107 108 31 290
108 1 59 264
108 4 55 239
108 16 22 437
108 21 11 3
108 24 34 266
108 32 13 246
108 48 39 356
108 65 47 428
108 66 26 444
108 90 29 285
108 100 31 178
108 103 43 35
108 107 5 296
108 108 1 303
108 115 19 123
109 2 43 264
109 9 10 43
109 12 22 169
109 13 29 318
109 22 1 280
109 23 4 228
109 25 31 209
109 35 19 449
109 70 13 413
109 88 37 60
109 90 7 396
109 106 25 119
109 116 55 81
109 117 50 6
109 118 46 287
110 8 13 149
110 46 37 375
110 53 5 175
110 62 41 120
110 64 15 106
110 67 29 225
110 77 1 333
110 80 7 62
110 82 33 438
110 87 55 64
110 90 53 234
110 92 43 426
110 100 21 15
110 101 19 444
110 102 31 110
111 5 55 104
111 10 7 5
111 14 29 95
111 20 37 147
111 22 19 202
111 45 1 293
111 54 16 10
111 63 59 137
111 66 13 396
111 81 31 212
111 84 25 278
111 92 22 341
111 95 43 282
111 103 49 424
111 106 35 119
112 14 23 72
112 25 37 225
112 32 49 328
112 34 25 422
112 36 11 76
112 38 13 44
112 40 19 388
112 44 41 220
112 55 34 178
112 84 1 263
112 101 8 319
112 102 46 349
112 110 55 224
112 116 31 354
112 118 16 18
113 3 19 126
113 8 47 301
113 9 4 43
113 29 10 202
113 35 1 371
113 39 32 298
113 48 14 156
113 51 55 46
113 61 49 120
113 79 44 370
113 84 25 258
113 91 53 354
113 96 37 51
113 100 7 178
113 101 23 167
114 15 13 240
114 34 31 78
114 37 19 199
114 39 7 413
114 40 25 351
114 43 37 52
114 65 35 450
114 79 58 126
114 82 15 310
114 90 49 234
114 91 23 219
114 93 1 52
114 100 51 75
114 115 3 163
114 119 43 415
115 2 28 50
115 21 17 37
115 35 46 371
115 44 35 21
115 66 52 407
115 78 25 419
115 80 20 211
115 84 13 263
115 89 1 211
115 92 43 212
115 93 4 52
115 103 7 352
115 108 31 426
115 114 55 300
115 115 49 123
116 16 25 55
116 23 1 193
116 24 28 4
116 26 53 256
116 48 13 328
116 56 43 53
116 69 19 421
116 70 37 82
116 72 7 273
116 76 49 361
116 81 31 391
116 97 11 82
116 99 56 40
116 104 4 362
116 113 23 223
117 14 47 359
117 16 20 343
117 38 10 44
117 54 28 264
117 55 40 373
117 59 43 249
117 61 1 298
117 66 25 396
117 75 31 199
117 80 52 5
117 91 34 354
117 96 57 37
117 101 55 301
117 111 49 278
117 120 37 110
118 3 49 330
118 7 13 450
118 15 31 151
118 18 43 176
118 26 5 180
118 27 33 272
118 33 53 238
118 37 19 423
118 55 57 352
118 75 46 56
118 76 1 316
118 87 7 324
118 99 26 297
118 112 37 198
119 12 52 169
119 28 13 389
119 36 17 223
119 39 3 449
119 43 38 239
119 62 11 64
119 67 41 447
119 70 31 95
119 72 7 146
119 73 56 151
119 78 47 83
119 103 25 352
119 106 1 330
119 116 49 81
119 117 43 316
120 9 37 43
120 15 11 240
120 22 34 112
120 25 1 209
120 38 19 29
120 44 7 21
120 46 49 102
120 52 16 343
120 54 13 192
120 63 31 403
120 67 22 318
120 70 55 21
120 84 43 162
120 106 53 285
120 114 25 99
121 12 58 257
121 31 13 341
121 41 11 401
121 47 37 362
121 59 27 48
121 62 41 345
121 69 44 392
121 70 21 21
121 84 7 258
121 87 1 122
121 97 17 375
121 98 31 42
121 104 34 192
121 113 25 349
121 119 50 415
122 5 55 378
122 9 1 233
122 12 51 87
122 31 29 16
122 49 49 326
122 75 13 172
122 77 31 379
122 81 37 251
122 85 47 397
122 87 25 242
122 96 43 80
122 102 4 354
122 103 7 424
122 111 41 445
122 112 21 370
123 19 41 190
123 23 25 228
123 26 7 256
123 33 11 57
123 38 19 44
123 39 31 135
123 41 47 247
123 44 13 220
123 55 43 62
123 63 59 384
123 82 9 40
123 93 5 280
123 94 22 181
123 102 17 300
123 110 1 36
124 11 49 405
124 31 41 16
124 32 46 372
124 46 55 113
124 47 13 414
124 56 37 67
124 60 53 231
124 72 33 386
124 82 7 438
124 83 25 255
124 84 20 207
124 96 1 93
124 98 31 200
124 111 29 391
124 114 9 300
125 5 1 87
125 22 25 280
125 28 55 351
125 31 49 16
125 35 31 371
125 43 7 433
125 58 28 249
125 59 19 419
125 68 17 313
125 71 4 184
125 74 51 431
125 80 13 355
125 95 46 282
125 96 37 93
125 111 11 278
126 1 11 425
126 3 2 113
126 14 43 72
126 21 9 3
126 52 53 332
126 60 23 157
126 73 41 370
126 79 16 370
126 80 55 211
126 88 45 418
126 92 58 359
126 98 19 42
126 99 25 40
126 108 31 21
126 112 38 370
127 1 59 273
127 12 34 409
127 22 4 437
127 38 1 50
127 39 7 445
127 46 19 203
127 75 46 238
127 79 16 437
127 99 55 368
127 102 37 349
127 103 25 35
127 105 13 55
127 110 49 393
127 111 53 445
127 117 39 130
128 15 23 198
128 22 55 280
128 25 3 139
128 27 59 361
128 46 25 390
128 68 37 313
128 74 40 199
128 82 15 438
128 84 19 144
128 89 53 295
128 90 51 285
128 91 1 409
128 98 17 60
128 105 43 233
128 106 47 330
129 2 19 50
129 10 43 5
129 15 33 151
129 20 55 200
129 26 28 256
129 38 40 44
129 45 13 226
129 47 1 414
129 62 11 411
129 64 7 432
129 76 50 71
129 95 37 98
129 97 25 381
129 111 5 391
129 120 22 110
130 6 7 345
130 9 40 43
130 17 55 225
130 24 43 266
130 27 23 359
130 35 58 371
130 45 33 360
130 72 49 273
130 77 15 217
130 78 4 257
130 82 1 260
130 83 19 196
130 90 13 285
130 101 31 390
130 103 25 329
131 3 3 346
131 16 13 343
131 17 10 405
131 19 35 336
131 29 26 131
131 36 19 223
131 41 23 350
131 58 1 249
131 59 43 447
131 77 49 25
131 78 53 419
131 82 31 438
131 102 41 349
131 107 33 312
131 113 17 367
132 6 7 325
132 22 2 408
132 39 37 445
132 51 28 246
132 72 44 396
132 81 13 219
132 84 31 36
132 88 55 131
132 98 59 60
132 100 22 75
132 107 19 312
132 110 49 379
132 118 25 7
133 1 52 264
133 2 31 80
133 11 13 16
133 39 9 208
133 41 23 93
133 49 49 169
133 54 56 26
133 63 41 403
133 65 5 428
133 74 17 243
133 88 19 403
133 95 1 198
133 99 44 40
133 110 37 224
133 117 25 316
134 7 49 450
134 13 8 406
134 15 4 240
134 19 14 190
134 27 41 361
134 38 10 183
134 46 37 113
134 61 55 271
134 81 32 113
134 84 26 36
134 88 21 418
134 96 43 37
134 102 47 110
134 105 1 290
134 120 16 184
135 4 55 66
135 25 33 276
135 28 27 261
135 29 4 173
135 37 44 365
135 43 10 239
135 68 25 313
135 77 19 333
135 86 13 361
135 102 23 349
135 107 31 3
135 111 2 278
135 112 49 51
135 114 37 99
135 118 52 60
136 18 13 7
136 27 29 356
136 55 4 373
136 61 43 120
136 68 57 313
136 69 25 392
136 71 34 156
136 72 37 146
136 73 53 151
136 76 7 246
136 81 49 291
136 101 11 301
136 104 21 240
136 113 16 87
136 118 31 424
137 5 43 151
137 8 57 149
137 9 22 233
137 15 17 326
137 21 4 116
137 24 7 266
137 31 11 156
137 41 1 200
137 48 39 298
137 55 25 178
137 65 37 431
137 76 31 4
137 79 49 38
137 101 59 167
137 117 13 145
138 3 51 411
138 9 56 177
138 22 25 75
138 23 22 326
138 27 2 90
138 32 37 151
138 38 19 220
138 52 5 419
138 63 17 384
138 73 41 409
138 86 31 119
138 88 43 450
138 92 7 359
138 112 10 51
138 114 13 29
139 6 27 397
139 22 55 427
139 28 1 261
139 34 15 78
139 36 13 368
139 40 8 351
139 44 53 21
139 46 19 180
139 51 46 434
139 67 35 71
139 69 38 392
139 80 49 355
139 88 31 61
139 105 58 233
139 118 43 39
140 8 1 149
140 19 43 190
140 24 16 373
140 28 51 261
140 34 55 78
140 35 13 66
140 50 45 367
140 54 34 149
140 62 23 345
140 63 32 256
140 69 7 79
140 72 26 273
140 87 3 246
140 101 11 390
140 109 38 285
141 5 58 104
141 19 25 190
141 21 7 137
141 25 38 363
141 30 55 71
141 41 53 226
141 65 3 431
141 66 31 81
141 67 29 114
141 83 49 428
141 96 9 80
141 99 13 407
141 109 21 42
141 113 35 78
141 118 43 424
142 3 55 212
142 10 38 5
142 22 25 299
142 27 17 356
142 41 35 401
142 51 10 248
142 55 4 178
142 59 13 195
142 80 49 211
142 83 31 295
142 97 8 381
142 105 19 55
142 115 52 123
142 116 28 69
142 119 43 26
143 1 1 38
143 2 19 83
143 10 43 223
143 14 53 95
143 26 17 29
143 32 49 372
143 39 55 135
143 47 13 37
143 65 29 428
143 77 37 217
143 80 22 176
143 82 33 40
143 85 5 234
143 93 27 272
143 94 7 436
144 9 37 244
144 10 26 445
144 15 45 326
144 22 49 437
144 31 5 16
144 45 13 79
144 49 43 326
144 50 55 158
144 51 34 427
144 56 20 274
144 80 31 241
144 91 17 354
144 96 8 37
144 107 52 312
144 119 1 415
145 13 17 91
145 17 58 225
145 25 49 282
145 36 1 76
145 39 31 413
145 54 7 389
145 69 37 421
145 74 44 431
145 87 3 25
145 91 15 409
145 97 47 422
145 101 55 343
145 110 25 103
145 112 10 280
145 115 22 123
146 14 7 236
146 19 43 319
146 22 28 299
146 40 49 391
146 60 31 157
146 72 56 386
146 80 16 176
146 81 45 320
146 85 33 374
146 87 39 324
146 98 37 42
146 101 14 444
146 108 19 303
146 115 1 168
146 116 10 69
147 1 47 273
147 32 16 372
147 36 35 122
147 49 5 326
147 53 53 203
147 59 27 419
147 78 11 419
147 79 7 370
147 86 31 247
147 90 25 285
147 98 37 242
147 101 22 301
147 104 40 80
147 110 1 103
147 116 58 237
148 3 55 302
148 16 43 437
148 24 10 378
148 32 16 151
148 41 8 247
148 42 40 401
148 46 31 102
148 62 5 76
148 63 1 384
148 71 22 184
148 74 3 243
148 83 50 101
148 96 25 51
148 113 29 223
148 116 13 69
149 4 25 239
149 5 37 184
149 15 1 240
149 18 7 56
149 25 31 41
149 34 13 183
149 37 3 205
149 41 53 200
149 54 56 83
149 57 10 243
149 69 19 347
149 77 49 284
149 80 40 211
149 101 29 444
149 119 44 344
150 12 58 242
150 18 4 44
150 27 29 361
150 32 43 372
150 40 33 18
150 47 19 37
150 60 9 231
150 66 55 346
150 76 37 123
150 78 15 83
150 80 25 176
150 101 11 167
150 102 7 212
150 115 50 163
150 118 46 424
151 19 22 190
151 32 32 328
151 42 19 401
151 54 4 26
151 55 14 178
151 59 9 48
151 69 43 79
151 70 25 413
151 74 7 112
151 77 50 333
151 79 39 437
151 102 1 212
151 106 37 330
151 110 56 255
152 1 23 264
152 8 39 301
152 19 7 190
152 20 13 200
152 29 46 131
152 32 1 372
152 46 19 102
152 47 31 414
152 74 25 431
152 81 50 251
152 89 35 211
152 97 17 381
152 107 37 312
152 112 4 158
152 118 55 272
153 15 16 198
153 20 19 147
153 21 35 447
153 38 49 116
153 44 25 266
153 48 57 389
153 52 37 332
153 63 5 403
153 64 39 104
153 80 28 211
153 82 46 438
153 99 7 297
153 104 1 362
153 112 43 384
153 117 31 106
154 7 49 311
154 16 58 238
154 36 3 368
154 38 22 116
154 42 16 173
154 45 45 373
154 49 35 413
154 65 53 450
154 82 1 40
154 83 31 101
154 92 28 319
154 94 13 181
154 101 5 319
154 102 20 291
154 103 7 267
155 2 22 449
155 14 13 72
155 38 31 29
155 52 1 419
155 60 16 336
155 62 29 64
155 67 53 318
155 75 34 172
155 76 3 109
155 78 39 419
155 100 10 126
155 104 46 144
155 105 19 296
155 108 55 39
155 110 25 328
156 3 39 330
156 10 7 223
156 19 53 389
156 33 37 359
156 35 46 207
156 37 25 202
156 45 1 236
156 50 20 94
156 56 49 191
156 61 15 220
156 74 29 199
156 80 43 211
156 88 33 234
156 93 13 52
156 114 56 99
157 1 59 266
157 10 55 384
157 20 13 193
157 22 25 408
157 24 28 266
157 37 19 412
157 40 7 311
157 42 3 126
157 56 49 388
157 62 53 64
157 67 1 114
157 76 32 361
157 92 46 341
157 107 39 312
157 113 37 336
158 1 7 38
158 16 58 55
158 20 19 408
158 26 13 256
158 34 37 78
158 44 53 220
158 50 31 57
158 53 47 132
158 63 16 137
158 72 9 386
158 74 23 112
158 100 26 225
158 105 43 55
158 115 50 318
158 118 1 60
159 2 37 80
159 4 55 69
159 8 5 149
159 16 40 55
159 24 31 266
159 27 59 90
159 30 35 34
159 51 25 46
159 60 19 90
159 67 43 116
159 71 14 114
159 82 9 438
159 90 11 234
159 100 21 178
159 102 28 110
160 7 13 132
160 8 17 149
160 22 46 437
160 35 50 267
160 48 55 356
160 51 31 427
160 62 8 76
160 65 23 431
160 73 41 39
160 81 1 401
160 87 25 25
160 92 37 199
160 93 10 272
160 111 35 445
160 120 19 6
161 4 31 405
161 35 10 66
161 39 19 135
161 44 47 220
161 51 37 293
161 68 15 313
161 77 43 234
161 78 59 419
161 101 17 167
161 107 25 296
161 108 1 39
161 110 27 393
161 114 55 299
161 119 49 179
161 120 40 184
162 5 16 378
162 6 43 397
162 8 47 149
162 20 31 22
162 30 29 374
162 32 38 76
162 36 59 368
162 37 25 423
162 41 35 93
162 42 55 206
162 65 1 431
162 72 3 259
162 78 11 83
162 98 13 42
162 105 49 233
163 2 31 192
163 8 29 274
163 18 43 217
163 19 3 190
163 31 35 16
163 34 25 306
163 35 16 66
163 39 50 208
163 55 55 237
163 57 46 426
163 77 19 284
163 89 59 295
163 107 11 312
163 114 7 99
163 120 13 372
164 6 43 345
164 9 52 271
164 16 1 84
164 22 27 112
164 26 25 180
164 35 8 371
164 36 11 122
164 37 31 423
164 41 23 247
164 56 13 274
164 72 19 396
164 74 35 243
164 87 37 64
164 111 5 445
164 114 55 167
165 1 14 266
165 2 52 83
165 9 37 233
165 20 44 93
165 41 35 247
165 50 57 192
165 52 5 108
165 58 41 249
165 70 31 367
165 86 1 115
165 93 11 52
165 105 7 55
165 109 25 169
165 116 22 237
165 118 16 67
166 1 19 38
166 5 52 355
166 7 1 450
166 12 49 257
166 30 41 405
166 61 45 221
166 68 43 313
166 72 25 146
166 81 21 415
166 98 57 42
166 99 14 64
166 109 37 380
166 111 59 445
166 114 7 299
166 116 34 81
167 17 49 137
167 22 16 233
167 23 28 193
167 24 19 175
167 34 7 78
167 36 5 122
167 57 52 426
167 64 1 11
167 65 59 431
167 77 37 161
167 78 41 419
167 97 56 381
167 100 31 75
167 101 22 390
167 106 25 330
168 4 1 239
168 6 37 345
168 7 31 132
168 15 11 198
168 20 7 22
168 27 43 206
168 31 27 16
168 33 35 381
168 36 17 368
168 39 45 143
168 44 55 374
168 74 14 199
168 99 50 297
168 101 59 444
168 114 21 299
169 2 13 264
169 5 25 378
169 8 29 104
169 13 1 91
169 15 31 198
169 37 57 179
169 44 35 220
169 48 20 356
169 74 16 431
169 85 5 333
169 91 41 219
169 94 37 179
169 101 52 390
169 113 55 149
170 1 11 267
170 7 25 248
170 8 47 104
170 13 1 406
170 17 8 161
170 31 35 233
170 60 29 157
170 66 13 346
170 70 55 82
170 76 37 71
170 88 49 243
170 93 22 52
170 99 43 297
170 116 16 48
170 118 3 194
171 16 55 219
171 17 58 405
171 23 25 193
171 24 51 378
171 27 21 90
171 29 44 173
171 35 28 338
171 52 41 343
171 61 37 120
171 87 1 166
171 96 13 51
171 97 19 422
171 100 31 381
171 109 7 285
171 111 35 278
172 2 55 264
172 6 37 397
172 15 5 434
172 22 28 233
172 34 45 72
172 54 52 26
172 55 13 373
172 56 1 324
172 57 49 426
172 93 16 52
172 98 43 42
172 99 8 67
172 103 19 424
172 109 31 169
172 116 58 354
173 13 23 91
173 23 40 193
173 24 37 266
173 27 31 90
173 40 43 433
173 46 33 375
173 47 26 362
173 51 58 46
173 84 1 162
173 85 21 374
173 100 10 15
173 104 14 92
173 110 50 156
173 115 7 163
173 118 55 106
174 12 7 409
174 42 34 310
174 45 13 139
174 46 43 102
174 61 3 120
174 62 17 120
174 81 55 137
174 84 37 263
174 86 50 119
174 102 41 291
174 112 31 291
174 114 19 167
174 117 25 6
174 120 10 256
175 3 19 113
175 10 3 384
175 11 55 303
175 18 7 416
175 24 10 175
175 29 49 131
175 35 16 371
175 48 37 414
175 54 13 9
175 59 45 195
175 68 33 313
175 101 43 301
175 104 52 80
175 112 25 370
176 8 5 274
176 16 31 238
176 18 25 44
176 21 1 116
176 26 47 180
176 34 37 56
176 49 43 169
176 55 10 373
176 60 15 90
176 63 41 384
176 65 17 450
176 93 13 272
176 95 58 282
176 104 49 80
176 118 34 424
177 2 19 80
177 22 40 407
177 24 1 378
177 42 7 173
177 50 55 418
177 51 4 95
177 54 10 149
177 70 14 82
177 81 25 415
177 89 23 295
177 98 43 50
177 103 45 329
177 109 31 35
177 118 49 60
178 7 1 157
178 15 19 198
178 17 58 80
178 21 5 37
178 22 10 407
178 30 29 34
178 45 50 373
178 50 32 368
178 55 55 60
178 59 13 358
178 75 7 238
178 76 21 265
178 83 43 295
178 102 27 349
178 104 37 240
179 12 43 198
179 18 52 423
179 26 35 180
179 37 25 179
179 54 22 26
179 58 37 304
179 62 19 76
179 78 41 257
179 80 56 355
179 84 7 207
179 97 5 192
179 113 59 78
179 117 1 403
179 118 16 272
180 9 28 43
180 13 47 91
180 23 31 193
180 31 25 16
180 32 7 151
180 35 34 371
180 67 53 225
180 84 19 32
180 87 43 64
180 89 11 295
180 92 1 359
180 110 13 196
180 114 55 29
180 119 37 388
180 120 50 110
181 9 7 43
181 24 28 175
181 26 41 29
181 30 5 71
181 37 55 202
181 45 43 408
181 46 13 108
181 51 34 208
181 52 11 343
181 57 52 72
181 67 17 114
181 83 1 428
181 90 23 396
181 98 31 273
181 102 21 349
182 6 7 397
182 9 28 177
182 15 1 151
182 30 49 374
182 35 43 66
182 47 31 37
182 48 37 328
182 70 15 21
182 80 46 46
182 81 3 137
182 90 59 396
182 94 25 237
182 115 55 163
182 116 19 261
182 118 22 287
183 5 28 178
183 9 52 244
183 26 37 180
183 29 49 202
183 39 39 208
183 45 9 360
183 46 43 180
183 48 55 414
183 50 19 114
183 60 7 48
183 77 14 161
183 108 1 21
183 110 32 358
183 118 25 15
184 6 25 325
184 7 37 228
184 10 20 384
184 22 43 407
184 28 2 351
184 33 35 430
184 41 29 350
184 63 16 403
184 71 13 3
184 72 49 146
184 77 31 161
184 82 11 310
184 83 55 317
184 87 7 122
184 107 41 296
185 28 8 176
185 41 17 200
185 49 41 282
185 64 43 422
185 74 26 243
185 79 19 437
185 82 35 40
185 83 31 428
185 88 13 380
185 91 47 409
185 93 39 280
185 94 22 179
185 105 50 224
185 112 1 51
185 113 53 367
186 1 29 425
186 18 37 367
186 19 27 190
186 21 47 137
186 26 53 29
186 30 59 34
186 47 43 224
186 57 15 211
186 67 41 71
186 75 4 7
186 78 23 257
186 80 1 176
186 96 7 185
186 109 19 285
186 116 33 69
187 3 38 302
187 7 31 248
187 9 16 244
187 22 19 233
187 48 7 356
187 54 25 83
187 59 1 296
187 60 11 231
187 76 45 361
187 82 5 260
187 86 55 260
187 90 51 234
187 98 59 42
187 111 43 278
187 115 13 123
188 2 46 258
188 6 13 397
188 7 7 450
188 19 35 190
188 27 11 90
188 45 21 373
188 47 49 362
188 57 43 207
188 70 37 329
188 74 19 431
188 109 56 231
188 113 29 78
188 116 31 172
188 117 1 106
188 120 25 184
189 6 55 397
189 7 25 450
189 24 34 110
189 33 29 306
189 49 53 413
189 50 14 34
189 59 7 419
189 76 43 117
189 82 3 438
189 94 40 179
189 95 31 98
189 99 19 297
189 103 49 329
189 107 1 25
189 120 37 202
190 2 7 264
190 14 29 18
190 16 4 238
190 19 43 373
190 25 49 363
190 28 39 176
190 46 25 108
190 49 10 415
190 57 55 249
190 67 47 114
190 74 21 243
190 88 13 60
190 90 37 234
190 106 1 449
190 118 58 106
191 3 1 302
191 16 31 343
191 38 16 50
191 66 22 81
191 68 29 313
191 74 43 243
191 77 55 217
191 79 37 38
191 85 11 333
191 87 25 425
191 97 59 422
191 111 47 445
191 113 41 78
191 116 19 69
191 118 52 15
192 12 37 406
192 13 25 91
192 18 31 56
192 19 41 375
192 21 9 116
192 26 59 29
192 30 47 34
192 44 5 21
192 56 1 388
192 63 17 42
192 71 13 301
192 97 23 375
192 111 45 278
192 112 55 198
192 114 49 299
193 2 37 264
193 6 49 397
193 10 43 125
193 33 22 238
193 37 27 58
193 47 31 406
193 48 7 414
193 55 19 62
193 58 11 304
193 65 5 450
193 74 25 112
193 75 1 172
193 77 15 234
193 91 13 409
193 100 55 178
194 2 31 83
194 4 37 333
194 10 15 81
194 11 43 92
194 29 57 173
194 31 23 48
194 38 52 346
194 44 41 374
194 73 47 6
194 81 19 209
194 89 13 211
194 92 49 341
194 103 2 352
194 116 8 237
194 119 25 344
195 6 31 345
195 7 43 311
195 12 16 98
195 14 41 72
195 30 23 405
195 35 38 371
195 37 7 144
195 51 26 274
195 69 51 347
195 77 55 161
195 81 1 391
195 116 13 48
195 118 19 60
196 11 50 303
196 21 23 447
196 22 1 427
196 25 55 412
196 32 28 76
196 51 4 46
196 56 43 203
196 58 33 304
196 71 19 301
196 78 15 419
196 88 7 61
196 97 11 381
196 100 37 354
196 104 40 192
196 118 25 106
197 7 33 311
197 8 52 149
197 14 29 236
197 23 49 390
197 27 31 359
197 36 5 176
197 38 40 116
197 44 3 266
197 47 13 350
197 59 55 296
197 60 17 231
197 83 8 196
197 87 19 122
197 95 25 98
197 109 45 42
198 8 45 301
198 9 19 244
198 10 13 445
198 24 34 378
198 30 47 15
198 42 31 126
198 53 53 361
198 54 4 290
198 56 49 22
198 71 1 3
198 72 55 273
198 95 25 282
198 101 43 444
198 114 7 167
198 117 37 403
199 19 29 190
199 23 14 326
199 33 17 51
199 34 25 72
199 42 32 401
199 52 43 419
199 58 22 304
199 63 53 403
199 72 57 146
199 75 49 199
199 77 3 291
199 92 19 341
199 103 37 352
199 107 47 312
199 115 10 318
200 5 46 303
200 13 53 91
200 26 33 180
200 37 1 412
200 42 37 206
200 46 7 390
200 47 19 406
200 68 41 313
200 76 49 316
200 82 11 438
200 94 43 8
200 113 29 349
200 115 13 168
200 119 25 26
200 120 16 6
201 3 43 302
201 16 13 238
201 17 55 405
201 18 19 367
201 37 7 423
201 44 1 374
201 46 32 8
201 54 49 10
201 55 58 8
201 57 52 344
201 58 3 304
201 67 23 225
201 69 26 79
201 84 37 278
201 100 16 225
202 15 7 240
202 17 45 405
202 37 19 205
202 47 25 350
202 48 3 9
202 55 16 360
202 58 59 249
202 59 31 71
202 61 9 120
202 74 1 243
202 79 37 126
202 95 13 98
202 117 55 130
202 119 50 46
203 5 45 178
203 6 51 345
203 14 23 18
203 17 34 225
203 19 37 306
203 26 55 256
203 53 41 132
203 59 19 447
203 65 17 428
203 68 31 313
203 81 57 251
203 88 9 112
203 97 5 375
203 98 7 42
203 108 26 39
204 16 43 238
204 18 34 56
204 21 11 137
204 30 17 102
204 34 25 183
204 35 4 371
204 47 39 4
204 58 19 304
204 59 7 71
204 90 37 396
204 102 1 291
204 105 21 224
204 108 49 324
204 109 56 285
204 114 13 167
205 7 44 157
205 9 22 438
205 15 9 240
205 23 28 326
205 34 55 422
205 49 25 291
205 52 11 332
205 53 59 132
205 54 31 149
205 61 14 298
205 69 51 79
205 99 1 117
205 107 41 312
205 110 37 36
205 116 19 48
206 4 25 333
206 18 10 56
206 21 31 311
206 30 53 374
206 32 46 158
206 34 1 78
206 38 37 220
206 40 56 311
206 41 5 93
206 49 22 413
206 60 41 157
206 61 49 220
206 66 7 407
206 86 13 4
206 94 34 425
207 12 52 257
207 15 7 172
207 20 33 200
207 66 49 407
207 71 57 301
207 83 37 248
207 84 25 144
207 89 2 206
207 91 47 354
207 92 10 341
207 98 41 50
207 108 13 39
207 109 43 81
207 111 21 391
207 120 4 256
208 8 38 149
208 22 14 112
208 25 25 386
208 29 40 202
208 43 49 336
208 63 29 403
208 68 19 313
208 75 52 56
208 85 33 55
208 89 8 211
208 95 3 282
208 104 56 240
208 107 1 312
208 109 43 285
208 117 21 316
209 4 19 239
209 14 59 236
209 16 37 343
209 32 40 372
209 46 7 180
209 49 5 414
209 61 27 220
209 63 11 42
209 70 1 82
209 83 13 295
209 84 31 278
209 88 55 450
209 96 43 22
209 117 49 430
210 9 34 177
210 23 50 177
210 27 23 361
210 34 55 306
210 36 15 368
210 42 10 263
210 45 43 226
210 46 27 180
210 53 17 175
210 62 7 411
210 70 39 145
210 72 3 396
210 90 1 396
210 103 19 260
210 116 31 109
211 11 19 16
211 19 37 190
211 40 13 311
211 43 46 239
211 46 25 375
211 51 58 208
211 68 9 313
211 77 31 217
211 82 29 40
211 90 55 234
211 93 41 280
211 98 7 60
211 111 5 278
211 114 1 62
211 117 49 145
212 3 9 302
212 11 37 405
212 16 55 55
212 17 25 162
212 25 43 225
212 28 49 215
212 34 19 56
212 57 58 243
212 61 31 221
212 78 7 83
212 102 35 349
212 114 13 300
212 115 28 123
212 119 1 179
213 12 43 406
213 26 20 256
213 32 16 76
213 43 4 336
213 45 55 408
213 47 49 350
213 48 25 156
213 59 31 66
213 61 7 275
213 63 23 403
213 94 1 237
213 95 40 198
213 104 13 340
213 113 47 78
214 1 5 273
214 6 38 62
214 7 31 168
214 9 51 438
214 23 25 326
214 47 43 350
214 51 19 95
214 64 1 363
214 68 55 313
214 82 49 438
214 89 8 347
214 90 10 396
214 94 22 8
214 104 58 362
214 109 13 231
215 18 19 413
215 37 43 150
215 49 28 418
215 57 55 72
215 71 16 301
215 79 25 437
215 82 11 260
215 83 37 255
215 84 31 263
215 85 4 251
215 98 2 42
215 105 22 129
215 112 49 384
215 113 9 349
215 115 58 163
216 18 56 56
216 19 17 190
216 20 1 432
216 22 26 217
216 28 13 351
216 40 51 351
216 56 44 274
216 65 39 431
216 73 49 409
216 74 23 243
216 80 7 355
216 93 59 52
216 96 19 22
216 97 5 78
216 114 31 299
217 8 59 274
217 20 49 147
217 28 1 53
217 36 53 368
217 38 34 44
217 42 19 173
217 46 13 390
217 53 11 303
217 63 40 42
217 66 37 444
217 73 17 39
217 79 28 126
217 80 43 46
217 82 5 40
217 116 25 69
218 2 25 50
218 5 58 378
218 13 11 406
218 17 28 162
218 19 5 389
218 24 13 378
218 25 43 276
218 37 7 412
218 47 37 364
218 61 31 275
218 80 1 355
218 87 49 64
218 94 55 8
218 104 16 340
218 109 19 82
219 4 37 69
219 7 7 132
219 17 19 189
219 28 13 375
219 48 25 113
219 49 11 169
219 50 49 57
219 51 22 95
219 53 47 175
219 73 29 6
219 74 57 431
219 83 43 428
219 86 33 157
219 88 1 112
219 106 55 330
220 8 53 104
220 18 16 57
220 32 31 76
220 39 25 208
220 46 37 108
220 67 19 318
220 69 55 421
220 75 34 199
220 82 3 40
220 86 7 119
220 87 43 122
220 96 21 51
220 102 11 212
220 117 49 403
220 120 13 184
221 5 19 378
221 8 22 149
221 26 59 180
221 30 11 71
221 37 13 144
221 56 25 379
221 64 31 30
221 75 44 293
221 85 29 272
221 89 41 295
221 97 1 422
221 103 3 329
221 104 55 340
221 105 38 296
221 108 7 426
222 7 13 162
222 10 26 5
222 15 47 151
222 27 11 251
222 41 53 93
222 45 32 236
222 52 55 108
222 53 41 6
222 82 17 438
222 87 43 242
222 99 20 40
222 104 7 192
222 109 49 231
222 113 58 349
222 114 37 300
223 2 22 258
223 6 43 332
223 25 39 41
223 29 13 173
223 45 55 236
223 46 51 135
223 50 8 34
223 62 47 120
223 92 27 341
223 94 16 237
223 99 1 297
223 102 5 300
223 103 31 329
223 116 19 280
224 6 14 443
224 9 28 244
224 13 35 91
224 16 50 343
224 22 25 407
224 25 37 412
224 64 31 104
224 72 19 273
224 87 7 425
224 97 5 82
224 101 41 390
224 102 23 212
224 108 44 411
224 115 2 318
224 117 57 145
225 1 22 38
225 24 57 175
225 29 28 173
225 40 37 311
225 41 11 247
225 43 25 260
225 48 43 356
225 52 17 332
225 72 7 364
225 73 35 6
225 77 1 234
225 81 50 212
225 97 13 78
225 103 31 352
225 106 5 330
226 5 43 303
226 19 17 193
226 25 13 209
226 38 31 50
226 40 25 18
226 51 1 248
226 61 55 220
226 78 59 83
226 89 23 211
226 93 9 52
226 94 52 425
226 97 11 375
226 115 37 163
226 116 34 242
226 118 4 67
227 5 46 90
227 7 55 157
227 15 59 240
227 21 16 116
227 22 19 263
227 41 11 93
227 44 5 266
227 58 27 304
227 59 32 419
227 60 23 231
227 62 13 411
227 70 1 145
227 83 49 76
227 88 7 234
227 108 38 426
228 8 29 301
228 14 5 236
228 15 31 240
228 22 40 112
228 41 57 247
228 48 25 414
228 50 43 192
228 56 19 379
228 67 1 225
228 85 23 333
228 89 3 211
228 92 15 341
228 98 34 50
228 100 49 381
228 113 59 149
229 20 7 147
229 26 17 180
229 32 34 372
229 51 1 46
229 53 50 301
229 55 28 8
229 64 44 106
229 73 5 39
229 79 31 38
229 85 23 397
229 95 58 198
229 97 39 381
229 105 55 208
229 107 15 312
229 115 19 163
230 5 40 378
230 9 25 233
230 20 43 147
230 22 31 280
230 30 19 405
230 47 49 340
230 52 7 343
230 54 28 149
230 56 2 295
230 66 9 444
230 70 14 95
230 76 57 71
230 79 37 211
230 99 21 407
231 9 43 438
231 11 37 16
231 13 59 91
231 26 41 256
231 32 46 212
231 55 13 268
231 57 25 207
231 68 7 313
231 69 3 347
231 70 55 95
231 84 9 162
231 104 22 132
231 107 35 312
231 113 29 367
231 118 31 7
232 6 13 332
232 7 1 311
232 14 23 236
232 25 19 41
232 27 51 272
232 39 37 413
232 56 7 274
232 63 29 42
232 65 35 428
232 74 49 431
232 75 58 199
232 82 5 310
232 84 31 258
232 120 25 256
233 2 4 264
233 10 25 206
233 17 7 284
233 22 22 280
233 23 37 432
233 24 46 378
233 35 43 371
233 73 40 52
233 97 35 422
233 102 10 291
233 104 19 340
233 110 49 73
233 114 13 299
233 118 31 39
233 120 1 202
234 2 39 83
234 5 28 378
234 14 1 18
234 21 53 447
234 25 43 209
234 27 5 242
234 33 3 306
234 41 16 93
234 45 21 226
234 49 37 326
234 62 7 120
234 76 9 109
234 94 25 8
234 102 56 349
234 112 34 384
235 2 37 50
235 14 35 95
235 19 17 426
235 27 14 356
235 41 55 247
235 51 31 208
235 56 57 379
235 57 10 18
235 64 43 284
235 71 7 114
235 77 19 161
235 84 51 278
235 87 25 324
235 115 40 163
235 117 2 430
236 5 49 178
236 24 37 401
236 30 53 405
236 32 7 328
236 34 14 261
236 41 58 116
236 55 1 129
236 65 55 431
236 67 34 318
236 71 44 114
236 73 47 44
236 77 20 358
236 98 11 408
236 107 25 312
236 120 4 6
237 1 25 38
237 22 38 299
237 27 5 361
237 31 7 16
237 35 13 125
237 50 33 158
237 54 1 26
237 55 55 129
237 95 19 282
237 98 51 42
237 107 31 312
237 114 27 300
237 118 16 7
237 119 9 46
237 120 44 256
238 14 5 72
238 16 25 343
238 17 16 388
238 18 52 7
238 38 13 116
238 49 41 413
238 50 1 389
238 53 55 175
238 68 45 313
238 84 57 144
238 100 28 381
238 101 23 391
238 103 19 267
238 109 31 231
238 116 37 433
239 33 17 430
239 43 52 239
239 45 31 373
239 48 2 356
239 53 11 193
239 55 13 8
239 60 7 231
239 61 21 120
239 64 56 284
239 78 9 83
239 100 46 381
239 107 50 312
239 112 43 131
239 113 39 349
239 117 25 403
240 3 15 319
240 11 33 340
240 18 7 44
240 25 49 225
240 32 37 158
240 33 59 430
240 58 53 304
240 65 11 431
240 67 1 57
240 91 23 354
240 92 20 319
240 99 25 64
240 100 40 178
240 107 13 312
240 113 5 367
241 1 41 425
241 22 37 407
241 24 49 401
241 25 25 150
241 32 52 328
241 35 13 207
241 36 47 76
241 48 43 257
241 61 19 275
241 65 33 431
241 66 8 81
241 67 29 447
241 93 4 272
241 99 56 297
241 120 1 6
242 9 49 271
242 10 19 445
242 13 23 406
242 19 35 373
242 22 31 112
242 25 43 188
242 28 55 375
242 33 40 306
242 44 11 220
242 45 7 408
242 51 1 208
242 81 25 251
242 96 15 80
242 111 13 391
242 116 4 237
243 2 49 258
243 9 46 233
243 15 29 240
243 18 37 7
243 21 31 116
243 25 33 412
243 64 13 294
243 75 52 199
243 76 55 123
243 82 44 260
243 87 7 64
243 88 19 350
243 105 1 55
243 107 11 296
243 116 40 354
244 9 1 43
244 11 31 16
244 29 4 202
244 32 58 372
244 39 13 135
244 44 11 266
244 47 43 362
244 80 49 5
244 81 19 219
244 83 37 196
244 89 52 206
244 98 35 60
244 102 23 300
244 110 7 156
244 116 55 261
245 19 17 389
245 25 38 276
245 27 11 242
245 31 25 341
245 32 7 158
245 34 19 72
245 47 3 406
245 60 23 336
245 73 45 409
245 82 55 438
245 90 1 88
245 97 58 381
245 105 14 296
245 114 27 167
245 117 31 430
246 27 45 206
246 30 19 34
246 41 47 116
246 43 56 52
246 48 49 193
246 53 29 132
246 54 10 26
246 81 21 137
246 83 37 295
246 84 25 263
246 86 2 119
246 90 17 396
246 111 43 391
246 112 31 384
246 119 13 415
247 9 25 438
247 11 37 119
247 14 3 18
247 35 28 207
247 40 56 18
247 42 9 206
247 55 52 10
247 59 19 249
247 61 43 220
247 62 5 64
247 69 31 392
247 82 15 40
247 97 7 422
247 113 1 349
247 115 49 168
248 13 49 406
248 19 31 375
248 20 9 200
248 39 25 194
248 40 19 18
248 54 34 26
248 65 7 431
248 66 52 81
248 67 23 114
248 75 16 238
248 97 47 375
248 101 5 167
248 103 55 267
248 111 41 226
248 113 43 367
249 27 29 251
249 38 7 183
249 41 1 226
249 48 13 257
249 59 3 48
249 62 49 411
249 64 31 432
249 71 10 114
249 73 51 409
249 77 39 234
249 86 25 115
249 93 46 272
249 97 53 78
249 104 22 355
249 108 57 426
250 4 14 239
250 23 40 53
250 26 5 75
250 32 28 151
250 36 23 368
250 39 43 194
250 43 25 336
250 48 7 193
250 57 58 344
250 61 31 220
250 65 35 431
250 75 49 7
250 105 37 273
250 106 3 330
250 113 19 349
251 10 25 223
251 15 22 151
251 17 7 405
251 19 29 389
251 23 46 193
251 24 43 378
251 27 11 361
251 38 19 116
251 45 37 408
251 51 49 434
251 59 1 447
251 79 55 226
251 87 13 122
251 89 5 211
251 96 31 93
252 14 37 18
252 23 51 326
252 35 19 66
252 38 33 116
252 40 55 388
252 41 59 200
252 47 14 406
252 54 7 26
252 84 43 36
252 101 25 167
252 105 28 55
252 106 10 330
252 107 3 312
252 110 39 379
252 120 22 202
253 8 35 301
253 15 4 198
253 16 13 437
253 20 55 147
253 27 28 90
253 28 43 78
253 57 25 211
253 64 7 257
253 66 31 407
253 67 16 318
253 71 22 3
253 74 53 112
253 80 19 176
253 93 51 280
253 118 1 272
254 18 58 367
254 21 5 3
254 37 32 365
254 43 19 324
254 50 25 34
254 57 40 207
254 61 7 271
254 70 49 11
254 73 13 81
254 80 37 355
254 81 1 219
254 102 15 291
254 104 55 362
254 112 22 291
254 114 44 167
255 8 5 80
255 14 14 236
255 15 35 151
255 24 28 373
255 44 37 21
255 49 47 414
255 50 31 447
255 52 19 332
255 54 10 192
255 69 39 79
255 71 1 301
255 77 43 98
255 79 52 126
255 93 21 272
255 102 25 354
256 6 2 345
256 9 7 177
256 19 29 375
256 20 51 433
256 58 47 249
256 61 25 271
256 65 11 428
256 72 13 146
256 83 43 76
256 84 19 162
256 86 31 115
256 90 49 285
256 94 38 425
256 101 23 444
256 119 56 11
257 3 31 319
257 4 43 333
257 28 19 351
257 44 47 21
257 50 49 389
257 60 13 90
257 70 7 95
257 72 55 396
257 81 15 391
257 83 37 428
257 90 35 285
257 99 27 368
257 108 1 75
257 111 23 278
258 7 55 162
258 9 43 244
258 13 35 406
258 19 11 190
258 34 38 183
258 38 4 50
258 45 25 226
258 48 19 257
258 49 29 413
258 62 17 345
258 86 7 41
258 90 13 234
258 91 15 354
258 95 49 221
258 119 31 246
259 32 22 261
259 36 41 122
259 37 13 423
259 41 47 226
259 50 56 447
259 66 34 444
259 70 7 418
259 75 37 238
259 77 49 161
259 84 43 263
259 85 19 272
259 91 29 354
259 98 5 60
259 117 25 430
260 10 13 384
260 16 28 238
260 34 37 39
260 37 43 423
260 63 55 347
260 71 32 301
260 87 7 242
260 91 17 409
260 92 19 359
260 93 53 280
260 96 49 185
260 98 23 273
260 103 2 424
260 104 25 240
260 116 57 263
261 1 40 266
261 20 25 200
261 36 23 122
261 50 1 192
261 52 58 343
261 54 52 37
261 65 5 431
261 69 13 421
261 95 7 98
261 100 10 225
261 107 56 312
261 111 17 445
261 112 49 158
261 117 31 316
261 118 37 106
262 3 3 73
262 6 55 345
262 17 37 137
262 23 19 390
262 25 50 412
262 28 15 277
262 37 26 365
262 44 31 374
262 53 11 132
262 72 43 273
262 78 13 83
262 79 40 38
262 94 22 436
262 112 34 83
262 118 7 18
263 5 49 90
263 21 28 137
263 28 37 261
263 31 5 311
263 32 52 158
263 38 55 116
263 50 20 57
263 54 25 149
263 58 58 304
263 59 43 71
263 88 8 403
263 104 14 362
263 108 31 411
263 115 2 123
264 20 49 200
264 22 31 437
264 26 37 75
264 34 43 306
264 38 22 44
264 45 9 236
264 54 25 192
264 57 34 344
264 72 39 218
264 87 1 64
264 89 29 295
264 98 15 42
264 107 17 296
264 118 19 287
264 119 55 141
265 6 19 345
265 14 17 359
265 18 14 416
265 21 7 116
265 22 52 115
265 32 25 76
265 35 28 168
265 37 55 25
265 47 1 340
265 49 35 414
265 59 37 447
265 78 11 257
265 103 44 267
265 104 49 192
265 115 32 163
266 1 47 425
266 3 49 302
266 6 13 345
266 19 7 336
266 20 33 108
266 43 55 282
266 46 43 390
266 51 58 434
266 64 19 234
266 75 25 172
266 83 1 101
266 89 11 179
266 91 28 409
266 103 38 135
266 111 9 226
267 21 59 3
267 22 34 284
267 36 45 368
267 38 31 44
267 40 1 433
267 44 16 374
267 45 25 293
267 50 49 34
267 83 55 428
267 85 41 272
267 91 5 409
267 94 19 179
267 102 14 349
267 115 8 123
267 119 37 344
268 1 11 273
268 7 13 248
268 9 25 177
268 28 43 261
268 33 47 51
268 37 1 423
268 44 23 374
268 45 31 293
268 49 41 169
268 61 55 275
268 69 50 421
268 81 7 401
268 94 19 8
268 96 37 37
268 112 28 446
269 2 22 80
269 9 19 271
269 18 40 367
269 28 55 430
269 29 10 131
269 52 13 419
269 57 2 344
269 64 15 432
269 73 43 409
269 85 5 397
269 99 49 304
269 100 7 15
269 101 35 391
269 104 25 340
269 118 28 7
270 9 4 233
270 14 47 95
270 19 31 190
270 27 7 90
270 45 49 226
270 50 13 367
270 52 29 108
270 56 37 203
270 59 25 447
270 61 9 30
270 71 33 3
270 72 43 146
270 75 20 172
270 82 1 438
270 92 58 169
271 9 13 233
271 10 31 5
271 24 49 175
271 31 11 371
271 32 25 372
271 37 20 108
271 41 43 247
271 45 45 139
271 66 40 177
271 93 53 52
271 103 2 267
271 105 28 224
271 107 35 296
271 117 55 403
271 118 7 104
272 23 58 390
272 25 20 386
272 45 3 226
272 57 55 243
272 69 26 421
272 81 37 219
272 84 13 36
272 85 11 397
272 89 17 295
272 91 44 219
272 105 46 296
272 110 50 358
272 115 34 114
272 117 7 130
272 120 31 184
273 3 19 302
273 7 55 132
273 20 43 200
273 31 17 16
273 34 1 183
273 62 53 76
273 68 23 313
273 71 25 301
273 75 7 293
273 77 13 284
273 89 49 347
273 92 37 341
273 98 41 60
273 103 31 267
273 106 28 330
274 24 7 110
274 31 17 311
274 33 10 359
274 49 1 282
274 61 49 298
274 66 46 177
274 74 19 243
274 80 37 46
274 90 34 396
274 91 55 409
274 92 40 341
274 103 57 35
274 108 13 75
274 112 4 51
274 115 31 114
275 1 58 38
275 12 49 198
275 16 1 238
275 25 26 276
275 40 19 157
275 42 55 126
275 53 33 175
275 58 23 249
275 67 41 225
275 80 16 355
275 86 43 119
275 87 37 122
275 102 11 110
275 105 52 233
275 108 7 39
276 5 25 90
276 13 5 152
276 35 7 66
276 39 21 298
276 43 10 433
276 45 13 320
276 54 37 131
276 81 56 391
276 86 49 157
276 87 1 242
276 92 31 341
276 111 19 391
276 112 28 370
276 114 43 99
276 116 34 280
277 9 46 141
277 10 37 275
277 14 29 359
277 32 43 158
277 39 13 449
277 60 59 157
277 61 7 298
277 62 35 76
277 68 21 313
277 83 55 248
277 87 49 242
277 96 25 93
277 104 1 92
277 108 31 324
277 111 11 391
278 12 31 409
278 16 34 343
278 23 4 193
278 37 43 228
278 39 51 449
278 44 57 374
278 58 11 10
278 65 29 450
278 66 19 81
278 71 22 416
278 84 37 258
278 105 25 224
278 110 13 255
278 117 7 145
278 120 1 256
279 9 2 177
279 13 5 318
279 50 37 172
279 53 41 175
279 56 31 274
279 59 7 296
279 66 28 396
279 72 19 146
279 82 53 40
279 84 55 36
279 85 11 374
279 90 47 285
279 110 13 73
279 117 49 106
279 118 43 60
280 1 53 273
280 20 49 8
280 23 33 390
280 35 28 66
280 54 40 26
280 60 31 336
280 73 56 370
280 80 46 176
280 86 7 115
280 99 19 64
280 102 43 349
280 115 4 168
280 116 58 261
280 119 13 344
281 12 25 409
281 24 43 240
281 36 31 131
281 37 13 179
281 64 19 363
281 71 46 3
281 80 28 176
281 88 1 418
281 89 17 179
281 93 51 52
281 94 8 8
281 101 40 444
281 103 57 424
281 107 53 110
281 119 33 415
282 18 7 57
282 25 55 188
282 34 19 78
282 43 49 239
282 44 59 220
282 49 17 415
282 57 25 249
282 66 52 396
282 76 37 361
282 77 13 113
282 81 31 219
282 95 10 98
282 101 29 390
282 109 43 300
282 114 2 299
283 3 37 212
283 6 1 397
283 15 15 240
283 18 19 7
283 19 49 190
283 22 28 280
283 38 22 220
283 49 35 169
283 68 13 313
283 75 51 172
283 86 7 157
283 95 25 221
283 96 43 51
283 106 32 330
283 119 55 415
284 3 25 73
284 18 52 44
284 25 13 41
284 44 59 21
284 47 7 350
284 50 55 114
284 53 11 203
284 62 1 120
284 72 3 146
284 75 49 56
284 81 31 137
284 87 19 242
284 104 40 240
284 105 37 129
284 108 43 129
285 9 13 244
285 19 55 190
285 23 16 228
285 25 7 209
285 50 1 34
285 60 37 90
285 68 11 313
285 71 22 427
285 80 31 355
285 84 50 36
285 101 5 444
285 102 19 110
285 105 40 273
285 109 25 231
285 118 43 272
286 17 10 284
286 20 13 147
286 21 35 137
286 28 25 335
286 48 55 67
286 49 29 169
286 56 31 203
286 63 53 42
286 69 37 325
286 70 44 82
286 76 19 246
286 96 1 37
286 97 59 375
286 101 23 319
286 108 49 21
287 1 17 264
287 29 1 131
287 30 47 102
287 41 29 200
287 45 37 226
287 56 19 306
287 70 49 85
287 71 4 301
287 75 10 293
287 88 56 112
287 103 25 267
287 108 13 426
287 109 31 15
287 112 43 291
287 113 35 367
288 3 15 302
288 6 21 332
288 12 46 198
288 30 29 102
288 33 35 359
288 35 8 449
288 44 13 21
288 57 55 344
288 58 1 304
288 69 37 321
288 73 51 370
288 99 31 297
288 100 3 225
288 109 25 42
288 115 43 318
289 6 55 332
289 17 13 388
289 24 37 175
289 26 47 256
289 29 40 173
289 30 35 374
289 38 26 116
289 49 31 326
289 56 19 67
289 57 1 265
289 70 7 367
289 85 5 374
289 87 50 122
289 112 44 280
289 116 16 69
290 23 13 84
290 29 7 131
290 33 23 430
290 46 25 102
290 59 31 249
290 82 5 438
290 90 41 396
290 91 39 409
290 95 43 271
290 101 35 319
290 104 46 240
290 107 17 312
290 109 1 231
290 112 10 158
290 114 19 300
291 7 25 157
291 22 1 68
291 35 4 66
291 42 14 126
291 61 55 120
291 65 23 428
291 78 47 257
291 84 8 36
291 85 59 306
291 86 49 41
291 88 32 418
291 93 29 52
291 96 19 185
291 109 37 277
291 110 43 328
292 14 16 236
292 17 13 137
292 20 31 433
292 58 43 304
292 60 5 157
292 70 49 367
292 76 55 316
292 77 37 284
292 81 45 391
292 88 1 380
292 93 23 272
292 101 21 444
292 114 25 29
292 115 7 168
292 120 10 372
293 4 49 228
293 7 31 450
293 12 58 406
293 17 26 284
293 32 37 372
293 37 43 25
293 45 13 293
293 61 1 271
293 74 5 199
293 79 55 437
293 88 19 112
293 95 7 198
293 104 40 340
293 106 11 119
294 1 10 264
294 11 1 16
294 25 13 363
294 28 49 78
294 49 41 414
294 52 53 343
294 53 35 132
294 54 7 9
294 59 31 296
294 61 25 298
294 76 55 4
294 83 19 295
294 108 44 75
294 114 37 11
295 9 40 438
295 12 19 409
295 21 7 3
295 36 49 368
295 38 55 50
295 44 1 266
295 47 51 406
295 66 46 444
295 83 31 196
295 95 22 98
295 99 25 427
295 101 3 444
295 104 37 192
295 110 9 73
295 116 13 280
296 9 19 438
296 18 40 7
296 30 29 405
296 31 53 48
296 40 25 311
296 41 22 401
296 66 31 396
296 69 49 392
296 81 7 219
296 82 34 260
296 84 1 258
296 92 55 407
296 101 17 390
296 103 13 352
296 117 44 430
297 5 58 178
297 6 31 332
297 12 55 406
297 16 37 55
297 31 29 156
297 48 2 156
297 49 17 418
297 50 21 34
297 53 35 175
297 56 43 379
297 63 11 261
297 81 49 48
297 83 7 255
297 88 13 243
297 93 25 272
298 13 37 91
298 17 40 137
298 18 2 56
298 27 55 359
298 28 25 78
298 35 19 338
298 56 13 203
298 70 51 418
298 71 31 156
298 72 57 364
298 73 22 6
298 84 7 278
298 89 49 206
298 104 34 80
298 117 43 6
299 9 37 438
299 10 7 310
299 19 58 190
299 28 31 261
299 40 13 433
299 42 40 30
299 84 50 263
299 85 11 306
299 98 29 56
299 102 25 300
299 107 27 359
299 109 3 285
299 110 44 358
299 115 22 163
300 12 43 87
300 23 19 326
300 26 17 256
300 27 11 356
300 28 37 389
300 48 26 257
300 73 53 370
300 79 49 423
300 81 55 401
300 84 31 144
300 87 3 221
300 100 13 225
300 101 1 343
300 110 7 358
300 116 22 263
Điểm tối ưu: 4462
Thời gian: 360.276286 giây
Trạng thái: VALID
