2215
1 1 44 148
1 13 19 187
1 15 37 182
1 17 17 141
1 18 31 164
1 25 49 190
1 28 7 143
1 29 15 135
1 42 11 178
1 44 3 25
1 47 26 75
1 51 13 159
1 52 58 172
1 55 1 128
2 1 1 56
2 3 20 126
2 5 13 93
2 8 37 135
2 14 35 197
2 17 49 146
2 20 56 191
2 27 47 110
2 36 22 21
2 40 43 31
2 42 25 178
2 48 51 139
2 55 27 128
2 56 8 224
2 57 31 198
3 1 50 216
3 4 41 148
3 13 1 121
3 22 31 183
3 24 29 126
3 25 25 190
3 29 9 64
3 33 55 146
3 37 58 210
3 39 5 207
3 41 37 69
3 42 7 178
3 44 19 190
3 60 16 195
4 1 44 56
4 3 11 115
4 9 25 41
4 12 16 27
4 16 5 205
4 17 33 217
4 24 41 16
4 26 7 13
4 27 23 119
4 29 53 25
4 37 28 210
4 40 19 86
4 41 37 165
4 52 2 99
4 54 58 11
5 5 56 23
5 6 10 138
5 10 7 29
5 12 13 27
5 14 29 197
5 15 20 216
5 18 43 223
5 24 49 16
5 38 5 179
5 40 25 140
5 47 37 75
5 48 31 207
5 51 35 138
5 59 1 155
6 2 9 69
6 6 7 138
6 13 25 187
6 22 55 163
6 27 59 119
6 35 37 33
6 38 15 179
6 42 41 224
6 43 1 130
6 44 50 100
6 46 4 161
6 50 44 58
6 55 29 128
6 57 19 19
6 60 23 195
7 2 19 142
7 11 23 112
7 14 44 197
7 15 31 82
7 17 5 162
7 25 25 14
7 40 49 79
7 43 13 130
7 44 1 190
7 48 57 88
7 50 17 81
7 51 55 159
7 55 35 128
7 57 38 198
7 59 7 155
8 12 28 27
8 18 40 223
8 20 19 191
8 21 21 46
8 23 11 215
8 24 9 173
8 26 45 114
8 31 7 64
8 34 31 15
8 35 1 33
8 47 49 75
8 49 13 185
8 50 5 58
8 52 37 174
8 56 53 224
9 1 31 51
9 8 20 65
9 9 52 150
9 12 4 27
9 22 43 139
9 23 50 215
9 25 55 44
9 27 17 110
9 33 1 200
9 35 26 71
9 37 40 136
9 40 7 160
9 44 13 25
9 51 11 92
10 6 1 156
10 7 3 141
10 8 49 70
10 16 11 205
10 22 43 183
10 27 27 119
10 28 19 143
10 29 29 135
10 30 31 83
10 33 22 146
10 36 39 21
10 45 7 72
10 47 55 165
10 48 13 3
10 50 35 120
11 4 15 158
11 12 19 27
11 17 40 217
11 18 7 164
11 28 3 143
11 29 35 64
11 32 26 213
11 33 10 202
11 35 31 219
11 37 37 136
11 46 22 5
11 50 13 81
11 54 45 11
11 58 1 8
12 5 37 186
12 8 43 135
12 13 9 187
12 14 35 99
12 16 17 37
12 32 19 84
12 33 52 200
12 35 56 33
12 36 1 21
12 38 4 104
12 39 23 166
12 44 25 25
12 47 31 77
12 59 13 155
12 60 7 42
13 1 9 51
13 5 56 4
13 9 39 150
13 15 1 216
13 19 46 96
13 24 17 16
13 29 15 64
13 32 25 37
13 35 32 33
13 36 43 1
13 37 49 210
13 38 37 104
13 39 7 132
13 50 5 81
13 58 21 8
14 2 7 16
14 7 39 48
14 8 45 70
14 10 1 29
14 14 29 99
14 19 31 67
14 20 17 191
14 21 37 46
14 24 43 173
14 37 4 136
14 39 21 132
14 40 13 31
14 50 23 120
14 51 19 159
14 54 27 170
15 3 13 115
15 4 20 158
15 6 25 138
15 10 27 124
15 11 17 112
15 12 22 27
15 18 1 223
15 19 10 96
15 27 7 119
15 29 35 25
15 31 39 169
15 34 51 98
15 46 4 20
15 47 43 87
15 57 55 19
16 1 7 56
16 5 55 186
16 9 21 150
16 10 31 124
16 11 59 5
16 15 13 182
16 16 41 179
16 25 50 44
16 26 43 80
16 27 35 110
16 29 1 135
16 31 37 169
16 43 4 78
16 50 19 81
16 56 17 224
17 7 26 48
17 8 44 111
17 21 39 46
17 23 55 215
17 29 41 64
17 38 1 104
17 39 28 166
17 42 19 224
17 43 10 130
17 45 3 72
17 49 13 59
17 50 58 120
17 51 23 159
17 52 34 172
17 58 17 8
18 1 31 26
18 4 13 158
18 5 49 4
18 10 4 29
18 13 25 137
18 15 19 182
18 20 41 191
18 21 23 225
18 24 11 173
18 34 43 98
18 37 16 210
18 44 57 35
18 47 37 49
18 56 1 57
18 57 7 34
19 5 43 23
19 6 29 156
19 7 15 48
19 13 19 145
19 16 53 179
19 21 1 225
19 23 17 177
19 29 33 64
19 30 49 83
19 33 58 200
19 44 37 24
19 47 7 49
19 52 26 99
19 55 47 128
19 56 4 224
20 2 25 116
20 3 20 217
20 6 13 156
20 16 1 205
20 20 17 174
20 21 11 46
20 24 53 126
20 28 4 170
20 32 31 79
20 33 55 200
20 41 43 69
20 43 40 78
20 48 49 207
20 52 58 99
20 53 7 85
21 3 4 126
21 10 49 130
21 14 17 197
21 17 7 141
21 19 28 67
21 21 23 46
21 23 41 177
21 26 37 114
21 32 19 213
21 35 43 219
21 36 1 1
21 40 32 160
21 48 13 207
21 54 9 11
21 56 59 57
22 4 37 158
22 14 5 197
22 17 43 217
22 19 25 96
22 26 19 171
22 31 23 169
22 33 2 65
22 36 46 21
22 37 31 210
22 40 55 86
22 42 9 175
22 45 51 111
22 48 39 3
22 52 16 172
22 58 49 8
23 4 41 158
23 10 34 124
23 22 7 97
23 31 47 173
23 32 43 79
23 39 1 207
23 41 15 165
23 42 39 224
23 43 55 78
23 44 49 25
23 46 25 5
23 50 13 120
23 51 32 159
23 54 22 11
23 56 3 57
24 1 25 51
24 2 1 116
24 8 19 2
24 14 31 197
24 17 7 129
24 27 29 110
24 29 46 64
24 31 41 186
24 33 10 200
24 40 49 31
24 44 37 25
24 46 14 203
24 47 55 77
24 52 43 174
24 54 35 11
25 5 7 93
25 9 38 30
25 13 25 121
25 21 19 46
25 23 11 177
25 26 49 171
25 27 46 119
25 29 4 64
25 30 21 167
25 33 1 146
25 39 59 142
25 43 13 78
25 47 55 161
25 58 33 8
26 4 25 158
26 9 55 150
26 13 37 145
26 17 5 129
26 18 2 164
26 21 29 46
26 27 53 119
26 28 34 170
26 32 43 84
26 40 49 86
26 41 14 6
26 42 41 175
26 47 7 127
26 50 27 120
26 60 21 195
27 2 25 69
27 4 23 158
27 8 55 135
27 12 37 172
27 19 49 96
27 23 43 115
27 25 31 14
27 28 52 143
27 31 29 169
27 34 1 98
27 41 13 44
27 43 7 22
27 50 45 120
27 53 19 85
27 60 10 42
28 1 37 208
28 4 56 158
28 19 58 96
28 24 41 126
28 26 19 114
28 30 32 32
28 36 28 1
28 40 13 160
28 42 17 175
28 45 43 72
28 47 7 75
28 57 49 19
28 58 3 8
28 60 5 42
29 4 34 158
29 10 10 29
29 14 7 99
29 22 39 97
29 26 13 20
29 29 17 25
29 33 1 202
29 36 49 21
29 37 4 210
29 38 55 104
29 43 52 78
29 51 31 138
29 58 45 8
29 59 57 177
29 60 28 42
30 9 22 41
30 16 39 179
30 21 9 46
30 29 37 64
30 30 55 91
30 32 1 79
30 35 13 219
30 37 25 210
30 39 7 166
30 41 49 95
30 42 19 178
30 43 43 78
30 44 31 100
30 54 17 11
30 55 59 128
31 4 55 148
31 8 25 135
31 16 57 179
31 18 49 223
31 23 7 215
31 28 16 143
31 33 4 146
31 36 10 21
31 38 41 104
31 40 37 31
31 42 31 175
31 50 1 143
31 54 33 11
31 59 19 177
31 60 43 42
32 5 7 23
32 6 33 156
32 10 20 124
32 11 31 112
32 19 43 67
32 20 53 174
32 21 4 225
32 26 55 114
32 27 11 119
32 36 13 21
32 39 17 142
32 40 25 160
32 43 1 78
32 56 51 224
33 1 57 56
33 9 4 41
33 14 9 197
33 17 41 13
33 18 34 223
33 22 13 183
33 27 1 119
33 31 7 169
33 32 49 213
33 33 38 200
33 40 19 79
33 41 43 6
33 46 25 203
33 54 55 11
33 60 11 195
34 12 40 172
34 13 43 145
34 19 22 96
34 20 25 191
34 22 7 183
34 27 17 119
34 29 49 64
34 30 31 58
34 31 11 169
34 39 37 132
34 42 3 178
34 44 56 24
34 51 27 159
34 54 53 11
34 58 15 8
35 5 25 4
35 7 35 48
35 11 4 112
35 16 43 182
35 19 1 96
35 20 33 191
35 25 55 156
35 28 10 170
35 31 13 169
35 32 37 79
35 33 16 146
35 38 19 104
35 42 59 224
35 44 21 153
35 47 45 127
36 3 5 217
36 11 11 112
36 15 55 182
36 22 49 183
36 27 34 119
36 32 25 84
36 44 7 24
36 45 14 111
36 46 31 5
36 48 44 207
36 50 3 81
36 51 23 171
36 54 20 11
36 58 29 8
36 59 37 36
37 3 13 126
37 9 56 30
37 10 40 29
37 13 7 121
37 15 44 57
37 16 26 179
37 23 35 215
37 35 20 28
37 40 50 160
37 45 31 72
37 46 28 161
37 47 15 87
37 49 1 219
37 50 59 81
37 52 37 99
38 3 14 217
38 5 19 206
38 12 7 27
38 22 55 97
38 29 49 135
38 37 10 136
38 39 23 132
38 42 25 175
38 45 32 152
38 46 16 5
38 47 27 87
38 54 38 11
38 55 45 128
38 56 41 57
38 59 1 36
39 5 44 186
39 12 50 172
39 14 9 132
39 15 25 182
39 17 53 217
39 18 19 164
39 19 34 67
39 25 37 190
39 28 22 143
39 31 31 169
39 45 13 72
39 47 55 36
39 54 1 11
39 59 3 177
39 60 29 195
40 3 25 126
40 6 23 156
40 9 1 150
40 18 4 223
40 23 19 215
40 26 31 20
40 33 58 146
40 34 13 15
40 37 8 210
40 48 43 110
40 50 17 120
40 53 27 70
40 54 47 11
40 55 50 128
40 57 37 19
41 1 3 208
41 2 19 69
41 4 1 158
41 13 31 187
41 19 49 67
41 21 47 46
41 23 23 115
41 25 43 14
41 29 59 25
41 43 7 78
41 44 13 24
41 46 55 203
41 52 28 174
41 55 52 128
42 1 56 216
42 6 17 156
42 16 31 179
42 17 11 162
42 22 19 163
42 23 33 215
42 24 1 173
42 28 49 170
42 33 4 193
42 35 13 33
42 40 37 86
42 41 7 44
42 42 35 178
42 47 27 127
42 54 45 91
43 6 59 138
43 9 13 30
43 17 23 129
43 18 40 164
43 21 5 46
43 24 7 173
43 29 11 64
43 37 37 209
43 39 17 207
43 42 51 178
43 44 31 25
43 48 19 3
43 50 9 120
43 52 26 172
43 57 1 198
44 6 1 138
44 9 46 30
44 11 10 176
44 16 55 179
44 20 53 191
44 27 57 110
44 29 13 135
44 31 23 186
44 35 38 28
44 36 4 21
44 43 7 130
44 45 19 152
44 48 49 3
44 50 15 81
44 58 27 8
45 3 7 115
45 4 47 158
45 5 43 4
45 11 5 176
45 14 55 197
45 20 21 191
45 22 1 183
45 30 25 28
45 33 37 146
45 34 51 42
45 36 16 1
45 46 34 5
45 54 13 170
45 55 57 128
45 60 49 42
46 3 2 115
46 4 45 158
46 8 37 65
46 10 49 29
46 27 25 119
46 29 59 135
46 30 55 83
46 34 14 98
46 35 27 219
46 39 11 142
46 49 7 94
46 51 21 159
46 52 31 174
46 55 4 40
46 60 19 195
47 2 7 142
47 4 53 148
47 5 15 23
47 8 25 111
47 11 1 112
47 13 19 137
47 15 31 216
47 26 55 171
47 30 49 91
47 42 5 178
47 46 39 5
47 53 43 85
47 54 3 218
47 56 29 224
47 58 13 8
48 2 32 16
48 3 11 217
48 6 3 138
48 8 55 2
48 14 51 197
48 19 43 96
48 23 41 6
48 28 46 170
48 29 59 64
48 39 14 166
48 43 16 78
48 45 19 202
48 51 49 138
48 59 7 12
48 60 27 195
49 8 51 135
49 19 13 96
49 20 5 3
49 22 37 183
49 27 49 119
49 31 26 173
49 35 7 33
49 37 16 209
49 41 31 95
49 44 43 25
49 47 57 87
49 51 23 138
49 57 19 198
49 58 55 8
49 60 3 195
50 6 21 138
50 9 4 150
50 23 57 215
50 25 50 24
50 28 1 170
50 35 13 28
50 37 45 210
50 39 11 132
50 40 7 31
50 42 17 178
50 45 27 152
50 50 25 81
50 51 33 138
50 53 37 85
50 58 43 8
51 2 37 142
51 5 19 23
51 7 17 48
51 8 31 192
51 10 4 124
51 11 1 176
51 13 13 76
51 19 7 96
51 23 11 6
51 25 50 14
51 32 43 213
51 33 25 65
51 40 55 79
51 42 59 178
51 46 28 5
52 4 29 158
52 9 34 30
52 13 55 145
52 18 10 223
52 26 1 114
52 31 16 169
52 33 7 202
52 42 39 178
52 45 43 152
52 46 13 5
52 48 19 139
52 49 49 219
52 58 23 8
52 59 25 177
53 1 8 148
53 9 1 41
53 12 46 172
53 17 35 13
53 19 39 96
53 29 29 25
53 32 31 84
53 33 13 202
53 45 49 209
53 47 55 75
53 48 21 88
53 50 37 120
53 51 4 159
53 54 19 170
53 57 25 34
54 1 32 73
54 2 37 16
54 6 16 138
54 10 46 124
54 16 51 179
54 22 19 183
54 24 23 173
54 28 13 140
54 32 9 213
54 36 4 1
54 37 1 210
54 38 44 179
54 42 7 175
54 44 25 100
54 46 58 203
55 4 11 158
55 5 13 186
55 7 52 48
55 8 3 2
55 10 49 162
55 11 19 5
55 13 31 137
55 17 35 217
55 36 56 1
55 44 21 100
55 47 43 49
55 51 47 159
55 53 39 112
55 57 7 4
55 59 25 12
56 7 5 48
56 15 45 182
56 20 7 191
56 22 49 163
56 27 9 119
56 31 57 173
56 32 1 213
56 34 13 42
56 39 55 132
56 43 19 78
56 48 37 207
56 51 29 159
56 54 43 11
56 56 22 224
56 60 26 42
57 1 26 56
57 6 39 138
57 12 43 27
57 17 7 162
57 25 21 14
57 31 31 64
57 37 33 136
57 41 1 95
57 46 10 5
57 47 55 181
57 49 49 59
57 55 19 128
57 56 17 57
57 57 13 198
58 2 19 16
58 4 52 158
58 5 7 206
58 10 37 124
58 17 29 170
58 18 34 164
58 28 49 143
58 31 5 169
58 32 13 213
58 33 44 200
58 38 47 104
58 40 1 160
58 55 17 128
58 58 41 8
58 59 55 155
59 5 3 186
59 8 9 2
59 10 33 29
59 11 37 112
59 14 7 197
59 16 31 37
59 22 57 27
59 24 21 173
59 37 46 24
59 45 13 152
59 50 1 120
59 54 49 11
59 56 26 224
59 60 17 42
60 6 7 156
60 17 41 141
60 18 49 164
60 30 1 83
60 37 52 136
60 38 14 104
60 39 16 166
60 41 9 165
60 43 26 78
60 44 31 153
60 45 20 209
60 48 55 207
60 49 37 59
60 58 5 8
60 60 35 42
61 2 49 142
61 4 27 158
61 11 25 112
61 16 59 37
61 19 40 67
61 28 43 170
61 29 21 64
61 33 16 200
61 38 7 104
61 41 9 95
61 44 1 153
61 53 55 85
61 55 23 128
61 58 37 8
61 60 33 195
62 1 51 208
62 2 37 116
62 3 1 217
62 5 13 4
62 16 49 179
62 18 10 164
62 24 47 126
62 26 25 80
62 37 43 136
62 42 21 178
62 44 3 100
62 51 41 159
62 57 31 34
62 58 59 8
62 60 56 42
63 6 41 156
63 8 7 111
63 10 22 29
63 13 55 121
63 16 35 37
63 18 16 164
63 20 2 191
63 29 53 64
63 34 43 15
63 38 47 179
63 40 37 160
63 45 27 72
63 47 49 127
63 55 25 128
63 59 31 177
64 2 56 16
64 6 15 156
64 7 7 48
64 8 45 2
64 22 37 163
64 25 25 156
64 28 1 140
64 29 4 135
64 30 19 58
64 32 31 213
64 39 13 132
64 42 43 224
64 44 9 153
64 59 49 155
65 3 17 217
65 13 43 76
65 18 19 223
65 24 41 173
65 28 34 143
65 34 2 15
65 47 55 127
65 49 27 59
65 50 25 120
65 51 9 159
65 52 22 172
65 54 7 218
65 57 13 19
65 59 37 155
66 1 37 216
66 3 9 126
66 7 55 48
66 9 19 41
66 13 43 187
66 16 59 182
66 18 22 164
66 20 15 191
66 24 13 173
66 39 2 166
66 40 32 86
66 49 51 185
66 50 7 120
66 56 49 224
66 59 26 155
67 2 21 116
67 3 27 217
67 11 19 176
67 14 46 132
67 17 13 141
67 27 5 110
67 33 49 200
67 37 15 136
67 38 7 179
67 39 25 207
67 45 37 72
67 48 55 3
67 52 10 174
67 54 29 11
67 57 1 34
68 3 15 115
68 4 59 148
68 11 9 112
68 14 40 132
68 21 51 46
68 24 5 16
68 29 7 135
68 31 47 169
68 33 43 146
68 37 1 136
68 41 25 165
68 43 37 78
68 47 33 75
68 54 31 11
68 59 19 36
69 1 13 208
69 3 11 126
69 5 7 186
69 10 43 124
69 11 34 112
69 13 51 121
69 15 1 82
69 17 17 13
69 27 21 119
69 32 38 37
69 41 56 6
69 43 31 78
69 48 25 110
70 9 49 30
70 14 27 197
70 16 11 179
70 17 46 217
70 18 16 55
70 19 56 67
70 24 23 16
70 27 43 119
70 29 13 64
70 31 29 186
70 35 38 219
70 38 25 104
70 48 1 3
70 54 5 11
70 57 7 91
71 7 13 48
71 9 31 30
71 15 7 57
71 20 39 191
71 23 1 177
71 28 15 170
71 29 11 25
71 34 19 42
71 35 27 33
71 37 34 210
71 45 56 152
71 46 43 203
71 54 3 11
71 55 23 182
71 58 25 8
72 2 49 116
72 15 7 82
72 25 39 44
72 26 55 13
72 30 25 83
72 32 13 84
72 37 19 136
72 40 2 220
72 42 37 175
72 43 43 130
72 46 22 203
72 59 31 155
73 1 19 56
73 4 28 218
73 10 7 124
73 14 23 197
73 15 37 57
73 17 51 217
73 26 1 171
73 30 31 28
73 31 35 169
73 36 25 21
73 38 43 104
73 48 45 103
73 53 15 193
73 56 57 224
73 60 41 42
74 4 23 148
74 5 50 23
74 9 39 41
74 10 55 29
74 13 25 145
74 20 13 191
74 24 31 126
74 26 19 13
74 27 11 110
74 30 7 83
74 33 43 202
74 42 15 175
74 43 46 78
74 45 33 202
74 47 1 127
75 1 13 148
75 3 1 126
75 4 8 158
75 5 3 206
75 11 21 176
75 12 52 27
75 13 25 76
75 16 41 182
75 17 58 217
75 21 35 46
75 23 17 215
75 33 10 65
75 40 31 140
75 48 37 139
75 57 44 19
76 1 50 56
76 9 7 41
76 13 14 187
76 15 1 17
76 22 25 163
76 23 5 215
76 24 57 126
76 36 46 1
76 37 19 210
76 38 23 104
76 46 43 20
76 48 38 110
76 52 32 139
76 55 11 128
76 58 35 8
77 8 51 2
77 9 10 30
77 10 57 124
77 13 13 137
77 19 7 67
77 20 43 191
77 22 33 97
77 25 1 24
77 30 39 58
77 31 49 169
77 37 22 136
77 38 45 104
77 42 28 178
77 43 19 130
77 50 31 81
78 1 7 208
78 8 33 111
78 12 13 167
78 21 43 46
78 22 50 17
78 24 59 173
78 25 37 156
78 26 19 80
78 34 55 15
78 42 31 178
78 48 27 207
78 51 25 159
78 52 16 99
78 57 1 19
78 59 45 155
79 2 1 142
79 15 32 182
79 25 9 14
79 28 55 170
79 37 58 136
79 39 47 142
79 42 37 224
79 44 25 24
79 47 49 87
79 48 19 207
79 49 13 153
79 50 7 81
79 51 17 171
79 55 40 128
79 56 5 144
80 6 3 156
80 7 59 48
80 8 31 135
80 13 19 121
80 16 8 205
80 17 1 129
80 19 16 67
80 23 26 215
80 28 10 143
80 31 41 169
80 33 13 146
80 36 50 1
80 47 43 77
80 50 23 81
80 57 37 34
81 4 49 148
81 7 3 48
81 15 7 182
81 20 23 191
81 21 1 46
81 22 43 195
81 26 33 171
81 29 41 135
81 30 19 83
81 38 31 104
81 44 55 25
81 47 13 49
81 48 25 3
81 60 47 42
82 1 14 56
82 6 35 156
82 10 46 130
82 15 31 57
82 18 55 164
82 23 21 215
82 28 40 170
82 35 1 28
82 36 28 21
82 39 19 166
82 42 23 175
82 45 49 202
82 51 43 138
82 54 25 218
82 59 7 36
83 10 52 29
83 17 11 13
83 20 29 191
83 24 37 173
83 25 33 44
83 28 40 143
83 29 1 25
83 31 55 169
83 33 26 200
83 39 3 132
83 41 13 206
83 46 19 203
83 50 31 120
83 52 7 174
83 59 43 177
84 6 5 156
84 11 13 112
84 25 1 14
84 31 19 169
84 33 7 193
84 37 46 136
84 38 17 179
84 41 25 6
84 47 21 49
84 50 10 58
84 52 40 174
84 53 33 85
84 56 15 224
84 58 31 8
85 1 25 148
85 11 15 112
85 17 29 13
85 21 17 225
85 22 3 163
85 25 56 14
85 26 31 80
85 30 43 167
85 31 1 64
85 40 19 31
85 41 49 69
85 42 47 224
85 43 10 78
85 50 7 58
85 58 39 8
86 5 37 23
86 6 29 138
86 7 47 48
86 9 13 150
86 17 1 162
86 25 49 156
86 31 31 119
86 33 34 146
86 34 19 15
86 35 7 28
86 41 57 69
86 44 3 222
86 50 53 81
86 53 43 112
86 57 25 198
87 5 37 206
87 9 1 30
87 21 7 225
87 24 11 16
87 26 25 20
87 27 57 119
87 28 13 143
87 31 51 169
87 39 35 166
87 40 43 160
87 45 20 72
87 50 5 120
87 51 47 138
87 55 55 128
87 57 31 19
88 1 19 148
88 4 4 111
88 8 38 193
88 10 25 29
88 13 7 145
88 15 49 57
88 16 53 37
88 29 11 135
88 33 31 146
88 41 55 206
88 43 1 37
88 51 45 159
88 54 15 11
88 55 13 128
88 60 35 195
89 7 11 141
89 8 33 193
89 9 16 150
89 13 43 121
89 14 25 132
89 15 55 57
89 23 31 215
89 28 8 92
89 32 1 84
89 37 13 210
89 38 29 104
89 44 19 24
89 45 49 72
89 47 38 87
89 51 53 159
90 4 49 158
90 9 10 150
90 15 26 57
90 19 37 67
90 29 23 135
90 34 31 42
90 35 55 219
90 36 43 21
90 37 40 152
90 41 19 165
90 43 7 37
90 46 4 5
90 50 1 81
90 52 14 174
90 59 51 177
91 2 26 142
91 6 11 156
91 11 57 176
91 28 31 170
91 29 19 64
91 32 13 113
91 33 7 146
91 36 34 21
91 37 39 210
91 42 21 175
91 46 1 5
91 51 59 159
91 54 4 91
91 56 49 204
91 60 45 42
92 1 39 56
92 3 17 126
92 4 51 148
92 13 57 187
92 23 23 177
92 24 27 126
92 28 46 143
92 31 25 169
92 32 9 84
92 39 21 166
92 42 13 178
92 43 4 130
92 50 55 143
92 51 37 159
92 55 7 128
93 1 44 208
93 2 31 142
93 7 28 48
93 8 55 70
93 14 25 197
93 15 13 216
93 26 37 13
93 34 19 98
93 38 59 179
93 39 17 132
93 47 2 49
93 51 7 159
93 52 9 99
93 53 49 85
93 58 53 8
94 3 38 126
94 10 51 124
94 14 1 197
94 22 33 163
94 25 13 14
94 27 3 119
94 30 44 83
94 33 7 65
94 36 10 1
94 37 40 209
94 47 55 49
94 53 27 85
94 56 31 224
94 57 20 34
94 60 25 195
95 1 44 216
95 4 31 158
95 12 1 167
95 18 4 55
95 26 13 13
95 30 51 28
95 32 55 37
95 35 37 192
95 38 34 179
95 41 25 95
95 43 22 130
95 45 8 152
95 50 41 81
95 51 49 159
96 2 25 16
96 3 15 126
96 7 31 48
96 11 21 112
96 13 37 121
96 14 13 197
96 19 3 67
96 22 55 183
96 25 7 190
96 37 43 24
96 42 1 178
96 47 33 49
96 48 49 110
96 51 41 138
96 54 11 11
97 3 25 115
97 7 1 13
97 8 57 193
97 13 32 145
97 18 16 223
97 21 3 46
97 24 23 126
97 27 53 120
97 31 28 64
97 38 9 179
97 41 19 6
97 44 49 153
97 47 43 75
97 49 39 214
98 1 19 51
98 5 26 23
98 7 23 79
98 10 58 29
98 13 1 137
98 23 43 215
98 24 5 203
98 32 49 37
98 34 7 15
98 36 13 225
98 46 46 203
98 47 32 181
98 51 11 159
98 52 55 99
98 59 38 20
99 1 55 208
99 7 43 48
99 11 7 112
99 12 13 172
99 14 41 197
99 17 53 13
99 18 31 223
99 29 19 135
99 31 45 169
99 32 37 213
99 38 16 104
99 41 49 206
99 42 35 175
99 43 10 37
99 57 2 4
100 2 13 142
100 6 57 138
100 13 50 187
100 15 7 17
100 18 20 55
100 23 47 177
100 27 5 119
100 28 25 143
100 29 35 135
100 30 43 32
100 33 31 200
100 34 37 98
100 39 23 142
100 50 55 120
100 60 3 42
101 3 31 217
101 4 43 158
101 9 34 150
101 10 16 124
101 13 1 187
101 17 47 13
101 18 27 55
101 25 21 44
101 27 41 119
101 38 19 179
101 40 37 220
101 41 51 6
101 46 7 203
101 54 25 11
101 58 11 8
102 1 19 208
102 3 55 126
102 4 11 218
102 5 33 186
102 6 5 138
102 13 1 145
102 36 7 21
102 38 52 104
102 40 43 95
102 41 57 95
102 52 49 99
102 54 27 11
102 57 14 34
102 59 37 177
102 60 31 195
103 5 19 4
103 7 1 48
103 9 31 150
103 12 34 27
103 14 38 197
103 18 40 55
103 21 27 46
103 24 5 173
103 29 25 64
103 32 13 79
103 33 46 146
103 44 7 100
103 45 55 111
103 56 11 224
103 58 51 8
104 8 33 65
104 12 37 27
104 16 15 205
104 17 29 146
104 18 52 223
104 23 45 215
104 24 31 173
104 32 20 37
104 35 7 219
104 36 25 1
104 39 41 207
104 43 49 78
104 45 57 209
104 59 3 12
104 60 1 42
105 1 31 208
105 4 58 158
105 7 5 79
105 12 55 172
105 15 13 57
105 18 27 223
105 23 47 215
105 31 3 169
105 33 19 200
105 40 37 140
105 46 7 5
105 50 11 81
105 51 17 159
105 52 44 99
105 57 49 34
106 1 37 148
106 10 28 29
106 12 46 27
106 13 49 137
106 15 1 182
106 21 7 46
106 31 17 186
106 39 5 142
106 40 9 86
106 43 19 22
106 46 56 5
106 51 41 171
106 52 43 172
106 53 13 85
106 59 31 36
107 1 37 51
107 6 19 156
107 12 10 27
107 17 17 129
107 21 41 46
107 22 1 139
107 26 50 20
107 29 47 25
107 30 13 91
107 31 21 169
107 35 56 28
107 42 43 175
107 55 5 182
107 60 7 195
108 7 57 48
108 9 10 41
108 10 19 29
108 24 55 173
108 26 49 13
108 30 25 91
108 33 7 200
108 34 37 15
108 36 13 1
108 38 1 97
108 45 43 209
108 48 31 3
108 52 22 174
108 55 17 182
108 56 35 224
109 7 50 48
109 9 43 150
109 10 34 130
109 17 23 13
109 19 25 67
109 20 10 191
109 22 15 139
109 28 7 170
109 30 1 32
109 35 37 80
109 42 13 175
109 45 55 72
109 49 19 185
109 56 5 57
110 10 37 29
110 12 40 27
110 17 49 217
110 20 11 3
110 21 13 46
110 24 43 126
110 26 55 80
110 28 4 140
110 31 15 173
110 34 26 15
110 36 19 21
110 38 2 179
110 40 31 220
110 48 7 88
110 52 52 99
111 2 43 16
111 6 13 138
111 8 19 193
111 11 29 112
111 12 50 167
111 21 16 46
111 38 23 202
111 40 25 31
111 44 37 153
111 48 8 207
111 49 1 59
111 50 33 120
111 54 5 218
111 57 55 34
112 2 55 142
112 3 19 115
112 8 25 193
112 10 45 29
112 13 7 39
112 16 33 37
112 18 13 223
112 21 53 46
112 23 37 215
112 24 51 126
112 33 16 202
112 35 21 71
112 40 1 31
112 49 39 185
113 11 27 112
113 14 49 197
113 15 13 82
113 16 29 37
113 24 7 126
113 25 31 190
113 33 19 146
113 34 55 98
113 36 9 225
113 39 25 166
113 47 3 87
113 48 44 88
113 52 22 99
113 55 1 40
113 56 53 57
114 2 1 69
114 4 5 148
114 11 7 176
114 13 37 187
114 16 29 182
114 17 17 162
114 18 46 223
114 24 19 173
114 26 51 80
114 42 15 178
114 44 55 153
114 46 10 203
114 49 31 59
114 54 13 218
114 57 25 19
115 2 43 142
115 8 37 2
115 18 1 55
115 19 19 96
115 20 35 191
115 26 55 20
115 30 25 167
115 32 13 37
115 38 17 97
115 39 53 132
115 41 31 6
115 48 49 88
115 49 8 59
115 56 4 184
116 2 1 16
116 5 49 186
116 9 25 150
116 14 47 197
116 18 7 223
116 19 21 67
116 21 31 46
116 23 37 115
116 35 43 28
116 40 33 31
116 42 19 175
116 52 58 174
116 53 15 70
116 56 13 224
116 60 39 195
117 5 43 206
117 12 4 172
117 21 57 46
117 23 1 215
117 27 39 119
117 33 16 65
117 35 7 71
117 36 52 21
117 38 22 179
117 42 29 175
117 47 25 49
117 48 31 110
117 50 11 120
117 54 19 91
117 60 14 195
118 3 29 217
118 4 17 148
118 5 33 23
118 6 37 138
118 21 55 46
118 30 13 83
118 33 40 146
118 41 1 165
118 42 47 175
118 44 25 153
118 48 19 110
118 49 57 59
118 52 7 139
118 53 49 112
118 57 43 198
119 7 41 48
119 9 13 41
119 10 10 124
119 16 5 37
119 18 37 223
119 22 19 97
119 23 29 177
119 24 3 173
119 35 51 33
119 43 58 78
119 49 43 153
119 54 1 91
119 59 25 36
120 2 13 69
120 9 31 41
120 10 1 75
120 13 25 39
120 14 47 99
120 31 53 169
120 36 56 21
120 41 7 6
120 42 59 175
120 45 37 111
120 49 43 59
120 52 19 99
120 56 35 57
120 57 49 198
120 60 5 195
121 12 31 27
121 13 55 39
121 15 13 17
121 16 29 179
121 19 52 67
121 20 47 174
121 25 39 14
121 26 43 13
121 27 19 119
121 28 21 170
121 40 1 86
121 41 25 44
121 42 37 178
121 43 34 78
121 47 7 87
122 7 37 48
122 9 49 41
122 22 55 139
122 26 13 80
122 27 53 110
122 31 27 169
122 35 19 219
122 37 31 209
122 38 39 104
122 39 5 132
122 40 7 220
122 41 45 44
122 46 34 203
122 53 1 85
122 55 43 128
123 3 17 115
123 14 3 197
123 17 37 217
123 20 31 191
123 28 52 170
123 31 43 169
123 37 55 136
123 45 25 209
123 46 49 203
123 48 33 88
123 52 19 172
123 56 11 57
123 57 7 19
123 59 13 36
123 60 1 195
124 2 51 16
124 3 22 217
124 8 13 2
124 9 7 150
124 14 11 197
124 21 49 46
124 23 40 115
124 26 31 13
124 31 29 119
124 38 27 104
124 40 55 31
124 47 43 178
124 51 1 159
124 52 4 174
124 55 38 128
125 6 21 156
125 9 7 30
125 12 1 27
125 14 15 197
125 17 10 129
125 18 27 164
125 19 55 96
125 24 34 173
125 30 37 91
125 31 58 169
125 33 51 146
125 38 49 104
125 43 31 130
125 46 44 5
125 58 19 8
126 5 1 23
126 7 17 79
126 10 13 124
126 20 45 191
126 22 25 97
126 24 29 16
126 26 9 114
126 33 22 200
126 34 37 42
126 39 19 132
126 45 49 152
126 55 5 141
126 57 31 4
126 58 7 8
126 60 58 42
127 1 3 51
127 2 13 16
127 7 45 48
127 8 33 199
127 11 47 112
127 26 49 114
127 28 7 140
127 32 37 45
127 36 21 1
127 39 10 166
127 42 53 175
127 43 28 130
127 44 56 100
127 55 31 128
127 56 1 204
128 2 13 116
128 14 57 197
128 18 37 164
128 22 43 97
128 24 17 173
128 29 41 25
128 37 52 210
128 38 10 104
128 39 23 207
128 41 3 6
128 46 7 161
128 47 19 87
128 54 1 218
128 55 33 128
129 3 25 217
129 8 27 2
129 11 19 112
129 13 49 145
129 18 13 55
129 28 37 170
129 31 11 186
129 34 7 98
129 36 34 1
129 38 59 104
129 39 53 142
129 40 55 160
129 46 2 203
129 50 47 120
129 57 43 34
130 1 31 148
130 3 28 115
130 4 4 158
130 11 13 176
130 13 15 121
130 19 46 67
130 29 44 64
130 30 55 32
130 33 10 146
130 36 7 1
130 39 1 132
130 44 20 25
130 47 49 49
130 52 40 99
130 54 25 170
131 7 11 48
131 9 28 30
131 14 34 132
131 21 59 46
131 27 51 119
131 36 16 21
131 38 13 179
131 43 25 130
131 50 19 120
131 51 39 159
131 52 31 99
131 55 4 128
131 56 2 224
131 57 7 198
131 59 21 20
132 3 35 115
132 6 45 138
132 8 55 65
132 11 53 5
132 14 15 132
132 15 19 17
132 16 13 205
132 22 25 183
132 26 3 13
132 28 10 140
132 37 7 136
132 39 59 207
132 42 1 175
132 46 39 203
132 47 31 127
133 7 19 48
133 12 49 27
133 13 3 39
133 14 59 197
133 15 39 17
133 20 37 191
133 21 45 46
133 26 25 171
133 31 1 169
133 34 32 98
133 40 55 84
133 42 23 178
133 43 52 130
133 50 21 120
133 59 7 20
134 6 31 156
134 14 33 197
134 16 19 205
134 18 7 55
134 20 40 166
134 22 25 139
134 24 45 126
134 29 17 135
134 33 13 200
134 36 37 1
134 38 35 104
134 42 11 175
134 46 50 5
134 52 1 174
134 53 55 112
135 5 25 206
135 9 4 30
135 11 47 5
135 15 7 216
135 17 29 141
135 19 13 67
135 22 49 97
135 24 34 126
135 32 37 84
135 35 43 33
135 38 41 202
135 40 19 160
135 47 55 178
135 52 31 172
135 56 23 57
136 9 16 30
136 10 13 29
136 18 44 164
136 20 35 174
136 21 25 46
136 25 55 190
136 27 37 119
136 40 27 86
136 41 50 165
136 44 31 24
136 45 1 152
136 50 40 120
136 51 5 82
136 55 21 128
136 59 7 177
137 8 45 193
137 12 25 27
137 13 1 76
137 20 5 191
137 23 23 215
137 26 7 171
137 28 31 143
137 31 17 64
137 34 51 15
137 40 13 86
137 48 37 88
137 51 43 159
137 55 11 182
137 58 57 8
137 59 19 155
138 1 25 216
138 8 31 2
138 10 16 29
138 14 29 132
138 20 47 191
138 23 14 215
138 27 55 119
138 28 1 92
138 30 38 167
138 32 49 84
138 33 4 202
138 39 35 207
138 42 45 224
138 43 22 78
138 48 7 3
139 1 43 26
139 12 7 40
139 15 50 182
139 19 10 67
139 26 25 13
139 28 57 143
139 35 19 33
139 36 31 21
139 40 14 220
139 41 37 6
139 43 34 22
139 48 3 73
139 56 1 184
139 60 23 42
140 5 32 206
140 6 19 138
140 9 28 150
140 12 10 172
140 13 13 145
140 24 49 173
140 32 45 37
140 33 4 200
140 37 25 136
140 41 21 95
140 43 39 130
140 46 52 203
140 50 43 120
140 57 55 198
140 60 37 195
141 1 55 51
141 4 29 148
141 6 43 156
141 7 22 48
141 11 37 5
141 20 59 191
141 26 1 80
141 30 39 83
141 33 26 146
141 41 45 165
141 46 31 203
141 47 14 127
141 51 52 138
141 55 49 141
141 58 9 8
142 9 19 30
142 16 43 37
142 17 22 162
142 19 16 96
142 22 25 17
142 23 40 215
142 24 47 16
142 25 3 44
142 27 14 119
142 29 29 78
142 30 31 167
142 43 55 130
142 50 1 58
142 52 49 174
142 60 9 195
143 1 49 51
143 2 7 116
143 5 19 186
143 12 1 172
143 22 37 63
143 23 59 215
143 26 32 114
143 28 4 92
143 29 23 64
143 40 25 79
143 44 15 190
143 49 55 185
143 50 29 81
143 53 43 163
143 54 13 11
144 3 34 218
144 5 37 4
144 8 1 70
144 11 16 176
144 14 20 197
144 18 13 164
144 26 43 171
144 28 22 106
144 29 5 114
144 30 50 18
144 36 31 1
144 44 7 25
144 48 25 88
144 53 56 58
144 58 47 8
145 3 9 217
145 6 55 138
145 9 16 41
145 16 37 179
145 19 4 96
145 20 47 166
145 37 28 136
145 38 33 104
145 41 39 95
145 43 58 130
145 48 43 3
145 49 19 59
145 52 25 174
146 1 1 148
146 2 31 69
146 4 17 158
146 5 25 186
146 7 5 194
146 13 37 39
146 18 22 223
146 25 45 156
146 26 13 114
146 30 49 32
146 32 55 213
146 50 29 120
146 52 19 174
146 53 7 70
147 1 31 56
147 10 40 124
147 16 23 205
147 22 57 17
147 26 25 114
147 28 37 143
147 29 47 135
147 30 49 58
147 37 1 209
147 42 55 224
147 50 21 81
147 52 4 35
147 53 43 65
147 55 9 128
147 59 13 177
148 3 7 217
148 4 35 148
148 8 31 87
148 20 50 191
148 25 43 190
148 26 9 80
148 30 55 167
148 33 1 193
148 39 4 166
148 43 16 130
148 46 28 203
148 50 37 58
148 52 13 99
148 53 19 70
148 54 40 11
149 3 4 115
149 8 49 193
149 9 43 30
149 13 31 121
149 14 53 197
149 16 17 205
149 17 55 217
149 18 37 55
149 23 29 215
149 28 1 9
149 30 20 32
149 34 25 98
149 40 8 79
149 41 13 95
149 51 35 159
150 1 25 208
150 12 7 172
150 15 19 57
150 20 31 166
150 21 59 225
150 23 53 215
150 24 29 173
150 26 13 171
150 27 2 110
150 31 33 169
150 36 40 1
150 40 43 86
150 42 4 175
150 52 55 174
150 53 49 65
Điểm tối ưu: 2215
Thời gian: 360.083318 giây
Trạng thái: VALID
