499
1 2 21 62
1 5 8 56
1 6 45 14
1 7 1 23
1 10 50 5
1 11 4 61
1 14 16 33
1 16 35 68
1 18 55 13
1 20 31 23
2 2 13 69
2 5 46 56
2 6 7 19
2 10 57 66
2 11 22 61
2 12 50 7
2 13 1 60
2 14 25 33
2 15 33 66
2 18 38 5
2 19 43 8
2 20 4 23
3 1 16 1
3 2 50 58
3 4 55 48
3 5 11 17
3 12 19 7
3 14 40 33
3 16 7 67
3 19 34 61
3 20 43 26
4 3 13 68
4 5 22 17
4 10 1 66
4 11 25 58
4 13 28 52
4 15 8 29
4 16 47 67
4 18 39 60
4 20 19 23
5 6 45 34
5 7 49 47
5 8 40 15
5 9 13 70
5 11 16 61
5 12 19 35
5 14 28 33
5 16 33 67
5 19 52 8
5 20 25 23
6 8 16 15
6 9 21 70
6 11 28 61
6 12 55 7
6 13 46 60
6 16 59 67
6 18 1 5
6 19 7 8
6 20 52 26
7 5 56 56
7 6 14 34
7 7 10 47
7 11 1 61
7 15 49 66
7 16 53 67
7 18 32 13
7 19 37 50
7 20 7 26
8 3 7 68
8 4 31 48
8 5 41 56
8 9 35 70
8 13 28 26
8 16 15 67
8 17 19 32
8 19 4 50
8 20 37 26
9 1 13 1
9 5 5 56
9 6 8 14
9 10 56 75
9 11 28 55
9 13 52 60
9 15 31 29
9 16 40 67
9 18 1 13
9 19 22 50
9 20 49 23
10 1 58 1
10 2 37 62
10 5 25 17
10 6 1 19
10 7 31 47
10 8 52 15
10 9 15 70
10 11 43 55
10 16 17 67
10 19 10 50
10 20 28 23
11 5 22 56
11 7 52 47
11 9 3 70
11 13 46 52
11 14 31 33
11 16 29 67
11 18 13 13
11 19 37 8
11 20 55 26
12 2 20 69
12 6 38 19
12 9 29 70
12 10 50 75
12 11 4 55
12 12 44 7
12 13 25 52
12 15 56 69
12 18 8 60
12 19 31 8
12 20 1 26
13 2 15 62
13 3 51 71
13 6 21 14
13 7 37 47
13 9 10 70
13 10 2 75
13 12 44 35
13 14 34 33
13 16 19 33
13 19 55 8
13 20 27 60
14 1 4 1
14 2 49 69
14 4 14 60
14 5 37 17
14 6 55 19
14 8 43 15
14 9 25 70
14 11 40 58
14 16 59 68
14 17 8 55
14 19 33 50
14 20 21 26
15 1 34 1
15 2 1 62
15 5 38 56
15 7 28 47
15 8 46 15
15 9 5 70
15 11 25 61
15 16 9 67
15 19 58 8
16 3 50 68
16 6 7 34
16 7 58 26
16 9 55 70
16 10 19 75
16 11 37 61
16 12 33 35
16 13 43 52
16 15 1 29
16 19 13 50
16 20 40 23
17 2 7 62
17 5 26 56
17 8 49 15
17 12 33 7
17 14 4 33
17 15 14 29
17 17 44 32
17 18 19 13
17 19 1 8
17 20 58 23
18 1 25 1
18 5 51 56
18 11 43 61
18 13 7 52
18 15 19 29
18 16 11 33
18 17 32 32
18 19 1 50
19 2 45 69
19 5 59 56
19 6 49 14
19 7 7 47
19 8 25 15
19 9 19 70
19 11 55 61
19 12 38 7
19 17 33 55
19 18 13 5
19 19 28 8
19 20 10 26
20 4 25 75
20 5 19 56
20 6 15 19
20 9 23 70
20 11 7 61
20 15 44 29
20 16 11 67
20 17 3 32
20 19 51 50
20 20 37 58
21 3 7 71
21 4 37 48
21 6 50 19
21 12 27 7
21 13 19 60
21 15 55 29
21 16 41 68
21 17 13 32
21 19 22 8
21 20 4 26
22 3 1 71
22 6 45 19
22 13 34 52
22 14 55 33
22 16 19 67
22 17 21 55
22 18 8 5
22 19 49 8
22 20 25 26
23 2 20 58
23 4 13 48
23 5 53 56
23 6 25 19
23 7 58 47
23 8 55 15
23 10 7 66
23 19 46 50
23 20 37 23
24 2 8 69
24 3 56 71
24 6 2 14
24 9 31 70
24 13 49 52
24 15 19 66
24 16 23 68
24 18 37 13
24 19 16 8
24 20 43 60
25 3 26 68
25 5 44 56
25 6 37 34
25 9 57 70
25 11 1 55
25 13 31 52
25 16 11 68
25 19 16 50
25 20 34 23
26 1 43 1
26 2 3 58
26 5 1 56
26 7 22 47
26 8 19 15
26 9 27 70
26 11 58 61
26 14 8 33
26 16 50 67
26 18 33 60
26 20 14 23
27 5 15 17
27 8 58 15
27 11 40 61
27 13 46 26
27 15 26 29
27 18 33 5
27 20 49 26
28 1 7 1
28 3 37 68
28 5 11 56
28 6 25 14
28 7 16 47
28 13 1 52
28 14 46 33
28 16 13 67
28 17 56 32
28 18 50 13
28 20 31 26
29 1 10 1
29 2 45 58
29 3 1 68
29 6 33 14
29 7 40 47
29 8 22 15
29 11 19 61
29 12 15 7
29 13 49 60
29 15 26 66
29 16 5 68
29 19 7 50
30 1 37 1
30 3 19 71
30 6 57 14
30 7 13 47
30 8 28 15
30 9 1 70
30 11 25 55
30 13 40 26
30 14 52 33
30 17 7 32
30 19 4 8
31 2 27 62
31 3 13 71
31 4 21 48
31 5 7 17
31 6 32 19
31 9 43 70
31 10 45 75
31 11 49 61
31 13 40 52
31 16 3 67
31 18 55 60
32 2 33 62
32 5 3 17
32 7 46 47
32 12 14 35
32 16 57 67
32 17 51 32
32 19 27 50
32 20 22 23
33 2 1 69
33 3 43 71
33 9 17 70
33 11 40 55
33 13 52 52
33 14 49 33
33 16 47 68
33 17 57 55
33 19 34 8
33 20 13 58
34 6 37 14
34 8 1 15
34 10 45 66
34 11 51 55
34 12 8 35
34 13 16 52
34 14 21 33
34 16 25 67
34 18 27 13
34 19 13 61
34 20 34 26
35 1 19 1
35 2 51 62
35 3 55 68
35 4 45 48
35 5 34 56
35 8 10 15
35 9 59 70
35 13 22 52
35 16 5 67
35 19 25 8
35 20 7 23
36 5 49 56
36 8 37 15
36 9 51 70
36 11 31 58
36 12 55 35
36 13 13 52
36 16 35 67
36 17 26 32
36 18 44 13
37 1 52 1
37 2 39 69
37 5 3 56
37 7 19 47
37 9 33 70
37 11 28 58
37 13 55 52
37 19 13 8
38 1 46 1
38 2 57 62
38 4 7 48
38 5 1 17
38 6 27 34
38 7 4 47
38 8 13 15
38 11 31 61
38 12 50 35
38 13 16 26
38 15 39 29
38 16 55 67
39 1 40 1
39 2 25 69
39 3 43 68
39 4 49 48
39 9 47 70
39 12 1 35
39 16 37 67
39 17 15 55
39 18 20 5
39 20 55 23
40 5 27 17
40 6 13 14
40 7 34 47
40 9 49 70
40 11 10 61
40 13 37 52
40 15 51 29
40 16 45 67
40 19 40 8
41 1 55 1
41 3 38 71
41 5 5 17
41 13 58 52
41 16 22 67
41 18 7 13
41 19 43 50
41 20 46 23
42 5 9 17
42 6 21 34
42 8 31 15
42 12 1 7
42 14 37 33
42 16 27 67
42 18 56 5
42 19 46 61
42 20 13 26
43 1 49 1
43 3 31 68
43 5 19 17
43 7 55 47
43 8 4 15
43 10 13 66
43 13 10 52
43 16 1 67
43 19 40 50
43 20 58 58
44 3 33 71
44 4 7 75
44 5 31 56
44 6 21 19
44 7 25 47
44 9 41 70
44 14 43 33
44 17 37 32
44 19 58 50
44 20 4 60
45 1 28 1
45 2 43 62
45 5 17 17
45 6 56 34
45 9 39 70
45 10 31 75
45 11 52 61
45 13 4 52
45 14 13 33
45 19 19 50
46 1 22 1
46 4 25 48
46 5 29 56
46 6 31 34
46 8 7 15
46 9 45 70
46 12 37 35
46 14 1 33
46 16 17 68
46 19 55 50
46 20 52 23
47 1 1 1
47 2 31 69
47 3 26 71
47 5 16 56
47 6 51 34
47 9 8 70
47 10 44 5
47 11 37 55
47 19 19 8
47 20 10 23
48 4 1 48
48 5 14 56
48 7 43 47
48 11 16 58
48 12 26 35
48 13 22 60
48 14 58 33
48 16 31 67
48 19 10 8
48 20 34 58
49 1 31 1
49 2 9 58
49 3 19 68
49 4 39 75
49 5 53 17
49 6 1 34
49 8 34 15
49 9 37 70
49 11 46 55
49 16 43 67
49 18 26 5
50 4 15 75
50 5 13 17
50 7 1 47
50 9 53 70
50 11 55 58
50 12 8 7
50 13 19 52
50 15 39 66
50 19 46 8
50 20 43 23
Điểm tối ưu: 499
Thời gian: 89.994230 giây
Trạng thái: VALID
