2699
1 2 37 6
1 8 10 130
1 9 40 141
1 30 17 50
1 39 46 17
1 42 25 67
1 44 1 241
1 48 55 133
1 55 19 239
1 58 7 148
1 62 31 96
1 63 43 136
1 68 27 106
1 69 13 132
1 72 52 14
2 3 35 279
2 8 38 130
2 9 49 141
2 19 25 122
2 21 3 39
2 26 13 163
2 27 15 79
2 44 57 241
2 47 5 38
2 48 19 133
2 55 8 239
2 59 1 75
2 66 31 37
2 71 44 271
3 7 13 274
3 11 7 192
3 16 33 209
3 23 43 22
3 25 11 107
3 37 1 172
3 41 4 245
3 44 40 49
3 51 19 52
3 64 17 13
3 66 49 114
3 69 26 185
3 77 58 145
4 4 31 262
4 8 55 84
4 15 7 171
4 17 19 98
4 21 29 39
4 28 13 23
4 34 39 9
4 42 49 67
4 47 10 189
4 51 21 4
4 54 25 56
4 65 35 116
4 69 1 73
4 74 16 85
5 13 14 176
5 28 5 23
5 29 52 242
5 44 49 241
5 51 7 4
5 55 56 278
5 58 22 148
5 59 40 75
5 60 34 250
5 62 1 76
5 72 25 167
5 76 11 83
5 77 31 53
6 9 31 141
6 13 43 164
6 14 25 222
6 16 27 209
6 31 23 78
6 33 51 294
6 41 58 245
6 47 29 189
6 49 37 126
6 55 1 18
6 62 8 157
6 66 19 144
6 67 47 58
6 71 13 123
6 76 5 295
7 4 1 262
7 15 52 171
7 18 45 265
7 21 31 39
7 26 15 298
7 28 34 23
7 31 17 147
7 40 21 233
7 49 37 191
7 50 25 273
7 57 4 14
7 71 57 151
7 76 19 124
7 78 9 69
8 9 55 141
8 10 31 140
8 35 2 135
8 49 38 166
8 50 49 173
8 51 44 159
8 57 58 162
8 66 25 144
8 69 14 73
8 72 4 65
8 76 21 124
8 80 9 90
9 11 19 192
9 16 47 209
9 17 15 210
9 28 13 234
9 30 35 50
9 33 1 294
9 37 10 46
9 44 37 49
9 52 31 54
9 54 7 56
9 56 28 229
9 61 49 247
9 63 25 80
9 76 43 124
10 2 1 6
10 4 40 289
10 18 13 206
10 21 25 39
10 24 33 216
10 27 49 139
10 31 7 78
10 43 3 214
10 45 9 187
10 49 27 166
10 52 19 24
10 56 45 37
10 57 37 162
10 77 43 145
10 79 16 252
11 3 17 228
11 14 52 222
11 15 1 66
11 24 13 295
11 29 4 26
11 33 26 83
11 34 46 9
11 36 43 238
11 37 33 286
11 49 7 166
11 71 37 151
11 72 19 167
11 76 11 124
12 3 47 228
12 8 44 84
12 11 19 35
12 12 27 109
12 14 15 222
12 29 34 26
12 40 9 30
12 41 7 245
12 52 38 89
12 55 49 18
12 58 4 148
12 74 31 85
12 80 55 25
13 17 23 98
13 20 55 298
13 26 26 298
13 30 41 50
13 33 1 264
13 38 7 230
13 39 34 17
13 41 44 54
13 55 37 239
13 64 31 13
13 66 13 144
13 76 5 198
13 79 46 252
13 80 49 117
14 1 43 1
14 4 25 262
14 6 13 170
14 12 31 109
14 15 7 66
14 24 49 216
14 26 33 298
14 30 11 50
14 33 19 294
14 42 3 5
14 55 55 142
14 60 46 166
14 64 23 13
14 68 29 106
15 8 27 130
15 9 16 141
15 12 3 109
15 20 5 282
15 21 14 95
15 30 9 50
15 35 21 135
15 38 31 174
15 47 35 189
15 62 43 157
15 76 51 124
15 80 38 117
16 2 22 96
16 3 15 228
16 9 28 92
16 14 17 126
16 15 46 15
16 17 5 210
16 20 11 281
16 22 49 237
16 29 37 242
16 38 1 71
16 43 8 243
16 46 35 103
16 47 43 189
16 49 31 191
16 51 55 15
17 9 22 92
17 13 27 205
17 15 16 66
17 23 31 22
17 24 7 216
17 30 11 25
17 39 4 17
17 44 13 241
17 60 44 94
17 62 49 76
17 64 25 13
17 65 19 116
17 73 37 153
17 78 39 69
18 14 1 222
18 16 3 209
18 27 43 224
18 29 13 26
18 30 16 25
18 41 10 245
18 42 39 225
18 48 31 133
18 52 49 89
18 57 25 162
18 58 19 148
18 66 56 183
18 75 7 280
18 78 5 69
19 14 7 222
19 18 19 206
19 27 43 79
19 32 37 291
19 41 16 245
19 43 22 214
19 52 56 24
19 56 40 229
19 61 1 247
19 75 25 267
19 79 10 252
19 80 31 240
20 2 49 6
20 4 7 289
20 8 46 130
20 22 33 237
20 23 15 22
20 25 23 152
20 28 3 23
20 34 37 9
20 38 51 174
20 43 25 27
20 60 10 250
20 61 55 247
20 65 13 116
21 23 49 20
21 24 25 295
21 27 55 139
21 36 40 238
21 40 31 232
21 51 43 52
21 56 16 37
21 60 13 166
21 69 7 132
21 72 4 249
21 75 19 7
21 79 1 252
22 11 31 44
22 27 38 79
22 31 29 147
22 33 9 264
22 40 43 30
22 49 49 188
22 51 55 288
22 61 4 247
22 64 59 13
22 66 13 114
22 68 7 180
22 71 19 41
22 73 35 153
22 76 2 198
22 80 25 240
23 5 44 115
23 13 25 258
23 18 5 206
23 19 1 82
23 23 31 20
23 29 10 242
23 57 7 221
23 58 16 148
23 60 40 250
23 64 13 13
23 65 59 119
23 69 19 227
23 70 49 59
23 71 55 207
23 79 37 252
24 4 52 289
24 18 1 265
24 21 7 95
24 25 40 107
24 30 31 50
24 35 29 135
24 37 49 286
24 42 34 225
24 44 44 16
24 48 9 64
24 49 13 191
24 66 20 114
24 75 3 280
25 4 7 120
25 14 5 222
25 16 35 209
25 19 13 70
25 24 44 190
25 45 1 184
25 47 19 189
25 50 55 122
25 55 31 278
25 59 10 75
25 60 37 94
25 67 17 58
25 71 51 207
25 79 25 252
26 2 28 6
26 21 26 95
26 23 7 22
26 26 52 163
26 29 1 242
26 38 56 230
26 40 37 232
26 46 23 103
26 55 19 142
26 59 15 259
26 60 4 94
26 62 32 194
26 66 43 45
26 67 13 58
27 14 5 126
27 16 21 209
27 20 41 73
27 21 7 39
27 27 49 143
27 33 13 83
27 38 37 152
27 42 2 67
27 44 31 16
27 55 25 142
27 58 9 177
27 59 58 259
27 68 17 180
28 1 26 1
28 6 38 170
28 9 44 141
28 11 49 35
28 12 23 109
28 27 19 139
28 30 29 50
28 42 15 225
28 44 55 49
28 46 59 103
28 52 31 24
28 59 13 81
28 71 7 207
28 72 1 167
29 7 1 274
29 10 25 140
29 16 5 209
29 22 20 77
29 23 43 197
29 29 37 223
29 31 17 78
29 40 49 30
29 44 40 241
29 49 31 126
29 52 7 24
29 61 58 247
29 71 13 207
29 78 55 69
30 3 5 237
30 15 37 171
30 19 27 70
30 31 25 78
30 39 22 17
30 45 31 187
30 47 57 228
30 53 3 102
30 56 7 229
30 62 43 76
30 66 50 45
30 73 10 153
30 77 19 53
30 78 59 69
30 80 14 240
31 11 38 192
31 14 47 222
31 19 25 82
31 26 9 298
31 44 16 49
31 45 51 187
31 47 33 50
31 61 43 247
31 65 59 116
31 66 19 45
31 68 23 106
31 76 7 124
31 79 13 252
32 1 49 1
32 9 19 92
32 13 43 205
32 15 14 15
32 17 26 98
32 19 56 178
32 28 52 234
32 33 37 83
32 35 4 135
32 51 8 300
32 55 32 239
32 56 22 229
32 65 29 119
33 2 55 6
33 4 44 289
33 20 41 281
33 29 22 26
33 31 29 78
33 33 13 264
33 40 25 275
33 46 1 74
33 47 3 189
33 54 52 56
33 62 37 76
33 64 57 13
33 71 31 151
33 72 49 167
33 80 8 240
34 3 25 237
34 9 7 141
34 11 38 260
34 17 31 98
34 21 55 95
34 24 19 295
34 35 23 135
34 43 33 243
34 44 27 49
34 50 1 273
34 53 10 102
34 63 52 80
34 69 14 236
34 74 43 85
35 6 25 147
35 12 47 109
35 21 5 39
35 22 2 204
35 23 13 201
35 25 55 107
35 31 19 78
35 44 10 16
35 54 40 56
35 55 57 18
35 61 31 247
35 64 49 13
36 3 25 279
36 15 4 171
36 21 45 39
36 23 20 197
36 26 11 163
36 33 49 264
36 37 27 172
36 43 56 27
36 44 34 49
36 54 1 56
36 62 37 157
36 63 7 227
36 67 15 58
36 76 53 124
37 1 7 1
37 2 25 96
37 11 44 260
37 13 20 164
37 26 1 163
37 28 31 234
37 34 3 9
37 35 27 135
37 42 38 67
37 57 49 162
37 59 5 259
37 60 13 94
37 64 52 13
38 3 1 279
38 9 16 92
38 12 51 109
38 14 3 222
38 20 28 282
38 23 44 20
38 39 10 17
38 41 49 54
38 44 32 241
38 46 38 103
38 48 56 19
38 62 19 63
38 65 7 119
39 9 1 92
39 19 25 178
39 20 7 282
39 26 35 298
39 28 5 234
39 43 40 214
39 44 22 16
39 51 44 288
39 53 31 102
39 56 56 251
39 57 9 162
39 71 13 271
39 76 49 124
40 11 44 35
40 20 35 73
40 21 17 95
40 22 26 77
40 29 1 26
40 31 15 147
40 40 8 233
40 45 56 283
40 49 49 191
40 53 53 102
40 54 37 56
40 69 20 73
41 11 13 35
41 18 50 211
41 22 40 237
41 24 32 190
41 28 9 234
41 39 58 17
41 41 27 245
41 48 1 64
41 59 7 169
41 63 20 136
41 71 43 41
41 75 37 7
41 77 5 53
41 79 52 252
42 2 57 6
42 8 22 84
42 10 43 140
42 12 35 109
42 17 13 98
42 20 5 73
42 28 25 234
42 30 8 25
42 34 17 1
42 42 32 67
42 47 15 189
42 54 28 56
42 65 38 119
42 69 51 73
42 73 2 181
43 11 33 35
43 24 25 112
43 35 31 135
43 46 52 103
43 49 19 166
43 53 46 102
43 56 57 229
43 57 40 14
43 58 13 148
43 60 43 166
43 62 8 194
43 67 38 299
43 75 16 280
43 78 3 69
44 2 20 96
44 11 14 260
44 23 33 201
44 24 55 190
44 25 22 107
44 33 8 294
44 36 1 238
44 42 31 225
44 48 43 133
44 57 25 221
44 61 52 247
44 71 37 285
44 73 4 181
45 3 17 279
45 13 7 205
45 15 22 66
45 18 3 206
45 20 19 282
45 22 58 77
45 26 52 298
45 29 49 26
45 31 27 78
45 35 45 135
45 42 5 225
45 55 38 18
45 57 55 221
45 66 32 45
45 78 11 69
46 3 21 228
46 13 13 205
46 18 17 265
46 20 25 282
46 30 27 25
46 37 56 62
46 40 37 30
46 43 49 27
46 53 7 231
46 56 10 229
46 65 32 116
46 75 4 267
46 78 1 69
47 2 51 6
47 6 19 202
47 13 43 269
47 15 25 15
47 19 55 82
47 36 13 238
47 37 4 62
47 44 1 16
47 50 7 173
47 66 37 244
47 71 33 207
47 77 28 53
47 78 49 69
48 1 4 1
48 4 1 289
48 14 53 92
48 15 9 15
48 16 57 209
48 18 7 206
48 21 19 95
48 22 46 237
48 24 33 112
48 28 43 234
48 34 17 216
48 40 25 233
48 59 13 75
48 67 21 58
49 8 7 84
49 10 51 140
49 12 39 109
49 18 15 211
49 19 43 178
49 30 25 25
49 42 4 67
49 44 27 241
49 47 1 189
49 55 20 18
49 58 31 148
49 63 55 80
49 64 35 163
49 75 10 280
50 18 11 206
50 28 35 234
50 29 22 242
50 30 1 25
50 44 13 16
50 53 49 231
50 59 9 259
50 62 3 63
50 63 58 136
50 68 19 180
50 71 43 151
50 72 28 167
50 77 7 53
50 80 39 25
51 4 22 262
51 16 1 209
51 20 11 73
51 30 14 25
51 32 49 291
51 37 25 62
51 42 17 225
51 43 28 243
51 49 31 188
51 53 19 231
51 54 4 56
51 69 7 43
51 75 40 267
52 1 55 1
52 3 26 228
52 5 38 115
52 8 32 130
52 18 5 211
52 30 7 50
52 37 1 62
52 43 19 203
52 50 9 273
52 68 35 106
52 71 44 207
52 73 13 181
52 77 15 145
53 1 10 1
53 11 19 260
53 13 56 205
53 15 43 171
53 17 46 210
53 28 37 234
53 40 2 30
53 45 26 184
53 46 40 103
53 52 13 106
53 53 23 231
53 56 31 251
53 59 53 169
53 61 34 247
53 72 49 249
54 1 22 1
54 7 7 274
54 8 16 84
54 11 31 192
54 13 38 205
54 14 29 126
54 15 43 15
54 30 4 25
54 43 13 203
54 49 25 188
54 57 49 221
54 71 55 271
54 73 52 153
54 74 1 85
55 6 49 193
55 7 19 274
55 15 58 66
55 17 41 210
55 18 3 265
55 23 45 172
55 28 29 23
55 29 55 242
55 38 14 152
55 39 31 17
55 45 37 187
55 46 27 103
55 53 1 102
55 65 43 119
55 69 7 236
56 1 1 1
56 14 56 222
56 27 25 139
56 31 37 78
56 32 4 291
56 40 49 233
56 41 46 54
56 42 59 67
56 45 7 283
56 53 13 231
56 60 31 250
56 63 16 80
56 66 19 183
57 3 53 237
57 6 7 193
57 19 1 122
57 21 47 95
57 24 13 216
57 27 21 143
57 28 19 23
57 33 43 294
57 43 49 214
57 50 55 173
57 55 37 278
57 66 31 144
57 75 26 280
58 11 13 44
58 18 17 206
58 25 29 107
58 26 57 163
58 42 37 225
58 55 1 142
58 56 40 251
58 60 22 250
58 63 19 80
58 67 32 58
58 71 25 151
58 72 8 167
58 77 11 145
58 79 49 252
59 12 59 109
59 13 14 164
59 16 23 209
59 22 31 77
59 31 41 78
59 41 1 245
59 58 4 51
59 59 57 81
59 62 7 63
59 72 38 249
59 77 45 145
60 13 39 164
60 16 37 209
60 17 11 210
60 18 3 211
60 20 57 282
60 21 1 95
60 50 32 173
60 52 13 89
60 53 17 102
60 55 7 134
60 58 20 177
60 59 5 81
61 2 3 96
61 6 19 193
61 14 38 222
61 15 34 66
61 16 29 209
61 22 25 204
61 23 9 201
61 40 43 275
61 47 31 189
61 50 55 273
61 58 40 177
61 60 13 250
61 61 16 247
61 67 1 58
62 2 17 96
62 4 37 289
62 19 13 178
62 28 7 23
62 34 19 9
62 36 4 238
62 37 40 62
62 50 31 273
62 51 25 4
62 54 49 56
62 56 52 229
62 59 11 259
62 65 1 116
62 69 44 73
63 2 35 6
63 12 7 109
63 14 21 222
63 16 13 209
63 21 11 95
63 37 16 46
63 57 52 162
63 66 1 114
63 68 25 106
63 69 37 132
63 78 57 69
63 80 31 117
64 4 28 289
64 9 13 141
64 15 1 15
64 16 25 209
64 24 43 112
64 25 4 152
64 30 20 50
64 41 58 54
64 43 22 243
64 51 37 52
64 57 16 14
64 60 55 250
64 66 31 114
64 71 8 123
64 80 49 240
65 24 44 295
65 34 1 9
65 38 27 174
65 41 41 245
65 42 25 225
65 49 3 125
65 56 13 251
65 58 10 148
65 63 38 80
65 72 32 249
65 73 20 181
66 12 1 109
66 15 19 66
66 16 45 209
66 19 7 82
66 31 11 147
66 37 3 46
66 46 33 103
66 60 49 94
66 69 13 185
66 71 37 271
66 73 22 181
66 76 17 124
67 1 34 1
67 3 1 237
67 12 9 109
67 17 17 210
67 19 19 178
67 20 23 282
67 21 39 95
67 22 49 204
67 28 59 23
67 40 3 21
67 52 43 89
67 60 31 166
67 69 25 73
67 71 55 41
67 74 13 85
68 2 7 6
68 4 34 262
68 6 1 202
68 8 26 84
68 22 55 77
68 27 9 60
68 37 51 62
68 45 19 187
68 56 13 229
68 57 31 221
68 63 43 227
68 66 37 45
68 68 47 180
68 72 58 249
69 3 21 237
69 14 25 126
69 18 23 211
69 24 43 216
69 28 33 234
69 30 13 50
69 56 16 229
69 62 51 157
69 64 37 13
69 68 59 106
69 72 4 167
69 77 7 145
70 5 2 115
70 17 11 98
70 21 20 39
70 25 27 107
70 29 52 26
70 30 46 25
70 56 16 251
70 60 34 166
70 61 7 247
70 62 56 157
70 63 13 136
70 65 40 119
70 72 49 14
70 76 43 198
70 77 22 145
71 3 51 279
71 13 33 176
71 23 19 20
71 29 13 242
71 39 40 17
71 40 43 21
71 42 23 67
71 45 7 256
71 46 25 103
71 58 16 51
71 59 37 75
71 63 28 136
71 68 31 106
71 69 55 185
71 71 2 151
72 3 7 279
72 13 25 164
72 15 13 66
72 22 34 204
72 24 49 190
72 42 16 67
72 49 43 188
72 52 9 106
72 57 19 14
72 65 3 116
72 68 37 106
72 74 22 85
73 2 14 6
73 3 10 228
73 13 31 205
73 14 45 222
73 19 49 82
73 20 7 281
73 25 19 107
73 36 22 238
73 43 28 27
73 44 16 16
73 59 35 75
73 61 37 247
73 63 25 136
73 69 2 185
74 12 15 109
74 15 21 15
74 28 19 234
74 30 4 50
74 36 52 238
74 42 13 225
74 44 25 16
74 51 8 52
74 60 46 250
74 64 39 13
74 66 32 244
74 68 55 106
74 72 28 249
75 11 25 192
75 14 31 222
75 17 1 210
75 21 29 95
75 26 47 163
75 38 19 258
75 42 52 67
75 43 13 214
75 44 10 49
75 58 16 177
75 63 7 136
75 71 3 207
75 77 35 53
75 78 23 69
76 2 16 6
76 6 56 202
76 19 43 70
76 20 49 298
76 40 27 30
76 43 4 203
76 45 39 283
76 46 11 103
76 50 20 173
76 60 1 250
76 62 51 194
76 67 7 299
76 76 47 83
77 2 52 96
77 3 13 228
77 11 43 43
77 34 31 9
77 37 7 62
77 41 33 245
77 49 20 188
77 57 16 162
77 63 3 80
77 64 1 13
77 76 35 83
77 77 10 53
77 80 37 240
78 7 39 274
78 11 14 87
78 17 19 210
78 22 10 77
78 24 55 112
78 25 31 279
78 33 25 264
78 37 7 46
78 38 33 152
78 44 4 16
78 57 22 162
78 61 46 247
78 69 49 132
78 73 2 153
78 78 43 69
79 6 43 147
79 21 1 39
79 22 7 77
79 31 59 78
79 32 10 291
79 37 4 172
79 40 55 30
79 47 47 50
79 50 51 28
79 51 13 4
79 55 31 18
79 65 17 119
79 66 25 183
79 71 37 41
79 75 20 267
80 3 17 237
80 6 49 134
80 8 19 84
80 9 44 92
80 11 32 43
80 22 56 204
80 34 25 9
80 37 13 286
80 38 7 174
80 43 40 27
80 58 22 198
80 64 5 48
80 71 1 41
80 75 37 267
80 80 27 90
81 4 55 262
81 6 49 147
81 9 4 141
81 18 1 206
81 20 53 282
81 22 45 204
81 34 7 9
81 40 19 232
81 50 31 236
81 57 13 162
81 72 58 14
81 76 9 198
82 7 31 274
82 20 51 282
82 29 7 242
82 34 35 9
82 36 28 238
82 38 1 174
82 55 43 18
82 56 19 229
82 60 25 94
82 65 15 119
82 68 5 159
82 70 38 59
83 12 43 109
83 13 38 176
83 19 45 122
83 20 29 73
83 26 7 298
83 28 27 23
83 34 11 9
83 39 1 17
83 49 19 191
83 54 34 56
83 57 31 162
83 63 13 80
83 64 9 13
83 68 23 180
84 8 1 130
84 34 53 216
84 38 43 152
84 40 7 232
84 41 37 54
84 47 25 189
84 48 33 224
84 50 49 236
84 54 13 56
84 63 40 136
84 67 47 299
84 69 56 73
84 71 19 151
84 74 28 85
85 11 49 260
85 14 27 222
85 17 34 210
85 23 44 201
85 35 9 135
85 43 19 214
85 54 22 56
85 57 40 162
85 59 17 75
85 66 13 45
85 67 7 58
85 68 5 106
85 71 1 123
85 73 58 181
86 11 14 43
86 31 4 147
86 32 52 291
86 36 34 238
86 39 55 17
86 42 44 5
86 57 7 14
86 63 31 227
86 66 19 244
86 72 28 14
86 74 10 85
86 76 39 124
86 77 2 145
87 6 37 193
87 17 29 98
87 20 13 282
87 22 43 237
87 24 7 65
87 29 19 223
87 32 31 291
87 34 41 9
87 41 55 245
87 42 27 67
87 50 49 273
87 51 1 288
87 61 22 247
87 72 15 167
87 76 46 124
88 3 19 228
88 21 37 39
88 25 13 107
88 29 7 26
88 33 21 264
88 35 15 135
88 40 39 233
88 49 1 191
88 55 56 239
88 56 52 251
88 63 10 227
88 69 31 132
88 71 25 207
89 3 19 279
89 6 25 134
89 14 29 222
89 24 55 295
89 38 13 230
89 41 17 54
89 44 1 49
89 47 39 38
89 48 21 19
89 63 49 80
89 66 44 244
89 67 34 58
89 75 31 7
89 80 7 117
90 2 47 6
90 11 38 43
90 19 19 82
90 28 59 234
90 35 33 135
90 43 16 214
90 49 43 191
90 60 56 94
90 67 23 299
90 68 49 106
90 69 7 185
90 72 25 249
90 75 2 7
90 78 51 69
91 20 13 281
91 21 11 39
91 23 1 20
91 26 17 163
91 31 49 78
91 37 7 286
91 46 15 103
91 56 31 229
91 63 58 80
91 68 5 180
91 71 19 207
91 72 25 281
92 4 49 289
92 8 43 130
92 11 27 35
92 12 25 109
92 28 1 23
92 31 55 78
92 33 15 281
92 42 57 225
92 46 3 3
92 47 11 38
92 60 19 94
92 63 37 136
92 71 7 41
93 4 16 289
93 6 2 193
93 18 20 211
93 20 59 298
93 21 35 39
93 26 31 163
93 34 52 9
93 37 10 286
93 38 38 71
93 42 13 67
93 47 33 189
93 52 44 24
93 59 49 75
93 63 22 80
93 70 25 59
94 4 52 262
94 11 55 43
94 23 9 197
94 28 16 23
94 41 50 245
94 42 7 225
94 45 19 256
94 58 2 177
94 65 29 116
94 69 43 185
94 71 37 123
94 72 32 167
94 73 47 153
94 75 25 7
95 9 37 92
95 11 8 44
95 20 47 298
95 28 57 234
95 42 27 225
95 44 20 241
95 46 3 103
95 47 17 189
95 50 13 273
95 56 34 251
95 60 31 94
95 73 5 153
95 79 43 252
96 7 55 274
96 19 13 122
96 22 31 204
96 24 50 295
96 32 7 291
96 41 35 245
96 42 45 225
96 55 25 239
96 59 1 259
96 63 10 80
96 69 19 132
96 73 17 153
96 76 4 124
96 79 40 252
97 3 7 237
97 11 49 43
97 14 11 222
97 18 9 265
97 19 31 82
97 23 55 22
97 37 4 286
97 41 53 54
97 44 1 219
97 50 37 236
97 59 23 259
97 60 28 94
97 61 13 247
97 62 43 194
97 74 19 85
98 6 25 202
98 20 41 298
98 42 43 225
98 43 49 243
98 45 7 184
98 49 55 191
98 51 19 288
98 54 31 56
98 55 2 134
98 69 37 73
98 71 13 41
98 74 52 85
98 77 23 53
98 80 45 23
99 1 37 1
99 2 11 96
99 3 13 237
99 4 56 289
99 15 4 66
99 34 15 9
99 43 40 243
99 48 25 224
99 49 7 188
99 53 20 102
99 54 43 56
99 60 34 94
99 63 1 136
99 66 49 144
100 5 49 115
100 6 1 170
100 17 13 210
100 24 15 112
100 26 28 298
100 31 43 78
100 33 19 281
100 37 37 286
100 40 45 232
100 48 31 64
100 52 55 89
100 53 35 102
100 58 25 177
100 78 53 69
100 80 8 5
101 2 33 6
101 11 25 260
101 17 39 98
101 28 41 234
101 32 46 291
101 33 19 83
101 40 13 233
101 41 37 245
101 44 49 49
101 57 1 162
101 66 7 144
101 68 23 159
101 73 11 181
102 11 31 260
102 14 9 222
102 24 37 216
102 31 53 78
102 36 55 238
102 37 14 62
102 41 25 245
102 44 44 49
102 57 4 162
102 71 49 271
102 76 58 124
102 79 19 252
102 80 27 5
103 2 14 96
103 16 7 209
103 19 37 70
103 35 58 135
103 36 10 238
103 43 31 203
103 44 20 49
103 46 5 74
103 53 43 102
103 58 1 51
103 62 25 76
103 75 55 280
103 78 17 69
104 2 43 6
104 4 22 289
104 18 10 211
104 21 14 39
104 22 16 204
104 26 8 163
104 31 19 147
104 32 25 291
104 43 31 214
104 49 37 188
104 56 1 229
104 63 28 227
104 79 4 252
105 3 19 237
105 10 13 140
105 15 1 171
105 25 43 107
105 28 39 234
105 34 50 9
105 36 58 238
105 37 10 62
105 45 25 283
105 55 21 278
105 62 31 63
105 65 37 116
105 78 45 69
106 5 26 115
106 11 7 260
106 12 19 109
106 16 31 209
106 21 33 95
106 26 4 298
106 28 46 234
106 33 55 83
106 34 21 9
106 43 37 27
106 48 50 64
106 51 13 52
106 65 23 119
107 4 34 289
107 10 8 140
107 17 32 210
107 20 17 282
107 33 38 294
107 35 13 135
107 40 55 275
107 47 49 189
107 52 2 24
107 63 52 136
107 65 25 119
107 66 43 144
107 75 28 267
107 80 20 90
108 9 50 92
108 24 1 112
108 25 17 107
108 40 31 275
108 47 59 189
108 48 37 218
108 49 13 125
108 50 55 236
108 55 43 239
108 57 10 14
108 58 27 51
108 66 19 269
108 75 7 7
109 18 7 265
109 19 1 178
109 23 13 197
109 24 19 112
109 27 43 143
109 36 31 238
109 38 9 71
109 42 47 225
109 43 28 203
109 47 37 189
109 48 49 133
109 58 25 148
109 73 23 153
109 74 40 85
109 80 55 240
110 2 53 6
110 6 37 134
110 9 10 141
110 24 14 190
110 26 5 163
110 38 21 230
110 40 1 233
110 46 19 103
110 47 7 189
110 48 25 133
110 74 49 85
110 76 56 124
110 78 31 69
111 13 26 176
111 18 1 211
111 20 31 282
111 25 3 107
111 32 58 291
111 40 49 21
111 44 34 16
111 52 13 54
111 53 5 102
111 55 43 142
111 61 10 247
111 62 37 194
111 65 21 119
111 67 23 58
111 74 7 85
112 5 55 115
112 12 29 109
112 18 15 265
112 20 49 282
112 24 1 295
112 31 9 147
112 42 52 225
112 43 43 214
112 51 25 52
112 54 46 56
112 59 5 169
112 65 13 119
112 71 20 271
112 72 32 14
113 2 41 6
113 4 4 289
113 9 19 141
113 12 11 109
113 14 17 222
113 21 27 39
113 32 1 291
113 33 55 294
113 36 7 238
113 45 13 256
113 51 49 159
113 55 43 278
113 56 37 229
113 75 34 7
114 2 11 6
114 6 13 202
114 8 52 130
114 11 55 260
114 13 7 269
114 19 31 70
114 32 22 291
114 34 17 9
114 43 46 27
114 44 49 16
114 48 38 133
114 50 2 173
114 60 43 250
114 65 27 116
114 67 25 58
115 25 31 107
115 27 7 139
115 35 56 135
115 45 49 184
115 47 41 189
115 52 1 89
115 53 39 231
115 56 45 251
115 58 28 177
115 64 21 13
115 74 25 85
115 75 13 280
115 77 33 53
116 1 52 1
116 2 3 6
116 6 7 170
116 9 37 141
116 11 26 43
116 17 1 98
116 36 46 238
116 40 33 233
116 58 40 148
116 62 13 194
116 67 5 58
116 72 19 249
116 74 58 85
116 75 22 7
117 11 7 35
117 19 37 122
117 39 13 17
117 43 32 27
117 46 1 3
117 51 3 300
117 59 29 75
117 60 22 94
117 65 11 116
117 70 56 59
117 71 25 41
117 72 43 281
117 74 46 85
118 4 40 262
118 6 49 202
118 7 25 274
118 14 5 288
118 37 32 62
118 38 43 287
118 42 19 225
118 45 13 184
118 50 21 273
118 53 29 102
118 55 1 239
118 57 10 221
118 62 55 63
118 72 37 281
119 6 7 202
119 12 49 109
119 16 43 209
119 25 46 107
119 33 26 294
119 37 1 286
119 40 51 223
119 41 35 54
119 51 19 159
119 61 40 247
119 63 32 136
119 66 15 244
119 67 5 299
119 69 56 132
119 76 23 124
120 2 1 96
120 13 50 205
120 21 9 39
120 32 14 291
120 35 17 135
120 38 31 230
120 42 21 67
120 44 28 16
120 50 37 273
120 51 3 4
120 68 7 106
120 74 55 85
121 8 7 130
121 22 44 77
121 25 49 107
121 26 21 298
121 29 31 242
121 39 16 17
121 57 13 14
121 60 10 255
121 68 51 106
121 69 37 185
121 73 25 181
121 80 1 117
122 2 9 96
122 28 7 234
122 41 19 245
122 42 1 225
122 43 21 27
122 45 13 187
122 46 3 74
122 59 44 75
122 65 40 116
122 67 11 299
122 73 25 153
122 74 34 85
122 77 28 145
123 1 31 1
123 9 1 43
123 15 28 15
123 17 7 210
123 18 5 265
123 28 9 23
123 29 40 242
123 32 34 291
123 33 50 83
123 45 43 283
123 57 55 162
123 67 19 299
123 73 15 181
123 76 17 295
124 3 23 279
124 5 13 115
124 13 1 176
124 15 10 66
124 16 59 209
124 17 8 98
124 34 27 9
124 42 56 67
124 45 19 283
124 50 37 173
124 51 49 52
124 64 46 13
124 71 31 123
125 5 9 115
125 8 13 130
125 9 43 65
125 13 25 269
125 18 19 265
125 20 39 282
125 36 16 238
125 42 22 225
125 43 46 243
125 45 33 184
125 52 49 24
125 63 1 227
125 72 57 167
126 8 22 130
126 12 45 109
126 14 13 222
126 17 35 98
126 26 17 298
126 31 31 147
126 34 43 9
126 35 51 135
126 48 25 64
126 52 8 54
126 54 58 56
126 56 4 229
126 66 37 183
126 75 1 267
126 76 41 83
127 3 14 279
127 5 19 115
127 6 49 170
127 23 1 22
127 34 58 9
127 41 29 245
127 43 43 203
127 51 25 171
127 56 37 251
127 58 32 51
127 68 41 159
127 70 7 59
127 72 16 249
128 6 32 170
128 11 2 260
128 17 21 210
128 32 55 291
128 39 28 17
128 43 25 214
128 47 23 189
128 49 8 126
128 51 13 159
128 56 49 229
128 60 52 94
128 64 19 13
128 72 43 167
128 76 37 124
129 4 16 120
129 11 1 35
129 13 38 269
129 19 7 70
129 22 13 204
129 25 46 279
129 26 44 163
129 48 50 224
129 51 27 288
129 52 32 89
129 53 25 231
129 62 56 76
129 80 20 117
130 6 43 202
130 14 23 222
130 16 41 209
130 24 37 112
130 25 53 107
130 27 13 139
130 38 19 71
130 41 47 245
130 46 7 3
130 50 1 28
130 57 28 221
130 72 10 249
130 73 17 181
131 4 43 262
131 23 1 201
131 24 7 190
131 25 5 107
131 28 29 234
131 30 31 25
131 35 37 135
131 38 51 230
131 41 25 54
131 46 49 3
131 52 39 54
131 59 11 81
131 62 33 157
131 72 22 167
131 75 13 267
132 3 28 237
132 6 31 193
132 8 4 84
132 23 13 20
132 33 55 264
132 39 25 17
132 42 10 225
132 47 35 228
132 48 37 224
132 57 1 221
132 59 7 75
132 80 43 117
133 1 46 1
133 9 52 141
133 15 31 66
133 17 5 98
133 20 1 282
133 29 19 242
133 38 37 258
133 40 13 232
133 46 29 103
133 49 55 188
133 71 25 271
133 76 9 124
133 78 7 69
134 16 53 209
134 18 7 211
134 20 10 282
134 22 37 204
134 25 33 107
134 30 22 25
134 35 41 135
134 37 44 286
134 59 31 75
134 63 16 136
134 71 3 271
134 72 13 249
135 6 20 170
135 8 37 84
135 24 25 216
135 31 14 78
135 37 43 62
135 45 2 256
135 51 32 159
135 55 49 239
135 64 55 13
135 65 9 116
135 66 57 114
135 75 46 7
136 2 5 6
136 3 11 237
136 10 55 140
136 13 7 176
136 17 3 98
136 22 52 204
136 37 19 62
136 43 22 203
136 48 13 64
136 55 25 18
136 65 34 119
136 77 41 145
137 7 43 274
137 12 13 109
137 20 38 298
137 23 49 197
137 25 25 107
137 27 33 143
137 48 19 64
137 54 10 56
137 55 15 18
137 59 31 259
137 65 2 119
137 72 55 14
137 73 29 153
138 3 23 237
138 11 50 192
138 13 55 176
138 19 19 70
138 28 31 23
138 30 26 50
138 32 43 291
138 34 5 9
138 41 13 245
138 42 29 67
138 51 8 159
138 52 1 106
138 55 15 142
138 66 37 144
138 76 33 124
139 6 43 170
139 9 55 92
139 24 37 190
139 44 10 241
139 49 1 126
139 50 49 122
139 52 19 54
139 56 25 229
139 57 14 221
139 58 7 51
139 59 17 259
139 65 23 116
139 78 33 69
140 11 57 192
140 15 31 15
140 16 9 209
140 21 22 95
140 22 34 77
140 23 38 22
140 26 29 163
140 31 13 147
140 33 43 83
140 43 1 243
140 46 55 103
140 51 25 159
140 52 15 24
140 65 53 119
141 14 41 222
141 19 37 178
141 24 49 112
141 26 33 163
141 39 19 17
141 46 45 103
141 56 4 251
141 60 1 94
141 68 43 106
141 69 25 132
141 71 7 271
141 73 13 153
141 78 15 69
141 80 55 117
142 1 40 1
142 2 45 6
142 6 13 193
142 11 55 35
142 12 5 109
142 18 17 211
142 26 2 298
142 28 27 234
142 31 33 147
142 36 49 238
142 41 23 54
142 50 19 236
142 57 37 14
142 66 7 183
143 2 5 96
143 9 10 92
143 19 43 82
143 20 3 281
143 22 50 77
143 29 34 242
143 30 53 50
143 38 37 174
143 48 25 19
143 58 19 51
143 71 13 151
143 79 7 252
143 80 55 90
144 4 19 262
144 15 39 15
144 16 49 209
144 30 15 50
144 31 46 78
144 40 56 21
144 43 7 203
144 51 2 52
144 56 22 251
144 65 10 119
144 70 31 59
144 77 53 145
144 80 26 117
145 4 13 289
145 16 19 209
145 37 28 286
145 38 49 145
145 40 21 21
145 45 1 187
145 47 56 189
145 48 44 64
145 54 16 56
145 56 34 229
145 58 31 177
145 60 9 94
145 61 25 247
145 65 7 116
146 2 59 6
146 11 44 192
146 15 22 171
146 19 50 178
146 29 19 26
146 31 5 78
146 43 9 27
146 45 1 283
146 47 13 189
146 62 25 63
146 71 31 41
146 75 15 7
147 14 33 222
147 22 13 77
147 29 16 242
147 38 49 152
147 45 56 187
147 46 11 74
147 49 19 126
147 56 25 251
147 59 46 169
147 64 3 13
147 69 7 73
147 78 35 69
148 6 25 193
148 8 13 84
148 10 19 140
148 19 33 178
148 31 3 78
148 41 1 54
148 43 16 243
148 45 55 184
148 46 43 103
148 47 29 228
148 48 45 19
148 51 37 159
148 71 51 123
148 75 10 7
149 6 43 193
149 8 19 130
149 12 57 109
149 28 22 234
149 45 31 283
149 48 7 19
149 53 29 231
149 55 1 278
149 60 16 166
149 63 50 227
149 66 25 244
149 72 39 167
150 11 13 192
150 21 22 39
150 27 38 139
150 34 29 1
150 45 25 187
150 47 5 189
150 49 1 188
150 55 7 142
150 64 11 13
150 65 31 119
150 66 33 183
150 73 19 153
151 3 5 279
151 4 25 289
151 9 40 92
151 15 19 171
151 20 9 281
151 26 3 163
151 37 22 62
151 42 7 67
151 48 31 19
151 50 43 273
151 51 49 15
151 55 13 239
152 4 49 262
152 11 39 35
152 18 53 265
152 27 45 139
152 32 19 291
152 33 1 83
152 38 57 174
152 48 13 133
152 53 33 102
152 66 8 244
152 72 25 14
152 77 31 145
153 13 55 258
153 18 25 265
153 19 1 70
153 33 13 294
153 40 50 232
153 42 44 67
153 43 46 214
153 44 19 16
153 46 9 103
153 48 37 64
153 58 22 51
153 60 27 250
153 69 31 73
153 73 7 181
154 9 31 92
154 18 27 206
154 20 34 282
154 24 55 216
154 31 7 147
154 40 44 233
154 48 2 133
154 51 13 288
154 55 50 142
154 57 20 221
154 58 37 148
154 66 9 45
154 68 29 159
155 26 19 298
155 31 1 78
155 37 25 286
155 44 31 49
155 46 7 103
155 47 53 189
155 50 43 173
155 51 56 159
155 53 22 102
155 65 4 119
155 68 17 106
155 69 49 185
156 3 32 228
156 9 34 92
156 17 9 210
156 18 11 265
156 20 43 298
156 21 53 95
156 25 7 107
156 26 27 163
156 32 40 291
156 44 4 241
156 50 45 236
156 60 16 250
156 67 19 58
156 80 49 23
157 22 10 204
157 28 1 234
157 33 31 83
157 36 19 238
157 47 47 189
157 48 37 19
157 52 3 54
157 55 13 278
157 57 44 221
157 72 22 249
157 75 7 267
157 76 25 124
157 77 17 53
157 78 28 69
158 13 57 164
158 23 19 22
158 24 37 295
158 28 11 234
158 33 32 294
158 34 55 9
158 38 13 71
158 44 52 241
158 48 1 19
158 59 7 81
158 63 49 136
158 64 27 13
158 71 43 123
159 22 28 204
159 38 45 71
159 39 7 17
159 53 37 231
159 60 4 255
159 62 19 76
159 64 15 13
159 66 55 144
159 71 50 41
159 72 1 249
159 73 59 153
159 75 40 7
159 77 17 145
159 78 13 69
159 79 31 252
160 1 58 1
160 3 4 228
160 6 19 134
160 8 55 130
160 15 26 66
160 19 38 82
160 20 1 281
160 35 11 135
160 40 31 30
160 42 35 67
160 43 49 203
160 44 7 49
160 45 13 283
160 72 52 167
160 80 43 240
161 6 25 170
161 13 43 258
161 15 10 171
161 17 37 98
161 24 32 295
161 25 51 107
161 27 55 143
161 28 3 234
161 33 39 264
161 46 17 103
161 50 13 173
161 52 20 89
161 59 7 259
162 6 31 134
162 18 13 211
162 20 41 282
162 21 35 95
162 26 23 298
162 28 43 23
162 37 16 286
162 38 26 71
162 42 46 67
162 55 49 278
162 66 57 45
162 69 19 185
162 74 4 85
163 3 9 237
163 4 13 262
163 9 1 141
163 13 49 176
163 25 59 107
163 38 55 152
163 41 39 245
163 43 28 214
163 45 20 184
163 53 16 231
163 72 44 249
163 75 31 267
163 77 4 145
164 9 4 43
164 13 55 269
164 21 9 95
164 23 37 201
164 24 19 190
164 26 11 298
164 34 29 9
164 41 31 245
164 46 47 103
164 63 33 80
164 67 50 299
164 68 53 159
164 70 13 59
164 71 25 123
165 6 55 147
165 7 49 274
165 20 43 282
165 27 13 143
165 30 22 50
165 34 46 297
165 39 37 17
165 44 4 49
165 47 8 127
165 54 19 56
165 55 25 278
165 67 41 299
165 68 53 106
166 8 49 130
166 9 58 92
166 10 37 140
166 18 9 206
166 24 2 216
166 48 13 224
166 52 27 54
166 57 34 162
166 67 25 299
166 72 46 14
166 80 19 240
167 4 46 262
167 6 33 202
167 9 4 92
167 13 49 164
167 20 37 282
167 35 53 135
167 46 31 103
167 51 7 288
167 57 28 162
167 60 56 166
167 62 13 157
167 76 11 295
168 2 31 6
168 14 23 126
168 16 39 209
168 17 3 210
168 20 45 298
168 22 16 77
168 27 9 143
168 35 7 135
168 46 1 103
168 53 41 102
168 57 19 162
168 66 25 114
168 68 13 180
169 3 3 237
169 11 26 44
169 15 31 171
169 26 15 163
169 28 55 234
169 38 37 230
169 43 58 214
169 46 50 103
169 49 7 191
169 52 19 106
169 57 34 221
169 59 23 75
169 67 45 299
169 77 41 53
170 4 16 262
170 11 1 192
170 14 19 222
170 18 13 265
170 20 57 298
170 22 37 237
170 25 35 107
170 33 7 83
170 37 28 62
170 47 21 189
170 55 31 142
170 63 25 227
170 67 11 58
170 68 53 180
171 9 26 141
171 12 33 109
171 14 49 222
171 16 17 209
171 26 31 298
171 42 29 225
171 46 21 103
171 48 13 19
171 62 44 63
171 65 19 119
171 66 37 114
171 67 41 58
171 79 58 252
171 80 1 240
172 19 8 178
172 28 25 23
172 29 58 242
172 38 45 230
172 42 50 225
172 43 4 27
172 49 13 188
172 56 1 251
172 59 27 75
172 67 17 299
172 72 55 249
173 8 40 84
173 19 56 70
173 28 16 234
173 29 10 26
173 36 25 238
173 38 21 287
173 42 19 67
173 45 44 184
173 60 49 166
173 63 7 80
173 68 33 106
173 69 1 132
173 76 5 83
173 77 52 53
174 2 7 96
174 4 9 262
174 13 43 176
174 18 15 206
174 19 49 70
174 20 55 282
174 21 3 95
174 27 37 143
174 30 29 25
174 31 21 78
174 38 57 71
174 47 27 189
174 58 34 148
174 65 25 116
175 4 10 289
175 8 32 84
175 17 17 98
175 35 43 135
175 38 13 174
175 49 1 166
175 53 27 231
175 58 56 51
175 59 5 75
175 60 37 250
175 63 46 136
175 76 29 295
175 78 21 69
176 14 59 222
176 21 16 39
176 28 49 234
176 31 32 78
176 41 51 54
176 53 5 231
176 56 7 251
176 64 34 13
176 70 1 59
176 74 37 85
176 75 19 280
176 77 14 53
176 79 28 252
176 80 55 23
177 1 14 1
177 4 31 289
177 9 55 65
177 13 20 205
177 14 43 222
177 22 38 77
177 24 7 112
177 40 50 275
177 42 41 225
177 43 34 214
177 50 25 173
177 57 58 221
177 68 47 106
177 69 1 236
177 76 29 124
178 3 23 228
178 9 34 141
178 17 43 98
178 20 15 282
178 22 2 77
178 32 28 291
178 45 39 184
178 46 5 103
178 56 49 251
178 57 45 162
178 60 52 166
178 65 21 116
178 71 7 151
178 78 37 69
179 9 13 92
179 11 21 43
179 17 25 210
179 21 5 95
179 31 10 78
179 38 32 71
179 41 45 245
179 42 40 67
179 56 28 251
179 62 1 157
179 63 55 136
179 64 43 13
179 72 7 249
179 73 37 181
179 78 19 69
180 2 19 6
180 6 57 193
180 10 2 140
180 20 49 73
180 23 26 22
180 24 7 295
180 26 13 298
180 28 11 23
180 37 46 62
180 53 21 231
180 66 15 183
180 72 43 14
180 77 39 145
180 79 34 252
180 80 51 25
181 12 53 109
181 14 11 288
181 22 40 204
181 26 25 163
181 28 22 23
181 30 20 25
181 35 47 135
181 47 51 189
181 55 7 278
181 56 44 229
181 63 28 80
181 68 57 106
181 76 15 124
181 77 3 53
182 2 22 6
182 4 19 289
182 24 25 190
182 30 2 50
182 44 16 241
182 46 14 74
182 47 45 189
182 49 7 125
182 51 31 300
182 53 11 231
182 57 4 221
182 60 50 250
182 64 41 13
182 71 37 207
182 73 29 181
183 4 28 262
183 8 10 84
183 12 55 109
183 17 15 98
183 19 19 122
183 20 3 282
183 22 7 204
183 29 40 26
183 34 33 9
183 37 37 62
183 38 43 174
183 39 49 17
183 42 1 5
183 64 5 13
183 71 57 123
184 6 43 134
184 16 15 209
184 23 31 197
184 29 10 223
184 31 35 78
184 38 49 71
184 51 55 171
184 57 38 221
184 60 7 250
184 62 25 194
184 66 1 45
184 71 21 123
184 76 41 124
185 8 22 147
185 13 3 269
185 33 43 264
185 42 47 5
185 52 37 24
185 54 55 56
185 55 13 134
185 56 19 251
185 61 28 247
185 62 33 76
185 66 7 114
185 67 1 299
185 71 49 151
185 76 31 124
186 12 41 109
186 22 55 237
186 23 1 197
186 31 51 78
186 34 13 9
186 42 10 67
186 43 37 214
186 50 25 65
186 51 33 288
186 60 58 250
186 63 44 80
186 65 17 116
187 9 7 92
187 19 31 122
187 40 37 275
187 43 16 203
187 45 43 187
187 47 23 127
187 53 35 231
187 56 10 251
187 63 4 136
187 67 14 299
187 70 19 59
187 75 28 7
187 76 2 124
187 78 26 69
188 2 39 6
188 9 58 141
188 15 4 15
188 25 9 107
188 33 31 264
188 43 55 243
188 45 49 283
188 48 20 224
188 49 13 126
188 50 25 236
188 59 2 169
188 70 43 59
188 76 35 124
188 78 41 69
189 3 31 237
189 14 17 288
189 27 33 139
189 37 13 46
189 39 52 17
189 40 39 21
189 43 1 27
189 47 37 50
189 52 8 89
189 57 22 14
189 67 29 58
189 73 43 153
189 76 27 124
189 78 47 69
190 2 9 6
190 4 4 262
190 6 37 147
190 13 32 164
190 18 21 206
190 23 27 197
190 46 57 103
190 53 7 102
190 57 1 14
190 58 13 51
190 63 16 227
190 72 52 249
191 1 19 1
191 2 25 6
191 6 37 202
191 8 58 84
191 12 17 109
191 16 55 209
191 26 22 163
191 27 27 143
191 40 13 30
191 48 7 224
191 66 43 183
191 71 2 285
191 75 34 267
192 3 28 279
192 8 16 130
192 13 8 164
192 24 1 190
192 25 37 107
192 34 23 9
192 35 49 135
192 38 19 174
192 44 44 241
192 53 51 102
192 58 13 177
192 69 31 185
192 77 25 145
192 80 39 90
193 3 7 228
193 5 32 115
193 8 1 84
193 12 21 109
193 37 52 286
193 42 59 225
193 49 26 191
193 53 14 102
193 59 19 81
193 60 4 250
193 68 17 159
193 75 10 267
194 8 50 84
194 15 15 171
194 19 8 122
194 20 46 282
194 35 39 135
194 37 56 286
194 40 19 30
194 51 1 159
194 64 29 13
194 65 5 116
194 66 25 45
194 71 31 271
194 73 35 181
194 76 13 124
195 12 37 109
195 16 51 209
195 17 56 98
195 20 5 281
195 29 58 26
195 31 1 147
195 51 39 288
195 59 34 81
195 60 16 94
195 61 19 247
195 63 13 227
195 67 3 299
195 79 22 252
196 16 11 209
196 17 21 98
196 19 14 82
196 25 1 107
196 26 19 163
196 29 27 26
196 35 35 135
196 40 3 232
196 41 23 245
196 48 7 133
196 51 31 52
196 59 25 75
196 68 40 106
196 73 57 153
197 17 41 98
197 24 20 216
197 38 26 230
197 43 10 203
197 44 13 49
197 46 5 3
197 53 3 231
197 55 37 142
197 69 45 132
197 72 58 130
197 77 1 53
197 79 55 252
198 3 21 279
198 14 35 222
198 18 23 206
198 20 59 282
198 29 26 242
198 35 19 135
198 38 1 230
198 42 55 225
198 46 13 103
198 47 39 189
198 55 7 18
198 57 52 221
198 68 45 106
199 8 4 130
199 17 23 210
199 21 33 39
199 36 37 238
199 37 20 286
199 44 7 241
199 48 50 19
199 52 25 89
199 58 1 148
199 60 40 94
199 63 10 136
199 66 43 114
199 75 16 267
200 3 1 228
200 6 55 134
200 14 47 92
200 17 33 98
200 22 21 204
200 35 25 135
200 37 40 286
200 39 43 17
200 41 53 245
200 51 49 288
200 59 35 259
200 64 7 13
Điểm tối ưu: 2699
Thời gian: 360.069675 giây
Trạng thái: VALID
