1065
1 2 1 29
1 3 17 75
1 4 14 12
1 6 25 85
1 13 28 72
1 19 55 75
1 20 23 74
1 22 4 68
1 23 10 119
1 26 35 95
1 27 43 84
1 28 19 73
1 29 31 66
1 30 7 59
1 31 47 19
2 1 7 1
2 3 41 75
2 7 1 105
2 8 16 2
2 11 13 88
2 15 11 51
2 16 28 99
2 21 38 79
2 24 19 71
2 26 5 57
2 28 49 110
2 30 25 19
2 32 31 6
3 5 22 116
3 8 4 2
3 10 9 115
3 11 25 88
3 13 28 114
3 19 52 75
3 20 17 74
3 21 31 90
3 22 1 68
3 24 13 71
3 26 7 57
3 28 43 51
3 30 19 21
3 31 37 45
3 32 56 44
4 3 59 75
4 9 13 113
4 12 51 17
4 13 3 72
4 15 5 51
4 18 55 54
4 19 37 49
4 20 1 87
4 21 16 42
4 24 8 71
4 25 27 15
4 31 23 45
4 32 19 6
5 3 5 18
5 6 13 85
5 8 10 2
5 10 39 9
5 12 31 17
5 14 1 11
5 19 16 49
5 20 55 74
5 21 26 42
5 23 7 119
5 25 29 15
5 27 44 5
5 29 58 66
5 32 19 109
6 1 1 1
6 2 7 29
6 5 38 116
6 6 43 69
6 8 5 55
6 11 46 88
6 12 26 17
6 13 41 114
6 14 32 34
6 15 23 51
6 16 10 99
6 18 14 30
6 21 56 79
6 27 49 5
6 28 19 51
7 1 10 1
7 2 13 29
7 9 34 113
7 13 5 114
7 15 17 51
7 16 31 99
7 17 1 33
7 18 19 54
7 19 49 75
7 28 25 51
7 29 23 96
7 30 7 19
7 31 29 45
7 32 37 6
8 1 13 1
8 8 10 55
8 9 7 113
8 11 34 88
8 12 20 17
8 16 4 99
8 19 46 75
8 21 43 42
8 23 1 119
8 27 37 84
8 28 25 40
8 30 31 21
8 31 17 105
9 3 11 18
9 5 17 116
9 6 22 69
9 7 7 105
9 12 1 17
9 15 29 51
9 16 25 99
9 17 13 33
9 18 51 104
9 19 43 75
9 20 5 74
9 21 34 90
9 23 19 119
9 29 32 106
9 31 41 45
10 5 1 36
10 6 19 85
10 9 25 113
10 10 49 9
10 13 7 114
10 14 13 34
10 15 41 51
10 19 34 75
10 21 28 79
10 23 22 119
10 25 11 50
10 26 9 57
10 27 43 118
10 30 4 59
11 1 49 1
11 4 4 76
11 5 2 116
11 9 22 113
11 10 43 115
11 11 28 88
11 12 13 17
11 13 11 114
11 17 7 33
11 18 31 30
11 19 38 75
11 21 19 42
11 23 25 119
11 29 17 96
11 32 55 6
12 1 19 1
12 2 10 29
12 3 7 18
12 6 34 85
12 7 13 105
12 11 22 88
12 13 5 72
12 14 25 34
12 16 43 99
12 20 29 74
12 23 31 119
12 24 1 71
12 25 17 15
12 27 37 118
12 31 46 45
13 1 55 1
13 5 25 116
13 7 20 105
13 9 16 113
13 12 37 17
13 15 47 51
13 16 1 99
13 18 49 20
13 20 41 74
13 22 7 68
13 23 4 119
13 26 14 57
13 27 31 118
13 30 10 19
14 4 1 76
14 5 7 116
14 7 25 105
14 8 37 2
14 9 4 113
14 12 43 17
14 15 53 51
14 18 57 20
14 19 31 75
14 22 10 68
14 23 16 119
14 26 23 57
14 28 19 40
14 30 40 59
14 32 49 44
15 2 4 29
15 3 1 18
15 6 8 69
15 7 31 105
15 9 43 113
15 11 19 88
15 12 55 17
15 13 17 72
15 21 50 90
15 23 13 119
15 25 35 25
15 27 26 118
15 29 22 63
15 31 11 45
15 32 37 44
16 2 16 29
16 3 13 18
16 4 34 12
16 5 5 36
16 7 37 105
16 8 23 55
16 9 31 113
16 10 49 115
16 11 55 88
16 12 8 93
16 14 43 34
16 24 25 71
16 27 19 118
16 28 1 51
16 29 29 106
17 2 19 29
17 4 56 108
17 11 10 88
17 12 13 93
17 15 59 51
17 17 43 33
17 18 31 20
17 20 7 87
17 21 22 90
17 22 49 68
17 24 39 71
17 25 25 25
17 29 1 96
17 30 4 19
17 31 17 19
18 4 52 108
18 6 4 69
18 9 1 113
18 10 31 115
18 11 7 88
18 15 22 21
18 19 25 49
18 21 13 42
18 23 28 119
18 26 11 57
18 30 16 21
18 31 57 45
18 32 45 109
19 1 16 1
19 2 25 29
19 4 49 108
19 11 1 88
19 13 44 114
19 16 13 99
19 17 19 33
19 19 28 75
19 21 4 79
19 23 37 119
19 25 23 50
19 27 7 5
19 28 32 51
19 31 52 45
20 3 9 18
20 4 4 12
20 5 7 36
20 6 19 69
20 15 29 21
20 17 25 33
20 20 45 74
20 22 13 68
20 24 55 111
20 26 16 57
20 27 37 5
20 29 11 63
20 30 1 59
20 32 32 109
21 6 13 69
21 11 50 88
21 14 19 11
21 15 38 21
21 16 58 99
21 19 25 75
21 20 5 87
21 21 7 42
21 22 16 68
21 23 40 119
21 24 43 71
21 25 11 15
21 27 1 5
21 28 33 40
21 29 29 63
22 2 22 29
22 3 17 18
22 5 11 116
22 11 31 88
22 12 25 93
22 14 2 34
22 15 34 21
22 16 37 99
22 18 44 20
22 23 49 119
22 26 19 57
22 27 7 118
22 28 13 40
22 32 55 109
23 2 58 29
23 4 46 108
23 8 35 101
23 9 28 113
23 12 31 93
23 14 37 34
23 19 22 75
23 20 11 87
23 22 19 68
23 23 43 119
23 24 13 111
23 26 26 57
23 27 1 118
23 28 7 40
23 31 5 45
24 5 29 116
24 6 1 85
24 10 19 115
24 11 4 88
24 14 25 11
24 15 40 21
24 17 31 33
24 21 37 90
24 24 49 71
24 25 35 50
24 27 13 118
24 28 7 51
24 29 17 63
25 1 22 1
25 2 28 29
25 3 3 18
25 4 31 12
25 5 46 116
25 8 1 101
25 10 55 115
25 13 9 114
25 15 25 21
25 17 37 33
25 21 19 79
25 26 34 57
25 27 49 58
25 28 13 51
26 3 22 18
26 5 9 36
26 6 40 85
26 7 44 105
26 13 17 114
26 14 13 11
26 15 49 21
26 16 51 99
26 19 19 75
26 23 34 119
26 25 7 25
26 26 29 57
26 27 25 5
26 28 2 40
26 32 55 83
27 1 37 1
27 5 11 36
27 6 22 85
27 8 29 55
27 9 19 113
27 10 31 9
27 11 16 88
27 12 1 93
27 14 7 34
27 16 55 99
27 18 25 20
27 21 49 42
27 23 46 119
27 25 35 15
27 30 13 21
28 1 25 1
28 4 43 108
28 5 19 116
28 6 28 85
28 7 49 105
28 9 37 113
28 10 55 9
28 14 21 34
28 21 40 90
28 26 31 57
28 27 7 84
28 28 2 73
28 30 14 19
28 31 17 45
29 3 15 18
29 5 37 36
29 9 10 113
29 12 19 93
29 14 31 11
29 15 43 21
29 16 7 99
29 17 49 33
29 21 25 90
29 23 28 19
29 25 5 15
29 27 55 58
29 31 39 45
29 32 1 6
30 3 25 18
30 5 17 36
30 6 31 69
30 9 46 113
30 10 13 115
30 15 27 21
30 16 34 99
30 18 19 30
30 21 7 90
30 24 1 111
30 28 37 51
30 30 10 59
30 31 43 45
30 32 49 109
31 3 43 18
31 4 40 108
31 5 5 116
31 10 1 115
31 11 58 88
31 13 13 114
31 15 45 21
31 19 10 75
31 21 25 79
31 23 52 119
31 24 20 111
31 26 37 57
31 29 8 96
31 32 15 44
32 5 9 116
32 8 1 2
32 9 40 113
32 13 25 114
32 15 47 21
32 19 19 49
32 20 3 74
32 24 31 71
32 25 11 25
32 28 55 73
32 29 5 66
32 30 16 59
32 31 23 19
32 32 27 6
33 3 19 18
33 5 21 36
33 6 4 85
33 9 52 113
33 10 26 115
33 13 55 72
33 14 37 11
33 17 57 33
33 19 14 75
33 21 1 79
33 23 49 19
33 28 43 73
33 29 7 66
33 30 10 21
33 32 32 44
34 3 27 18
34 6 31 85
34 8 19 2
34 9 10 76
34 10 43 9
34 13 35 114
34 14 49 34
34 18 13 54
34 19 4 49
34 20 1 74
34 24 55 71
34 26 21 57
34 28 37 73
34 30 7 21
34 31 29 105
35 1 28 1
35 2 33 29
35 6 16 69
35 8 7 55
35 9 55 113
35 10 1 9
35 12 37 93
35 16 19 99
35 20 9 74
35 21 13 90
35 26 43 57
35 28 49 73
35 29 5 106
35 32 45 6
36 1 31 1
36 2 37 29
36 4 1 12
36 7 56 105
36 8 4 101
36 12 49 93
36 18 43 104
36 20 13 87
36 21 34 79
36 22 22 68
36 23 40 19
36 24 8 111
36 25 19 15
36 26 47 57
36 32 15 109
37 3 59 18
37 6 9 85
37 10 37 115
37 13 1 72
37 20 7 74
37 21 52 42
37 22 25 68
37 24 31 111
37 25 28 25
37 27 43 58
37 29 3 66
37 32 19 44
38 5 13 116
38 9 49 113
38 13 3 114
38 15 52 21
38 18 37 20
38 21 16 90
38 22 28 68
38 24 45 111
38 28 32 73
38 29 5 96
38 31 59 108
38 32 7 44
39 4 28 108
39 5 3 36
39 10 8 9
39 14 44 11
39 16 16 99
39 20 13 74
39 21 58 42
39 23 55 119
39 24 37 111
39 29 26 96
39 30 19 59
39 31 5 108
40 1 34 1
40 2 40 29
40 3 29 18
40 4 25 108
40 10 13 9
40 12 44 93
40 13 11 72
40 14 7 11
40 15 55 21
40 16 22 99
40 26 49 57
40 30 4 21
40 31 2 45
40 32 51 6
41 3 34 18
41 4 22 108
41 6 46 69
41 8 17 55
41 9 13 76
41 10 1 56
41 16 10 35
41 18 37 54
41 19 7 75
41 22 31 68
41 23 58 119
41 25 5 50
41 26 41 57
41 27 25 58
41 29 19 66
42 3 23 58
42 5 15 116
42 9 7 76
42 12 55 93
42 18 19 20
42 19 4 75
42 22 34 68
42 23 31 52
42 24 49 111
42 27 38 58
42 28 25 73
42 29 1 66
42 32 43 83
43 1 43 1
43 3 47 18
43 8 7 2
43 14 55 34
43 19 1 49
43 22 37 68
43 23 40 52
43 24 25 111
43 25 9 15
43 27 32 58
43 28 49 51
43 30 13 59
43 31 20 45
44 1 46 1
44 5 34 116
44 6 43 85
44 8 1 55
44 11 40 88
44 13 19 114
44 15 57 21
44 16 7 35
44 23 37 19
44 25 3 50
44 26 49 29
44 27 14 58
44 30 52 19
44 31 26 45
45 2 43 29
45 3 11 58
45 4 37 108
45 8 31 55
45 12 7 17
45 14 49 11
45 18 25 30
45 20 53 74
45 21 33 42
45 23 4 53
45 27 19 58
45 28 13 73
45 30 1 21
46 3 55 20
46 4 19 108
46 5 31 116
46 6 52 85
46 9 22 76
46 10 25 9
46 13 33 114
46 15 40 76
46 19 1 75
46 20 17 87
46 24 13 10
46 26 59 95
46 27 7 58
46 30 45 59
47 2 46 29
47 3 53 20
47 6 25 69
47 8 19 55
47 12 49 30
47 14 55 11
47 16 40 99
47 19 13 49
47 20 21 87
47 21 10 79
47 23 7 53
47 25 5 25
47 27 1 58
48 1 52 1
48 4 16 108
48 8 14 2
48 9 58 113
48 11 37 88
48 13 23 72
48 14 19 95
48 16 46 99
48 18 31 104
48 20 11 74
48 21 4 90
48 25 25 15
48 29 40 106
48 30 49 52
49 3 35 20
49 4 10 108
49 5 40 116
49 8 7 101
49 11 43 88
49 16 16 35
49 18 1 30
49 20 26 74
49 23 13 53
49 25 23 25
49 26 31 29
49 27 19 5
49 30 58 59
50 6 46 85
50 9 37 53
50 10 13 56
50 13 31 114
50 14 1 95
50 16 25 35
50 18 7 20
50 21 43 79
50 22 40 68
50 24 19 10
50 25 23 15
50 26 53 95
50 30 55 59
51 1 40 1
51 4 22 12
51 5 13 36
51 8 29 2
51 9 16 76
51 10 25 56
51 11 8 28
51 13 20 72
51 19 52 49
51 20 31 87
51 21 2 42
51 26 47 95
52 2 51 29
52 5 23 36
52 10 19 9
52 13 25 72
52 15 49 76
52 16 32 35
52 18 13 20
52 19 58 49
52 24 43 10
52 26 41 95
52 28 7 73
53 4 28 12
53 6 34 69
53 10 19 56
53 12 55 30
53 14 7 95
53 15 59 21
53 16 4 35
53 18 43 54
53 19 49 49
53 23 1 53
53 25 16 25
53 31 31 45
53 32 37 109
54 4 25 12
54 9 43 53
54 10 31 56
54 11 1 28
54 13 47 114
54 16 19 35
54 18 7 54
54 19 28 49
54 20 15 87
54 21 22 79
54 27 55 84
54 30 37 59
54 31 13 45
54 32 49 83
55 2 55 29
55 3 41 20
55 6 28 69
55 9 19 76
55 12 37 30
55 18 2 20
55 20 15 74
55 22 43 68
55 24 8 10
55 27 49 84
55 29 13 66
55 30 34 59
55 31 17 52
56 3 29 20
56 4 32 108
56 6 55 85
56 8 3 55
56 10 8 56
56 13 35 72
56 18 13 104
56 19 46 49
56 25 20 25
56 29 17 66
56 31 5 52
57 3 23 20
57 4 13 108
57 6 37 69
57 11 16 28
57 13 7 72
57 18 49 54
57 19 10 49
57 20 19 87
57 21 31 79
57 23 56 52
57 24 2 10
57 28 43 110
58 8 13 101
58 9 46 53
58 10 37 56
58 13 15 114
58 16 1 35
58 23 10 53
58 24 25 10
58 25 7 50
58 27 32 84
58 28 55 51
58 29 4 63
59 6 37 85
59 9 49 53
59 10 44 56
59 11 4 28
59 13 56 114
59 15 52 76
59 16 58 35
59 20 9 87
59 21 40 42
59 23 16 53
59 28 19 110
59 29 1 106
59 31 7 45
59 32 25 44
60 4 7 108
60 5 43 116
60 6 40 69
60 10 49 56
60 11 19 28
60 14 25 95
60 22 46 68
60 25 32 50
60 26 3 57
60 27 13 5
60 29 1 63
61 3 17 20
61 5 27 116
61 6 49 85
61 8 25 55
61 11 13 28
61 16 22 35
61 20 3 87
61 22 58 68
61 23 19 53
61 25 1 25
61 31 35 19
61 32 7 109
62 3 11 20
62 5 19 36
62 6 1 69
62 9 56 53
62 12 45 30
62 13 9 72
62 14 14 95
62 20 43 74
62 23 37 52
62 24 33 10
62 25 21 15
62 29 7 106
62 31 59 45
63 3 56 18
63 6 16 85
63 8 27 2
63 11 58 28
63 14 43 95
63 16 13 35
63 18 8 104
63 24 49 10
63 26 1 57
63 27 19 84
63 28 37 110
63 30 31 59
63 32 3 44
64 1 4 1
64 6 49 69
64 8 13 55
64 9 43 76
64 11 26 28
64 13 22 114
64 15 58 76
64 19 7 49
64 22 52 68
64 24 37 10
64 25 1 50
64 26 29 95
64 31 35 45
65 1 58 1
65 3 50 18
65 4 19 12
65 5 52 116
65 14 37 95
65 16 28 35
65 25 3 25
65 28 31 110
65 29 35 106
65 31 55 45
65 32 7 6
66 4 2 108
66 5 50 116
66 6 52 69
66 8 40 55
66 9 25 76
66 11 22 28
66 16 37 35
66 22 55 68
66 23 34 52
66 24 8 52
66 25 13 25
67 4 55 12
67 5 25 36
67 9 31 76
67 13 38 114
67 15 1 37
67 16 40 35
67 23 43 52
67 26 23 95
67 27 13 84
67 30 28 59
67 31 9 45
68 4 58 12
68 5 56 116
68 11 37 28
68 13 40 72
68 14 31 95
68 15 5 37
68 19 43 49
68 21 10 90
68 24 13 52
68 27 49 118
68 28 1 110
68 29 7 63
68 31 35 108
69 4 8 12
69 9 37 76
69 11 40 28
69 13 43 72
69 14 49 95
69 18 1 54
69 19 55 49
69 21 22 42
69 23 27 53
69 25 17 50
69 27 31 5
69 28 13 110
69 29 11 66
70 4 52 12
70 6 37 32
70 11 31 28
70 13 50 114
70 20 19 74
70 21 7 79
70 24 55 10
70 26 11 95
70 28 27 110
70 29 3 96
70 32 14 6
71 3 52 18
71 4 46 12
71 5 59 116
71 11 34 28
71 13 13 72
71 18 37 104
71 20 23 87
71 21 10 42
71 26 5 95
71 29 3 106
71 31 15 45
72 3 41 18
72 4 49 12
72 6 7 32
72 9 28 76
72 11 43 28
72 14 55 95
72 16 52 35
72 20 25 87
72 23 46 52
72 24 1 52
72 26 59 57
72 30 22 59
72 32 13 83
73 9 34 76
73 10 55 56
73 13 15 72
73 16 49 35
73 18 25 54
73 20 21 74
73 21 52 79
73 25 37 25
73 27 1 84
73 28 7 110
73 31 5 105
73 32 43 44
74 3 39 18
74 5 28 36
74 8 15 55
74 13 37 72
74 14 31 19
74 16 43 35
74 19 22 49
74 21 46 42
74 25 1 15
74 26 57 57
74 30 25 59
74 31 49 45
75 6 10 32
75 13 47 72
75 14 19 19
75 15 3 37
75 20 27 87
75 21 49 79
75 23 31 53
75 25 41 25
75 26 53 57
75 28 56 40
75 29 15 66
75 32 37 83
76 4 43 12
76 9 46 76
76 11 7 83
76 15 10 37
76 16 19 104
76 18 1 104
76 19 34 49
76 21 28 90
76 26 39 57
76 27 55 118
76 29 22 66
76 30 50 59
77 3 37 18
77 4 40 12
77 5 43 36
77 9 1 19
77 10 9 30
77 13 31 72
77 15 7 37
77 16 46 35
77 20 29 87
77 23 34 53
77 24 19 52
77 27 55 5
77 28 50 40
78 5 15 36
78 8 25 2
78 9 55 76
78 13 53 72
78 18 27 104
78 19 31 49
78 23 22 53
78 25 9 50
78 26 45 57
78 28 37 40
78 31 59 52
79 8 21 55
79 10 57 110
79 11 49 28
79 14 43 19
79 15 13 37
79 18 32 54
79 19 40 49
79 20 37 87
79 23 52 53
79 24 25 52
79 25 47 25
79 26 55 57
79 29 10 96
80 3 31 18
80 4 37 12
80 14 56 19
80 16 22 104
80 21 19 90
80 23 40 53
80 25 9 25
80 26 51 57
80 27 25 84
80 28 43 40
80 31 33 45
80 32 1 109
Điểm tối ưu: 1065
Thời gian: 179.972177 giây
Trạng thái: VALID
