2948
1 5 56 118
1 10 13 116
1 13 37 170
1 17 49 94
1 18 34 151
1 19 52 74
1 20 31 74
1 21 25 193
1 26 7 169
1 51 1 287
1 59 44 230
1 61 10 71
1 63 20 234
1 72 5 144
2 3 17 179
2 8 7 17
2 10 1 136
2 14 13 212
2 18 49 4
2 27 37 271
2 32 25 266
2 36 28 205
2 39 56 9
2 48 35 254
2 56 31 157
2 58 5 119
2 72 21 52
2 75 46 203
3 14 55 245
3 16 37 67
3 18 13 207
3 21 19 193
3 22 25 28
3 33 59 177
3 34 29 272
3 36 7 205
3 40 49 14
3 46 51 70
3 53 44 16
3 65 11 79
3 67 1 176
3 74 31 213
3 75 16 203
4 3 3 179
4 11 10 110
4 17 58 94
4 21 43 193
4 23 19 51
4 30 25 71
4 36 22 161
4 39 31 186
4 43 1 201
4 47 50 83
4 61 55 48
4 62 7 130
4 63 37 108
4 71 34 273
4 75 13 8
5 1 40 26
5 3 59 182
5 4 37 280
5 6 7 59
5 12 19 77
5 17 43 293
5 22 52 263
5 25 25 87
5 36 4 161
5 53 55 267
5 59 13 195
5 60 49 166
5 62 33 262
5 68 46 29
5 69 11 57
6 3 27 182
6 8 1 180
6 9 37 272
6 10 49 116
6 23 9 51
6 32 55 24
6 34 44 289
6 44 14 133
6 58 17 75
6 63 46 108
6 71 31 273
6 73 21 152
6 76 11 152
6 79 34 121
6 80 4 258
7 2 57 139
7 4 40 280
7 5 15 1
7 8 22 17
7 9 1 191
7 13 49 80
7 18 46 151
7 25 52 87
7 32 10 80
7 38 55 229
7 45 13 138
7 53 25 267
7 54 7 192
7 63 43 108
7 73 5 81
8 1 55 26
8 5 37 286
8 16 27 75
8 18 31 151
8 28 23 261
8 31 49 283
8 36 14 4
8 45 25 66
8 56 43 2
8 57 34 223
8 63 19 108
8 64 4 251
8 65 7 211
8 69 10 200
8 72 59 52
9 13 34 179
9 20 46 74
9 28 11 250
9 33 23 139
9 39 49 186
9 42 1 239
9 48 43 101
9 49 19 226
9 52 13 285
9 55 55 121
9 60 4 220
9 62 31 170
9 70 37 233
9 77 26 38
9 80 8 258
10 1 31 90
10 10 51 136
10 11 46 110
10 18 34 233
10 19 3 117
10 20 55 88
10 33 1 150
10 43 37 201
10 45 19 66
10 50 17 128
10 64 49 47
10 73 15 81
10 75 7 8
10 76 59 168
11 5 31 286
11 9 13 191
11 12 37 30
11 23 41 240
11 26 28 252
11 33 9 150
11 35 56 36
11 39 3 9
11 45 52 66
11 46 49 246
11 50 46 128
11 52 25 5
11 64 21 251
11 69 1 104
11 71 43 273
12 3 9 182
12 5 56 208
12 22 22 59
12 24 37 119
12 37 13 238
12 44 49 295
12 55 19 235
12 56 33 207
12 59 43 195
12 64 27 251
12 65 7 79
12 68 52 150
12 75 1 202
12 76 31 168
12 79 4 121
13 10 50 105
13 11 10 270
13 22 37 59
13 25 58 269
13 26 13 30
13 28 33 250
13 31 20 21
13 41 56 76
13 42 7 98
13 46 28 208
13 55 40 235
13 63 43 234
13 67 1 58
13 68 46 100
13 76 25 152
14 14 55 110
14 18 40 4
14 21 31 193
14 29 43 115
14 36 10 4
14 38 5 5
14 39 37 278
14 41 13 76
14 42 19 98
14 50 26 19
14 58 2 63
14 60 28 220
14 64 7 251
14 67 15 176
14 68 49 150
15 7 7 162
15 9 27 222
15 10 43 210
15 13 50 84
15 20 34 74
15 23 25 51
15 25 19 87
15 40 31 216
15 50 15 128
15 56 37 2
15 61 4 71
15 66 1 94
15 68 22 29
15 70 55 187
16 5 57 286
16 16 31 281
16 23 29 51
16 34 17 272
16 35 13 173
16 54 25 192
16 59 7 125
16 66 11 94
16 69 51 200
16 71 22 273
16 73 55 81
16 75 43 8
16 76 37 168
16 78 1 145
16 80 19 258
17 1 4 90
17 2 13 44
17 15 58 103
17 16 7 154
17 17 37 244
17 21 26 7
17 23 23 240
17 25 20 269
17 31 32 292
17 34 11 272
17 35 43 220
17 36 40 205
17 41 53 76
17 53 49 16
17 69 2 57
18 1 2 174
18 5 25 118
18 9 44 191
18 11 10 100
18 21 37 193
18 40 13 14
18 41 49 76
18 44 52 295
18 45 17 138
18 51 33 287
18 52 22 149
18 58 15 119
18 63 7 108
18 76 5 168
19 5 19 286
19 6 32 59
19 15 1 293
19 19 49 43
19 28 17 250
19 29 55 115
19 33 53 22
19 38 7 5
19 39 4 278
19 57 10 6
19 61 37 48
19 64 13 251
19 68 25 29
19 73 45 81
20 2 19 3
20 5 49 1
20 26 1 30
20 27 23 271
20 29 7 261
20 33 17 22
20 40 4 216
20 41 27 152
20 42 43 239
20 53 56 122
20 64 11 251
20 67 13 28
20 70 32 282
20 76 39 168
21 1 22 26
21 7 9 204
21 17 52 262
21 23 15 51
21 28 7 250
21 41 35 76
21 48 1 101
21 49 37 123
21 55 43 235
21 59 55 195
21 63 4 234
21 71 49 273
21 77 25 22
21 78 31 145
21 79 19 121
22 1 58 26
22 2 1 139
22 4 52 172
22 7 13 204
22 14 43 275
22 22 19 59
22 23 49 240
22 34 37 266
22 44 34 295
22 51 25 287
22 64 9 47
22 68 31 29
22 72 47 24
22 80 40 258
23 1 43 90
23 10 1 105
23 17 7 12
23 26 10 169
23 45 23 66
23 47 38 83
23 48 46 101
23 52 55 285
23 58 13 119
23 63 34 234
23 64 41 47
23 67 51 228
23 69 16 200
23 73 49 81
23 78 19 124
24 3 1 179
24 4 58 51
24 5 37 1
24 6 49 107
24 10 7 11
24 15 31 268
24 19 34 43
24 24 19 119
24 27 29 287
24 28 17 261
24 39 4 186
24 48 11 101
24 58 13 75
24 67 25 228
24 78 43 124
25 1 51 26
25 9 7 97
25 13 46 84
25 15 55 103
25 18 58 4
25 26 3 79
25 29 27 261
25 32 13 80
25 35 31 190
25 52 43 198
25 54 38 192
25 62 16 130
25 72 41 52
25 73 1 81
25 77 19 206
26 20 19 88
26 27 11 271
26 31 56 21
26 33 17 139
26 34 9 84
26 35 31 36
26 37 37 238
26 42 43 255
26 45 3 1
26 57 46 6
26 58 5 75
26 62 22 262
26 65 51 198
26 67 13 78
26 69 1 200
27 12 15 77
27 19 21 35
27 24 45 119
27 28 41 261
27 38 52 229
27 40 13 216
27 41 19 76
27 44 25 119
27 58 3 119
27 62 49 130
27 67 7 28
27 71 55 29
27 74 37 105
27 78 31 283
27 80 58 202
28 6 13 2
28 13 58 84
28 20 34 149
28 36 46 205
28 41 4 149
28 45 55 66
28 46 52 246
28 48 29 254
28 54 25 42
28 57 31 6
28 61 1 43
28 67 19 58
28 73 39 81
28 78 7 145
28 80 49 258
29 1 13 174
29 2 1 21
29 6 39 183
29 9 31 191
29 17 55 222
29 32 26 24
29 34 35 272
29 43 16 25
29 53 43 290
29 60 22 220
29 67 49 78
29 72 37 52
29 73 19 81
29 75 7 202
30 1 43 26
30 7 25 34
30 9 31 222
30 12 1 77
30 15 52 103
30 17 58 14
30 25 46 269
30 30 7 133
30 35 38 190
30 36 19 161
30 55 55 255
30 70 13 256
30 75 49 203
30 76 22 168
31 7 49 162
31 8 40 180
31 9 25 97
31 13 37 80
31 22 46 59
31 23 11 51
31 24 14 32
31 32 58 266
31 33 7 150
31 35 2 190
31 46 31 246
31 48 23 254
31 57 55 223
31 64 21 47
31 73 29 152
32 6 56 231
32 10 1 11
32 12 43 228
32 24 37 264
32 26 13 159
32 30 27 138
32 36 31 161
32 40 19 216
32 41 23 76
32 45 5 282
32 50 25 246
32 55 34 235
32 60 16 220
32 61 7 71
32 79 10 121
33 3 4 182
33 4 13 280
33 10 55 136
33 15 46 103
33 23 11 240
33 27 59 136
33 31 50 294
33 39 20 278
33 44 1 295
33 52 25 285
33 56 7 72
33 60 16 95
33 62 39 130
33 70 31 187
33 75 43 203
34 6 27 59
34 14 38 96
34 15 21 268
34 23 19 240
34 34 31 289
34 36 1 4
34 38 11 5
34 43 14 201
34 44 55 151
34 46 49 255
34 54 34 42
34 65 25 79
34 69 43 200
34 76 16 168
34 78 7 283
35 12 15 102
35 14 1 137
35 18 34 4
35 21 9 7
35 25 28 87
35 27 44 271
35 30 19 138
35 33 13 150
35 40 23 216
35 43 53 216
35 51 38 54
35 54 49 192
35 68 31 153
35 69 7 57
35 76 46 168
36 3 53 182
36 6 2 195
36 14 44 245
36 20 13 149
36 32 31 24
36 35 20 190
36 37 7 19
36 48 58 101
36 52 16 149
36 57 40 6
36 59 25 125
36 62 34 130
36 70 49 282
36 72 29 24
37 4 8 280
37 15 28 103
37 17 40 44
37 19 22 43
37 22 37 263
37 23 56 51
37 26 16 159
37 28 53 250
37 36 13 161
37 38 35 229
37 39 45 278
37 57 19 223
37 62 31 75
37 71 25 273
37 77 1 22
38 10 37 210
38 14 1 212
38 21 15 291
38 27 7 271
38 38 19 229
38 41 11 76
38 42 56 239
38 45 13 66
38 56 49 207
38 62 34 75
38 65 41 83
38 66 9 94
38 73 27 81
38 74 21 213
38 80 43 202
39 1 22 174
39 4 1 172
39 8 4 180
39 12 25 73
39 20 19 74
39 25 44 87
39 29 56 53
39 31 9 55
39 34 17 289
39 40 7 14
39 48 29 133
39 49 49 226
39 53 13 16
39 70 31 144
39 77 37 22
40 2 37 254
40 5 9 129
40 6 19 72
40 14 1 275
40 15 34 293
40 26 31 169
40 28 57 250
40 32 52 266
40 43 5 25
40 45 27 66
40 47 16 83
40 52 49 149
40 58 7 119
40 60 43 166
40 69 46 200
41 4 16 280
41 8 13 180
41 10 25 210
41 12 55 30
41 17 43 94
41 23 1 240
41 29 19 115
41 33 29 150
41 34 39 289
41 61 49 48
41 62 10 130
41 65 23 79
41 68 34 212
41 75 31 8
41 77 3 38
42 7 19 162
42 19 40 35
42 21 32 118
42 22 13 86
42 23 51 240
42 35 1 69
42 40 25 14
42 48 11 254
42 49 55 226
42 50 44 128
42 54 16 42
42 55 46 121
42 57 37 6
42 58 23 226
42 65 49 198
43 4 50 51
43 5 43 208
43 8 55 17
43 15 40 103
43 20 8 88
43 23 4 240
43 36 16 205
43 39 25 9
43 51 19 287
43 57 37 223
43 58 59 226
43 63 32 108
43 64 23 47
43 72 11 52
43 80 28 258
44 9 13 272
44 14 31 275
44 23 11 40
44 27 25 271
44 29 39 290
44 35 7 190
44 42 27 239
44 52 19 5
44 53 43 122
44 56 3 183
44 57 22 223
44 58 1 119
44 59 55 214
44 72 47 52
44 74 49 213
45 9 49 272
45 10 19 11
45 13 40 170
45 24 31 134
45 30 1 138
45 37 7 238
45 48 25 101
45 52 55 149
45 56 27 72
45 60 58 166
45 64 5 129
45 65 11 211
45 70 43 282
45 71 37 273
45 76 16 152
46 2 50 139
46 15 25 293
46 26 7 40
46 28 5 41
46 32 16 24
46 33 11 139
46 36 37 161
46 48 1 133
46 50 28 128
46 52 46 285
46 54 31 42
46 69 3 200
46 72 43 95
46 74 19 265
47 3 14 182
47 11 20 110
47 12 1 73
47 20 16 74
47 29 25 115
47 42 52 239
47 45 31 66
47 48 7 101
47 59 55 143
47 70 43 187
47 72 29 52
47 74 33 126
47 75 9 203
47 76 23 152
47 78 37 145
48 1 19 90
48 4 55 280
48 5 31 256
48 11 13 100
48 31 25 215
48 32 1 24
48 34 11 84
48 35 50 190
48 37 43 238
48 44 4 208
48 50 29 19
48 56 37 143
48 57 22 135
48 68 58 29
48 74 7 126
49 2 31 3
49 3 51 182
49 16 25 281
49 23 37 51
49 29 19 261
49 32 13 61
49 42 16 239
49 44 1 265
49 49 7 226
49 56 55 207
49 69 11 104
49 71 40 273
49 72 45 95
49 73 49 152
49 76 5 152
50 1 46 26
50 6 39 159
50 9 49 191
50 10 19 116
50 14 1 96
50 17 34 244
50 25 7 87
50 26 31 25
50 29 13 53
50 31 55 215
50 36 10 161
50 40 37 14
50 53 25 290
50 73 17 81
51 11 1 100
51 12 49 30
51 13 7 170
51 15 25 147
51 30 15 71
51 33 47 21
51 34 13 289
51 36 55 205
51 37 31 19
51 39 43 186
51 44 4 295
51 56 20 89
51 69 39 200
51 75 28 8
51 76 11 168
52 4 43 51
52 10 37 136
52 23 33 51
52 26 28 169
52 32 7 24
52 34 17 266
52 37 55 170
52 40 3 84
52 43 41 216
52 44 10 295
52 54 50 42
52 62 46 75
52 69 1 35
52 74 13 213
52 78 19 199
53 11 25 110
53 16 55 281
53 17 52 293
53 37 31 63
53 41 7 76
53 48 15 101
53 51 19 54
53 55 28 255
53 60 38 220
53 61 1 135
53 64 46 251
53 69 9 35
53 71 4 273
53 73 35 81
53 76 41 168
54 3 29 179
54 9 31 272
54 13 57 179
54 14 25 245
54 29 7 290
54 33 55 139
54 41 47 211
54 44 49 211
54 52 52 5
54 53 39 267
54 57 4 223
54 65 37 198
54 70 19 284
54 77 43 22
54 78 13 145
55 8 37 17
55 12 57 97
55 13 40 80
55 16 49 41
55 23 5 51
55 40 28 216
55 46 7 85
55 47 34 83
55 52 13 198
55 55 1 235
55 56 19 157
55 60 25 95
55 64 55 251
55 68 10 29
55 77 44 38
56 2 3 254
56 4 7 172
56 7 55 204
56 8 37 180
56 14 49 137
56 18 16 151
56 24 19 264
56 25 43 269
56 32 10 266
56 38 31 229
56 63 40 108
56 65 53 83
56 76 34 168
56 78 26 145
57 6 43 231
57 8 28 40
57 16 37 252
57 22 49 263
57 23 21 240
57 32 4 24
57 33 11 150
57 40 31 14
57 42 33 98
57 48 53 101
57 60 1 95
57 62 7 75
57 78 13 199
57 80 25 202
58 18 16 207
58 24 43 264
58 25 49 269
58 27 47 271
58 32 40 24
58 39 37 186
58 47 1 83
58 51 31 54
58 55 7 255
58 57 10 262
58 58 4 63
58 60 52 166
58 73 59 81
58 77 19 22
58 79 28 121
59 5 7 286
59 15 43 103
59 16 13 157
59 30 19 71
59 31 49 234
59 34 29 289
59 41 58 76
59 42 37 98
59 48 40 101
59 52 1 285
59 53 25 16
59 56 31 2
59 64 53 47
59 71 46 273
59 75 4 8
60 4 46 280
60 14 7 245
60 17 28 262
60 23 39 51
60 26 58 169
60 28 3 41
60 30 51 145
60 32 31 266
60 40 17 216
60 43 37 216
60 51 13 54
60 54 34 192
60 56 20 2
60 69 5 188
60 72 49 95
61 1 16 26
61 2 19 254
61 4 1 280
61 11 49 110
61 17 13 259
61 24 25 144
61 28 37 250
61 38 9 5
61 40 4 14
61 45 11 66
61 48 41 254
61 53 55 290
61 63 52 108
61 77 31 206
61 80 44 258
62 1 58 90
62 6 7 183
62 9 37 97
62 10 43 136
62 12 1 241
62 16 13 281
62 27 5 271
62 29 31 53
62 32 49 266
62 33 19 150
62 35 25 36
62 43 11 201
62 44 21 295
62 68 52 100
63 6 31 159
63 10 51 11
63 12 13 73
63 14 37 245
63 16 1 281
63 22 55 263
63 27 43 169
63 33 59 22
63 45 41 66
63 47 25 83
63 50 20 246
63 55 22 255
63 57 45 223
63 67 7 58
63 80 28 202
64 1 22 90
64 2 1 3
64 7 31 34
64 11 7 110
64 19 10 43
64 23 41 51
64 31 25 294
64 34 49 289
64 39 14 278
64 43 59 216
64 56 51 34
64 71 19 273
64 75 56 8
64 77 44 206
64 79 37 121
65 5 37 118
65 13 34 170
65 17 46 222
65 24 13 264
65 27 32 271
65 28 29 250
65 29 25 53
65 40 9 14
65 43 19 201
65 44 43 295
65 50 7 246
65 52 22 198
65 61 1 71
65 62 4 262
65 75 52 202
66 5 33 208
66 7 1 162
66 12 43 73
66 14 7 96
66 20 13 88
66 26 39 169
66 32 22 80
66 33 31 150
66 36 49 161
66 40 47 14
66 57 16 6
66 68 52 161
66 69 19 200
66 74 25 126
66 77 55 38
67 8 10 17
67 12 19 102
67 22 28 86
67 23 23 40
67 24 1 228
67 26 7 30
67 30 37 138
67 31 32 55
67 32 16 80
67 35 43 69
67 36 50 205
67 42 13 125
67 44 25 211
67 49 56 123
67 73 53 81
68 9 43 97
68 10 25 105
68 11 16 110
68 23 35 40
68 28 19 250
68 30 21 292
68 35 31 69
68 36 1 205
68 39 50 278
68 46 58 255
68 54 7 42
68 60 13 166
68 62 55 75
68 67 37 58
68 73 10 199
69 2 49 254
69 9 37 191
69 11 16 270
69 12 43 241
69 33 53 39
69 35 19 36
69 44 13 7
69 45 7 282
69 48 29 4
69 49 25 123
69 50 23 128
69 53 1 122
69 59 55 61
69 70 9 282
69 79 31 121
70 5 55 256
70 12 25 241
70 20 22 74
70 21 13 193
70 24 9 32
70 35 43 36
70 48 53 51
70 49 1 123
70 50 41 128
70 68 19 217
70 74 37 213
70 75 50 8
70 77 31 15
71 5 20 1
71 11 55 270
71 15 13 293
71 16 25 157
71 18 49 151
71 19 31 35
71 25 1 87
71 37 37 19
71 40 17 14
71 41 43 76
71 55 4 235
71 57 52 223
71 72 47 95
71 74 8 61
71 79 34 39
72 1 8 174
72 2 49 3
72 12 37 241
72 14 26 137
72 29 19 60
72 42 34 239
72 51 13 287
72 58 23 75
72 61 31 135
72 70 56 159
72 74 43 265
72 78 1 124
73 1 28 26
73 8 16 180
73 15 25 103
73 22 13 263
73 24 31 119
73 29 1 261
73 39 19 186
73 46 46 246
73 48 56 101
73 50 11 246
73 52 58 5
73 53 7 267
73 70 37 282
73 72 43 52
73 76 51 168
74 4 25 280
74 9 19 97
74 10 13 210
74 14 49 245
74 17 40 161
74 18 37 151
74 19 1 78
74 25 4 269
74 28 9 250
74 31 55 283
74 32 28 266
74 54 31 192
74 58 35 226
74 65 17 79
74 72 53 52
75 2 25 254
75 5 19 208
75 8 40 17
75 12 13 241
75 19 34 35
75 22 7 263
75 27 11 287
75 30 43 138
75 41 38 76
75 42 4 98
75 50 49 128
75 60 31 166
75 70 55 233
75 75 1 8
76 1 10 90
76 4 19 215
76 13 22 84
76 15 43 268
76 19 32 104
76 23 29 240
76 28 25 261
76 29 39 53
76 31 3 55
76 34 55 289
76 52 58 285
76 53 49 267
76 57 7 6
76 61 46 48
76 70 13 282
77 2 25 21
77 15 40 293
77 21 55 193
77 22 31 86
77 25 13 87
77 39 34 9
77 47 20 83
77 49 2 226
77 51 49 54
77 56 43 207
77 57 16 223
77 63 10 234
77 73 29 81
77 76 7 152
77 79 37 39
78 2 7 3
78 6 50 59
78 8 34 180
78 23 58 240
78 26 55 169
78 30 45 201
78 43 17 201
78 46 31 265
78 64 23 251
78 67 19 228
78 71 14 295
78 74 1 213
78 77 37 15
78 78 25 283
79 3 55 179
79 11 43 110
79 12 33 77
79 15 40 268
79 20 4 74
79 27 15 271
79 38 1 5
79 42 57 98
79 46 37 246
79 48 7 207
79 56 19 241
79 58 9 119
79 64 26 47
79 69 31 200
79 77 49 22
80 14 43 137
80 29 1 53
80 31 55 234
80 34 27 289
80 36 19 4
80 41 9 76
80 42 52 98
80 44 34 211
80 50 22 246
80 57 49 223
80 59 37 125
80 65 47 198
80 66 15 231
80 71 31 295
80 73 41 81
81 1 37 90
81 3 9 179
81 4 28 280
81 13 40 179
81 23 25 240
81 24 57 119
81 28 11 261
81 31 43 215
81 34 34 289
81 39 31 9
81 41 1 252
81 45 15 66
81 54 22 42
81 67 3 244
81 68 52 212
82 2 26 139
82 3 34 182
82 8 4 103
82 15 16 293
82 17 57 259
82 25 13 269
82 26 1 169
82 29 49 53
82 32 7 80
82 42 31 239
82 50 19 19
82 56 21 183
82 63 10 106
82 74 43 126
82 78 38 199
83 2 7 44
83 5 57 251
83 10 43 116
83 13 3 170
83 30 25 265
83 40 41 14
83 52 19 149
83 53 31 267
83 60 22 95
83 69 1 188
83 71 37 295
83 72 16 52
83 75 52 203
83 79 49 39
83 80 13 202
84 10 13 11
84 12 19 30
84 13 58 80
84 15 55 268
84 21 49 193
84 23 53 240
84 27 35 136
84 37 25 58
84 38 3 5
84 39 10 9
84 63 40 234
84 68 37 72
84 69 33 200
84 74 43 213
84 76 7 168
85 3 49 182
85 9 7 272
85 19 1 177
85 24 51 119
85 32 22 266
85 35 45 173
85 36 31 205
85 37 57 238
85 40 15 14
85 60 37 166
85 65 4 211
85 68 25 153
85 69 55 200
85 71 19 263
85 76 28 168
86 1 25 90
86 10 9 105
86 26 19 159
86 28 31 250
86 29 1 60
86 33 47 139
86 38 40 229
86 43 7 201
86 45 37 66
86 46 22 104
86 52 16 285
86 54 58 42
86 61 13 43
86 64 28 47
86 72 35 95
87 2 26 44
87 9 20 191
87 12 43 77
87 15 49 293
87 22 4 263
87 23 31 240
87 30 33 125
87 39 38 9
87 48 11 133
87 54 58 192
87 55 55 235
87 61 52 48
87 63 1 234
87 64 15 47
87 70 7 233
88 11 7 270
88 15 33 103
88 16 55 12
88 19 46 43
88 22 10 263
88 27 3 271
88 32 19 80
88 40 1 84
88 44 22 151
88 58 31 278
88 59 49 61
88 64 13 47
88 67 25 35
88 68 16 100
88 72 39 52
89 2 7 254
89 3 19 182
89 17 55 94
89 20 28 88
89 22 46 263
89 30 3 133
89 35 49 69
89 38 38 229
89 41 1 149
89 42 40 239
89 61 58 71
89 62 43 170
89 67 33 78
89 70 21 282
89 74 13 63
90 3 32 179
90 7 1 34
90 11 7 100
90 14 25 275
90 19 52 43
90 28 35 261
90 31 38 292
90 52 49 5
90 60 13 58
90 66 21 94
90 67 43 176
90 71 10 273
90 74 55 265
90 79 16 39
91 10 55 210
91 12 7 77
91 15 37 293
91 24 19 144
91 29 13 261
91 32 46 266
91 39 40 186
91 54 49 241
91 61 28 48
91 65 1 79
91 69 52 57
91 70 3 187
91 74 31 105
91 75 25 8
92 2 43 139
92 3 19 179
92 4 52 280
92 5 13 118
92 9 31 97
92 14 7 137
92 22 49 160
92 24 1 264
92 37 21 56
92 58 29 235
92 68 58 150
92 74 37 63
92 76 55 168
92 77 25 15
93 1 50 90
93 12 8 241
93 19 37 104
93 26 25 169
93 28 35 250
93 31 2 225
93 35 43 190
93 40 28 14
93 48 13 101
93 51 56 54
93 53 19 16
93 55 16 235
93 66 23 94
93 69 47 35
93 77 31 38
94 1 55 90
94 3 41 182
94 5 9 118
94 12 19 73
94 17 13 12
94 18 31 233
94 22 34 263
94 23 16 240
94 31 43 21
94 37 3 19
94 38 1 229
94 43 49 216
94 56 26 207
94 64 58 47
94 69 7 35
95 1 28 174
95 2 13 139
95 4 46 51
95 5 38 256
95 8 22 103
95 21 1 7
95 24 31 32
95 28 43 250
95 32 49 24
95 36 58 205
95 39 25 278
95 45 9 66
95 50 7 128
95 60 19 220
95 80 55 258
96 1 25 26
96 13 21 170
96 15 58 268
96 17 31 244
96 18 37 134
96 23 43 240
96 24 8 264
96 25 16 269
96 28 47 250
96 48 19 101
96 52 28 149
96 59 1 143
96 75 55 203
96 77 50 206
96 79 40 121
97 2 31 254
97 11 2 270
97 12 57 102
97 22 16 263
97 26 19 169
97 28 49 250
97 29 43 53
97 32 13 24
97 35 25 69
97 46 7 265
97 54 10 192
97 56 51 183
97 61 22 48
97 67 38 228
97 73 47 81
98 2 43 3
98 10 31 210
98 16 49 12
98 21 19 7
98 23 23 51
98 25 4 87
98 27 1 271
98 30 55 138
98 35 37 69
98 41 35 252
98 49 13 226
98 60 25 220
98 66 28 94
98 67 8 78
99 19 19 147
99 23 35 240
99 24 13 228
99 36 7 161
99 46 22 252
99 53 31 290
99 55 10 255
99 56 43 125
99 58 41 226
99 59 25 195
99 64 51 47
99 66 17 231
99 75 37 8
99 78 1 283
100 2 7 139
100 7 1 204
100 14 31 137
100 33 5 150
100 35 13 69
100 37 49 238
100 38 45 229
100 39 19 9
100 42 40 98
100 43 25 216
100 50 22 19
100 54 28 42
100 58 17 63
100 60 56 220
100 80 37 202
101 4 25 167
101 8 46 17
101 10 7 210
101 14 37 275
101 16 13 67
101 19 28 104
101 24 55 264
101 26 34 169
101 27 17 271
101 30 19 133
101 38 44 5
101 47 31 83
101 49 49 123
101 53 1 16
102 7 13 34
102 8 1 17
102 13 28 84
102 16 51 154
102 22 40 263
102 30 31 71
102 33 21 150
102 34 11 289
102 36 37 4
102 46 4 265
102 67 57 176
102 69 49 200
102 74 7 213
102 75 25 203
102 78 43 199
103 6 33 231
103 10 38 116
103 13 55 80
103 19 19 78
103 28 59 250
103 34 15 289
103 36 22 4
103 42 25 98
103 63 1 108
103 67 7 176
103 68 28 147
103 72 51 52
103 73 13 81
103 75 4 202
104 2 13 3
104 5 49 118
104 12 43 11
104 15 4 89
104 21 31 7
104 25 58 87
104 35 7 69
104 36 19 205
104 37 37 56
104 41 28 76
104 54 1 42
104 57 22 6
104 58 11 119
104 66 25 94
104 68 55 150
105 4 49 172
105 12 9 73
105 20 55 74
105 23 1 51
105 25 32 87
105 27 29 271
105 28 7 155
105 29 37 261
105 34 21 289
105 37 3 56
105 38 58 229
105 42 13 239
105 49 25 226
105 55 52 255
105 61 43 48
106 3 55 182
106 12 37 11
106 14 8 212
106 28 15 250
106 38 13 5
106 54 19 42
106 55 22 235
106 56 33 241
106 58 25 75
106 62 46 170
106 65 27 79
106 66 17 94
106 71 1 273
106 72 31 52
106 80 52 258
107 3 22 179
107 13 34 84
107 15 16 268
107 16 57 252
107 22 1 263
107 24 27 256
107 28 45 250
107 36 4 205
107 39 8 278
107 43 39 201
107 48 47 254
107 50 55 128
107 58 51 63
107 72 25 52
107 80 13 258
108 5 13 286
108 11 2 110
108 23 33 240
108 26 45 169
108 27 27 271
108 36 7 4
108 43 43 216
108 48 49 101
108 50 57 128
108 53 38 16
108 57 19 6
108 58 17 119
108 68 22 147
108 70 51 159
108 80 10 202
109 2 39 139
109 10 25 136
109 21 21 291
109 26 50 169
109 29 13 60
109 43 47 216
109 47 58 83
109 49 31 123
109 57 55 6
109 64 37 47
109 69 17 188
109 73 3 199
109 75 10 8
109 76 19 152
109 79 43 39
110 6 55 59
110 13 43 179
110 21 9 291
110 23 13 51
110 31 49 88
110 41 7 149
110 42 1 98
110 43 34 216
110 46 31 252
110 52 38 285
110 59 19 125
110 63 25 234
110 67 15 35
110 68 28 29
111 4 7 215
111 6 1 2
111 15 28 268
111 19 19 104
111 31 49 21
111 33 5 22
111 40 15 216
111 46 25 252
111 47 43 83
111 56 37 207
111 59 31 143
111 64 35 251
111 68 22 217
111 74 57 126
111 79 10 39
112 1 16 174
112 2 20 57
112 3 59 295
112 5 55 284
112 11 52 110
112 12 31 102
112 19 43 43
112 25 38 87
112 31 7 294
112 55 49 235
112 62 1 130
112 71 13 273
112 78 25 124
112 80 4 268
113 11 34 270
113 21 25 291
113 27 29 136
113 28 11 155
113 30 49 201
113 35 37 36
113 38 43 229
113 39 16 186
113 43 5 201
113 54 22 192
113 58 58 235
113 60 8 166
113 69 14 200
113 74 45 105
113 77 1 15
114 9 8 191
114 13 37 179
114 18 28 151
114 25 55 269
114 28 1 250
114 39 34 186
114 50 25 128
114 51 3 54
114 52 31 285
114 59 49 195
114 60 19 95
114 63 16 108
114 72 53 24
114 75 22 203
114 79 13 39
115 9 25 272
115 14 55 137
115 16 19 281
115 25 10 269
115 27 47 136
115 34 13 84
115 39 1 278
115 47 7 83
115 51 43 287
115 55 37 255
115 60 32 95
115 68 40 150
115 69 29 200
115 70 15 233
115 73 51 81
116 1 1 26
116 12 38 77
116 14 7 275
116 16 45 157
116 19 25 117
116 26 4 40
116 27 59 271
116 37 33 14
116 38 17 229
116 39 22 186
116 42 28 98
116 58 43 278
116 62 52 130
116 65 13 211
116 79 55 39
117 7 43 204
117 10 25 116
117 11 40 110
117 12 1 102
117 19 13 117
117 24 7 134
117 32 22 24
117 38 33 229
117 45 17 66
117 48 29 25
117 52 55 5
117 56 49 77
117 58 53 226
117 62 19 75
117 66 31 94
118 1 13 26
118 4 43 280
118 9 1 222
118 15 25 268
118 17 40 262
118 19 16 43
118 20 7 74
118 34 58 289
118 42 21 239
118 48 31 101
118 58 29 226
118 63 10 108
118 66 19 94
118 68 46 150
118 76 53 168
119 3 25 179
119 6 27 183
119 7 31 204
119 9 14 222
119 10 57 105
119 16 49 67
119 20 40 88
119 25 1 219
119 32 4 266
119 42 46 239
119 44 43 152
119 53 7 122
119 58 11 226
119 66 37 94
119 78 19 145
120 3 11 179
120 7 25 204
120 14 31 96
120 16 3 252
120 24 49 134
120 29 13 115
120 33 17 150
120 40 7 84
120 41 1 211
120 50 9 128
120 54 44 42
120 57 58 223
120 75 19 8
120 77 37 38
120 80 55 240
121 6 37 231
121 18 31 4
121 23 35 51
121 25 22 87
121 28 5 155
121 29 1 290
121 32 58 24
121 34 25 289
121 37 13 19
121 40 7 216
121 44 27 295
121 50 43 19
121 56 45 34
121 65 17 211
121 78 9 124
122 3 5 179
122 13 37 84
122 19 40 78
122 20 27 74
122 28 1 155
122 29 7 115
122 32 14 266
122 40 19 14
122 41 25 76
122 42 49 239
122 43 3 201
122 52 52 285
122 68 32 217
122 80 21 202
123 15 4 293
123 20 46 88
123 28 55 250
123 51 51 287
123 58 15 75
123 60 1 166
123 66 13 231
123 68 43 29
123 69 57 200
123 70 27 282
123 73 33 81
123 74 19 126
123 76 49 168
123 77 7 38
123 78 38 283
124 5 55 1
124 12 44 102
124 17 37 44
124 26 19 40
124 32 10 24
124 36 34 205
124 41 2 76
124 55 49 121
124 59 15 143
124 62 22 130
124 63 31 234
124 64 4 276
124 69 13 57
124 72 40 95
124 74 25 213
125 1 46 90
125 5 9 208
125 12 31 30
125 18 43 151
125 21 49 7
125 24 27 264
125 27 41 271
125 29 19 53
125 30 37 174
125 31 56 293
125 32 1 61
125 42 4 239
125 61 16 48
125 68 13 29
125 69 25 200
126 1 1 90
126 2 13 254
126 12 55 241
126 28 4 250
126 33 35 150
126 34 23 289
126 36 25 161
126 40 21 14
126 45 59 66
126 49 43 226
126 51 37 287
126 52 10 285
126 54 28 192
126 69 33 57
126 80 49 202
127 17 25 262
127 21 1 118
127 23 39 240
127 28 22 250
127 35 49 36
127 39 28 9
127 57 13 223
127 60 16 166
127 64 44 47
127 65 7 198
127 66 5 231
127 69 9 57
127 73 59 152
127 74 55 213
127 78 31 124
128 3 25 182
128 6 49 231
128 11 43 270
128 15 10 103
128 26 13 252
128 29 56 261
128 31 33 215
128 32 7 266
128 38 27 229
128 46 37 265
128 60 1 220
128 61 4 52
128 71 40 295
128 73 31 81
128 78 19 283
129 8 16 17
129 10 2 210
129 17 19 44
129 19 58 43
129 23 9 240
129 26 25 159
129 29 32 115
129 33 40 39
129 38 22 229
129 54 13 192
129 60 28 95
129 68 37 150
129 70 45 78
129 74 49 126
129 75 55 71
130 3 13 179
130 8 57 180
130 22 15 59
130 23 46 240
130 32 1 266
130 34 37 289
130 37 49 19
130 48 53 254
130 52 7 285
130 60 4 166
130 62 31 130
130 67 25 176
130 68 43 150
130 75 40 203
130 80 22 258
131 4 28 172
131 10 20 136
131 21 43 7
131 26 10 159
131 29 1 115
131 30 37 133
131 39 16 9
131 40 5 84
131 44 25 208
131 46 57 134
131 52 34 5
131 58 53 278
131 62 13 130
131 72 55 95
131 79 7 121
132 2 19 139
132 7 7 34
132 14 57 96
132 30 43 71
132 33 25 150
132 35 13 190
132 39 33 278
132 43 53 201
132 44 40 151
132 45 4 66
132 52 27 198
132 58 23 63
132 61 1 268
132 62 37 262
132 78 49 199
133 1 10 26
133 6 55 72
133 13 31 84
133 26 16 169
133 29 43 261
133 33 47 39
133 34 52 289
133 39 49 9
133 44 7 295
133 47 13 83
133 49 19 123
133 66 29 231
133 74 37 126
133 76 3 152
133 77 25 206
134 2 55 3
134 3 23 182
134 17 43 222
134 25 49 87
134 28 46 155
134 31 25 225
134 34 4 289
134 35 7 36
134 41 11 149
134 43 31 201
134 59 33 195
134 62 13 262
134 70 19 187
134 75 40 8
135 8 49 17
135 11 31 270
135 17 19 244
135 19 16 153
135 24 3 134
135 26 9 252
135 28 1 41
135 29 37 115
135 30 25 4
135 33 35 22
135 45 29 66
135 53 44 267
135 58 7 63
135 61 13 48
136 5 49 256
136 8 13 17
136 16 2 157
136 17 22 293
136 19 7 153
136 27 53 169
136 28 47 261
136 32 31 80
136 35 55 190
136 53 37 122
136 55 19 255
136 61 16 135
136 62 44 262
136 66 10 231
136 74 25 61
137 1 16 90
137 2 55 254
137 17 50 222
137 18 10 86
137 22 31 263
137 48 23 101
137 49 43 123
137 50 13 246
137 52 1 198
137 53 19 267
137 56 27 89
137 63 7 234
137 65 25 198
137 69 59 200
137 71 4 29
138 7 37 162
138 15 28 293
138 18 19 151
138 20 3 6
138 25 7 269
138 27 23 287
138 31 13 21
138 33 17 177
138 38 25 229
138 39 56 278
138 42 10 98
138 44 34 265
138 53 49 290
138 76 1 152
138 77 45 15
139 4 58 280
139 7 13 162
139 19 37 35
139 21 9 193
139 24 1 144
139 30 51 133
139 31 32 21
139 33 23 150
139 34 7 289
139 35 19 69
139 54 55 192
139 55 26 235
139 58 47 226
139 70 43 159
140 7 38 204
140 8 19 17
140 9 55 191
140 11 22 270
140 14 13 96
140 20 1 74
140 34 17 84
140 37 51 251
140 38 49 229
140 39 9 186
140 41 45 76
140 64 7 47
140 69 27 200
140 75 4 203
140 76 43 168
141 1 7 90
141 5 50 286
141 8 31 17
141 11 37 110
141 16 21 154
141 30 56 201
141 37 43 14
141 42 16 98
141 52 4 285
141 57 13 6
141 61 10 48
141 65 19 79
141 66 40 94
141 75 34 8
141 78 25 199
142 4 31 172
142 9 56 272
142 12 25 77
142 14 19 212
142 20 43 88
142 22 49 28
142 32 39 266
142 46 46 255
142 48 4 207
142 59 7 195
142 68 34 29
142 73 37 81
142 78 13 124
142 79 1 39
143 1 13 90
143 4 49 280
143 9 25 191
143 10 19 210
143 11 34 110
143 19 3 147
143 21 55 291
143 33 37 139
143 48 11 207
143 50 52 128
143 54 44 192
143 69 41 200
143 75 16 8
143 77 7 15
143 80 31 258
144 4 25 172
144 6 15 183
144 7 19 204
144 13 10 170
144 14 44 96
144 25 40 269
144 37 31 238
144 38 7 229
144 43 51 216
144 50 13 128
144 52 28 285
144 56 55 2
144 60 4 95
144 61 1 52
144 75 37 203
145 3 11 182
145 12 38 73
145 22 52 28
145 25 34 269
145 27 17 136
145 33 47 22
145 34 5 272
145 36 25 205
145 39 22 9
145 54 13 42
145 57 43 6
145 58 19 63
145 74 55 63
145 76 1 168
145 79 28 39
146 7 26 162
146 8 10 180
146 11 13 110
146 23 31 51
146 29 49 115
146 39 46 9
146 45 33 66
146 51 57 287
146 52 43 149
146 55 2 255
146 62 16 262
146 66 5 94
146 67 37 176
146 77 19 15
146 79 7 39
147 2 31 139
147 3 53 179
147 6 13 72
147 13 50 179
147 14 1 245
147 17 46 161
147 19 19 43
147 21 37 7
147 22 43 86
147 26 10 30
147 30 55 133
147 48 59 254
147 58 23 278
147 61 7 135
147 70 26 233
148 12 56 11
148 19 16 147
148 21 43 291
148 32 37 24
148 37 49 170
148 43 35 201
148 44 21 211
148 50 1 128
148 51 7 54
148 64 19 251
148 65 41 198
148 66 3 231
148 70 25 187
148 75 13 203
148 77 31 22
149 9 20 272
149 12 49 73
149 13 43 84
149 19 40 177
149 20 37 88
149 23 7 240
149 32 25 80
149 39 28 278
149 43 33 201
149 46 46 252
149 53 9 16
149 69 4 35
149 71 1 282
149 77 13 38
150 2 38 21
150 8 34 198
150 11 46 270
150 17 52 94
150 18 4 233
150 20 49 74
150 22 28 263
150 25 10 87
150 36 13 205
150 41 16 76
150 45 43 66
150 52 31 5
150 71 7 273
150 72 19 52
150 76 26 168
151 6 49 72
151 10 31 136
151 13 13 170
151 16 39 12
151 17 57 161
151 19 28 43
151 32 44 24
151 46 16 252
151 48 2 207
151 54 19 192
151 62 4 130
151 69 22 200
151 70 7 187
151 72 11 95
151 73 25 81
152 2 37 3
152 17 19 262
152 18 25 151
152 27 13 271
152 28 41 250
152 39 46 186
152 42 22 98
152 47 55 83
152 48 4 101
152 55 31 235
152 56 50 157
152 58 11 75
152 61 8 52
152 74 15 126
152 79 1 121
153 8 43 17
153 10 31 116
153 14 19 275
153 29 7 60
153 32 16 61
153 33 11 22
153 38 5 229
153 46 56 246
153 53 1 267
153 55 46 235
153 58 49 119
153 63 13 108
153 70 51 233
153 75 28 203
153 78 37 124
154 3 47 182
154 22 43 263
154 25 1 269
154 36 4 4
154 38 16 5
154 41 31 76
154 43 25 201
154 45 57 66
154 46 34 246
154 47 10 83
154 53 21 122
154 57 49 6
154 63 13 234
154 72 53 95
154 76 19 168
155 8 52 180
155 9 1 272
155 12 56 228
155 20 34 88
155 27 37 169
155 35 7 173
155 39 40 278
155 45 5 138
155 46 27 246
155 52 46 5
155 55 31 255
155 57 22 105
155 60 19 166
155 68 43 100
155 79 13 121
156 4 32 280
156 10 7 136
156 12 55 73
156 13 16 170
156 22 4 30
156 30 37 71
156 42 52 6
156 50 23 116
156 52 49 285
156 53 25 122
156 55 13 255
156 65 29 79
156 66 41 231
156 70 19 233
156 78 45 145
157 1 19 26
157 5 55 52
157 20 25 88
157 27 9 271
157 30 33 133
157 37 45 19
157 45 7 66
157 55 52 121
157 60 28 269
157 62 1 262
157 64 5 47
157 65 31 198
157 70 37 187
157 77 13 15
157 79 22 121
158 9 37 222
158 12 43 30
158 14 26 212
158 17 7 262
158 18 19 207
158 20 4 88
158 23 14 240
158 30 31 138
158 48 1 25
158 61 58 48
158 68 16 29
158 75 22 8
158 77 49 38
158 80 55 202
159 7 55 162
159 11 19 270
159 12 25 30
159 16 43 281
159 22 22 263
159 24 7 228
159 28 5 261
159 29 31 261
159 44 13 151
159 50 1 246
159 58 51 75
159 64 47 47
159 71 16 273
159 76 3 168
159 77 37 206
160 1 7 26
160 10 2 116
160 14 13 137
160 27 35 271
160 32 28 80
160 39 55 186
160 46 58 70
160 54 20 117
160 57 40 223
160 58 25 63
160 59 43 143
160 67 31 176
160 68 37 29
160 73 10 81
160 77 49 15
161 5 43 118
161 8 28 17
161 9 2 97
161 10 13 136
161 11 31 110
161 17 57 262
161 22 34 86
161 40 11 14
161 41 40 76
161 45 47 66
161 48 21 101
161 54 37 42
161 66 19 231
161 71 52 273
161 77 7 22
162 2 19 256
162 3 39 182
162 16 9 281
162 26 43 252
162 29 14 290
162 37 55 19
162 38 47 229
162 39 26 186
162 41 33 76
162 51 3 80
162 58 59 278
162 59 49 143
162 64 1 47
162 69 7 200
163 3 16 182
163 5 31 251
163 9 8 222
163 10 49 210
163 11 4 100
163 17 58 222
163 23 37 240
163 24 43 134
163 33 23 22
163 39 13 186
163 40 21 216
163 54 40 42
163 60 55 166
163 61 1 48
163 79 25 39
164 2 8 256
164 4 4 172
164 22 22 28
164 25 25 269
164 30 13 265
164 39 43 9
164 48 28 101
164 53 31 16
164 56 55 77
164 58 17 226
164 59 37 61
164 62 46 130
164 68 49 29
164 71 19 29
164 75 1 203
165 2 3 44
165 4 21 172
165 10 13 105
165 13 34 80
165 15 7 293
165 19 40 43
165 37 51 14
165 43 55 216
165 57 26 6
165 59 57 125
165 64 19 47
165 73 1 199
165 74 44 61
165 80 37 258
166 5 31 1
166 8 52 17
166 33 35 139
166 45 11 166
166 55 25 255
166 56 43 89
166 58 17 278
166 63 28 234
166 64 15 251
166 68 37 212
166 69 5 104
166 74 1 126
166 75 19 203
166 76 9 152
166 77 55 15
167 4 57 172
167 8 1 103
167 14 25 96
167 18 22 207
167 19 4 177
167 32 43 266
167 38 15 229
167 39 7 9
167 44 46 152
167 45 35 66
167 48 17 101
167 49 37 226
167 50 20 128
167 53 31 122
167 76 13 152
168 4 16 172
168 8 49 180
168 9 19 222
168 13 46 179
168 16 55 157
168 18 52 151
168 26 4 169
168 32 34 24
168 41 31 152
168 42 13 98
168 45 39 66
168 54 1 192
168 59 9 143
168 66 7 94
168 80 25 258
169 3 17 295
169 4 22 280
169 5 7 1
169 12 31 73
169 13 25 170
169 14 13 245
169 17 46 44
169 18 43 155
169 21 3 193
169 24 50 264
169 31 37 225
169 36 28 161
169 45 1 66
169 61 19 48
169 78 56 124
170 3 29 182
170 9 49 97
170 10 25 11
170 17 43 161
170 27 41 287
170 33 5 139
170 38 13 229
170 49 7 123
170 52 16 198
170 59 20 195
170 61 31 48
170 64 11 47
170 67 1 86
170 70 56 282
170 80 34 202
171 5 49 208
171 15 34 268
171 16 43 12
171 19 31 43
171 23 17 51
171 25 55 87
171 27 53 271
171 28 3 155
171 39 13 9
171 55 10 235
171 61 7 48
171 62 19 130
171 63 26 108
171 75 58 203
171 80 40 202
172 2 26 3
172 5 13 208
172 9 44 272
172 19 37 43
172 30 7 138
172 43 57 216
172 44 52 211
172 45 50 66
172 50 59 128
172 52 34 285
172 59 3 125
172 68 40 29
172 69 11 188
172 74 19 61
172 80 31 202
173 1 31 26
173 7 49 204
173 8 25 180
173 21 3 246
173 24 8 144
173 25 43 219
173 33 29 22
173 40 1 14
173 50 34 128
173 53 19 290
173 56 39 288
173 67 13 244
173 78 55 199
173 80 46 202
174 8 34 17
174 9 1 151
174 34 41 289
174 41 5 76
174 42 49 98
174 49 13 123
174 50 17 246
174 56 45 72
174 58 10 63
174 60 22 166
174 62 25 130
174 64 39 47
174 69 8 188
174 71 28 273
174 80 58 258
175 12 50 102
175 15 15 103
175 31 9 292
175 35 55 173
175 38 29 229
175 44 46 295
175 46 43 246
175 52 19 285
175 64 25 251
175 67 31 228
175 68 1 29
175 69 4 57
175 70 37 75
175 72 23 52
175 73 7 199
176 4 38 172
176 6 55 183
176 13 45 80
176 15 49 103
176 19 7 43
176 27 17 287
176 32 19 24
176 42 10 239
176 44 26 133
176 52 22 5
176 54 4 192
176 55 52 149
176 56 31 72
176 73 43 81
176 77 13 22
177 7 44 162
177 8 4 17
177 15 19 293
177 16 49 281
177 32 55 266
177 38 11 229
177 48 35 101
177 53 13 267
177 56 25 2
177 60 32 220
177 61 40 48
177 69 53 200
177 72 58 95
177 77 7 206
177 80 1 258
178 2 37 147
178 3 7 182
178 5 43 1
178 6 1 159
178 20 13 74
178 31 33 225
178 36 52 4
178 43 9 201
178 46 16 104
178 50 31 128
178 57 26 223
178 62 49 262
178 64 55 47
178 67 20 176
178 73 57 81
179 1 37 26
179 4 19 280
179 7 56 34
179 19 25 43
179 20 31 88
179 22 40 59
179 27 5 136
179 28 9 155
179 31 1 294
179 39 52 9
179 40 23 14
179 52 28 5
179 53 14 122
179 61 34 48
179 78 43 283
180 11 28 110
180 13 40 84
180 14 20 96
180 15 46 293
180 16 49 252
180 25 31 269
180 26 1 40
180 33 59 39
180 36 37 205
180 52 43 285
180 60 10 220
180 61 25 48
180 63 4 108
180 69 35 200
180 77 13 206
181 4 34 172
181 10 8 116
181 15 37 268
181 18 40 188
181 22 25 263
181 27 51 271
181 31 45 294
181 33 3 150
181 37 20 238
181 40 56 14
181 43 43 201
181 44 16 7
181 47 28 83
181 65 31 211
181 66 14 94
182 8 31 180
182 11 58 270
182 13 25 84
182 15 13 268
182 20 37 74
182 21 3 291
182 40 1 216
182 57 34 6
182 62 28 170
182 64 9 251
182 68 52 29
182 70 45 233
182 73 23 81
182 79 20 39
182 80 16 202
183 6 49 37
183 10 55 116
183 14 13 275
183 15 7 103
183 17 46 94
183 19 19 153
183 28 25 250
183 36 22 205
183 37 33 56
183 40 10 216
183 50 17 19
183 60 37 95
183 62 28 130
183 66 31 231
183 77 2 206
184 4 4 280
184 5 26 286
184 8 13 40
184 14 19 137
184 19 43 35
184 33 41 22
184 34 2 289
184 50 11 128
184 56 37 157
184 58 23 119
184 60 8 95
184 63 16 234
184 70 49 187
184 77 55 206
184 80 34 258
185 5 19 118
185 8 25 17
185 18 1 233
185 21 56 7
185 25 52 269
185 27 49 271
185 33 23 39
185 34 46 289
185 47 4 83
185 55 37 235
185 56 9 157
185 64 32 47
185 66 7 231
185 72 34 52
185 76 14 168
186 3 7 179
186 14 33 245
186 20 58 74
186 22 43 59
186 26 13 169
186 38 9 229
186 46 40 255
186 50 11 19
186 54 55 42
186 58 1 75
186 60 46 166
186 61 4 48
186 63 37 234
186 78 49 124
187 3 1 182
187 7 31 162
187 18 10 151
187 23 21 51
187 35 25 190
187 37 3 238
187 50 37 128
187 52 39 5
187 60 13 220
187 62 43 75
187 65 23 83
187 66 35 94
187 77 55 22
188 5 37 251
188 9 13 97
188 18 46 4
188 20 22 88
188 29 50 261
188 32 19 266
188 35 1 36
188 42 43 98
188 43 11 25
188 51 7 287
188 66 25 231
188 67 31 28
188 68 27 100
188 69 5 200
188 71 56 295
189 5 25 1
189 7 19 34
189 12 7 102
189 18 58 151
189 21 37 291
189 22 16 30
189 24 32 264
189 30 49 138
189 31 1 215
189 34 53 84
189 43 29 201
189 47 46 83
189 62 43 130
189 71 55 273
190 1 4 26
190 3 37 182
190 4 10 172
190 8 58 17
190 11 26 270
190 13 55 84
190 21 31 291
190 27 19 271
190 35 50 220
190 43 41 201
190 45 45 66
190 52 22 285
190 60 7 220
190 64 1 251
190 70 13 187
191 6 3 72
191 8 44 180
191 16 37 41
191 26 22 169
191 27 56 271
191 28 13 250
191 46 19 252
191 48 1 254
191 55 16 255
191 58 35 63
191 60 28 166
191 62 58 130
191 72 51 95
191 73 8 81
191 74 31 61
192 4 44 172
192 8 20 180
192 11 52 270
192 12 25 102
192 16 39 281
192 34 9 289
192 35 55 69
192 36 16 161
192 41 47 76
192 50 4 128
192 55 13 235
192 57 1 223
192 63 49 108
192 64 34 47
192 69 37 200
193 3 43 182
193 5 39 208
193 15 10 293
193 17 31 293
193 18 7 151
193 32 34 266
193 34 19 289
193 37 25 56
193 38 3 229
193 48 37 101
193 54 16 192
193 58 21 63
193 60 13 95
193 66 1 231
193 74 50 265
194 2 7 21
194 8 28 180
194 14 37 137
194 21 50 291
194 22 25 86
194 39 1 186
194 45 21 66
194 51 43 54
194 52 4 198
194 62 55 130
194 65 19 211
194 71 58 273
194 75 32 203
194 78 14 283
195 2 43 254
195 12 38 156
195 14 55 275
195 19 10 153
195 28 23 41
195 46 13 104
195 53 51 122
195 54 2 153
195 55 7 235
195 58 28 119
195 77 19 38
195 78 31 199
195 79 25 121
195 80 16 258
196 2 25 57
196 5 43 286
196 8 7 180
196 12 39 102
196 20 10 74
196 24 2 32
196 35 13 36
196 36 58 57
196 44 55 152
196 49 31 226
196 55 52 235
196 66 23 231
196 68 49 212
196 70 19 41
196 76 35 152
197 1 28 90
197 3 31 182
197 6 2 59
197 11 49 270
197 19 55 43
197 20 40 74
197 24 13 134
197 25 37 269
197 27 47 287
197 34 20 84
197 36 34 161
197 57 8 223
197 58 11 278
197 64 17 251
197 79 43 121
198 5 2 286
198 7 37 34
198 10 32 11
198 14 21 245
198 29 7 53
198 36 58 100
198 51 25 54
198 63 55 108
198 67 49 176
198 69 11 35
198 70 43 256
198 79 16 121
199 1 34 26
199 11 13 270
199 17 31 44
199 18 43 4
199 24 38 144
199 43 23 201
199 56 51 2
199 60 25 166
199 63 46 234
199 72 49 52
199 73 21 81
199 76 9 168
199 78 56 145
199 79 4 39
200 11 38 270
200 20 43 74
200 27 5 287
200 31 55 225
200 35 1 173
200 37 25 238
200 46 34 255
200 48 41 207
200 52 19 198
200 54 22 100
200 56 8 2
200 59 15 167
200 67 51 35
200 72 13 52
200 79 31 39
Điểm tối ưu: 2948
Thời gian: 360.071236 giây
Trạng thái: VALID
