653
1 1 3 47
1 2 29 36
1 3 39 41
1 4 1 19
1 5 25 31
1 7 22 61
1 13 19 46
1 14 46 51
1 15 9 10
1 17 31 5
1 18 49 26
1 19 7 35
1 20 13 15
2 1 19 47
2 2 47 18
2 3 7 41
2 6 40 44
2 7 13 61
2 8 15 33
2 9 3 30
2 10 1 4
2 11 25 17
2 13 52 46
2 14 22 7
2 15 31 10
2 16 49 72
2 19 11 55
2 20 34 15
3 1 7 47
3 3 50 1
3 6 31 44
3 8 19 33
3 9 43 14
3 10 23 4
3 11 2 17
3 12 40 26
3 14 25 7
3 16 17 72
3 17 11 25
3 19 14 55
3 20 28 56
4 1 22 47
4 3 13 1
4 4 25 19
4 5 55 31
4 8 27 33
4 10 33 4
4 12 7 24
4 13 4 46
4 14 1 51
4 15 19 10
4 17 10 5
4 19 17 28
4 20 37 56
5 1 43 47
5 2 1 36
5 3 20 1
5 4 3 19
5 5 10 31
5 7 25 61
5 8 38 33
5 9 32 14
5 13 49 46
5 14 58 7
5 15 7 45
5 17 29 25
5 18 13 42
5 19 5 35
5 20 46 15
6 1 37 47
6 2 5 36
6 3 1 41
6 4 27 19
6 7 15 61
6 8 43 33
6 12 31 24
6 14 34 51
6 15 20 22
6 17 17 5
6 18 8 63
6 20 40 60
7 1 46 47
7 2 17 36
7 3 13 65
7 4 35 19
7 7 39 61
7 8 50 33
7 9 31 30
7 10 19 4
7 11 1 9
7 14 10 7
7 15 58 45
7 16 37 72
7 17 8 5
7 18 25 42
8 1 31 47
8 2 59 36
8 3 25 65
8 4 37 19
8 5 22 31
8 6 34 44
8 7 11 67
8 8 55 33
8 9 7 30
8 10 17 4
8 11 39 17
8 12 13 24
8 15 43 39
8 16 1 72
8 18 3 42
9 1 28 47
9 7 26 67
9 8 1 13
9 9 32 49
9 11 8 9
9 13 46 44
9 14 37 7
9 16 5 72
9 17 23 5
9 18 13 63
9 19 17 35
9 20 19 60
10 1 13 47
10 2 40 18
10 4 31 19
10 6 26 25
10 10 3 4
10 11 7 17
10 14 55 7
10 15 51 10
10 16 33 72
10 17 21 5
10 18 45 42
10 19 59 28
10 20 16 60
11 1 49 47
11 2 7 36
11 4 33 19
11 7 3 67
11 8 37 13
11 9 20 30
11 10 29 4
11 11 43 9
11 12 25 24
11 14 16 51
11 15 13 45
11 16 9 72
11 19 55 55
11 20 52 60
12 2 15 36
12 4 19 19
12 6 28 44
12 8 7 13
12 9 37 30
12 10 13 4
12 12 58 24
12 13 31 46
12 14 4 51
12 16 25 72
12 17 55 5
12 18 49 42
12 19 1 35
12 20 22 60
13 1 25 47
13 2 28 18
13 3 32 41
13 4 51 19
13 7 13 67
13 8 15 13
13 9 7 49
13 11 20 9
13 14 43 51
13 16 55 72
13 18 1 63
13 19 5 55
13 20 40 56
14 1 34 47
14 2 40 36
14 3 19 41
14 6 37 25
14 7 5 61
14 9 7 14
14 10 51 4
14 11 13 17
14 14 25 51
14 15 28 12
14 16 3 72
14 17 1 5
14 19 11 35
14 20 31 15
15 2 31 36
15 3 1 65
15 4 49 19
15 5 16 31
15 6 19 25
15 8 7 33
15 11 51 17
15 13 40 46
15 15 27 22
15 17 33 5
15 18 43 26
15 19 22 55
15 20 13 56
16 1 10 47
16 3 43 65
16 6 33 25
16 7 41 67
16 8 19 13
16 11 27 9
16 12 55 24
16 14 7 51
16 15 16 45
16 16 47 72
16 18 37 63
16 19 3 35
16 20 50 56
17 1 52 47
17 2 37 36
17 3 13 41
17 4 23 19
17 6 19 44
17 7 32 67
17 8 25 13
17 10 41 4
17 12 49 24
17 13 1 46
17 15 10 12
17 16 59 72
17 20 4 56
18 3 25 1
18 4 47 19
18 5 13 31
18 7 17 61
18 8 31 33
18 9 55 14
18 10 45 4
18 12 22 26
18 14 52 7
18 15 3 22
18 16 11 72
18 17 49 5
18 19 1 28
18 20 7 56
19 1 40 47
19 3 8 65
19 4 5 19
19 6 16 25
19 7 1 67
19 8 32 13
19 10 27 4
19 11 19 17
19 12 43 24
19 13 46 46
19 14 49 7
19 18 55 42
19 19 3 28
20 1 55 47
20 2 17 18
20 3 9 68
20 4 41 71
20 5 28 31
20 6 13 44
20 9 50 49
20 10 7 4
20 11 31 17
20 12 37 24
20 15 22 10
20 16 20 72
20 17 43 5
20 19 5 28
20 20 1 15
21 1 2 2
21 2 25 36
21 6 58 25
21 7 5 67
21 8 49 13
21 10 55 4
21 11 14 9
21 12 22 24
21 14 10 51
21 15 38 39
21 16 43 72
21 18 45 63
21 19 19 35
21 20 28 15
22 1 8 2
22 2 1 18
22 4 59 71
22 5 31 31
22 6 4 25
22 8 43 13
22 9 13 14
22 10 25 4
22 14 40 51
22 15 34 22
22 16 22 72
22 17 37 5
22 18 55 26
22 19 11 28
23 2 13 36
23 3 43 41
23 4 8 19
23 6 55 25
23 7 34 61
23 9 1 14
23 10 21 4
23 11 38 9
23 12 16 24
23 13 28 46
23 15 10 45
23 17 59 5
23 19 19 55
24 1 16 47
24 2 3 36
24 3 31 1
24 4 11 71
24 6 37 44
24 8 55 13
24 10 53 4
24 11 49 9
24 12 28 26
24 14 20 51
24 19 9 35
24 20 43 15
25 1 14 2
25 3 25 41
25 5 40 31
25 6 58 44
25 7 47 67
25 9 43 30
25 11 7 71
25 12 34 24
25 13 37 46
25 14 49 51
25 15 55 10
25 18 1 26
25 19 21 35
25 20 31 56
26 1 19 2
26 2 22 18
26 4 57 19
26 8 1 59
26 10 5 4
26 11 44 17
26 12 40 24
26 14 31 51
26 15 7 22
26 16 51 72
26 17 25 5
26 18 13 26
26 19 53 35
27 1 45 2
27 2 35 36
27 4 43 19
27 5 37 31
27 6 13 25
27 8 9 59
27 9 56 49
27 11 31 9
27 13 22 46
27 15 16 12
27 17 3 5
27 18 25 63
27 19 29 35
28 1 34 2
28 3 19 65
28 4 53 19
28 5 4 31
28 6 49 44
28 7 37 61
28 8 25 59
28 9 13 49
28 10 47 4
28 11 55 17
28 12 31 26
28 13 7 46
28 20 1 60
29 1 58 47
29 2 43 18
29 3 38 1
29 4 45 19
29 5 1 31
29 7 28 61
29 8 31 59
29 9 13 30
29 14 19 7
29 15 22 39
29 17 47 5
29 20 25 15
30 1 31 2
30 2 19 36
30 3 25 68
30 4 21 19
30 8 38 59
30 9 55 30
30 11 1 71
30 14 13 51
30 15 16 22
30 17 51 5
30 18 7 26
30 19 23 35
30 20 34 60
31 1 25 2
31 2 19 18
31 3 44 1
31 7 23 67
31 8 14 59
31 10 39 4
31 11 55 9
31 14 34 7
31 15 1 10
31 16 41 72
31 18 51 63
31 19 31 35
31 20 8 15
32 1 49 2
32 2 9 36
32 3 1 68
32 6 55 44
32 7 34 67
32 8 44 59
32 9 37 49
32 12 52 24
32 13 25 46
32 14 58 51
32 17 15 5
32 18 20 63
32 19 13 35
33 1 22 2
33 2 5 18
33 3 55 65
33 6 43 44
33 7 37 67
33 9 49 14
33 10 9 4
33 13 34 46
33 14 1 7
33 15 19 45
33 16 27 72
33 19 15 35
34 1 40 2
34 2 45 18
34 4 13 19
34 6 52 44
34 7 15 67
34 8 21 59
34 9 25 49
34 11 33 71
34 12 37 26
34 13 10 46
34 15 4 10
34 16 31 72
34 17 19 5
34 19 43 35
34 20 1 56
35 1 56 2
35 2 31 18
35 4 23 71
35 5 49 31
35 6 8 25
35 9 37 14
35 11 19 71
35 13 16 46
35 14 44 7
35 15 3 45
35 16 13 72
35 17 27 5
35 19 1 55
36 1 52 2
36 4 5 71
36 5 34 31
36 6 1 25
36 7 28 67
36 9 43 49
36 12 19 26
36 14 37 51
36 15 40 10
36 17 49 25
36 18 55 63
36 19 25 35
37 1 37 2
37 2 11 36
37 3 49 41
37 7 1 61
37 8 55 59
37 11 26 71
37 12 4 24
37 14 31 7
37 15 15 10
37 17 13 5
37 18 7 42
37 19 34 35
37 20 20 56
38 2 43 36
38 3 50 65
38 4 59 19
38 6 25 44
38 7 8 61
38 8 31 68
38 10 11 4
38 11 37 71
38 12 1 24
38 14 28 51
38 15 55 22
38 16 15 72
38 17 45 5
38 20 4 15
39 1 28 2
39 2 11 18
39 6 4 44
39 7 9 67
39 8 49 59
39 9 19 14
39 11 43 71
39 13 16 44
39 14 40 7
39 15 1 39
39 16 7 72
39 17 53 5
39 20 13 60
40 1 1 40
40 2 25 18
40 3 14 68
40 4 41 19
40 8 37 68
40 10 59 4
40 11 49 71
40 12 19 24
40 13 55 46
40 15 31 22
40 20 10 56
41 1 4 40
41 2 27 36
41 3 37 65
41 6 7 44
41 7 21 67
41 9 50 30
41 11 15 71
41 12 34 26
41 16 45 72
41 17 29 5
41 20 58 15
42 2 46 36
42 3 31 65
42 5 52 31
42 7 10 61
42 10 57 4
42 13 43 46
42 14 16 7
42 16 39 72
42 17 35 5
42 19 3 55
42 20 19 15
43 1 7 40
43 2 3 18
43 4 16 19
43 6 10 44
43 7 43 61
43 8 49 68
43 10 35 4
43 12 28 24
43 15 13 22
43 17 57 5
43 20 22 15
44 1 14 40
44 2 22 36
44 3 7 1
44 5 19 31
44 6 1 44
44 8 56 68
44 9 25 14
44 12 46 24
44 14 4 7
44 17 43 25
44 18 31 42
44 19 17 55
44 20 37 60
45 1 28 40
45 2 13 18
45 3 1 1
45 4 39 19
45 5 58 31
45 6 45 25
45 7 17 67
45 9 19 49
45 10 43 4
45 14 55 51
45 15 34 10
45 16 53 72
45 19 25 55
46 1 10 40
46 2 35 18
46 3 21 68
46 4 55 19
46 6 40 25
46 7 19 67
46 9 1 49
46 14 7 7
46 16 57 72
46 19 27 35
46 20 16 56
47 1 19 40
47 2 37 18
47 4 29 19
47 5 7 31
47 7 3 61
47 8 45 68
47 10 31 4
47 12 25 26
47 13 58 46
47 14 13 7
47 15 10 22
47 17 5 5
47 18 33 63
48 2 53 18
48 3 55 1
48 4 13 71
48 5 46 31
48 7 7 67
48 8 2 33
48 10 15 4
48 12 10 24
48 13 22 44
48 14 28 7
48 15 43 22
48 17 31 25
48 18 37 42
48 19 35 55
48 20 25 56
49 1 34 40
49 3 56 41
49 4 10 19
49 6 51 25
49 7 32 61
49 9 25 30
49 10 49 4
49 15 37 22
49 16 29 72
49 18 19 42
49 20 40 15
50 1 25 40
50 2 8 18
50 5 43 31
50 6 22 25
50 7 20 61
50 10 37 4
50 11 55 71
50 13 13 46
50 14 52 51
50 15 1 12
50 16 35 72
50 17 40 5
50 20 4 60
Điểm tối ưu: 653
Thời gian: 89.979371 giây
Trạng thái: VALID
