1389
1 7 5 103
1 9 1 118
1 10 57 145
1 12 37 142
1 13 32 81
1 16 28 97
1 21 25 64
1 26 43 94
1 28 7 13
1 29 19 14
1 32 11 129
1 34 13 138
1 35 16 63
1 36 49 73
1 37 22 79
2 1 56 2
2 5 1 141
2 14 16 71
2 16 44 97
2 20 47 46
2 24 10 146
2 25 20 92
2 26 37 94
2 28 32 13
2 29 13 124
2 30 49 135
2 31 41 65
2 34 4 138
2 35 7 63
2 39 26 107
3 1 43 53
3 3 13 75
3 6 56 110
3 7 23 103
3 8 52 26
3 10 32 145
3 11 8 67
3 13 25 112
3 15 19 119
3 18 10 121
3 20 28 46
3 34 1 138
3 35 4 63
3 36 37 73
3 40 17 31
4 1 49 17
4 2 40 10
4 3 8 75
4 7 23 91
4 16 31 97
4 17 27 54
4 19 25 23
4 22 55 57
4 23 19 6
4 26 14 94
4 29 4 14
4 30 37 135
4 32 34 86
4 35 1 63
4 38 44 47
5 1 49 53
5 2 1 10
5 7 47 30
5 10 19 145
5 21 16 64
5 23 31 6
5 26 25 58
5 27 34 34
5 32 29 129
5 33 4 32
5 34 7 138
5 35 10 63
5 37 13 79
5 38 38 39
5 40 23 45
6 1 55 53
6 6 29 80
6 10 44 145
6 12 25 142
6 13 13 81
6 15 1 119
6 16 39 97
6 19 11 23
6 24 5 48
6 25 7 150
6 31 19 65
6 35 21 63
6 36 31 73
6 37 16 79
6 38 50 39
7 2 4 10
7 5 7 141
7 6 41 110
7 7 23 30
7 10 37 145
7 11 1 67
7 13 10 81
7 15 26 119
7 16 34 97
7 17 43 21
7 19 32 51
7 20 49 46
7 23 16 6
7 25 19 12
7 35 13 63
8 5 4 141
8 6 43 110
8 9 8 118
8 10 31 59
8 11 17 67
8 13 21 112
8 22 1 57
8 23 25 6
8 24 19 48
8 28 13 13
8 31 35 65
8 32 41 86
8 33 50 32
8 37 28 79
8 40 38 45
9 2 7 10
9 4 13 88
9 6 34 110
9 13 43 112
9 16 19 97
9 20 38 46
9 23 22 6
9 25 1 92
9 30 46 135
9 32 17 129
9 34 40 138
9 36 26 73
9 37 10 79
9 38 31 39
9 40 5 45
10 2 10 10
10 4 37 88
10 9 13 118
10 10 25 145
10 12 19 142
10 15 31 119
10 16 55 97
10 19 5 23
10 21 7 64
10 26 49 94
10 27 58 34
10 28 1 13
10 32 17 86
10 36 44 73
11 1 43 17
11 6 59 110
11 7 17 103
11 8 7 26
11 10 49 145
11 17 25 21
11 21 4 64
11 23 28 6
11 27 37 34
11 28 19 13
11 31 23 65
11 32 32 86
11 33 2 32
11 34 10 138
11 39 13 131
12 2 13 10
12 3 1 75
12 4 25 88
12 8 17 28
12 12 43 142
12 14 5 9
12 15 9 119
12 17 52 54
12 20 57 46
12 23 49 6
12 26 37 58
12 33 7 32
12 37 19 79
12 39 31 131
12 40 23 31
13 3 13 140
13 5 10 141
13 7 41 103
13 9 19 118
13 10 37 59
13 11 59 67
13 15 49 119
13 22 4 57
13 23 43 6
13 24 1 146
13 25 31 92
13 27 55 34
13 28 26 13
13 30 46 19
13 37 7 79
14 1 55 17
14 3 19 75
14 4 7 88
14 8 11 26
14 14 59 141
14 17 28 21
14 18 1 121
14 26 31 94
14 27 43 34
14 28 37 13
14 30 52 135
14 37 4 79
14 38 46 84
14 39 13 107
14 40 26 31
15 2 19 10
15 4 49 88
15 5 13 141
15 6 5 80
15 8 1 26
15 9 25 118
15 11 3 67
15 12 55 142
15 26 38 91
15 28 44 13
15 30 10 135
15 33 53 32
15 37 32 79
15 40 8 45
16 1 38 77
16 10 19 59
16 11 5 67
16 14 14 9
16 17 31 21
16 22 7 57
16 26 43 78
16 28 49 13
16 30 34 135
16 33 10 32
16 34 16 138
16 35 25 63
16 36 55 73
16 37 1 79
16 40 53 45
17 4 1 88
17 5 16 141
17 8 5 26
17 9 31 118
17 14 46 9
17 15 37 119
17 16 13 97
17 22 10 57
17 26 49 58
17 27 25 95
17 28 55 13
17 32 23 86
17 34 19 138
17 35 28 63
17 40 7 31
18 3 7 140
18 4 19 88
18 7 58 91
18 12 31 142
18 13 28 81
18 15 43 119
18 19 17 23
18 20 23 46
18 22 13 57
18 24 11 48
18 28 1 133
18 30 55 135
18 31 5 65
18 37 25 79
18 38 39 47
19 6 17 80
19 8 22 28
19 11 10 67
19 13 7 81
19 15 13 119
19 17 40 21
19 18 4 121
19 21 1 64
19 22 19 57
19 26 26 94
19 30 49 96
19 33 59 32
19 35 32 63
19 36 43 68
19 37 37 79
20 1 50 2
20 4 31 88
20 7 29 91
20 8 17 26
20 10 13 145
20 13 1 81
20 14 4 71
20 19 7 23
20 21 10 64
20 27 37 95
20 32 20 129
20 34 22 138
20 36 25 68
20 37 40 79
20 38 43 84
21 3 56 140
21 5 19 141
21 6 28 110
21 7 53 91
21 13 4 81
21 14 1 71
21 17 16 54
21 23 13 6
21 24 50 146
21 26 7 58
21 31 11 65
21 32 44 129
21 34 25 138
21 36 32 68
21 38 22 84
22 4 55 88
22 5 22 141
22 7 5 30
22 9 38 118
22 10 8 145
22 11 14 67
22 13 2 112
22 16 16 97
22 17 52 21
22 20 33 46
22 22 43 57
22 27 19 34
22 31 31 65
22 36 26 8
22 37 49 79
23 2 22 10
23 3 25 75
23 4 3 33
23 9 44 118
23 10 31 136
23 13 16 81
23 14 11 9
23 19 49 23
23 23 37 6
23 24 1 48
23 30 19 135
23 32 35 129
23 33 13 32
23 37 52 79
23 39 7 131
24 2 25 10
24 4 57 33
24 8 4 28
24 11 20 67
24 13 31 112
24 17 22 54
24 18 50 121
24 19 13 51
24 23 34 6
24 25 7 92
24 29 1 14
24 33 15 32
24 34 28 138
24 37 43 79
24 40 11 31
25 1 13 55
25 4 7 33
25 5 25 141
25 6 11 80
25 7 1 103
25 9 55 118
25 16 50 97
25 19 5 51
25 21 28 56
25 22 22 57
25 24 3 146
25 25 44 150
25 34 31 138
25 36 37 68
25 38 19 84
26 1 37 17
26 2 28 10
26 3 1 140
26 6 23 110
26 7 31 103
26 8 10 28
26 10 15 136
26 13 25 81
26 18 7 121
26 24 13 48
26 26 55 94
26 27 33 95
26 32 5 129
26 34 49 138
26 39 19 131
27 2 31 10
27 3 37 75
27 9 49 118
27 10 8 120
27 11 22 67
27 12 43 130
27 15 55 119
27 16 34 90
27 18 14 121
27 19 29 23
27 21 19 64
27 22 25 57
27 24 5 146
27 29 2 124
27 33 17 32
28 6 37 110
28 11 26 67
28 12 13 142
28 14 9 71
28 15 2 100
28 16 58 97
28 19 11 51
28 21 22 64
28 22 31 57
28 24 7 48
28 30 40 135
28 31 17 65
28 32 28 86
28 33 19 32
28 34 34 138
29 2 34 10
29 4 14 33
29 5 28 141
29 6 43 80
29 8 9 26
29 11 31 67
29 16 22 97
29 17 19 54
29 23 40 6
29 24 7 146
29 32 26 129
29 34 37 138
29 37 46 79
29 39 1 107
30 2 37 10
30 3 50 140
30 13 15 112
30 15 43 100
30 21 28 64
30 22 34 57
30 23 10 6
30 24 3 48
30 29 7 124
30 30 22 135
30 31 1 65
30 32 13 129
30 34 55 138
30 35 40 63
30 38 19 47
31 3 31 75
31 4 43 88
31 6 40 80
31 8 1 28
31 11 28 67
31 14 11 71
31 26 13 58
31 29 7 14
31 32 5 86
31 35 37 63
31 37 55 79
31 38 19 87
31 39 49 131
31 40 3 45
32 5 31 141
32 7 11 30
32 8 37 28
32 10 19 136
32 14 13 71
32 20 5 46
32 23 55 6
32 24 15 48
32 25 1 150
32 26 43 58
32 28 7 133
32 31 25 65
32 37 58 79
32 38 51 47
33 2 43 10
33 3 49 75
33 5 34 141
33 7 7 30
33 14 17 9
33 17 58 54
33 20 19 46
33 21 31 64
33 23 4 6
33 25 25 12
33 28 13 133
33 29 10 14
33 31 38 65
33 37 1 137
34 2 46 10
34 5 37 141
34 6 5 110
34 7 10 103
34 8 8 28
34 10 1 145
34 17 13 21
34 18 25 121
34 20 16 46
34 21 34 64
34 23 52 6
34 28 19 133
34 30 28 135
34 34 43 138
35 3 20 140
35 7 16 30
35 8 14 28
35 10 1 136
35 12 49 142
35 18 28 121
35 20 11 46
35 21 37 64
35 23 46 6
35 24 9 48
35 26 57 58
35 27 40 95
35 32 7 129
35 35 43 63
35 40 5 31
36 1 57 77
36 2 49 10
36 4 39 33
36 7 55 91
36 10 44 120
36 18 31 121
36 23 1 6
36 24 14 146
36 28 25 133
36 30 16 135
36 31 29 65
36 32 11 86
36 33 21 32
36 36 7 73
36 37 4 137
37 1 37 2
37 2 52 10
37 3 45 75
37 6 11 110
37 7 13 103
37 10 1 144
37 12 25 122
37 15 7 100
37 18 19 121
37 24 16 146
37 25 32 12
37 31 43 65
37 36 56 68
37 38 22 87
38 4 19 33
38 7 27 30
38 8 25 28
38 11 33 67
38 13 7 112
38 16 43 90
38 17 46 21
38 19 23 23
38 20 31 46
38 23 58 6
38 24 17 48
38 26 1 94
38 29 10 124
38 36 13 73
38 39 37 107
39 2 55 10
39 7 29 30
39 10 8 144
39 11 35 67
39 12 1 142
39 16 31 90
39 17 37 54
39 20 43 46
39 23 25 102
39 25 14 92
39 26 20 58
39 27 58 95
39 31 45 65
39 32 40 129
39 36 49 68
40 2 58 10
40 7 13 91
40 8 35 28
40 12 1 122
40 13 28 112
40 15 15 100
40 19 37 23
40 20 25 46
40 21 40 64
40 26 31 58
40 31 50 65
40 33 23 32
40 35 46 63
40 36 19 73
40 39 8 107
41 1 44 55
41 3 55 75
41 5 40 141
41 12 7 142
41 18 22 121
41 20 52 46
41 21 37 56
41 23 19 102
41 27 31 34
41 29 14 14
41 31 27 65
41 35 49 63
41 38 34 84
41 39 1 131
42 3 27 140
42 5 43 141
42 7 13 30
42 13 10 112
42 17 7 21
42 21 50 64
42 24 19 146
42 26 3 58
42 28 31 133
42 30 58 135
42 31 15 65
42 33 25 32
42 34 46 138
42 38 37 84
42 40 1 31
43 1 25 53
43 7 19 103
43 8 3 26
43 12 8 130
43 13 37 112
43 14 53 9
43 18 34 121
43 19 1 23
43 23 13 66
43 31 55 65
43 32 21 86
43 34 58 138
43 37 46 137
43 38 16 47
44 1 31 77
44 5 46 141
44 10 15 59
44 14 29 71
44 15 20 100
44 16 4 97
44 18 38 121
44 23 1 19
44 24 25 146
44 25 55 92
44 29 43 12
44 32 13 86
44 33 27 32
44 35 52 63
44 39 8 125
45 7 43 30
45 8 13 26
45 11 40 67
45 12 25 130
45 14 19 9
45 19 46 51
45 22 37 57
45 23 4 19
45 24 22 146
45 26 32 91
45 27 49 95
45 34 1 101
45 37 8 137
45 38 52 84
45 40 15 31
46 1 25 2
46 5 49 141
46 6 55 80
46 8 15 26
46 10 7 136
46 12 31 130
46 13 19 81
46 18 43 121
46 20 35 46
46 21 46 64
46 31 52 65
46 32 2 86
46 34 4 101
46 40 13 31
47 5 52 141
47 6 1 110
47 8 19 26
47 11 37 67
47 14 29 9
47 20 45 46
47 21 55 64
47 24 22 48
47 25 25 92
47 26 31 76
47 27 16 95
47 34 7 101
47 37 13 137
47 39 39 131
47 40 3 31
48 1 49 147
48 7 21 103
48 12 8 122
48 15 25 100
48 16 37 90
48 18 46 121
48 19 1 51
48 20 55 46
48 25 14 150
48 27 40 34
48 31 33 65
48 33 29 32
48 36 3 73
48 38 43 87
49 3 31 140
49 8 46 28
49 11 44 67
49 13 37 81
49 15 49 100
49 18 4 3
49 22 40 57
49 25 19 150
49 26 8 94
49 31 59 65
49 35 56 63
49 36 13 68
49 37 27 137
49 40 1 45
50 1 33 2
50 4 25 33
50 6 23 80
50 7 29 103
50 12 19 122
50 19 47 23
50 21 58 64
50 25 1 12
50 27 13 34
50 32 37 86
50 33 31 32
50 35 55 106
50 36 7 68
50 37 16 137
51 6 16 110
51 7 56 103
51 11 46 67
51 14 1 9
51 15 38 100
51 16 13 20
51 17 43 54
51 18 58 121
51 19 3 51
51 25 7 12
51 30 22 66
51 33 33 32
51 39 25 131
51 40 11 45
52 1 50 77
52 3 37 140
52 4 31 33
52 7 15 103
52 8 29 26
52 10 25 136
52 13 43 81
52 17 19 21
52 19 17 51
52 20 41 46
52 26 2 91
52 29 22 14
52 31 13 65
52 36 7 8
52 38 46 39
53 1 25 17
53 5 56 141
53 6 13 110
53 7 8 103
53 11 53 67
53 13 22 81
53 16 10 97
53 18 1 3
53 21 31 42
53 28 37 133
53 29 16 124
53 32 47 129
53 35 50 106
53 38 4 87
53 39 43 131
54 8 23 26
54 10 57 136
54 12 13 122
54 17 37 21
54 20 11 76
54 21 34 42
54 26 7 76
54 28 43 133
54 29 19 124
54 30 31 135
54 35 1 106
54 37 4 42
54 38 25 84
55 7 1 30
55 10 43 136
55 15 31 100
55 17 55 54
55 19 27 23
55 20 59 46
55 23 13 19
55 25 39 12
55 26 8 91
55 31 47 65
55 32 25 86
55 33 35 32
55 35 4 106
55 36 49 120
55 37 19 137
56 1 38 53
56 7 58 30
56 17 1 54
56 19 23 51
56 20 13 46
56 23 31 19
56 24 25 48
56 26 19 94
56 28 49 133
56 29 27 14
56 30 34 96
56 31 5 102
56 35 8 106
56 39 43 107
56 40 15 45
57 3 43 140
57 10 1 120
57 11 55 67
57 13 40 81
57 14 31 71
57 19 19 23
57 22 49 57
57 24 27 146
57 26 7 25
57 28 57 133
57 29 22 124
57 33 37 32
57 35 13 106
57 38 16 84
58 8 25 26
58 11 49 67
58 13 46 112
58 16 7 97
58 17 10 54
58 19 3 23
58 22 52 57
58 30 43 135
58 32 15 86
58 33 39 32
58 37 22 137
58 38 27 87
58 39 32 107
58 40 13 45
59 1 45 2
59 3 1 109
59 6 31 110
59 14 7 9
59 20 5 15
59 21 37 42
59 29 34 14
59 31 9 65
59 32 43 86
59 34 13 101
59 36 19 68
59 38 25 39
59 39 56 131
59 40 17 45
60 1 13 2
60 4 43 33
60 7 3 103
60 14 7 71
60 15 55 100
60 17 10 21
60 21 50 42
60 25 25 150
60 30 34 104
60 31 21 65
60 32 19 86
60 33 41 32
60 37 31 137
61 6 19 80
61 7 33 103
61 10 45 144
61 12 37 108
61 15 1 127
61 19 13 23
61 21 7 108
61 22 58 57
61 23 10 66
61 24 29 146
61 29 25 124
61 34 16 101
61 38 49 87
62 3 7 109
62 4 49 33
62 6 35 80
62 8 31 28
62 10 14 120
62 12 1 130
62 16 25 97
62 20 53 76
62 21 40 42
62 29 28 124
62 31 23 102
62 32 33 129
62 33 45 32
62 34 19 101
62 39 55 107
63 4 1 29
63 5 16 10
63 6 53 110
63 12 43 108
63 14 23 9
63 15 7 127
63 17 31 54
63 18 55 121
63 19 29 51
63 20 11 15
63 21 13 108
63 26 25 91
63 30 34 20
63 39 19 107
64 3 13 109
64 4 7 117
64 7 19 30
64 8 21 26
64 10 49 136
64 16 55 90
64 17 34 54
64 19 25 51
64 23 4 66
64 24 27 48
64 26 43 91
64 29 40 124
64 30 31 20
64 32 23 129
64 37 1 42
65 3 19 109
65 7 25 103
65 8 27 26
65 13 46 81
65 16 10 90
65 18 2 78
65 20 5 118
65 21 43 42
65 23 7 6
65 35 16 106
65 39 49 107
66 1 33 17
66 7 25 30
66 8 28 28
66 10 21 144
66 13 51 81
66 14 19 71
66 15 13 127
66 18 44 3
66 19 31 23
66 21 1 108
66 31 57 65
66 39 7 62
67 3 31 109
67 4 7 29
67 6 49 80
67 8 41 28
67 11 51 67
67 15 37 127
67 16 4 90
67 17 13 54
67 23 1 66
67 29 45 14
67 33 43 32
67 34 25 101
67 35 19 106
67 40 28 45
68 12 49 108
68 14 9 9
68 17 55 21
68 25 31 150
68 26 13 76
68 27 43 95
68 29 37 14
68 30 25 135
68 34 28 101
68 36 19 8
68 39 1 125
69 3 25 109
69 4 21 117
69 7 37 30
69 11 57 67
69 13 34 112
69 17 46 54
69 20 1 46
69 23 7 19
69 24 31 146
69 29 40 14
69 32 49 86
69 39 3 62
70 1 15 53
70 8 20 28
70 17 1 21
70 19 40 23
70 20 13 15
70 21 4 108
70 24 29 48
70 27 7 95
70 29 34 124
70 30 55 30
70 34 31 101
70 38 10 39
71 11 1 24
71 12 43 122
71 16 7 90
71 21 10 108
71 25 37 92
71 27 28 95
71 30 25 19
71 32 15 129
71 33 47 32
71 34 34 101
71 35 22 106
71 39 3 11
71 40 19 31
72 8 39 28
72 11 3 24
72 13 58 81
72 19 21 23
72 22 28 57
72 26 15 91
72 27 10 34
72 29 31 124
72 31 1 104
72 32 37 129
72 33 55 32
72 37 7 42
72 38 34 87
73 1 43 103
73 4 13 29
73 6 3 80
73 10 25 120
73 12 56 122
73 13 49 112
73 21 19 108
73 23 10 19
73 24 33 146
73 29 37 124
73 32 1 129
73 37 40 137
74 1 13 17
74 3 43 109
74 7 53 30
74 13 40 112
74 14 21 71
74 19 9 23
74 20 7 46
74 24 31 48
74 25 49 92
74 27 1 34
74 34 37 101
74 35 25 106
74 37 34 137
75 6 25 80
75 10 1 59
75 14 23 71
75 17 40 54
75 18 7 3
75 23 19 66
75 29 43 124
75 30 28 19
75 36 32 8
75 37 37 137
75 38 10 87
75 39 13 11
76 1 44 147
76 3 50 109
76 6 19 110
76 8 31 26
76 16 13 90
76 17 16 21
76 19 7 51
76 24 33 48
76 27 22 34
76 31 28 102
76 32 9 129
76 33 57 32
76 34 40 101
76 36 1 68
77 1 1 17
77 6 37 80
77 11 5 24
77 12 32 122
77 13 55 112
77 14 25 71
77 15 51 127
77 17 22 21
77 21 58 56
77 23 7 102
77 27 46 34
77 32 39 86
77 34 43 101
77 35 28 106
77 36 13 115
78 1 49 103
78 4 3 117
78 8 33 28
78 10 37 136
78 11 7 24
78 19 44 51
78 21 16 108
78 24 35 146
78 27 13 95
78 33 1 18
78 36 27 115
78 37 10 42
78 39 19 125
78 40 25 45
79 4 13 117
79 6 25 110
79 7 27 103
79 11 10 24
79 13 52 112
79 17 7 54
79 20 17 4
79 21 4 56
79 23 19 19
79 24 37 146
79 30 22 96
79 34 46 101
79 35 58 106
79 38 1 87
80 4 25 29
80 8 34 26
80 12 15 130
80 14 3 9
80 15 19 127
80 17 58 21
80 18 7 78
80 24 43 48
80 29 52 14
80 30 37 20
80 31 5 104
80 34 49 101
80 35 31 106
80 38 55 47
81 6 39 110
81 13 58 112
81 14 27 71
81 18 10 78
81 20 37 4
81 21 22 108
81 27 16 34
81 30 19 104
81 31 7 65
81 33 3 18
81 34 52 101
81 38 13 84
81 40 29 31
82 6 21 110
82 8 50 28
82 14 33 71
82 15 25 127
82 16 10 20
82 18 13 78
82 20 5 4
82 21 7 56
82 23 2 102
82 32 59 86
82 37 43 137
83 11 13 24
83 12 20 130
83 15 31 127
83 19 15 23
83 25 43 92
83 30 52 19
83 31 40 104
83 32 7 86
83 34 55 101
83 36 1 8
83 38 25 47
83 40 9 31
84 1 32 53
84 8 43 28
84 10 27 59
84 14 25 9
84 17 4 54
84 18 10 3
84 19 15 51
84 22 46 57
84 25 56 150
84 31 13 102
84 37 50 137
84 38 1 39
84 39 20 11
85 1 26 55
85 3 37 109
85 4 19 29
85 11 15 24
85 14 41 71
85 16 1 97
85 17 4 21
85 19 59 23
85 21 56 42
85 27 10 95
85 29 49 14
85 30 7 135
85 35 34 106
86 1 25 77
86 8 37 26
86 10 8 59
86 11 17 24
86 12 39 122
86 13 1 61
86 17 20 4
86 24 35 48
86 25 50 12
86 29 55 14
86 32 31 129
86 33 5 18
86 34 58 101
86 39 13 125
87 1 25 147
87 8 59 28
87 11 19 24
87 13 4 61
87 16 1 90
87 18 16 78
87 20 21 46
87 23 10 102
87 25 49 150
87 30 13 135
87 32 47 86
87 35 37 106
87 37 56 137
88 3 55 109
88 4 31 29
88 6 1 80
88 8 39 26
88 11 21 24
88 12 49 122
88 13 16 61
88 18 13 3
88 30 3 135
88 33 7 18
88 39 9 11
89 4 25 117
89 8 52 28
89 11 23 24
89 12 1 7
89 20 17 118
89 27 19 95
89 29 56 124
89 30 13 96
89 35 40 106
89 36 7 93
89 40 46 31
90 1 55 55
90 4 31 117
90 12 49 130
90 17 1 27
90 18 19 78
90 22 16 57
90 23 7 66
90 24 38 48
90 32 45 86
90 34 22 101
90 37 13 42
90 38 4 39
90 39 25 62
91 1 33 147
91 6 7 80
91 8 55 28
91 11 25 24
91 16 28 90
91 18 16 3
91 20 5 76
91 27 46 95
91 29 58 14
91 33 9 18
91 36 1 115
91 37 20 42
91 40 31 45
92 4 37 117
92 8 41 26
92 10 44 59
92 18 22 78
92 19 9 51
92 20 33 4
92 21 25 108
92 26 49 91
92 30 19 96
92 32 3 129
92 36 55 130
92 37 16 42
93 7 9 30
93 11 27 24
93 14 35 71
93 18 31 78
93 24 40 48
93 26 1 76
93 29 46 124
93 31 15 102
93 32 51 86
93 33 11 18
93 40 21 31
94 8 44 26
94 11 29 24
94 15 55 127
94 19 27 51
94 21 32 108
94 23 16 66
94 25 37 150
94 26 19 91
94 27 1 95
94 29 49 124
94 34 52 138
94 35 46 106
94 36 8 115
94 38 4 84
95 4 37 29
95 7 3 30
95 11 50 24
95 13 55 81
95 16 52 90
95 20 23 76
95 21 46 42
95 23 25 66
95 25 14 12
95 26 19 76
95 30 33 30
95 31 31 102
95 38 7 84
96 4 49 117
96 11 31 24
96 12 37 130
96 20 3 46
96 23 16 19
96 24 45 48
96 33 14 18
96 34 10 101
96 36 55 120
96 37 26 42
96 39 33 125
96 40 19 45
97 1 7 17
97 7 35 103
97 10 37 120
97 12 56 108
97 14 21 9
97 16 2 20
97 21 28 108
97 26 43 76
97 29 52 124
97 32 49 129
97 33 16 18
97 39 31 11
98 13 7 61
98 14 37 71
98 15 43 127
98 16 16 20
98 17 49 21
98 24 47 48
98 26 39 76
98 29 1 105
98 31 52 104
98 32 57 129
98 33 20 18
98 38 4 47
98 39 25 125
98 40 33 45
99 4 44 29
99 6 8 110
99 8 57 28
99 14 32 9
99 17 34 21
99 23 40 19
99 24 49 48
99 27 4 34
99 32 51 129
99 33 22 18
99 39 25 11
100 7 31 30
100 8 46 26
100 10 19 120
100 11 34 24
100 13 10 61
100 14 27 9
100 17 49 54
100 20 17 76
100 25 55 12
100 27 4 95
100 32 53 86
100 35 43 106
Điểm tối ưu: 1389
Thời gian: 180.018904 giây
Trạng thái: VALID
