2159
1 5 29 210
1 6 55 219
1 17 25 38
1 18 46 52
1 20 13 166
1 22 49 175
1 24 21 153
1 25 52 135
1 33 17 27
1 42 43 77
1 45 31 208
1 49 7 184
1 51 40 107
1 56 10 215
1 59 1 59
2 5 49 210
2 8 31 134
2 10 45 197
2 13 9 49
2 15 22 39
2 20 59 165
2 22 19 205
2 31 51 127
2 34 33 40
2 35 55 20
2 36 40 83
2 41 13 220
2 45 1 145
2 47 35 96
2 59 26 36
3 2 31 87
3 9 51 152
3 15 4 39
3 24 33 4
3 25 41 135
3 29 19 173
3 32 27 140
3 34 23 40
3 35 37 20
3 37 43 222
3 38 59 49
3 40 1 151
3 44 7 190
3 51 16 107
3 58 11 20
4 4 27 16
4 5 19 87
4 11 49 82
4 12 23 171
4 13 13 127
4 14 56 218
4 15 1 207
4 20 21 165
4 25 35 135
4 26 43 223
4 40 10 97
4 45 37 208
4 49 4 79
4 60 31 62
5 14 14 192
5 17 2 72
5 20 55 166
5 23 19 155
5 26 25 167
5 28 31 112
5 31 37 127
5 32 23 140
5 35 49 20
5 37 7 222
5 44 33 18
5 51 57 4
5 58 10 175
5 60 46 62
6 3 25 194
6 5 21 87
6 9 37 152
6 10 10 197
6 16 7 31
6 17 39 72
6 19 17 106
6 20 31 166
6 24 55 196
6 27 13 10
6 40 33 97
6 44 1 6
6 47 19 96
6 52 5 45
7 4 3 209
7 8 1 50
7 9 13 146
7 20 15 166
7 27 49 32
7 28 19 112
7 33 7 212
7 40 9 178
7 41 37 181
7 42 25 77
7 47 59 129
7 50 21 43
7 51 32 160
7 53 28 69
7 60 45 182
8 1 46 93
8 3 1 205
8 8 5 134
8 12 35 32
8 14 11 218
8 17 38 123
8 18 43 52
8 26 52 167
8 32 19 140
8 38 7 49
8 39 58 191
8 43 55 37
8 50 9 153
8 53 16 117
9 1 19 144
9 5 5 210
9 9 10 152
9 18 59 52
9 24 13 196
9 29 49 173
9 30 23 104
9 31 31 80
9 33 29 27
9 37 26 222
9 45 37 68
9 53 43 209
9 55 55 15
9 56 1 8
9 60 7 62
10 2 40 225
10 3 49 147
10 9 15 152
10 13 55 133
10 15 32 39
10 19 23 193
10 23 43 155
10 27 19 90
10 39 47 175
10 40 37 97
10 41 7 220
10 44 1 149
10 48 25 200
10 58 53 175
11 1 10 144
11 4 1 44
11 13 43 29
11 15 13 176
11 18 7 52
11 20 16 165
11 22 26 98
11 33 19 27
11 40 22 178
11 41 31 221
11 48 56 99
11 53 37 151
11 55 49 1
11 60 52 62
12 11 37 82
12 14 53 192
12 22 55 44
12 30 19 104
12 40 4 151
12 41 49 181
12 42 10 77
12 44 25 190
12 45 43 171
12 47 21 96
12 50 16 43
12 52 7 45
12 55 31 1
12 60 1 62
13 1 7 93
13 3 43 7
13 6 49 162
13 9 31 146
13 15 4 176
13 16 22 28
13 19 1 193
13 22 25 74
13 36 37 83
13 40 55 167
13 41 13 221
13 45 33 68
13 46 28 186
13 51 10 4
13 55 19 1
14 2 33 225
14 14 1 192
14 16 52 28
14 24 13 9
14 25 7 135
14 32 17 170
14 39 47 191
14 40 43 97
14 41 19 221
14 43 49 137
14 44 56 170
14 48 9 99
14 50 28 43
14 51 40 4
14 53 4 117
15 1 13 144
15 4 50 209
15 5 23 87
15 6 19 216
15 13 1 116
15 15 38 176
15 22 16 44
15 30 5 57
15 35 43 2
15 37 55 222
15 41 25 34
15 42 58 33
15 43 32 137
15 49 8 154
15 58 47 185
16 1 25 93
16 9 23 146
16 14 59 192
16 16 4 28
16 17 19 72
16 18 31 103
16 20 43 165
16 27 37 90
16 30 15 104
16 38 35 49
16 39 29 6
16 40 1 97
16 49 46 184
16 53 52 117
16 59 8 143
17 2 21 225
17 5 27 87
17 14 3 192
17 17 31 123
17 18 5 35
17 25 1 135
17 26 46 167
17 28 25 112
17 30 9 57
17 33 39 27
17 40 16 151
17 49 55 184
17 53 50 69
17 58 7 185
17 60 13 182
18 5 31 210
18 8 17 134
18 11 1 5
18 13 43 149
18 17 37 28
18 19 5 106
18 20 33 165
18 23 55 177
18 27 19 32
18 33 9 27
18 42 52 33
18 48 13 201
18 49 28 103
18 51 25 160
18 60 49 182
19 2 1 180
19 8 29 134
19 11 7 82
19 18 11 103
19 21 37 67
19 28 21 112
19 32 33 140
19 40 55 97
19 41 43 34
19 42 49 81
19 44 13 149
19 47 53 129
19 50 3 43
19 52 27 45
20 9 5 152
20 12 25 32
20 18 23 103
20 19 16 193
20 20 21 166
20 22 58 205
20 23 1 155
20 26 37 167
20 32 29 140
20 35 7 2
20 44 31 170
20 47 11 129
20 49 13 184
20 51 49 4
20 52 45 45
21 2 53 225
21 3 1 194
21 5 15 87
21 18 41 52
21 22 49 205
21 25 5 47
21 29 37 77
21 33 27 212
21 34 25 80
21 41 43 181
21 42 57 81
21 43 31 37
21 48 7 105
21 51 19 4
21 54 23 123
22 3 31 179
22 4 49 193
22 14 37 192
22 18 16 103
22 19 21 61
22 27 7 133
22 28 25 41
22 32 14 140
22 39 23 191
22 41 57 181
22 49 27 95
22 50 39 43
22 52 1 45
23 2 5 180
23 6 44 219
23 7 38 70
23 10 55 197
23 12 1 171
23 29 19 198
23 32 3 140
23 35 49 2
23 37 58 222
23 40 28 151
23 42 7 33
23 47 53 96
23 55 10 1
23 59 13 36
23 60 34 52
24 1 22 81
24 2 17 97
24 6 31 216
24 13 38 116
24 18 11 52
24 20 29 165
24 22 49 145
24 23 43 48
24 26 13 167
24 27 7 90
24 35 25 119
24 36 19 126
24 37 1 222
24 52 4 198
25 2 9 225
25 11 56 14
25 19 7 193
25 24 21 9
25 27 3 90
25 33 37 212
25 34 43 40
25 36 52 83
25 42 25 33
25 44 32 6
25 52 19 45
25 53 28 117
25 54 1 78
25 59 13 129
26 4 37 16
26 9 9 146
26 12 19 95
26 16 13 28
26 25 11 135
26 36 25 83
26 38 49 176
26 40 16 90
26 41 1 220
26 46 32 187
26 54 29 137
26 56 43 100
26 58 53 20
26 59 21 60
27 2 35 225
27 3 43 39
27 4 1 16
27 6 7 142
27 16 49 28
27 25 27 135
27 26 16 167
27 28 11 41
27 33 31 27
27 34 13 80
27 35 19 119
27 42 37 81
27 47 23 129
27 50 5 147
27 58 41 20
28 1 51 144
28 9 7 152
28 13 31 64
28 15 55 39
28 22 58 175
28 23 13 48
28 29 38 157
28 35 9 108
28 45 19 102
28 51 43 107
28 53 28 68
28 55 46 15
28 59 1 36
28 60 25 182
29 3 37 194
29 12 35 171
29 14 7 192
29 16 10 28
29 17 19 38
29 19 1 106
29 20 27 165
29 23 45 177
29 26 49 167
29 27 3 10
29 30 25 57
29 35 14 2
29 49 31 79
29 56 52 215
29 58 23 175
30 1 56 144
30 4 43 193
30 12 1 95
30 13 19 49
30 26 10 167
30 28 23 41
30 32 25 140
30 36 16 126
30 42 28 81
30 49 34 79
30 52 37 8
30 56 13 215
30 58 32 185
31 6 39 216
31 10 58 197
31 12 19 171
31 13 32 131
31 16 16 31
31 19 11 193
31 23 25 113
31 24 49 196
31 33 21 212
31 40 13 178
31 42 46 77
31 50 9 43
31 52 3 45
31 54 7 78
31 55 43 15
32 4 15 209
32 6 1 216
32 8 19 50
32 10 25 197
32 28 13 112
32 29 21 77
32 32 7 140
32 38 28 49
32 39 52 191
32 42 31 29
32 45 9 115
32 49 46 95
32 50 44 43
32 52 37 45
32 60 49 62
33 7 1 70
33 8 45 50
33 10 40 106
33 17 7 38
33 18 5 52
33 19 37 61
33 24 25 4
33 25 11 224
33 26 49 223
33 33 17 212
33 41 13 34
33 42 31 33
33 52 58 34
33 56 19 8
33 58 35 20
34 12 25 95
34 16 38 31
34 17 55 38
34 21 31 67
34 22 13 44
34 31 27 161
34 35 20 2
34 36 43 83
34 44 1 13
34 45 49 171
34 46 46 187
34 49 10 184
34 51 7 84
34 56 16 118
35 9 35 152
35 13 9 53
35 16 46 28
35 17 25 72
35 23 31 155
35 27 55 108
35 29 13 77
35 31 37 207
35 32 5 64
35 46 49 187
35 48 1 99
35 49 43 184
35 51 52 160
35 54 29 78
35 59 20 59
36 2 23 225
36 4 49 16
36 5 3 87
36 6 25 162
36 13 15 64
36 14 43 192
36 22 34 74
36 33 11 27
36 38 39 61
36 41 19 181
36 47 9 96
36 50 13 43
36 58 1 185
36 60 31 182
37 2 16 225
37 3 26 179
37 14 14 157
37 15 7 39
37 16 55 31
37 18 51 103
37 20 11 165
37 22 19 13
37 31 44 127
37 36 4 83
37 44 31 13
37 46 40 187
37 51 22 107
37 55 58 1
38 1 16 93
38 3 44 147
38 8 21 134
38 11 38 133
38 17 25 195
38 19 13 61
38 20 9 165
38 28 2 41
38 34 7 80
38 38 53 49
38 39 35 191
38 44 49 170
38 48 31 99
38 49 57 95
38 56 4 8
39 3 7 147
39 4 19 193
39 8 5 50
39 12 3 95
39 15 31 176
39 18 26 103
39 19 29 61
39 26 58 167
39 27 49 108
39 33 11 212
39 37 34 222
39 43 13 137
39 45 43 37
39 46 16 186
39 55 40 1
40 1 43 93
40 4 55 193
40 8 13 50
40 11 7 206
40 12 59 171
40 13 19 53
40 21 26 67
40 22 15 205
40 23 50 26
40 26 46 223
40 29 33 157
40 34 37 40
40 46 1 186
40 52 31 45
40 60 40 62
41 4 33 193
41 17 49 123
41 25 47 135
41 31 19 210
41 34 45 40
41 35 3 100
41 37 13 222
41 43 58 37
41 44 25 217
41 45 37 145
41 50 1 43
41 51 16 160
41 56 55 100
41 58 9 185
42 4 25 193
42 5 1 87
42 10 4 197
42 12 23 32
42 14 29 192
42 16 31 31
42 19 11 106
42 25 56 135
42 31 7 207
42 34 21 40
42 39 59 6
42 40 43 167
42 43 52 137
42 51 46 107
43 11 43 154
43 15 58 39
43 20 23 165
43 23 1 26
43 24 8 196
43 35 25 20
43 40 40 167
43 46 55 186
43 48 19 201
43 54 13 78
43 55 16 1
43 56 34 8
43 58 51 185
43 60 37 182
44 11 1 82
44 12 11 32
44 19 21 106
44 20 47 165
44 23 13 26
44 29 43 173
44 32 55 140
44 33 7 27
44 39 17 6
44 43 25 105
44 50 5 43
44 51 49 160
44 57 32 11
44 58 29 20
44 59 37 143
45 1 16 81
45 2 20 180
45 3 25 147
45 6 55 142
45 7 49 70
45 8 7 134
45 10 22 197
45 19 4 61
45 20 13 165
45 23 32 177
45 36 1 83
45 49 9 79
45 54 29 123
45 58 53 185
45 59 43 143
46 15 43 176
46 16 10 31
46 18 23 52
46 19 5 193
46 23 15 155
46 25 13 135
46 27 25 10
46 29 37 198
46 30 21 104
46 40 34 178
46 43 1 37
46 46 52 186
46 47 7 96
46 53 31 69
46 58 55 185
47 1 4 93
47 2 59 225
47 22 19 44
47 27 7 10
47 34 31 40
47 35 25 58
47 36 46 83
47 42 52 77
47 43 55 137
47 44 37 71
47 45 13 102
47 49 22 79
47 50 11 147
47 56 34 215
48 1 10 93
48 2 1 225
48 3 31 194
48 5 55 210
48 8 15 134
48 10 37 197
48 13 3 131
48 24 26 196
48 35 44 20
48 36 57 83
48 37 19 195
48 44 50 13
48 54 35 78
48 56 40 215
48 60 22 182
49 5 17 210
49 16 4 31
49 23 13 177
49 25 39 135
49 31 49 200
49 38 43 61
49 39 11 191
49 41 25 181
49 53 31 78
49 58 45 185
49 59 7 36
49 60 20 62
50 2 10 180
50 11 15 5
50 15 51 176
50 27 43 10
50 28 35 41
50 31 31 100
50 35 25 2
50 36 19 58
50 39 8 191
50 45 55 102
50 47 3 96
50 49 22 184
50 52 13 160
51 1 28 93
51 2 4 225
51 4 50 118
51 6 13 216
51 7 19 70
51 15 25 176
51 16 1 31
51 22 40 44
51 25 45 135
51 26 7 223
51 33 23 27
51 43 10 137
51 46 58 187
51 55 37 1
51 56 31 118
52 4 43 44
52 6 13 219
52 13 57 116
52 18 55 52
52 23 37 113
52 24 3 9
52 33 31 212
52 36 50 126
52 39 33 191
52 45 25 145
52 49 19 79
52 51 22 4
52 52 17 45
52 57 7 11
52 58 1 175
53 1 4 81
53 2 14 225
53 8 35 134
53 14 9 192
53 18 1 103
53 23 50 177
53 26 19 167
53 29 31 77
53 32 40 140
53 45 26 184
53 46 37 186
53 47 57 96
53 53 43 78
53 54 17 89
54 1 31 93
54 4 37 168
54 11 26 82
54 15 1 176
54 31 55 80
54 32 46 140
54 36 34 148
54 39 41 191
54 42 19 33
54 43 43 137
54 45 49 115
54 46 8 187
54 53 22 69
54 55 4 15
54 59 13 143
55 3 55 147
55 9 13 152
55 13 43 116
55 17 1 38
55 23 25 155
55 27 15 133
55 32 52 140
55 33 41 212
55 35 7 100
55 43 49 37
55 44 21 170
55 50 34 43
55 52 29 45
55 57 37 11
56 2 27 225
56 14 19 192
56 18 14 103
56 27 50 90
56 32 17 140
56 34 25 40
56 35 37 2
56 38 55 61
56 43 34 37
56 50 58 43
56 53 4 69
56 54 2 89
56 59 7 60
57 2 7 97
57 3 13 199
57 5 45 210
57 7 31 70
57 17 9 72
57 18 53 103
57 20 49 165
57 32 21 140
57 44 3 170
57 51 25 107
57 52 1 160
57 53 39 69
57 54 35 123
57 59 55 129
58 6 19 219
58 7 7 70
58 9 17 146
58 13 55 49
58 20 11 166
58 23 37 177
58 45 31 115
58 46 13 187
58 49 4 184
58 50 51 43
58 53 43 69
58 56 27 8
58 58 25 185
58 60 1 182
59 1 37 144
59 4 31 209
59 9 49 152
59 10 7 197
59 12 26 171
59 17 44 123
59 22 52 205
59 30 17 104
59 38 41 176
59 39 14 191
59 49 21 95
59 51 28 107
59 54 11 123
59 59 55 143
60 1 7 81
60 3 57 179
60 15 28 39
60 23 49 155
60 26 25 223
60 27 2 32
60 30 17 57
60 31 13 210
60 33 55 27
60 36 31 126
60 41 43 221
60 43 20 137
60 53 10 117
60 55 34 1
61 1 19 81
61 4 7 209
61 5 5 67
61 10 32 106
61 12 39 171
61 13 44 49
61 15 1 39
61 19 41 61
61 25 22 135
61 28 15 112
61 36 49 83
61 38 17 178
61 47 55 96
61 59 57 36
62 2 31 225
62 9 7 146
62 11 21 183
62 16 34 31
62 25 19 135
62 26 10 223
62 35 1 2
62 43 16 137
62 47 29 96
62 49 51 184
62 52 25 45
62 53 56 69
62 55 37 15
62 60 13 52
63 1 13 93
63 9 59 152
63 10 28 197
63 13 19 131
63 16 34 28
63 21 7 67
63 23 55 155
63 25 43 135
63 36 1 58
63 38 49 61
63 43 46 137
63 48 37 201
63 54 16 78
63 58 4 30
64 3 13 39
64 5 11 87
64 11 21 82
64 15 34 207
64 18 58 103
64 19 27 61
64 20 8 166
64 29 49 198
64 39 55 191
64 42 37 33
64 49 43 95
64 51 1 107
64 52 25 8
65 1 22 29
65 3 1 179
65 10 16 197
65 14 55 192
65 21 57 67
65 24 32 15
65 31 49 57
65 33 44 212
65 37 46 222
65 38 26 49
65 42 40 33
65 45 7 208
65 51 19 107
65 56 37 215
66 1 32 144
66 3 13 179
66 22 26 175
66 23 7 48
66 25 5 224
66 34 50 40
66 42 55 33
66 43 58 137
66 46 22 186
66 48 37 99
66 49 52 79
66 53 46 78
66 55 19 15
66 59 1 129
67 5 17 87
67 16 13 31
67 17 31 72
67 18 41 103
67 25 3 47
67 32 1 170
67 33 49 27
67 38 37 49
67 39 47 6
67 43 26 137
67 47 35 129
67 48 43 99
67 49 55 103
67 53 7 117
67 56 22 8
68 2 33 87
68 4 9 44
68 11 50 5
68 22 22 13
68 25 7 224
68 28 19 41
68 33 4 212
68 35 13 20
68 37 38 222
68 39 31 191
68 44 43 6
68 52 59 45
68 53 1 117
68 58 29 30
68 59 25 143
69 9 17 152
69 17 43 195
69 23 7 26
69 26 34 167
69 27 13 32
69 28 37 112
69 29 25 173
69 35 19 20
69 42 52 29
69 43 40 37
69 47 31 96
69 48 2 201
69 49 49 79
69 52 55 160
69 59 57 60
70 7 55 70
70 11 25 14
70 13 1 64
70 14 59 201
70 18 43 103
70 20 19 165
70 22 7 205
70 23 51 78
70 26 37 223
70 38 33 49
70 39 49 191
70 42 40 81
70 47 46 96
70 53 15 69
70 58 22 185
71 1 43 144
71 5 57 210
71 10 46 74
71 11 31 14
71 17 37 195
71 18 35 103
71 20 5 166
71 22 2 74
71 27 25 90
71 35 7 58
71 36 16 148
71 41 20 34
71 43 52 37
71 46 49 186
71 49 13 79
72 3 26 205
72 4 8 16
72 12 13 95
72 16 1 28
72 18 38 103
72 22 4 24
72 32 47 170
72 34 23 80
72 41 50 113
72 45 32 102
72 47 44 96
72 53 40 209
72 56 16 8
72 59 19 36
73 1 7 144
73 2 43 87
73 6 45 162
73 22 31 214
73 23 1 48
73 26 52 223
73 31 38 200
73 39 21 175
73 44 25 170
73 51 10 107
73 52 15 45
73 60 34 62
74 2 17 180
74 5 41 210
74 13 19 64
74 15 10 39
74 17 49 38
74 20 43 166
74 22 58 44
74 23 37 155
74 26 34 223
74 28 56 41
74 36 4 126
74 43 7 37
74 47 26 96
74 48 13 105
74 53 1 69
75 12 17 32
75 20 40 165
75 25 9 135
75 27 19 10
75 33 34 212
75 38 53 61
75 44 13 6
75 46 58 186
75 47 51 96
75 49 45 103
75 53 37 209
75 54 25 89
75 55 55 1
75 58 27 185
75 60 31 52
76 3 13 7
76 8 9 50
76 11 57 5
76 16 28 31
76 18 3 52
76 29 31 198
76 32 11 64
76 36 40 126
76 37 52 195
76 38 1 49
76 42 25 29
76 49 19 184
76 54 22 78
76 56 49 8
77 1 2 144
77 2 29 225
77 6 25 219
77 16 7 28
77 20 33 166
77 22 39 175
77 31 50 207
77 37 13 195
77 38 43 182
77 39 20 191
77 40 10 151
77 44 55 6
77 49 16 79
77 50 37 43
77 54 5 78
78 6 13 142
78 10 31 74
78 18 39 52
78 19 19 106
78 21 49 67
78 31 21 200
78 33 1 212
78 36 10 126
78 38 5 49
78 45 55 171
78 48 43 201
78 54 3 78
78 55 7 15
79 2 57 225
79 5 27 210
79 10 51 197
79 15 44 207
79 18 19 103
79 19 25 106
79 25 59 135
79 28 11 112
79 36 22 83
79 38 55 176
79 41 7 221
79 44 37 6
79 49 15 95
79 50 29 147
79 60 4 182
80 5 25 210
80 7 13 70
80 14 17 218
80 15 57 176
80 16 19 28
80 19 7 61
80 20 45 166
80 22 31 175
80 28 5 112
80 31 1 210
80 44 27 13
80 45 50 95
80 46 10 186
80 49 39 79
80 55 22 1
81 3 1 147
81 11 13 82
81 12 29 171
81 23 7 177
81 25 17 135
81 29 45 157
81 34 55 40
81 46 34 186
81 47 38 96
81 48 25 99
81 50 49 43
81 52 43 45
81 53 19 117
81 58 23 20
82 1 16 144
82 3 31 205
82 6 38 219
82 8 49 134
82 9 20 152
82 16 46 31
82 19 14 193
82 29 1 157
82 31 7 200
82 45 51 208
82 46 28 187
82 49 58 184
82 50 55 43
82 53 43 117
83 3 37 179
83 5 7 87
83 6 14 162
83 9 53 152
83 13 31 116
83 15 22 176
83 18 11 66
83 19 9 106
83 21 43 67
83 26 4 223
83 32 19 170
83 36 55 126
83 39 35 175
83 45 26 208
83 47 1 96
84 5 9 87
84 6 1 219
84 14 27 192
84 17 43 38
84 20 35 165
84 29 57 157
84 35 19 108
84 38 13 49
84 42 15 60
84 50 7 153
84 53 37 117
84 54 11 89
84 56 31 8
84 60 40 223
85 5 29 87
85 7 25 70
85 8 19 134
85 18 7 35
85 19 17 61
85 20 45 165
85 23 21 177
85 24 31 9
85 25 4 135
85 31 9 179
85 42 49 77
85 44 56 13
85 45 13 208
85 49 1 184
85 51 37 4
86 1 25 144
86 3 13 53
86 6 20 142
86 15 4 207
86 18 37 52
86 19 9 193
86 20 47 166
86 22 1 98
86 26 31 167
86 28 35 112
86 30 28 104
86 40 55 62
86 51 52 107
86 56 39 8
86 58 43 185
87 3 43 205
87 5 13 87
87 10 15 74
87 11 25 5
87 12 21 171
87 17 49 72
87 20 29 166
87 23 3 177
87 30 11 57
87 32 1 140
87 45 31 145
87 48 37 10
87 53 55 151
87 54 19 89
87 56 7 215
88 1 22 144
88 8 13 134
88 13 39 64
88 14 17 201
88 15 46 176
88 16 49 31
88 24 31 196
88 26 7 167
88 29 55 198
88 33 15 27
88 38 11 61
88 39 37 191
88 53 25 117
88 59 1 60
89 5 33 210
89 8 31 50
89 12 14 171
89 14 57 192
89 18 16 52
89 27 37 108
89 29 7 173
89 38 3 49
89 43 19 37
89 47 49 96
89 52 22 45
89 53 46 69
89 55 52 1
89 56 43 8
89 60 28 52
90 6 49 219
90 14 5 192
90 19 27 106
90 20 3 166
90 25 29 135
90 29 57 173
90 31 37 161
90 36 34 83
90 41 43 220
90 42 10 33
90 45 19 115
90 46 31 186
90 49 16 184
90 51 7 4
90 54 55 123
91 3 20 7
91 14 25 192
91 20 1 166
91 22 28 74
91 26 31 223
91 29 55 77
91 31 3 183
91 32 9 140
91 39 39 191
91 41 51 221
91 45 44 208
91 54 7 89
91 58 49 185
92 3 49 194
92 8 11 50
92 14 33 192
92 31 19 207
92 33 39 212
92 36 1 126
92 39 41 6
92 40 58 62
92 49 7 95
92 51 13 107
92 52 4 160
92 53 25 78
92 54 35 137
93 6 37 142
93 14 29 201
93 15 10 176
93 17 31 195
93 19 35 106
93 24 43 9
93 27 25 108
93 28 17 41
93 30 8 104
93 31 13 200
93 34 5 40
93 41 49 220
93 49 57 79
93 56 22 215
93 57 1 11
94 19 35 61
94 22 43 74
94 23 7 155
94 25 14 224
94 27 27 32
94 34 16 80
94 37 22 222
94 41 1 181
94 42 46 33
94 44 49 190
94 45 37 184
94 49 32 95
94 50 11 153
94 60 19 52
95 10 55 74
95 14 41 192
95 15 28 176
95 23 31 48
95 24 49 9
95 28 53 112
95 33 23 212
95 34 19 80
95 35 13 58
95 37 1 195
95 44 37 170
95 48 7 201
95 53 25 69
95 56 4 215
96 6 25 216
96 18 49 103
96 38 51 61
96 40 46 97
96 43 4 137
96 44 13 190
96 48 20 99
96 50 1 153
96 53 40 151
96 55 7 1
96 56 55 215
96 58 11 185
96 59 31 129
96 60 43 62
97 1 22 93
97 3 33 147
97 4 25 132
97 5 59 210
97 12 31 171
97 13 43 131
97 31 37 57
97 34 1 40
97 38 57 61
97 43 7 137
97 45 3 102
97 48 13 99
97 50 11 43
97 58 41 185
98 4 31 44
98 9 57 152
98 12 39 95
98 23 25 177
98 27 1 108
98 28 29 112
98 31 43 179
98 37 10 222
98 40 7 151
98 41 21 220
98 50 59 147
98 55 13 15
98 56 52 8
98 60 16 62
99 1 1 93
99 5 39 210
99 11 19 14
99 13 56 149
99 14 5 157
99 17 13 72
99 20 23 166
99 28 27 112
99 29 44 198
99 32 49 140
99 33 37 27
99 46 7 186
99 48 32 201
99 58 17 185
100 2 55 225
100 4 25 44
100 13 49 116
100 24 57 9
100 26 22 167
100 34 29 40
100 45 2 68
100 46 37 187
100 49 45 79
100 50 32 43
100 54 13 89
100 55 40 15
100 58 15 185
100 60 10 62
101 8 26 134
101 9 11 146
101 10 34 30
101 12 5 95
101 16 31 28
101 17 7 195
101 19 19 61
101 21 1 67
101 23 43 26
101 30 22 57
101 34 59 40
101 37 16 222
101 39 28 191
101 40 13 90
101 57 50 11
102 3 9 7
102 5 35 210
102 8 7 50
102 9 15 146
102 13 51 133
102 17 19 123
102 25 49 135
102 27 31 10
102 29 1 173
102 32 5 140
102 43 40 137
102 51 44 160
102 54 37 89
102 56 25 215
102 60 58 182
103 11 31 82
103 14 35 192
103 15 7 176
103 18 52 52
103 22 10 205
103 26 58 223
103 29 13 173
103 31 20 127
103 39 4 175
103 49 1 79
103 51 37 160
103 52 50 45
103 53 55 117
103 57 44 11
103 59 25 129
104 3 13 194
104 8 38 134
104 10 19 74
104 11 1 14
104 12 17 171
104 14 23 192
104 17 56 195
104 25 31 47
104 34 52 40
104 40 25 151
104 41 33 34
104 42 44 81
104 44 8 170
104 53 49 117
104 56 28 149
105 1 1 81
105 2 47 225
105 3 49 7
105 14 11 192
105 15 13 207
105 16 25 31
105 19 7 106
105 22 55 175
105 26 28 223
105 28 41 41
105 35 31 20
105 39 45 191
105 51 37 107
105 52 4 34
105 59 19 129
106 1 25 81
106 2 11 225
106 3 7 194
106 9 41 152
106 11 56 206
106 12 43 32
106 15 19 176
106 20 1 165
106 28 37 41
106 32 31 140
106 34 15 40
106 36 34 126
106 37 4 195
106 51 22 160
106 60 28 62
107 2 7 225
107 4 57 16
107 6 31 162
107 11 44 5
107 13 25 131
107 15 19 39
107 22 13 175
107 24 37 9
107 35 9 119
107 36 22 126
107 44 49 6
107 56 16 215
107 59 1 143
108 1 28 144
108 2 45 87
108 4 19 16
108 5 41 87
108 9 4 146
108 14 50 192
108 17 14 123
108 18 25 52
108 19 31 193
108 23 37 26
108 31 7 161
108 42 1 29
108 50 23 43
108 51 57 160
108 58 34 185
109 2 45 225
109 5 25 87
109 6 1 142
109 14 8 157
109 17 55 72
109 20 31 165
109 22 40 13
109 25 37 135
109 34 10 40
109 36 13 126
109 41 33 181
109 46 52 187
109 55 28 1
109 59 19 143
110 6 7 216
110 9 47 146
110 16 22 31
110 17 25 123
110 19 3 106
110 28 17 112
110 33 19 212
110 36 31 83
110 43 34 105
110 45 37 102
110 46 43 186
110 52 41 45
110 53 55 78
111 6 31 219
111 9 55 152
111 10 57 106
111 15 25 207
111 22 13 13
111 25 1 47
111 26 16 223
111 32 43 140
111 37 49 195
111 39 11 6
111 44 19 6
111 45 7 102
111 56 46 8
111 60 4 62
112 2 53 87
112 3 55 194
112 8 28 50
112 23 37 48
112 24 43 4
112 28 2 112
112 29 49 157
112 30 7 57
112 36 10 83
112 41 13 181
112 43 4 37
112 48 19 105
112 52 35 45
112 58 17 30
112 59 31 143
113 1 13 81
113 3 20 147
113 8 16 50
113 11 49 48
113 13 39 131
113 14 31 192
113 28 7 112
113 30 10 104
113 32 59 140
113 34 3 40
113 45 55 208
113 56 28 215
113 58 37 185
113 59 43 129
113 60 25 62
114 4 19 209
114 5 37 87
114 6 49 142
114 10 58 74
114 11 43 82
114 13 39 49
114 26 28 167
114 30 14 57
114 31 31 183
114 32 11 140
114 34 17 40
114 44 7 13
114 55 1 15
114 56 55 8
115 4 13 16
115 6 25 142
115 8 11 134
115 9 1 152
115 10 52 74
115 13 19 116
115 22 37 13
115 30 31 104
115 34 9 80
115 35 43 119
115 46 4 186
115 53 40 117
115 58 17 175
115 59 33 59
116 6 43 142
116 12 10 171
116 15 34 176
116 30 3 57
116 33 1 27
116 34 5 80
116 36 16 83
116 41 37 221
116 44 25 6
116 45 19 145
116 50 53 43
116 51 7 160
116 53 13 117
116 55 50 131
116 57 55 11
117 11 49 206
117 17 13 38
117 20 17 166
117 32 41 170
117 35 33 58
117 39 1 191
117 40 7 171
117 48 3 174
117 49 25 79
117 51 28 160
117 55 44 1
117 56 58 215
117 59 37 60
117 60 19 182
118 3 13 147
118 5 23 210
118 9 39 146
118 11 49 14
118 12 10 95
118 13 55 64
118 18 3 103
118 24 19 196
118 32 37 140
118 44 44 13
118 48 25 201
118 51 7 107
118 53 31 117
118 54 29 89
118 60 34 182
119 1 32 81
119 2 47 87
119 11 19 5
119 13 15 131
119 19 13 106
119 24 7 9
119 27 43 108
119 29 37 173
119 34 27 40
119 39 5 191
119 42 49 33
119 46 2 187
119 50 25 43
119 53 52 151
119 59 56 59
120 2 55 87
120 3 19 179
120 5 43 210
120 9 1 146
120 12 3 171
120 13 45 64
120 16 58 31
120 27 37 32
120 33 27 27
120 34 8 40
120 38 31 49
120 43 13 35
120 50 5 153
120 52 10 45
121 3 27 7
121 13 8 127
121 19 31 61
121 20 57 165
121 22 37 44
121 24 2 196
121 30 13 104
121 34 35 40
121 35 19 100
121 36 52 58
121 39 25 191
121 43 15 37
121 45 43 102
121 50 41 147
121 60 49 52
122 1 46 144
122 3 37 39
122 6 3 125
122 8 1 134
122 13 13 116
122 35 7 20
122 38 17 49
122 39 19 175
122 41 31 220
122 42 43 60
122 45 25 102
122 47 59 96
122 48 55 201
122 56 21 149
122 59 49 59
123 3 43 194
123 14 21 192
123 20 4 165
123 23 32 26
123 30 1 104
123 33 29 212
123 34 57 40
123 41 49 34
123 44 7 6
123 46 25 186
123 51 40 160
123 54 11 78
123 58 13 185
123 60 16 182
124 2 43 225
124 10 10 74
124 14 7 218
124 23 38 78
124 27 31 90
124 28 4 41
124 29 21 157
124 30 1 57
124 31 45 57
124 34 19 40
124 36 13 83
124 38 55 182
124 41 25 221
124 53 58 117
124 54 53 123
125 9 46 152
125 10 37 106
125 13 27 127
125 18 21 103
125 20 25 166
125 27 7 32
125 28 33 112
125 33 4 27
125 34 40 40
125 41 55 220
125 43 1 137
125 45 13 145
125 52 11 34
125 59 49 129
126 3 19 194
126 8 33 50
126 19 23 106
126 23 25 26
126 25 31 135
126 34 44 80
126 35 49 119
126 41 7 181
126 47 29 129
126 51 4 107
126 52 56 45
126 53 46 117
126 55 1 1
126 57 14 11
127 6 50 216
127 13 43 53
127 15 55 207
127 17 1 123
127 19 15 61
127 40 40 97
127 43 10 202
127 46 19 186
127 52 33 45
127 53 58 78
127 54 23 137
127 56 37 149
127 57 25 11
127 60 7 182
128 5 58 87
128 9 25 152
128 13 49 49
128 15 16 207
128 23 27 48
128 26 4 167
128 38 9 61
128 44 43 170
128 46 55 187
128 48 19 75
128 53 34 69
128 55 1 84
128 56 13 8
128 59 37 129
129 3 3 7
129 6 55 216
129 9 21 146
129 10 34 197
129 20 52 165
129 31 27 57
129 33 13 27
129 36 43 126
129 38 59 20
129 39 16 191
129 50 47 43
129 51 49 107
129 52 1 198
129 55 10 15
129 60 37 62
130 3 37 7
130 5 50 87
130 9 31 152
130 11 56 48
130 13 13 29
130 14 46 192
130 19 33 61
130 22 7 74
130 31 27 80
130 33 25 212
130 54 20 78
130 55 4 1
130 56 10 8
131 5 11 67
131 9 19 146
131 10 40 197
131 12 55 95
131 18 57 52
131 27 31 108
131 28 8 41
131 37 4 222
131 38 15 49
131 40 43 151
131 43 37 37
131 52 53 45
131 56 1 215
131 58 59 185
131 59 49 143
132 2 35 87
132 4 39 193
132 5 5 87
132 6 7 219
132 9 37 146
132 18 33 103
132 27 25 59
132 30 31 57
132 31 1 161
132 41 55 221
132 44 19 68
132 45 49 102
132 46 16 187
132 56 45 215
132 60 13 62
133 16 19 31
133 17 57 123
133 22 43 145
133 28 13 41
133 30 5 104
133 32 29 170
133 34 2 80
133 36 46 126
133 38 23 49
133 41 37 220
133 42 15 33
133 47 11 96
133 49 7 103
133 51 31 107
133 55 49 179
134 1 50 93
134 9 44 152
134 13 9 131
134 17 55 28
134 22 16 13
134 25 25 135
134 26 13 223
134 27 2 133
134 28 46 41
134 32 7 64
134 35 37 119
134 37 31 222
134 43 27 37
134 53 34 151
135 4 31 16
135 8 23 134
135 14 10 157
135 16 27 28
135 19 25 61
135 30 3 104
135 31 49 80
135 32 57 140
135 37 16 195
135 38 21 89
135 46 13 186
135 50 19 43
135 52 39 45
135 54 5 89
135 58 8 175
136 2 50 225
136 3 37 147
136 4 19 71
136 10 52 106
136 13 25 64
136 17 32 38
136 28 41 112
136 31 1 200
136 39 5 6
136 40 46 178
136 42 43 33
136 45 13 115
136 48 55 10
136 53 8 69
136 58 17 20
137 2 38 225
137 8 40 50
137 21 19 67
137 22 55 205
137 24 43 196
137 28 23 112
137 35 13 108
137 36 25 126
137 38 59 61
137 39 53 6
137 51 1 4
137 52 11 160
137 58 4 185
137 59 7 129
138 2 33 180
138 5 37 210
138 8 3 134
138 11 39 36
138 18 1 52
138 20 7 165
138 22 43 175
138 35 55 2
138 37 19 222
138 45 9 68
138 47 23 96
138 48 25 174
138 51 15 4
138 52 13 45
139 2 27 97
139 6 3 162
139 9 33 152
139 11 37 5
139 14 11 201
139 19 1 61
139 27 55 90
139 33 25 27
139 38 46 61
139 39 43 191
139 46 22 187
139 53 19 69
139 55 13 1
139 58 29 185
139 59 7 59
140 8 3 50
140 10 39 74
140 11 7 14
140 12 37 171
140 21 13 67
140 24 43 153
140 26 22 158
140 30 35 57
140 36 28 126
140 40 25 178
140 46 19 187
140 48 49 10
140 56 58 8
140 59 31 36
140 60 55 223
141 1 10 81
141 4 56 209
141 11 44 14
141 19 23 61
141 24 38 196
141 26 1 167
141 36 7 126
141 42 28 77
141 45 19 208
141 48 49 99
141 51 34 107
141 55 25 1
141 59 14 59
141 60 4 98
142 5 47 210
142 8 21 50
142 9 39 152
142 11 31 5
142 22 49 74
142 26 1 223
142 31 13 161
142 39 29 175
142 46 43 187
142 47 41 96
142 51 56 107
142 58 19 185
142 60 10 182
143 2 25 225
143 3 49 39
143 7 43 70
143 10 13 197
143 11 37 14
143 13 8 116
143 15 31 207
143 23 19 26
143 41 2 221
143 42 34 33
143 47 16 96
143 49 28 79
143 50 41 43
143 52 47 45
143 54 23 89
144 1 10 29
144 8 35 50
144 13 25 116
144 20 37 165
144 23 55 26
144 27 31 32
144 29 45 180
144 31 39 80
144 42 19 29
144 43 22 37
144 44 13 170
144 47 5 129
144 51 52 4
144 52 1 34
144 56 7 8
145 4 25 209
145 5 39 87
145 9 29 146
145 10 31 197
145 14 16 192
145 16 52 31
145 17 7 123
145 20 19 166
145 22 22 74
145 27 56 32
145 33 13 212
145 34 11 80
145 39 3 191
145 53 34 117
145 56 49 215
146 5 52 210
146 8 50 50
146 9 28 152
146 10 19 197
146 11 15 14
146 13 55 131
146 17 45 72
146 28 9 112
146 34 13 40
146 40 25 24
146 45 31 184
146 47 5 96
146 48 1 75
146 55 22 15
146 59 38 59
147 2 17 143
147 6 43 216
147 8 33 134
147 9 23 152
147 11 56 82
147 18 5 108
147 20 25 165
147 29 1 77
147 34 47 40
147 41 27 220
147 42 7 29
147 48 49 201
147 57 19 11
147 60 40 182
148 1 40 144
148 2 19 225
148 4 50 44
148 15 16 176
148 18 5 103
148 23 21 48
148 24 25 15
148 27 44 90
148 29 32 173
148 30 55 104
148 31 8 210
148 36 58 126
148 42 1 33
148 43 37 137
149 3 37 205
149 11 7 5
149 13 49 64
149 16 43 31
149 24 25 9
149 31 55 57
149 35 31 2
149 45 1 208
149 46 46 186
149 47 13 96
149 51 19 160
149 53 22 117
149 54 15 89
149 58 5 20
150 4 43 16
150 6 31 142
150 12 5 171
150 17 37 38
150 20 55 165
150 24 49 15
150 28 15 41
150 32 35 140
150 35 1 20
150 39 23 6
150 42 28 33
150 43 10 37
150 46 25 187
150 50 7 43
150 56 19 215
Điểm tối ưu: 2159
Thời gian: 360.046194 giây
Trạng thái: VALID
