149
1 1 2 5
1 3 11 10
1 4 52 24
1 6 19 13
1 7 58 3
1 8 43 25
1 9 27 23
1 10 7 14
2 1 16 5
2 3 39 10
2 4 43 24
2 7 4 3
2 8 49 25
2 9 21 23
3 1 25 2
3 3 43 10
3 4 22 24
3 5 1 17
3 6 49 13
3 7 10 3
3 8 34 25
3 9 29 23
3 10 14 14
4 1 10 5
4 3 23 10
4 4 40 24
4 7 31 3
4 8 13 25
4 9 58 23
5 1 10 2
5 3 27 10
5 4 13 24
5 6 3 13
5 7 40 3
5 8 37 25
5 9 19 23
6 1 58 2
6 3 25 10
6 4 34 24
6 7 52 3
6 8 19 25
6 9 10 23
6 10 27 14
7 1 39 5
7 3 1 10
7 4 16 24
7 5 25 17
7 7 34 3
7 8 58 25
7 9 14 23
7 10 45 14
8 1 19 5
8 2 14 3
8 3 59 10
8 4 1 24
8 5 51 17
8 6 43 13
8 7 37 3
8 8 7 25
8 9 5 23
9 1 45 2
9 3 17 10
9 4 7 24
9 7 28 3
9 8 31 25
9 9 38 23
10 1 49 2
10 3 14 10
10 4 55 24
10 5 31 17
10 8 40 25
10 9 8 23
10 10 1 14
11 1 58 5
11 3 29 10
11 4 25 24
11 5 7 17
11 6 13 13
11 7 19 3
11 8 4 25
11 9 23 23
12 1 3 2
12 3 9 10
12 4 58 24
12 7 46 3
12 8 52 25
12 9 56 23
13 1 13 2
13 3 50 10
13 4 4 24
13 5 20 17
13 6 7 13
13 7 25 3
13 8 55 25
13 9 52 23
13 10 38 14
14 1 7 5
14 3 5 10
14 4 49 24
14 5 43 17
14 7 55 3
14 8 28 25
14 9 2 23
15 1 13 5
15 3 21 10
15 4 37 24
15 5 55 17
15 6 31 13
15 7 7 3
15 8 10 25
15 9 40 23
15 10 49 14
16 1 55 2
16 3 7 10
16 4 46 24
16 5 14 17
16 6 37 13
16 7 43 3
16 8 22 25
16 9 35 23
17 1 7 2
17 3 3 10
17 4 31 24
17 6 27 13
17 8 46 25
17 9 16 23
17 10 19 14
18 1 28 5
18 3 46 10
18 4 19 24
18 7 49 3
18 8 1 25
18 9 25 23
18 10 31 14
19 1 16 2
19 3 41 10
19 4 28 24
19 6 55 13
19 7 22 3
19 8 25 25
19 9 33 23
20 1 44 5
20 3 33 10
20 4 10 24
20 5 37 17
20 7 1 3
20 8 16 25
20 9 47 23
20 10 55 14
Điểm tối ưu: 149
Thời gian: 19.858717 giây
Trạng thái: VALID
