2989
1 2 41 221
1 4 43 271
1 13 34 77
1 21 55 272
1 23 13 4
1 30 7 265
1 31 31 54
1 37 9 107
1 40 49 166
1 42 17 98
1 54 20 102
1 55 29 264
1 56 37 45
1 68 1 8
1 75 25 111
2 3 43 27
2 4 34 28
2 5 10 205
2 10 2 46
2 17 53 68
2 21 21 224
2 33 49 160
2 41 31 122
2 52 7 52
2 55 5 284
2 57 56 207
2 68 37 8
2 69 13 39
2 75 25 31
2 80 41 283
3 3 31 209
3 7 2 72
3 11 28 93
3 19 35 186
3 29 55 165
3 35 52 81
3 42 7 98
3 48 21 133
3 54 14 102
3 58 10 217
3 59 49 51
3 63 43 143
3 65 25 286
3 68 57 8
3 75 37 222
4 22 10 224
4 26 39 55
4 39 51 185
4 46 3 130
4 49 55 200
4 50 1 11
4 52 34 52
4 62 58 67
4 66 46 190
4 71 5 5
4 72 19 170
4 75 15 154
4 76 21 125
4 77 25 152
4 78 31 284
5 3 21 209
5 4 16 198
5 10 31 53
5 13 4 82
5 23 57 4
5 31 34 14
5 33 7 74
5 39 37 214
5 53 1 297
5 54 49 223
5 59 13 42
5 64 41 282
5 74 46 97
5 78 19 284
5 80 28 283
6 1 10 67
6 4 58 271
6 5 38 100
6 13 46 82
6 18 7 179
6 22 31 196
6 31 4 14
6 47 19 57
6 59 25 42
6 62 43 213
6 67 52 296
6 70 1 157
6 72 41 88
6 73 28 6
6 79 13 178
7 4 37 271
7 5 52 100
7 9 55 135
7 10 22 53
7 12 7 148
7 16 35 38
7 17 27 68
7 21 45 272
7 31 13 54
7 35 40 81
7 38 1 91
7 61 25 18
7 64 11 282
7 66 5 124
7 80 43 283
8 4 16 141
8 6 10 171
8 19 5 182
8 20 57 237
8 29 1 151
8 35 13 81
8 36 26 244
8 38 38 80
8 43 43 118
8 46 33 172
8 51 3 298
8 52 19 193
8 53 7 34
8 65 22 286
8 69 49 206
9 3 37 209
9 8 26 175
9 16 44 38
9 22 31 215
9 24 46 146
9 46 21 130
9 48 7 133
9 55 9 284
9 60 5 202
9 61 15 18
9 64 13 282
9 66 11 124
9 69 50 87
9 79 1 178
9 80 56 283
10 1 19 228
10 2 3 199
10 14 15 132
10 18 46 179
10 20 1 264
10 24 22 105
10 25 31 184
10 27 17 188
10 40 7 120
10 41 37 212
10 43 49 43
10 53 40 275
10 60 43 220
10 68 55 162
10 80 28 247
11 7 1 121
11 20 35 151
11 28 16 17
11 31 13 14
11 35 28 119
11 37 57 179
11 50 47 79
11 52 31 52
11 66 55 229
11 69 7 206
11 72 41 170
11 75 49 111
11 76 21 69
11 77 37 33
11 79 43 73
12 2 15 246
12 10 46 279
12 13 4 163
12 14 1 132
12 25 31 48
12 27 35 165
12 37 49 290
12 52 10 52
12 54 37 180
12 60 13 202
12 62 19 213
12 66 53 124
12 67 26 30
12 73 7 160
12 78 17 287
13 3 19 268
13 4 4 271
13 12 43 10
13 13 40 163
13 15 17 32
13 19 33 186
13 20 7 211
13 27 23 49
13 32 31 236
13 33 25 245
13 44 13 113
13 65 1 204
13 72 59 170
13 75 9 154
13 80 15 247
14 2 19 199
14 6 8 281
14 9 10 135
14 13 25 163
14 20 37 237
14 27 35 242
14 30 43 110
14 34 58 94
14 36 31 234
14 52 46 52
14 53 49 34
14 58 16 84
14 60 21 60
14 62 4 248
14 75 39 219
15 3 50 253
15 10 4 117
15 16 29 38
15 20 10 28
15 24 38 105
15 35 32 81
15 36 19 244
15 41 43 212
15 48 23 133
15 52 7 143
15 57 25 99
15 60 15 202
15 63 57 21
15 66 55 190
15 72 1 170
16 7 55 211
16 9 49 135
16 10 7 117
16 29 3 165
16 33 44 160
16 34 21 94
16 47 13 158
16 49 52 239
16 55 17 284
16 59 10 258
16 61 19 47
16 65 31 204
16 69 38 193
16 78 1 125
16 79 25 73
17 1 13 88
17 2 5 246
17 3 43 221
17 14 11 241
17 15 59 99
17 17 1 68
17 30 3 50
17 35 34 119
17 36 49 260
17 40 19 166
17 45 37 123
17 46 47 130
17 47 7 57
17 61 28 18
17 65 16 204
18 8 51 175
18 9 37 135
18 10 57 279
18 11 4 32
18 17 55 16
18 18 19 156
18 28 7 26
18 31 43 14
18 48 10 133
18 49 25 239
18 57 13 188
18 58 34 84
18 60 1 60
18 66 46 229
18 78 49 287
19 1 16 228
19 23 25 197
19 27 41 165
19 29 13 165
19 34 51 177
19 46 58 130
19 50 49 79
19 52 55 52
19 53 45 275
19 55 21 65
19 58 31 84
19 65 4 286
19 69 9 112
19 72 7 114
19 73 1 160
20 4 10 218
20 5 22 205
20 8 29 175
20 10 19 46
20 14 27 132
20 20 5 211
20 27 17 230
20 36 33 244
20 40 56 166
20 43 1 44
20 45 37 277
20 53 14 34
20 55 51 65
20 62 7 213
20 64 44 282
21 3 26 209
21 4 34 271
21 11 49 93
21 15 13 195
21 18 16 179
21 19 41 186
21 28 31 26
21 37 1 290
21 39 37 191
21 45 43 147
21 46 9 130
21 58 20 101
21 60 7 202
21 62 52 213
21 76 55 243
22 1 1 228
22 2 55 199
22 8 47 175
22 10 4 53
22 15 29 32
22 16 39 38
22 20 14 211
22 25 19 48
22 40 25 77
22 41 57 122
22 55 11 65
22 57 7 37
22 64 23 128
22 68 31 278
22 78 35 284
23 2 4 221
23 3 43 209
23 16 41 38
23 17 11 68
23 18 31 179
23 23 37 4
23 27 47 165
23 28 16 252
23 34 22 134
23 38 49 91
23 40 7 166
23 58 26 217
23 65 13 286
23 71 53 122
23 74 1 153
24 1 4 228
24 6 1 171
24 7 21 72
24 8 55 175
24 13 7 220
24 17 15 68
24 19 39 35
24 40 26 218
24 45 51 270
24 50 19 79
24 54 44 59
24 60 13 60
24 69 31 39
24 72 11 263
24 73 57 280
25 11 43 183
25 22 4 215
25 24 10 292
25 28 1 20
25 30 17 110
25 31 31 14
25 33 13 107
25 35 7 119
25 37 37 233
25 44 34 113
25 51 57 298
25 64 27 282
25 67 49 296
25 70 22 15
25 72 25 170
26 1 25 88
26 4 31 198
26 8 37 175
26 13 52 163
26 18 16 229
26 19 4 186
26 32 49 236
26 33 57 245
26 36 39 244
26 43 7 118
26 46 43 264
26 49 1 139
26 52 22 52
26 58 13 101
26 60 46 60
27 6 31 171
27 9 5 73
27 11 1 32
27 15 10 100
27 18 38 179
27 19 49 186
27 20 17 28
27 24 7 292
27 31 43 54
27 42 21 35
27 47 33 265
27 49 28 239
27 63 13 137
27 78 25 125
27 80 23 283
28 16 1 267
28 20 56 151
28 22 20 215
28 24 28 246
28 29 7 165
28 36 49 244
28 43 3 300
28 46 41 113
28 48 58 144
28 49 25 200
28 50 17 79
28 54 37 223
28 56 31 289
28 65 9 286
28 73 13 6
29 4 13 141
29 5 58 100
29 9 41 135
29 18 34 229
29 20 31 151
29 25 9 291
29 26 17 105
29 27 2 230
29 40 37 77
29 51 7 89
29 54 20 223
29 62 49 213
29 68 25 8
29 70 4 15
29 72 53 88
30 10 43 46
30 13 51 220
30 15 8 195
30 19 55 186
30 24 28 105
30 31 25 54
30 35 10 285
30 38 31 91
30 45 2 277
30 53 37 275
30 54 15 223
30 63 19 104
30 66 41 124
30 67 46 30
30 68 57 250
31 29 22 165
31 31 1 287
31 33 45 259
31 35 25 119
31 36 55 244
31 37 49 22
31 42 20 98
31 43 14 78
31 44 4 113
31 46 29 130
31 50 7 11
31 58 37 42
31 64 43 128
31 68 9 8
31 78 32 287
32 5 19 270
32 7 25 9
32 9 53 73
32 15 29 99
32 16 33 38
32 20 49 237
32 25 7 294
32 28 22 252
32 32 51 236
32 42 1 35
32 43 44 124
32 53 55 34
32 56 13 45
32 63 3 21
32 66 11 190
33 12 56 240
33 19 47 128
33 22 19 196
33 23 13 299
33 29 35 253
33 33 49 259
33 38 3 210
33 43 25 118
33 47 37 57
33 58 7 101
33 62 32 213
33 67 22 8
33 75 43 31
33 80 11 247
34 9 15 230
34 12 49 245
34 16 9 38
34 26 7 55
34 32 17 241
34 40 44 120
34 42 41 35
34 43 1 43
34 46 5 130
34 51 53 298
34 52 25 78
34 56 55 45
34 66 59 190
34 72 38 170
34 80 33 283
35 1 4 67
35 6 13 281
35 7 32 211
35 10 1 279
35 24 22 131
35 29 11 165
35 31 19 14
35 41 43 122
35 43 7 44
35 51 41 298
35 52 37 78
35 60 28 220
35 62 46 117
35 67 16 30
35 77 49 152
36 1 25 67
36 2 43 199
36 7 14 56
36 9 35 135
36 21 56 40
36 28 38 127
36 31 28 14
36 33 19 259
36 35 4 285
36 38 45 210
36 39 31 36
36 57 49 188
36 64 7 128
36 70 10 157
36 71 1 251
37 9 17 135
37 11 43 32
37 18 22 179
37 29 19 165
37 40 55 120
37 46 31 130
37 47 7 245
37 55 25 284
37 59 37 51
37 63 27 137
37 66 51 229
37 69 13 206
37 73 1 87
37 77 33 203
37 80 4 283
38 3 50 221
38 8 20 175
38 15 8 100
38 20 31 237
38 21 44 40
38 24 10 92
38 32 41 236
38 45 37 147
38 48 35 133
38 51 33 298
38 54 2 59
38 57 26 188
38 63 13 164
38 73 22 280
38 75 57 111
39 4 4 218
39 15 39 32
39 19 59 186
39 25 43 184
39 27 49 242
39 31 52 54
39 35 19 81
39 48 16 133
39 54 7 250
39 56 55 227
39 58 22 70
39 59 1 51
39 73 13 280
39 76 26 161
39 79 31 73
40 1 13 67
40 20 53 28
40 25 7 184
40 28 55 20
40 30 29 50
40 37 49 107
40 39 44 191
40 49 22 239
40 54 2 102
40 59 19 51
40 64 11 128
40 65 16 286
40 68 31 8
40 69 25 112
40 75 37 53
41 1 13 228
41 4 20 198
41 8 57 175
41 11 7 32
41 30 5 110
41 32 35 241
41 44 52 237
41 53 32 167
41 58 10 101
41 59 1 42
41 60 16 60
41 63 26 19
41 65 49 286
41 74 37 153
41 78 40 287
42 1 28 67
42 6 17 171
42 9 25 135
42 29 49 151
42 37 38 292
42 38 1 114
42 41 46 122
42 43 31 118
42 46 19 172
42 50 7 79
42 53 14 275
42 54 56 59
42 63 9 164
42 73 52 280
42 76 21 161
43 6 51 171
43 13 44 163
43 19 7 186
43 20 19 28
43 24 13 292
43 25 56 48
43 27 9 242
43 29 41 151
43 32 39 82
43 37 25 107
43 61 4 47
43 62 1 248
43 66 22 190
43 70 16 15
43 76 32 161
44 5 14 205
44 10 50 279
44 14 29 132
44 15 46 32
44 18 34 179
44 19 37 182
44 30 19 110
44 36 3 234
44 37 39 290
44 44 32 113
44 49 25 273
44 52 21 78
44 62 55 213
44 63 7 116
44 71 1 5
45 17 35 68
45 19 8 182
45 24 1 292
45 25 37 184
45 28 4 20
45 32 46 236
45 46 15 130
45 49 10 239
45 53 43 167
45 56 31 45
45 58 28 101
45 66 41 190
45 70 25 15
45 78 21 284
45 79 57 167
46 2 1 221
46 6 28 171
46 10 13 53
46 12 31 240
46 19 25 186
46 24 16 146
46 31 7 54
46 37 44 138
46 44 5 237
46 46 23 172
46 47 37 265
46 51 10 89
46 66 41 229
46 69 19 112
46 71 3 5
47 6 35 171
47 12 15 240
47 13 1 82
47 17 10 16
47 20 13 264
47 23 31 299
47 27 25 230
47 28 7 17
47 43 44 43
47 46 52 130
47 58 19 217
47 62 4 2
47 66 59 124
47 71 23 5
47 72 50 88
48 10 58 46
48 16 4 38
48 19 47 35
48 20 25 151
48 32 43 82
48 44 21 113
48 49 16 273
48 59 28 42
48 61 35 47
48 67 1 296
48 68 37 250
48 70 10 15
48 71 13 249
48 72 45 88
48 74 31 97
49 2 5 49
49 11 25 183
49 22 14 224
49 31 19 54
49 33 45 245
49 37 32 218
49 38 38 210
49 39 7 185
49 42 57 98
49 44 22 237
49 49 28 139
49 51 49 298
49 57 1 37
49 66 51 190
49 78 43 139
50 2 7 199
50 9 47 73
50 12 13 148
50 13 31 220
50 24 25 146
50 27 23 188
50 30 9 265
50 35 1 285
50 40 51 218
50 67 28 296
50 68 19 278
50 71 5 251
50 77 38 201
50 79 43 178
50 80 49 247
51 10 10 279
51 13 55 163
51 20 15 28
51 32 37 236
51 36 19 234
51 37 33 107
51 46 17 130
51 50 23 79
51 51 13 298
51 52 4 78
51 62 25 213
51 66 31 190
51 71 8 244
51 73 1 280
51 78 29 284
52 2 21 199
52 10 4 279
52 12 49 148
52 13 1 163
52 19 47 186
52 22 40 224
52 23 43 4
52 37 56 233
52 43 31 124
52 49 37 139
52 52 7 29
52 55 13 65
52 65 16 63
52 72 10 170
52 77 26 203
53 2 53 199
53 5 19 205
53 26 7 105
53 39 39 185
53 45 9 123
53 49 4 239
53 51 51 134
53 52 28 78
53 53 34 275
53 58 55 42
53 68 45 8
53 73 1 6
53 74 58 153
53 78 22 139
53 79 14 167
54 1 39 67
54 3 49 209
54 10 28 117
54 14 37 132
54 17 8 16
54 18 4 156
54 24 10 126
54 31 25 14
54 34 13 177
54 39 43 185
54 54 32 180
54 59 16 258
54 69 56 112
54 78 22 287
54 80 20 283
55 1 44 67
55 6 47 171
55 8 23 175
55 18 8 156
55 28 28 26
55 33 50 165
55 34 16 94
55 39 19 191
55 40 37 120
55 54 31 223
55 56 1 45
55 63 55 116
55 70 13 15
55 72 5 114
55 80 41 247
56 3 7 27
56 6 1 52
56 9 46 84
56 10 37 117
56 17 11 155
56 21 13 126
56 27 5 230
56 31 58 14
56 32 19 236
56 38 21 80
56 42 28 98
56 49 49 239
56 62 34 67
56 66 17 124
56 72 3 170
57 20 39 237
57 23 9 299
57 25 26 294
57 26 15 55
57 30 1 265
57 33 3 259
57 35 19 285
57 37 44 107
57 42 7 35
57 45 49 123
57 51 31 298
57 53 22 297
57 60 59 202
57 62 55 67
57 65 33 286
58 4 46 141
58 6 53 171
58 9 25 84
58 10 58 117
58 11 40 183
58 19 19 186
58 20 27 28
58 24 16 292
58 27 11 188
58 37 33 138
58 43 49 124
58 49 13 200
58 53 22 34
58 56 7 227
58 79 1 167
59 5 26 233
59 7 2 22
59 12 7 10
59 15 41 32
59 16 59 38
59 18 43 179
59 21 55 103
59 28 46 17
59 34 19 134
59 35 22 285
59 36 13 244
59 43 37 118
59 59 32 42
59 76 50 69
59 80 35 247
60 3 3 172
60 7 37 72
60 9 14 135
60 11 57 282
60 17 47 16
60 19 1 186
60 27 43 242
60 36 7 260
60 42 31 35
60 62 16 213
60 64 55 282
60 69 19 232
60 70 49 266
60 77 33 251
60 80 26 247
61 4 19 271
61 7 13 72
61 25 49 48
61 31 4 287
61 40 55 77
61 41 1 212
61 44 17 237
61 50 45 79
61 51 7 134
61 54 39 13
61 60 9 202
61 64 31 282
61 69 26 232
61 72 34 88
61 80 11 283
62 2 17 199
62 12 1 10
62 13 7 82
62 15 49 32
62 16 23 38
62 24 31 131
62 30 46 110
62 32 43 236
62 44 15 113
62 49 40 239
62 51 26 298
62 52 37 52
62 53 10 275
62 66 28 190
62 79 19 73
63 4 14 218
63 7 20 211
63 17 40 16
63 27 17 242
63 29 25 165
63 31 7 14
63 35 46 81
63 41 10 281
63 46 31 172
63 49 37 239
63 58 58 42
63 63 27 104
63 66 1 190
63 73 4 280
63 78 33 125
64 9 23 135
64 20 37 151
64 22 7 215
64 23 19 299
64 28 10 127
64 30 34 110
64 32 27 236
64 38 13 91
64 40 43 218
64 41 52 212
64 48 41 133
64 49 1 239
64 55 57 65
64 66 39 190
64 67 31 30
65 5 4 205
65 12 43 224
65 14 8 69
65 20 22 151
65 23 27 4
65 27 19 230
65 35 51 285
65 40 31 120
65 47 55 15
65 56 13 227
65 60 37 220
65 61 25 47
65 65 1 63
65 66 39 229
65 73 10 6
66 5 14 233
66 6 37 171
66 12 27 10
66 13 10 220
66 17 5 16
66 26 20 55
66 30 51 110
66 46 25 172
66 48 22 144
66 49 7 239
66 52 56 78
66 68 31 109
66 71 1 244
66 73 43 280
66 78 17 139
67 11 28 183
67 13 21 220
67 14 33 132
67 22 4 196
67 28 25 26
67 29 43 151
67 33 37 160
67 46 41 130
67 51 19 89
67 60 35 202
67 63 45 21
67 65 58 63
67 68 49 273
67 70 7 15
67 79 14 73
68 1 7 67
68 5 28 196
68 6 13 171
68 9 4 135
68 19 21 186
68 24 31 285
68 27 19 242
68 33 55 259
68 42 23 35
68 44 11 237
68 57 38 188
68 58 1 84
68 75 15 31
68 78 43 284
68 80 35 283
69 3 7 209
69 10 27 279
69 16 11 38
69 17 41 68
69 23 37 157
69 28 43 127
69 33 13 74
69 54 1 13
69 60 32 202
69 63 19 164
69 65 46 204
69 67 34 30
69 68 55 291
69 69 49 193
70 4 46 198
70 18 16 156
70 22 1 196
70 24 26 131
70 25 19 291
70 28 13 17
70 29 7 253
70 33 55 74
70 38 51 114
70 47 37 15
70 50 9 79
70 59 32 258
70 66 43 190
70 70 4 157
70 78 11 287
71 1 4 88
71 3 37 221
71 10 20 117
71 22 1 215
71 28 34 252
71 32 23 82
71 38 55 80
71 44 9 237
71 47 27 134
71 48 25 133
71 55 32 65
71 56 50 289
71 57 14 99
71 68 43 71
71 78 59 139
72 3 7 268
72 19 11 186
72 21 19 272
72 31 52 66
72 33 25 259
72 34 49 94
72 36 31 290
72 40 13 120
72 43 37 43
72 52 1 29
72 57 44 188
72 63 57 68
72 64 55 128
72 73 4 87
73 4 43 198
73 13 20 163
73 22 16 196
73 25 7 95
73 31 28 54
73 41 25 281
73 50 40 79
73 54 32 13
73 56 50 227
73 59 46 51
73 60 11 60
73 63 57 137
73 72 55 88
73 73 13 87
73 74 4 153
74 2 3 70
74 14 53 132
74 22 31 224
74 26 47 68
74 28 34 20
74 29 5 253
74 37 43 292
74 38 49 210
74 43 13 44
74 54 7 102
74 60 1 202
74 67 40 30
74 68 26 278
74 69 19 83
74 77 55 6
75 2 5 199
75 3 43 253
75 4 31 271
75 7 26 72
75 33 21 74
75 48 13 133
75 52 10 71
75 55 7 65
75 57 1 207
75 58 34 101
75 68 56 106
75 70 16 266
75 76 38 69
75 79 49 178
75 80 19 247
76 4 1 141
76 11 21 32
76 19 16 182
76 22 10 215
76 26 37 55
76 30 31 110
76 31 52 14
76 34 4 94
76 41 13 212
76 45 25 270
76 52 33 78
76 55 40 65
76 67 7 30
76 68 55 269
76 80 45 247
77 7 49 211
77 8 31 175
77 10 13 46
77 19 35 35
77 23 27 248
77 26 25 55
77 27 7 230
77 41 40 212
77 45 1 147
77 53 16 297
77 56 44 227
77 69 56 193
77 75 9 111
77 77 19 251
77 80 33 247
78 3 13 268
78 4 4 141
78 6 23 117
78 8 8 175
78 11 31 217
78 20 10 211
78 38 44 91
78 39 49 191
78 50 34 79
78 66 53 229
78 68 19 109
78 76 25 69
78 77 37 235
78 79 55 178
78 80 2 283
79 2 9 199
79 5 1 27
79 7 25 22
79 14 35 132
79 19 40 128
79 23 49 197
79 26 47 50
79 29 15 165
79 42 45 35
79 43 55 43
79 53 4 34
79 61 23 47
79 65 37 204
79 70 19 15
79 75 31 111
80 3 25 27
80 7 44 237
80 12 21 140
80 24 7 131
80 29 53 151
80 35 10 119
80 37 49 233
80 38 37 258
80 49 56 239
80 54 13 180
80 55 19 65
80 64 17 128
80 71 5 118
80 77 32 152
80 80 2 247
81 4 7 141
81 12 19 240
81 14 49 132
81 20 5 28
81 27 13 230
81 30 31 154
81 32 29 236
81 33 33 259
81 39 1 185
81 41 16 122
81 50 11 11
81 51 46 298
81 58 52 42
81 69 25 206
81 72 55 170
82 6 15 171
82 8 4 93
82 12 25 240
82 13 8 163
82 17 59 16
82 19 19 182
82 20 21 28
82 27 17 49
82 40 50 120
82 42 11 35
82 47 43 57
82 53 1 275
82 59 55 51
82 71 13 251
82 73 38 280
83 7 43 211
83 9 51 135
83 12 15 10
83 16 55 38
83 26 41 55
83 29 39 253
83 30 1 110
83 31 22 54
83 47 25 57
83 55 29 65
83 63 7 19
83 68 31 273
83 72 13 170
83 73 4 6
83 77 57 152
84 4 1 198
84 15 32 32
84 21 43 126
84 23 51 4
84 28 4 17
84 29 17 165
84 30 15 110
84 32 13 236
84 35 57 81
84 44 10 113
84 50 19 11
84 58 7 84
84 62 21 2
84 75 27 154
84 77 37 103
85 10 34 279
85 18 43 156
85 21 7 272
85 23 3 4
85 34 46 177
85 36 56 234
85 37 38 138
85 39 27 238
85 45 49 147
85 46 53 264
85 50 13 79
85 63 15 143
85 67 22 296
85 72 19 263
85 74 31 208
86 1 22 88
86 9 7 135
86 10 10 117
86 19 43 186
86 23 49 101
86 27 13 242
86 31 46 14
86 33 1 74
86 34 26 177
86 38 55 13
86 41 16 212
86 44 34 237
86 48 29 144
86 64 19 128
86 67 37 296
87 3 51 268
87 13 16 82
87 16 13 38
87 20 7 264
87 24 34 246
87 27 55 188
87 48 19 144
87 49 46 239
87 50 37 79
87 55 27 65
87 58 1 101
87 64 21 128
87 65 4 204
87 66 49 229
87 67 10 30
88 4 4 198
88 16 2 38
88 25 43 48
88 44 37 113
88 45 25 277
88 46 49 113
88 50 21 79
88 51 7 298
88 54 31 102
88 55 47 65
88 65 40 204
88 69 56 39
88 70 13 157
88 71 9 5
88 72 17 170
89 2 44 246
89 8 13 93
89 13 34 220
89 21 27 224
89 25 55 184
89 27 47 242
89 36 20 290
89 42 15 98
89 48 1 144
89 52 3 52
89 54 8 180
89 70 31 157
89 73 49 280
89 76 38 125
89 78 25 139
90 10 7 279
90 14 47 132
90 23 26 299
90 24 10 131
90 29 19 151
90 30 49 110
90 39 1 214
90 45 31 270
90 47 51 265
90 50 5 79
90 56 55 289
90 58 38 217
90 69 43 39
90 75 13 222
90 77 21 187
91 5 57 27
91 17 19 68
91 25 50 184
91 26 45 68
91 31 37 14
91 33 13 160
91 39 27 36
91 44 7 237
91 50 55 79
91 55 9 65
91 61 5 18
91 62 1 213
91 69 31 206
91 71 41 118
91 72 21 170
92 8 17 93
92 10 1 117
92 17 37 16
92 28 39 20
92 29 19 253
92 36 7 234
92 38 55 258
92 41 4 122
92 51 44 298
92 54 27 102
92 61 13 47
92 67 22 30
92 69 32 83
92 72 25 263
92 78 15 287
93 4 25 198
93 5 34 196
93 10 16 46
93 15 28 66
93 20 9 264
93 21 37 272
93 26 47 55
93 29 1 253
93 31 56 228
93 35 4 119
93 41 50 122
93 44 20 237
93 51 23 298
93 62 13 248
93 72 7 170
94 1 10 88
94 3 43 172
94 4 40 271
94 6 7 171
94 12 31 140
94 20 28 237
94 21 50 224
94 28 16 26
94 30 3 110
94 31 25 66
94 37 57 22
94 41 13 122
94 61 1 18
94 66 5 190
94 73 19 280
95 2 50 199
95 4 1 28
95 9 52 84
95 10 43 279
95 13 16 220
95 15 35 99
95 22 55 215
95 26 29 55
95 37 8 138
95 54 20 180
95 61 32 18
95 62 46 213
95 69 37 206
95 74 4 267
95 75 25 222
96 4 34 198
96 6 23 171
96 11 8 183
96 17 17 68
96 21 49 126
96 27 11 242
96 35 13 285
96 48 25 144
96 49 40 273
96 53 37 167
96 69 27 39
96 70 2 266
96 72 32 170
96 75 43 53
96 79 19 233
97 3 1 268
97 5 49 27
97 7 44 22
97 10 25 117
97 17 28 16
97 20 41 237
97 24 34 131
97 29 15 253
97 32 59 236
97 39 7 238
97 41 31 212
97 43 19 118
97 50 52 79
97 60 39 202
97 72 23 170
98 1 7 88
98 2 28 297
98 14 44 132
98 15 35 32
98 27 47 49
98 41 10 122
98 43 20 43
98 47 31 57
98 48 49 133
98 56 1 227
98 61 17 18
98 62 39 213
98 67 14 296
98 72 37 88
98 73 25 6
99 7 7 22
99 15 27 32
99 19 13 182
99 25 15 294
99 30 29 110
99 42 53 98
99 45 2 123
99 48 19 133
99 51 39 298
99 52 43 52
99 57 32 56
99 63 49 68
99 77 55 251
99 78 25 287
99 80 21 247
100 4 55 198
100 5 19 100
100 7 31 72
100 11 49 183
100 13 1 220
100 15 29 100
100 23 37 101
100 25 25 184
100 32 11 236
100 42 5 35
100 44 17 113
100 53 22 275
100 59 7 258
100 60 46 220
100 77 13 152
101 6 21 171
101 12 25 148
101 17 52 16
101 22 14 215
101 23 33 4
101 24 49 131
101 28 56 252
101 32 23 236
101 45 44 270
101 48 31 133
101 50 3 11
101 55 1 284
101 58 40 84
101 62 10 213
101 70 7 157
102 1 1 67
102 2 17 246
102 4 7 271
102 32 39 236
102 39 49 214
102 40 19 120
102 43 13 118
102 46 37 172
102 49 10 200
102 54 55 102
102 56 43 45
102 58 25 101
102 70 34 266
102 72 5 170
102 73 28 280
103 2 23 199
103 4 13 271
103 8 45 175
103 20 25 28
103 26 43 68
103 27 29 242
103 28 49 20
103 35 8 81
103 44 3 237
103 46 27 130
103 50 58 79
103 55 11 284
103 64 33 282
103 66 20 190
103 70 39 266
104 11 22 93
104 15 5 99
104 23 55 299
104 25 37 48
104 28 19 26
104 33 31 165
104 37 49 138
104 41 26 212
104 47 14 265
104 53 46 34
104 74 43 153
104 75 1 222
104 76 9 243
104 80 7 247
105 9 41 73
105 15 21 66
105 22 52 215
105 24 34 146
105 27 45 242
105 35 3 81
105 36 25 234
105 42 11 98
105 43 7 300
105 47 13 134
105 55 55 65
105 60 23 202
105 61 1 47
105 66 43 229
105 69 37 112
106 5 10 233
106 9 19 135
106 11 37 183
106 24 31 105
106 28 34 26
106 29 17 253
106 30 21 50
106 39 51 36
106 42 3 35
106 43 13 43
106 45 25 147
106 51 1 89
106 55 7 284
106 58 43 84
106 70 58 266
107 14 19 69
107 18 22 156
107 25 2 48
107 26 44 55
107 31 10 54
107 34 55 94
107 41 38 122
107 55 49 65
107 58 13 84
107 61 34 18
107 62 16 248
107 66 27 229
107 68 51 278
107 73 7 6
107 74 46 153
108 5 52 27
108 10 16 279
108 31 44 228
108 45 55 147
108 54 37 102
108 57 32 188
108 58 4 217
108 60 50 202
108 62 1 2
108 63 19 116
108 64 13 128
108 65 25 63
108 74 28 153
108 77 9 152
108 80 7 283
109 6 45 171
109 7 19 121
109 13 25 220
109 14 10 132
109 16 53 38
109 19 23 186
109 38 31 114
109 40 1 77
109 43 56 118
109 50 5 11
109 61 43 47
109 65 7 204
109 68 38 278
109 76 49 125
109 80 16 283
110 5 32 205
110 9 23 84
110 15 5 66
110 16 47 38
110 22 25 196
110 31 37 54
110 34 40 177
110 37 55 138
110 43 7 43
110 45 19 147
110 47 13 245
110 54 1 180
110 64 28 128
110 68 49 109
110 69 43 112
111 10 9 53
111 14 39 132
111 15 17 66
111 17 32 16
111 18 1 179
111 24 4 131
111 25 13 184
111 35 25 285
111 37 57 290
111 46 37 130
111 51 28 298
111 54 43 102
111 57 19 188
111 62 50 67
111 65 34 63
112 4 28 271
112 10 22 279
112 13 13 163
112 15 19 66
112 17 4 68
112 32 56 236
112 34 16 177
112 36 45 290
112 38 49 80
112 40 7 77
112 41 58 212
112 62 38 2
112 64 1 128
112 74 31 153
112 80 43 247
113 4 46 271
113 6 7 158
113 10 25 53
113 13 13 82
113 14 5 132
113 30 37 110
113 33 31 160
113 35 16 81
113 37 56 218
113 39 20 185
113 42 2 98
113 51 9 134
113 54 39 59
113 57 50 174
113 58 28 84
114 10 13 117
114 11 16 282
114 33 56 160
114 34 46 94
114 41 34 212
114 43 26 43
114 56 8 45
114 60 37 60
114 65 43 204
114 68 49 162
114 69 19 206
114 73 31 6
114 75 39 111
114 76 1 69
114 80 53 283
115 2 11 246
115 13 49 82
115 30 5 281
115 33 37 165
115 34 8 177
115 43 1 118
115 53 52 34
115 57 19 207
115 62 31 67
115 63 26 143
115 64 35 282
115 68 43 278
115 76 55 125
115 77 15 251
116 5 49 100
116 8 17 175
116 11 44 217
116 15 1 195
116 20 27 151
116 21 3 40
116 25 37 294
116 28 14 127
116 29 7 151
116 35 20 119
116 39 56 191
116 50 25 79
116 60 41 202
116 74 34 97
116 80 9 247
117 3 27 268
117 8 35 93
117 11 31 93
117 14 51 132
117 22 37 224
117 28 1 252
117 35 40 119
117 51 10 298
117 52 4 143
117 58 20 84
117 68 43 273
117 71 47 118
117 76 55 140
117 77 13 203
117 80 23 247
118 5 43 233
118 11 22 183
118 17 29 68
118 22 1 224
118 28 13 26
118 31 16 54
118 42 9 98
118 45 39 270
118 52 49 78
118 55 53 65
118 56 31 227
118 66 37 229
118 67 4 30
118 72 57 170
118 74 25 97
119 2 2 246
119 12 44 140
119 21 55 126
119 26 10 55
119 27 59 242
119 36 37 234
119 38 25 91
119 45 31 277
119 48 13 144
119 49 4 273
119 53 7 275
119 54 20 59
119 55 17 44
119 61 15 47
119 63 49 21
120 4 13 198
120 5 43 196
120 18 19 179
120 21 32 272
120 22 22 196
120 25 1 294
120 26 16 50
120 34 10 136
120 51 5 298
120 53 49 167
120 59 7 51
120 60 25 60
120 63 27 21
120 66 37 190
120 77 39 152
121 7 15 121
121 12 7 240
121 16 19 38
121 22 25 215
121 24 37 146
121 27 11 230
121 28 28 252
121 30 13 110
121 31 40 14
121 34 58 177
121 39 1 191
121 47 31 15
121 52 49 52
121 61 21 47
121 77 43 203
122 2 33 199
122 6 59 171
122 8 1 93
122 9 29 73
122 13 13 220
122 19 31 186
122 23 37 299
122 28 43 17
122 39 55 36
122 40 3 166
122 54 25 180
122 61 20 18
122 64 23 282
122 66 7 190
122 68 9 278
123 6 41 171
123 7 19 9
123 10 13 279
123 15 5 195
123 24 34 105
123 25 44 291
123 32 29 241
123 39 25 185
123 54 1 223
123 55 23 284
123 57 37 207
123 59 8 42
123 67 50 30
123 75 56 31
123 78 31 139
124 1 1 88
124 2 31 246
124 4 25 271
124 6 19 171
124 7 37 211
124 12 45 240
124 20 4 264
124 39 13 238
124 41 21 212
124 53 56 275
124 61 17 47
124 65 28 204
124 71 34 249
124 77 49 203
124 79 8 178
125 2 26 199
125 4 28 198
125 9 55 73
125 21 37 40
125 35 16 285
125 39 1 238
125 41 46 212
125 42 9 35
125 46 33 130
125 51 35 298
125 52 13 193
125 59 22 51
125 67 19 296
125 71 31 244
125 77 49 6
126 1 8 228
126 2 37 199
126 4 52 198
126 5 1 205
126 6 25 171
126 16 15 38
126 18 20 229
126 24 4 146
126 25 55 294
126 33 27 74
126 35 49 81
126 42 13 98
126 69 44 206
126 77 39 203
126 80 59 247
127 15 1 66
127 19 37 128
127 23 49 299
127 34 34 134
127 37 39 107
127 38 43 114
127 51 55 298
127 53 31 275
127 54 27 59
127 55 59 65
127 60 4 60
127 68 19 250
127 69 7 39
127 75 13 111
127 80 47 283
128 3 13 221
128 6 55 171
128 8 26 93
128 15 53 99
128 17 1 16
128 25 33 294
128 26 57 55
128 27 31 242
128 28 19 252
128 31 46 54
128 51 5 134
128 60 29 202
128 61 3 18
128 65 7 63
128 71 11 118
129 21 7 83
129 22 28 215
129 34 3 177
129 35 34 33
129 37 37 92
129 40 13 77
129 47 57 57
129 51 1 172
129 56 19 289
129 57 44 207
129 60 52 202
129 64 50 128
129 66 11 141
129 70 25 157
129 73 31 87
130 6 49 171
130 7 51 72
130 16 37 38
130 17 21 68
130 24 55 131
130 31 1 54
130 35 14 119
130 54 32 59
130 57 8 99
130 65 28 63
130 67 4 296
130 74 25 153
130 76 43 125
130 77 39 251
131 2 8 137
131 5 15 100
131 14 56 241
131 22 46 215
131 26 13 55
131 37 37 22
131 41 4 212
131 47 20 265
131 49 32 200
131 53 28 275
131 57 50 207
131 58 43 42
131 62 10 248
131 70 1 15
131 73 25 280
132 15 5 100
132 22 7 224
132 24 10 146
132 27 53 188
132 31 22 14
132 34 13 94
132 38 44 258
132 43 55 124
132 44 1 237
132 51 3 134
132 54 25 13
132 55 16 65
132 59 19 42
132 63 31 21
132 75 49 53
133 2 40 199
133 9 21 135
133 11 16 183
133 12 55 148
133 14 4 241
133 17 32 68
133 18 49 179
133 29 29 165
133 34 1 136
133 39 25 191
133 46 23 264
133 57 7 188
133 62 34 2
133 67 13 30
133 77 44 152
134 4 58 198
134 11 1 282
134 20 7 28
134 26 4 55
134 28 28 20
134 33 37 74
134 41 55 212
134 53 25 34
134 54 9 59
134 62 13 2
134 63 19 21
134 75 33 154
134 76 44 161
134 77 49 251
135 2 1 137
135 12 3 148
135 15 25 32
135 36 7 290
135 39 32 191
135 41 21 122
135 42 19 35
135 46 17 264
135 47 13 57
135 53 43 34
135 54 51 180
135 58 58 84
135 61 28 47
135 76 38 161
135 78 11 139
136 10 40 117
136 13 37 163
136 14 25 132
136 17 34 16
136 25 1 184
136 27 23 242
136 29 14 151
136 38 19 258
136 40 49 77
136 44 27 113
136 49 7 273
136 55 45 65
136 68 56 71
136 71 5 244
136 74 10 97
137 4 55 271
137 5 39 196
137 10 16 53
137 18 13 156
137 21 31 40
137 25 3 95
137 27 53 242
137 30 59 110
137 34 19 177
137 36 25 260
137 37 43 135
137 45 49 277
137 51 37 298
137 65 10 204
137 74 7 97
138 16 7 38
138 17 19 16
138 24 34 285
138 30 25 110
138 31 4 54
138 35 1 119
138 36 43 234
138 46 55 130
138 53 31 34
138 63 21 137
138 66 14 190
138 68 27 109
138 70 10 266
138 71 53 251
139 2 13 199
139 3 37 268
139 8 33 175
139 10 28 53
139 11 4 282
139 14 19 241
139 26 53 55
139 33 49 74
139 44 45 113
139 45 15 147
139 57 57 188
139 59 1 258
139 60 7 60
139 73 9 87
139 77 21 203
140 3 1 209
140 8 13 175
140 10 8 46
140 24 37 246
140 27 22 230
140 30 57 110
140 42 15 35
140 48 59 133
140 49 43 239
140 60 11 202
140 63 50 137
140 64 32 128
140 67 25 296
140 73 19 160
140 78 28 287
141 5 33 100
141 7 25 211
141 15 10 32
141 16 49 38
141 23 21 4
141 28 1 26
141 32 17 236
141 36 13 290
141 43 37 124
141 44 29 113
141 52 7 71
141 59 4 51
141 65 58 286
141 77 44 6
141 78 19 125
142 1 19 88
142 11 22 217
142 21 37 126
142 26 34 55
142 30 7 110
142 32 1 236
142 36 50 234
142 37 55 292
142 38 9 91
142 50 41 11
142 58 31 101
142 70 16 157
142 76 43 243
142 77 3 203
142 79 26 167
143 9 47 135
143 11 55 183
143 14 58 132
143 17 50 16
143 18 26 179
143 28 4 252
143 30 41 110
143 34 1 94
143 35 37 81
143 39 13 36
143 50 17 11
143 52 52 52
143 69 43 87
143 70 20 266
143 73 34 280
144 4 10 198
144 5 55 100
144 6 3 171
144 23 45 197
144 24 22 246
144 27 1 49
144 28 7 127
144 29 5 165
144 31 58 54
144 32 33 236
144 34 25 94
144 52 19 143
144 57 14 207
144 69 49 39
144 71 29 122
145 22 10 196
145 27 39 242
145 28 31 252
145 30 51 281
145 32 53 236
145 41 7 122
145 45 21 277
145 47 1 57
145 60 44 202
145 66 16 190
145 69 55 206
145 71 19 122
145 74 13 97
145 76 25 243
145 80 37 283
146 19 38 186
146 21 27 40
146 27 25 242
146 29 23 253
146 36 44 244
146 38 7 40
146 39 31 214
146 40 2 120
146 45 56 270
146 47 50 57
146 59 40 51
146 63 13 21
146 71 17 118
146 72 35 170
146 76 19 243
147 7 43 72
147 8 5 175
147 11 58 183
147 15 7 66
147 21 50 272
147 26 1 105
147 31 34 54
147 42 26 98
147 43 13 124
147 48 28 133
147 51 3 89
147 59 10 51
147 65 37 286
147 73 22 87
147 74 19 97
148 21 33 126
148 26 23 55
148 29 9 253
148 35 45 285
148 39 13 185
148 42 5 98
148 46 11 130
148 48 37 133
148 56 39 227
148 59 25 258
148 62 28 213
148 63 49 116
148 66 31 229
148 70 20 157
148 79 1 73
149 1 31 88
149 7 50 121
149 11 58 93
149 17 37 68
149 20 1 211
149 23 43 157
149 37 3 138
149 39 7 191
149 41 13 263
149 50 11 79
149 56 25 227
149 66 35 124
149 73 19 87
149 74 39 97
149 80 55 247
150 5 22 270
150 9 11 73
150 11 37 282
150 12 32 10
150 16 17 38
150 21 50 40
150 22 43 215
150 26 9 105
150 30 1 281
150 55 3 284
150 57 13 174
150 61 7 18
150 64 25 282
150 66 57 190
150 72 47 88
151 2 28 199
151 4 16 271
151 12 19 10
151 16 26 38
151 20 13 28
151 39 50 238
151 42 37 35
151 45 44 277
151 46 11 264
151 53 58 34
151 56 7 289
151 59 4 258
151 61 56 18
151 66 34 190
151 78 31 125
152 11 13 217
152 14 23 241
152 19 27 186
152 26 31 55
152 34 43 94
152 37 33 233
152 48 7 144
152 52 58 52
152 53 1 34
152 57 49 99
152 58 16 217
152 61 10 18
152 69 37 232
152 73 4 160
152 75 19 31
153 4 37 198
153 20 26 237
153 23 55 101
153 28 7 20
153 31 10 14
153 46 44 130
153 49 46 139
153 51 15 298
153 54 49 59
153 65 28 286
153 71 17 5
153 74 40 153
153 76 1 243
153 77 19 152
153 79 32 178
154 24 4 292
154 25 21 294
154 27 37 242
154 32 25 236
154 33 8 259
154 43 50 118
154 44 19 113
154 45 43 123
154 50 32 11
154 52 1 193
154 53 28 34
154 58 40 42
154 67 34 296
154 68 13 278
154 74 55 97
155 2 19 221
155 11 1 183
155 26 4 105
155 27 21 242
155 30 16 281
155 32 7 236
155 35 52 119
155 41 10 212
155 44 23 113
155 50 32 79
155 63 45 116
155 66 25 229
155 74 28 97
155 75 37 31
155 79 57 73
156 2 4 297
156 9 49 84
156 14 31 132
156 21 19 40
156 26 59 55
156 28 1 127
156 30 27 110
156 31 51 287
156 32 25 241
156 37 33 292
156 44 13 237
156 45 15 270
156 63 38 21
156 77 55 203
156 79 8 167
157 2 1 199
157 3 13 209
157 6 19 281
157 7 7 72
157 8 41 175
157 27 11 49
157 34 22 177
157 38 55 114
157 47 45 265
157 57 25 207
157 60 17 202
157 63 31 116
157 65 4 63
157 76 49 161
157 79 37 73
158 1 27 228
158 18 1 229
158 19 52 186
158 26 55 68
158 28 45 252
158 33 31 245
158 38 7 109
158 41 16 80
158 45 57 277
158 46 11 172
158 49 13 273
158 58 49 42
158 59 4 42
158 69 39 39
158 75 20 111
159 1 37 228
159 5 7 233
159 18 26 156
159 22 49 215
159 31 19 287
159 37 57 135
159 39 31 185
159 48 5 133
159 49 22 273
159 50 43 79
159 52 40 52
159 54 45 223
159 68 1 278
159 72 52 170
159 76 14 243
160 11 52 183
160 19 35 128
160 21 14 40
160 30 11 110
160 43 25 44
160 46 7 130
160 59 32 51
160 65 40 286
160 67 44 296
160 71 56 249
160 72 29 170
160 75 1 31
160 78 37 287
160 79 19 167
160 80 9 283
161 7 1 9
161 14 41 132
161 17 45 16
161 21 19 126
161 22 34 215
161 31 49 54
161 32 32 241
161 39 37 36
161 55 5 65
161 56 26 45
161 59 13 258
161 74 16 97
161 75 7 31
161 77 55 201
161 78 43 287
162 3 43 268
162 17 13 16
162 18 10 229
162 23 39 197
162 29 3 151
162 31 7 287
162 37 50 292
162 40 32 166
162 48 1 133
162 58 22 42
162 60 37 202
162 71 29 118
162 72 58 88
162 79 25 178
162 80 17 247
163 4 49 198
163 7 27 121
163 17 23 68
163 18 1 156
163 21 33 37
163 34 38 94
163 39 19 36
163 48 16 144
163 49 46 200
163 57 7 207
163 65 13 63
163 71 4 249
163 72 44 170
163 76 55 69
163 80 25 283
164 13 28 163
164 14 13 241
164 20 16 211
164 28 37 252
164 29 1 165
164 31 49 14
164 43 45 78
164 46 23 130
164 52 52 78
164 53 25 275
164 57 3 188
164 68 55 278
164 69 19 39
164 71 10 251
164 74 7 153
165 2 46 199
165 10 55 53
165 17 8 68
165 21 13 272
165 26 1 55
165 28 31 127
165 29 11 253
165 37 3 233
165 43 26 124
165 47 19 158
165 53 43 297
165 56 37 289
165 64 53 282
165 65 34 204
165 80 49 283
166 1 16 67
166 2 31 199
166 17 43 16
166 24 13 105
166 25 27 48
166 27 51 242
166 28 10 26
166 41 7 212
166 48 4 144
166 51 20 298
166 63 33 137
166 66 53 190
166 72 47 170
166 78 37 284
167 2 57 199
167 3 33 268
167 5 28 205
167 12 50 10
167 14 13 132
167 17 26 16
167 23 7 4
167 38 19 91
167 42 31 98
167 52 1 71
167 58 16 101
167 71 23 118
167 72 43 88
167 74 4 97
167 79 37 178
168 10 37 279
168 12 21 148
168 22 13 196
168 24 58 285
168 28 4 127
168 29 9 165
168 31 55 54
168 33 32 74
168 35 49 119
168 36 44 260
168 41 1 263
168 51 16 172
168 54 26 223
168 64 19 282
169 2 17 70
169 11 19 183
169 15 9 66
169 18 4 229
169 23 44 299
169 25 13 48
169 34 55 177
169 37 32 92
169 44 2 113
169 49 28 273
169 51 51 298
169 55 25 65
169 61 11 47
169 69 37 87
169 74 22 153
170 3 38 285
170 4 7 218
170 5 49 196
170 8 11 175
170 11 46 183
170 15 23 195
170 18 13 229
170 24 2 126
170 33 25 160
170 38 55 91
170 52 20 29
170 61 31 47
170 69 33 112
170 73 16 87
170 78 59 284
171 1 19 67
171 5 45 100
171 13 58 163
171 24 16 131
171 25 51 294
171 32 9 236
171 40 25 120
171 42 33 35
171 52 1 143
171 53 39 34
171 55 35 65
171 61 13 18
171 62 4 213
171 70 55 266
171 71 7 5
172 12 44 148
172 17 23 16
172 25 14 291
172 33 37 259
172 39 7 214
172 42 59 35
172 43 1 124
172 44 25 113
172 47 19 245
172 49 34 239
172 71 41 122
172 73 31 280
172 74 52 97
172 76 55 210
172 77 27 103
173 4 50 271
173 8 43 175
173 10 40 279
173 14 7 132
173 25 32 291
173 30 55 110
173 37 19 292
173 46 25 130
173 47 45 15
173 50 9 11
173 57 1 99
173 59 16 42
173 61 23 18
173 70 13 266
173 80 5 247
174 1 52 228
174 4 1 271
174 11 32 183
174 28 10 252
174 37 20 107
174 40 43 166
174 41 4 80
174 42 17 35
174 50 28 11
174 54 57 180
174 56 13 289
174 70 25 266
174 71 7 249
174 72 50 170
174 75 38 154
175 4 10 271
175 23 19 197
175 24 7 126
175 31 16 14
175 35 26 81
175 41 1 122
175 57 33 207
175 58 46 42
175 60 31 60
175 64 4 128
175 66 29 229
175 67 40 296
175 74 43 97
175 75 50 31
175 76 55 226
176 3 55 209
176 4 7 198
176 8 3 175
176 11 13 183
176 16 40 60
176 19 10 182
176 26 17 55
176 38 45 80
176 40 19 77
176 41 34 122
176 46 1 130
176 50 28 79
176 69 49 112
176 70 31 266
176 72 5 263
177 2 59 199
177 5 7 205
177 8 10 93
177 10 31 279
177 24 28 146
177 26 51 55
177 27 35 49
177 28 25 20
177 38 37 91
177 42 13 35
177 46 19 130
177 57 44 99
177 63 15 116
177 68 21 71
177 69 1 112
178 9 53 135
178 12 32 148
178 15 37 32
178 17 57 16
178 19 14 186
178 32 5 208
178 39 25 214
178 42 22 98
178 44 43 113
178 45 1 270
178 53 40 167
178 57 8 174
178 67 19 30
178 73 16 280
178 75 45 111
179 3 55 268
179 14 19 132
179 20 29 151
179 27 1 242
179 30 11 265
179 32 21 236
179 41 49 212
179 45 7 147
179 48 34 144
179 49 16 239
179 52 25 52
179 55 43 65
179 59 52 51
179 60 3 202
179 65 13 204
180 9 23 73
180 17 16 16
180 21 55 224
180 23 3 299
180 32 35 236
180 34 8 94
180 45 26 123
180 46 39 113
180 51 37 89
180 52 19 52
180 55 1 65
180 61 46 18
180 62 13 213
180 68 50 71
180 76 31 243
181 1 16 88
181 3 27 221
181 6 33 171
181 7 56 72
181 13 4 220
181 14 11 69
181 21 43 83
181 35 22 81
181 48 47 133
181 54 7 223
181 55 14 284
181 57 38 99
181 58 1 217
181 59 19 136
181 76 50 243
182 12 38 148
182 25 7 48
182 29 45 165
182 44 47 113
182 46 35 130
182 47 50 15
182 50 1 79
182 51 59 298
182 56 19 227
182 57 55 99
182 65 25 204
182 66 3 190
182 68 13 250
182 72 28 88
182 75 31 31
183 8 1 175
183 9 35 73
183 10 52 46
183 12 37 245
183 13 32 163
183 21 3 272
183 23 7 197
183 25 19 184
183 35 28 285
183 47 57 134
183 48 11 144
183 50 15 79
183 58 44 101
183 60 55 202
183 70 49 263
184 3 33 27
184 7 21 22
184 8 15 93
184 24 56 105
184 34 28 94
184 35 43 81
184 38 49 258
184 40 39 166
184 45 7 277
184 46 13 130
184 57 1 174
184 60 19 202
184 66 25 190
184 78 46 287
184 80 31 247
185 5 26 100
185 19 29 186
185 34 52 94
185 40 15 166
185 50 13 11
185 51 1 134
185 52 4 29
185 54 55 223
185 56 44 289
185 61 8 47
185 62 22 213
185 65 19 286
185 69 33 232
185 71 10 244
185 78 40 139
186 3 7 221
186 4 40 198
186 5 22 100
186 8 35 175
186 10 19 279
186 12 25 140
186 16 29 195
186 23 31 197
186 28 43 26
186 29 13 253
186 33 15 259
186 54 51 13
186 55 37 65
186 58 4 101
186 62 58 213
187 2 27 49
187 8 53 175
187 9 1 135
187 11 7 282
187 17 25 68
187 27 33 242
187 29 5 151
187 46 19 264
187 48 3 133
187 51 17 298
187 53 50 275
187 59 58 51
187 69 13 112
187 78 45 284
187 80 38 247
188 8 39 175
188 12 55 10
188 13 49 163
188 15 11 66
188 16 29 200
188 25 43 294
188 28 16 20
188 34 33 94
188 40 21 218
188 47 2 245
188 49 13 239
188 51 27 172
188 60 19 220
188 63 7 21
188 70 52 266
189 6 15 52
189 8 59 175
189 10 1 53
189 15 23 99
189 17 13 68
189 18 4 179
189 27 56 242
189 28 31 17
189 39 9 36
189 41 26 122
189 44 7 113
189 49 37 200
189 71 35 118
189 74 19 153
189 78 40 284
190 2 11 199
190 12 13 140
190 14 22 132
190 21 27 126
190 22 58 215
190 26 55 55
190 30 39 110
190 32 4 236
190 39 43 36
190 52 1 78
190 62 19 248
190 71 25 5
190 73 8 280
190 75 32 222
190 80 53 247
191 13 34 82
191 31 40 54
191 35 31 119
191 39 1 36
191 42 43 35
191 43 19 44
191 54 7 13
191 56 27 289
191 66 23 229
191 68 56 109
191 72 15 170
191 73 46 280
191 78 53 284
191 79 49 73
191 80 13 247
192 1 34 228
192 3 26 253
192 14 17 132
192 16 31 38
192 23 55 197
192 30 41 265
192 33 43 74
192 38 3 109
192 54 13 59
192 55 23 65
192 56 51 45
192 57 19 99
192 63 37 137
192 79 7 73
193 2 35 199
193 34 37 177
193 39 20 214
193 42 26 35
193 43 31 43
193 46 49 130
193 47 1 158
193 52 40 78
193 53 10 34
193 54 51 102
193 58 7 217
193 73 28 87
193 74 15 153
193 75 43 154
193 76 55 161
194 6 5 171
194 9 55 84
194 11 49 217
194 12 37 10
194 19 57 186
194 27 7 242
194 30 53 110
194 34 32 177
194 36 26 290
194 39 13 214
194 43 20 124
194 63 43 137
194 69 1 39
194 77 9 203
194 78 47 284
195 7 31 22
195 8 47 93
195 9 29 135
195 12 49 240
195 18 10 179
195 35 7 285
195 40 25 166
195 45 15 277
195 54 43 180
195 60 57 202
195 63 19 19
195 68 37 109
195 71 55 122
195 75 2 111
195 80 13 283
196 10 16 117
196 11 13 32
196 12 1 240
196 27 5 242
196 28 49 127
196 40 37 218
196 43 7 124
196 48 52 133
196 56 20 45
196 57 31 99
196 59 26 51
196 60 47 202
196 64 29 282
196 70 44 266
196 78 11 125
197 1 31 228
197 23 49 157
197 27 29 49
197 36 13 234
197 39 56 185
197 40 43 77
197 43 7 78
197 51 1 298
197 53 34 34
197 56 3 289
197 60 23 60
197 63 25 164
197 76 38 243
197 79 19 178
197 80 47 247
198 14 55 132
198 15 11 195
198 18 13 179
198 19 16 186
198 24 1 131
198 30 4 265
198 36 19 260
198 37 25 292
198 50 44 11
198 62 31 117
198 66 49 190
198 69 7 232
198 74 58 97
198 75 51 154
198 77 37 6
199 1 22 228
199 5 2 100
199 8 7 93
199 9 31 135
199 22 38 215
199 27 41 242
199 30 9 110
199 33 57 165
199 39 44 214
199 48 33 133
199 49 19 239
199 52 28 52
199 53 52 167
199 59 14 51
199 60 25 202
200 6 43 171
200 8 49 175
200 12 37 240
200 19 25 128
200 24 45 131
200 27 27 242
200 39 13 191
200 45 33 147
200 53 19 34
200 58 4 84
200 65 22 204
200 67 9 296
200 69 56 87
200 71 17 244
200 80 31 283
Điểm tối ưu: 2989
Thời gian: 360.066668 giây
Trạng thái: VALID
