2985
1 1 56 72
1 5 29 251
1 10 47 206
1 13 1 184
1 29 15 64
1 35 49 113
1 38 22 37
1 43 5 24
1 57 34 266
1 62 43 133
1 67 19 178
1 68 40 57
1 72 25 65
1 74 8 88
1 79 17 160
2 1 15 72
2 10 13 18
2 12 27 183
2 14 25 23
2 19 53 89
2 22 41 34
2 33 44 292
2 37 7 181
2 40 33 171
2 45 19 27
2 50 1 225
2 51 38 172
2 57 55 270
2 77 50 192
2 78 22 25
3 10 40 35
3 14 32 23
3 17 19 66
3 25 35 270
3 32 14 137
3 36 55 295
3 38 4 37
3 47 26 140
3 57 21 97
3 60 43 206
3 67 1 178
3 68 37 218
3 70 10 153
3 72 57 59
3 77 52 77
4 14 4 23
4 15 11 217
4 19 38 89
4 22 49 107
4 24 34 203
4 27 13 191
4 41 28 80
4 42 1 243
4 43 23 24
4 51 43 231
4 59 7 108
4 60 19 118
4 66 17 180
4 78 31 25
4 80 25 193
5 2 23 128
5 5 11 54
5 14 13 23
5 21 3 208
5 28 38 109
5 32 43 87
5 38 34 37
5 39 16 141
5 42 1 276
5 51 55 231
5 61 26 237
5 64 19 152
5 69 49 276
5 70 58 151
5 74 7 167
6 4 37 168
6 6 34 43
6 10 41 206
6 18 25 19
6 24 31 91
6 27 15 15
6 37 43 66
6 43 11 24
6 54 19 244
6 55 1 170
6 63 23 113
6 64 55 35
6 69 7 276
6 76 49 120
6 79 29 242
7 2 51 128
7 5 49 54
7 15 53 57
7 19 58 89
7 20 37 50
7 28 43 85
7 46 29 172
7 52 4 136
7 60 31 240
7 61 13 173
7 62 8 291
7 64 25 275
7 67 17 178
7 69 19 160
7 70 1 151
8 7 14 189
8 9 35 196
8 15 41 233
8 21 37 269
8 22 43 34
8 24 28 203
8 33 7 31
8 39 4 233
8 41 2 253
8 64 20 275
8 65 31 188
8 67 53 178
8 68 25 113
8 72 45 65
8 73 56 250
9 1 31 72
9 11 3 168
9 18 14 251
9 19 19 287
9 24 25 203
9 26 55 293
9 28 7 85
9 31 49 30
9 36 59 295
9 43 1 132
9 55 37 220
9 63 11 197
9 67 35 178
9 69 44 276
9 79 53 242
10 4 49 168
10 8 34 99
10 17 7 66
10 41 46 80
10 42 53 243
10 49 13 60
10 50 3 225
10 54 23 235
10 56 31 7
10 57 26 97
10 61 9 61
10 62 56 291
10 65 19 176
10 72 37 283
10 80 41 142
11 3 14 96
11 11 5 288
11 12 37 183
11 21 7 22
11 24 51 124
11 30 19 277
11 33 1 31
11 43 59 24
11 52 43 197
11 58 25 16
11 69 55 276
11 71 23 12
11 75 46 76
11 79 34 242
11 80 31 18
12 4 55 168
12 8 13 11
12 13 3 116
12 19 1 287
12 32 32 222
12 33 7 48
12 36 49 295
12 39 51 233
12 40 37 156
12 42 46 243
12 52 16 61
12 53 25 256
12 55 19 263
12 77 43 106
13 3 31 162
13 7 19 239
13 8 39 99
13 20 26 123
13 22 55 34
13 33 43 31
13 34 9 265
13 42 35 243
13 44 11 44
13 46 53 200
13 50 15 3
13 51 49 294
13 52 57 197
13 59 1 154
13 79 7 242
14 9 25 196
14 10 2 206
14 18 56 251
14 26 7 293
14 27 27 86
14 32 45 222
14 41 5 93
14 50 13 225
14 54 35 192
14 58 52 16
14 66 43 267
14 70 49 151
14 74 31 3
14 77 15 77
14 79 11 160
15 3 19 96
15 7 49 47
15 14 11 23
15 19 5 287
15 22 13 34
15 34 35 265
15 42 58 243
15 43 9 24
15 45 16 289
15 49 38 163
15 55 27 170
15 74 31 227
15 75 55 76
15 77 45 192
15 78 2 5
16 1 13 103
16 4 49 174
16 6 22 205
16 15 1 204
16 20 44 239
16 30 3 196
16 37 31 226
16 48 28 125
16 56 40 177
16 57 55 266
16 58 37 16
16 68 25 218
16 73 7 236
16 78 19 240
17 3 1 32
17 4 37 136
17 5 41 54
17 10 11 18
17 18 50 19
17 23 55 101
17 33 14 26
17 40 31 156
17 41 5 253
17 49 19 60
17 55 25 263
17 59 34 154
17 61 7 42
17 62 58 133
17 74 43 88
18 6 4 43
18 9 13 93
18 10 10 35
18 27 19 86
18 28 25 145
18 31 31 193
18 34 47 245
18 35 16 297
18 45 40 102
18 56 37 177
18 63 35 195
18 70 1 33
18 76 58 46
18 77 7 192
18 80 45 18
19 2 29 100
19 3 49 96
19 13 43 257
19 23 37 101
19 24 58 203
19 28 1 100
19 41 22 120
19 51 8 294
19 53 25 135
19 57 13 119
19 58 16 16
19 59 34 108
19 66 31 267
19 75 55 8
19 78 19 5
20 9 5 241
20 12 50 52
20 13 7 184
20 23 58 120
20 24 40 203
20 26 37 175
20 27 13 258
20 37 21 66
20 38 33 128
20 42 19 129
20 51 28 231
20 55 1 207
20 64 45 35
20 66 43 180
20 75 25 154
21 9 53 196
21 22 19 34
21 30 1 277
21 38 31 37
21 43 51 24
21 45 37 289
21 48 10 125
21 52 40 61
21 57 34 271
21 59 16 154
21 62 22 133
21 69 44 235
21 74 26 3
21 76 56 6
21 77 13 150
22 4 8 259
22 7 1 239
22 10 5 206
22 13 19 274
22 19 23 89
22 25 37 270
22 36 31 293
22 38 44 225
22 39 55 141
22 45 40 27
22 48 33 125
22 49 49 163
22 50 17 3
22 56 13 283
22 69 25 276
23 3 57 96
23 4 13 259
23 14 11 149
23 15 43 217
23 18 45 19
23 19 55 89
23 27 31 71
23 30 7 298
23 37 19 226
23 45 28 289
23 52 1 147
23 63 23 226
23 72 49 92
23 77 38 150
23 78 4 25
24 2 53 128
24 4 55 174
24 13 43 184
24 14 2 23
24 24 7 203
24 53 26 122
24 54 17 50
24 57 19 271
24 58 22 16
24 61 31 298
24 62 10 133
24 69 49 235
24 73 37 248
24 76 4 105
24 78 14 25
25 13 43 274
25 17 7 200
25 20 19 64
25 30 9 277
25 32 38 9
25 38 4 128
25 44 31 44
25 45 13 289
25 53 27 296
25 58 16 213
25 62 1 291
25 63 33 197
25 66 25 267
25 69 49 195
25 80 35 142
26 7 1 254
26 10 29 18
26 15 39 233
26 21 43 146
26 35 13 297
26 36 37 295
26 40 7 171
26 41 5 80
26 42 32 243
26 46 10 172
26 50 23 225
26 54 35 117
26 64 56 152
26 73 25 236
26 76 20 46
27 6 28 43
27 8 38 119
27 12 44 52
27 14 9 23
27 24 49 91
27 26 34 293
27 38 52 225
27 45 15 102
27 49 19 163
27 51 31 231
27 52 4 78
27 55 55 257
27 67 11 178
27 68 1 218
27 70 25 292
28 7 51 198
28 14 57 23
28 15 28 217
28 19 21 287
28 31 7 148
28 32 43 9
28 40 13 171
28 42 17 276
28 49 32 285
28 59 37 108
28 63 5 15
28 66 59 267
28 70 2 123
28 75 25 257
28 80 49 18
29 3 37 162
29 7 19 47
29 14 23 23
29 15 41 217
29 24 28 258
29 27 7 15
29 28 1 109
29 33 43 26
29 42 47 288
29 46 17 274
29 56 25 7
29 61 13 42
29 64 55 275
29 74 50 227
29 78 34 5
30 1 55 103
30 5 52 54
30 15 23 233
30 21 31 22
30 28 37 85
30 30 19 298
30 31 1 30
30 32 25 222
30 37 13 135
30 43 43 24
30 53 45 122
30 62 7 133
30 66 5 292
30 71 50 12
30 77 10 71
31 1 1 72
31 9 55 245
31 16 44 185
31 19 40 89
31 20 13 82
31 25 7 270
31 45 31 102
31 54 53 244
31 55 49 220
31 57 28 266
31 59 25 108
31 64 9 275
31 71 34 12
31 73 21 248
31 78 57 25
32 13 31 274
32 26 19 175
32 27 45 34
32 29 4 250
32 34 41 245
32 38 7 128
32 39 52 141
32 40 49 25
32 49 55 285
32 51 22 1
32 60 37 234
32 74 26 227
32 77 1 150
32 78 10 25
32 79 15 242
33 8 10 99
33 10 19 35
33 14 53 23
33 20 21 123
33 21 32 269
33 22 16 34
33 41 25 80
33 43 41 24
33 44 29 44
33 49 2 163
33 51 58 231
33 58 7 16
33 68 13 113
33 73 43 98
33 76 37 105
34 3 7 162
34 8 19 99
34 12 1 256
34 17 29 200
34 25 5 270
34 29 43 250
34 33 25 26
34 41 11 120
34 49 45 190
34 53 50 296
34 62 16 291
34 69 31 160
34 70 22 33
34 74 37 3
34 79 13 242
35 1 51 72
35 7 7 254
35 15 49 57
35 17 11 200
35 19 28 89
35 20 43 150
35 28 32 109
35 29 2 64
35 36 26 295
35 39 22 141
35 41 19 80
35 44 4 44
35 60 38 240
35 73 14 98
35 75 55 115
36 6 57 43
36 20 9 136
36 26 16 177
36 31 51 148
36 33 31 28
36 41 49 80
36 42 7 243
36 45 25 27
36 46 41 62
36 48 1 125
36 63 13 244
36 66 45 180
36 72 37 66
36 77 22 77
36 78 4 240
37 8 7 230
37 15 20 233
37 27 31 34
37 32 2 252
37 40 22 171
37 44 47 11
37 45 28 27
37 46 37 62
37 51 10 231
37 58 58 16
37 60 14 81
37 64 39 280
37 72 50 51
37 73 43 124
37 80 35 13
38 6 22 43
38 18 31 200
38 21 27 146
38 24 46 91
38 32 13 252
38 35 58 113
38 36 51 295
38 39 43 141
38 41 7 120
38 42 3 288
38 52 55 46
38 63 17 226
38 66 11 180
38 75 19 68
38 80 1 142
39 1 49 244
39 7 25 47
39 13 57 271
39 28 20 85
39 33 37 31
39 36 41 293
39 39 43 233
39 40 10 171
39 44 55 44
39 49 13 285
39 57 7 266
39 58 31 16
39 64 2 275
39 65 34 188
39 76 46 105
40 1 37 103
40 2 34 76
40 8 31 99
40 12 56 256
40 27 45 86
40 28 19 145
40 41 9 120
40 44 14 44
40 58 52 213
40 66 29 180
40 67 43 129
40 68 16 57
40 72 2 165
40 74 25 88
40 76 49 6
41 9 59 245
41 15 35 204
41 21 38 208
41 24 20 203
41 25 15 270
41 26 43 175
41 36 57 295
41 37 25 66
41 40 46 25
41 46 49 62
41 52 1 78
41 58 31 213
41 66 10 267
41 77 7 77
41 80 13 142
42 4 55 214
42 8 34 11
42 12 43 204
42 16 37 164
42 29 41 170
42 30 1 298
42 35 25 287
42 37 9 66
42 44 16 44
42 45 20 102
42 52 49 176
42 66 32 180
42 67 47 178
42 70 28 151
42 75 52 76
43 8 55 99
43 17 14 50
43 18 49 200
43 21 45 208
43 29 53 170
43 36 26 293
43 44 43 44
43 46 34 62
43 49 1 285
43 56 16 132
43 58 7 213
43 63 41 226
43 66 37 267
43 68 10 113
43 69 20 195
44 2 3 76
44 11 1 168
44 12 37 256
44 15 43 57
44 28 13 145
44 32 31 87
44 33 19 31
44 34 45 245
44 35 55 297
44 44 49 44
44 45 25 102
44 48 51 125
44 49 8 190
44 50 23 3
44 75 28 115
45 3 20 162
45 10 1 35
45 12 38 52
45 16 14 164
45 18 31 111
45 20 9 64
45 24 46 253
45 26 3 110
45 27 49 280
45 31 55 148
45 34 53 265
45 42 35 288
45 46 59 200
45 49 25 269
45 68 43 113
46 2 5 76
46 7 1 47
46 8 46 99
46 9 37 99
46 11 31 168
46 13 39 154
46 27 49 191
46 33 8 26
46 48 28 149
46 57 25 266
46 58 43 213
46 66 19 180
46 68 13 214
46 72 21 283
46 75 16 76
47 2 47 100
47 5 23 54
47 12 38 204
47 25 29 270
47 29 13 250
47 38 43 128
47 41 3 80
47 49 8 163
47 56 31 132
47 58 34 205
47 63 5 226
47 65 26 176
47 66 52 267
47 73 15 217
47 78 19 25
48 2 39 128
48 5 25 54
48 9 51 245
48 12 14 183
48 13 43 137
48 14 37 23
48 30 55 196
48 34 21 265
48 41 19 120
48 45 1 289
48 50 9 225
48 58 4 16
48 63 7 244
48 72 32 58
48 79 27 242
49 5 3 157
49 8 21 119
49 18 25 36
49 20 49 82
49 28 55 100
49 38 37 37
49 39 16 233
49 40 43 25
49 44 35 44
49 57 10 271
49 59 46 108
49 66 14 267
49 69 31 195
49 71 53 12
49 78 7 25
50 4 49 265
50 5 37 54
50 15 25 217
50 31 27 193
50 39 1 233
50 52 39 78
50 54 33 192
50 55 19 220
50 56 55 132
50 58 46 213
50 63 10 244
50 68 58 218
50 76 7 105
50 78 14 5
50 79 23 242
51 1 49 1
51 8 25 99
51 20 31 42
51 21 57 22
51 29 35 170
51 40 19 171
51 41 23 80
51 42 13 243
51 47 8 140
51 61 39 173
51 62 28 6
51 63 53 195
51 64 44 280
51 66 16 267
51 73 1 93
52 11 23 168
52 33 13 31
52 38 55 225
52 41 11 80
52 49 43 285
52 51 39 231
52 55 19 207
52 56 49 132
52 57 58 266
52 60 25 234
52 65 8 188
52 66 17 110
52 73 1 217
52 78 31 172
52 80 47 193
53 4 25 259
53 7 2 189
53 8 22 11
53 9 53 99
53 10 51 206
53 15 13 217
53 42 59 276
53 55 37 170
53 56 44 177
53 62 55 133
53 66 15 180
53 68 10 218
53 69 31 276
53 75 7 8
53 76 19 105
54 7 25 198
54 8 10 119
54 9 23 240
54 20 50 50
54 22 29 34
54 23 34 101
54 46 4 274
54 50 21 225
54 52 40 147
54 54 31 45
54 65 16 188
54 66 13 180
54 67 45 178
54 68 7 57
54 77 37 77
55 2 35 100
55 5 19 54
55 6 44 43
55 10 25 206
55 12 7 183
55 21 49 269
55 26 37 293
55 27 31 86
55 44 41 44
55 52 55 78
55 54 27 244
55 55 1 263
55 73 21 124
55 76 14 46
55 79 17 242
56 1 39 72
56 3 13 162
56 8 28 99
56 9 17 240
56 15 55 233
56 22 37 34
56 26 10 175
56 32 19 222
56 46 26 62
56 53 57 56
56 54 5 104
56 55 49 170
56 65 45 176
56 73 32 124
56 74 1 227
57 4 15 237
57 12 3 204
57 28 37 100
57 33 31 31
57 36 28 295
57 37 20 181
57 38 7 129
57 41 13 80
57 47 55 91
57 50 1 3
57 52 46 61
57 57 43 271
57 67 25 178
57 72 50 14
58 2 37 128
58 3 31 13
58 5 23 251
58 19 46 89
58 28 57 109
58 30 27 262
58 31 7 21
58 34 5 245
58 35 40 96
58 37 1 181
58 44 51 44
58 62 19 133
58 64 13 275
58 66 25 180
58 67 43 178
59 9 29 93
59 29 23 250
59 31 43 148
59 36 20 295
59 41 25 120
59 53 14 263
59 56 49 7
59 60 7 83
59 61 2 257
59 63 27 197
59 66 37 180
59 68 52 218
59 69 39 195
59 72 32 153
59 74 55 227
60 4 43 174
60 5 1 251
60 6 49 111
60 13 19 184
60 22 28 107
60 27 38 191
60 28 31 100
60 42 11 276
60 51 4 231
60 59 16 108
60 62 25 291
60 65 52 176
60 67 7 178
60 70 13 153
60 73 55 236
61 3 49 162
61 14 27 23
61 15 5 217
61 18 37 251
61 29 7 250
61 30 55 277
61 35 46 297
61 41 1 143
61 42 3 243
61 52 43 46
61 63 53 226
61 64 13 152
61 66 34 267
61 73 19 236
61 78 10 5
62 2 49 76
62 10 23 18
62 23 51 80
62 29 25 250
62 31 37 106
62 33 7 28
62 37 43 123
62 40 4 171
62 43 17 27
62 44 29 11
62 52 55 61
62 57 58 270
62 62 14 133
62 64 31 142
62 69 19 276
63 14 39 23
63 20 1 82
63 32 13 222
63 38 46 37
63 42 37 288
63 46 23 274
63 47 19 75
63 52 25 78
63 55 33 207
63 56 43 132
63 57 55 97
63 63 59 226
63 72 7 65
63 74 50 88
63 76 28 46
64 4 39 265
64 9 37 196
64 17 2 50
64 22 47 107
64 29 29 250
64 41 15 80
64 46 27 200
64 53 21 122
64 54 55 45
64 59 10 154
64 64 57 142
64 65 7 231
64 69 43 160
64 70 31 151
64 76 4 6
65 5 3 54
65 11 43 109
65 13 26 118
65 18 9 111
65 21 55 146
65 23 20 101
65 26 49 167
65 32 13 87
65 34 1 265
65 35 34 113
65 42 53 276
65 43 31 24
65 71 7 263
65 77 40 77
65 80 5 193
66 7 31 239
66 12 49 204
66 35 40 104
66 42 59 288
66 48 25 125
66 54 11 235
66 57 37 97
66 60 7 206
66 61 44 173
66 65 1 176
66 67 28 178
66 69 14 235
66 70 4 33
66 71 56 12
66 72 21 179
67 10 35 18
67 16 25 164
67 17 5 197
67 18 44 200
67 23 16 101
67 32 37 87
67 38 10 129
67 39 7 115
67 48 49 149
67 51 13 294
67 53 1 56
67 59 22 108
67 62 32 291
67 77 19 77
67 78 56 5
68 9 59 196
68 18 9 36
68 19 1 89
68 22 40 107
68 32 19 9
68 33 50 26
68 35 37 297
68 41 15 120
68 44 7 44
68 45 4 289
68 47 43 202
68 58 34 213
68 63 13 15
68 64 25 152
68 69 55 160
69 5 5 157
69 6 7 205
69 12 1 183
69 17 11 69
69 23 34 80
69 36 16 295
69 46 13 274
69 48 55 180
69 52 28 78
69 54 25 244
69 61 21 257
69 62 40 291
69 63 19 197
69 67 58 178
69 75 31 154
70 7 33 198
70 12 1 52
70 15 46 57
70 28 25 85
70 32 7 222
70 33 19 161
70 34 31 265
70 39 40 141
70 47 57 202
70 59 37 125
70 67 23 47
70 69 13 160
70 75 49 115
70 76 43 105
70 78 52 25
71 1 31 232
71 4 51 104
71 6 25 205
71 10 49 206
71 13 39 274
71 15 17 204
71 21 44 269
71 27 7 280
71 36 22 295
71 39 19 278
71 41 11 93
71 54 59 45
71 59 13 108
71 69 55 248
71 73 1 124
72 3 37 32
72 9 57 245
72 11 10 288
72 19 8 287
72 37 31 66
72 39 2 115
72 41 13 120
72 42 5 243
72 48 46 125
72 53 49 181
72 54 59 225
72 65 25 188
72 67 15 178
72 71 21 12
72 80 35 193
73 1 25 103
73 5 9 54
73 7 14 198
73 10 5 35
73 14 21 23
73 23 37 80
73 24 2 91
73 26 45 293
73 36 19 293
73 37 55 226
73 51 40 294
73 54 29 45
73 58 34 16
73 79 11 242
73 80 7 193
74 3 56 13
74 6 13 43
74 10 31 35
74 15 33 217
74 17 9 50
74 24 16 91
74 30 44 196
74 32 49 222
74 33 20 28
74 46 7 62
74 47 1 140
74 50 29 225
74 63 35 226
74 71 39 12
74 74 25 177
75 5 13 54
75 8 2 119
75 17 15 69
75 21 20 22
75 22 25 34
75 27 27 191
75 28 7 100
75 32 55 222
75 38 52 37
75 50 11 3
75 54 38 192
75 58 40 16
75 59 43 154
75 75 49 154
75 80 59 193
76 1 9 72
76 32 1 137
76 38 16 37
76 45 45 27
76 50 19 225
76 52 52 197
76 58 13 205
76 63 7 275
76 65 21 188
76 66 39 267
76 71 5 258
76 75 28 76
76 76 31 46
76 78 49 5
76 79 57 242
77 7 55 198
77 25 11 294
77 26 25 110
77 27 20 191
77 31 1 86
77 33 14 292
77 34 59 265
77 41 35 253
77 45 44 289
77 60 37 264
77 68 28 113
77 72 49 58
77 74 7 227
77 77 32 150
77 80 53 297
78 3 8 96
78 17 13 197
78 24 15 117
78 35 34 297
78 41 32 80
78 42 49 288
78 43 19 24
78 46 39 62
78 48 21 149
78 49 43 163
78 63 37 244
78 65 4 188
78 72 25 153
78 78 1 172
78 80 51 18
79 7 44 47
79 10 22 35
79 15 35 217
79 26 16 175
79 29 59 66
79 32 49 87
79 33 26 31
79 37 1 58
79 41 5 120
79 44 20 44
79 45 32 289
79 55 8 257
79 73 55 98
79 75 13 76
79 77 40 192
80 2 3 214
80 14 43 23
80 38 10 128
80 39 58 141
80 49 25 285
80 51 55 172
80 52 19 189
80 63 1 244
80 66 22 267
80 69 13 276
80 70 34 151
80 71 45 12
80 74 38 88
80 76 50 105
80 78 31 5
81 2 59 76
81 3 25 13
81 8 3 11
81 10 17 18
81 15 37 233
81 18 50 251
81 23 31 101
81 25 1 270
81 40 46 171
81 47 7 202
81 54 21 117
81 60 39 161
81 71 19 12
81 76 55 105
81 77 13 45
82 3 49 13
82 13 57 185
82 14 55 23
82 18 13 19
82 19 17 287
82 21 43 22
82 24 40 91
82 28 31 145
82 31 20 30
82 33 1 28
82 55 25 207
82 72 7 283
82 76 37 6
83 3 8 13
83 6 16 43
83 16 49 164
83 18 55 19
83 35 31 297
83 36 28 293
83 39 25 141
83 40 13 156
83 47 3 75
83 53 37 263
83 61 43 298
83 62 20 291
83 71 41 12
84 4 43 259
84 12 26 204
84 13 20 107
84 14 35 23
84 26 51 175
84 27 57 86
84 28 14 100
84 30 31 196
84 38 40 129
84 52 7 78
84 63 37 195
84 66 55 267
84 68 4 113
84 75 1 122
84 77 10 77
85 4 37 259
85 7 31 189
85 15 49 233
85 19 11 89
85 20 51 64
85 23 46 101
85 24 56 117
85 34 1 245
85 45 22 289
85 49 14 190
85 55 7 207
85 57 3 97
85 62 43 291
85 66 19 267
85 74 25 167
86 2 46 128
86 24 10 203
86 29 41 250
86 35 43 287
86 37 49 226
86 40 1 156
86 45 31 27
86 49 37 285
86 53 55 122
86 57 28 271
86 58 19 213
86 65 22 176
86 66 35 180
86 70 13 151
86 77 4 45
87 6 16 111
87 10 25 35
87 15 31 217
87 21 33 1
87 24 13 203
87 31 8 30
87 33 51 31
87 49 55 190
87 57 38 266
87 58 28 213
87 64 43 152
87 66 23 180
87 70 20 151
87 73 1 98
88 5 7 54
88 6 49 43
88 9 13 196
88 21 25 208
88 24 34 91
88 27 9 86
88 29 46 250
88 35 43 297
88 41 17 120
88 48 19 125
88 52 31 78
88 57 1 266
88 63 15 197
88 71 57 263
88 80 4 18
89 2 43 76
89 5 29 54
89 16 51 268
89 19 7 89
89 23 40 101
89 25 3 270
89 33 56 26
89 38 16 129
89 39 13 115
89 43 45 24
89 57 10 266
89 69 32 235
89 70 37 151
89 73 25 98
89 75 20 78
90 34 14 265
90 36 23 293
90 38 40 37
90 43 21 24
90 44 33 44
90 49 55 163
90 53 49 256
90 56 28 7
90 58 4 213
90 63 35 275
90 71 11 258
90 73 7 98
90 77 1 77
90 78 37 5
90 80 47 142
91 1 45 232
91 4 7 174
91 9 43 245
91 11 25 288
91 13 27 185
91 22 5 81
91 35 31 113
91 40 22 156
91 44 59 44
91 49 13 163
91 52 34 78
91 55 49 207
91 56 40 7
91 60 55 175
91 73 1 236
92 3 1 162
92 8 26 119
92 9 17 241
92 17 11 50
92 20 20 136
92 22 52 34
92 24 49 203
92 27 13 86
92 33 56 31
92 56 34 7
92 63 41 275
92 69 37 235
92 70 7 123
92 75 31 115
92 78 44 5
93 5 17 54
93 9 23 196
93 10 53 206
93 16 13 268
93 17 7 50
93 21 9 269
93 32 2 9
93 37 25 226
93 48 31 103
93 50 21 3
93 52 40 46
93 63 47 275
93 69 49 160
93 72 55 14
93 76 43 120
94 2 31 128
94 3 1 96
94 4 25 174
94 11 5 109
94 14 29 23
94 17 13 69
94 26 58 177
94 44 53 11
94 52 49 78
94 53 44 135
94 62 37 133
94 67 56 178
94 68 19 218
94 72 8 58
94 74 15 88
95 2 35 214
95 11 53 168
95 13 15 148
95 30 49 277
95 43 13 24
95 45 10 289
95 48 37 149
95 52 7 147
95 53 20 183
95 55 43 220
95 56 1 7
95 60 25 81
95 61 31 173
95 62 4 291
95 70 55 151
96 9 10 241
96 17 1 69
96 23 3 101
96 25 23 9
96 26 55 177
96 30 31 277
96 31 43 193
96 34 17 265
96 40 28 156
96 45 52 27
96 58 19 16
96 65 7 176
96 67 39 178
96 69 13 248
96 70 25 151
97 4 55 259
97 6 1 205
97 11 7 288
97 18 15 200
97 48 40 125
97 50 37 225
97 53 32 181
97 57 52 270
97 59 28 154
97 60 44 81
97 62 49 291
97 66 9 180
97 73 20 98
97 75 25 76
97 79 4 242
98 4 13 168
98 5 44 54
98 6 31 43
98 7 26 254
98 20 51 239
98 37 38 45
98 53 19 256
98 61 2 237
98 63 47 195
98 64 9 152
98 66 7 267
98 69 55 235
98 70 34 292
99 3 44 162
99 22 10 107
99 26 31 175
99 27 55 191
99 29 37 250
99 30 14 277
99 42 23 276
99 43 2 24
99 51 34 294
99 52 7 239
99 70 4 151
99 75 28 8
99 76 50 46
99 78 39 25
99 80 53 193
100 1 57 1
100 2 5 100
100 7 31 254
100 19 13 287
100 42 55 243
100 54 41 235
100 55 44 170
100 56 52 177
100 57 16 271
100 58 49 213
100 60 37 206
100 61 19 237
100 65 1 188
100 66 27 267
100 78 7 240
101 16 21 185
101 20 13 123
101 27 43 191
101 29 19 250
101 31 39 21
101 38 55 128
101 39 49 141
101 50 25 225
101 54 1 192
101 60 27 240
101 64 31 275
101 65 52 151
101 77 7 45
101 78 58 172
101 80 5 88
102 5 21 54
102 6 25 43
102 8 7 11
102 15 58 57
102 16 49 185
102 17 3 197
102 24 31 203
102 27 43 15
102 28 15 85
102 36 39 295
102 38 28 37
102 42 19 243
102 50 13 3
102 65 34 176
102 80 37 18
103 5 33 54
103 10 27 35
103 18 3 36
103 28 7 234
103 31 43 118
103 38 22 129
103 41 1 80
103 42 17 243
103 45 14 27
103 48 58 180
103 53 37 135
103 56 55 7
103 59 19 108
103 72 51 261
103 79 47 242
104 10 11 206
104 11 23 109
104 22 13 107
104 27 38 15
104 29 21 250
104 30 7 196
104 47 3 202
104 48 46 149
104 51 28 294
104 53 32 183
104 57 25 271
104 59 52 108
104 66 1 180
104 68 16 214
104 80 55 142
105 2 55 25
105 12 7 204
105 13 57 137
105 21 13 22
105 22 35 34
105 23 25 101
105 25 11 252
105 38 4 129
105 45 37 102
105 48 19 103
105 51 22 172
105 52 46 197
105 58 31 205
105 77 28 192
105 80 51 193
106 2 23 214
106 12 57 204
106 18 38 36
106 20 31 136
106 23 7 237
106 29 13 64
106 31 19 193
106 36 15 293
106 43 55 24
106 45 51 102
106 47 25 137
106 65 4 176
106 76 10 46
106 78 1 240
106 79 45 242
107 6 37 43
107 8 16 11
107 25 40 270
107 28 7 145
107 29 27 250
107 35 22 297
107 40 43 156
107 49 31 163
107 51 4 294
107 55 57 220
107 59 19 154
107 65 13 188
107 68 46 113
107 71 1 12
107 74 50 3
108 2 11 76
108 3 27 96
108 20 57 150
108 21 31 208
108 22 7 107
108 31 38 193
108 34 25 265
108 53 19 56
108 54 16 244
108 57 13 97
108 58 43 16
108 59 46 154
108 60 49 81
108 69 3 195
108 79 1 242
109 1 37 232
109 6 19 43
109 7 49 254
109 16 7 164
109 25 31 270
109 26 4 293
109 31 55 106
109 46 47 62
109 52 22 189
109 53 43 256
109 61 25 173
109 63 2 15
109 68 33 218
109 73 13 236
110 8 10 11
110 16 38 185
110 24 46 203
110 33 15 161
110 35 1 297
110 43 49 24
110 46 52 62
110 55 21 170
110 60 56 206
110 61 31 61
110 62 7 117
110 63 29 197
110 71 13 12
110 77 26 77
110 80 35 88
111 1 37 42
111 8 15 99
111 15 11 204
111 17 5 66
111 18 43 36
111 19 13 89
111 25 22 270
111 28 1 145
111 42 35 276
111 46 28 62
111 49 49 190
111 55 31 220
111 56 19 177
111 78 7 172
111 80 25 142
112 4 49 214
112 5 35 54
112 15 23 57
112 16 1 164
112 26 37 167
112 32 57 87
112 43 28 24
112 52 10 78
112 57 7 271
112 58 25 213
112 61 31 68
112 65 43 188
112 68 14 218
112 74 19 227
112 75 46 244
113 3 20 32
113 5 15 54
113 11 11 168
113 21 25 22
113 23 1 8
113 28 49 145
113 39 4 141
113 43 33 24
113 47 43 140
113 51 37 294
113 54 57 192
113 55 7 220
113 59 40 108
113 63 29 195
113 71 31 12
114 8 22 99
114 11 13 288
114 27 3 34
114 28 37 145
114 31 15 121
114 45 7 289
114 49 55 60
114 50 41 3
114 51 52 294
114 53 32 56
114 59 10 108
114 61 43 111
114 70 19 292
114 73 25 124
114 79 59 242
115 1 7 103
115 13 45 3
115 18 2 19
115 35 28 287
115 39 25 115
115 42 41 276
115 45 22 27
115 46 43 62
115 55 14 207
115 57 49 270
115 62 52 291
115 63 57 244
115 64 37 275
115 75 19 8
115 80 33 18
116 22 59 34
116 28 1 85
116 30 37 277
116 36 13 293
116 40 16 171
116 42 53 288
116 44 34 57
116 48 50 180
116 50 27 225
116 51 22 294
116 57 10 97
116 59 43 108
116 60 55 81
116 70 7 151
116 79 19 242
117 6 49 205
117 23 52 101
117 28 43 145
117 29 2 250
117 38 55 129
117 40 58 171
117 47 14 202
117 49 25 60
117 53 37 56
117 54 11 117
117 62 4 133
117 69 7 160
117 72 20 58
117 73 32 248
117 80 47 18
118 12 37 8
118 25 17 270
118 33 32 26
118 37 1 135
118 47 7 137
118 54 55 192
118 59 43 7
118 63 5 244
118 64 51 152
118 68 46 218
118 69 13 195
118 70 58 153
118 71 25 12
118 77 27 150
118 78 22 5
119 16 19 281
119 19 31 287
119 23 40 80
119 24 37 203
119 25 7 252
119 28 26 109
119 31 33 106
119 33 44 48
119 35 4 297
119 37 49 45
119 47 13 140
119 50 53 143
119 61 9 179
119 72 56 283
119 76 1 46
120 3 31 96
120 5 10 251
120 8 55 230
120 25 47 270
120 28 19 100
120 33 1 26
120 41 29 120
120 49 49 60
120 56 37 132
120 60 43 73
120 65 58 176
120 70 40 151
120 72 14 58
120 75 7 76
120 78 26 5
121 3 49 32
121 11 17 109
121 13 55 107
121 16 13 185
121 17 4 50
121 29 7 64
121 36 53 295
121 38 43 37
121 55 31 170
121 57 22 266
121 65 10 176
121 68 1 113
121 71 27 12
121 73 37 98
121 75 46 8
122 1 51 217
122 3 13 13
122 11 44 288
122 15 22 217
122 17 17 197
122 22 33 107
122 31 26 30
122 34 7 265
122 43 5 27
122 57 19 266
122 65 39 188
122 71 10 12
122 72 55 58
122 76 1 105
122 80 49 193
123 5 46 54
123 11 19 288
123 18 7 296
123 26 43 125
123 27 55 258
123 29 5 170
123 30 39 196
123 32 1 222
123 33 49 48
123 43 29 132
123 46 23 62
123 48 16 125
123 57 31 266
123 62 13 291
123 72 25 283
124 2 5 214
124 3 1 106
124 11 17 288
124 20 37 64
124 21 49 208
124 34 15 245
124 39 7 141
124 42 41 288
124 45 34 27
124 54 53 45
124 55 56 207
124 64 27 280
124 69 43 195
124 74 20 88
124 79 25 242
125 6 10 205
125 11 31 288
125 15 7 217
125 17 22 197
125 21 13 269
125 23 43 101
125 26 46 175
125 29 17 250
125 31 33 148
125 40 37 171
125 51 1 294
125 59 4 108
125 60 51 118
125 66 49 267
125 69 25 50
126 4 19 174
126 5 5 251
126 15 57 217
126 16 33 164
126 20 43 136
126 26 10 293
126 34 37 265
126 41 27 120
126 48 7 149
126 54 31 192
126 56 52 7
126 57 40 97
126 70 2 153
126 76 16 105
126 79 50 242
127 4 37 174
127 8 50 11
127 25 19 252
127 33 1 48
127 35 58 287
127 45 34 102
127 47 7 91
127 48 22 103
127 49 26 163
127 52 16 78
127 54 43 192
127 57 55 119
127 62 13 6
127 64 45 82
127 67 5 178
128 3 56 32
128 6 1 43
128 10 35 206
128 19 20 89
128 24 13 91
128 32 27 9
128 36 45 295
128 43 11 27
128 44 25 44
128 45 49 27
128 50 5 3
128 56 16 283
128 61 37 298
128 64 31 280
128 77 7 150
129 2 27 128
129 3 55 162
129 10 17 35
129 11 23 288
129 14 59 23
129 18 7 19
129 32 3 87
129 35 37 287
129 42 21 288
129 46 1 62
129 47 51 202
129 66 40 180
129 67 25 128
129 68 43 218
129 73 13 124
130 2 29 128
130 14 45 23
130 15 59 233
130 19 34 89
130 29 39 250
130 34 37 245
130 36 14 295
130 42 27 243
130 45 55 27
130 47 19 202
130 54 23 117
130 63 11 195
130 68 7 218
130 69 1 248
130 73 49 236
131 7 37 198
131 11 53 109
131 18 32 36
131 19 44 89
131 22 59 107
131 23 46 120
131 24 22 91
131 26 4 175
131 37 9 135
131 45 25 289
131 47 49 75
131 56 19 132
131 59 1 108
131 60 14 118
131 64 55 280
132 12 45 183
132 16 2 268
132 17 29 50
132 18 20 200
132 21 57 208
132 36 31 295
132 40 9 156
132 41 7 80
132 42 55 288
132 51 16 231
132 58 13 16
132 61 49 237
132 64 33 35
132 75 37 76
132 76 25 46
133 1 25 72
133 2 29 214
133 14 17 23
133 28 13 109
133 30 55 298
133 34 23 265
133 35 37 113
133 40 4 156
133 43 7 132
133 48 1 149
133 49 32 60
133 55 9 263
133 72 50 249
133 74 43 11
133 77 19 150
134 8 51 119
134 18 25 251
134 21 3 146
134 26 58 293
134 27 19 258
134 30 15 196
134 34 13 245
134 39 10 115
134 46 56 62
134 49 37 190
134 54 23 244
134 65 31 65
134 76 7 46
134 77 43 77
134 78 34 25
135 3 44 32
135 6 28 205
135 8 7 99
135 18 39 200
135 26 52 167
135 37 13 226
135 51 25 294
135 54 59 192
135 56 10 177
135 61 55 111
135 62 1 133
135 65 49 188
135 68 4 57
135 74 19 167
135 77 32 77
136 5 19 157
136 15 47 233
136 16 25 268
136 26 43 167
136 35 16 113
136 39 22 115
136 42 49 243
136 58 13 213
136 59 4 7
136 60 51 172
136 63 1 195
136 69 37 276
136 70 10 151
136 76 34 46
136 79 32 242
137 2 17 25
137 9 13 157
137 14 15 23
137 17 5 200
137 18 43 251
137 19 3 89
137 24 26 91
137 35 40 287
137 40 55 171
137 46 32 62
137 53 49 183
137 56 58 7
137 61 19 111
137 69 7 235
137 75 34 115
138 7 26 239
138 13 55 274
138 16 19 164
138 22 31 107
138 25 11 270
138 33 13 48
138 34 5 265
138 35 52 287
138 38 49 37
138 39 33 233
138 45 2 27
138 55 43 207
138 66 47 267
138 70 7 153
138 74 37 227
139 7 7 47
139 13 2 118
139 29 35 250
139 36 47 295
139 46 37 200
139 49 43 60
139 54 59 50
139 55 39 207
139 65 52 188
139 70 49 153
139 71 29 12
139 77 16 192
139 78 25 25
139 79 33 287
139 80 11 142
140 1 1 103
140 2 22 76
140 5 7 251
140 16 38 268
140 17 55 197
140 20 9 95
140 30 49 147
140 38 57 37
140 43 5 132
140 46 20 62
140 47 31 202
140 68 28 218
140 72 13 66
140 74 43 227
140 77 25 192
141 7 1 198
141 13 49 274
141 23 10 237
141 26 31 167
141 31 13 30
141 34 25 245
141 37 37 226
141 38 7 37
141 46 45 62
141 53 55 296
141 54 43 50
141 57 34 97
141 58 28 16
141 69 19 235
141 80 23 193
142 5 1 45
142 10 16 206
142 17 35 200
142 23 28 101
142 28 57 145
142 36 43 295
142 37 39 181
142 38 19 37
142 42 51 243
142 43 3 132
142 44 37 44
142 61 45 237
142 65 25 28
142 68 7 214
142 80 13 88
143 6 37 205
143 9 1 196
143 19 3 287
143 21 13 208
143 23 31 120
143 25 20 294
143 34 11 245
143 38 40 225
143 57 58 119
143 58 49 16
143 59 28 108
143 60 7 118
143 62 46 291
143 77 22 150
143 79 55 242
144 9 44 99
144 24 55 203
144 26 4 191
144 37 8 226
144 44 58 11
144 46 25 200
144 54 53 235
144 57 50 266
144 61 13 298
144 64 19 280
144 66 2 267
144 67 41 178
144 69 32 50
144 71 47 12
144 79 38 160
145 16 7 268
145 21 38 22
145 23 25 8
145 28 19 109
145 37 43 226
145 46 15 274
145 48 31 149
145 49 3 269
145 50 11 225
145 56 49 177
145 63 29 275
145 65 34 65
145 69 56 195
145 75 52 154
145 80 1 193
146 5 27 54
146 7 43 254
146 11 1 288
146 20 49 150
146 38 31 225
146 53 55 181
146 54 11 45
146 59 13 154
146 61 3 173
146 62 34 133
146 63 47 226
146 68 20 113
146 69 7 195
146 75 40 115
146 80 53 142
147 16 43 164
147 20 31 64
147 23 4 8
147 24 1 203
147 28 7 109
147 29 15 250
147 33 37 28
147 34 19 245
147 35 25 297
147 39 28 141
147 49 21 190
147 50 35 225
147 55 50 263
147 74 57 167
147 80 13 193
148 3 7 32
148 15 23 204
148 20 19 82
148 33 49 292
148 34 33 265
148 38 1 37
148 41 58 80
148 45 44 102
148 52 37 197
148 63 55 37
148 65 4 61
148 67 13 178
148 71 15 12
148 72 25 58
148 79 40 242
149 4 55 265
149 14 19 23
149 17 13 200
149 22 37 107
149 25 27 270
149 27 21 34
149 28 43 100
149 29 11 170
149 34 9 245
149 52 31 176
149 54 47 225
149 64 49 35
149 71 4 12
149 72 39 65
149 78 1 25
150 2 1 76
150 9 23 93
150 20 19 50
150 25 9 270
150 34 29 245
150 37 49 66
150 44 39 44
150 46 7 274
150 53 14 181
150 54 47 50
150 59 55 125
150 60 31 206
150 62 26 133
150 63 3 244
150 64 43 142
151 1 3 232
151 17 1 66
151 23 13 101
151 28 45 109
151 34 43 265
151 39 10 233
151 41 21 80
151 45 37 27
151 47 32 137
151 51 25 172
151 54 41 50
151 61 49 298
151 65 16 176
151 68 55 218
151 70 7 33
152 3 13 32
152 20 56 64
152 24 52 91
152 27 7 34
152 37 43 45
152 43 25 24
152 46 41 172
152 47 37 202
152 50 5 225
152 56 19 7
152 57 22 271
152 60 1 234
152 64 27 142
152 71 17 294
152 72 32 283
153 6 16 205
153 8 22 230
153 9 1 241
153 20 57 82
153 31 3 21
153 32 8 87
153 34 49 245
153 39 19 115
153 49 51 285
153 51 34 172
153 53 26 56
153 64 37 152
153 68 31 15
153 73 45 236
153 77 13 192
154 1 55 232
154 4 1 90
154 6 10 43
154 7 25 189
154 19 31 89
154 32 37 252
154 40 13 282
154 42 29 243
154 47 19 140
154 53 43 56
154 54 5 235
154 70 16 151
154 72 51 140
154 76 34 105
154 78 7 5
155 3 37 13
155 6 7 43
155 10 56 18
155 15 53 204
155 19 11 287
155 30 43 147
155 32 32 9
155 34 27 245
155 35 49 297
155 39 16 115
155 56 13 7
155 60 20 81
155 63 29 226
155 76 58 105
155 77 3 192
156 10 27 206
156 11 5 168
156 18 19 36
156 23 55 80
156 31 31 30
156 39 10 141
156 43 35 24
156 46 58 62
156 56 46 7
156 57 52 97
156 61 39 237
156 62 49 133
156 65 13 176
156 74 1 167
156 75 43 8
157 7 37 47
157 9 11 196
157 10 14 206
157 12 31 52
157 21 19 208
157 22 53 107
157 26 7 177
157 41 1 120
157 53 44 181
157 54 59 235
157 56 25 132
157 57 4 271
157 73 49 250
157 75 16 8
157 77 56 77
158 15 37 217
158 16 55 268
158 18 49 36
158 19 25 89
158 21 13 1
158 26 7 175
158 33 19 26
158 41 10 253
158 48 4 149
158 51 46 231
158 60 31 81
158 71 2 258
158 72 39 58
158 76 28 105
158 80 59 18
159 2 11 100
159 19 5 89
159 26 13 175
159 27 31 191
159 31 21 106
159 32 43 252
159 34 47 265
159 37 25 45
159 46 19 172
159 52 37 46
159 57 16 119
159 61 55 173
159 68 1 57
159 72 49 59
159 79 9 242
160 3 27 32
160 11 17 168
160 12 19 204
160 13 37 116
160 17 41 197
160 24 4 203
160 26 1 293
160 29 31 250
160 53 33 256
160 54 25 117
160 55 55 170
160 57 14 266
160 61 49 68
160 64 7 142
160 70 43 33
161 1 43 103
161 21 1 22
161 24 16 203
161 30 27 277
161 35 55 113
161 39 31 141
161 42 25 243
161 46 13 62
161 49 20 285
161 53 7 256
161 54 49 225
161 56 34 132
161 59 58 125
161 60 39 81
161 71 37 12
162 14 7 23
162 15 37 57
162 18 19 251
162 27 39 71
162 28 13 234
162 30 25 147
162 36 2 295
162 46 11 274
162 48 43 149
162 51 4 1
162 52 55 176
162 64 49 142
162 73 33 98
162 76 46 46
162 80 9 18
163 3 31 32
163 5 56 54
163 7 43 189
163 13 25 274
163 16 2 185
163 31 37 30
163 42 29 276
163 56 10 7
163 59 49 108
163 63 17 275
163 66 41 267
163 68 19 214
163 71 8 12
163 76 13 105
163 79 23 287
164 3 45 13
164 7 37 189
164 15 55 204
164 16 33 185
164 35 7 297
164 36 41 295
164 44 53 44
164 53 13 56
164 58 1 213
164 59 57 108
164 61 26 298
164 62 10 6
164 67 51 178
164 70 20 153
164 77 4 150
165 8 40 11
165 9 23 203
165 11 19 168
165 15 31 57
165 21 33 146
165 31 55 193
165 35 52 113
165 38 16 128
165 51 25 231
165 57 7 97
165 64 2 152
165 65 13 231
165 67 37 178
165 72 43 283
165 76 10 105
166 6 52 43
166 7 55 254
166 9 13 99
166 12 25 160
166 18 38 19
166 19 35 287
166 20 7 82
166 27 15 71
166 57 46 119
166 65 1 61
166 68 49 15
166 70 43 151
166 72 21 51
166 73 31 236
167 4 19 165
167 7 13 254
167 11 34 168
167 16 8 185
167 28 55 85
167 31 44 30
167 35 37 96
167 42 23 243
167 46 17 62
167 54 4 117
167 57 31 97
167 58 40 213
167 61 49 173
167 69 25 195
167 77 1 71
168 8 50 99
168 18 32 19
168 26 28 175
168 33 14 28
168 39 25 233
168 44 7 71
168 47 56 75
168 51 22 231
168 57 37 271
168 60 9 81
168 64 43 138
168 69 3 160
168 76 40 105
168 77 19 192
169 6 40 43
169 14 47 23
169 16 43 268
169 17 35 66
169 20 31 82
169 21 51 22
169 26 25 175
169 37 20 45
169 47 57 140
169 59 7 154
169 60 1 81
169 64 15 142
169 65 28 188
169 77 10 150
170 4 27 104
170 9 10 240
170 10 2 18
170 18 13 36
170 20 37 82
170 27 32 157
170 29 25 170
170 30 49 196
170 33 20 48
170 42 17 268
170 45 56 102
170 57 7 119
170 62 43 117
170 65 46 188
170 75 4 154
171 3 21 13
171 4 37 214
171 11 29 168
171 13 15 107
171 18 55 200
171 29 19 170
171 32 25 87
171 33 8 292
171 44 13 57
171 46 2 274
171 54 43 244
171 57 46 266
171 66 4 267
171 75 31 76
171 77 49 77
172 3 1 13
172 5 15 157
172 8 55 11
172 9 13 241
172 17 17 69
172 48 7 125
172 53 51 56
172 58 10 213
172 61 37 257
172 64 32 152
172 66 21 180
172 73 45 217
172 75 58 154
172 76 25 105
172 80 43 18
173 5 1 54
173 16 31 268
173 17 3 69
173 22 35 107
173 24 37 91
173 30 49 9
173 32 56 9
173 37 25 181
173 47 13 75
173 53 43 296
173 65 19 231
173 66 7 180
173 68 22 15
173 77 10 192
173 80 47 88
174 1 43 72
174 3 15 106
174 7 19 198
174 10 13 35
174 13 33 118
174 22 5 107
174 35 40 113
174 53 55 183
174 56 7 7
174 67 31 178
174 68 10 214
174 71 59 12
174 72 50 283
174 74 1 88
174 75 37 115
175 2 41 76
175 12 55 52
175 13 20 148
175 35 10 297
175 38 25 37
175 43 47 24
175 48 13 125
175 65 28 28
175 67 33 178
175 69 1 235
175 73 37 236
175 75 49 197
175 76 7 56
175 78 52 5
175 80 16 193
176 5 58 54
176 7 19 254
176 8 26 11
176 15 47 204
176 17 5 69
176 18 13 296
176 19 9 89
176 23 43 80
176 26 50 293
176 29 53 250
176 34 34 245
176 47 37 140
176 50 7 225
176 57 1 271
176 59 31 108
177 1 49 103
177 16 55 164
177 17 23 50
177 18 19 19
177 29 53 66
177 31 1 148
177 33 37 292
177 42 41 243
177 55 15 220
177 57 46 97
177 63 31 244
177 70 33 123
177 71 43 12
177 73 26 248
177 75 10 8
178 1 39 244
178 4 49 259
178 19 15 89
178 24 43 91
178 27 25 157
178 34 19 265
178 36 17 293
178 38 10 37
178 45 58 27
178 49 2 190
178 57 33 119
178 58 46 16
178 68 7 113
178 76 55 120
178 79 21 242
179 8 37 11
179 10 40 18
179 14 49 23
179 20 51 123
179 32 25 252
179 43 16 24
179 47 31 75
179 54 1 104
179 61 56 237
179 67 22 178
179 70 13 33
179 72 3 283
179 73 7 124
179 75 19 76
179 77 46 77
180 2 41 128
180 5 1 157
180 12 31 204
180 25 20 270
180 27 49 86
180 33 25 48
180 36 5 295
180 38 13 37
180 42 43 243
180 47 37 75
180 49 7 60
180 50 3 3
180 66 45 267
180 70 16 33
180 80 29 88
181 7 7 189
181 20 27 64
181 22 25 107
181 25 13 270
181 28 32 85
181 41 17 80
181 49 1 60
181 52 52 78
181 61 37 68
181 64 19 142
181 67 5 72
181 73 43 248
181 74 56 3
181 75 49 8
181 80 23 142
182 8 4 99
182 18 31 251
182 25 25 270
182 31 9 193
182 38 1 128
182 40 43 171
182 44 23 44
182 45 19 289
182 50 7 3
182 54 28 117
182 56 13 177
182 62 40 133
182 66 53 180
182 73 49 248
182 74 56 88
183 5 11 157
183 10 23 206
183 12 7 52
183 14 41 23
183 15 31 233
183 16 19 268
183 27 37 86
183 47 25 202
183 54 53 192
183 55 33 263
183 57 43 266
183 71 17 12
183 72 55 65
183 74 13 167
183 78 4 172
184 12 13 204
184 13 32 257
184 29 29 66
184 30 43 115
184 31 55 30
184 33 1 292
184 40 50 171
184 43 53 24
184 44 27 44
184 45 8 102
184 58 37 213
184 59 22 7
184 63 59 275
184 68 19 57
184 70 40 153
185 1 43 286
185 3 25 162
185 7 31 47
185 12 21 52
185 15 55 57
185 17 41 66
185 19 49 89
185 23 7 101
185 28 51 100
185 46 10 62
185 50 19 3
185 65 16 65
185 66 57 267
185 73 37 124
185 74 1 177
186 12 26 52
186 20 43 64
186 27 13 280
186 28 49 85
186 29 59 170
186 32 37 222
186 36 7 295
186 38 1 129
186 44 47 44
186 54 17 45
186 57 4 266
186 61 9 173
186 63 31 197
186 72 19 65
186 80 53 18
187 1 15 232
187 8 1 99
187 9 53 245
187 17 28 69
187 22 11 34
187 43 37 24
187 44 45 44
187 54 47 45
187 56 32 177
187 58 56 213
187 60 39 118
187 65 4 65
187 73 49 98
187 77 22 192
187 80 7 18
188 26 25 82
188 28 49 109
188 32 19 137
188 33 37 26
188 34 32 245
188 44 1 11
188 45 8 27
188 47 43 75
188 52 13 78
188 57 16 97
188 64 3 142
188 70 28 292
188 73 55 124
188 76 34 120
189 1 51 232
189 6 4 205
189 15 49 217
189 17 23 69
189 23 40 120
189 31 57 118
189 34 17 245
189 36 34 295
189 39 19 141
189 45 28 102
189 47 9 75
189 51 45 294
189 74 13 227
189 76 37 120
189 79 1 160
190 2 25 214
190 7 7 198
190 15 19 217
190 17 1 197
190 18 55 36
190 24 52 203
190 31 27 106
190 39 34 141
190 42 11 243
190 52 44 78
190 53 14 256
190 64 37 142
190 68 31 214
190 69 3 276
190 72 21 261
191 1 55 42
191 8 31 11
191 13 1 107
191 23 52 120
191 31 9 106
191 32 21 87
191 34 7 245
191 37 44 58
191 40 40 171
191 48 25 149
191 54 35 244
191 55 14 170
191 58 49 93
191 70 37 153
191 78 28 25
192 7 37 254
192 8 13 230
192 10 19 18
192 17 7 69
192 20 55 50
192 22 49 34
192 23 10 101
192 40 16 156
192 45 2 102
192 47 31 140
192 55 43 263
192 69 26 235
192 70 22 292
192 71 5 263
192 72 51 165
193 4 31 259
193 8 19 11
193 9 29 196
193 19 51 89
193 20 3 42
193 25 43 270
193 28 25 100
193 31 39 148
193 32 13 9
193 44 1 44
193 49 8 285
193 52 22 147
193 59 55 154
193 70 46 151
193 79 37 242
194 5 34 45
194 10 7 35
194 11 29 288
194 15 13 233
194 17 9 200
194 20 49 136
194 23 58 101
194 32 38 137
194 34 11 265
194 39 1 141
194 46 4 62
194 47 25 75
194 61 19 42
194 63 17 195
194 79 43 242
195 4 33 174
195 5 31 54
195 13 50 137
195 19 17 89
195 22 1 34
195 34 3 245
195 36 11 295
195 39 28 233
195 52 58 78
195 56 37 7
195 60 19 206
195 62 25 6
195 64 43 275
195 73 7 248
195 78 14 172
196 3 45 96
196 5 5 54
196 7 13 47
196 10 26 18
196 21 50 146
196 24 19 91
196 26 40 175
196 32 32 252
196 35 28 297
196 39 7 233
196 43 10 132
196 48 22 125
196 62 37 291
196 64 1 280
196 72 55 66
197 1 45 1
197 4 50 252
197 12 14 52
197 15 59 217
197 22 43 107
197 30 19 196
197 32 55 252
197 34 23 245
197 37 1 226
197 49 37 60
197 55 25 220
197 62 7 208
197 63 35 197
197 66 29 267
197 76 31 105
198 4 13 174
198 7 56 47
198 17 8 197
198 30 43 277
198 31 51 106
198 40 26 171
198 42 38 243
198 51 1 231
198 61 19 173
198 65 34 231
198 66 4 180
198 67 49 178
198 68 10 57
198 78 40 5
198 80 17 13
199 6 43 205
199 11 25 168
199 13 38 176
199 20 55 123
199 29 17 66
199 31 27 148
199 32 9 9
199 38 19 128
199 39 13 141
199 43 7 24
199 55 1 220
199 58 22 213
199 68 46 214
199 72 49 65
199 74 31 88
200 1 20 72
200 7 43 198
200 10 37 35
200 15 57 233
200 27 27 15
200 29 11 250
200 35 40 297
200 44 25 57
200 48 4 125
200 55 7 170
200 56 16 7
200 57 13 271
200 58 1 16
200 61 31 237
200 64 50 275
Điểm tối ưu: 2985
Thời gian: 360.118826 giây
Trạng thái: VALID
