4445
1 15 31 326
1 23 33 390
1 24 1 378
1 36 11 223
1 42 25 126
1 50 55 389
1 67 5 57
1 69 14 392
1 77 37 234
1 79 50 38
1 86 44 115
1 103 7 352
1 110 19 156
1 116 28 237
2 8 17 303
2 23 10 167
2 27 47 361
2 28 3 130
2 41 35 350
2 42 13 308
2 50 43 57
2 53 8 175
2 57 40 438
2 70 19 141
2 76 25 361
2 83 49 428
2 93 1 79
2 102 58 349
2 113 33 151
3 6 43 345
3 24 31 110
3 30 35 34
3 37 13 412
3 40 56 18
3 45 38 408
3 53 47 132
3 64 50 104
3 76 7 71
3 77 27 333
3 80 4 355
3 85 17 416
3 90 11 285
3 109 21 231
3 115 1 163
4 3 7 411
4 17 25 258
4 21 11 447
4 27 49 242
4 40 37 82
4 45 56 360
4 48 1 414
4 51 28 172
4 60 5 231
4 61 51 30
4 69 13 347
4 76 31 265
4 102 35 110
4 108 19 75
4 110 43 328
5 2 37 264
5 6 49 397
5 8 19 149
5 12 28 87
5 18 3 413
5 25 55 282
5 38 40 116
5 41 53 200
5 48 31 156
5 65 43 38
5 69 8 421
5 73 21 370
5 95 25 282
5 117 13 430
5 119 45 141
6 14 5 236
6 22 13 217
6 25 37 41
6 26 46 256
6 29 20 202
6 45 27 226
6 49 59 247
6 67 17 71
6 72 7 386
6 81 1 137
6 85 57 374
6 86 51 156
6 95 43 282
6 97 35 375
6 102 23 349
7 2 25 192
7 7 2 157
7 33 37 359
7 34 43 306
7 39 13 413
7 40 31 351
7 42 7 173
7 48 57 335
7 56 19 274
7 69 49 421
7 71 39 301
7 73 55 6
7 89 35 295
7 101 23 35
7 118 28 106
8 8 59 149
8 29 37 131
8 37 43 423
8 55 55 217
8 68 13 313
8 70 3 367
8 76 31 361
8 78 1 83
8 86 9 115
8 100 15 381
8 106 7 119
8 110 19 73
8 116 49 263
8 119 25 95
9 5 19 87
9 22 13 280
9 44 29 21
9 45 37 373
9 47 25 4
9 54 16 26
9 59 1 296
9 66 22 81
9 68 57 313
9 70 45 95
9 73 9 52
9 88 49 350
9 90 5 234
9 119 31 26
10 1 29 264
10 18 34 57
10 25 13 363
10 33 59 430
10 37 2 108
10 45 19 373
10 51 46 293
10 52 25 108
10 53 55 175
10 60 17 158
10 94 9 181
10 96 51 185
10 97 23 375
10 101 7 390
10 112 31 379
11 9 25 177
11 10 44 5
11 22 19 280
11 23 55 390
11 31 5 16
11 33 23 51
11 48 51 356
11 50 7 34
11 64 37 287
11 67 49 318
11 75 1 172
11 81 14 251
11 83 31 428
11 97 29 350
11 98 58 50
12 5 56 90
12 8 53 149
12 12 15 257
12 14 11 352
12 29 34 202
12 31 19 16
12 35 1 66
12 43 46 426
12 50 21 389
12 64 37 343
12 67 5 114
12 68 43 313
12 82 13 310
12 90 9 285
12 106 59 285
13 3 31 434
13 16 39 219
13 25 19 150
13 29 7 194
13 33 55 51
13 41 5 401
13 59 25 66
13 62 3 411
13 64 13 43
13 67 10 116
13 88 57 131
13 100 46 75
13 107 51 312
13 113 29 367
13 118 43 272
14 1 35 273
14 33 1 238
14 37 56 425
14 43 40 184
14 45 49 293
14 47 14 414
14 55 28 360
14 59 3 393
14 61 9 30
14 64 31 217
14 86 19 361
14 89 7 347
14 100 37 225
14 109 43 295
14 118 25 18
15 15 53 172
15 20 21 147
15 22 43 75
15 23 34 39
15 26 11 29
15 34 38 72
15 51 1 427
15 57 4 381
15 64 14 294
15 71 49 301
15 90 32 285
15 95 7 98
15 105 58 55
15 106 19 330
15 109 25 42
16 12 58 113
16 32 4 151
16 36 35 368
16 42 19 173
16 44 22 220
16 50 43 172
16 52 53 419
16 60 15 90
16 90 17 396
16 95 10 282
16 109 49 231
16 111 37 445
16 115 7 168
16 118 28 15
16 120 1 256
17 15 58 326
17 17 34 258
17 23 25 320
17 29 28 131
17 32 55 199
17 49 23 413
17 52 9 419
17 61 19 120
17 70 49 101
17 73 17 6
17 86 37 35
17 91 14 354
17 100 31 381
17 114 1 62
17 119 43 344
18 5 58 178
18 23 25 432
18 24 28 110
18 27 55 359
18 37 19 412
18 39 7 445
18 40 14 185
18 41 23 350
18 46 39 108
18 49 37 326
18 68 49 313
18 81 44 102
18 83 51 76
18 84 2 278
18 92 34 407
19 1 1 264
19 4 20 119
19 16 34 219
19 19 41 190
19 25 55 150
19 53 59 203
19 56 49 379
19 63 47 384
19 66 7 434
19 72 25 146
19 80 38 176
19 82 10 438
19 94 13 237
19 96 43 249
19 102 3 354
20 5 58 378
20 20 3 250
20 36 16 76
20 44 23 266
20 50 19 34
20 51 40 293
20 52 13 343
20 69 43 347
20 72 7 146
20 82 29 40
20 84 25 263
20 100 31 178
20 107 34 312
20 118 51 7
21 1 5 425
21 2 28 80
21 6 13 345
21 20 50 193
21 23 32 432
21 27 9 251
21 30 11 374
21 35 43 125
21 37 55 423
21 56 1 203
21 64 20 419
21 66 46 444
21 67 35 114
21 81 37 415
21 94 25 179
22 6 2 397
22 25 13 209
22 28 55 261
22 29 25 131
22 32 40 76
22 50 49 114
22 56 33 324
22 61 19 275
22 66 28 346
22 69 9 347
22 73 31 6
22 88 43 350
22 89 53 211
22 104 37 362
23 4 7 239
23 19 5 389
23 32 25 158
23 37 49 423
23 46 1 390
23 56 37 324
23 75 31 7
23 80 16 355
23 85 11 272
23 86 19 102
23 91 46 354
23 93 58 272
23 94 43 179
23 95 13 282
23 112 28 280
24 5 16 378
24 16 1 343
24 21 47 137
24 42 43 206
24 53 40 175
24 54 52 106
24 61 9 220
24 64 33 30
24 73 31 151
24 91 58 409
24 93 25 79
24 94 49 237
24 101 29 444
24 103 19 267
24 111 13 397
25 5 58 256
25 10 21 223
25 18 55 183
25 20 37 200
25 22 4 284
25 33 17 430
25 46 25 390
25 48 7 156
25 65 19 431
25 68 11 313
25 74 32 431
25 76 43 246
25 102 34 349
25 105 50 208
25 117 13 106
26 1 11 264
26 4 13 69
26 17 19 405
26 45 25 373
26 52 37 123
26 55 43 178
26 57 22 211
26 60 41 157
26 67 17 447
26 68 1 313
26 97 59 78
26 103 7 329
26 108 55 303
26 112 31 280
26 120 4 256
27 6 31 397
27 8 29 104
27 12 15 50
27 18 49 57
27 29 4 202
27 39 19 194
27 46 25 102
27 59 7 447
27 60 23 90
27 83 55 295
27 86 37 156
27 92 52 359
27 93 11 79
27 106 13 330
27 118 1 7
28 2 32 83
28 5 55 151
28 23 52 39
28 24 37 240
28 27 17 90
28 43 1 336
28 44 7 266
28 55 22 178
28 66 4 407
28 91 13 409
28 97 29 78
28 100 19 381
28 103 25 260
28 110 9 196
28 115 40 163
29 8 11 303
29 26 39 256
29 32 52 199
29 38 55 346
29 64 19 363
29 70 13 145
29 77 45 333
29 85 37 333
29 91 23 354
29 94 28 179
29 99 32 64
29 108 2 39
29 109 7 109
29 111 26 391
29 116 58 280
30 1 33 38
30 9 57 43
30 18 20 7
30 24 43 126
30 27 25 359
30 35 37 449
30 36 31 223
30 37 13 423
30 41 7 401
30 55 49 8
30 57 28 344
30 63 10 256
30 77 2 217
30 90 17 234
30 102 41 349
31 13 47 318
31 15 11 326
31 17 28 405
31 23 49 167
31 24 43 373
31 25 32 139
31 37 7 425
31 39 13 208
31 41 59 93
31 56 55 22
31 66 52 352
31 74 5 112
31 77 37 113
31 99 19 297
31 100 1 225
32 1 16 38
32 11 37 119
32 18 7 7
32 30 41 34
32 36 34 76
32 44 10 266
32 49 29 247
32 61 50 271
32 66 1 434
32 87 44 122
32 93 14 52
32 105 55 208
32 112 58 122
32 114 25 299
32 116 4 261
33 5 34 90
33 9 28 43
33 10 49 206
33 19 7 190
33 24 10 373
33 54 1 106
33 73 17 151
33 75 25 172
33 78 13 427
33 84 43 263
33 88 19 60
33 89 5 295
33 105 56 296
33 107 53 312
33 117 37 145
34 22 10 284
34 40 37 185
34 43 7 433
34 51 4 427
34 53 53 175
34 56 25 324
34 57 49 381
34 60 29 48
34 70 14 82
34 71 43 3
34 77 31 234
34 86 21 247
34 95 1 98
34 96 56 185
34 118 46 39
35 6 44 325
35 33 41 51
35 36 5 176
35 46 31 203
35 51 16 172
35 59 49 447
35 82 10 40
35 83 19 196
35 91 1 409
35 100 58 354
35 102 8 300
35 106 3 330
35 109 25 285
35 113 29 392
35 116 55 237
36 3 1 302
36 14 53 29
36 27 11 251
36 47 37 37
36 51 16 427
36 59 31 447
36 61 43 275
36 62 41 345
36 70 49 367
36 79 13 38
36 81 55 401
36 82 25 438
36 83 20 76
36 96 27 88
36 119 7 95
37 6 9 443
37 16 31 219
37 28 25 277
37 33 23 57
37 41 34 116
37 45 13 226
37 50 37 389
37 54 46 37
37 60 29 158
37 64 56 284
37 74 7 199
37 102 44 349
37 110 19 421
37 119 50 179
37 120 4 6
38 13 55 318
38 18 7 56
38 23 13 177
38 24 37 378
38 45 49 139
38 49 40 247
38 55 20 8
38 65 46 431
38 70 57 367
38 74 3 431
38 86 25 268
38 92 10 341
38 100 31 75
38 105 34 296
39 23 10 228
39 27 16 356
39 34 25 424
39 35 32 449
39 36 49 76
39 42 21 126
39 47 43 340
39 66 56 444
39 68 19 313
39 69 37 325
39 71 2 114
39 78 35 83
39 92 51 92
39 94 13 8
39 106 7 330
40 4 1 119
40 11 49 16
40 19 53 336
40 33 35 430
40 35 7 371
40 39 25 143
40 46 13 102
40 64 43 104
40 81 55 251
40 83 37 428
40 90 19 285
40 102 5 110
40 103 21 424
40 115 31 318
41 6 19 397
41 13 41 406
41 14 59 72
41 18 34 44
41 21 53 220
41 30 29 374
41 34 25 72
41 35 50 66
41 44 13 374
41 56 7 22
41 60 47 336
41 61 15 120
41 64 37 284
41 70 1 82
41 92 31 341
42 9 32 43
42 22 38 280
42 30 41 15
42 34 55 72
42 38 46 50
42 42 43 173
42 71 13 446
42 86 50 119
42 87 2 122
42 93 19 272
42 100 25 75
42 102 10 300
42 106 23 330
42 111 29 445
42 115 7 123
43 2 13 264
43 3 49 330
43 9 43 244
43 15 46 434
43 19 59 190
43 25 31 225
43 26 35 180
43 39 37 298
43 51 8 161
43 58 41 249
43 76 55 310
43 81 20 391
43 92 28 341
43 103 2 329
43 116 16 48
44 12 55 409
44 18 16 44
44 37 1 423
44 40 31 18
44 49 5 169
44 67 23 71
44 70 49 21
44 79 58 370
44 92 37 341
44 99 19 368
44 107 53 296
44 109 7 117
44 113 11 349
44 116 40 242
44 118 46 7
45 2 22 50
45 10 26 206
45 15 43 151
45 20 55 108
45 48 32 328
45 52 59 343
45 55 16 178
45 59 45 419
45 73 41 6
45 79 19 259
45 81 2 415
45 104 37 355
45 108 51 303
45 116 8 48
46 14 45 236
46 17 57 161
46 27 37 361
46 45 20 226
46 49 13 326
46 60 53 90
46 62 7 76
46 71 10 301
46 73 17 39
46 77 49 25
46 85 29 397
46 103 3 352
46 106 1 330
46 113 43 149
46 117 25 145
47 14 19 236
47 23 13 53
47 39 55 445
47 41 53 226
47 42 25 401
47 48 32 414
47 57 46 243
47 60 41 48
47 63 23 384
47 69 3 79
47 79 28 211
47 81 9 137
47 82 1 438
47 118 16 104
47 120 37 110
48 13 29 406
48 27 23 356
48 46 19 375
48 48 3 356
48 49 17 413
48 60 11 231
48 68 41 313
48 73 47 44
48 80 31 355
48 93 13 272
48 106 15 330
48 111 1 226
48 115 34 168
48 117 56 403
48 118 8 104
49 13 3 91
49 14 17 18
49 17 25 405
49 26 55 29
49 27 47 356
49 43 28 336
49 54 37 149
49 58 1 68
49 65 59 450
49 72 9 396
49 79 40 211
49 84 50 144
49 87 31 122
49 95 20 282
49 110 43 379
50 9 55 271
50 13 39 318
50 26 21 180
50 46 31 113
50 53 17 175
50 62 41 64
50 65 35 428
50 75 49 199
50 83 25 248
50 84 1 258
50 85 19 374
50 91 37 219
50 92 43 341
50 105 7 55
50 108 13 21
51 13 25 318
51 16 43 219
51 29 13 131
51 34 7 72
51 47 19 362
51 49 59 413
51 68 27 313
51 71 31 184
51 81 37 102
51 84 55 162
51 85 46 55
51 98 17 273
51 99 50 427
51 106 29 119
51 109 1 231
52 4 43 384
52 12 55 113
52 15 1 151
52 30 16 34
52 33 53 430
52 35 4 371
52 42 22 173
52 52 26 343
52 68 29 313
52 72 33 218
52 77 37 291
52 89 31 179
52 97 11 375
52 101 58 40
52 102 8 291
53 3 55 330
53 15 14 198
53 21 23 37
53 42 10 206
53 49 5 414
53 50 33 389
53 69 49 347
53 79 16 437
53 84 37 144
53 85 43 333
53 90 3 285
53 98 31 42
53 101 59 319
53 103 45 424
53 115 25 123
54 3 19 212
54 9 1 177
54 11 25 16
54 26 37 256
54 30 47 374
54 31 29 311
54 38 10 44
54 41 31 247
54 42 57 126
54 43 4 336
54 45 50 79
54 60 55 336
54 67 23 116
54 97 35 78
54 119 13 415
55 17 25 137
55 18 10 56
55 26 47 29
55 27 35 242
55 28 13 58
55 46 37 203
55 53 23 6
55 61 31 120
55 64 1 419
55 68 17 313
55 78 28 75
55 79 52 370
55 80 7 176
55 81 43 137
55 106 5 119
56 7 44 157
56 25 27 363
56 27 35 356
56 35 1 371
56 37 14 108
56 49 10 247
56 58 56 304
56 64 31 104
56 71 4 446
56 86 49 115
56 95 20 98
56 100 58 381
56 104 7 362
56 108 37 39
57 11 31 405
57 12 28 409
57 22 44 284
57 30 59 34
57 32 19 261
57 35 10 66
57 37 2 144
57 58 16 10
57 62 7 120
57 74 13 243
57 78 47 257
57 81 55 137
57 101 53 343
57 103 38 329
57 110 49 328
58 6 7 332
58 11 21 16
58 16 37 437
58 21 1 116
58 23 40 177
58 30 53 34
58 34 3 306
58 49 13 169
58 57 31 426
58 76 43 369
58 80 15 176
58 87 25 25
58 93 11 52
58 95 34 98
58 109 57 42
59 7 31 157
59 13 23 406
59 24 44 266
59 28 1 351
59 37 25 202
59 58 9 304
59 63 41 384
59 84 49 278
59 91 29 354
59 95 37 198
59 100 16 15
59 106 35 119
59 108 19 426
59 113 47 149
59 120 13 256
60 12 52 257
60 30 11 34
60 47 13 362
60 58 4 304
60 62 47 120
60 72 37 386
60 75 19 238
60 76 43 71
60 77 31 333
60 82 17 438
60 86 55 157
60 89 41 347
60 95 49 282
60 100 8 178
60 103 25 352
61 9 26 244
61 18 1 56
61 21 29 37
61 37 14 179
61 38 31 44
61 41 41 401
61 45 37 236
61 49 59 282
61 50 43 192
61 56 55 379
61 81 51 102
61 82 4 310
61 94 19 237
61 103 7 260
61 106 47 119
62 3 49 302
62 6 55 345
62 9 7 244
62 12 19 406
62 16 40 238
62 22 22 217
62 30 5 102
62 34 15 183
62 36 25 368
62 57 31 243
62 68 45 313
62 78 13 257
62 91 53 219
62 92 37 426
62 109 27 35
63 17 2 405
63 25 43 412
63 26 53 180
63 30 47 15
63 33 57 51
63 40 37 157
63 43 31 239
63 54 34 149
63 55 8 237
63 72 49 146
63 76 25 246
63 79 22 259
63 80 19 176
63 88 13 61
63 89 5 206
64 7 13 162
64 8 53 274
64 25 31 209
64 33 11 430
64 34 19 72
64 50 49 368
64 55 58 352
64 62 5 345
64 67 35 446
64 68 3 313
64 69 37 392
64 74 43 112
64 75 55 56
64 98 17 60
64 120 27 256
65 2 26 83
65 16 7 208
65 21 5 137
65 29 55 173
65 33 58 238
65 36 53 368
65 43 44 336
65 66 49 407
65 76 19 71
65 78 11 83
65 90 13 285
65 98 15 42
65 105 1 129
65 108 31 290
65 116 40 263
66 3 15 285
66 8 5 149
66 11 31 200
66 15 26 151
66 25 44 41
66 26 11 180
66 27 49 356
66 30 1 374
66 36 23 131
66 52 41 332
66 80 51 46
66 86 19 41
66 89 13 206
66 96 55 93
66 116 37 69
67 12 33 198
67 14 11 18
67 41 57 247
67 43 43 426
67 44 5 21
67 45 13 293
67 50 19 57
67 61 7 298
67 62 31 345
67 76 25 71
67 83 37 255
67 92 46 407
67 98 59 273
67 109 50 285
67 114 1 255
68 2 44 264
68 14 47 236
68 16 13 424
68 55 25 178
68 60 19 231
68 65 5 428
68 74 58 431
68 76 31 369
68 92 21 319
68 103 7 287
68 104 16 207
68 110 1 156
68 112 55 122
68 114 38 99
68 115 52 123
69 9 51 244
69 18 40 44
69 21 16 3
69 28 1 375
69 29 46 173
69 31 5 156
69 35 25 449
69 41 59 350
69 56 55 388
69 74 7 431
69 76 31 316
69 89 43 211
69 100 37 354
69 107 49 312
69 110 21 379
70 1 5 264
70 4 57 405
70 15 25 198
70 19 11 190
70 24 49 240
70 26 55 180
70 51 31 208
70 59 7 310
70 62 17 345
70 73 2 44
70 85 41 55
70 96 13 22
70 116 44 48
70 117 19 6
70 118 52 272
71 3 19 302
71 10 7 384
71 17 25 225
71 26 29 29
71 33 47 57
71 39 50 445
71 55 1 373
71 58 58 249
71 83 43 120
71 96 37 80
71 106 11 330
71 108 13 303
71 113 23 367
71 117 31 281
71 120 55 372
72 5 49 378
72 9 45 43
72 11 33 16
72 23 1 228
72 27 7 251
72 39 37 208
72 51 25 434
72 79 14 370
72 83 56 101
72 84 19 144
72 85 53 306
72 89 10 211
72 90 5 285
72 91 41 409
72 104 28 92
73 4 49 69
73 17 31 169
73 18 46 46
73 19 23 373
73 22 43 299
73 32 16 261
73 37 7 179
73 39 39 445
73 41 53 116
73 51 34 208
73 60 3 90
73 90 59 234
73 94 28 8
73 110 19 103
73 114 55 167
74 13 13 91
74 16 15 343
74 19 51 190
74 25 43 209
74 35 4 449
74 59 37 249
74 62 29 120
74 74 11 112
74 77 32 25
74 89 23 295
74 93 19 79
74 95 1 282
74 102 9 349
74 105 55 224
74 106 41 119
75 5 13 87
75 8 11 104
75 16 49 219
75 18 28 57
75 29 7 131
75 35 56 371
75 54 25 106
75 59 19 249
75 62 23 411
75 81 2 251
75 83 33 255
75 85 59 306
75 96 43 51
75 101 53 444
75 117 37 6
76 3 55 434
76 15 53 326
76 24 37 175
76 32 45 76
76 41 23 200
76 56 7 274
76 72 25 386
76 77 14 161
76 81 49 415
76 92 34 359
76 96 19 185
76 111 43 397
76 114 1 167
76 120 31 256
77 4 56 239
77 5 7 87
77 25 43 363
77 32 16 372
77 34 49 261
77 50 37 447
77 61 2 271
77 71 19 114
77 86 33 247
77 94 22 237
77 105 10 129
77 108 25 303
77 113 47 367
77 118 13 287
78 5 55 256
78 8 11 274
78 10 14 384
78 17 8 258
78 50 3 34
78 52 29 108
78 55 26 60
78 58 43 304
78 59 38 419
78 70 19 413
78 76 32 246
78 82 59 438
78 94 49 181
78 116 45 261
79 3 44 330
79 6 37 397
79 36 23 368
79 40 2 436
79 49 41 169
79 53 53 333
79 62 55 64
79 64 49 419
79 71 25 301
79 83 19 371
79 89 34 206
79 95 28 221
79 107 57 312
79 110 13 36
79 117 7 430
80 1 53 266
80 11 37 16
80 19 20 336
80 21 59 447
80 23 16 193
80 25 7 209
80 47 49 414
80 58 56 249
80 59 31 358
80 69 26 347
80 90 41 285
80 102 35 291
80 110 1 289
80 112 22 158
80 115 44 318
81 5 43 355
81 14 29 95
81 15 39 326
81 19 41 306
81 20 3 200
81 25 13 276
81 37 33 179
81 43 22 324
81 46 25 180
81 47 49 362
81 60 7 90
81 78 17 419
81 80 19 5
81 93 58 52
81 103 9 35
82 6 49 345
82 18 16 56
82 40 25 388
82 55 58 60
82 67 47 71
82 73 41 39
82 74 5 243
82 79 7 370
82 88 1 99
82 92 43 359
82 99 19 115
82 103 31 352
82 111 23 278
82 116 37 237
83 22 7 68
83 30 53 405
83 35 44 371
83 39 31 298
83 49 23 282
83 50 25 367
83 52 35 108
83 59 49 73
83 62 1 76
83 76 39 361
83 80 10 176
83 87 13 425
83 93 21 272
83 99 55 66
83 115 3 168
84 14 41 236
84 23 34 193
84 30 49 102
84 41 5 350
84 45 56 408
84 51 14 46
84 53 31 301
84 74 22 431
84 87 26 122
84 88 45 112
84 89 11 179
84 98 53 273
84 101 19 444
84 108 7 303
84 110 1 358
85 9 1 244
85 20 49 408
85 31 35 341
85 32 58 151
85 37 31 365
85 38 7 116
85 43 44 239
85 47 25 406
85 48 19 356
85 58 13 304
85 64 15 11
85 69 38 79
85 71 4 416
85 78 10 418
85 93 56 52
86 11 44 200
86 14 21 236
86 26 57 180
86 29 27 84
86 43 40 426
86 49 9 169
86 53 55 132
86 80 49 4
86 86 13 115
86 90 1 396
86 94 37 436
86 98 53 60
86 101 5 167
86 109 33 15
86 113 31 149
87 2 31 80
87 4 25 207
87 23 39 193
87 30 7 374
87 37 49 425
87 54 43 37
87 58 1 304
87 70 19 82
87 78 59 257
87 93 46 52
87 100 34 75
87 104 4 362
87 113 57 149
87 114 13 167
87 119 9 344
88 11 33 162
88 14 53 95
88 15 31 198
88 32 10 261
88 44 17 21
88 48 21 257
88 49 56 326
88 59 25 73
88 72 13 386
88 74 5 431
88 78 3 83
88 82 8 438
88 97 47 350
88 98 29 273
88 114 38 300
89 19 34 190
89 21 29 137
89 28 43 58
89 43 49 184
89 58 32 304
89 60 47 48
89 70 38 95
89 73 10 6
89 76 25 117
89 77 19 333
89 81 2 391
89 87 57 64
89 91 52 354
89 101 7 343
89 119 14 388
90 42 50 173
90 44 31 374
90 50 56 114
90 52 35 332
90 55 40 178
90 62 29 64
90 63 7 403
90 69 15 325
90 71 1 446
90 73 23 370
90 83 25 428
90 94 46 179
90 95 20 271
90 103 9 124
90 120 37 184
91 4 19 69
91 12 50 409
91 16 25 238
91 17 43 405
91 34 7 424
91 43 13 239
91 52 11 419
91 58 28 304
91 64 32 284
91 72 55 396
91 73 53 6
91 79 46 437
91 108 2 125
91 115 39 123
92 9 16 85
92 14 59 236
92 24 34 378
92 44 21 415
92 46 27 203
92 53 25 175
92 65 5 450
92 78 3 75
92 88 7 112
92 93 1 195
92 97 53 422
92 105 13 55
92 111 11 445
92 117 49 6
92 120 38 372
93 1 25 38
93 3 55 302
93 7 31 311
93 23 20 326
93 39 27 208
93 43 49 426
93 48 38 356
93 71 3 301
93 74 52 431
93 86 14 156
93 88 43 60
93 107 59 296
93 119 7 46
94 12 28 169
94 13 1 406
94 21 33 3
94 25 13 150
94 33 17 57
94 36 3 368
94 37 44 108
94 40 49 433
94 52 5 419
94 53 10 175
94 79 58 226
94 93 40 52
94 94 25 8
94 115 7 163
94 116 19 81
95 1 53 38
95 4 43 119
95 5 1 93
95 11 49 405
95 43 55 433
95 46 32 102
95 52 41 343
95 54 58 192
95 67 4 116
95 69 19 392
95 82 11 260
95 83 13 255
95 100 27 381
95 105 37 296
95 108 7 39
96 6 49 443
96 7 44 450
96 10 27 81
96 21 17 137
96 32 4 212
96 34 55 78
96 36 41 122
96 51 22 46
96 57 34 426
96 67 53 447
96 79 31 126
96 81 37 137
96 94 13 181
96 104 19 80
96 105 1 290
97 4 43 446
97 8 33 301
97 18 19 217
97 30 23 102
97 31 47 371
97 56 15 306
97 59 3 48
97 63 59 137
97 73 29 300
97 85 1 333
97 88 55 99
97 91 13 219
97 92 52 341
97 95 25 221
97 103 39 352
98 7 13 311
98 9 55 233
98 10 26 5
98 13 35 406
98 30 41 71
98 50 7 192
98 63 43 403
98 66 46 81
98 80 1 355
98 85 17 333
98 88 49 112
98 95 58 221
98 109 19 42
98 110 31 196
98 116 4 81
99 5 52 378
99 7 57 132
99 23 49 39
99 36 1 368
99 40 37 351
99 47 31 362
99 55 16 217
99 59 19 447
99 69 7 325
99 73 11 39
99 85 5 374
99 95 13 98
99 97 47 422
99 105 43 296
99 109 25 168
100 13 37 318
100 18 58 56
100 19 25 306
100 29 28 194
100 41 44 247
100 70 7 82
100 88 14 112
100 89 19 211
100 91 11 219
100 100 52 381
100 105 40 233
100 106 5 73
100 108 31 21
100 109 1 140
100 118 21 106
101 1 25 264
101 32 4 328
101 38 8 346
101 40 19 340
101 41 55 247
101 50 37 34
101 54 16 192
101 57 13 18
101 78 2 257
101 79 34 126
101 93 23 385
101 98 11 200
101 106 29 330
101 107 43 312
101 110 57 36
102 24 58 240
102 26 41 180
102 33 29 238
102 40 43 99
102 42 7 126
102 46 49 203
102 51 10 248
102 55 3 268
102 56 31 306
102 60 1 48
102 85 47 251
102 102 25 349
102 108 13 411
102 111 17 391
102 112 21 291
103 5 51 87
103 9 43 85
103 25 57 225
103 31 26 341
103 58 17 249
103 64 1 104
103 67 5 22
103 84 9 142
103 85 21 374
103 87 37 221
103 89 46 206
103 93 7 272
103 96 13 37
103 103 33 260
103 107 31 312
104 7 50 432
104 32 19 158
104 35 4 66
104 36 29 76
104 38 40 346
104 54 22 264
104 55 1 8
104 60 35 157
104 72 25 273
104 83 43 248
104 85 31 272
104 96 13 80
104 98 7 50
104 104 10 362
104 105 37 233
105 10 15 206
105 15 11 434
105 42 22 308
105 46 56 102
105 49 1 413
105 51 19 161
105 61 3 221
105 72 49 386
105 83 7 428
105 103 37 135
105 109 25 231
105 110 31 73
105 112 43 370
105 120 46 449
106 24 14 266
106 25 55 386
106 53 35 132
106 63 5 384
106 76 1 361
106 81 50 401
106 88 19 350
106 91 25 354
106 93 23 272
106 95 40 282
106 96 31 88
106 103 44 35
106 109 27 380
106 114 7 29
107 2 43 449
107 9 46 438
107 12 37 169
107 23 15 326
107 24 28 401
107 25 31 282
107 26 25 256
107 40 51 18
107 51 19 95
107 54 40 264
107 64 55 104
107 83 1 101
107 89 5 179
107 95 22 198
107 108 7 249
108 1 11 38
108 4 1 22
108 16 19 177
108 21 17 311
108 24 46 175
108 32 8 372
108 48 31 356
108 65 29 428
108 66 58 346
108 90 35 234
108 100 43 354
108 103 13 260
108 107 27 266
108 108 37 21
108 115 50 168
109 2 19 83
109 9 13 85
109 12 49 257
109 13 5 91
109 22 52 407
109 23 43 326
109 25 55 209
109 35 10 207
109 70 1 95
109 88 25 234
109 90 16 92
109 106 35 37
109 116 7 69
109 117 31 430
109 118 46 272
110 8 55 149
110 46 7 203
110 53 20 175
110 62 17 64
110 64 31 343
110 67 47 114
110 77 26 291
110 80 49 5
110 82 1 40
110 87 3 25
110 90 41 234
110 92 22 341
110 100 13 225
110 101 11 390
110 102 53 349
111 5 50 90
111 10 31 10
111 14 23 236
111 20 55 200
111 22 1 407
111 45 19 386
111 54 46 316
111 63 53 42
111 66 28 407
111 81 37 251
111 84 7 162
111 92 43 169
111 95 4 282
111 103 13 329
111 106 17 119
112 14 11 236
112 25 32 386
112 32 58 224
112 34 7 422
112 36 17 131
112 38 4 44
112 40 25 311
112 44 47 220
112 55 13 178
112 84 37 278
112 101 41 444
112 102 56 349
112 110 19 358
112 116 49 81
112 118 43 106
113 3 43 319
113 8 41 149
113 9 31 244
113 29 25 173
113 35 28 371
113 39 7 135
113 48 1 113
113 51 34 427
113 61 20 94
113 79 55 370
113 84 49 207
113 91 37 409
113 96 13 51
113 100 58 75
113 101 39 444
114 15 9 198
114 34 55 422
114 37 43 365
114 39 15 135
114 40 1 340
114 43 34 52
114 65 47 38
114 79 37 38
114 82 13 438
114 90 7 396
114 91 23 219
114 93 20 52
114 100 25 419
114 115 31 168
114 119 50 26
115 2 52 50
115 21 16 220
115 35 46 207
115 44 1 92
115 66 31 407
115 78 35 257
115 80 13 355
115 84 3 143
115 89 59 295
115 92 55 319
115 93 41 280
115 103 37 424
115 108 8 21
115 114 19 300
115 115 28 123
116 16 43 238
116 23 57 177
116 24 4 266
116 26 25 91
116 48 20 294
116 56 27 295
116 69 31 347
116 70 13 418
116 72 9 364
116 76 49 71
116 81 39 36
116 97 1 78
116 104 46 3
116 113 17 149
117 14 17 72
117 16 4 55
117 38 19 145
117 54 22 192
117 55 7 60
117 59 43 66
117 61 25 120
117 66 31 444
117 75 55 238
117 80 58 304
117 91 34 354
117 96 37 93
117 101 10 444
117 111 47 445
117 120 1 184
118 3 25 330
118 7 49 130
118 15 13 151
118 18 31 46
118 26 1 75
118 27 59 356
118 33 47 51
118 37 43 25
118 55 16 237
118 75 34 31
118 76 55 246
118 81 39 391
118 87 20 64
118 99 7 427
118 112 4 51
119 12 1 169
119 28 37 78
119 36 55 131
119 39 27 135
119 43 58 336
119 62 35 120
119 67 20 318
119 70 49 413
119 72 31 273
119 73 25 370
119 78 4 257
119 103 14 35
119 106 41 330
119 116 8 340
119 117 44 6
120 9 13 244
120 15 11 198
120 22 7 280
120 25 1 412
120 38 49 220
120 44 41 220
120 46 19 203
120 52 23 343
120 54 43 316
120 63 35 384
120 67 29 71
120 70 55 21
120 84 31 144
120 106 53 330
120 114 37 29
121 12 10 406
121 31 59 341
121 41 7 226
121 47 43 224
121 59 37 48
121 62 17 411
121 69 21 79
121 70 31 82
121 84 55 144
121 87 1 242
121 97 19 422
121 98 5 56
121 104 14 240
121 113 27 349
121 119 50 250
122 5 32 93
122 9 8 43
122 12 37 87
122 31 29 72
122 49 11 414
122 75 57 293
122 77 43 234
122 81 19 137
122 85 35 374
122 87 13 122
122 96 1 185
122 102 40 110
122 103 49 424
122 111 5 226
122 112 26 51
123 19 37 190
123 23 7 167
123 26 51 256
123 33 46 359
123 38 55 116
123 39 21 143
123 41 19 247
123 44 29 266
123 55 31 8
123 63 16 256
123 82 5 438
123 93 27 52
123 94 43 425
123 102 1 212
123 110 39 73
124 11 45 16
124 31 59 371
124 32 21 151
124 46 49 180
124 47 39 350
124 56 7 306
124 60 28 90
124 72 3 396
124 82 19 438
124 83 55 196
124 96 14 93
124 98 25 56
124 111 35 278
124 114 31 62
125 5 7 184
125 22 40 112
125 28 57 176
125 31 31 16
125 35 4 442
125 43 10 426
125 58 1 249
125 59 49 358
125 68 55 313
125 71 44 114
125 74 34 431
125 80 16 211
125 95 28 282
125 96 19 22
125 111 53 278
126 1 11 273
126 3 31 411
126 14 49 236
126 21 5 37
126 52 35 343
126 60 53 157
126 73 28 6
126 79 21 38
126 80 45 211
126 88 55 234
126 92 13 359
126 98 37 56
126 99 7 407
126 108 1 426
126 112 25 446
127 1 59 414
127 12 3 409
127 22 22 427
127 38 19 116
127 39 37 413
127 46 44 180
127 75 52 56
127 79 27 38
127 99 31 115
127 102 10 291
127 105 7 233
127 110 13 358
127 111 17 275
127 117 55 145
128 15 46 326
128 22 16 284
128 25 49 209
128 27 53 251
128 46 56 375
128 68 37 313
128 74 29 431
128 82 23 438
128 84 31 278
128 89 39 206
128 90 19 415
128 91 35 409
128 98 11 42
128 105 13 224
128 106 41 37
129 2 31 50
129 10 37 384
129 15 19 151
129 20 44 147
129 26 49 256
129 38 16 116
129 45 51 320
129 47 1 37
129 62 23 120
129 64 25 104
129 76 9 316
129 95 58 298
129 97 5 375
129 111 7 278
129 120 13 372
130 6 49 332
130 9 16 244
130 17 40 405
130 24 22 175
130 27 26 356
130 35 19 338
130 45 7 360
130 72 44 273
130 77 3 333
130 78 11 257
130 82 53 40
130 83 32 248
130 90 29 267
130 101 14 444
130 103 55 35
131 3 8 319
131 16 19 55
131 17 22 80
131 19 29 373
131 29 43 131
131 36 13 176
131 41 17 401
131 58 49 304
131 59 31 310
131 77 51 113
131 78 25 418
131 82 39 40
131 102 1 354
131 107 4 312
131 113 27 149
132 6 37 62
132 22 34 280
132 39 25 413
132 51 13 248
132 70 19 367
132 72 43 146
132 81 51 391
132 84 9 278
132 88 2 60
132 98 49 42
132 100 16 75
132 107 23 312
132 110 55 73
132 118 31 424
133 1 35 266
133 2 40 449
133 11 9 119
133 39 44 298
133 41 17 247
133 49 7 169
133 54 25 379
133 63 21 403
133 65 23 450
133 74 53 112
133 88 49 418
133 95 37 271
133 99 3 40
133 110 31 224
133 117 56 106
134 7 49 157
134 13 5 406
134 15 43 198
134 19 17 426
134 27 59 251
134 38 34 346
134 46 37 180
134 61 55 275
134 81 1 401
134 84 13 278
134 88 19 112
134 96 8 185
134 102 23 110
134 105 31 55
134 120 26 372
135 4 25 350
135 25 43 225
135 28 7 132
135 29 1 173
135 43 31 336
135 68 53 313
135 77 13 333
135 86 55 115
135 102 4 291
135 107 40 312
135 111 59 278
135 112 49 51
135 114 19 29
135 118 34 106
136 18 25 423
136 27 35 361
136 55 16 373
136 61 2 220
136 69 44 421
136 71 13 301
136 72 38 396
136 73 57 6
136 76 8 361
136 81 49 48
136 101 31 390
136 104 28 132
136 113 53 434
136 118 19 15
137 5 22 184
137 8 59 274
137 9 34 244
137 15 52 240
137 21 7 137
137 24 31 175
137 31 55 341
137 41 13 247
137 48 9 193
137 55 19 178
137 65 17 450
137 76 43 123
137 79 40 126
137 101 5 390
137 117 27 368
138 3 37 330
138 9 46 271
138 22 31 202
138 23 28 326
138 27 41 90
138 32 13 328
138 38 9 50
138 52 7 419
138 63 44 256
138 73 35 81
138 86 2 115
138 88 56 243
138 92 19 341
138 112 16 446
138 114 49 62
139 6 13 332
139 22 1 284
139 28 43 78
139 34 57 398
139 36 22 176
139 40 31 185
139 44 47 266
139 51 4 208
139 67 41 447
139 69 49 392
139 80 19 355
139 88 26 403
139 105 10 55
139 118 37 7
140 8 5 233
140 19 41 336
140 24 34 240
140 28 49 430
140 34 13 72
140 35 1 449
140 50 25 447
140 54 31 131
140 62 11 64
140 63 23 403
140 69 56 79
140 72 37 273
140 87 7 221
140 101 53 319
140 109 45 42
141 5 37 90
141 19 9 190
141 21 5 311
141 25 56 363
141 30 41 102
141 41 35 200
141 65 25 431
141 66 43 407
141 67 11 71
141 83 13 101
141 96 31 37
141 99 49 297
141 109 21 285
141 113 47 78
141 118 28 7
142 3 31 330
142 10 7 223
142 22 49 75
142 27 45 90
142 41 5 247
142 51 58 46
142 55 25 217
142 59 13 447
142 80 52 5
142 83 38 248
142 97 23 78
142 105 55 55
142 115 2 318
142 116 28 243
142 119 19 179
143 1 3 264
143 2 49 50
143 10 19 384
143 14 43 236
143 26 7 75
143 32 13 261
143 39 31 445
143 47 25 224
143 65 1 431
143 77 9 333
143 80 46 355
143 82 37 40
143 85 39 55
143 93 53 52
143 94 58 237
144 9 10 244
144 10 1 5
144 15 5 240
144 22 56 112
144 31 47 311
144 45 25 408
144 49 7 326
144 50 49 172
144 51 43 293
144 80 32 176
144 91 16 219
144 96 37 51
144 107 41 359
144 119 19 344
145 13 23 318
145 17 7 284
145 25 19 209
145 36 33 368
145 39 1 445
145 54 28 192
145 69 37 347
145 74 35 199
145 87 13 324
145 91 58 219
145 97 11 381
145 101 53 301
145 110 43 36
145 112 25 384
145 115 49 163
146 14 53 236
146 19 57 190
146 22 7 299
146 40 25 340
146 60 43 90
146 72 1 386
146 80 37 46
146 81 13 137
146 85 23 333
146 87 19 242
146 98 47 242
146 101 17 167
146 108 31 303
146 115 40 168
146 116 10 69
147 1 45 38
147 32 37 76
147 36 7 368
147 49 53 414
147 53 2 175
147 59 13 249
147 78 9 257
147 79 31 211
147 86 19 157
147 90 55 285
147 98 47 60
147 101 35 167
147 104 4 207
147 110 49 103
147 116 25 69
148 3 27 319
148 16 20 437
148 24 46 126
148 32 43 372
148 41 4 93
148 42 56 290
148 46 14 203
148 62 23 345
148 63 35 403
148 71 1 3
148 74 41 431
148 83 49 248
148 96 8 80
148 113 39 349
148 116 31 48
149 4 13 241
149 5 31 378
149 15 23 244
149 18 58 217
149 25 37 150
149 34 1 422
149 37 19 425
149 41 47 93
149 54 50 149
149 57 34 72
149 69 43 392
149 77 25 113
149 80 55 46
149 101 29 390
149 119 7 415
150 12 7 406
150 18 40 423
150 27 29 251
150 32 34 372
150 40 55 351
150 47 13 406
150 60 23 48
150 66 51 396
150 76 19 123
150 78 5 83
150 80 37 211
150 101 44 390
150 102 17 300
150 115 10 123
150 118 2 18
151 19 17 190
151 32 46 372
151 42 49 126
151 54 3 192
151 55 40 60
151 59 25 249
151 69 55 347
151 70 31 145
151 74 59 199
151 77 13 291
151 79 43 437
151 102 1 110
151 106 35 330
151 110 7 73
151 114 20 167
152 1 5 273
152 8 25 149
152 19 49 190
152 20 31 275
152 29 10 173
152 32 43 212
152 46 51 375
152 47 19 43
152 74 29 112
152 81 13 401
152 89 1 211
152 97 35 381
152 107 17 312
152 112 7 51
152 118 58 15
153 15 17 240
153 20 7 200
153 21 59 220
153 38 31 183
153 44 13 416
153 48 1 389
153 52 23 123
153 63 19 403
153 64 49 217
153 80 34 241
153 82 15 438
153 99 45 304
153 104 55 192
153 112 28 446
153 117 38 430
154 7 7 157
154 16 43 55
154 36 17 122
154 38 49 116
154 42 37 126
154 45 13 236
154 49 55 169
154 65 11 428
154 82 41 310
154 83 27 196
154 92 31 212
154 94 46 237
154 101 25 319
154 102 1 300
154 103 19 329
155 2 52 449
155 14 32 72
155 38 34 50
155 52 19 332
155 60 13 157
155 62 5 64
155 67 47 447
155 75 10 199
155 76 43 361
155 78 29 257
155 100 7 15
155 104 21 92
155 105 16 224
155 108 25 21
155 110 1 36
156 3 49 346
156 10 19 310
156 19 23 193
156 33 1 359
156 35 37 66
156 37 44 150
156 45 8 293
156 50 55 34
156 61 13 275
156 74 17 243
156 80 40 241
156 88 25 112
156 93 4 52
156 114 31 300
157 1 1 38
157 10 56 223
157 20 31 147
157 22 46 280
157 24 22 378
157 37 7 412
157 40 15 157
157 42 3 126
157 56 25 115
157 62 13 120
157 67 11 225
157 76 49 246
157 92 19 359
157 107 39 359
157 113 41 78
158 1 27 264
158 16 57 29
158 20 19 200
158 26 11 75
158 34 33 422
158 44 43 21
158 50 38 57
158 53 5 361
158 63 55 42
158 72 45 364
158 74 2 243
158 100 8 225
158 105 52 224
158 115 16 123
158 118 13 194
159 2 49 83
159 4 27 22
159 8 59 104
159 16 16 238
159 24 4 378
159 27 14 356
159 30 7 405
159 51 40 46
159 60 47 231
159 67 10 114
159 71 37 114
159 82 21 40
159 90 23 234
159 100 31 354
159 102 19 349
160 7 1 132
160 8 41 104
160 22 22 233
160 35 13 207
160 48 31 257
160 51 26 293
160 62 59 120
160 65 35 38
160 73 29 52
160 81 50 137
160 87 44 64
160 92 7 359
160 93 11 385
160 111 5 445
160 120 16 110
161 4 31 69
161 35 50 267
161 39 43 445
161 44 41 21
161 51 58 61
161 68 15 313
161 77 1 161
161 78 56 83
161 101 22 444
161 107 47 312
161 108 37 303
161 110 7 358
161 114 25 167
161 120 19 256
162 5 13 378
162 6 25 397
162 8 23 274
162 20 49 93
162 30 3 374
162 32 32 261
162 36 5 368
162 37 43 199
162 41 35 93
162 42 9 401
162 65 41 450
162 72 19 146
162 78 7 83
162 98 29 200
162 105 16 129
163 2 19 264
163 8 31 274
163 18 22 183
163 19 39 190
163 31 17 16
163 34 49 72
163 35 33 66
163 39 13 449
163 55 10 268
163 57 56 344
163 77 25 161
163 89 37 206
163 107 45 312
163 114 2 299
163 120 7 202
164 6 7 397
164 9 28 85
164 16 40 267
164 22 13 284
164 26 59 180
164 35 49 449
164 36 38 223
164 37 55 58
164 41 17 226
164 56 19 306
164 72 44 386
164 74 26 199
164 87 1 64
164 111 35 391
164 114 31 167
165 1 9 38
165 2 22 83
165 9 58 271
165 20 25 93
165 41 29 93
165 50 13 57
165 52 53 332
165 58 4 249
165 70 31 418
165 86 49 361
165 93 2 52
165 105 19 290
165 109 43 142
165 116 37 243
165 118 40 7
166 1 59 264
166 5 25 87
166 7 7 450
166 12 20 409
166 30 23 34
166 61 49 298
166 72 1 273
166 81 32 401
166 98 13 42
166 99 37 407
166 109 43 82
166 111 17 278
166 114 55 300
166 116 28 69
167 17 40 225
167 22 37 112
167 23 43 39
167 24 25 110
167 34 7 183
167 36 46 131
167 57 4 344
167 64 31 363
167 65 53 450
167 77 55 98
167 78 17 83
167 97 13 381
167 100 1 178
167 101 19 390
167 106 49 37
168 4 37 22
168 6 8 345
168 7 25 450
168 15 53 198
168 20 49 147
168 27 29 359
168 31 57 341
168 33 4 238
168 36 31 368
168 39 21 135
168 44 13 220
168 74 15 243
168 99 43 427
168 101 19 319
168 114 33 29
169 2 52 264
169 5 25 378
169 8 31 233
169 13 17 406
169 15 3 240
169 37 37 365
169 44 7 220
169 48 43 257
169 68 33 313
169 74 1 199
169 85 13 306
169 91 21 354
169 94 10 8
169 101 49 444
169 113 35 367
170 1 29 414
170 7 31 132
170 8 35 104
170 13 3 406
170 17 37 388
170 31 16 341
170 60 23 157
170 66 55 407
170 70 50 82
170 76 9 246
170 88 19 243
170 93 7 52
170 99 43 297
170 116 58 69
170 118 13 104
171 16 55 219
171 17 37 405
171 23 4 53
171 24 31 240
171 27 17 359
171 29 58 173
171 35 19 449
171 52 47 332
171 61 13 271
171 87 49 324
171 96 43 93
171 97 25 381
171 100 1 15
171 109 7 231
171 111 29 278
172 2 40 50
172 6 9 154
172 15 7 198
172 22 46 299
172 34 14 422
172 54 49 106
172 55 37 178
172 56 55 306
172 57 1 344
172 93 4 272
172 98 23 42
172 99 31 297
172 103 25 329
172 109 19 142
172 116 52 263
173 13 35 318
173 23 31 193
173 24 43 401
173 27 13 90
173 40 49 99
173 46 55 203
173 47 8 224
173 51 40 172
173 84 19 278
173 85 47 306
173 100 4 225
173 104 37 92
173 110 26 358
173 115 15 114
173 118 1 424
174 12 16 87
174 42 13 126
174 45 9 226
174 50 39 418
174 61 49 120
174 62 37 64
174 81 19 48
174 84 31 207
174 86 25 157
174 102 1 349
174 112 56 384
174 117 43 130
174 120 4 365
175 3 37 302
175 10 33 223
175 11 8 16
175 18 25 416
175 24 19 296
175 29 4 173
175 35 22 66
175 48 43 414
175 54 56 264
175 59 49 296
175 83 13 196
175 101 41 390
175 104 28 240
175 112 1 51
176 8 29 149
176 16 22 238
176 18 56 413
176 21 7 311
176 26 31 29
176 34 25 261
176 49 51 326
176 55 46 178
176 60 11 157
176 63 17 347
176 65 43 431
176 93 49 272
176 95 2 198
176 104 13 340
176 118 37 60
177 2 25 80
177 22 20 299
177 24 40 378
177 42 16 126
177 50 49 158
177 51 1 208
177 54 13 149
177 68 59 313
177 70 31 367
177 81 43 251
177 89 47 347
177 98 23 242
177 103 55 135
177 109 7 42
177 118 4 7
178 7 37 450
178 15 9 326
178 17 22 405
178 21 29 427
178 22 25 407
178 30 55 374
178 45 45 139
178 50 31 34
178 55 49 10
178 59 57 48
178 75 52 238
178 76 2 71
178 83 13 428
178 102 17 291
178 104 19 240
179 12 37 50
179 18 19 44
179 26 23 180
179 37 55 365
179 54 1 26
179 58 16 304
179 62 5 411
179 68 25 313
179 78 59 419
179 80 50 211
179 84 31 263
179 97 29 422
179 113 53 367
179 117 9 403
179 118 43 7
180 9 37 438
180 13 11 91
180 23 40 11
180 31 59 16
180 32 14 158
180 35 19 66
180 67 22 446
180 84 44 258
180 87 26 31
180 89 8 206
180 92 1 319
180 110 55 328
180 114 31 99
180 119 49 95
180 120 4 184
181 9 46 244
181 24 38 266
181 26 21 91
181 30 23 374
181 37 14 202
181 45 32 236
181 46 26 375
181 51 49 434
181 52 11 332
181 57 43 243
181 67 5 318
181 83 1 248
181 90 19 396
181 98 41 273
181 102 8 110
182 6 19 443
182 9 31 438
182 15 59 198
182 30 11 102
182 35 25 371
182 47 1 224
182 48 7 388
182 70 49 329
182 80 43 46
182 81 55 291
182 90 29 396
182 94 34 8
182 115 37 168
182 116 46 69
182 118 16 7
183 5 55 378
183 9 58 244
183 25 26 139
183 26 4 180
183 29 1 202
183 45 44 226
183 46 50 390
183 48 8 356
183 50 31 114
183 60 17 336
183 77 19 284
183 108 13 39
183 110 39 379
184 6 55 443
184 7 43 311
184 10 31 5
184 22 22 407
184 28 37 261
184 33 1 306
184 41 3 226
184 63 11 384
184 71 19 446
184 72 13 259
184 77 7 217
184 82 29 260
184 83 25 255
184 87 50 122
184 107 17 296
185 28 13 78
185 41 53 350
185 49 1 247
185 64 55 343
185 74 39 431
185 79 32 370
185 82 17 40
185 83 19 295
185 88 7 99
185 91 5 219
185 93 44 52
185 94 28 425
185 105 49 224
185 112 25 280
185 113 46 349
186 1 4 38
186 18 27 56
186 19 25 190
186 21 31 3
186 26 19 180
186 30 43 374
186 47 13 350
186 57 55 381
186 67 23 447
186 75 37 199
186 78 9 83
186 80 40 355
186 96 45 80
186 109 33 380
186 116 52 81
187 3 31 302
187 7 19 450
187 9 51 177
187 22 43 280
187 48 38 257
187 54 4 106
187 59 13 419
187 60 29 157
187 76 55 316
187 82 49 438
187 86 25 41
187 90 46 396
187 98 35 56
187 111 11 391
187 115 1 123
188 2 34 80
188 6 1 332
188 7 19 248
188 19 32 190
188 27 5 162
188 45 49 226
188 47 25 362
188 57 37 344
188 70 7 84
188 74 56 431
188 109 43 285
188 113 17 349
188 116 58 172
188 117 13 403
188 120 40 202
189 7 43 132
189 24 49 266
189 33 29 51
189 49 3 247
189 50 7 389
189 59 25 296
189 76 37 71
189 82 47 40
189 94 32 237
189 95 52 282
189 99 55 427
189 103 13 352
189 107 59 359
189 120 21 372
190 2 19 50
190 14 23 72
190 16 43 271
190 19 55 190
190 25 50 225
190 28 25 176
190 46 31 108
190 49 35 413
190 57 40 344
190 67 47 225
190 74 10 431
190 88 1 350
190 90 29 234
190 106 5 330
190 118 58 7
191 3 7 302
191 16 45 208
191 38 31 116
191 66 1 81
191 68 51 313
191 74 5 199
191 77 25 284
191 79 37 370
191 85 23 397
191 87 19 122
191 97 11 78
191 111 43 391
191 113 55 367
191 116 13 48
191 118 34 7
192 12 25 257
192 13 31 91
192 18 55 44
192 19 28 190
192 21 10 311
192 26 14 180
192 30 51 374
192 44 33 266
192 56 1 324
192 63 5 347
192 71 7 301
192 97 22 381
192 111 17 445
192 112 46 83
192 114 37 167
193 2 31 258
193 6 43 332
193 10 2 223
193 33 29 430
193 37 13 199
193 47 55 362
193 48 25 414
193 55 50 373
193 58 34 304
193 65 59 38
193 74 53 243
193 75 8 238
193 77 39 333
193 91 17 409
193 100 22 225
194 2 4 50
194 4 43 22
194 10 56 5
194 11 25 40
194 29 40 131
194 31 53 16
194 38 1 145
194 44 23 329
194 73 17 370
194 81 31 391
194 89 20 206
194 92 49 354
194 103 8 267
194 116 37 263
194 119 13 250
195 6 56 332
195 7 49 228
195 12 10 409
195 14 35 95
195 30 29 34
195 35 7 66
195 37 1 179
195 45 43 320
195 51 22 293
195 69 31 79
195 77 37 217
195 96 25 37
195 116 16 340
195 118 13 7
196 11 43 303
196 21 35 3
196 22 10 299
196 25 49 188
196 32 13 76
196 51 57 248
196 56 1 295
196 58 19 304
196 71 16 301
196 78 7 257
196 88 38 403
196 97 53 203
196 100 25 15
196 104 22 355
196 118 28 18
197 7 20 162
197 8 3 149
197 14 11 95
197 23 56 39
197 27 5 242
197 36 59 368
197 38 7 44
197 44 29 220
197 47 25 210
197 59 32 249
197 60 1 90
197 83 49 371
197 87 13 25
197 95 40 198
197 109 43 15
198 8 7 149
198 9 10 233
198 10 31 384
198 24 55 266
198 30 29 102
198 42 15 173
198 53 13 175
198 54 37 83
198 56 51 191
198 71 4 3
198 72 21 396
198 95 40 271
198 101 58 301
198 114 43 29
198 117 25 430
199 19 46 190
199 23 52 167
199 33 35 306
199 34 38 183
199 42 28 173
199 52 23 108
199 58 7 304
199 63 49 403
199 72 19 273
199 75 13 238
199 77 31 291
199 92 16 169
199 103 2 35
199 107 10 312
199 115 57 318
200 5 28 378
200 13 23 91
200 26 7 180
200 37 50 202
200 42 31 206
200 46 19 108
200 47 43 362
200 76 38 117
200 82 56 40
200 94 58 179
200 113 10 87
200 115 4 123
200 119 13 95
200 120 1 365
201 3 14 319
201 16 45 177
201 17 34 161
201 18 31 57
201 37 55 25
201 44 37 374
201 46 39 8
201 54 19 37
201 55 7 373
201 57 22 316
201 58 11 304
201 67 59 57
201 69 50 325
201 84 27 36
201 100 4 15
202 15 55 198
202 17 1 388
202 37 43 202
202 39 13 445
202 47 57 340
202 48 19 244
202 55 4 373
202 58 53 304
202 59 38 358
202 61 26 275
202 74 31 112
202 79 34 211
202 95 50 198
202 117 9 368
203 5 51 300
203 6 37 345
203 14 5 18
203 17 1 80
203 19 23 190
203 26 29 180
203 53 49 175
203 59 13 296
203 65 11 450
203 68 21 313
203 81 7 102
203 88 55 450
203 97 17 375
203 98 26 200
203 108 43 411
204 16 34 177
204 18 10 416
204 21 23 311
204 30 47 34
204 34 27 306
204 35 7 207
204 47 55 414
204 58 40 304
204 59 43 73
204 90 1 285
204 102 3 349
204 105 31 296
204 108 19 39
204 109 50 169
204 114 13 300
205 7 55 311
205 9 4 177
205 15 11 151
205 23 22 177
205 34 50 78
205 49 46 169
205 52 29 419
205 53 59 333
205 54 19 316
205 61 33 94
205 69 7 79
205 99 13 407
205 107 31 266
205 110 25 156
205 116 40 69
206 4 37 207
206 18 25 57
206 21 23 137
206 30 1 34
206 32 16 328
206 34 3 78
206 38 28 116
206 40 44 433
206 41 19 401
206 49 59 169
206 60 50 336
206 61 32 215
206 66 13 434
206 86 7 41
206 94 52 8
207 12 31 409
207 15 57 198
207 20 37 275
207 66 16 444
207 71 19 301
207 83 49 196
207 84 7 36
207 89 1 206
207 91 11 354
207 92 22 359
207 98 41 200
207 108 45 21
207 109 3 117
207 111 35 397
207 120 25 6
208 8 47 104
208 22 40 299
208 25 21 188
208 29 10 202
208 43 7 336
208 63 2 42
208 68 5 313
208 75 37 172
208 85 25 333
208 89 17 295
208 95 34 271
208 104 49 192
208 107 19 312
208 109 43 231
208 117 13 6
209 4 49 239
209 14 53 72
209 16 26 219
209 32 22 261
209 46 38 375
209 49 11 169
209 50 55 447
209 63 35 137
209 83 31 295
209 84 7 144
209 88 1 234
209 96 43 88
209 117 13 316
210 9 25 43
210 23 31 39
210 27 23 361
210 34 38 422
210 36 17 223
210 42 28 126
210 45 1 236
210 46 19 113
210 53 51 175
210 62 53 120
210 70 7 145
210 72 13 273
210 90 49 396
210 103 55 329
210 116 43 69
211 11 50 41
211 19 41 373
211 40 55 391
211 43 2 433
211 46 43 8
211 51 37 293
211 77 9 234
211 82 19 40
211 90 29 285
211 93 16 52
211 98 23 60
211 111 35 445
211 114 25 300
211 117 31 27
212 3 39 319
212 11 25 119
212 16 46 343
212 17 43 161
212 25 31 41
212 28 13 375
212 34 19 78
212 57 52 426
212 61 1 120
212 72 56 146
212 78 5 75
212 102 17 354
212 115 49 123
212 119 7 26
213 12 43 409
213 26 53 256
213 32 28 199
213 43 46 282
213 45 19 320
213 47 55 350
213 48 37 328
213 59 1 447
213 61 49 275
213 63 59 384
213 94 25 237
213 95 16 282
213 104 10 355
213 113 5 434
213 117 31 128
214 1 7 264
214 6 31 332
214 7 19 311
214 9 4 141
214 23 1 193
214 47 50 43
214 51 46 274
214 64 9 343
214 82 13 40
214 89 23 179
214 90 25 88
214 94 16 8
214 104 57 355
214 109 38 42
215 18 20 416
215 37 7 365
215 49 34 326
215 57 1 72
215 71 28 301
215 79 55 211
215 82 4 260
215 83 49 295
215 84 13 144
215 85 37 272
215 98 44 438
215 105 25 290
215 112 40 370
215 113 17 78
215 115 31 123
216 18 4 46
216 19 1 190
216 20 37 147
216 22 33 112
216 28 21 132
216 40 49 340
216 56 26 274
216 65 19 38
216 73 46 370
216 74 11 243
216 80 7 355
216 93 41 272
216 96 56 80
216 97 31 422
216 114 14 29
217 8 1 149
217 20 49 200
217 28 26 351
217 36 41 368
217 38 55 50
217 42 37 173
217 46 31 180
217 53 19 132
217 63 17 42
217 66 10 81
217 73 22 52
217 79 7 437
217 80 58 211
217 82 35 438
217 116 3 69
218 2 14 83
218 5 46 151
218 13 35 91
218 17 28 225
218 19 37 193
218 24 43 110
218 25 7 139
218 37 21 365
218 47 55 37
218 80 2 176
218 87 39 425
218 94 25 425
218 104 50 355
218 109 31 81
219 4 25 239
219 7 1 450
219 17 19 225
219 28 13 351
219 48 7 414
219 49 17 415
219 50 31 192
219 51 55 61
219 53 29 175
219 73 35 370
219 74 23 112
219 83 37 196
219 86 49 47
219 88 45 403
219 106 11 449
220 8 5 274
220 18 44 44
220 32 31 372
220 39 25 445
220 46 37 390
220 67 16 318
220 69 1 392
220 75 49 238
220 82 29 438
220 86 55 156
220 96 9 93
220 102 14 110
220 117 20 430
220 120 34 256
221 5 10 378
221 8 41 80
221 26 23 29
221 30 17 102
221 37 31 199
221 56 2 379
221 64 19 234
221 75 55 7
221 85 49 374
221 89 8 211
221 97 59 422
221 103 43 352
221 104 52 3
221 105 13 233
221 108 25 426
222 7 49 162
222 10 55 206
222 15 35 151
222 27 5 90
222 41 7 93
222 45 43 360
222 52 20 343
222 53 11 132
222 82 23 40
222 87 1 425
222 99 26 297
222 104 13 132
222 109 37 15
222 113 17 196
222 114 31 299
223 2 1 50
223 6 33 345
223 29 7 94
223 45 55 373
223 46 14 113
223 50 43 447
223 62 26 64
223 92 10 359
223 94 4 8
223 99 37 297
223 102 31 349
223 103 19 35
223 114 49 29
223 116 28 433
224 6 45 397
224 9 28 58
224 13 41 91
224 16 49 437
224 22 52 299
224 25 31 188
224 64 21 422
224 72 13 396
224 87 37 122
224 97 26 422
224 101 5 319
224 102 7 349
224 108 1 303
224 115 10 168
224 117 55 430
225 1 40 38
225 24 46 373
225 29 16 84
225 40 31 340
225 41 59 200
225 43 13 336
225 48 19 193
225 52 43 419
225 72 25 396
225 73 29 370
225 77 50 284
225 81 55 415
225 97 5 422
225 103 1 267
225 106 9 330
226 5 31 90
226 19 4 190
226 25 56 41
226 38 19 220
226 40 50 311
226 51 1 46
226 61 37 120
226 78 35 419
226 89 41 206
226 93 9 272
226 94 46 425
226 97 17 350
226 115 22 114
226 116 43 237
226 118 26 272
227 5 7 378
227 7 31 450
227 15 25 240
227 21 49 3
227 22 37 299
227 41 47 247
227 44 53 21
227 58 51 304
227 59 43 358
227 60 22 336
227 62 41 120
227 70 55 418
227 83 1 428
227 88 13 99
227 108 27 39
228 8 22 149
228 14 47 72
228 15 19 198
228 22 31 437
228 41 37 116
228 48 8 328
228 50 43 34
228 56 14 274
228 67 53 114
228 85 59 374
228 89 3 206
228 92 25 169
228 98 29 60
228 100 39 381
228 113 1 367
229 20 13 147
229 26 41 256
229 32 7 151
229 51 22 95
229 53 27 175
229 55 55 129
229 64 37 104
229 73 34 6
229 79 10 437
229 85 29 55
229 95 31 271
229 97 49 375
229 105 1 55
229 107 5 359
229 115 52 318
230 5 16 184
230 9 46 233
230 20 55 147
230 22 19 427
230 30 14 34
230 52 22 332
230 54 28 379
230 56 38 274
230 66 43 396
230 70 31 84
230 72 49 273
230 76 1 246
230 79 25 437
230 99 7 297
231 9 31 177
231 11 1 16
231 13 7 91
231 26 5 29
231 32 37 151
231 55 50 178
231 57 46 381
231 68 35 313
231 69 56 392
231 70 25 82
231 84 19 263
231 104 40 340
231 107 29 296
231 113 14 349
231 118 16 424
232 6 15 397
232 7 37 162
232 14 35 18
232 25 56 412
232 27 27 359
232 39 19 208
232 56 49 274
232 63 41 137
232 65 23 428
232 68 9 313
232 74 13 431
232 75 4 172
232 82 7 40
232 84 44 144
232 120 1 6
233 2 4 80
233 10 7 275
233 17 34 169
233 22 25 233
233 23 21 390
233 24 51 110
233 35 58 449
233 73 11 424
233 97 37 381
233 102 49 349
233 104 28 3
233 110 13 73
233 114 43 300
233 118 31 106
233 120 1 372
234 2 49 264
234 5 34 178
234 14 3 359
234 21 11 37
234 25 38 363
234 27 59 361
234 33 47 430
234 41 1 200
234 45 43 408
234 49 23 326
234 62 5 120
234 76 13 246
234 94 7 8
234 102 29 349
234 112 55 158
235 2 19 258
235 14 5 95
235 19 53 190
235 27 59 90
235 41 38 247
235 51 22 161
235 56 44 203
235 57 14 344
235 64 1 363
235 71 7 114
235 77 55 333
235 84 49 227
235 87 26 242
235 115 10 318
235 117 31 403
236 5 43 444
236 24 46 240
236 30 13 15
236 32 40 151
236 34 31 56
236 41 15 247
236 55 57 8
236 65 35 450
236 67 55 225
236 71 37 3
236 73 28 44
236 77 50 161
236 98 4 42
236 107 21 312
236 120 7 256
237 1 11 425
237 22 49 299
237 27 53 361
237 31 40 341
237 35 16 371
237 50 27 418
237 54 58 83
237 55 13 129
237 95 20 221
237 98 23 273
237 107 25 312
237 114 45 167
237 118 4 424
237 119 31 95
237 120 7 6
238 14 49 18
238 16 1 437
238 17 46 405
238 18 10 7
238 38 52 44
238 49 41 326
238 50 31 172
238 53 35 333
238 68 7 313
238 84 13 263
238 100 28 178
238 101 59 444
238 103 19 260
238 109 37 244
238 116 55 69
239 33 11 57
239 43 34 239
239 45 20 408
239 48 13 389
239 53 17 361
239 55 4 178
239 60 55 48
239 61 25 271
239 64 7 294
239 78 29 83
239 100 1 381
239 107 59 312
239 112 52 51
239 113 38 336
239 117 44 145
240 3 19 411
240 11 13 16
240 18 52 57
240 25 25 412
240 32 4 372
240 33 17 51
240 58 23 249
240 65 29 450
240 67 35 225
240 91 46 219
240 92 49 341
240 99 57 297
240 100 43 381
240 107 7 312
240 113 11 149
241 1 25 266
241 22 16 233
241 24 46 406
241 25 7 363
241 32 58 212
241 35 13 371
241 36 11 76
241 48 31 388
241 61 27 94
241 65 41 428
241 66 19 346
241 67 53 71
241 93 35 79
241 99 1 297
241 120 22 256
242 9 10 85
242 10 49 384
242 13 29 91
242 19 53 231
242 22 58 263
242 25 25 209
242 28 31 375
242 33 35 238
242 44 17 266
242 45 13 408
242 51 7 248
242 81 1 219
242 96 19 93
242 111 37 391
242 116 39 433
243 2 43 50
243 9 58 85
243 15 11 240
243 18 19 46
243 21 17 37
243 25 37 209
243 64 49 363
243 75 22 172
243 76 25 316
243 82 3 438
243 87 7 122
243 88 32 60
243 105 46 296
243 107 15 312
243 116 55 172
244 9 19 233
244 11 13 119
244 29 4 131
244 32 1 328
244 39 8 413
244 44 35 21
244 47 37 406
244 80 22 5
244 81 25 251
244 83 55 428
244 89 41 179
244 98 17 242
244 102 29 212
244 110 31 36
244 116 44 242
245 19 47 319
245 25 1 188
245 27 28 356
245 31 23 371
245 32 49 372
245 34 43 72
245 47 19 224
245 60 17 231
245 73 25 81
245 82 15 40
245 90 7 285
245 97 5 203
245 105 40 296
245 114 56 299
245 117 32 130
246 27 59 206
246 30 45 374
246 41 25 247
246 43 9 324
246 48 49 389
246 53 5 175
246 54 13 26
246 81 19 219
246 83 37 295
246 84 55 278
246 86 31 119
246 90 7 234
246 111 23 275
246 112 1 384
246 119 27 46
247 9 33 233
247 11 55 16
247 14 29 236
247 35 38 371
247 40 25 99
247 42 21 401
247 55 10 60
247 59 43 310
247 61 1 298
247 62 31 76
247 69 14 79
247 82 41 40
247 97 47 82
247 113 5 349
247 115 7 318
248 13 1 91
248 19 19 190
248 20 8 147
248 39 49 194
248 40 44 18
248 54 4 26
248 65 37 431
248 66 14 81
248 67 28 318
248 75 39 56
248 97 35 82
248 101 17 390
248 103 31 267
248 111 59 445
248 113 23 392
249 27 31 251
249 38 22 346
249 41 27 247
249 48 13 298
249 59 3 288
249 62 1 411
249 64 44 217
249 71 7 3
249 73 41 81
249 77 37 161
249 86 50 247
249 93 35 272
249 97 11 422
249 104 19 192
249 108 55 324
250 4 37 239
250 23 13 193
250 26 16 180
250 32 52 151
250 36 47 368
250 39 25 298
250 43 10 336
250 48 43 193
250 57 7 18
250 61 55 220
250 65 50 431
250 75 4 293
250 105 34 55
250 106 59 330
250 113 19 434
251 10 13 5
251 15 50 151
251 17 58 208
251 19 53 373
251 23 4 193
251 24 19 378
251 27 1 356
251 38 46 346
251 45 38 226
251 51 43 274
251 59 8 296
251 79 55 226
251 87 31 425
251 89 23 206
251 96 25 185
252 14 19 18
252 23 7 177
252 35 28 449
252 38 25 116
252 40 43 388
252 41 59 401
252 47 31 350
252 54 16 264
252 84 39 258
252 101 35 301
252 105 10 208
252 106 21 330
252 107 37 312
252 110 1 73
252 120 55 202
253 8 5 104
253 15 28 198
253 16 43 343
253 20 31 22
253 27 11 90
253 28 20 351
253 57 8 381
253 64 49 343
253 66 58 407
253 67 35 371
253 71 25 3
253 74 47 199
253 80 1 170
253 93 16 280
253 118 55 60
254 18 44 56
254 21 35 311
254 37 20 25
254 43 50 52
254 50 55 368
254 57 7 426
254 61 1 275
254 73 25 39
254 80 28 355
254 81 31 137
254 102 37 349
254 104 40 362
254 112 10 280
254 114 13 299
255 8 37 301
255 14 31 359
255 15 1 240
255 24 34 175
255 44 23 21
255 49 19 414
255 50 49 34
255 52 29 332
255 54 43 83
255 69 25 325
255 71 7 446
255 77 13 221
255 79 55 38
255 93 53 280
255 102 4 300
256 6 19 345
256 9 1 43
256 19 35 319
256 20 49 22
256 58 29 249
256 61 31 221
256 65 53 428
256 72 15 146
256 83 7 295
256 84 25 227
256 86 43 47
256 90 38 285
256 94 4 181
256 101 11 221
256 119 57 95
257 3 25 302
257 4 19 239
257 9 4 244
257 28 43 356
257 44 17 374
257 50 13 368
257 60 29 231
257 70 8 367
257 72 55 273
257 81 49 251
257 83 31 371
257 90 35 285
257 99 37 427
257 111 23 445
258 7 13 450
258 9 1 85
258 13 53 406
258 19 11 389
258 34 31 78
258 38 43 116
258 45 27 79
258 48 37 414
258 49 35 282
258 62 25 76
258 86 49 35
258 90 59 396
258 91 23 409
258 95 4 98
258 119 55 26
259 32 52 372
259 36 17 368
259 37 9 25
259 41 25 226
259 50 38 367
259 66 49 352
259 70 56 82
259 75 1 293
259 77 27 98
259 84 19 207
259 85 7 333
259 91 15 409
259 98 47 56
259 117 43 430
260 10 7 5
260 16 31 238
260 34 1 183
260 37 25 365
260 63 29 261
260 71 58 3
260 87 50 64
260 91 39 409
260 92 46 341
260 93 5 280
260 96 19 51
260 98 43 42
260 103 13 267
260 104 55 3
260 116 34 424
261 1 23 425
261 20 13 200
261 36 11 122
261 50 43 389
261 52 4 343
261 54 40 316
261 65 31 38
261 69 33 392
261 95 49 221
261 100 52 126
261 107 2 312
261 111 28 391
261 112 37 158
261 117 7 106
261 118 25 7
262 3 13 302
262 6 7 62
262 17 46 161
262 23 58 390
262 25 37 139
262 28 49 351
262 37 19 423
262 44 41 266
262 53 44 175
262 72 31 146
262 78 11 427
262 79 28 423
262 94 55 179
262 112 1 370
262 118 4 194
263 5 44 378
263 11 13 88
263 21 47 116
263 28 7 78
263 31 5 341
263 32 58 372
263 38 25 44
263 50 1 158
263 54 38 26
263 58 23 304
263 59 31 419
263 88 49 60
263 104 55 207
263 108 19 21
263 115 28 114
264 20 49 150
264 22 2 233
264 26 41 29
264 34 43 422
264 38 58 183
264 45 8 408
264 54 32 264
264 57 25 344
264 72 37 146
264 87 13 242
264 89 53 206
264 98 35 42
264 107 28 312
264 118 55 272
264 119 19 26
265 6 25 332
265 14 17 236
265 18 2 57
265 21 35 447
265 22 37 202
265 32 7 261
265 35 10 371
265 37 49 365
265 47 43 4
265 49 53 413
265 59 56 71
265 78 40 83
265 103 31 35
265 104 22 240
265 115 13 318
266 1 53 425
266 3 37 212
266 6 27 443
266 19 14 190
266 20 1 147
266 43 31 52
266 46 44 375
266 51 16 248
266 64 49 422
266 75 10 172
266 83 55 76
266 89 35 347
266 91 7 141
266 103 19 352
266 111 41 278
267 21 17 258
267 22 50 233
267 36 23 122
267 38 58 116
267 40 13 391
267 44 1 266
267 45 32 373
267 50 25 34
267 83 3 196
267 85 11 397
267 91 7 354
267 94 40 237
267 102 19 291
267 115 55 123
267 119 43 26
268 1 7 38
268 7 39 311
268 9 4 84
268 28 49 176
268 33 59 51
268 37 9 423
268 44 29 183
268 45 31 408
268 49 47 414
268 61 25 220
268 69 13 421
268 81 20 251
268 94 1 237
268 96 43 185
268 112 55 280
269 2 52 83
269 9 4 58
269 18 49 44
269 28 39 132
269 29 10 131
269 52 47 123
269 57 34 243
269 64 19 11
269 73 27 370
269 85 37 55
269 99 13 297
269 100 56 419
269 101 8 444
269 104 43 240
269 118 1 272
270 9 43 233
270 14 27 236
270 19 59 373
270 27 11 242
270 45 13 320
270 50 7 57
270 52 17 332
270 56 1 274
270 59 19 393
270 61 37 220
270 71 52 416
270 72 33 396
270 75 46 238
270 82 55 438
270 92 49 319
271 9 37 177
271 10 44 223
271 24 55 240
271 31 29 16
271 32 1 261
271 37 14 365
271 41 41 93
271 45 7 236
271 66 58 163
271 93 22 280
271 103 32 329
271 105 25 55
271 107 5 296
271 117 51 403
271 118 19 104
272 23 46 390
272 25 49 412
272 45 31 293
272 57 43 207
272 69 7 392
272 81 37 401
272 84 25 278
272 85 23 306
272 89 11 295
272 91 5 67
272 105 58 129
272 110 13 379
272 115 55 168
272 117 1 430
272 120 19 184
273 3 13 212
273 7 1 311
273 20 49 108
273 31 41 371
273 34 44 183
273 62 59 76
273 68 23 313
273 71 25 114
273 75 37 238
273 77 19 109
273 89 5 211
273 92 7 341
273 98 29 42
273 103 55 424
273 106 17 330
274 24 19 110
274 31 43 16
274 33 11 238
274 49 23 169
274 61 7 271
274 66 25 346
274 74 17 199
274 80 38 5
274 90 47 285
274 91 29 219
274 92 2 341
274 103 55 267
274 108 49 68
274 112 34 379
274 115 13 123
275 1 9 264
275 12 46 409
275 16 49 55
275 25 38 412
275 40 20 388
275 42 55 263
275 53 25 132
275 58 11 249
275 67 29 447
275 80 43 176
275 86 2 41
275 87 31 242
275 102 7 212
275 105 52 55
275 108 13 426
276 5 55 178
276 13 41 318
276 35 13 10
276 39 19 445
276 43 16 239
276 45 1 408
276 54 26 26
276 81 43 196
276 86 37 47
276 87 7 64
276 92 32 319
276 111 49 391
276 112 58 158
276 116 51 242
277 9 28 177
277 10 37 81
277 14 25 236
277 32 43 158
277 39 7 449
277 60 19 90
277 61 32 220
277 62 4 76
277 83 55 120
277 87 13 64
277 96 50 80
277 104 1 362
277 108 21 303
277 111 59 391
278 12 28 50
278 16 37 267
278 23 13 84
278 37 8 108
278 39 31 413
278 44 41 374
278 58 25 304
278 65 17 428
278 66 55 352
278 71 43 301
278 84 50 258
278 105 58 233
278 110 19 328
278 117 2 403
278 120 46 184
279 9 4 43
279 13 19 91
279 50 21 418
279 53 59 175
279 56 33 274
279 59 13 288
279 66 1 444
279 72 7 273
279 82 57 438
279 84 44 278
279 85 41 251
279 90 31 396
279 110 26 328
279 117 37 368
279 118 49 15
280 1 35 264
280 20 27 147
280 23 1 326
280 35 7 10
280 54 37 316
280 60 11 48
280 68 31 313
280 73 17 81
280 80 13 211
280 86 55 361
280 99 43 368
280 102 5 354
280 115 40 114
280 116 52 237
280 119 20 246
281 12 58 406
281 24 13 373
281 36 9 76
281 37 39 25
281 64 1 11
281 71 20 3
281 80 25 211
281 88 49 450
281 89 53 347
281 93 16 272
281 94 28 436
281 101 37 444
281 103 43 329
281 107 55 312
281 119 31 344
282 18 19 56
282 25 31 412
282 34 37 398
282 43 1 239
282 44 59 266
282 49 41 414
282 57 4 72
282 66 22 434
282 76 13 71
282 77 49 333
282 81 7 391
282 95 45 198
282 101 43 167
282 109 55 231
282 114 25 29
283 3 43 302
283 6 1 345
283 15 5 198
283 18 13 56
283 19 34 336
283 22 19 407
283 38 25 50
283 49 29 413
283 68 39 313
283 75 22 56
283 86 56 119
283 95 16 198
283 96 7 37
283 106 37 311
283 119 49 344
284 3 13 346
284 18 31 423
284 25 1 209
284 44 25 374
284 47 8 350
284 50 27 389
284 53 53 132
284 62 43 76
284 72 38 218
284 75 19 293
284 81 45 391
284 87 56 242
284 104 34 92
284 105 22 296
284 108 49 411
285 9 51 438
285 19 44 190
285 23 19 53
285 25 1 150
285 50 55 57
285 60 59 157
285 68 47 313
285 71 13 3
285 80 25 355
285 84 7 263
285 101 35 40
285 102 11 110
285 105 16 55
285 109 38 231
285 118 22 104
286 17 19 163
286 20 27 193
286 21 5 447
286 28 7 375
286 48 55 257
286 49 41 413
286 56 37 306
286 63 22 347
286 69 1 347
286 70 49 145
286 76 13 361
286 96 32 51
286 97 11 82
286 101 25 444
286 108 45 324
287 1 47 264
287 29 19 131
287 30 5 405
287 41 37 350
287 45 32 226
287 56 7 379
287 70 43 89
287 71 40 3
287 75 22 199
287 88 13 60
287 103 25 267
287 108 1 21
287 109 55 81
287 112 49 280
287 113 53 196
288 3 1 346
288 6 26 345
288 12 55 406
288 30 53 15
288 33 10 51
288 35 40 66
288 44 20 266
288 57 58 207
288 58 38 304
288 69 44 79
288 73 22 44
288 99 49 40
288 100 16 225
288 109 32 231
288 115 13 168
289 6 55 397
289 17 13 405
289 24 40 240
289 26 16 91
289 29 1 131
289 30 11 15
289 38 37 44
289 49 4 326
289 56 49 306
289 57 21 18
289 70 44 413
289 85 53 374
289 87 7 242
289 112 28 384
289 116 34 48
290 23 1 320
290 29 32 173
290 33 5 430
290 46 45 113
290 59 14 66
290 82 43 40
290 90 57 285
290 91 53 409
290 95 37 282
290 101 51 444
290 104 40 192
290 107 49 359
290 109 19 169
290 112 7 158
290 114 25 11
291 7 27 162
291 22 58 202
291 35 55 449
291 42 46 401
291 61 9 120
291 65 17 431
291 78 19 257
291 84 21 36
291 85 39 374
291 88 1 418
291 93 25 52
291 96 50 249
291 109 13 231
291 110 33 289
292 14 11 72
292 17 31 161
292 20 55 193
292 58 21 304
292 60 59 231
292 70 43 367
292 76 39 246
292 77 13 234
292 81 25 48
292 88 51 234
292 93 37 52
292 101 9 390
292 114 1 29
292 115 34 123
293 4 31 446
293 7 44 162
293 12 25 409
293 17 49 388
293 32 28 151
293 37 37 179
293 45 55 236
293 61 19 298
293 70 14 367
293 74 59 112
293 79 10 126
293 88 1 112
293 95 7 282
293 104 52 192
293 106 23 73
294 1 17 425
294 11 9 405
294 25 13 41
294 28 25 78
294 47 37 43
294 49 7 247
294 52 29 343
294 53 5 132
294 54 51 37
294 59 31 71
294 61 43 220
294 76 1 316
294 83 19 428
294 108 55 426
295 9 28 233
295 12 43 406
295 21 23 3
295 36 35 122
295 38 25 183
295 44 59 21
295 47 49 406
295 66 7 81
295 83 19 101
295 95 55 298
295 99 31 40
295 101 41 167
295 104 16 132
295 110 37 224
295 116 1 280
296 9 16 177
296 18 58 44
296 30 55 405
296 31 53 371
296 40 38 18
296 41 23 93
296 66 34 444
296 69 25 392
296 81 7 219
296 82 21 438
296 84 1 263
296 92 13 341
296 101 29 167
296 103 43 267
296 117 49 316
297 5 25 90
297 6 37 332
297 12 7 409
297 16 22 55
297 31 41 16
297 48 55 356
297 49 49 326
297 50 31 158
297 53 59 6
297 56 13 295
297 63 17 403
297 81 1 102
297 83 44 428
297 88 51 131
297 93 29 272
298 13 31 406
298 17 16 405
298 18 13 44
298 27 47 90
298 28 43 351
298 35 22 449
298 56 55 274
298 70 33 101
298 71 10 3
298 72 25 259
298 73 50 370
298 84 1 162
298 89 20 347
298 104 7 240
298 117 37 106
299 9 55 244
299 10 25 223
299 19 23 426
299 28 7 351
299 40 19 99
299 42 40 173
299 72 3 146
299 84 50 36
299 85 15 374
299 98 17 200
299 102 1 291
299 107 13 312
299 109 31 117
299 110 44 156
299 115 58 123
300 12 37 242
300 23 14 390
300 26 2 180
300 27 29 361
300 28 49 132
300 48 21 414
300 73 19 370
300 79 10 370
300 81 33 251
300 84 25 144
300 87 44 221
300 100 40 354
300 101 5 444
300 110 55 358
300 116 7 172
Điểm tối ưu: 4445
Thời gian: 360.103637 giây
Trạng thái: VALID
