165
1 1 55 9
1 3 49 23
1 4 10 6
1 5 3 30
1 6 25 11
1 7 37 29
1 8 22 27
1 9 52 1
1 10 34 13
2 3 46 23
2 4 15 6
2 5 1 30
2 6 29 11
2 7 25 29
2 8 37 27
2 9 22 1
2 10 55 13
3 3 16 23
3 4 25 6
3 5 50 30
3 6 3 11
3 8 46 27
3 9 10 1
3 10 19 13
4 2 51 9
4 3 13 23
4 4 28 6
4 5 25 30
4 6 56 11
4 7 20 29
4 8 34 27
4 9 46 1
4 10 43 13
5 3 28 23
5 4 7 6
5 5 10 30
5 6 40 11
5 7 55 29
5 8 49 27
5 9 31 1
5 10 52 13
6 1 58 9
6 3 4 23
6 4 37 6
6 5 27 30
6 6 19 11
6 8 16 27
6 9 34 1
6 10 46 13
7 1 19 9
7 2 43 9
7 3 34 23
7 4 13 6
7 5 29 30
7 6 15 11
7 7 7 29
7 8 31 27
7 9 25 1
7 10 40 13
8 1 10 9
8 2 1 9
8 3 31 23
8 4 19 6
8 5 5 30
8 6 23 11
8 8 25 27
8 9 43 1
8 10 58 13
9 2 13 9
9 3 43 23
9 4 22 6
9 5 39 30
9 6 17 11
9 8 19 27
9 9 58 1
9 10 25 13
10 1 34 9
10 3 25 23
10 4 45 6
10 5 37 30
10 6 7 11
10 7 1 29
10 8 40 27
10 9 55 1
10 10 16 13
11 3 7 23
11 4 31 6
11 5 19 30
11 6 21 11
11 8 1 27
11 9 4 1
11 10 49 13
12 3 19 23
12 4 17 6
12 5 34 30
12 6 44 11
12 7 49 29
12 8 55 27
12 9 1 1
12 10 13 13
13 1 22 9
13 3 52 23
13 4 41 6
13 5 8 30
13 6 10 11
13 7 31 29
13 8 58 27
13 9 28 1
13 10 37 13
14 2 37 9
14 3 10 23
14 4 33 6
14 5 13 30
14 6 27 11
14 8 4 27
14 9 16 1
14 10 7 13
15 3 1 23
15 4 35 6
15 5 15 30
15 6 38 11
15 8 52 27
15 9 7 1
15 10 22 13
16 1 7 9
16 3 40 23
16 4 52 6
16 5 32 30
16 6 34 11
16 7 44 29
16 8 13 27
16 9 49 1
16 10 4 13
17 1 31 9
17 3 37 23
17 4 2 6
17 5 22 30
17 6 5 11
17 8 43 27
17 9 13 1
17 10 28 13
18 1 28 9
18 3 55 23
18 4 43 6
18 5 52 30
18 6 13 11
18 8 10 27
18 9 37 1
18 10 31 13
19 1 25 9
19 3 22 23
19 4 4 6
19 5 17 30
19 6 1 11
19 7 13 29
19 8 28 27
19 9 40 1
19 10 10 13
20 3 58 23
20 4 39 6
20 5 41 30
20 6 32 11
20 8 7 27
20 9 19 1
20 10 1 13
Điểm tối ưu: 165
Thời gian: 19.877666 giây
Trạng thái: VALID
