2216
1 1 1 26
1 13 43 121
1 15 25 57
1 17 41 217
1 18 52 164
1 25 55 156
1 28 10 170
1 29 59 64
1 34 31 42
1 42 29 175
1 44 37 153
1 47 21 63
1 51 19 159
1 52 49 175
1 55 16 128
2 1 57 148
2 3 7 217
2 5 37 4
2 8 25 135
2 14 55 197
2 17 17 141
2 20 15 191
2 27 50 120
2 36 19 21
2 40 9 160
2 42 2 178
2 48 44 88
2 55 5 128
2 56 13 224
2 57 32 19
3 1 37 56
3 4 5 148
3 13 25 137
3 22 15 139
3 24 11 16
3 25 31 156
3 29 13 135
3 33 44 200
3 34 55 15
3 37 7 210
3 39 41 132
3 41 1 6
3 42 49 224
3 44 19 100
3 60 23 42
4 1 26 26
4 3 59 115
4 9 7 30
4 12 55 124
4 16 14 179
4 17 1 146
4 24 50 126
4 26 31 20
4 27 44 119
4 29 35 64
4 37 10 136
4 40 3 86
4 41 21 44
4 52 37 174
4 54 19 11
5 5 31 4
5 6 19 138
5 10 1 29
5 12 46 124
5 14 40 197
5 15 7 17
5 18 37 223
5 24 43 173
5 38 27 104
5 40 13 86
5 47 55 49
5 48 49 207
5 51 53 181
5 59 21 177
6 2 19 142
6 6 25 156
6 13 9 145
6 22 31 27
6 27 29 110
6 35 55 80
6 38 16 179
6 42 13 178
6 43 4 78
6 44 38 25
6 46 43 5
6 50 23 58
6 55 7 128
6 57 51 34
6 60 1 195
7 2 32 16
7 11 3 112
7 14 59 132
7 15 14 216
7 17 1 129
7 25 37 156
7 40 55 84
7 43 43 97
7 44 51 153
7 48 19 88
7 50 49 143
7 51 41 159
7 55 23 128
7 57 26 198
7 59 7 177
8 12 49 27
8 18 32 55
8 20 35 166
8 21 5 46
8 23 11 215
8 24 17 173
8 26 27 114
8 31 45 169
8 34 13 98
8 35 7 219
8 47 37 49
8 49 19 59
8 50 43 120
8 52 1 99
8 56 53 57
9 1 31 148
9 8 44 70
9 9 1 30
9 12 37 172
9 22 50 97
9 23 35 215
9 25 7 14
9 27 29 119
9 33 40 65
9 35 19 33
9 37 4 136
9 40 13 160
9 44 25 153
9 51 23 159
9 58 17 8
10 6 16 156
10 7 55 48
10 8 57 70
10 16 25 179
10 22 37 183
10 27 49 119
10 28 28 143
10 29 5 135
10 30 44 167
10 33 19 200
10 36 7 21
10 45 51 209
10 47 1 49
10 48 32 3
10 50 11 120
11 4 38 158
11 12 34 172
11 17 29 146
11 18 10 164
11 28 3 143
11 29 52 64
11 32 55 37
11 33 19 193
11 34 25 42
11 35 13 33
11 37 49 136
11 46 31 5
11 50 7 58
11 54 23 11
11 58 1 8
12 5 43 186
12 8 33 70
12 13 8 76
12 14 29 197
12 16 19 179
12 32 25 213
12 33 40 202
12 35 15 28
12 36 22 1
12 38 13 104
12 39 31 166
12 44 56 25
12 47 49 178
12 59 1 155
12 60 53 195
13 1 55 122
13 5 19 186
13 9 31 41
13 15 43 57
13 19 1 96
13 24 39 126
13 29 23 135
13 32 13 37
13 35 25 28
13 36 49 21
13 37 52 210
13 38 7 104
13 39 5 207
13 50 9 120
14 2 20 116
14 7 17 79
14 8 43 135
14 10 4 124
14 14 7 197
14 19 40 67
14 20 13 191
14 21 34 46
14 24 59 173
14 37 28 136
14 39 1 207
14 40 9 140
14 50 53 58
14 51 15 138
14 54 25 91
15 3 9 126
15 4 17 158
15 6 7 156
15 10 20 130
15 11 2 176
15 12 28 124
15 18 4 164
15 19 25 67
15 27 23 119
15 29 38 135
15 31 11 186
15 34 13 15
15 46 55 5
15 47 31 49
15 57 50 198
16 1 56 56
16 5 13 4
16 9 49 41
16 10 7 162
16 11 34 176
16 15 1 17
16 16 29 37
16 25 25 14
16 26 43 13
16 27 23 110
16 29 19 78
16 31 17 119
16 43 40 78
16 50 10 58
16 56 21 224
17 7 57 48
17 8 27 96
17 21 38 46
17 23 25 215
17 29 17 64
17 38 5 104
17 39 19 207
17 42 34 178
17 43 10 22
17 45 13 72
17 49 21 80
17 50 46 143
17 51 1 159
17 52 7 99
18 1 57 73
18 4 35 148
18 5 49 23
18 10 37 29
18 13 1 137
18 15 19 216
18 20 55 191
18 21 32 46
18 24 53 173
18 34 43 15
18 37 40 210
18 44 25 190
18 47 7 87
18 56 11 224
18 57 13 198
19 5 1 4
19 6 5 138
19 7 19 48
19 13 7 121
19 16 22 205
19 21 59 46
19 23 55 215
19 29 57 64
19 30 49 32
19 33 46 146
19 44 13 153
19 47 37 178
19 52 28 174
19 55 43 128
19 56 17 224
20 2 3 69
20 3 7 115
20 6 13 156
20 16 40 205
20 20 31 191
20 21 1 46
20 24 47 126
20 28 37 143
20 32 26 84
20 33 10 200
20 41 15 44
20 43 19 97
20 48 43 110
20 52 22 174
20 53 49 65
21 3 43 115
21 10 7 29
21 14 45 197
21 17 29 162
21 19 55 67
21 21 3 225
21 23 5 177
21 26 25 171
21 32 19 37
21 35 37 28
21 36 58 21
21 40 49 31
21 48 13 207
21 54 1 91
21 56 23 224
22 4 15 158
22 14 25 197
22 17 23 162
22 19 43 67
22 26 56 102
22 31 1 169
22 33 49 146
22 36 37 21
22 37 31 136
22 40 27 95
22 42 35 224
22 45 7 152
22 48 19 3
22 52 46 99
22 58 3 8
23 4 19 148
23 10 10 29
23 22 25 97
23 31 21 169
23 32 49 79
23 39 5 166
23 41 37 44
23 42 55 224
23 43 7 78
23 44 57 190
23 46 16 203
23 50 3 120
23 51 33 159
23 54 41 11
23 56 1 57
24 1 43 208
24 2 26 142
24 8 9 193
24 14 31 132
24 17 53 217
24 27 7 119
24 29 55 135
24 31 33 169
24 33 57 193
24 40 13 95
24 44 1 153
24 46 49 5
24 47 19 127
24 52 40 172
24 54 5 218
25 5 32 186
25 9 19 150
25 13 43 76
25 21 53 46
25 23 17 215
25 26 37 171
25 27 41 110
25 29 2 64
25 30 56 28
25 33 4 202
25 34 7 15
25 39 29 207
25 43 13 130
25 47 25 87
25 58 47 8
26 4 23 158
26 9 7 41
26 13 43 39
26 17 50 217
26 18 16 164
26 21 55 46
26 27 1 110
26 28 28 170
26 32 19 213
26 40 38 86
26 41 31 69
26 42 11 178
26 47 57 36
26 50 3 58
26 60 47 42
27 2 9 116
27 4 16 218
27 8 37 193
27 12 13 124
27 19 25 81
27 23 7 215
27 25 43 156
27 28 34 143
27 31 28 64
27 34 56 98
27 41 50 95
27 43 31 22
27 50 1 120
27 53 3 70
27 60 21 195
28 1 1 56
28 4 11 148
28 19 46 67
28 24 17 16
28 26 31 13
28 30 37 167
28 36 25 1
28 40 19 31
28 42 13 175
28 45 50 111
28 47 55 75
28 57 7 19
28 58 59 8
28 60 15 195
29 4 13 158
29 10 22 75
29 14 4 197
29 22 33 35
29 26 26 13
29 29 15 135
29 33 8 146
29 36 43 21
29 37 19 152
29 38 51 104
29 43 1 78
29 51 31 138
29 58 39 8
29 59 55 20
29 60 11 195
30 9 4 30
30 16 29 182
30 21 40 46
30 29 37 64
30 30 33 91
30 32 25 37
30 35 13 219
30 37 43 136
30 39 46 132
30 41 7 6
30 42 2 224
30 43 21 78
30 44 55 24
30 54 31 11
30 55 19 128
31 4 29 158
31 8 56 96
31 16 45 179
31 18 49 164
31 23 53 215
31 28 7 9
31 33 26 146
31 36 34 1
31 38 38 104
31 40 19 86
31 42 40 175
31 50 11 81
31 54 43 11
31 59 13 155
31 60 3 195
32 5 13 23
32 6 55 138
32 10 46 162
32 11 25 112
32 19 58 67
32 20 49 191
32 21 17 46
32 26 1 13
32 27 9 119
32 36 28 1
32 39 51 132
32 40 19 79
32 43 34 78
32 56 23 57
32 58 37 8
33 1 49 208
33 9 9 150
33 14 53 132
33 17 38 141
33 18 58 223
33 22 31 97
33 27 47 120
33 31 5 186
33 32 1 213
33 33 13 146
33 40 25 86
33 41 19 6
33 46 40 203
33 54 55 11
33 60 7 195
34 12 25 27
34 13 55 187
34 19 4 96
34 20 39 191
34 22 51 183
34 27 21 119
34 29 31 135
34 30 45 83
34 31 49 169
34 39 35 142
34 42 15 178
34 44 9 25
34 51 28 159
34 54 37 11
34 58 43 8
35 5 26 206
35 7 7 48
35 11 13 112
35 16 49 37
35 19 31 67
35 20 35 191
35 25 15 14
35 28 1 170
35 31 55 169
35 32 9 79
35 33 37 146
35 38 52 179
35 42 19 175
35 44 21 25
35 47 43 49
36 3 29 217
36 11 19 176
36 15 55 182
36 22 43 27
36 27 27 119
36 32 31 45
36 44 13 25
36 45 3 72
36 46 21 161
36 48 50 110
36 50 1 143
36 51 9 159
36 54 47 11
36 59 37 155
37 3 19 115
37 9 50 30
37 10 7 124
37 13 55 39
37 15 39 57
37 16 13 182
37 23 35 115
37 35 1 28
37 40 31 31
37 45 27 209
37 46 22 203
37 47 43 75
37 49 15 59
37 50 25 120
37 52 10 139
38 3 1 217
38 5 37 186
38 12 14 172
38 22 55 27
38 29 49 25
38 37 31 210
38 39 3 207
38 42 23 175
38 45 26 72
38 46 34 5
38 47 43 87
38 54 21 11
38 55 41 128
38 56 47 57
38 59 7 155
39 5 43 23
39 12 10 27
39 14 19 132
39 15 38 17
39 17 55 217
39 18 31 164
39 19 28 81
39 25 1 14
39 28 7 143
39 31 47 169
39 45 57 111
39 47 49 127
39 54 26 11
39 59 13 177
39 60 21 42
40 3 35 217
40 6 21 156
40 9 55 30
40 18 32 223
40 23 15 215
40 26 7 80
40 33 38 200
40 34 25 15
40 37 58 136
40 48 43 3
40 50 5 120
40 53 51 112
40 54 11 218
40 55 29 128
40 57 1 19
41 1 7 208
41 2 14 69
41 4 2 158
41 13 25 76
41 19 58 203
41 21 43 46
41 23 31 215
41 25 37 190
41 29 53 135
41 43 49 78
41 44 45 24
41 46 19 203
41 52 55 174
41 55 34 128
42 1 31 208
42 6 47 156
42 16 10 205
42 17 13 141
42 22 37 139
42 23 27 215
42 24 23 16
42 28 19 143
42 33 16 146
42 35 49 219
42 40 55 31
42 41 1 165
42 42 7 175
42 47 43 178
42 54 25 218
43 6 27 156
43 9 22 30
43 17 57 217
43 18 13 164
43 21 29 46
43 24 1 173
43 29 19 25
43 37 4 210
43 39 25 166
43 42 16 175
43 44 8 100
43 48 37 207
43 50 31 58
43 52 49 174
43 57 45 34
44 6 38 138
44 9 27 41
44 11 1 112
44 16 23 182
44 20 59 191
44 27 3 119
44 29 17 25
44 31 41 186
44 35 19 28
44 36 7 1
44 43 46 78
44 45 55 72
44 48 49 3
44 50 13 81
44 58 5 8
45 3 28 126
45 4 17 148
45 5 13 186
45 11 21 112
45 14 19 197
45 20 51 191
45 22 43 183
45 30 38 91
45 33 25 65
45 36 10 21
45 46 7 5
45 54 1 218
45 55 23 40
45 60 5 42
46 3 9 217
46 4 5 158
46 8 57 135
46 10 19 29
46 27 55 119
46 29 7 135
46 30 13 167
46 35 50 33
46 39 3 166
46 49 31 59
46 51 43 159
46 52 25 174
46 55 1 40
46 60 23 195
47 2 37 16
47 4 11 158
47 5 1 23
47 8 57 104
47 11 5 112
47 13 49 121
47 15 15 17
47 26 25 20
47 30 43 28
47 42 41 224
47 46 19 5
47 53 7 85
47 54 13 218
47 56 29 224
48 2 37 142
48 3 45 126
48 6 9 156
48 8 49 135
48 14 21 197
48 19 1 67
48 23 19 215
48 28 55 170
48 29 25 64
48 39 47 142
48 43 4 22
48 45 31 209
48 51 17 138
48 59 13 12
48 60 27 195
49 8 13 2
49 19 37 67
49 20 33 191
49 22 1 139
49 27 53 120
49 31 29 169
49 35 43 219
49 37 58 116
49 41 49 69
49 44 25 35
49 47 7 127
49 51 56 159
49 57 20 34
49 58 41 8
49 60 35 195
50 6 25 138
50 9 16 41
50 23 9 215
50 25 37 127
50 28 31 143
50 35 1 33
50 37 13 210
50 39 5 132
50 40 27 220
50 42 23 178
50 45 55 152
50 50 21 58
50 51 50 138
50 53 43 85
51 2 45 77
51 5 57 186
51 7 43 48
51 8 2 2
51 10 16 75
51 11 55 112
51 13 31 121
51 19 19 96
51 23 41 177
51 25 37 24
51 32 51 37
51 33 13 200
51 40 7 31
51 42 35 175
51 46 26 5
52 4 7 158
52 9 55 41
52 13 44 145
52 18 58 164
52 26 19 171
52 31 37 169
52 33 3 146
52 34 49 42
52 42 53 175
52 45 39 72
52 46 27 203
52 48 14 110
52 49 9 59
52 59 31 155
53 1 20 51
53 9 58 30
53 12 16 124
53 17 43 170
53 19 13 67
53 29 47 64
53 32 31 84
53 33 55 200
53 45 9 209
53 47 25 75
53 48 2 88
53 50 7 81
53 51 45 159
53 54 51 11
53 57 37 19
54 1 50 148
54 2 55 142
54 6 9 129
54 10 28 130
54 16 11 37
54 22 20 35
54 24 7 173
54 28 45 170
54 32 32 213
54 36 40 21
54 37 16 209
54 38 43 104
54 42 38 224
54 44 2 100
54 46 13 203
55 4 41 158
55 5 7 186
55 7 49 48
55 8 51 158
55 10 55 130
55 11 23 176
55 13 37 39
55 17 25 162
55 36 4 21
55 44 27 100
55 47 13 63
55 51 58 159
55 53 32 85
55 57 43 198
55 59 19 20
56 7 35 48
56 15 43 182
56 20 37 191
56 22 25 139
56 27 51 119
56 31 31 169
56 32 3 37
56 34 20 98
56 39 17 166
56 43 7 130
56 48 13 3
56 51 10 138
56 54 33 11
56 56 29 57
56 60 1 42
57 1 2 208
57 6 7 138
57 12 52 27
57 17 29 141
57 25 31 24
57 31 57 169
57 37 49 210
57 41 38 95
57 46 16 5
57 47 43 36
57 49 25 94
57 55 14 128
57 56 11 184
57 57 19 19
57 58 9 8
58 2 1 142
58 4 29 148
58 5 25 93
58 10 31 162
58 17 11 146
58 18 22 55
58 28 40 170
58 31 9 169
58 32 14 213
58 33 19 146
58 38 5 179
58 40 55 79
58 55 45 128
58 58 34 8
58 59 49 20
59 5 37 23
59 8 26 2
59 10 13 29
59 11 7 176
59 14 55 132
59 16 44 205
59 22 31 139
59 24 21 173
59 37 1 210
59 45 49 202
59 50 19 81
59 54 53 11
59 56 9 224
59 60 41 195
60 6 59 156
60 17 11 129
60 18 22 223
60 30 1 32
60 37 34 210
60 38 9 104
60 39 7 132
60 41 43 6
60 43 16 78
60 44 55 100
60 45 37 209
60 48 50 63
60 49 25 214
60 58 32 8
60 60 41 42
61 2 1 16
61 4 49 158
61 11 17 176
61 16 55 179
61 19 37 96
61 28 7 170
61 29 5 25
61 33 10 65
61 38 47 104
61 41 13 6
61 44 25 24
61 53 31 193
61 55 58 128
61 60 44 195
62 1 43 148
62 2 25 116
62 3 37 217
62 5 55 23
62 16 47 37
62 18 2 55
62 24 11 173
62 26 7 114
62 37 39 136
62 42 33 175
62 44 19 153
62 51 17 159
62 57 50 91
62 58 13 8
62 60 29 195
63 6 13 138
63 8 19 135
63 10 46 130
63 13 31 187
63 16 57 179
63 18 43 164
63 20 11 191
63 29 55 64
63 34 7 98
63 38 17 104
63 40 25 31
63 45 38 111
63 47 50 49
63 55 15 141
63 59 1 177
64 2 13 116
64 6 41 138
64 7 11 48
64 8 55 2
64 22 1 163
64 25 37 14
64 28 22 143
64 29 47 25
64 30 51 28
64 32 43 84
64 39 5 142
64 42 17 178
64 44 7 24
64 59 26 12
65 3 23 126
65 13 7 180
65 18 13 55
65 24 5 16
65 28 40 143
65 47 1 87
65 49 31 153
65 50 19 58
65 51 47 138
65 52 55 99
65 54 17 170
65 57 49 4
65 58 21 8
65 59 43 155
66 1 15 56
66 3 13 115
66 7 25 48
66 9 34 30
66 13 37 76
66 16 41 182
66 18 7 223
66 20 4 191
66 24 55 16
66 39 10 132
66 40 19 220
66 49 27 59
66 50 1 81
66 56 59 57
66 59 51 177
67 2 13 142
67 3 4 115
67 11 28 112
67 14 41 99
67 17 31 217
67 27 11 119
67 33 7 200
67 37 20 136
67 38 33 104
67 39 23 132
67 45 43 209
67 48 49 88
67 52 58 99
67 54 17 91
67 57 37 198
68 3 9 115
68 4 27 158
68 11 47 112
68 14 13 197
68 21 19 46
68 24 25 126
68 29 49 64
68 31 5 119
68 33 1 65
68 37 56 210
68 41 21 95
68 43 38 130
68 47 51 75
68 54 45 11
68 59 31 177
69 1 1 148
69 3 17 126
69 5 50 93
69 10 44 29
69 11 5 176
69 13 25 39
69 15 19 82
69 17 47 217
69 27 31 119
69 32 13 84
69 34 38 15
69 41 57 95
69 43 10 130
69 48 33 110
70 9 34 41
70 14 23 197
70 16 17 37
70 17 39 217
70 18 19 55
70 19 8 67
70 24 5 173
70 27 59 119
70 29 25 78
70 31 41 169
70 35 55 219
70 38 11 179
70 48 1 3
70 54 14 91
70 57 44 19
71 7 40 48
71 9 25 30
71 15 8 82
71 20 57 191
71 23 49 215
71 28 37 92
71 29 31 64
71 34 1 15
71 35 33 28
71 37 16 136
71 45 19 209
71 46 43 203
71 54 13 11
71 55 53 141
71 58 55 8
72 2 7 16
72 15 31 182
72 26 43 114
72 30 55 58
72 32 19 84
72 37 16 152
72 40 49 84
72 41 37 6
72 42 1 175
72 43 4 130
72 46 13 5
72 47 25 49
73 1 7 26
73 4 47 148
73 10 31 124
73 14 58 197
73 15 25 82
73 17 17 162
73 26 3 20
73 30 49 58
73 31 53 119
73 36 44 1
73 38 1 104
73 48 37 110
73 53 19 85
73 56 15 224
73 60 11 42
74 4 55 148
74 5 7 4
74 9 22 150
74 10 31 29
74 13 49 187
74 20 47 191
74 24 38 173
74 26 1 80
74 27 34 119
74 30 13 83
74 33 40 146
74 42 28 178
74 43 19 22
74 45 43 152
74 47 57 77
75 1 49 56
75 3 11 115
75 4 21 158
75 5 7 23
75 11 15 176
75 12 4 172
75 13 37 187
75 16 23 37
75 17 13 129
75 21 47 46
75 23 41 215
75 33 1 202
75 40 57 86
75 48 31 88
75 57 25 34
76 1 13 51
76 9 28 30
76 13 1 145
76 15 55 57
76 22 19 183
76 23 11 177
76 24 59 126
76 36 37 1
76 37 7 136
76 38 31 104
76 46 52 203
76 48 33 207
76 52 40 174
76 55 26 128
77 8 21 2
77 9 58 41
77 10 55 162
77 13 49 145
77 19 34 67
77 20 47 166
77 22 15 163
77 25 43 127
77 30 26 32
77 31 13 169
77 37 10 210
77 38 41 104
77 42 4 178
77 43 7 97
77 50 39 58
78 1 7 148
78 8 37 2
78 12 49 124
78 21 29 225
78 22 25 183
78 24 23 173
78 25 2 24
78 26 45 171
78 42 43 175
78 48 55 74
78 51 14 159
78 52 16 99
78 57 32 34
78 59 19 36
79 2 43 142
79 15 1 82
79 25 21 14
79 28 13 143
79 37 16 210
79 39 38 166
79 42 26 178
79 44 55 153
79 47 33 127
79 48 7 207
79 49 49 59
79 50 31 120
79 51 11 159
79 55 53 128
79 56 19 224
80 6 11 156
80 7 45 48
80 8 26 111
80 13 38 121
80 16 14 205
80 17 5 141
80 19 22 96
80 23 43 215
80 28 19 140
80 31 51 169
80 33 7 65
80 36 16 21
80 47 57 87
80 50 34 120
80 57 1 198
81 4 15 148
81 7 27 48
81 15 37 182
81 20 5 3
81 21 25 46
81 22 32 163
81 26 49 80
81 29 29 135
81 30 19 83
81 34 55 42
81 38 53 104
81 44 1 25
81 47 43 181
81 48 8 3
81 60 17 195
82 1 45 56
82 6 4 129
82 10 56 29
82 15 15 182
82 18 20 164
82 23 35 177
82 28 51 143
82 35 31 33
82 36 1 1
82 39 13 132
82 42 9 178
82 45 37 152
82 51 43 138
82 54 59 11
82 59 25 177
83 10 4 29
83 17 15 217
83 20 17 191
83 24 45 173
83 25 19 190
83 28 25 143
83 29 7 25
83 31 43 169
83 33 31 146
83 39 34 132
83 41 50 6
83 46 37 5
83 50 13 58
83 52 10 99
83 59 55 155
84 6 1 156
84 11 49 112
84 25 55 14
84 31 29 186
84 33 32 200
84 34 20 15
84 37 37 210
84 38 3 104
84 41 7 206
84 47 51 87
84 50 14 120
84 52 25 172
84 53 43 112
84 56 59 224
85 1 26 51
85 11 13 176
85 17 33 217
85 21 1 225
85 22 55 139
85 25 15 24
85 26 43 80
85 30 7 28
85 31 35 169
85 40 3 140
85 41 38 69
85 42 21 178
85 43 51 130
85 50 23 120
85 58 11 8
86 5 49 186
86 6 53 156
86 7 5 48
86 9 40 41
86 17 23 129
86 25 13 190
86 31 7 169
86 33 25 193
86 34 1 98
86 35 19 219
86 41 31 165
86 44 44 190
86 50 37 81
86 53 9 163
86 57 55 34
87 5 51 206
87 9 16 30
87 21 5 225
87 24 34 126
87 26 19 114
87 27 13 119
87 28 43 143
87 31 25 169
87 39 8 166
87 40 55 160
87 45 27 152
87 50 3 81
87 51 23 181
87 55 32 128
87 57 37 159
88 1 55 216
88 4 31 158
88 8 33 135
88 10 51 29
88 13 13 39
88 15 19 57
88 16 59 179
88 29 29 25
88 33 7 202
88 41 1 44
88 43 25 130
88 51 45 138
88 54 39 11
88 55 37 128
88 60 5 195
89 7 59 48
89 8 55 65
89 9 40 30
89 13 19 187
89 14 38 197
89 15 1 216
89 23 13 215
89 28 10 143
89 32 15 113
89 37 34 136
89 38 32 179
89 44 25 25
89 45 49 72
89 47 43 161
89 51 5 159
90 4 19 158
90 9 13 150
90 15 31 216
90 19 52 67
90 29 17 135
90 35 44 33
90 36 49 1
90 37 1 209
90 41 26 69
90 43 55 78
90 46 10 5
90 50 21 120
90 52 58 174
90 59 37 12
91 2 31 142
91 6 19 156
91 11 23 112
91 28 16 143
91 29 11 64
91 32 45 213
91 33 4 200
91 36 40 1
91 37 27 210
91 42 25 175
91 46 1 5
91 51 52 138
91 54 49 11
91 56 43 224
91 60 59 42
92 1 55 26
92 3 27 217
92 4 25 158
92 13 13 187
92 23 5 6
92 24 31 173
92 28 22 92
92 31 39 169
92 32 1 79
92 39 7 142
92 42 19 178
92 43 10 78
92 50 29 58
92 51 35 159
92 55 50 128
93 1 25 148
93 2 49 16
93 7 47 48
93 8 43 2
93 14 31 99
93 15 13 107
93 26 55 114
93 34 37 98
93 38 20 104
93 39 41 142
93 47 2 75
93 51 29 138
93 52 10 174
93 53 33 58
93 58 53 8
94 3 31 115
94 10 19 75
94 14 53 197
94 22 55 163
94 25 43 14
94 27 1 119
94 30 25 83
94 33 22 146
94 36 33 21
94 37 49 116
94 47 37 87
94 53 13 85
94 56 4 224
94 57 7 34
94 60 29 42
95 1 19 208
95 4 35 158
95 12 52 172
95 18 25 164
95 26 1 114
95 30 15 32
95 32 43 37
95 35 37 51
95 38 13 202
95 41 31 206
95 43 28 22
95 45 8 72
95 50 23 81
95 51 57 138
96 2 43 16
96 3 11 217
96 7 33 48
96 11 9 112
96 13 37 145
96 14 17 197
96 19 28 67
96 22 19 139
96 25 51 190
96 37 1 136
96 42 31 175
96 47 13 49
96 48 55 88
96 51 47 159
96 54 5 11
97 3 21 115
97 7 23 48
97 8 1 111
97 13 56 121
97 18 28 55
97 21 51 46
97 24 35 173
97 27 19 119
97 31 53 169
97 38 43 179
97 41 7 44
97 44 31 190
97 47 13 127
97 49 37 59
97 58 45 8
98 1 38 216
98 5 55 4
98 7 5 13
98 10 52 124
98 13 8 137
98 23 22 215
98 24 31 126
98 32 1 84
98 36 19 1
98 46 49 161
98 47 33 87
98 51 26 159
98 52 28 18
98 59 13 36
99 1 19 26
99 7 14 48
99 11 31 112
99 12 40 40
99 14 1 197
99 17 16 129
99 18 37 55
99 29 5 64
99 31 3 169
99 32 7 39
99 38 35 104
99 41 25 6
99 42 51 224
99 43 43 130
99 57 55 198
100 2 49 142
100 6 35 156
100 13 1 39
100 15 19 182
100 18 28 223
100 23 17 177
100 27 39 119
100 28 55 143
100 29 9 135
100 30 31 32
100 33 58 200
100 34 43 98
100 39 53 142
100 50 15 58
100 60 25 195
101 3 25 115
101 4 9 158
101 9 37 150
101 10 1 124
101 13 50 39
101 17 13 217
101 18 40 223
101 25 31 14
101 27 47 119
101 38 55 104
101 40 43 160
101 41 15 206
101 46 22 5
101 54 28 11
102 1 25 122
102 3 29 115
102 4 11 111
102 5 31 23
102 6 23 156
102 13 7 187
102 36 52 1
102 38 1 179
102 40 37 79
102 41 43 206
102 52 49 99
102 54 16 11
102 57 19 198
102 59 3 12
102 60 57 195
103 5 25 186
103 7 52 48
103 9 1 41
103 12 16 88
103 14 49 197
103 18 4 223
103 21 21 46
103 24 43 126
103 29 11 135
103 32 7 84
103 33 13 65
103 44 38 100
103 45 31 111
103 56 45 224
103 58 57 8
104 8 15 70
104 12 55 172
104 16 50 179
104 17 10 162
104 18 1 164
104 23 5 215
104 24 19 126
104 32 38 84
104 35 25 219
104 36 58 1
104 39 21 132
104 43 52 78
104 45 31 152
104 59 43 177
104 60 13 195
105 1 33 56
105 4 23 148
105 7 9 48
105 12 40 124
105 15 49 182
105 18 28 164
105 23 11 6
105 31 44 64
105 33 55 146
105 40 19 160
105 46 58 5
105 50 5 58
105 51 31 159
105 52 16 174
105 57 1 34
106 1 27 216
106 10 34 130
106 12 22 172
106 13 43 187
106 15 8 216
106 21 25 225
106 31 19 173
106 39 47 207
106 40 37 160
106 43 1 130
106 46 4 203
106 51 16 82
106 52 13 174
106 53 51 85
106 59 55 177
107 1 7 56
107 6 27 138
107 12 1 27
107 17 5 162
107 21 45 46
107 22 37 97
107 26 49 114
107 29 14 64
107 30 55 83
107 31 16 169
107 35 32 219
107 42 11 175
107 55 21 128
107 60 47 195
108 7 3 48
108 9 19 41
108 10 34 29
108 24 47 16
108 26 57 171
108 30 37 32
108 33 49 200
108 34 14 42
108 36 10 1
108 38 22 104
108 45 43 202
108 48 25 88
108 52 7 174
108 55 1 128
108 56 32 57
109 7 1 141
109 9 37 41
109 10 26 29
109 17 59 217
109 19 40 96
109 20 22 191
109 22 13 97
109 28 19 170
109 30 32 83
109 35 7 33
109 42 3 175
109 45 43 72
109 49 55 59
109 56 11 57
109 58 49 8
110 10 58 124
110 12 49 172
110 17 14 162
110 20 25 191
110 21 27 225
110 24 35 203
110 26 37 114
110 28 52 170
110 31 33 64
110 34 43 42
110 36 55 1
110 38 11 104
110 40 7 86
110 48 21 207
110 52 1 174
111 2 19 69
111 6 59 138
111 8 31 2
111 11 11 176
111 12 37 124
111 21 49 225
111 38 9 179
111 40 27 160
111 44 51 25
111 48 43 207
111 49 55 214
111 50 17 58
111 54 3 11
111 57 13 19
111 58 25 8
112 2 7 69
112 3 19 217
112 8 49 96
112 10 43 124
112 13 55 145
112 16 21 179
112 18 1 223
112 21 11 225
112 23 59 215
112 24 13 126
112 33 4 65
112 34 25 98
112 35 37 219
112 40 31 86
112 49 15 94
113 11 41 112
113 14 3 132
113 15 7 57
113 16 47 182
113 24 29 173
113 25 19 24
113 33 34 146
113 36 16 1
113 39 23 166
113 47 43 63
113 48 25 207
113 52 13 99
113 55 5 182
113 56 37 57
114 2 1 116
114 4 33 158
114 11 29 5
114 13 25 121
114 16 35 37
114 17 22 217
114 18 19 223
114 24 37 126
114 26 13 80
114 42 7 178
114 44 9 153
114 46 46 203
114 49 39 94
114 54 31 218
114 57 56 19
115 2 19 16
115 8 31 65
115 18 25 55
115 19 28 117
115 20 1 191
115 22 15 38
115 26 3 171
115 30 49 83
115 32 7 213
115 38 23 179
115 39 11 207
115 41 55 6
115 48 37 3
115 49 43 59
115 56 53 224
116 2 13 16
116 5 9 93
116 9 22 41
116 14 43 197
116 18 55 164
116 19 31 96
116 21 49 46
116 23 37 215
116 35 25 33
116 40 1 160
116 42 45 175
116 52 58 172
116 53 39 163
116 56 7 224
116 60 19 42
117 5 37 206
117 12 28 172
117 21 9 46
117 23 3 215
117 27 7 110
117 33 16 193
117 35 56 33
117 36 13 1
117 38 47 179
117 42 32 178
117 47 21 49
117 48 43 139
117 50 5 81
117 54 1 11
117 60 19 195
118 3 15 115
118 4 13 148
118 5 25 4
118 6 41 156
118 21 17 225
118 30 7 83
118 33 22 65
118 41 43 44
118 42 5 175
118 44 32 25
118 48 55 110
118 49 1 59
118 52 19 99
118 53 37 85
118 57 50 19
119 7 38 48
119 9 45 30
119 10 40 29
119 16 16 205
119 18 9 55
119 22 31 183
119 23 59 177
119 24 25 173
119 34 49 15
119 35 1 219
119 43 13 78
119 49 27 185
119 54 57 11
119 58 7 8
119 59 19 155
120 2 39 116
120 9 13 30
120 10 22 29
120 13 33 145
120 14 51 197
120 31 11 169
120 36 19 225
120 41 25 44
120 42 37 175
120 45 57 209
120 49 1 185
120 52 44 174
120 56 5 57
120 57 7 198
120 60 31 195
121 12 4 27
121 13 19 145
121 15 55 82
121 16 35 179
121 19 43 96
121 20 23 3
121 25 49 14
121 26 8 13
121 27 25 119
121 28 14 170
121 40 37 31
121 41 31 44
121 42 47 178
121 43 1 97
121 47 27 77
122 7 1 48
122 9 31 30
122 26 49 13
122 27 5 110
122 31 19 169
122 35 38 33
122 37 21 210
122 38 3 179
122 39 59 142
122 40 13 79
122 41 43 95
122 46 10 203
122 53 25 163
122 55 56 128
123 3 1 115
123 14 17 132
123 17 25 217
123 20 29 166
123 28 22 140
123 31 27 169
123 37 43 210
123 45 49 152
123 46 7 203
123 48 56 207
123 52 19 172
123 56 33 224
123 57 13 34
123 59 38 20
123 60 3 42
124 2 44 116
124 3 17 115
124 8 13 87
124 9 10 30
124 14 27 197
124 21 23 46
124 23 29 215
124 26 57 13
124 31 5 169
124 38 37 179
124 40 49 86
124 47 39 75
124 51 34 138
124 52 1 172
124 55 7 141
125 6 21 138
125 9 27 150
125 12 7 27
125 14 31 197
125 17 53 13
125 18 40 164
125 19 10 96
125 24 33 173
125 30 45 32
125 31 23 169
125 33 1 200
125 38 25 104
125 43 16 130
125 46 4 5
125 58 19 8
126 5 20 23
126 7 17 48
126 10 10 124
126 20 7 191
126 22 56 97
126 24 29 16
126 26 13 20
126 33 1 193
126 39 53 207
126 45 31 72
126 55 50 40
126 57 39 34
126 58 27 8
126 60 37 195
127 1 25 208
127 2 9 142
127 7 17 13
127 8 55 192
127 11 7 112
127 26 31 114
127 28 43 140
127 32 37 213
127 36 1 21
127 39 29 132
127 42 21 175
127 43 14 22
127 44 49 100
127 55 4 40
127 56 35 57
128 2 57 16
128 14 37 132
128 18 7 164
128 22 51 139
128 24 55 173
128 29 19 64
128 34 32 98
128 37 13 136
128 38 49 104
128 39 23 142
128 41 44 69
128 46 40 5
128 47 25 127
128 54 10 11
128 55 3 128
129 3 11 126
129 8 7 70
129 11 59 112
129 13 20 121
129 18 55 55
129 28 4 170
129 31 17 186
129 34 37 42
129 36 13 21
129 38 29 179
129 39 1 132
129 40 43 31
129 46 32 203
129 50 51 81
129 57 25 19
130 1 38 208
130 3 45 115
130 4 59 158
130 11 9 176
130 13 14 145
130 19 19 67
130 29 47 135
130 30 25 58
130 33 22 200
130 36 52 21
130 39 1 166
130 44 32 100
130 47 55 178
130 52 4 99
130 54 7 91
131 7 29 48
131 9 3 150
131 14 35 197
131 21 7 46
131 27 15 119
131 36 55 21
131 38 41 179
131 43 31 78
131 50 1 58
131 51 50 159
131 52 22 99
131 55 11 182
131 56 9 204
131 57 45 91
131 59 25 155
132 3 44 217
132 6 1 138
132 8 55 158
132 11 17 112
132 14 25 99
132 15 13 57
132 16 7 205
132 22 3 183
132 26 37 13
132 28 33 170
132 37 52 116
132 39 10 166
132 42 31 224
132 46 46 5
132 47 19 87
133 7 21 48
133 12 34 124
133 13 1 121
133 14 47 197
133 15 49 57
133 20 53 191
133 21 11 46
133 26 43 20
133 31 57 119
133 34 7 42
133 40 13 31
133 42 41 178
133 43 25 22
133 50 17 120
133 59 37 177
134 6 4 156
134 14 33 197
134 16 59 37
134 18 16 55
134 20 9 191
134 22 37 27
134 24 41 16
134 29 2 135
134 33 52 200
134 36 22 21
134 38 29 104
134 42 47 224
134 46 49 203
134 52 44 172
134 53 25 85
135 5 43 93
135 9 10 41
135 11 19 112
135 15 1 182
135 17 35 13
135 19 22 67
135 22 13 183
135 24 41 173
135 32 56 213
135 35 25 92
135 38 7 179
135 40 31 95
135 47 49 181
135 52 38 99
135 56 17 57
136 9 44 41
136 10 20 124
136 18 50 55
136 20 17 3
136 21 7 225
136 25 55 127
136 27 11 110
136 40 25 79
136 41 31 6
136 44 13 100
136 45 1 152
136 50 29 120
136 51 59 82
136 55 9 128
136 59 37 36
137 8 21 70
137 12 7 172
137 13 1 187
137 20 19 166
137 23 39 215
137 26 31 80
137 28 58 143
137 31 13 173
137 40 43 86
137 48 25 110
137 51 5 92
137 55 11 128
137 58 15 8
137 59 49 155
138 1 25 56
138 8 7 2
138 10 2 162
138 14 15 197
138 20 29 191
138 23 46 215
138 27 41 119
138 28 49 106
138 30 37 83
138 32 33 79
138 33 52 146
138 39 17 142
138 42 57 224
138 43 43 78
138 48 19 110
139 1 55 51
139 12 22 27
139 15 7 182
139 19 34 96
139 26 13 171
139 28 19 92
139 35 37 192
139 36 31 225
139 40 1 31
139 41 49 44
139 43 27 78
139 47 44 165
139 56 25 224
139 60 53 42
140 5 21 4
140 6 3 138
140 9 13 41
140 12 10 172
140 13 25 187
140 24 53 16
140 32 49 213
140 33 43 146
140 37 46 136
140 41 56 69
140 43 7 37
140 46 37 203
140 50 40 120
140 57 31 198
140 60 35 42
141 1 38 148
141 4 43 158
141 6 29 156
141 7 31 48
141 11 34 112
141 20 45 191
141 26 13 13
141 30 1 167
141 33 26 200
141 41 19 206
141 46 52 5
141 47 9 49
141 51 7 159
141 55 47 128
141 58 23 8
142 9 37 30
142 16 1 37
142 17 31 170
142 19 14 96
142 22 19 163
142 23 33 215
142 24 47 173
142 25 49 156
142 27 55 120
142 29 7 64
142 30 3 91
142 43 58 130
142 50 17 81
142 52 27 99
142 60 9 195
143 1 13 208
143 2 25 16
143 5 1 186
143 12 19 27
143 22 9 183
143 23 17 6
143 26 38 113
143 28 58 170
143 29 22 64
143 40 31 160
143 44 49 24
143 49 43 153
143 50 7 120
143 54 35 11
144 3 7 126
144 5 25 23
144 8 21 192
144 11 11 112
144 14 9 197
144 18 14 223
144 26 37 80
144 28 34 92
144 29 41 135
144 30 2 83
144 36 31 1
144 44 43 25
144 48 55 3
144 53 49 163
144 58 29 8
145 3 2 126
145 6 23 138
145 9 16 150
145 16 35 182
145 19 4 67
145 20 41 191
145 34 31 15
145 37 46 210
145 38 39 179
145 41 19 165
145 43 10 97
145 48 26 3
145 49 55 185
145 52 43 99
145 58 51 8
146 1 13 26
146 2 31 116
146 4 47 158
146 5 43 4
146 7 5 194
146 13 25 145
146 18 49 223
146 25 1 190
146 26 19 13
146 30 7 32
146 32 37 37
146 50 35 81
146 52 52 174
146 53 57 85
147 1 19 56
147 10 31 75
147 16 5 205
147 22 55 183
147 26 13 114
147 28 49 170
147 29 41 64
147 30 25 167
147 37 52 136
147 42 59 175
147 50 45 120
147 52 34 174
147 53 1 85
147 55 39 128
147 59 7 36
148 3 4 217
148 4 21 148
148 8 49 2
148 20 43 191
148 25 9 190
148 26 26 80
148 30 55 167
148 33 16 200
148 39 14 166
148 43 31 130
148 46 1 203
148 50 19 120
148 52 34 99
148 53 37 112
148 54 7 11
149 3 5 126
149 8 20 111
149 9 31 150
149 13 13 121
149 14 26 132
149 16 41 37
149 17 17 217
149 18 34 164
149 23 1 215
149 28 37 170
149 30 9 91
149 34 49 98
149 40 43 79
149 41 55 44
149 51 53 159
150 1 55 208
150 12 15 27
150 15 25 182
150 20 19 191
150 21 13 46
150 23 29 177
150 24 21 126
150 26 32 171
150 27 37 119
150 31 59 169
150 36 4 1
150 40 50 160
150 42 9 175
150 52 40 214
150 53 43 163
Điểm tối ưu: 2216
Thời gian: 360.078347 giây
Trạng thái: VALID
