1471
1 2 7 90
1 3 55 115
1 4 31 144
1 8 49 78
1 16 13 52
1 19 19 119
1 20 33 37
1 22 25 45
1 24 5 10
1 25 53 22
1 27 16 18
1 32 1 126
1 33 28 102
1 37 37 15
1 40 43 46
2 1 37 117
2 7 3 56
2 8 13 138
2 12 44 89
2 13 9 113
2 16 21 80
2 18 49 147
2 20 19 37
2 22 31 7
2 24 11 120
2 25 1 22
2 31 58 1
2 33 25 98
2 34 39 9
2 35 16 114
3 4 34 10
3 10 1 25
3 14 43 134
3 16 28 80
3 17 31 48
3 19 56 132
3 20 49 37
3 21 37 24
3 23 19 45
3 27 21 18
3 28 16 129
3 32 7 110
3 35 25 121
3 37 51 56
3 38 13 27
4 2 56 150
4 4 7 84
4 8 39 64
4 13 5 44
4 17 43 48
4 19 1 119
4 20 37 37
4 21 14 24
4 23 9 88
4 29 19 49
4 31 46 1
4 32 51 126
4 33 31 88
4 34 29 9
4 38 25 12
5 1 1 117
5 3 55 16
5 5 19 55
5 7 25 56
5 9 21 54
5 10 43 127
5 12 13 141
5 24 9 21
5 25 11 130
5 30 3 74
5 31 28 116
5 32 32 47
5 36 37 79
5 40 49 34
6 2 7 40
6 4 47 95
6 13 25 44
6 17 16 48
6 19 21 23
6 23 27 11
6 24 19 21
6 29 1 41
6 30 43 74
6 31 31 1
6 32 38 126
6 34 49 129
6 35 13 114
6 38 34 81
6 40 55 46
7 1 25 29
7 2 31 136
7 5 9 66
7 6 55 34
7 8 13 78
7 12 57 141
7 16 37 80
7 17 40 143
7 18 44 39
7 20 1 36
7 22 16 7
7 30 3 140
7 35 52 149
7 37 27 91
7 40 19 26
8 4 14 144
8 6 34 14
8 9 31 54
8 10 20 93
8 11 4 135
8 13 16 44
8 16 49 57
8 17 46 143
8 22 7 51
8 23 1 88
8 29 56 69
8 31 52 116
8 32 37 47
8 33 10 33
8 38 27 81
9 1 23 117
9 2 38 136
9 4 53 95
9 6 5 14
9 8 43 138
9 9 16 5
9 14 7 120
9 15 19 61
9 18 26 147
9 21 13 131
9 27 46 130
9 29 49 69
9 30 31 74
9 35 2 114
9 36 55 50
10 4 52 144
10 6 19 95
10 10 9 127
10 15 56 72
10 16 46 57
10 17 22 143
10 19 25 119
10 25 7 130
10 27 49 3
10 28 43 129
10 29 39 55
10 31 13 116
10 37 1 105
10 38 16 12
10 39 31 32
11 3 13 115
11 5 47 55
11 10 37 25
11 13 17 113
11 15 56 128
11 16 10 17
11 18 49 67
11 26 25 30
11 28 7 144
11 30 19 82
11 36 32 76
11 37 43 91
11 39 2 58
11 40 27 34
12 1 5 69
12 9 34 54
12 10 13 25
12 11 25 87
12 14 1 134
12 15 37 141
12 17 55 143
12 20 58 36
12 22 7 7
12 23 29 45
12 27 46 3
12 31 43 1
12 35 10 149
12 37 20 91
12 39 50 58
13 4 31 10
13 8 16 145
13 9 49 54
13 12 43 6
13 13 41 113
13 16 55 80
13 17 13 143
13 18 19 39
13 19 33 146
13 21 2 131
13 27 58 3
13 28 52 129
13 29 7 49
13 31 25 116
13 39 37 58
14 2 13 40
14 3 49 121
14 8 1 145
14 11 28 135
14 12 20 6
14 13 7 44
14 15 43 72
14 17 10 143
14 20 31 37
14 26 25 94
14 34 33 9
14 35 4 121
14 38 56 27
14 40 38 26
15 1 43 117
15 8 9 64
15 10 2 73
15 11 16 87
15 13 29 113
15 14 31 120
15 16 49 52
15 18 25 67
15 25 19 22
15 29 37 49
15 33 52 104
15 34 7 9
15 35 22 149
15 36 45 76
15 37 55 15
16 1 23 29
16 2 43 142
16 4 40 10
16 7 14 77
16 9 31 5
16 12 7 89
16 16 34 52
16 18 19 147
16 20 11 37
16 22 37 7
16 29 55 49
16 34 17 9
16 36 25 50
16 39 1 8
16 40 49 26
17 1 55 117
17 7 22 107
17 8 37 103
17 10 57 93
17 19 33 148
17 20 28 37
17 21 25 24
17 23 3 88
17 24 45 10
17 26 1 111
17 28 19 144
17 30 14 74
17 32 50 47
17 35 40 149
17 37 7 105
18 7 51 107
18 11 40 135
18 12 19 68
18 15 31 128
18 17 1 48
18 19 7 119
18 25 49 22
18 26 17 111
18 28 37 129
18 31 4 1
18 34 47 9
18 35 25 114
18 37 43 85
18 38 14 81
18 40 56 11
19 2 25 150
19 3 37 16
19 4 19 54
19 5 7 148
19 6 15 14
19 13 13 44
19 14 43 35
19 17 22 48
19 19 1 146
19 22 52 7
19 27 34 3
19 28 31 129
19 29 9 41
19 30 55 140
20 2 43 150
20 3 49 102
20 6 7 14
20 7 4 77
20 8 40 138
20 14 13 120
20 15 55 61
20 17 37 48
20 22 1 45
20 23 35 45
20 27 25 18
20 29 31 49
20 31 9 116
20 32 20 110
20 35 28 149
21 1 49 117
21 5 13 38
21 6 5 80
21 7 31 77
21 8 19 145
21 10 1 93
21 11 51 87
21 15 15 61
21 26 11 94
21 27 34 130
21 29 38 68
21 31 22 116
21 33 55 88
21 36 7 76
21 39 25 32
22 2 55 136
22 5 4 148
22 7 37 56
22 9 19 5
22 11 22 124
22 15 49 61
22 18 8 39
22 20 17 36
22 21 40 24
22 31 1 1
22 32 43 47
22 37 31 105
22 39 13 8
22 40 25 31
23 2 32 40
23 4 23 144
23 6 21 14
23 7 1 107
23 8 10 145
23 9 55 51
23 10 13 127
23 13 47 44
23 17 7 143
23 19 25 146
23 24 4 21
23 25 39 22
23 27 58 130
23 29 43 41
23 36 50 33
24 4 58 95
24 5 47 148
24 7 55 131
24 8 34 64
24 10 49 93
24 13 53 113
24 14 38 120
24 15 43 141
24 18 13 67
24 19 1 23
24 22 31 45
24 27 25 130
24 28 28 144
24 32 19 47
24 40 7 46
25 7 4 107
25 8 40 145
25 10 45 73
25 14 55 120
25 15 7 72
25 17 37 5
25 20 1 37
25 24 11 21
25 29 32 41
25 30 13 140
25 34 22 9
25 37 49 105
25 38 19 81
25 40 25 26
26 2 9 150
26 6 7 80
26 8 4 145
26 9 46 54
26 12 25 89
26 16 13 80
26 19 55 119
26 21 52 24
26 23 21 88
26 24 59 120
26 28 1 98
26 29 31 55
26 31 16 1
26 34 19 9
26 36 37 20
27 1 58 117
27 2 15 90
27 4 25 3
27 5 19 66
27 8 7 138
27 10 45 25
27 15 31 61
27 17 10 5
27 19 49 146
27 24 13 21
27 26 35 94
27 27 27 3
27 28 40 144
27 37 21 85
27 39 1 75
28 9 15 132
28 11 19 135
28 15 37 128
28 16 58 80
28 19 49 21
28 23 53 45
28 24 35 120
28 26 22 30
28 27 55 130
28 30 1 82
28 31 7 50
28 35 28 121
28 37 31 56
28 39 44 8
29 2 20 142
29 4 49 144
29 9 4 132
29 12 8 32
29 14 31 35
29 19 25 23
29 24 14 57
29 25 51 130
29 27 1 18
29 29 43 68
29 33 16 31
29 36 55 28
29 39 38 32
30 1 33 117
30 4 55 54
30 5 4 38
30 10 50 25
30 13 1 113
30 17 16 143
30 18 37 147
30 19 7 146
30 20 23 36
30 22 43 7
30 23 58 45
30 24 11 57
30 30 25 82
30 34 13 108
30 38 46 81
31 3 31 16
31 5 7 66
31 6 9 95
31 9 13 54
31 13 11 44
31 16 25 80
31 17 4 5
31 19 37 21
31 20 21 37
31 21 1 24
31 26 19 30
31 28 16 98
31 29 49 55
31 33 28 104
31 39 55 32
32 5 23 66
32 8 7 125
32 9 10 132
32 10 37 41
32 12 51 89
32 13 27 113
32 14 19 35
32 16 16 52
32 18 31 147
32 19 43 148
32 25 13 22
32 26 5 30
32 32 1 47
32 34 35 108
32 36 56 20
33 3 49 115
33 7 56 77
33 9 4 54
33 11 1 87
33 13 35 113
33 14 43 120
33 15 7 61
33 16 37 57
33 20 47 37
33 23 21 45
33 28 16 144
33 29 31 69
33 35 13 121
33 38 40 27
33 39 26 75
34 4 59 144
34 5 13 66
34 6 10 14
34 9 7 132
34 12 15 6
34 15 25 128
34 22 34 7
34 23 29 88
34 24 31 57
34 27 43 3
34 29 55 55
34 34 51 9
34 35 19 121
34 38 4 81
34 40 38 34
35 3 20 84
35 4 5 144
35 11 40 124
35 16 1 52
35 17 49 48
35 19 25 21
35 21 58 24
35 22 55 7
35 23 13 45
35 25 17 130
35 26 7 94
35 31 37 116
35 36 31 33
35 39 43 58
35 40 9 26
36 2 25 136
36 4 46 144
36 8 43 64
36 9 13 5
36 10 19 73
36 11 55 135
36 12 7 141
36 13 5 113
36 15 1 100
36 24 16 57
36 25 58 22
36 27 40 3
36 33 49 104
36 38 37 12
36 39 31 58
37 2 50 40
37 3 44 16
37 5 3 66
37 9 25 132
37 11 22 135
37 17 19 143
37 22 28 7
37 24 1 10
37 25 34 22
37 26 31 111
37 31 13 1
37 33 40 104
37 34 55 9
37 38 37 27
37 39 7 58
38 3 31 84
38 5 23 38
38 12 37 6
38 16 1 80
38 17 49 143
38 18 7 67
38 23 16 88
38 25 11 22
38 29 19 41
38 33 4 98
38 34 13 9
38 35 52 114
38 36 25 79
38 37 55 105
38 39 44 75
39 3 31 102
39 5 25 148
39 6 17 14
39 12 1 68
39 13 19 113
39 14 56 134
39 16 10 52
39 20 15 36
39 21 28 131
39 23 5 11
39 31 7 1
39 33 45 98
39 36 51 76
39 37 21 15
40 5 21 148
40 6 11 95
40 7 13 107
40 8 43 145
40 10 25 25
40 13 19 44
40 18 7 147
40 19 55 87
40 21 46 24
40 25 4 130
40 30 32 140
40 32 37 110
40 33 1 104
40 36 49 50
41 1 3 117
41 2 37 90
41 4 25 95
41 8 43 103
41 9 16 54
41 11 7 135
41 12 19 141
41 23 27 88
41 25 1 130
41 26 5 111
41 30 31 82
41 32 55 110
41 33 52 98
41 35 10 121
41 38 13 12
42 3 39 121
42 5 7 38
42 6 37 14
42 9 10 54
42 12 25 141
42 19 55 23
42 20 13 36
42 21 31 24
42 22 50 51
42 23 47 88
42 25 44 22
42 28 1 129
42 33 4 104
42 36 19 79
42 37 15 85
43 1 17 20
43 2 7 142
43 3 3 16
43 10 56 73
43 11 31 135
43 12 13 68
43 13 1 44
43 14 38 134
43 15 51 72
43 19 19 146
43 24 47 120
43 25 49 130
43 29 26 55
43 37 43 56
44 6 1 14
44 9 28 5
44 11 25 135
44 15 31 72
44 17 49 5
44 18 19 67
44 20 10 36
44 21 52 131
44 23 13 88
44 33 44 104
44 34 58 9
44 35 7 149
44 36 15 50
44 39 37 8
44 40 3 26
45 1 25 117
45 4 35 95
45 5 17 66
45 7 46 107
45 12 31 89
45 14 37 35
45 18 13 39
45 21 49 131
45 22 43 51
45 26 23 111
45 29 7 69
45 31 1 116
45 32 55 47
45 37 27 15
45 39 19 32
46 2 15 150
46 3 55 102
46 6 13 14
46 7 10 77
46 10 39 73
46 13 45 113
46 17 25 48
46 23 37 88
46 24 7 10
46 26 47 111
46 27 28 130
46 29 1 69
46 36 31 28
46 37 49 91
46 38 20 27
47 7 22 77
47 8 31 145
47 9 40 132
47 10 26 93
47 15 1 61
47 17 19 48
47 19 49 119
47 20 7 37
47 22 10 7
47 26 38 30
47 30 43 140
47 35 34 149
47 36 55 33
47 39 13 75
48 3 31 115
48 6 9 34
48 8 37 138
48 11 19 87
48 13 7 113
48 14 1 35
48 15 25 100
48 19 13 119
48 22 22 51
48 24 5 57
48 27 40 130
48 33 50 31
48 38 46 27
48 39 55 75
49 1 1 29
49 2 3 142
49 4 25 144
49 5 29 148
49 8 10 138
49 9 40 51
49 20 55 37
49 23 52 88
49 25 32 22
49 28 7 129
49 31 22 1
49 32 44 110
49 33 37 98
49 34 58 129
49 36 13 76
50 1 11 29
50 3 27 52
50 6 41 14
50 9 43 54
50 10 55 127
50 12 7 6
50 15 1 128
50 19 37 23
50 25 46 22
50 28 22 59
50 31 16 116
50 33 13 104
50 35 19 149
50 39 51 75
50 40 31 137
51 2 1 40
51 6 23 14
51 8 55 78
51 10 7 73
51 11 16 135
51 15 19 72
51 18 43 67
51 19 49 132
51 22 58 7
51 27 13 3
51 32 25 126
51 34 31 9
51 35 34 114
51 36 38 76
52 1 17 117
52 2 49 90
52 6 9 80
52 7 34 77
52 12 2 141
52 14 19 134
52 23 7 88
52 26 11 111
52 27 37 18
52 28 31 98
52 29 13 49
52 35 40 114
52 38 43 27
52 39 26 8
53 1 47 117
53 2 1 90
53 5 23 148
53 8 25 145
53 9 40 54
53 11 28 87
53 16 31 80
53 17 55 5
53 18 49 39
53 19 13 146
53 21 34 24
53 24 5 120
53 25 9 130
53 36 19 28
53 39 43 32
54 5 11 66
54 10 32 25
54 14 14 35
54 15 49 128
54 16 4 52
54 19 55 146
54 21 46 131
54 23 19 88
54 24 23 120
54 25 21 130
54 27 37 130
54 28 43 144
54 31 40 1
54 32 7 126
54 39 25 58
55 2 33 142
55 4 29 10
55 7 22 56
55 11 37 87
55 12 55 89
55 15 43 100
55 19 13 23
55 21 40 131
55 24 52 10
55 25 1 62
55 30 7 137
55 35 19 114
55 37 3 15
55 40 25 46
56 10 7 93
56 15 31 100
56 17 46 5
56 20 3 36
56 21 49 24
56 25 53 130
56 28 19 129
56 30 55 82
56 31 25 1
56 34 1 9
56 35 22 121
56 36 37 50
56 38 28 12
56 40 13 11
57 8 28 145
57 9 1 132
57 12 37 89
57 14 8 35
57 15 49 100
57 16 19 17
57 19 43 146
57 20 53 37
57 23 41 45
57 24 26 10
57 25 15 130
57 28 4 129
57 33 22 33
57 35 56 149
57 40 31 26
58 1 7 117
58 3 9 16
58 7 32 107
58 8 22 145
58 10 13 93
58 11 37 135
58 15 49 141
58 18 1 39
58 19 44 23
58 21 19 131
58 23 17 11
58 26 5 94
58 29 25 69
58 34 35 129
58 40 55 26
59 8 4 78
59 10 38 127
59 11 1 135
59 12 49 68
59 13 23 44
59 16 58 57
59 17 13 48
59 19 43 21
59 21 55 24
59 24 16 21
59 30 19 140
59 33 31 104
59 36 25 76
59 39 7 8
60 5 11 148
60 7 26 77
60 10 56 41
60 15 14 100
60 16 34 80
60 20 23 37
60 21 43 24
60 24 7 21
60 27 31 130
60 29 19 69
60 34 37 9
60 35 1 121
60 39 49 135
61 3 25 16
61 5 1 66
61 6 13 95
61 8 22 138
61 10 55 25
61 14 50 120
61 19 38 119
61 21 4 24
61 22 19 51
61 23 7 11
61 26 29 94
61 28 9 98
61 31 44 116
61 33 34 104
61 36 15 33
62 11 34 87
62 13 40 44
62 15 19 128
62 16 31 52
62 17 37 143
62 18 1 96
62 19 49 148
62 20 5 37
62 22 26 51
62 24 53 21
62 25 29 22
62 31 58 143
62 32 13 47
62 36 43 79
62 40 7 79
63 2 43 90
63 5 2 148
63 10 37 93
63 12 25 6
63 13 29 44
63 15 7 100
63 16 22 52
63 23 11 11
63 26 35 30
63 33 19 31
63 34 4 125
63 36 55 76
63 38 51 27
63 39 31 8
63 40 15 34
64 2 31 90
64 4 49 95
64 7 52 77
64 16 7 52
64 17 28 143
64 22 10 51
64 23 45 88
64 25 41 22
64 27 16 3
64 28 25 129
64 30 37 74
64 34 43 9
64 35 2 149
64 36 19 76
64 39 55 8
65 3 43 102
65 4 23 10
65 6 13 34
65 9 28 132
65 10 31 73
65 11 4 87
65 13 15 113
65 15 7 128
65 17 1 143
65 22 25 7
65 23 11 88
65 33 49 88
65 34 35 9
65 36 37 33
65 37 19 105
66 1 11 20
66 3 13 84
66 4 58 10
66 5 19 148
66 7 55 107
66 15 37 100
66 21 31 131
66 22 1 7
66 29 43 49
66 30 21 74
66 31 34 1
66 33 4 31
66 36 25 33
66 37 7 85
66 39 49 32
67 1 5 117
67 2 55 40
67 4 37 10
67 7 39 77
67 9 32 132
67 11 7 87
67 15 19 100
67 18 13 147
67 26 17 30
67 28 46 129
67 29 25 41
67 30 49 140
67 32 1 110
67 33 43 31
67 35 10 114
68 1 31 117
68 6 29 95
68 9 46 51
68 11 58 135
68 12 49 6
68 14 19 120
68 18 1 147
68 21 25 131
68 23 23 45
68 24 17 120
68 27 55 3
68 28 37 144
68 29 13 69
68 30 7 140
68 31 33 116
69 2 44 40
69 7 9 107
69 10 31 127
69 11 13 87
69 13 37 44
69 17 25 143
69 18 1 67
69 23 59 88
69 24 17 10
69 25 7 22
69 27 28 18
69 31 49 1
69 32 19 126
69 37 55 85
69 40 39 137
70 1 10 117
70 2 26 90
70 3 45 84
70 4 43 95
70 6 5 95
70 9 1 5
70 14 31 134
70 21 7 24
70 23 37 45
70 25 23 130
70 28 57 98
70 31 49 116
70 32 13 126
70 37 39 85
70 39 19 75
71 2 37 40
71 3 49 16
71 4 47 10
71 5 13 148
71 6 1 34
71 8 25 64
71 10 7 25
71 18 31 67
71 20 35 37
71 25 17 22
71 26 11 30
71 27 3 3
71 28 28 129
71 35 44 149
71 39 19 8
72 2 19 136
72 4 56 10
72 5 11 38
72 6 17 80
72 9 28 54
72 12 1 32
72 15 13 72
72 25 25 22
72 26 35 111
72 27 37 3
72 30 7 82
72 31 40 116
72 37 49 15
72 38 32 27
72 40 43 26
73 2 21 90
73 9 37 132
73 10 1 127
73 16 40 80
73 18 55 67
73 20 19 36
73 23 25 88
73 24 34 21
73 25 9 22
73 26 7 30
73 34 5 9
73 35 28 114
73 36 50 28
73 37 43 105
73 39 14 32
74 6 29 14
74 7 19 107
74 8 1 64
74 9 43 132
74 11 40 87
74 12 13 89
74 13 25 113
74 23 17 45
74 24 22 57
74 26 31 30
74 34 27 9
74 35 37 149
74 37 50 85
74 38 4 27
74 39 7 75
75 1 35 117
75 6 5 34
75 7 37 107
75 11 43 87
75 13 49 113
75 14 55 35
75 16 40 57
75 19 21 21
75 20 17 37
75 23 15 45
75 24 3 57
75 26 7 111
75 31 28 1
75 32 31 126
75 34 13 129
76 2 21 40
76 4 31 95
76 5 5 55
76 6 19 14
76 7 7 77
76 10 44 93
76 14 1 120
76 16 55 57
76 17 34 143
76 22 13 51
76 24 11 10
76 29 25 49
76 30 37 82
76 36 49 79
76 38 16 27
77 1 5 29
77 8 49 103
77 18 56 39
77 19 31 23
77 20 26 37
77 21 22 131
77 22 10 45
77 26 17 94
77 29 1 49
77 33 19 104
77 34 53 9
77 35 7 121
77 36 13 79
77 39 37 75
77 40 43 34
78 1 1 19
78 7 7 56
78 8 52 138
78 9 19 132
78 10 31 93
78 13 22 113
78 15 14 128
78 18 44 147
78 22 4 51
78 23 41 88
78 27 49 18
78 28 10 144
78 30 25 140
78 33 37 104
78 40 55 79
79 2 31 150
79 5 35 55
79 15 25 61
79 16 46 80
79 19 55 148
79 21 37 131
79 22 13 7
79 27 43 130
79 28 1 144
79 29 49 49
79 31 4 50
79 33 7 104
79 35 16 149
79 38 40 12
79 39 19 58
80 4 14 10
80 9 22 132
80 10 25 73
80 11 19 124
80 12 57 6
80 14 8 134
80 15 43 61
80 17 34 48
80 19 37 146
80 25 55 22
80 33 4 33
80 35 16 121
80 38 1 81
80 40 51 137
81 3 31 18
81 6 3 14
81 7 25 107
81 9 37 51
81 11 44 135
81 13 47 113
81 17 8 48
81 20 40 37
81 23 35 88
81 24 28 57
81 28 13 98
81 29 21 55
81 30 49 74
81 31 56 116
81 33 16 104
82 3 55 121
82 6 3 34
82 11 46 87
82 16 43 57
82 19 33 119
82 20 5 36
82 21 19 24
82 23 1 11
82 25 51 22
82 26 13 30
82 27 7 3
82 28 10 129
82 30 37 140
82 34 15 9
82 37 25 85
83 2 37 150
83 5 15 38
83 6 7 95
83 10 49 73
83 13 31 113
83 15 43 128
83 16 19 52
83 17 4 48
83 18 26 39
83 19 55 21
83 20 13 37
83 21 10 131
83 24 41 21
83 37 33 91
83 38 1 12
84 1 53 117
84 3 15 102
84 4 35 107
84 8 22 103
84 9 37 54
84 12 31 141
84 14 49 134
84 21 43 131
84 22 1 51
84 30 25 74
84 31 19 1
84 32 56 126
84 33 40 98
84 34 4 108
84 37 7 15
85 5 17 55
85 6 1 95
85 7 58 107
85 9 34 51
85 12 25 68
85 17 31 143
85 22 49 7
85 25 37 22
85 26 3 94
85 27 52 3
85 29 43 69
85 35 22 114
85 38 7 12
85 40 13 26
86 2 57 90
86 3 51 84
86 7 16 107
86 8 13 145
86 9 7 54
86 14 25 120
86 17 43 143
86 18 31 39
86 20 3 37
86 22 19 7
86 24 35 57
86 27 10 3
86 29 37 69
86 34 49 9
86 38 22 81
87 1 29 117
87 3 37 84
87 7 19 56
87 11 10 87
87 12 31 68
87 13 59 113
87 20 15 37
87 22 4 45
87 26 1 30
87 27 22 3
87 30 49 82
87 31 55 1
87 32 43 126
87 36 25 28
88 2 9 136
88 4 17 95
88 5 1 38
88 6 7 34
88 7 49 77
88 8 13 64
88 9 40 5
88 12 31 6
88 14 25 35
88 18 3 115
88 19 44 119
88 21 22 24
88 31 37 1
88 33 19 33
88 34 55 129
89 1 19 117
89 2 27 40
89 5 2 55
89 10 21 25
89 13 11 113
89 15 37 61
89 22 16 51
89 27 31 3
89 28 34 144
89 30 7 74
89 31 4 116
89 33 49 98
89 34 25 9
89 35 13 149
90 2 49 150
90 3 33 121
90 5 13 55
90 6 25 14
90 9 7 5
90 11 22 87
90 12 1 89
90 13 31 44
90 16 43 80
90 21 28 24
90 22 40 7
90 25 5 22
90 28 19 98
90 33 10 104
90 39 15 58
91 3 1 102
91 4 59 54
91 5 8 55
91 9 34 5
91 10 25 127
91 16 46 52
91 18 55 147
91 21 16 131
91 24 19 57
91 25 22 22
91 31 10 1
91 32 49 110
91 34 5 96
91 37 37 105
91 38 31 12
92 1 39 117
92 2 19 150
92 5 5 66
92 9 58 51
92 10 13 73
92 14 49 35
92 15 1 72
92 20 9 37
92 22 46 7
92 24 7 57
92 32 25 110
92 33 55 104
92 34 11 9
92 37 32 85
93 3 21 16
93 4 52 54
93 9 1 54
93 11 10 135
93 14 14 134
93 15 25 72
93 20 59 37
93 22 7 45
93 26 19 111
93 30 43 82
93 32 32 110
93 34 41 9
93 36 37 28
93 38 4 12
93 40 55 137
94 7 19 77
94 11 31 87
94 12 2 6
94 14 25 134
94 15 55 100
94 16 49 80
94 19 37 148
94 20 7 36
94 21 10 24
94 23 43 88
94 28 22 129
94 29 13 41
94 37 45 15
95 2 1 150
95 3 15 16
95 4 49 10
95 6 23 95
95 9 31 51
95 10 19 127
95 13 13 113
95 18 37 39
95 19 7 23
95 23 47 11
95 28 34 98
95 31 52 1
95 36 43 33
95 39 55 58
96 1 17 29
96 5 31 148
96 7 43 107
96 9 25 5
96 10 49 127
96 12 8 68
96 13 21 44
96 16 37 52
96 17 46 48
96 27 40 18
96 29 56 68
96 32 13 110
96 33 28 98
96 37 1 85
96 39 33 75
97 4 1 3
97 5 16 148
97 7 44 77
97 8 37 78
97 11 13 135
97 12 19 89
97 17 28 48
97 23 5 88
97 24 3 10
97 28 40 129
97 30 55 74
97 32 8 47
97 35 25 149
97 37 31 15
97 40 50 46
98 1 41 117
98 3 57 52
98 4 55 144
98 5 10 55
98 8 7 103
98 9 25 54
98 10 49 41
98 18 37 67
98 21 34 131
98 24 1 21
98 25 13 130
98 26 15 111
98 27 19 3
98 34 45 9
98 36 3 76
99 5 29 66
99 15 37 72
99 16 3 84
99 21 7 131
99 22 22 7
99 24 1 57
99 26 13 111
99 29 43 55
99 31 19 116
99 32 25 47
99 35 31 114
99 36 15 28
99 38 10 27
99 39 51 8
99 40 57 34
100 1 13 117
100 3 43 121
100 4 19 10
100 7 58 131
100 8 1 78
100 17 40 48
100 19 49 23
100 22 4 7
100 24 25 57
100 28 22 98
100 30 15 82
100 33 10 31
100 35 7 114
100 37 27 105
100 40 31 79
Điểm tối ưu: 1471
Thời gian: 179.973223 giây
Trạng thái: VALID
