7047
1 35 47 131
1 65 9 299
1 77 35 717
1 81 1 517
1 85 14 743
1 107 7 652
1 118 49 250
1 122 51 14
1 142 37 2
1 143 25 403
1 154 57 643
1 160 41 598
1 174 43 215
1 178 28 97
1 180 20 335
2 9 9 526
2 29 31 584
2 49 22 581
2 51 34 613
2 62 19 203
2 68 25 254
2 78 4 624
2 80 13 108
2 120 1 485
2 129 56 225
2 139 7 180
2 183 15 459
2 197 38 623
2 199 49 673
3 1 51 322
3 3 25 615
3 9 21 506
3 18 5 474
3 45 45 692
3 85 55 670
3 111 40 132
3 134 16 590
3 150 14 152
3 171 33 278
3 191 19 660
3 192 3 283
3 196 9 524
4 7 23 258
4 10 55 468
4 12 1 388
4 14 40 735
4 16 9 739
4 25 43 494
4 32 25 655
4 101 13 159
4 104 3 76
4 153 17 639
4 165 19 91
4 174 49 271
4 175 31 352
4 178 37 73
5 14 16 638
5 23 37 160
5 63 51 482
5 64 49 385
5 74 7 390
5 76 44 316
5 79 23 539
5 89 31 634
5 104 57 283
5 109 11 221
5 132 19 190
5 149 28 649
5 163 14 556
5 182 1 668
6 5 9 259
6 22 40 596
6 35 59 628
6 41 1 150
6 55 19 387
6 59 52 95
6 73 45 474
6 79 11 608
6 89 21 634
6 97 55 247
6 99 26 150
6 120 43 485
6 176 3 362
6 189 14 19
6 200 37 495
7 16 19 243
7 26 3 435
7 29 8 584
7 50 14 216
7 53 53 318
7 67 31 723
7 88 57 18
7 90 49 393
7 99 10 370
7 106 39 91
7 131 1 141
7 141 16 80
7 176 43 78
7 178 25 97
7 181 28 626
8 36 20 11
8 38 46 466
8 75 56 16
8 78 34 10
8 85 26 670
8 89 7 302
8 115 2 416
8 120 31 274
8 122 37 14
8 132 50 557
8 161 16 297
8 198 13 7
8 200 43 495
9 12 53 388
9 15 28 41
9 16 2 221
9 24 37 529
9 27 16 27
9 33 25 601
9 70 43 68
9 88 50 18
9 89 19 551
9 97 7 247
9 115 46 333
9 121 58 554
9 136 31 573
9 149 13 649
9 186 55 174
10 12 59 131
10 21 55 342
10 22 31 659
10 29 37 584
10 36 39 77
10 47 7 748
10 59 26 95
10 76 13 549
10 101 1 597
10 104 44 736
10 110 5 252
10 132 50 44
10 133 22 695
10 139 9 180
10 183 19 361
11 3 15 518
11 9 44 532
11 20 38 661
11 29 3 476
11 30 49 321
11 33 58 253
11 44 28 449
11 69 19 291
11 114 31 534
11 120 23 443
11 138 55 284
11 177 13 727
11 182 34 273
11 194 7 177
12 13 25 416
12 20 49 661
12 24 1 456
12 47 41 56
12 72 45 558
12 78 28 624
12 94 21 128
12 112 55 222
12 135 13 598
12 156 34 206
12 158 31 275
12 184 10 119
12 185 37 33
12 191 43 685
13 3 43 361
13 4 23 375
13 23 39 469
13 25 9 712
13 32 25 376
13 51 31 414
13 79 7 539
13 90 13 39
13 108 33 200
13 130 55 373
13 163 51 194
13 170 19 103
13 177 5 272
13 198 2 691
14 35 27 131
14 66 47 204
14 82 10 702
14 86 59 419
14 88 1 134
14 110 5 450
14 111 7 132
14 113 39 261
14 120 51 485
14 150 45 152
14 151 37 72
14 152 14 83
14 160 34 476
14 172 55 656
14 186 19 174
15 3 44 408
15 22 7 130
15 27 26 531
15 39 13 494
15 58 41 243
15 64 39 385
15 80 37 215
15 99 52 89
15 115 4 254
15 123 57 451
15 156 10 331
15 172 32 102
15 182 28 668
15 193 55 17
16 17 19 561
16 19 31 65
16 33 39 253
16 43 22 337
16 55 53 387
16 113 55 665
16 144 57 692
16 145 16 25
16 152 43 83
16 166 9 344
16 188 25 220
16 199 1 673
17 1 19 602
17 3 45 671
17 19 55 65
17 45 9 263
17 65 5 638
17 79 43 608
17 90 31 264
17 95 16 480
17 96 25 574
17 106 1 359
17 124 13 429
17 161 50 251
17 195 39 487
18 29 17 476
18 37 52 40
18 48 49 659
18 56 57 519
18 64 31 542
18 79 21 539
18 90 43 264
18 107 23 25
18 111 34 132
18 113 29 566
18 123 25 585
18 128 47 165
18 141 40 425
18 142 7 2
18 161 1 297
19 8 46 637
19 48 4 70
19 61 21 287
19 63 1 482
19 70 40 583
19 88 33 18
19 96 8 56
19 104 49 534
19 106 13 328
19 113 19 281
19 114 43 185
19 168 56 705
19 169 37 610
19 185 25 445
20 4 16 605
20 26 43 43
20 27 58 27
20 31 11 581
20 43 37 738
20 48 33 51
20 58 47 243
20 83 25 680
20 86 55 588
20 110 1 252
20 130 13 373
20 167 7 513
20 188 21 343
20 196 3 239
20 200 28 495
21 8 43 637
21 32 50 592
21 36 55 235
21 67 31 641
21 70 7 583
21 77 11 717
21 78 40 624
21 92 14 371
21 107 23 532
21 111 37 132
21 120 5 443
21 126 2 606
21 129 26 225
21 194 46 715
21 195 35 133
22 1 2 602
22 11 44 8
22 27 58 440
22 42 46 110
22 51 33 141
22 83 13 20
22 95 16 491
22 122 25 14
22 133 37 695
22 141 52 222
22 168 7 392
22 183 55 78
22 184 49 119
22 187 19 736
22 191 40 685
23 8 27 637
23 17 55 227
23 20 19 661
23 73 50 213
23 94 44 195
23 100 1 64
23 118 15 250
23 134 31 687
23 139 5 205
23 145 10 455
23 163 25 194
23 165 37 180
23 198 7 691
24 19 15 226
24 41 29 150
24 44 52 449
24 53 55 34
24 58 13 511
24 64 26 385
24 77 39 318
24 95 7 491
24 101 32 696
24 139 20 612
24 160 22 180
24 200 10 389
25 11 3 8
25 19 51 226
25 29 58 476
25 40 7 296
25 47 43 734
25 49 20 226
25 54 22 426
25 64 31 385
25 66 11 204
25 69 45 395
25 77 5 389
25 97 38 260
25 113 15 281
25 143 25 732
26 5 19 562
26 19 51 315
26 31 59 581
26 48 25 51
26 55 17 387
26 58 3 243
26 74 37 530
26 102 14 703
26 106 31 635
26 124 7 484
26 145 46 455
26 154 49 255
26 166 35 261
26 180 55 443
26 187 21 6
27 4 17 375
27 19 45 315
27 20 33 461
27 29 19 584
27 61 23 287
27 87 29 520
27 96 13 56
27 103 37 505
27 104 55 534
27 132 2 190
27 137 51 587
27 150 43 152
27 171 10 278
27 179 7 151
27 199 25 34
28 2 52 178
28 5 5 562
28 20 55 461
28 40 44 296
28 43 10 337
28 47 41 748
28 48 13 51
28 70 49 68
28 88 7 134
28 112 3 222
28 116 21 207
28 142 32 2
28 145 16 489
28 162 37 170
28 174 25 475
29 7 46 258
29 13 43 320
29 35 13 131
29 44 37 1
29 47 17 56
29 66 58 204
29 96 7 574
29 112 29 446
29 118 41 250
29 127 23 487
29 132 19 44
29 145 25 392
29 152 50 83
29 172 2 102
29 183 34 127
30 4 9 375
30 24 32 332
30 64 28 385
30 79 37 608
30 90 1 39
30 98 20 472
30 113 59 261
30 117 14 162
30 126 23 606
30 144 17 570
30 164 25 368
30 185 49 378
30 186 56 129
30 195 45 487
30 199 39 664
31 3 33 383
31 36 49 11
31 42 43 492
31 62 7 436
31 72 14 506
31 75 25 136
31 88 38 18
31 99 1 382
31 102 55 703
31 118 29 250
31 142 57 464
31 197 19 169
31 200 22 495
32 5 28 562
32 8 34 637
32 24 37 456
32 33 19 253
32 49 59 446
32 70 25 644
32 77 41 318
32 82 4 293
32 114 1 419
32 122 55 130
32 125 44 354
32 174 8 140
32 189 13 588
32 194 52 455
32 198 22 7
33 10 8 468
33 14 31 241
33 17 25 561
33 41 19 406
33 47 13 748
33 56 49 465
33 60 56 749
33 72 43 597
33 126 21 606
33 127 4 379
33 154 34 643
33 156 28 701
33 164 40 368
33 178 1 57
33 195 15 133
34 48 4 621
34 69 45 291
34 72 37 558
34 74 55 63
34 75 9 157
34 80 43 108
34 86 16 20
34 92 35 384
34 126 7 86
34 130 28 373
34 136 31 364
34 138 13 38
34 139 51 612
34 149 1 649
34 181 19 384
35 4 52 375
35 11 35 8
35 27 41 27
35 64 7 385
35 67 37 694
35 77 47 362
35 80 55 108
35 87 33 277
35 93 25 205
35 117 4 274
35 139 1 612
35 145 28 25
35 182 9 273
35 188 15 343
35 192 45 142
36 8 43 124
36 12 11 196
36 51 1 26
36 63 8 482
36 79 19 539
36 120 29 274
36 134 52 626
36 140 3 46
36 141 26 80
36 154 5 643
36 161 32 297
36 169 46 539
36 188 37 220
36 191 23 660
36 196 17 524
37 9 19 532
37 24 13 456
37 42 1 110
37 50 11 330
37 61 37 287
37 97 26 522
37 99 4 89
37 101 39 527
37 104 32 748
37 110 47 450
37 112 8 446
37 135 56 166
37 157 51 622
37 176 43 362
38 2 57 178
38 34 55 322
38 42 40 492
38 45 32 185
38 56 45 519
38 58 28 243
38 60 1 415
38 78 10 624
38 86 17 127
38 94 13 617
38 124 7 257
38 146 22 168
38 154 19 643
38 161 51 297
39 19 45 384
39 30 7 514
39 43 49 276
39 44 52 334
39 49 33 40
39 62 4 436
39 73 14 474
39 74 55 497
39 90 26 393
39 95 10 491
39 96 19 163
39 123 37 308
39 140 43 46
39 155 1 66
40 2 9 523
40 3 49 320
40 16 57 739
40 21 46 342
40 25 25 712
40 33 44 601
40 34 29 585
40 71 31 62
40 124 4 257
40 139 15 612
40 146 53 79
40 162 22 170
40 170 7 103
40 183 1 127
40 194 40 715
41 15 4 41
41 20 7 461
41 36 31 544
41 37 46 292
41 58 29 511
41 63 26 482
41 103 13 505
41 104 49 353
41 130 58 373
41 145 20 25
41 173 39 144
41 182 1 397
41 184 55 137
41 194 43 715
42 3 15 477
42 18 23 474
42 21 40 342
42 52 13 311
42 82 34 702
42 95 56 491
42 102 10 703
42 113 1 281
42 117 46 274
42 144 37 692
42 170 51 103
42 186 4 129
43 9 13 710
43 34 1 322
43 48 7 51
43 75 44 483
43 88 25 134
43 90 31 28
43 122 21 412
43 144 4 692
43 156 10 292
43 165 37 629
43 166 19 344
43 172 56 102
43 181 50 384
43 186 28 129
44 2 43 178
44 18 41 474
44 22 4 659
44 34 55 585
44 63 34 683
44 88 10 134
44 108 37 257
44 109 59 430
44 120 21 485
44 146 14 168
44 147 50 107
44 155 31 66
44 160 17 599
44 178 7 57
44 185 45 508
45 16 3 739
45 19 45 711
45 39 19 493
45 42 7 492
45 58 23 243
45 68 13 246
45 102 53 703
45 132 38 557
45 137 1 587
45 139 55 205
45 176 25 362
45 181 16 384
45 195 35 487
45 196 43 239
46 2 10 178
46 8 37 408
46 13 40 696
46 20 25 661
46 25 55 124
46 26 32 550
46 45 51 308
46 50 4 240
46 53 49 318
46 69 15 291
46 77 23 717
46 139 46 180
46 144 13 570
46 186 1 129
46 193 19 615
47 6 7 521
47 11 11 8
47 18 46 49
47 44 20 45
47 60 13 176
47 68 17 665
47 80 28 108
47 88 25 18
47 95 40 480
47 125 1 161
47 127 5 487
47 188 31 220
48 2 3 138
48 35 49 131
48 56 20 519
48 77 5 397
48 86 31 495
48 89 51 255
48 91 43 87
48 127 33 379
48 175 15 135
48 177 25 727
48 185 27 575
48 196 13 239
48 197 7 623
48 200 40 495
49 1 57 493
49 36 27 179
49 43 31 189
49 58 14 243
49 60 7 717
49 65 23 602
49 75 1 136
49 79 51 608
49 112 5 222
49 119 19 270
49 121 39 554
49 153 46 689
49 154 25 643
49 182 16 668
50 22 1 659
50 48 4 51
50 49 7 40
50 50 19 330
50 74 21 63
50 77 53 389
50 78 13 624
50 90 49 264
50 94 31 195
50 131 9 141
50 133 39 700
50 142 26 2
50 191 37 685
51 2 3 178
51 15 16 41
51 102 47 703
51 106 49 359
51 108 43 50
51 114 1 185
51 119 9 212
51 153 7 639
51 157 55 622
51 171 20 440
51 188 27 652
51 192 37 142
51 194 31 177
52 5 13 259
52 23 3 160
52 37 7 292
52 55 59 387
52 65 23 291
52 72 50 476
52 74 25 347
52 84 37 563
52 87 1 520
52 91 44 467
52 93 10 576
52 107 19 652
52 111 55 715
52 149 31 649
53 16 37 243
53 26 49 43
53 27 44 27
53 35 53 628
53 42 10 667
53 45 25 111
53 48 55 659
53 60 20 176
53 80 59 108
53 85 31 670
53 138 46 284
53 141 7 80
53 143 16 732
53 161 3 451
54 16 25 221
54 63 43 683
54 68 29 691
54 71 7 62
54 82 19 293
54 92 59 371
54 100 1 651
54 135 52 166
54 142 37 582
54 153 23 513
54 155 16 66
54 168 55 439
54 181 31 421
55 18 43 49
55 60 7 749
55 62 31 203
55 71 27 524
55 75 38 533
55 80 35 215
55 87 17 520
55 89 21 149
55 91 49 467
55 102 19 703
55 103 56 245
55 114 11 185
55 155 13 66
55 179 4 571
56 5 11 259
56 33 7 253
56 49 9 581
56 54 37 304
56 57 43 421
56 70 19 644
56 89 50 302
56 94 13 365
56 99 40 89
56 103 1 505
56 137 33 587
56 138 22 284
56 160 17 730
56 168 55 555
56 180 26 335
57 2 17 523
57 19 55 315
57 52 1 255
57 54 28 426
57 67 13 694
57 104 37 353
57 111 46 433
57 116 7 580
57 156 43 331
57 161 19 451
57 175 31 210
57 187 3 6
57 190 25 427
57 197 52 19
58 2 13 523
58 15 16 267
58 31 53 581
58 40 49 734
58 46 55 380
58 49 9 40
58 51 7 414
58 64 41 385
58 71 20 62
58 102 27 703
58 115 31 254
58 136 37 573
58 146 4 168
58 150 35 152
58 156 44 337
59 15 25 41
59 16 14 221
59 24 3 332
59 39 28 589
59 46 45 662
59 53 11 68
59 62 34 436
59 111 39 433
59 117 7 448
59 119 49 212
59 133 55 460
59 166 20 261
59 181 22 384
60 15 13 206
60 26 55 39
60 38 52 466
60 50 22 330
60 69 25 418
60 75 31 16
60 90 1 393
60 96 37 574
60 110 29 176
60 131 17 244
60 137 49 587
60 142 7 241
60 189 43 19
61 2 22 523
61 5 59 562
61 22 16 130
61 35 37 131
61 50 9 330
61 51 46 141
61 77 5 364
61 83 1 434
61 113 39 281
61 146 7 168
61 155 55 591
61 157 32 722
61 199 49 459
62 48 40 621
62 49 25 226
62 68 10 665
62 73 43 528
62 74 27 530
62 101 19 527
62 102 23 703
62 103 31 196
62 118 1 187
62 124 3 173
62 145 7 25
62 163 17 194
62 178 13 97
62 181 37 384
62 194 51 177
63 11 1 8
63 15 16 206
63 30 7 308
63 89 25 437
63 90 55 393
63 105 38 336
63 107 51 652
63 112 23 222
63 117 20 448
63 119 32 212
63 163 43 194
63 170 45 121
63 173 3 582
64 1 50 493
64 17 43 227
64 49 31 40
64 79 47 608
64 89 14 302
64 104 33 353
64 116 55 589
64 139 26 180
64 162 1 170
64 171 38 278
64 184 10 137
64 185 20 445
64 196 5 239
65 3 25 477
65 14 8 638
65 27 55 517
65 59 31 95
65 80 1 451
65 82 13 293
65 106 44 359
65 117 16 274
65 139 3 84
65 161 40 251
65 163 53 194
65 175 49 135
65 180 57 90
65 199 19 673
66 2 1 178
66 5 3 259
66 18 51 49
66 44 37 383
66 47 25 38
66 81 28 517
66 109 43 662
66 121 14 286
66 126 11 606
66 157 7 722
66 158 58 434
66 165 32 704
66 193 17 615
66 195 23 110
66 197 55 19
67 23 20 740
67 24 13 332
67 36 25 77
67 64 33 385
67 80 31 108
67 82 58 702
67 89 37 302
67 93 45 489
67 113 7 281
67 145 50 25
67 158 55 418
67 174 1 215
67 181 10 384
67 192 43 142
67 193 53 615
68 4 19 375
68 58 39 511
68 63 10 683
68 82 25 702
68 88 7 18
68 92 55 384
68 101 50 159
68 104 21 191
68 111 34 433
68 143 43 403
68 149 37 649
68 155 46 591
68 179 14 151
68 182 4 273
69 16 49 243
69 29 13 476
69 32 25 430
69 36 31 77
69 37 16 40
69 52 10 255
69 71 43 31
69 77 29 364
69 95 38 491
69 107 7 532
69 118 53 250
69 127 35 379
69 128 1 165
69 149 3 649
69 155 55 66
70 9 55 710
70 15 7 206
70 25 1 350
70 34 47 585
70 42 32 492
70 60 25 176
70 69 49 64
70 85 19 670
70 144 53 264
70 164 14 154
70 167 43 113
70 169 38 186
70 177 35 727
70 181 10 626
70 191 41 660
71 2 55 178
71 8 13 408
71 26 9 629
71 52 19 311
71 61 31 287
71 71 50 31
71 74 43 63
71 80 21 108
71 124 28 173
71 126 57 606
71 128 17 694
71 150 39 152
71 154 23 14
71 155 33 591
72 12 43 388
72 18 13 49
72 30 28 514
72 32 32 430
72 40 25 734
72 57 20 123
72 60 55 415
72 62 52 203
72 93 8 48
72 110 11 252
72 160 15 599
72 175 45 263
72 184 1 137
72 191 5 660
72 196 59 239
73 26 37 39
73 28 57 54
73 32 44 635
73 40 28 334
73 60 13 415
73 70 25 68
73 87 3 277
73 107 5 532
73 108 49 263
73 110 23 252
73 113 41 281
73 130 34 17
73 137 21 587
73 157 7 622
73 186 31 174
74 10 43 21
74 36 49 544
74 70 34 644
74 73 25 213
74 76 21 549
74 80 13 215
74 87 15 277
74 102 55 219
74 112 29 222
74 115 1 254
74 139 57 612
74 145 31 25
74 151 9 72
74 189 4 19
75 4 7 605
75 9 37 532
75 44 25 334
75 51 41 141
75 83 21 20
75 98 4 472
75 123 50 585
75 124 43 210
75 135 14 166
75 146 1 79
75 150 19 152
75 160 28 372
75 163 31 194
75 181 33 626
75 190 10 427
76 29 25 584
76 39 10 701
76 43 14 738
76 51 49 141
76 56 21 465
76 58 51 511
76 86 32 588
76 126 34 606
76 130 7 373
76 151 3 72
76 176 27 262
76 182 40 668
76 185 56 445
77 9 50 710
77 18 40 49
77 36 9 11
77 45 45 185
77 46 56 662
77 63 32 482
77 70 3 68
77 95 37 480
77 159 43 748
77 180 25 90
77 185 20 575
77 186 13 452
77 196 7 239
78 11 39 8
78 15 1 41
78 18 21 49
78 69 49 395
78 89 9 224
78 97 55 522
78 109 23 430
78 135 43 598
78 144 13 692
78 146 7 79
78 158 28 434
78 162 16 170
78 175 31 263
78 197 25 37
79 5 41 259
79 45 55 364
79 52 8 255
79 56 13 233
79 62 10 407
79 74 25 612
79 99 37 89
79 108 3 200
79 112 1 446
79 119 43 212
79 132 20 557
79 173 31 582
79 198 50 7
80 30 40 388
80 32 25 592
80 35 31 131
80 66 29 204
80 67 9 723
80 70 46 68
80 90 57 158
80 93 43 48
80 100 19 651
80 108 33 50
80 131 55 141
80 135 4 598
80 166 37 344
80 168 14 439
80 173 49 144
81 11 25 8
81 24 49 529
81 36 43 11
81 99 16 382
81 115 19 254
81 116 27 706
81 123 31 308
81 127 47 487
81 130 4 373
81 170 13 103
81 185 7 378
81 190 1 427
81 198 38 644
81 200 56 495
82 4 25 605
82 7 28 258
82 29 23 472
82 40 4 296
82 51 13 141
82 68 35 665
82 69 31 291
82 83 7 20
82 101 49 696
82 115 37 254
82 124 1 210
82 133 46 298
82 153 11 513
82 154 21 643
82 190 55 427
83 14 43 735
83 16 38 739
83 20 25 29
83 21 31 342
83 32 55 655
83 33 53 601
83 48 19 621
83 56 49 275
83 63 4 683
83 93 1 48
83 138 10 202
83 193 13 615
83 195 15 487
84 5 49 562
84 45 13 308
84 69 7 289
84 73 26 528
84 87 19 520
84 89 21 224
84 116 57 123
84 119 1 212
84 122 43 14
84 127 31 379
84 148 37 360
84 149 35 649
84 166 5 344
85 44 40 334
85 51 1 414
85 53 33 583
85 57 13 288
85 69 26 291
85 79 53 608
85 99 57 370
85 110 37 468
85 114 23 185
85 153 11 689
85 155 4 591
85 168 7 439
85 179 43 571
86 9 7 710
86 53 35 583
86 66 21 204
86 71 37 524
86 96 44 574
86 101 1 232
86 118 25 250
86 121 28 554
86 137 31 629
86 139 19 180
86 164 49 368
86 169 52 114
86 173 15 144
86 174 55 140
86 196 33 239
87 2 9 138
87 3 51 361
87 13 34 416
87 24 19 529
87 42 37 492
87 48 43 51
87 54 16 426
87 118 46 250
87 126 25 606
87 155 13 391
87 161 4 297
87 164 56 628
87 170 2 121
87 196 27 239
88 7 16 258
88 13 46 696
88 45 51 713
88 66 49 204
88 68 55 246
88 102 38 168
88 136 32 618
88 138 40 38
88 141 27 425
88 143 13 732
88 164 43 368
88 185 7 33
88 186 22 129
88 192 25 283
88 197 57 292
89 13 31 416
89 27 34 531
89 30 22 321
89 35 37 393
89 42 14 29
89 51 53 414
89 54 19 304
89 62 25 382
89 70 58 395
89 71 1 31
89 72 49 558
89 82 10 293
89 86 39 419
89 139 7 84
89 189 28 19
90 10 25 468
90 27 22 440
90 67 7 509
90 72 44 613
90 74 14 390
90 144 4 570
90 164 1 628
90 167 55 366
90 172 37 656
90 179 19 320
90 182 49 273
90 194 32 202
91 7 13 276
91 38 40 466
91 48 22 621
91 53 43 34
91 54 28 304
91 74 1 63
91 79 15 608
91 90 31 747
91 113 37 261
91 121 25 554
91 150 49 152
91 160 5 227
91 174 8 215
91 178 51 57
92 38 46 713
92 60 31 176
92 69 49 289
92 70 3 644
92 91 21 242
92 92 37 371
92 111 28 433
92 117 58 274
92 123 14 319
92 143 55 403
92 145 39 455
92 161 43 297
92 172 8 656
92 191 19 685
93 25 3 494
93 26 32 39
93 67 19 694
93 76 56 549
93 83 49 680
93 84 15 37
93 86 37 419
93 99 27 370
93 103 7 196
93 107 1 91
93 114 13 419
93 158 40 275
93 171 53 440
93 191 47 685
93 199 43 228
94 13 1 696
94 32 19 376
94 37 33 358
94 48 15 621
94 50 40 741
94 51 9 26
94 89 49 639
94 109 29 80
94 119 25 270
94 127 45 379
94 139 5 180
94 140 23 46
94 143 37 403
94 154 55 643
94 192 31 142
95 11 59 133
95 27 23 27
95 28 26 54
95 46 14 380
95 54 28 711
95 80 40 108
95 92 47 371
95 100 1 106
95 110 43 450
95 112 57 222
95 132 31 44
95 138 37 202
95 170 9 103
95 172 51 374
96 8 26 124
96 10 32 468
96 24 7 456
96 48 40 51
96 49 19 581
96 65 23 661
96 85 14 670
96 87 21 520
96 108 49 50
96 114 53 224
96 119 55 270
96 120 3 485
96 124 37 210
96 131 5 141
96 142 44 65
97 8 9 637
97 34 5 585
97 56 55 275
97 62 37 436
97 79 41 608
97 94 1 365
97 96 13 693
97 130 44 373
97 158 19 434
97 164 22 368
97 165 50 653
97 169 28 466
97 181 25 384
97 182 31 273
98 5 35 562
98 24 31 363
98 36 43 235
98 45 49 406
98 70 56 583
98 74 2 497
98 80 47 108
98 105 25 336
98 111 22 433
98 126 37 606
98 130 8 17
98 158 19 522
98 167 14 113
98 189 39 500
99 7 7 276
99 27 37 440
99 29 20 476
99 47 17 527
99 49 49 618
99 69 31 418
99 78 1 624
99 79 43 539
99 84 13 252
99 119 39 423
99 149 57 649
99 163 35 194
99 179 4 320
99 186 10 452
99 189 25 19
100 26 1 389
100 44 43 1
100 57 37 288
100 64 17 542
100 91 25 87
100 104 57 191
100 124 20 257
100 139 55 612
100 161 7 451
100 178 31 97
100 180 49 90
100 183 14 127
100 200 10 418
101 3 1 383
101 25 33 712
101 34 23 245
101 48 28 51
101 57 19 288
101 64 37 385
101 100 49 128
101 113 43 281
101 115 40 254
101 151 45 72
101 164 25 628
101 173 13 237
101 177 31 727
101 189 10 588
101 200 7 389
102 7 2 276
102 24 19 363
102 29 35 584
102 31 59 379
102 43 27 276
102 68 25 665
102 86 5 20
102 87 8 520
102 92 14 260
102 123 37 585
102 143 10 732
102 147 43 640
102 153 53 251
102 159 47 252
102 192 49 142
103 4 5 605
103 11 15 8
103 19 45 259
103 52 35 311
103 53 27 318
103 89 31 302
103 93 7 576
103 101 55 159
103 112 10 446
103 123 21 319
103 132 1 557
103 158 40 434
103 163 19 194
103 187 49 614
103 191 25 660
104 5 7 259
104 9 50 78
104 32 39 655
104 44 10 449
104 50 14 330
104 52 33 255
104 76 57 666
104 79 25 608
104 102 37 703
104 112 19 446
104 127 55 487
104 128 21 165
104 136 2 149
104 145 28 455
104 160 23 730
105 14 43 638
105 16 38 221
105 17 31 227
105 48 20 659
105 57 58 421
105 75 26 533
105 86 47 534
105 94 3 22
105 153 1 689
105 154 23 643
105 175 51 650
105 180 13 335
105 186 10 174
106 26 19 389
106 36 31 235
106 41 25 406
106 51 11 141
106 52 7 311
106 74 55 530
106 122 27 412
106 125 13 354
106 130 37 303
106 139 17 612
106 153 35 251
106 173 1 655
106 180 43 443
106 182 40 343
106 199 49 228
107 2 13 178
107 8 40 124
107 9 1 532
107 29 21 584
107 69 50 617
107 110 8 252
107 124 10 173
107 136 43 573
107 153 17 689
107 161 25 297
107 164 31 628
107 165 55 48
107 191 35 685
108 32 3 430
108 61 27 287
108 72 9 506
108 75 45 136
108 93 52 489
108 99 34 150
108 118 39 250
108 120 41 485
108 126 15 606
108 131 25 244
108 147 56 107
108 177 7 727
108 178 20 97
108 195 17 133
109 10 13 468
109 14 25 638
109 15 32 267
109 33 17 601
109 41 23 114
109 60 45 415
109 65 55 299
109 72 50 613
109 90 19 264
109 121 10 286
109 145 40 25
109 167 1 721
109 171 7 440
109 196 38 239
110 2 21 178
110 15 25 206
110 18 11 474
110 25 15 67
110 42 4 110
110 50 7 330
110 64 13 385
110 67 37 444
110 95 49 480
110 142 57 2
110 145 43 455
110 170 29 121
110 174 31 215
110 193 9 615
111 4 25 375
111 7 51 258
111 15 7 41
111 27 11 531
111 34 41 322
111 46 1 380
111 70 22 583
111 77 19 397
111 128 16 165
111 141 34 425
111 177 5 727
111 184 46 137
111 188 37 652
111 189 13 500
112 10 44 350
112 20 3 461
112 21 19 342
112 37 7 650
112 41 39 150
112 60 25 30
112 100 15 106
112 103 56 505
112 131 23 244
112 135 34 166
112 140 41 46
112 144 10 264
112 153 29 639
112 171 13 440
113 3 31 397
113 39 16 186
113 46 19 662
113 47 35 196
113 69 44 490
113 74 2 530
113 96 49 56
113 103 25 196
113 133 37 689
113 167 55 113
113 173 7 208
113 179 13 5
113 193 29 615
113 197 40 169
114 2 7 138
114 22 46 659
114 28 51 54
114 32 31 321
114 50 38 330
114 53 1 68
114 65 27 299
114 70 55 68
114 96 9 648
114 109 35 662
114 115 16 607
114 118 3 250
114 161 13 451
115 24 7 332
115 29 35 472
115 33 46 253
115 44 58 671
115 70 37 583
115 86 41 189
115 88 13 347
115 106 49 59
115 108 31 15
115 157 26 722
115 161 16 251
115 162 43 170
115 174 1 140
115 182 21 273
116 13 13 416
116 35 1 131
116 42 28 492
116 61 43 287
116 62 25 203
116 77 53 212
116 82 16 293
116 107 47 91
116 121 4 554
116 138 40 285
116 142 49 241
116 182 37 668
116 188 31 343
116 190 19 427
116 192 8 283
117 3 32 477
117 5 17 259
117 27 14 27
117 55 1 387
117 60 3 717
117 93 46 205
117 115 10 254
117 135 50 598
117 142 27 582
117 143 43 173
117 162 55 170
117 168 37 705
117 189 20 19
117 195 8 133
118 4 11 605
118 10 38 414
118 13 7 525
118 17 51 227
118 58 26 511
118 64 14 21
118 96 56 56
118 115 46 254
118 118 5 250
118 128 28 165
118 129 33 225
118 149 21 649
118 173 1 208
118 186 16 129
118 196 23 239
119 50 52 741
119 53 26 583
119 60 1 30
119 63 28 683
119 71 45 62
119 75 20 16
119 145 55 25
119 148 10 360
119 154 31 643
119 162 13 170
119 186 7 174
119 193 37 17
119 199 39 673
119 200 33 495
120 4 21 605
120 18 53 49
120 37 13 331
120 43 34 337
120 54 16 711
120 79 49 539
120 92 27 260
120 100 38 312
120 120 11 485
120 121 58 286
120 171 51 278
120 172 7 102
120 173 1 237
120 181 55 421
121 17 16 720
121 33 49 601
121 51 56 613
121 65 5 299
121 85 37 743
121 87 9 277
121 117 26 274
121 120 46 485
121 124 13 173
121 131 43 244
121 167 19 113
121 169 51 112
121 185 31 445
121 195 3 133
122 24 39 363
122 32 7 635
122 36 25 235
122 41 37 150
122 46 19 380
122 59 13 95
122 100 44 289
122 135 16 598
122 145 58 455
122 158 55 434
122 186 4 174
122 187 51 141
122 198 31 691
123 3 31 671
123 32 9 536
123 39 28 570
123 49 41 446
123 77 35 362
123 83 52 20
123 89 43 149
123 98 25 472
123 117 55 274
123 140 19 46
123 144 7 570
123 172 13 102
123 183 21 78
123 188 1 220
124 2 29 138
124 23 8 469
124 41 21 114
124 49 27 446
124 97 2 522
124 99 34 89
124 101 51 232
124 113 17 465
124 147 44 107
124 167 13 513
124 182 55 273
124 187 37 614
124 196 49 239
125 9 19 526
125 14 31 422
125 27 39 27
125 33 15 253
125 66 23 204
125 73 49 693
125 106 7 359
125 113 13 281
125 123 43 585
125 157 1 622
125 160 11 599
125 163 5 556
125 164 56 368
125 181 28 384
125 200 34 303
126 24 1 363
126 35 45 131
126 43 34 189
126 55 39 387
126 65 31 299
126 73 19 474
126 78 55 624
126 116 26 580
126 123 49 383
126 139 5 84
126 142 14 2
126 149 47 649
126 169 58 114
126 189 7 500
127 11 23 749
127 17 28 66
127 22 7 596
127 67 44 723
127 71 3 62
127 78 16 624
127 92 31 371
127 120 11 443
127 138 50 38
127 154 1 14
127 167 56 513
127 174 37 475
127 193 13 17
127 197 25 465
128 5 57 562
128 15 39 41
128 16 26 43
128 26 1 550
128 39 49 186
128 58 16 511
128 70 13 583
128 82 7 702
128 86 59 189
128 91 31 87
128 95 52 491
128 101 43 159
128 107 11 652
128 148 19 360
129 15 57 267
129 16 43 243
129 17 40 561
129 22 10 596
129 30 27 388
129 50 32 330
129 58 7 284
129 67 50 694
129 115 15 725
129 121 1 554
129 136 21 573
129 170 35 121
129 177 19 727
129 186 37 129
130 4 55 375
130 12 57 131
130 36 19 77
130 54 13 426
130 60 44 749
130 72 50 371
130 79 28 539
130 95 2 491
130 114 7 534
130 120 33 485
130 131 5 244
130 181 10 421
130 184 37 119
130 189 25 500
131 17 22 227
131 24 55 332
131 28 17 54
131 32 49 430
131 34 25 322
131 42 14 492
131 53 45 583
131 92 19 371
131 120 5 485
131 128 47 694
131 147 27 400
131 157 37 622
131 159 3 252
131 163 1 556
131 179 7 5
132 15 10 41
132 34 7 322
132 44 40 1
132 56 21 233
132 70 27 395
132 71 14 62
132 83 1 680
132 91 55 87
132 99 37 382
132 110 19 252
132 125 31 161
132 167 49 113
132 178 43 57
132 191 46 660
133 25 1 67
133 64 17 385
133 78 40 111
133 91 44 242
133 114 50 419
133 119 13 270
133 120 59 485
133 122 7 412
133 128 31 694
133 142 25 241
133 169 56 539
133 177 11 727
133 183 22 414
133 186 19 129
134 27 2 27
134 28 19 54
134 45 27 406
134 83 34 434
134 85 50 743
134 88 4 134
134 95 7 480
134 111 46 132
134 114 43 224
134 170 40 121
134 194 55 455
134 198 10 7
134 199 21 459
135 12 53 131
135 24 19 456
135 27 15 531
135 30 34 429
135 31 3 581
135 51 59 613
135 65 29 299
135 66 43 204
135 76 49 316
135 103 8 566
135 110 32 450
135 185 45 33
135 188 55 220
135 190 40 427
135 191 27 660
136 3 49 123
136 12 22 388
136 18 19 49
136 51 16 613
136 58 53 243
136 65 37 299
136 67 25 641
136 77 29 362
136 99 7 569
136 109 44 221
136 116 31 589
136 144 35 264
136 167 2 513
136 198 10 644
137 11 47 8
137 12 35 131
137 16 50 739
137 30 3 388
137 32 13 321
137 53 43 318
137 76 31 316
137 80 45 108
137 140 21 46
137 165 8 653
137 166 27 344
137 180 37 335
137 187 56 738
137 195 1 133
138 12 25 388
138 15 7 267
138 18 43 474
138 25 49 169
138 35 21 131
138 38 34 466
138 40 38 177
138 62 31 436
138 87 5 277
138 139 28 180
138 153 53 689
138 175 1 735
138 182 46 668
138 192 59 142
138 193 15 615
139 5 1 259
139 13 37 696
139 16 20 739
139 55 9 387
139 81 40 517
139 89 33 149
139 102 59 703
139 137 56 587
139 138 46 285
139 168 49 705
139 176 27 78
139 191 31 660
139 198 4 7
139 200 13 495
140 2 7 523
140 12 19 560
140 31 26 589
140 80 53 34
140 100 57 106
140 102 51 703
140 110 16 450
140 125 9 266
140 135 44 166
140 150 33 152
140 155 4 66
140 169 21 186
140 181 1 421
140 182 13 273
140 185 38 378
141 5 15 562
141 33 34 601
141 39 43 67
141 62 46 382
141 69 25 617
141 86 7 189
141 92 1 371
141 117 38 162
141 138 50 285
141 139 59 205
141 159 57 108
141 177 29 727
141 178 22 57
142 1 33 602
142 4 9 605
142 7 56 258
142 17 28 561
142 21 25 342
142 39 43 186
142 50 53 330
142 58 5 284
142 60 37 176
142 104 49 283
142 120 31 485
142 124 46 484
142 134 14 542
142 173 1 144
142 185 19 33
143 23 43 731
143 46 7 662
143 50 1 741
143 51 3 613
143 56 31 519
143 75 20 136
143 116 37 589
143 138 55 38
143 147 14 193
143 176 26 484
143 190 58 427
143 197 52 623
144 7 13 258
144 21 34 342
144 23 1 469
144 27 43 440
144 36 19 182
144 39 55 186
144 58 17 243
144 82 52 293
144 93 39 489
144 107 31 652
144 123 45 451
144 137 26 587
144 153 11 251
144 194 28 177
144 198 7 644
145 9 21 460
145 16 39 369
145 18 1 49
145 25 55 494
145 44 43 40
145 64 15 385
145 84 3 563
145 117 28 448
145 126 13 606
145 139 52 205
145 144 17 692
145 153 47 513
145 155 25 591
145 192 9 142
145 194 31 455
146 14 40 422
146 25 31 67
146 32 50 376
146 36 19 179
146 62 58 436
146 87 35 520
146 99 1 89
146 100 43 248
146 117 4 448
146 120 13 443
146 136 7 618
146 147 15 107
146 159 23 623
146 171 27 278
146 195 37 110
147 2 5 523
147 5 21 259
147 25 31 494
147 30 10 388
147 41 41 150
147 85 37 670
147 86 19 534
147 115 56 607
147 121 16 554
147 129 50 225
147 134 1 687
147 155 7 66
147 195 28 133
147 197 13 292
147 199 43 673
148 12 59 388
148 16 50 715
148 29 56 584
148 31 29 581
148 63 4 482
148 64 23 21
148 65 14 299
148 68 1 665
148 119 31 481
148 136 43 618
148 142 7 1
148 171 47 440
148 191 26 685
148 193 19 17
149 3 38 671
149 26 43 657
149 56 1 519
149 125 19 354
149 127 25 379
149 136 55 573
149 140 59 46
149 141 13 80
149 164 50 628
149 166 47 344
149 173 7 237
149 176 32 262
149 184 27 119
150 14 55 422
150 15 10 267
150 30 19 308
150 31 47 589
150 42 22 492
150 43 1 189
150 44 43 449
150 64 4 333
150 94 37 195
150 96 13 163
150 104 27 353
150 110 25 450
150 166 31 261
150 174 49 215
150 187 33 676
151 2 47 178
151 4 31 375
151 24 1 529
151 26 25 629
151 33 5 253
151 48 10 51
151 82 34 293
151 103 49 245
151 113 23 132
151 120 53 485
151 135 19 510
151 140 45 46
151 161 13 297
151 163 41 194
152 15 13 41
152 38 49 466
152 47 41 734
152 51 22 613
152 53 5 318
152 74 37 612
152 76 1 666
152 79 29 608
152 91 8 87
152 128 19 165
152 172 32 366
152 182 43 668
152 188 25 343
152 194 16 177
153 43 43 738
153 48 10 621
153 80 25 108
153 85 3 670
153 94 49 365
153 101 31 232
153 124 20 173
153 150 27 152
153 163 47 556
153 172 13 201
153 176 37 262
153 186 7 129
153 188 57 652
154 15 28 206
154 16 19 221
154 21 58 342
154 22 52 659
154 51 4 26
154 54 10 484
154 63 16 683
154 66 1 204
154 68 49 246
154 95 31 480
154 102 41 703
154 109 23 678
154 161 7 297
154 192 39 142
155 9 32 695
155 11 9 8
155 31 17 589
155 40 46 734
155 62 43 203
155 73 13 528
155 87 49 520
155 91 19 467
155 101 25 159
155 102 7 703
155 103 37 566
155 122 51 130
155 139 41 180
155 165 55 180
155 193 3 615
156 20 19 461
156 33 51 601
156 39 13 701
156 43 46 189
156 71 56 524
156 85 7 670
156 86 49 668
156 103 25 505
156 116 37 207
156 127 1 487
156 158 43 518
156 163 29 194
156 175 32 288
156 181 3 384
157 3 27 397
157 11 11 749
157 33 49 253
157 63 1 683
157 82 16 702
157 91 39 242
157 115 57 333
157 121 46 286
157 151 51 72
157 170 43 121
157 171 25 278
157 174 31 271
157 183 4 127
157 192 13 283
157 194 20 177
158 10 19 58
158 20 13 461
158 43 28 189
158 59 58 95
158 70 8 68
158 77 37 397
158 146 56 79
158 148 25 360
158 154 45 643
158 171 4 440
158 176 31 80
158 190 52 427
158 193 11 615
159 21 52 342
159 32 1 536
159 37 19 650
159 63 56 482
159 77 23 212
159 94 7 128
159 107 11 532
159 126 17 86
159 138 31 285
159 144 25 264
159 146 40 79
159 155 34 66
159 161 13 251
159 193 47 615
159 196 29 239
160 4 35 375
160 8 25 408
160 14 16 422
160 15 1 206
160 21 28 342
160 31 23 589
160 47 13 734
160 62 20 436
160 71 55 31
160 74 49 347
160 78 44 624
160 90 31 5
160 110 59 450
160 121 7 554
161 8 56 637
161 11 29 8
161 21 37 342
161 29 4 584
161 33 27 601
161 50 46 330
161 91 49 242
161 107 23 91
161 111 1 433
161 112 17 446
161 172 19 374
161 173 8 144
161 187 31 614
161 197 14 623
162 4 28 375
162 38 57 713
162 53 11 62
162 56 43 465
162 68 14 665
162 73 31 213
162 81 25 517
162 92 4 371
162 101 7 232
162 113 55 281
162 131 17 141
162 135 1 166
162 155 37 591
162 165 50 629
162 196 21 239
163 15 4 206
163 17 1 561
163 26 49 389
163 33 56 601
163 53 47 34
163 61 35 287
163 66 39 204
163 83 19 680
163 96 43 163
163 103 14 245
163 118 59 250
163 130 22 17
163 158 10 275
163 175 25 135
164 9 2 78
164 40 13 296
164 43 40 738
164 47 23 527
164 51 29 613
164 77 59 364
164 86 35 668
164 93 10 489
164 105 19 336
164 118 51 250
164 124 7 210
164 125 55 354
164 159 33 244
164 179 37 320
164 197 26 623
165 8 7 408
165 13 4 671
165 27 49 27
165 36 37 11
165 51 31 141
165 66 19 204
165 77 35 364
165 98 16 472
165 107 25 652
165 112 10 222
165 123 57 585
165 163 55 194
165 189 1 588
165 192 52 142
166 21 16 342
166 35 33 131
166 40 51 296
166 52 21 255
166 53 43 62
166 55 49 387
166 79 31 613
166 89 9 639
166 109 7 348
166 123 37 259
166 128 56 165
166 140 47 46
166 163 27 194
166 164 2 154
167 3 37 26
167 7 4 258
167 9 57 21
167 14 46 638
167 18 8 49
167 22 31 596
167 24 49 363
167 62 22 203
167 68 19 246
167 99 26 89
167 112 13 446
167 176 15 78
167 197 43 292
168 2 17 178
168 6 31 521
168 15 13 267
168 18 35 474
168 30 38 321
168 51 19 26
168 56 21 276
168 86 25 189
168 94 27 128
168 117 10 274
168 120 57 485
168 128 7 165
168 158 46 434
168 185 51 508
168 194 4 202
169 2 7 178
169 16 15 369
169 21 43 342
169 36 32 11
169 41 13 406
169 42 52 110
169 58 26 243
169 63 58 683
169 64 55 542
169 93 2 205
169 109 5 693
169 118 23 250
169 122 38 178
169 152 19 83
169 178 10 97
170 22 34 596
170 23 25 731
170 44 13 449
170 57 10 123
170 68 44 665
170 79 23 208
170 92 19 260
170 108 56 492
170 111 31 132
170 131 21 244
170 134 7 590
170 139 16 205
170 145 1 25
170 156 4 701
170 159 51 244
171 6 56 521
171 10 26 21
171 31 47 246
171 32 1 376
171 79 43 208
171 97 19 514
171 110 8 450
171 117 16 448
171 128 14 165
171 135 31 166
171 156 37 701
171 182 10 668
171 196 51 239
172 21 1 342
172 25 44 712
172 26 38 389
172 37 49 40
172 46 13 662
172 47 53 56
172 80 17 108
172 99 7 382
172 103 20 566
172 134 25 590
172 190 4 427
172 195 57 487
173 21 22 342
173 42 4 492
173 53 1 62
173 55 13 387
173 64 19 333
173 65 51 299
173 77 46 318
173 93 43 205
173 94 7 617
173 103 31 566
173 136 39 618
173 138 27 38
173 149 11 649
173 170 37 121
174 14 37 735
174 33 13 601
174 64 5 385
174 89 31 639
174 108 15 257
174 113 51 261
174 147 19 640
174 156 55 337
174 162 46 170
174 164 7 154
174 178 26 57
174 183 10 78
174 199 1 228
174 200 40 383
175 7 11 258
175 18 49 49
175 33 37 601
175 37 16 650
175 38 4 713
175 64 43 385
175 72 31 597
175 101 57 232
175 107 25 25
175 115 22 607
175 121 51 554
175 150 55 152
175 183 39 78
175 191 1 685
176 8 8 124
176 11 21 8
176 13 25 671
176 20 49 730
176 22 15 596
176 68 37 665
176 71 3 684
176 111 58 433
176 118 19 187
176 140 13 46
176 150 1 152
176 159 33 419
176 161 40 297
176 195 43 133
177 11 4 607
177 30 15 514
177 31 53 589
177 33 13 253
177 44 49 334
177 68 47 226
177 96 32 574
177 102 21 703
177 106 37 359
177 115 43 254
177 122 25 463
177 132 8 190
177 144 41 264
177 189 1 500
177 197 58 623
178 7 31 258
178 22 38 130
178 32 33 318
178 42 7 110
178 63 22 482
178 65 49 299
178 68 13 226
178 86 52 588
178 88 10 18
178 100 27 106
178 146 1 168
178 151 41 72
178 169 16 539
178 190 46 427
178 200 4 495
179 1 37 602
179 5 25 562
179 8 19 124
179 9 27 526
179 48 7 621
179 53 22 318
179 87 57 520
179 103 45 505
179 114 41 224
179 119 1 423
179 138 16 284
179 144 34 692
179 182 52 273
179 193 11 17
179 195 43 487
180 2 17 138
180 46 31 662
180 47 23 38
180 73 49 474
180 82 37 293
180 110 53 450
180 122 13 14
180 140 27 46
180 157 44 722
180 158 7 275
180 169 4 186
180 176 56 262
180 181 19 626
181 3 49 397
181 5 13 562
181 69 25 289
181 71 7 684
181 90 37 5
181 99 31 150
181 111 55 433
181 129 43 225
181 130 22 303
181 135 4 166
181 145 58 25
181 160 41 227
181 183 15 414
181 196 35 524
182 30 4 514
182 31 47 618
182 44 1 334
182 58 32 243
182 60 49 749
182 89 37 639
182 110 41 176
182 117 26 162
182 129 13 225
182 131 53 244
182 156 43 206
182 161 10 451
182 166 29 261
182 170 7 121
183 8 19 408
183 50 29 330
183 65 23 299
183 112 35 222
183 114 9 534
183 120 7 485
183 123 37 451
183 135 31 510
183 153 27 251
183 158 2 275
183 160 59 227
183 182 13 668
183 189 43 588
183 196 41 239
184 4 38 375
184 12 23 131
184 45 13 713
184 56 55 465
184 67 50 444
184 79 19 608
184 90 43 255
184 99 1 370
184 111 4 433
184 112 21 446
184 128 41 694
184 162 34 170
184 168 7 555
184 175 25 263
184 195 31 487
185 8 10 408
185 10 49 468
185 17 46 66
185 18 29 474
185 52 21 311
185 54 40 711
185 67 57 694
185 69 25 64
185 78 2 111
185 79 5 608
185 86 43 189
185 163 7 194
185 169 31 281
185 186 34 129
185 200 13 303
186 14 22 422
186 25 55 712
186 26 13 43
186 31 39 246
186 33 10 601
186 38 7 58
186 43 25 738
186 49 17 102
186 74 32 63
186 114 5 419
186 121 1 286
186 138 45 38
186 159 59 244
186 197 49 665
187 28 1 54
187 50 5 330
187 73 25 474
187 81 19 517
187 114 3 185
187 115 34 254
187 125 39 266
187 127 14 379
187 145 7 455
187 158 10 522
187 173 50 582
187 186 16 174
187 189 43 500
187 194 56 202
187 198 22 644
188 6 1 521
188 31 59 246
188 32 37 376
188 57 7 123
188 97 51 247
188 107 13 652
188 109 5 348
188 127 10 379
188 135 26 598
188 143 19 732
188 146 16 168
188 160 41 476
188 182 32 668
189 39 38 493
189 52 17 255
189 60 8 415
189 66 5 204
189 78 31 111
189 89 25 302
189 90 21 747
189 95 34 480
189 110 56 450
189 112 19 222
189 115 1 333
189 156 58 337
189 157 49 722
189 191 14 685
189 197 44 623
190 36 7 179
190 37 25 40
190 40 28 296
190 41 19 114
190 60 1 176
190 67 56 641
190 84 32 564
190 99 13 382
190 130 50 303
190 134 22 590
190 144 47 215
190 151 5 72
190 186 16 298
190 193 45 615
191 4 41 375
191 5 33 562
191 55 47 387
191 65 11 291
191 82 13 702
191 99 56 89
191 104 37 283
191 119 19 212
191 142 7 65
191 146 29 79
191 158 4 434
191 184 49 137
191 186 25 298
191 197 43 169
192 10 51 21
192 13 22 671
192 37 38 292
192 41 16 406
192 47 29 527
192 66 14 204
192 87 5 520
192 98 7 472
192 108 25 50
192 171 10 440
192 178 1 97
192 192 20 142
193 19 1 315
193 52 25 311
193 56 43 233
193 62 52 382
193 65 17 299
193 98 49 472
193 110 19 450
193 113 15 261
193 119 38 212
193 135 10 598
193 146 47 79
193 153 31 251
193 164 28 368
193 169 56 112
193 170 22 121
194 7 49 258
194 13 28 696
194 28 15 54
194 35 19 131
194 38 37 466
194 50 55 330
194 57 25 123
194 89 57 302
194 139 33 205
194 159 5 748
194 167 44 366
194 175 1 650
194 177 41 727
195 13 28 671
195 44 19 1
195 59 4 95
195 76 43 666
195 80 38 108
195 84 50 564
195 91 55 467
195 113 17 281
195 114 1 534
195 131 7 141
195 141 22 425
195 151 31 72
195 166 10 261
195 168 13 705
196 27 7 531
196 51 53 26
196 54 40 304
196 66 33 204
196 83 22 680
196 96 43 56
196 98 37 472
196 108 49 200
196 126 9 86
196 130 16 303
196 131 3 244
196 146 20 168
196 164 13 368
196 175 57 135
196 199 27 228
197 5 10 562
197 21 4 342
197 68 23 226
197 86 41 419
197 98 13 472
197 103 43 566
197 113 53 281
197 122 55 463
197 129 19 225
197 134 7 542
197 167 32 113
197 185 26 33
197 190 37 427
197 194 50 202
198 20 1 661
198 31 5 589
198 49 37 446
198 55 15 387
198 73 56 474
198 104 49 191
198 117 10 162
198 118 34 250
198 119 43 577
198 134 40 542
198 158 7 434
198 165 25 678
198 189 19 500
198 193 22 615
199 1 31 322
199 19 25 65
199 20 7 730
199 45 19 185
199 66 35 204
199 97 38 247
199 117 51 274
199 119 13 212
199 121 46 554
199 123 55 556
199 156 43 446
199 166 17 328
199 180 1 443
200 11 31 8
200 25 50 712
200 37 4 40
200 42 39 110
200 80 2 108
200 91 8 467
200 100 33 64
200 106 56 91
200 124 16 429
200 130 46 331
200 134 43 542
200 152 25 83
200 179 13 571
200 185 19 240
201 4 5 375
201 15 50 267
201 46 31 380
201 64 16 333
201 93 25 576
201 95 44 480
201 96 19 574
201 109 7 739
201 111 13 715
201 128 10 165
201 159 35 244
201 171 1 278
201 172 37 102
201 176 56 362
202 1 2 233
202 10 25 58
202 49 29 40
202 52 55 311
202 76 38 666
202 91 14 242
202 106 31 328
202 108 19 50
202 143 58 732
202 164 46 368
202 167 49 366
202 171 53 278
202 182 7 668
202 184 43 137
203 23 50 160
203 25 19 494
203 35 23 731
203 37 26 292
203 38 40 64
203 39 1 466
203 58 5 243
203 60 55 176
203 70 37 68
203 88 14 18
203 99 8 89
203 136 31 590
203 165 43 629
203 192 35 142
204 2 11 523
204 15 37 206
204 41 4 406
204 73 7 693
204 98 1 472
204 101 56 527
204 104 25 319
204 132 49 190
204 136 13 149
204 141 31 425
204 148 43 360
204 161 46 297
204 166 17 344
204 167 20 721
205 9 25 532
205 14 22 638
205 24 43 363
205 53 29 68
205 73 1 213
205 83 52 680
205 97 13 247
205 111 58 715
205 140 32 46
205 163 39 556
205 177 47 727
205 193 5 615
205 196 11 743
206 1 44 560
206 18 34 49
206 19 7 226
206 41 28 114
206 54 16 304
206 60 37 415
206 63 49 217
206 142 19 2
206 144 1 570
206 155 52 591
206 165 3 704
206 178 55 97
206 183 58 78
207 41 15 114
207 51 13 613
207 54 1 484
207 69 55 291
207 96 37 693
207 104 27 748
207 116 31 580
207 135 8 510
207 138 4 38
207 166 59 344
207 173 19 237
208 1 27 602
208 4 33 375
208 7 39 258
208 11 11 607
208 99 19 382
208 103 7 505
208 104 1 353
208 110 45 450
208 113 17 566
208 136 57 618
208 145 22 392
208 159 35 623
208 194 13 177
208 200 50 495
209 17 34 561
209 29 29 584
209 35 11 731
209 38 31 466
209 56 25 275
209 68 1 246
209 74 7 63
209 75 20 533
209 82 46 702
209 86 59 127
209 110 17 468
209 111 14 433
209 122 3 14
209 165 55 629
210 1 7 112
210 28 55 54
210 34 38 322
210 52 17 311
210 60 31 717
210 62 1 203
210 64 22 385
210 106 13 91
210 109 11 678
210 110 59 222
210 137 43 587
210 150 47 152
210 169 40 114
210 171 25 440
210 174 27 271
211 10 2 468
211 17 44 561
211 23 25 469
211 24 57 363
211 52 23 311
211 61 13 287
211 92 29 260
211 99 10 382
211 114 8 419
211 117 20 274
211 159 32 252
211 166 34 344
211 173 38 208
211 174 15 215
212 2 5 178
212 13 55 416
212 18 2 527
212 35 35 393
212 45 21 351
212 60 13 717
212 84 50 252
212 86 31 419
212 106 25 359
212 132 7 44
212 147 37 640
212 158 46 275
212 186 43 298
212 192 33 142
212 194 58 177
213 3 7 518
213 8 19 637
213 14 44 422
213 23 56 740
213 42 1 29
213 84 14 563
213 116 26 207
213 123 49 319
213 139 41 612
213 144 11 570
213 161 37 297
213 164 4 280
213 181 34 135
214 3 55 383
214 11 27 8
214 22 34 659
214 43 37 276
214 76 8 316
214 79 22 608
214 93 2 489
214 104 43 191
214 106 15 359
214 134 19 687
214 156 49 206
214 166 40 344
214 191 13 660
214 193 25 582
215 34 49 322
215 37 22 650
215 41 4 114
215 77 29 389
215 83 1 20
215 119 7 481
215 136 14 364
215 161 19 251
215 166 55 344
215 187 25 6
215 196 53 239
216 24 8 363
216 26 55 389
216 50 19 741
216 57 22 288
216 94 31 365
216 120 29 443
216 122 38 412
216 133 25 460
216 150 3 152
216 154 43 643
216 160 1 372
216 172 14 656
216 189 49 500
217 9 1 710
217 12 55 691
217 43 13 337
217 44 16 449
217 90 25 158
217 91 38 87
217 96 49 157
217 120 53 369
217 150 11 152
217 167 7 113
217 172 44 656
217 179 58 571
217 185 32 33
217 199 20 228
218 1 14 602
218 3 39 477
218 12 11 560
218 31 49 379
218 47 37 527
218 52 5 311
218 66 9 204
218 79 7 608
218 117 44 162
218 122 1 463
218 139 33 180
218 154 35 14
219 26 44 389
219 32 55 635
219 39 16 494
219 52 29 311
219 54 1 304
219 63 13 482
219 75 8 136
219 110 53 468
219 143 22 403
219 153 4 592
219 163 59 194
219 168 25 439
219 177 33 727
219 185 38 508
219 187 49 6
220 1 19 112
220 30 4 429
220 59 1 95
220 67 7 641
220 75 55 533
220 80 33 108
220 87 27 520
220 103 49 566
220 104 13 353
220 113 23 177
220 185 43 378
220 193 11 364
220 196 25 524
221 43 22 738
221 99 19 370
221 101 43 312
221 103 13 196
221 114 29 224
221 116 56 580
221 134 10 542
221 135 7 598
221 148 40 360
221 154 3 643
221 168 49 421
221 187 25 246
221 199 33 30
222 3 49 477
222 26 27 550
222 68 37 246
222 82 31 293
222 105 43 336
222 121 22 554
222 126 19 86
222 143 34 732
222 156 58 701
222 163 39 194
222 164 8 628
222 179 13 320
222 183 55 414
222 185 1 378
222 195 25 133
223 16 43 365
223 36 13 235
223 76 2 549
223 86 59 668
223 100 49 651
223 103 25 566
223 124 19 484
223 136 38 149
223 143 31 403
223 148 22 360
223 185 55 282
223 186 7 298
223 189 34 610
223 191 10 685
224 42 55 110
224 43 19 738
224 44 43 334
224 46 49 662
224 104 33 534
224 106 37 328
224 115 58 416
224 119 25 481
224 136 7 149
224 164 46 628
224 186 16 452
224 188 1 343
225 2 3 523
225 57 26 288
225 69 57 639
225 93 49 489
225 118 17 187
225 122 43 412
225 128 23 694
225 150 5 152
225 169 52 539
225 187 13 6
225 195 37 133
225 199 31 673
226 8 34 714
226 13 19 348
226 61 25 287
226 85 50 670
226 101 39 232
226 112 5 446
226 125 44 161
226 138 31 284
226 140 1 46
226 143 22 732
226 161 57 251
226 176 27 279
226 181 14 421
226 188 7 220
227 2 1 523
227 24 25 456
227 42 16 110
227 72 43 413
227 80 41 215
227 83 13 560
227 104 7 353
227 105 55 336
227 116 31 207
227 119 19 481
227 120 5 369
227 141 38 222
227 148 52 360
227 195 23 133
228 3 31 518
228 11 17 8
228 16 49 221
228 29 39 584
228 37 55 26
228 50 27 330
228 82 22 293
228 91 13 467
228 106 43 328
228 121 7 286
228 124 10 210
228 187 2 135
228 197 58 665
229 20 37 461
229 28 29 54
229 60 33 749
229 72 55 558
229 76 14 666
229 80 23 108
229 84 25 515
229 109 53 662
229 116 43 589
229 136 7 364
229 149 19 649
229 160 4 730
229 163 49 194
229 194 1 177
230 2 34 178
230 10 57 437
230 24 43 332
230 25 7 494
230 107 55 652
230 108 3 50
230 112 1 222
230 115 49 254
230 129 39 225
230 131 20 141
230 146 31 168
230 178 16 97
230 187 27 614
230 196 13 417
231 10 3 437
231 13 40 315
231 25 27 494
231 51 58 26
231 55 25 387
231 74 19 530
231 76 50 666
231 108 14 200
231 116 43 580
231 134 33 542
231 165 7 704
231 183 37 127
231 192 1 142
232 3 21 477
232 19 14 65
232 23 7 160
232 27 5 531
232 43 28 337
232 53 41 34
232 58 19 511
232 69 49 490
232 78 25 10
232 83 57 680
232 88 45 18
232 92 32 260
232 125 1 266
232 146 37 79
233 5 37 562
233 16 21 369
233 20 8 661
233 24 13 529
233 81 31 517
233 110 17 712
233 117 2 162
233 126 19 606
233 132 43 557
233 133 34 700
233 138 25 285
233 164 28 628
233 165 51 405
233 174 56 271
233 199 39 313
234 14 13 638
234 47 53 38
234 49 38 226
234 53 7 318
234 73 1 528
234 124 28 429
234 141 49 425
234 146 9 168
234 159 40 252
234 162 25 170
234 176 31 78
234 183 16 361
234 188 21 652
234 198 43 7
234 199 55 459
235 9 55 532
235 23 1 731
235 45 38 406
235 52 5 255
235 54 31 711
235 65 59 299
235 89 49 224
235 113 47 566
235 119 19 423
235 156 7 701
235 165 43 653
235 179 26 5
235 193 34 615
235 198 10 691
235 199 13 228
236 3 49 615
236 22 26 130
236 34 5 322
236 67 1 723
236 72 43 371
236 76 31 549
236 95 7 285
236 100 19 248
236 113 10 281
236 115 13 333
236 118 41 187
236 165 55 704
236 180 37 443
236 196 53 524
237 16 57 243
237 27 3 531
237 44 37 334
237 49 19 40
237 59 49 95
237 97 7 260
237 99 16 89
237 118 44 250
237 128 33 165
237 137 35 587
237 143 40 403
237 160 29 227
237 166 13 261
237 192 21 283
238 35 5 731
238 47 23 734
238 54 10 711
238 58 49 511
238 87 3 520
238 95 28 491
238 101 19 159
238 102 25 703
238 107 53 25
238 111 16 132
238 121 40 286
238 147 31 640
238 172 43 374
238 187 56 736
238 191 7 660
239 2 23 138
239 27 11 27
239 56 55 233
239 60 19 717
239 71 43 524
239 106 32 359
239 122 49 412
239 134 2 590
239 137 9 587
239 149 7 649
239 155 40 66
239 181 13 626
239 182 16 273
239 198 25 691
240 14 37 422
240 40 19 734
240 70 13 68
240 73 7 213
240 91 25 242
240 94 44 617
240 113 55 261
240 137 59 587
240 146 17 79
240 147 31 452
240 158 22 275
240 191 3 660
241 2 19 523
241 26 44 39
241 41 9 114
241 42 4 29
241 61 7 287
241 86 25 534
241 96 32 163
241 101 21 232
241 106 37 476
241 133 28 657
241 142 50 1
241 169 13 539
241 181 1 626
241 187 56 361
241 200 16 495
242 10 49 437
242 13 7 696
242 38 58 466
242 49 5 581
242 51 1 613
242 91 13 87
242 114 17 534
242 118 3 187
242 138 26 284
242 139 11 180
242 141 37 285
242 144 53 215
242 147 32 107
242 180 45 335
242 184 22 137
243 13 52 416
243 34 35 585
243 38 25 466
243 48 7 70
243 49 47 102
243 64 23 542
243 77 17 389
243 86 59 20
243 111 19 433
243 113 57 281
243 125 38 354
243 133 3 700
243 153 1 251
243 156 44 701
243 162 28 170
244 1 1 493
244 14 43 333
244 37 26 650
244 62 10 436
244 89 39 634
244 104 50 748
244 118 5 187
244 126 32 606
244 144 15 692
244 152 55 83
244 153 29 689
244 166 7 344
244 179 19 5
244 198 46 7
245 3 37 615
245 5 53 562
245 25 33 570
245 30 16 388
245 47 31 56
245 52 23 255
245 63 50 683
245 87 20 277
245 99 55 150
245 121 28 286
245 133 1 695
245 141 45 425
245 154 59 643
245 166 11 328
246 1 3 262
246 14 58 422
246 23 45 160
246 36 37 235
246 48 50 51
246 53 1 318
246 65 43 299
246 70 31 68
246 72 25 506
246 100 7 248
246 134 13 687
246 171 56 278
246 174 19 140
246 184 16 22
247 6 37 521
247 13 55 696
247 18 26 49
247 43 28 738
247 57 4 123
247 95 1 285
247 120 47 443
247 131 11 244
247 136 43 364
247 139 59 612
247 144 9 692
247 155 49 66
247 173 19 208
247 185 32 575
248 5 44 562
248 22 8 659
248 23 13 160
248 38 19 686
248 49 40 226
248 53 23 34
248 58 59 511
248 73 51 528
248 98 55 472
248 111 31 433
248 115 37 607
248 119 1 270
248 120 49 274
248 160 46 227
249 1 31 112
249 16 1 369
249 27 55 440
249 28 45 54
249 45 49 185
249 60 8 176
249 74 19 497
249 94 57 195
249 102 43 168
249 104 27 498
249 109 25 348
249 114 13 224
249 141 39 80
249 185 15 575
250 12 46 388
250 20 19 730
250 46 26 662
250 74 14 63
250 88 1 18
250 95 55 480
250 111 4 715
250 121 34 554
250 133 31 700
250 134 10 590
250 146 52 168
250 150 37 152
250 175 39 650
250 184 7 119
250 191 59 660
251 15 1 267
251 40 38 296
251 41 7 114
251 60 25 415
251 64 53 385
251 93 19 489
251 106 45 59
251 110 49 176
251 113 22 281
251 117 31 162
251 140 51 46
251 154 10 643
251 169 4 112
251 184 13 119
251 187 55 614
252 1 49 602
252 18 57 49
252 41 16 150
252 76 7 549
252 119 37 481
252 132 31 557
252 133 28 460
252 137 11 587
252 149 26 649
252 151 13 72
252 169 46 186
252 170 4 121
252 179 1 571
252 184 20 119
253 10 33 58
253 29 27 584
253 36 2 182
253 45 51 111
253 77 37 318
253 90 39 393
253 113 25 281
253 115 14 254
253 118 10 250
253 128 31 165
253 141 43 686
253 162 7 170
253 175 57 210
253 189 46 19
253 195 21 133
254 29 11 584
254 50 52 216
254 82 43 702
254 100 13 289
254 101 3 345
254 102 31 703
254 103 55 566
254 112 33 222
254 130 19 303
254 155 22 591
254 160 1 599
254 179 25 571
254 185 37 445
254 193 7 615
255 18 55 49
255 24 43 529
255 29 1 476
255 36 25 11
255 58 57 511
255 63 16 482
255 69 7 291
255 92 11 640
255 96 3 648
255 100 37 106
255 103 19 245
255 177 52 727
255 185 33 378
256 23 57 731
256 24 8 529
256 27 13 531
256 39 43 493
256 44 25 449
256 55 21 387
256 67 31 444
256 70 28 644
256 122 15 463
256 148 46 360
256 165 37 678
256 172 49 656
256 179 1 5
256 196 4 524
257 20 7 372
257 32 55 430
257 40 1 296
257 52 51 311
257 83 19 564
257 88 4 18
257 116 43 207
257 127 28 379
257 153 22 251
257 167 13 721
257 173 37 237
257 197 34 292
258 14 51 735
258 33 20 601
258 42 33 110
258 58 55 243
258 64 49 542
258 77 17 397
258 81 57 517
258 108 25 200
258 126 11 86
258 147 37 107
258 172 13 374
258 185 44 445
258 191 7 685
258 192 4 142
259 20 3 515
259 28 39 54
259 31 51 246
259 41 49 150
259 54 19 711
259 55 35 387
259 93 28 489
259 97 44 247
259 115 25 607
259 123 55 426
259 126 15 86
259 133 22 700
259 146 9 79
259 151 33 72
259 171 1 440
260 22 37 659
260 37 56 358
260 44 31 449
260 45 26 185
260 53 15 318
260 83 40 20
260 85 20 743
260 116 44 581
260 136 7 573
260 158 34 275
260 168 1 439
260 175 49 210
261 2 11 138
261 5 51 562
261 7 26 258
261 30 38 429
261 34 41 585
261 48 22 51
261 78 16 111
261 82 55 702
261 99 13 89
261 109 29 430
261 123 33 319
261 144 31 570
261 148 1 360
261 180 7 90
262 51 7 613
262 62 49 203
262 69 31 395
262 82 40 702
262 92 43 384
262 94 9 365
262 103 19 505
262 126 26 86
262 135 46 598
262 138 1 284
262 141 16 393
262 143 55 732
262 160 35 227
262 181 4 421
263 9 14 526
263 13 43 696
263 24 31 529
263 25 21 67
263 27 19 27
263 32 55 318
263 54 1 711
263 55 41 387
263 72 25 613
263 81 37 517
263 99 51 150
263 118 35 187
263 187 7 185
264 11 5 749
264 15 40 267
264 42 13 110
264 47 29 56
264 56 55 276
264 57 16 288
264 110 23 571
264 115 52 254
264 116 1 580
264 130 25 373
264 134 20 542
264 154 59 14
264 164 43 628
264 174 32 475
264 195 46 133
265 14 13 422
265 26 19 43
265 58 11 511
265 69 1 490
265 89 25 687
265 93 37 205
265 102 35 168
265 105 31 336
265 108 43 632
265 122 55 412
265 124 40 173
265 179 16 5
265 180 7 443
265 188 50 343
265 193 47 364
266 11 59 8
266 14 49 422
266 22 19 130
266 27 17 531
266 58 3 511
266 61 33 287
266 89 37 687
266 123 9 585
266 139 23 612
266 162 52 170
266 165 13 653
266 173 45 208
266 197 55 623
266 198 25 7
267 12 38 388
267 27 22 531
267 49 11 102
267 53 31 318
267 58 55 511
267 63 19 482
267 113 53 261
267 117 43 274
267 141 1 425
267 157 27 622
267 160 17 372
267 164 4 368
267 166 49 261
267 186 13 298
268 8 3 408
268 29 16 584
268 60 45 717
268 67 19 641
268 69 55 617
268 73 31 474
268 79 59 608
268 86 35 419
268 93 38 48
268 134 26 542
268 139 1 180
268 166 23 344
268 170 29 103
268 179 10 571
269 17 58 561
269 29 33 584
269 32 19 592
269 62 28 382
269 76 15 316
269 109 5 505
269 118 56 250
269 132 7 557
269 143 2 403
269 154 47 14
269 169 37 539
269 176 50 436
269 186 40 129
269 193 43 615
269 194 25 455
270 12 51 388
270 32 8 376
270 47 43 38
270 73 19 528
270 79 31 608
270 82 46 293
270 90 27 264
270 107 35 739
270 136 1 573
270 138 16 38
270 174 37 271
271 4 57 375
271 8 49 408
271 22 22 130
271 66 41 204
271 74 13 530
271 90 31 393
271 96 2 56
271 103 44 196
271 119 25 423
271 124 52 257
271 154 39 643
271 158 19 275
271 160 11 730
271 172 7 374
272 12 29 131
272 16 31 739
272 33 5 601
272 36 13 11
272 47 1 748
272 72 37 506
272 74 19 347
272 84 55 146
272 89 44 437
272 107 53 652
272 108 7 50
272 126 3 86
272 146 51 79
272 153 17 513
272 173 25 144
273 23 25 740
273 29 11 476
273 91 2 467
273 122 7 14
273 139 35 205
273 141 52 425
273 146 13 79
273 157 56 722
273 162 49 170
273 163 16 556
273 170 33 121
273 171 31 278
273 176 37 362
273 179 20 571
274 15 37 267
274 16 13 739
274 44 49 449
274 54 22 484
274 58 35 511
274 79 9 608
274 90 43 747
274 99 4 382
274 116 55 207
274 137 53 587
274 139 40 205
274 173 25 237
274 182 19 668
275 2 32 178
275 17 52 66
275 26 14 386
275 33 28 253
275 42 7 29
275 50 5 216
275 87 23 520
275 96 1 163
275 101 44 527
275 117 34 448
275 127 38 379
275 132 57 557
275 180 19 90
275 182 10 343
275 184 25 137
276 3 49 518
276 9 1 460
276 20 31 661
276 50 47 741
276 81 43 517
276 90 13 747
276 133 7 30
276 138 22 285
276 155 28 591
276 167 38 513
276 169 10 186
276 173 55 208
277 51 38 141
277 53 25 318
277 57 16 123
277 77 23 389
277 81 13 517
277 84 49 563
277 89 55 687
277 92 29 57
277 101 44 232
277 115 40 416
277 129 8 225
277 137 3 587
277 138 34 285
277 151 1 72
278 19 3 65
278 34 35 322
278 39 22 493
278 58 1 243
278 63 19 683
278 86 17 189
278 89 13 639
278 92 40 371
278 111 25 433
278 113 51 281
278 183 7 78
278 195 10 133
278 198 28 7
279 3 44 26
279 26 15 550
279 35 9 131
279 44 52 45
279 58 31 511
279 61 3 287
279 69 39 291
279 123 19 556
279 128 29 694
279 133 49 30
279 136 25 149
279 148 34 360
279 149 23 649
279 187 57 6
279 195 13 133
280 4 59 375
280 27 39 440
280 37 31 650
280 38 22 466
280 40 28 734
280 50 1 330
280 51 13 414
280 83 49 20
280 100 15 64
280 103 7 245
280 106 55 359
280 114 3 534
280 147 45 452
280 151 26 72
281 20 13 515
281 40 37 734
281 46 8 380
281 49 41 581
281 67 25 694
281 88 46 347
281 128 33 124
281 142 49 369
281 154 17 14
281 156 1 337
281 161 4 251
281 172 20 102
281 180 55 335
281 198 43 691
282 3 25 518
282 9 31 710
282 17 10 551
282 44 58 334
282 46 2 662
282 49 17 581
282 58 22 511
282 64 45 385
282 127 43 379
282 134 37 542
282 138 7 38
282 154 41 643
282 174 13 271
282 198 19 7
283 3 37 518
283 30 19 321
283 45 57 320
283 49 55 40
283 101 50 527
283 104 27 283
283 109 1 430
283 111 3 132
283 125 31 354
283 142 43 2
283 147 9 107
283 158 16 434
283 181 13 384
283 189 22 588
284 8 39 637
284 19 49 711
284 87 13 277
284 90 55 5
284 94 19 475
284 98 10 472
284 110 59 176
284 120 23 274
284 156 4 337
284 169 31 114
284 174 43 271
284 175 26 735
284 180 15 443
284 184 1 119
284 198 7 7
285 13 46 416
285 19 55 711
285 30 1 514
285 57 31 123
285 61 59 287
285 67 20 444
285 70 43 644
285 76 37 549
285 78 4 10
285 81 34 517
285 132 27 190
285 154 11 14
285 171 51 440
285 190 7 427
285 192 41 142
286 28 59 54
286 45 55 406
286 57 10 45
286 60 38 717
286 65 3 299
286 99 44 89
286 101 32 527
286 131 7 244
286 137 5 587
286 156 49 701
286 158 52 434
286 166 15 344
286 173 25 208
286 179 22 5
286 186 19 452
287 30 1 308
287 43 19 146
287 89 31 437
287 93 25 489
287 95 52 480
287 113 47 212
287 123 43 111
287 125 7 161
287 127 28 487
287 132 38 44
287 135 22 510
287 174 14 475
287 189 4 588
287 198 58 7
288 7 53 258
288 15 31 206
288 18 15 49
288 24 49 456
288 26 19 39
288 32 44 430
288 39 28 564
288 42 10 492
288 44 37 40
288 47 7 734
288 51 34 414
288 85 57 743
288 95 4 285
288 124 25 173
288 198 1 7
289 11 33 607
289 12 19 388
289 33 11 253
289 104 1 191
289 110 21 450
289 136 56 149
289 143 13 403
289 146 23 79
289 168 25 555
289 170 16 121
289 174 7 475
289 190 49 427
289 194 44 202
290 18 59 49
290 19 55 678
290 36 13 77
290 48 37 621
290 61 49 287
290 70 19 68
290 99 10 569
290 102 35 703
290 105 1 336
290 160 5 599
290 170 27 121
290 180 31 90
290 188 43 343
290 198 22 691
291 25 55 169
291 30 27 308
291 35 25 131
291 51 59 141
291 55 3 387
291 77 1 362
291 110 40 450
291 123 13 585
291 133 37 298
291 139 31 205
291 144 19 692
291 153 7 689
291 181 22 626
291 185 51 33
291 186 10 298
292 20 13 372
292 74 49 530
292 82 22 702
292 96 55 163
292 104 25 191
292 119 37 270
292 122 31 130
292 134 4 542
292 151 43 72
292 155 19 391
292 167 9 721
292 192 7 142
292 193 17 146
292 195 59 487
292 200 45 383
293 43 49 189
293 47 35 734
293 73 1 693
293 89 15 224
293 91 31 467
293 92 11 260
293 108 55 512
293 120 25 485
293 139 13 612
293 153 19 689
293 167 7 366
293 175 44 650
293 190 28 427
293 194 21 455
293 199 37 228
294 5 41 562
294 26 8 43
294 31 25 581
294 43 4 189
294 75 14 483
294 89 50 687
294 91 37 467
294 95 27 480
294 96 55 574
294 111 43 132
294 115 22 333
294 138 34 284
294 156 31 701
294 198 19 691
294 200 1 418
295 13 9 671
295 30 34 514
295 83 43 20
295 110 5 176
295 112 31 446
295 114 52 419
295 125 19 161
295 130 40 373
295 147 27 107
295 158 13 275
295 170 25 103
295 184 16 137
295 199 57 34
296 20 33 29
296 27 5 27
296 44 21 334
296 89 25 634
296 92 1 384
296 100 39 632
296 103 55 196
296 119 50 423
296 143 10 403
296 159 37 244
296 168 43 439
296 177 59 727
296 181 7 421
296 189 16 588
297 5 43 259
297 11 37 8
297 19 7 678
297 27 29 531
297 34 23 585
297 54 52 304
297 61 47 287
297 65 39 299
297 68 3 246
297 91 55 242
297 93 13 205
297 139 1 84
297 143 49 403
297 178 34 97
298 17 31 551
298 24 25 363
298 44 46 334
298 66 51 204
298 74 55 347
298 78 13 111
298 83 37 20
298 126 17 606
298 138 40 202
298 143 2 732
298 150 21 152
298 158 43 275
298 160 23 598
298 171 34 440
298 174 7 271
299 26 57 43
299 40 16 296
299 56 26 519
299 68 35 246
299 71 8 31
299 87 31 520
299 99 22 89
299 125 38 161
299 150 53 152
299 155 13 591
299 183 46 41
299 188 2 652
299 191 33 685
299 193 55 615
299 197 49 623
300 12 14 388
300 14 2 422
300 35 43 131
300 43 38 189
300 51 21 26
300 53 7 34
300 61 10 287
300 70 16 583
300 80 45 34
300 97 49 522
300 118 55 187
300 132 26 44
300 170 32 103
300 185 57 33
301 2 27 523
301 3 19 518
301 25 45 570
301 28 3 54
301 47 5 734
301 49 1 40
301 51 15 26
301 77 43 717
301 79 55 608
301 111 37 715
301 143 49 732
301 180 32 443
301 186 40 298
301 198 52 644
302 24 31 456
302 26 56 550
302 47 11 527
302 52 27 255
302 53 17 318
302 54 38 484
302 60 19 400
302 80 23 215
302 95 46 491
302 117 49 162
302 139 13 180
302 155 1 591
302 184 52 119
302 187 7 614
302 197 4 623
303 23 1 740
303 27 28 440
303 38 7 713
303 39 51 494
303 54 10 304
303 80 39 215
303 100 32 106
303 110 15 712
303 114 21 419
303 119 45 481
303 141 56 285
303 156 25 331
303 177 37 727
303 191 17 660
304 28 49 54
304 39 46 67
304 58 44 511
304 60 33 415
304 69 51 291
304 74 1 390
304 86 25 419
304 94 56 365
304 100 8 632
304 115 27 254
304 126 23 86
304 136 37 364
304 181 20 421
304 185 14 378
304 193 31 459
305 1 45 322
305 38 10 466
305 49 39 581
305 53 29 318
305 56 56 714
305 61 16 287
305 67 33 694
305 69 49 418
305 81 7 517
305 109 37 80
305 114 27 534
305 168 20 439
305 192 25 142
305 199 2 34
306 13 19 696
306 18 5 527
306 19 49 65
306 24 43 456
306 44 38 449
306 52 3 255
306 56 15 519
306 71 26 62
306 78 7 624
306 126 13 86
306 142 56 452
306 146 34 79
306 148 31 360
306 158 22 434
306 189 10 19
307 7 59 258
307 34 27 322
307 40 55 734
307 43 52 276
307 63 22 683
307 64 3 385
307 102 43 703
307 119 45 423
307 128 40 165
307 170 11 121
307 171 35 278
307 172 13 366
307 178 31 57
307 194 49 455
308 1 37 112
308 8 13 124
308 13 19 671
308 37 22 331
308 38 16 466
308 43 10 738
308 56 56 348
308 71 31 524
308 73 1 474
308 100 51 106
308 111 43 433
308 126 27 606
308 144 49 692
308 160 25 476
308 181 46 626
309 4 7 375
309 13 28 416
309 23 50 469
309 35 41 131
309 54 3 426
309 69 43 418
309 83 25 434
309 116 21 580
309 137 1 629
309 149 33 649
309 156 16 701
309 164 13 628
309 186 37 174
309 192 11 283
310 9 43 710
310 21 13 342
310 23 31 160
310 32 49 635
310 47 19 56
310 66 25 204
310 67 37 509
310 73 21 213
310 84 56 563
310 93 10 205
310 137 16 587
310 158 28 599
310 164 7 280
310 186 4 452
310 191 1 660
311 20 45 661
311 26 37 657
311 41 10 150
311 50 35 330
311 51 13 26
311 53 3 318
311 75 27 16
311 102 33 703
311 114 5 534
311 124 19 429
311 133 15 700
311 140 7 46
311 154 1 725
311 170 56 121
311 199 49 34
312 14 26 422
312 49 17 618
312 74 7 530
312 78 22 624
312 84 3 564
312 87 1 277
312 90 45 5
312 108 49 512
312 139 19 205
312 143 34 403
312 151 11 72
312 159 15 748
312 184 40 137
312 191 31 685
313 15 22 41
313 52 11 311
313 60 13 30
313 82 37 702
313 90 7 393
313 101 25 232
313 131 5 358
313 134 1 542
313 136 49 149
313 141 19 425
313 164 32 368
313 182 58 273
313 186 44 129
314 3 1 518
314 5 5 259
314 19 32 226
314 30 10 321
314 37 19 331
314 38 13 466
314 55 57 387
314 65 45 299
314 82 25 293
314 124 7 173
314 144 23 264
314 158 37 275
314 159 47 623
314 164 52 368
314 198 16 7
315 20 49 461
315 70 7 395
315 75 2 16
315 90 43 28
315 97 32 247
315 131 29 244
315 137 14 587
315 141 16 425
315 143 58 403
315 155 19 66
315 158 10 434
315 167 25 113
315 182 22 668
315 184 40 119
316 14 21 735
316 33 46 601
316 39 27 493
316 66 37 204
316 94 1 617
316 97 39 19
316 104 32 736
316 117 13 274
316 124 16 173
316 126 55 606
316 156 58 206
316 171 43 278
316 180 49 335
316 196 19 239
316 199 8 459
317 19 27 226
317 41 25 114
317 47 17 734
317 49 5 618
317 50 11 741
317 57 1 123
317 81 22 517
317 89 55 224
317 101 13 232
317 107 41 652
317 113 46 665
317 114 37 185
317 115 7 254
317 124 43 257
317 183 19 127
318 1 13 262
318 8 1 714
318 31 29 736
318 54 4 711
318 57 58 288
318 67 25 444
318 73 7 528
318 89 19 639
318 98 32 472
318 101 51 345
318 118 37 250
318 166 49 344
318 174 39 140
318 178 46 57
318 190 43 427
319 9 49 532
319 14 32 638
319 17 26 227
319 20 44 461
319 57 22 452
319 79 35 539
319 95 19 480
319 110 37 450
319 116 3 207
319 117 58 448
319 132 15 44
319 139 29 612
319 157 39 722
319 198 55 644
319 199 8 673
320 14 7 422
320 44 40 40
320 45 13 128
320 51 20 613
320 54 52 426
320 56 3 465
320 87 46 277
320 102 49 703
320 118 1 250
320 121 43 554
320 140 34 46
320 147 57 640
320 153 55 251
320 163 10 556
320 194 25 715
321 11 13 8
321 20 25 461
321 29 41 584
321 60 37 749
321 63 3 361
321 94 8 195
321 110 29 468
321 133 58 695
321 139 44 612
321 145 16 455
321 159 55 419
321 164 20 628
321 189 49 588
321 192 47 142
321 198 32 7
322 17 14 227
322 18 53 474
322 23 19 469
322 33 41 601
322 67 49 641
322 69 37 617
322 104 25 558
322 125 43 266
322 142 31 464
322 175 55 735
322 198 10 651
322 199 1 664
322 200 7 495
323 20 15 661
323 24 27 529
323 27 25 27
323 43 7 738
323 60 1 749
323 64 58 385
323 76 19 316
323 86 53 495
323 148 55 360
323 161 31 451
323 180 37 90
323 191 11 660
323 192 5 283
324 11 23 297
324 25 51 124
324 48 13 70
324 59 43 95
324 72 37 597
324 79 17 208
324 95 25 491
324 112 41 222
324 119 2 481
324 122 19 14
324 142 56 582
324 156 7 337
324 165 33 629
324 170 49 121
324 186 10 129
325 8 13 637
325 47 23 748
325 49 1 581
325 52 9 311
325 56 49 519
325 116 37 580
325 144 5 264
325 161 43 251
325 166 25 344
325 167 19 366
325 176 31 362
325 181 28 421
325 184 16 119
325 193 3 146
325 197 46 406
326 13 14 561
326 16 25 369
326 22 22 596
326 44 34 449
326 69 55 747
326 108 37 200
326 120 41 443
326 125 7 354
326 128 52 165
326 146 11 168
326 164 19 280
326 173 43 144
326 186 2 298
326 189 31 500
326 195 49 487
327 3 39 397
327 28 13 54
327 37 22 292
327 43 1 738
327 64 29 542
327 70 46 644
327 75 7 16
327 84 25 563
327 145 19 107
327 170 4 103
327 173 31 208
327 196 15 239
327 199 56 228
328 8 52 637
328 25 25 714
328 26 31 43
328 32 43 655
328 36 1 235
328 43 9 189
328 72 55 506
328 112 7 222
328 124 49 257
328 140 17 46
328 148 13 360
328 165 19 48
328 167 37 366
328 195 5 133
329 35 11 393
329 56 7 465
329 71 13 31
329 79 57 608
329 104 45 748
329 114 17 419
329 126 1 86
329 128 59 165
329 165 19 704
329 167 26 721
329 173 50 237
329 178 38 57
329 180 31 335
329 183 3 414
329 196 35 239
330 11 7 8
330 15 20 206
330 30 25 321
330 72 49 597
330 84 31 37
330 118 14 187
330 123 1 319
330 159 35 252
330 164 39 628
330 166 23 261
330 185 55 378
330 192 28 142
330 198 16 644
330 199 9 34
330 200 46 495
331 2 23 178
331 13 43 348
331 60 25 749
331 64 10 385
331 76 56 316
331 85 1 743
331 116 49 581
331 138 13 284
331 145 46 25
331 149 5 649
331 151 19 72
331 152 37 83
331 172 31 656
331 178 16 57
331 184 7 137
332 1 37 522
332 15 20 267
332 47 52 734
332 68 44 246
332 87 13 520
332 88 16 347
332 103 31 505
332 108 25 257
332 148 7 360
332 150 41 152
332 166 3 344
332 169 49 434
332 178 58 57
332 196 10 239
333 15 25 267
333 29 23 584
333 36 55 179
333 58 11 243
333 62 8 203
333 74 32 530
333 83 40 680
333 86 29 419
333 91 49 87
333 105 13 336
333 121 37 286
333 162 4 170
333 184 19 137
333 188 43 220
333 197 1 292
334 39 37 570
334 40 10 734
334 62 16 203
334 68 7 665
334 77 1 717
334 95 22 491
334 107 34 25
334 115 13 607
334 125 26 354
334 133 19 695
334 148 58 360
334 166 4 261
334 168 43 705
334 195 31 110
335 3 9 397
335 13 31 320
335 19 27 259
335 27 16 440
335 33 43 253
335 58 41 511
335 90 20 393
335 110 35 571
335 133 13 460
335 142 2 2
335 154 7 193
335 159 25 748
335 163 37 194
335 192 57 142
335 197 46 169
336 2 5 138
336 39 22 564
336 54 43 484
336 72 55 297
336 75 7 483
336 92 35 371
336 109 1 739
336 110 37 571
336 130 19 373
336 137 39 587
336 174 25 140
336 175 31 735
336 177 3 727
336 184 52 137
336 188 14 220
337 9 21 710
337 62 34 203
337 66 31 204
337 72 7 558
337 76 25 549
337 79 1 608
337 89 3 302
337 107 29 91
337 112 43 222
337 116 13 580
337 163 45 194
337 176 50 262
337 182 55 668
337 184 37 137
338 14 7 735
338 22 19 596
338 37 10 650
338 49 41 102
338 67 13 723
338 78 49 624
338 89 1 224
338 104 37 534
338 109 29 678
338 113 59 566
338 121 55 286
338 147 25 452
338 167 43 513
338 183 52 127
338 195 17 487
339 40 25 560
339 42 20 110
339 52 56 255
339 70 58 68
339 100 45 651
339 103 49 505
339 113 5 566
339 119 14 481
339 127 23 379
339 154 1 643
339 156 31 292
339 161 28 297
339 163 9 194
339 164 34 628
339 168 37 439
340 27 8 27
340 40 58 734
340 52 1 311
340 72 43 506
340 78 40 10
340 83 14 680
340 116 49 589
340 127 23 64
340 138 31 38
340 159 55 694
340 161 10 297
340 165 3 678
340 172 25 656
340 187 19 614
341 22 13 130
341 33 31 601
341 40 25 296
341 55 29 387
341 57 3 288
341 89 21 302
341 112 16 222
341 118 11 187
341 139 46 612
341 143 7 403
341 156 55 206
341 162 58 170
341 167 50 513
341 168 33 705
341 196 1 239
342 2 59 523
342 3 13 397
342 45 27 692
342 48 19 51
342 55 5 387
342 58 7 243
342 67 1 641
342 68 17 246
342 73 37 474
342 103 31 245
342 115 22 416
342 146 25 79
342 158 43 434
342 183 9 414
343 2 15 178
343 23 31 731
343 31 27 581
343 33 1 253
343 43 55 189
343 64 20 385
343 71 37 31
343 101 9 597
343 104 43 353
343 113 35 281
343 114 3 419
343 127 7 379
343 133 58 298
343 160 53 598
344 12 17 710
344 42 19 492
344 44 22 40
344 78 25 624
344 79 59 539
344 101 38 345
344 124 10 429
344 125 55 161
344 149 45 649
344 153 5 689
344 168 1 705
344 174 50 140
344 186 7 452
344 192 15 283
345 4 46 375
345 8 22 408
345 22 10 130
345 26 13 389
345 38 34 713
345 44 7 449
345 49 29 102
345 83 37 680
345 99 43 382
345 109 20 430
345 114 5 224
345 129 1 225
345 133 26 700
345 180 51 443
346 28 33 54
346 36 26 182
346 45 56 185
346 68 31 665
346 83 16 560
346 85 45 743
346 119 7 270
346 132 1 44
346 144 23 692
346 161 50 451
346 164 19 368
346 181 38 626
346 194 13 202
347 25 25 169
347 43 4 738
347 51 17 26
347 54 34 711
347 59 46 95
347 86 19 419
347 94 21 195
347 110 49 450
347 139 29 205
347 142 55 241
347 143 38 732
347 154 15 643
347 179 1 320
347 196 41 524
348 32 7 655
348 70 51 583
348 72 26 371
348 100 33 651
348 104 55 353
348 107 31 91
348 108 13 50
348 131 40 244
348 134 4 626
348 141 37 425
348 146 59 79
348 192 1 283
348 200 21 418
349 9 7 416
349 42 43 110
349 43 13 189
349 54 25 304
349 58 53 284
349 72 39 613
349 89 1 639
349 113 46 261
349 116 49 580
349 117 57 162
349 123 32 647
349 137 28 587
349 138 20 38
349 156 16 337
349 195 37 487
350 13 49 561
350 16 43 739
350 24 37 332
350 38 16 676
350 43 52 146
350 65 41 299
350 73 55 693
350 76 25 666
350 89 32 224
350 103 2 245
350 107 7 91
350 134 9 687
350 155 22 66
350 177 13 272
350 183 19 414
351 13 58 696
351 14 46 735
351 27 9 531
351 29 14 584
351 33 1 601
351 50 16 330
351 55 7 387
351 68 33 665
351 77 25 397
351 96 50 163
351 101 20 345
351 110 29 450
351 142 37 241
351 144 55 215
351 184 4 137
352 22 3 130
352 40 34 177
352 50 43 330
352 55 45 387
352 61 52 287
352 75 13 533
352 122 55 14
352 128 31 124
352 156 40 206
352 176 21 80
352 178 7 97
352 179 49 571
352 185 25 378
352 195 19 487
352 197 10 623
353 2 31 523
353 10 39 468
353 16 19 715
353 19 43 678
353 33 34 253
353 80 7 108
353 91 1 242
353 93 13 576
353 110 17 176
353 113 37 281
353 126 5 86
353 153 9 251
353 156 52 133
354 10 49 414
354 11 1 607
354 38 13 676
354 59 19 95
354 65 47 299
354 67 38 641
354 76 31 666
354 130 16 373
354 137 3 629
354 140 9 46
354 142 25 1
354 172 43 102
354 188 56 343
354 191 29 685
355 19 33 259
355 25 7 67
355 49 11 40
355 63 1 217
355 69 39 490
355 83 13 564
355 87 37 520
355 92 4 260
355 93 20 576
355 102 57 703
355 125 26 161
355 133 51 695
355 154 49 14
355 181 46 421
355 198 16 691
356 7 9 258
356 14 16 735
356 22 2 596
356 36 45 77
356 59 37 95
356 68 40 665
356 93 13 48
356 106 27 328
356 150 23 152
356 157 19 722
356 161 34 451
356 165 56 653
356 169 31 539
356 196 25 239
357 7 41 258
357 27 32 531
357 34 11 322
357 46 43 380
357 57 34 123
357 95 22 480
357 116 37 516
357 120 27 485
357 125 13 266
357 154 17 643
357 156 4 263
357 164 1 368
357 176 49 484
357 180 7 335
358 6 25 521
358 11 35 297
358 17 7 561
358 23 38 731
358 27 46 27
358 34 43 322
358 37 56 650
358 120 49 485
358 133 31 689
358 165 13 678
358 175 19 210
358 179 10 151
358 192 23 142
359 32 55 376
359 40 31 734
359 48 50 621
359 67 8 694
359 74 37 497
359 88 19 18
359 98 28 472
359 99 22 370
359 134 43 626
359 144 25 692
359 155 16 591
359 178 4 57
359 183 46 127
359 189 1 19
360 31 7 581
360 37 58 40
360 39 1 186
360 68 52 665
360 81 10 517
360 103 25 245
360 108 43 200
360 123 19 635
360 124 49 173
360 142 31 1
360 153 13 689
360 156 55 116
360 194 4 177
360 197 15 169
360 198 39 7
361 11 49 8
361 16 31 369
361 22 58 659
361 49 39 446
361 69 1 747
361 75 7 533
361 80 19 108
361 82 28 702
361 103 13 566
361 136 44 590
361 166 53 344
361 196 23 524
361 200 25 495
362 18 4 49
362 60 37 30
362 73 33 528
362 78 13 10
362 90 9 88
362 96 49 574
362 102 1 703
362 121 19 554
362 125 25 266
362 130 22 47
362 142 55 1
362 144 7 264
362 145 16 695
362 199 44 459
363 8 1 637
363 11 49 297
363 16 32 715
363 31 41 246
363 41 22 406
363 55 51 387
363 72 55 371
363 86 53 189
363 87 11 520
363 109 37 430
363 136 26 618
363 149 15 649
363 153 44 689
363 168 7 156
363 178 19 57
364 36 1 11
364 41 59 406
364 61 19 287
364 80 35 108
364 82 49 702
364 92 33 371
364 107 17 739
364 140 39 46
364 143 28 732
364 150 7 152
364 155 25 66
364 160 31 730
364 185 13 445
364 186 21 298
364 187 9 6
365 3 43 477
365 4 50 375
365 11 19 607
365 51 25 26
365 63 37 482
365 70 22 68
365 74 2 347
365 79 34 608
365 81 52 517
365 84 27 252
365 107 15 652
365 109 10 80
365 156 56 446
365 164 7 368
365 183 31 127
366 29 47 476
366 36 55 11
366 52 15 311
366 53 19 583
366 66 27 204
366 68 5 226
366 79 3 608
366 81 49 517
366 154 11 336
366 160 31 476
366 166 1 261
366 170 25 121
366 172 21 656
366 199 37 34
367 28 53 54
367 79 11 208
367 88 43 347
367 91 7 242
367 94 49 195
367 99 39 370
367 160 19 372
367 171 17 278
367 172 3 309
367 177 1 727
367 182 25 273
367 190 22 427
367 191 29 660
367 200 14 383
368 2 19 178
368 7 37 258
368 30 55 388
368 50 40 330
368 76 43 549
368 101 13 345
368 106 3 91
368 116 7 589
368 151 47 72
368 171 58 278
368 177 1 272
368 192 11 142
368 195 52 487
369 18 23 49
369 43 38 337
369 48 1 621
369 67 14 641
369 68 11 246
369 82 28 293
369 121 31 554
369 137 46 587
369 139 35 612
369 142 55 304
369 148 4 360
369 151 49 72
369 154 8 643
369 165 19 629
369 166 51 344
370 8 56 408
370 49 23 618
370 53 13 34
370 61 1 287
370 65 53 299
370 77 59 389
370 80 29 215
370 94 3 128
370 96 31 693
370 107 49 652
370 126 7 606
370 140 11 46
370 161 19 297
370 181 40 384
370 196 17 239
371 6 13 521
371 59 55 95
371 82 19 702
371 90 9 39
371 101 38 159
371 106 51 91
371 121 22 286
371 122 31 412
371 123 43 319
371 133 58 30
371 134 4 687
371 163 2 194
371 171 29 278
372 3 2 477
372 8 22 124
372 32 45 536
372 71 49 524
372 97 56 260
372 114 13 534
372 133 34 460
372 145 27 695
372 147 7 640
372 151 16 72
372 153 25 513
372 156 31 337
372 199 37 459
373 10 44 468
373 15 28 267
373 47 59 607
373 52 31 255
373 78 16 10
373 95 1 480
373 96 33 56
373 102 5 219
373 109 13 348
373 120 37 485
373 123 21 383
373 125 50 266
373 143 7 732
373 177 55 727
373 183 10 127
374 39 27 67
374 41 44 406
374 60 21 30
374 89 13 437
374 90 49 180
374 105 7 336
374 128 25 165
374 136 38 590
374 144 58 264
374 158 46 518
374 170 31 121
374 191 34 660
374 192 19 283
375 10 19 21
375 13 55 671
375 19 37 65
375 30 4 321
375 33 58 601
375 54 43 304
375 63 46 482
375 78 7 10
375 79 41 539
375 90 49 39
375 96 25 163
375 121 13 554
375 128 1 124
375 149 17 649
375 181 32 384
376 8 3 124
376 31 57 246
376 58 7 511
376 65 20 299
376 72 27 597
376 77 41 362
376 86 46 588
376 125 49 354
376 150 25 152
376 155 10 66
376 171 22 278
376 173 15 582
376 189 33 19
377 2 25 138
377 10 44 414
377 13 10 696
377 27 32 27
377 32 56 321
377 36 37 182
377 42 1 492
377 87 52 520
377 95 19 491
377 109 50 80
377 115 27 333
377 161 16 451
377 198 13 644
378 8 40 408
378 11 57 8
378 37 4 292
378 44 20 449
378 52 25 255
378 53 28 583
378 55 23 387
378 68 53 246
378 97 49 514
378 121 43 286
378 127 9 487
378 132 31 190
378 136 13 573
378 194 1 715
379 4 19 605
379 14 37 638
379 36 49 235
379 44 55 334
379 62 22 382
379 63 40 683
379 64 11 333
379 100 43 64
379 111 8 715
379 112 31 222
379 152 1 83
379 176 13 484
379 187 33 738
379 194 28 202
380 10 8 350
380 30 1 321
380 53 35 62
380 58 37 511
380 70 4 583
380 84 31 563
380 122 25 178
380 126 29 606
380 135 20 166
380 140 15 46
380 144 13 264
380 155 58 66
380 165 49 678
380 180 44 90
380 187 39 736
381 31 11 589
381 39 13 186
381 44 2 449
381 67 56 444
381 126 45 606
381 135 28 510
381 140 25 46
381 149 9 649
381 150 51 152
381 167 19 513
381 168 32 555
381 177 39 727
381 179 16 571
382 16 56 369
382 23 49 731
382 38 40 676
382 53 43 583
382 58 9 511
382 62 37 203
382 69 19 64
382 85 26 743
382 113 46 281
382 130 16 17
382 139 31 180
382 141 2 80
382 145 13 455
382 171 7 278
382 183 33 459
383 6 43 521
383 10 25 350
383 27 37 27
383 49 55 618
383 53 19 318
383 59 40 95
383 76 50 549
383 82 1 293
383 90 9 747
383 127 47 379
383 137 7 587
383 151 22 72
383 158 31 434
383 163 4 194
383 176 14 362
384 5 19 259
384 23 55 469
384 29 47 472
384 41 1 406
384 65 33 299
384 69 21 289
384 71 13 524
384 108 38 50
384 112 3 446
384 167 27 513
384 178 10 57
385 2 15 138
385 41 9 406
385 50 58 330
385 54 4 304
385 55 55 387
385 62 1 436
385 67 45 444
385 106 49 328
385 126 40 606
385 128 37 165
385 159 17 623
385 170 27 103
385 184 32 119
385 197 20 623
386 5 47 562
386 12 55 123
386 19 57 384
386 46 27 380
386 47 19 748
386 51 10 613
386 68 5 665
386 69 1 289
386 110 23 450
386 119 49 481
386 132 43 190
386 153 25 251
386 160 17 227
386 165 13 629
386 181 7 626
387 16 1 43
387 32 39 430
387 34 58 322
387 45 25 713
387 67 9 444
387 84 43 564
387 86 23 534
387 87 7 277
387 117 34 162
387 146 21 79
387 148 16 360
387 149 55 649
387 154 47 643
387 168 50 555
388 3 56 518
388 12 32 388
388 14 34 422
388 16 26 739
388 31 37 618
388 36 19 544
388 45 39 185
388 50 9 240
388 66 45 204
388 130 1 331
388 145 13 392
388 164 16 368
388 188 50 220
389 19 49 259
389 33 15 601
389 45 19 263
389 50 7 741
389 56 33 233
389 61 29 287
389 82 55 293
389 89 44 687
389 145 37 25
389 147 1 640
389 166 27 261
389 170 11 103
389 195 31 133
390 7 33 258
390 11 59 297
390 17 19 227
390 23 37 740
390 36 25 544
390 39 22 570
390 64 35 385
390 79 17 608
390 132 43 44
390 136 49 590
390 151 7 72
390 155 9 591
390 180 13 90
390 200 1 495
391 2 15 523
391 7 19 258
391 13 55 561
391 17 33 720
391 70 10 395
391 77 53 717
391 84 44 563
391 132 25 557
391 137 31 587
391 144 21 692
391 148 49 360
391 165 38 653
391 179 7 320
391 194 2 455
392 6 49 521
392 16 37 365
392 18 31 49
392 34 17 322
392 49 11 618
392 57 43 288
392 65 59 637
392 90 13 28
392 101 19 597
392 126 4 606
392 138 1 38
392 176 7 362
392 183 56 127
392 195 33 487
392 199 26 673
393 33 39 601
393 36 1 544
393 42 58 110
393 86 11 534
393 93 22 205
393 107 17 652
393 110 35 450
393 111 8 433
393 122 44 130
393 144 32 692
393 166 29 344
393 171 49 278
393 182 51 668
393 187 13 736
393 194 25 202
394 8 16 124
394 13 49 671
394 21 8 342
394 33 41 253
394 78 52 624
394 79 13 608
394 84 37 564
394 92 11 371
394 97 1 247
394 106 19 328
394 108 55 200
394 115 43 416
394 156 25 337
394 169 28 186
394 199 31 228
395 4 11 375
395 11 33 8
395 27 28 27
395 33 26 253
395 43 40 276
395 59 16 95
395 65 35 299
395 69 45 244
395 78 58 624
395 168 20 705
395 189 37 588
395 196 31 239
395 197 1 623
396 29 9 476
396 54 40 426
396 60 25 717
396 68 7 246
396 95 14 285
396 99 22 150
396 102 29 168
396 119 55 212
396 144 43 692
396 145 34 455
396 156 46 206
396 159 37 252
396 182 4 668
396 185 49 445
396 189 19 588
397 9 8 21
397 15 4 267
397 18 28 49
397 41 34 406
397 47 47 56
397 68 49 226
397 77 41 364
397 83 31 680
397 114 19 224
397 130 1 373
397 166 43 261
397 177 21 727
397 184 13 137
398 1 25 112
398 14 10 735
398 27 19 531
398 28 47 54
398 35 23 628
398 37 50 292
398 73 37 213
398 77 5 212
398 83 16 564
398 92 41 57
398 112 21 222
398 115 7 607
398 141 13 393
398 151 35 72
398 184 56 119
399 13 10 315
399 25 51 67
399 44 46 1
399 80 49 108
399 95 43 491
399 115 7 333
399 120 59 443
399 124 32 257
399 131 56 244
399 135 25 510
399 147 39 452
399 159 23 419
399 163 13 194
399 180 19 443
399 199 15 34
400 17 2 227
400 27 56 27
400 36 49 77
400 48 43 659
400 68 5 246
400 73 19 693
400 93 25 48
400 99 31 382
400 106 37 59
400 109 47 739
400 114 53 185
400 120 16 485
400 149 41 649
400 189 10 500
400 196 7 524
401 3 57 615
401 10 33 21
401 29 5 476
401 40 19 296
401 55 27 387
401 71 38 62
401 106 7 328
401 107 55 739
401 111 51 433
401 125 13 161
401 134 46 542
401 172 1 656
401 193 23 641
402 13 28 315
402 28 10 54
402 41 7 150
402 60 55 717
402 111 20 132
402 135 3 510
402 146 15 79
402 147 50 640
402 172 37 374
402 182 25 668
402 184 34 137
402 193 32 615
402 196 45 239
403 5 23 259
403 33 3 601
403 58 53 511
403 61 5 287
403 69 19 395
403 93 7 205
403 94 55 475
403 128 49 165
403 131 1 244
403 133 13 695
403 135 27 166
403 187 31 6
403 194 16 715
403 197 10 169
404 14 52 638
404 15 34 41
404 23 20 160
404 32 43 376
404 40 55 296
404 59 10 95
404 62 49 382
404 82 31 702
404 89 37 224
404 110 59 468
404 118 27 250
404 133 4 695
404 141 16 686
404 156 7 331
404 186 1 174
405 3 7 477
405 13 15 696
405 38 43 466
405 41 2 114
405 77 11 362
405 91 19 87
405 96 25 693
405 104 37 748
405 106 57 328
405 114 41 534
405 154 49 643
405 159 29 623
405 179 4 5
405 197 32 623
406 2 1 138
406 4 21 375
406 26 25 389
406 40 50 610
406 57 13 123
406 64 47 385
406 67 3 509
406 68 29 665
406 69 37 418
406 88 9 347
406 101 31 159
406 128 23 165
406 130 57 331
406 155 43 591
406 181 16 626
407 4 43 375
407 34 2 585
407 39 13 493
407 42 50 492
407 43 21 189
407 54 31 426
407 59 7 95
407 102 39 703
407 109 11 662
407 115 55 254
407 138 58 38
407 140 37 46
407 153 29 251
407 177 45 727
408 28 5 54
408 40 1 734
408 41 13 114
408 68 27 665
408 76 7 666
408 85 45 670
408 89 19 437
408 99 15 370
408 107 29 532
408 120 23 485
408 130 31 17
408 139 49 612
408 140 57 46
408 144 55 692
408 146 25 168
409 1 13 112
409 28 31 54
409 45 37 713
409 80 21 215
409 101 2 159
409 102 29 703
409 110 7 712
409 113 41 566
409 117 52 162
409 138 10 285
409 153 58 689
409 159 17 252
409 188 33 652
409 195 25 487
410 14 49 638
410 23 19 731
410 34 9 322
410 39 52 701
410 61 45 287
410 78 32 624
410 92 7 371
410 94 37 128
410 109 11 430
410 118 13 250
410 137 41 587
410 163 15 194
410 168 1 392
410 170 23 103
410 189 28 500
411 7 7 258
411 15 44 267
411 74 38 347
411 81 4 517
411 99 49 89
411 108 19 200
411 116 13 581
411 155 1 391
411 171 32 440
411 174 57 215
411 186 34 298
411 199 26 459
411 200 10 495
412 26 8 550
412 38 4 466
412 58 1 511
412 63 43 482
412 65 25 299
412 97 55 514
412 108 49 381
412 135 38 598
412 150 16 152
412 173 19 144
412 178 34 57
412 186 28 298
412 189 46 500
412 200 13 418
413 1 45 262
413 17 4 561
413 39 52 173
413 46 38 662
413 64 1 385
413 65 7 299
413 75 13 136
413 78 21 111
413 79 25 539
413 106 33 91
413 132 56 44
413 135 49 166
413 150 9 152
413 166 43 344
414 9 33 532
414 28 8 54
414 29 50 584
414 33 37 253
414 40 10 296
414 42 25 110
414 64 5 21
414 81 46 517
414 90 39 747
414 95 13 480
414 100 19 106
414 116 55 581
414 150 31 152
414 197 2 169
415 2 29 178
415 48 34 70
415 60 51 176
415 64 56 385
415 79 27 608
415 80 15 108
415 94 1 475
415 96 44 693
415 104 7 191
415 114 5 185
415 121 31 286
415 123 37 156
415 127 13 487
415 131 49 244
415 176 20 362
416 9 39 710
416 42 10 29
416 45 51 692
416 54 43 426
416 56 31 465
416 83 7 564
416 87 17 277
416 98 58 472
416 99 13 150
416 147 27 640
416 168 1 156
416 171 46 278
416 176 21 262
416 179 55 571
417 19 25 148
417 47 10 748
417 70 3 395
417 75 39 16
417 77 29 717
417 78 7 111
417 102 1 219
417 132 14 190
417 146 31 79
417 159 46 419
417 160 35 180
417 172 55 374
417 175 49 288
417 184 43 119
417 199 19 34
418 13 50 689
418 15 19 41
418 42 25 492
418 51 7 26
418 57 55 288
418 75 37 483
418 103 9 541
418 110 35 176
418 145 13 25
418 148 28 360
418 156 16 292
418 167 1 113
418 182 44 273
418 190 31 427
418 197 22 169
419 2 29 523
419 10 37 21
419 29 2 584
419 36 57 544
419 56 7 233
419 65 11 299
419 71 25 31
419 98 52 472
419 121 19 286
419 132 14 557
419 163 23 194
419 169 4 539
419 186 31 129
420 1 19 322
420 10 7 105
420 13 52 671
420 23 43 469
420 31 29 246
420 35 55 131
420 51 5 613
420 82 49 293
420 101 57 345
420 119 13 423
420 125 31 266
420 131 3 141
420 133 37 460
420 135 40 510
420 187 25 736
421 26 50 550
421 28 23 54
421 60 43 30
421 74 38 63
421 75 13 16
421 85 7 743
421 114 59 224
421 119 25 212
421 120 29 485
421 137 19 587
421 140 5 46
421 175 55 263
421 184 31 137
421 189 34 588
422 8 49 637
422 15 10 206
422 17 27 551
422 67 43 694
422 118 7 187
422 133 55 298
422 153 47 251
422 156 19 292
422 158 16 275
422 162 31 170
422 169 1 112
422 186 13 129
422 195 39 133
422 198 58 644
422 200 4 418
423 34 17 585
423 35 15 131
423 56 37 519
423 83 9 680
423 84 31 20
423 121 55 554
423 130 3 303
423 147 51 452
423 156 22 701
423 160 49 227
423 162 19 170
423 169 25 186
423 187 45 6
423 193 41 615
424 12 47 691
424 31 57 379
424 47 55 748
424 53 51 318
424 54 7 426
424 58 34 243
424 71 1 269
424 72 21 371
424 101 43 345
424 124 10 257
424 144 40 692
424 156 25 701
424 171 5 278
424 191 16 685
425 34 29 322
425 39 16 493
425 63 13 683
425 76 37 316
425 78 51 643
425 82 1 702
425 88 22 18
425 97 44 260
425 123 31 585
425 189 57 588
425 195 19 133
425 199 7 228
425 200 25 383
426 15 31 41
426 17 10 561
426 30 7 321
426 34 19 585
426 68 21 665
426 95 58 480
426 120 14 485
426 124 16 210
426 149 39 649
426 167 2 366
426 170 52 121
426 189 26 588
426 200 34 389
427 12 49 388
427 17 31 561
427 24 19 332
427 28 35 54
427 35 11 628
427 38 55 466
427 44 16 334
427 50 3 330
427 83 28 680
427 123 7 319
427 130 37 373
427 141 46 393
427 155 43 66
427 178 40 97
428 3 57 477
428 4 47 605
428 5 17 562
428 45 1 464
428 49 37 581
428 55 31 387
428 56 43 276
428 70 34 68
428 74 26 63
428 80 5 108
428 84 19 563
428 135 14 510
428 149 52 649
428 170 9 121
428 183 40 127
429 25 55 67
429 56 9 519
429 57 40 288
429 66 3 204
429 117 37 274
429 118 7 250
429 141 43 285
429 170 16 103
429 179 22 320
429 183 26 127
429 186 52 129
429 199 32 34
429 200 46 303
430 3 37 123
430 27 21 27
430 38 34 576
430 54 7 304
430 64 41 21
430 72 56 597
430 75 43 16
430 107 10 25
430 125 2 354
430 127 17 379
430 128 29 124
430 130 31 373
430 131 15 141
430 165 49 704
430 174 25 215
431 18 17 49
431 22 25 596
431 33 29 601
431 49 13 40
431 50 4 741
431 53 10 318
431 103 43 245
431 111 50 132
431 117 33 274
431 118 31 250
431 123 55 58
431 135 20 598
431 141 7 425
431 158 37 434
431 170 2 103
432 13 1 671
432 28 37 54
432 34 21 585
432 60 44 176
432 73 7 474
432 75 31 533
432 84 55 564
432 89 39 255
432 92 35 260
432 110 14 450
432 113 59 281
432 130 50 373
432 131 26 141
432 164 4 628
432 166 11 344
433 14 2 638
433 23 31 469
433 38 19 676
433 45 13 263
433 48 56 621
433 61 5 104
433 74 9 497
433 75 43 533
433 115 22 254
433 144 7 692
433 160 35 372
433 165 49 48
433 180 25 443
433 187 38 135
434 10 20 350
434 22 28 596
434 28 41 54
434 30 52 321
434 33 9 253
434 34 7 585
434 45 14 185
434 49 31 581
434 110 2 450
434 120 49 443
434 124 4 210
434 128 44 165
434 187 37 6
434 191 57 660
434 192 55 142
435 7 44 258
435 29 15 476
435 62 56 203
435 82 40 293
435 93 4 576
435 96 21 56
435 117 1 448
435 136 8 695
435 143 52 403
435 154 27 643
435 181 34 421
435 183 49 41
436 8 16 637
436 38 10 713
436 39 1 701
436 82 4 702
436 99 40 382
436 107 49 91
436 117 22 162
436 131 29 141
436 133 51 298
436 136 25 573
436 138 34 38
436 149 59 649
436 178 37 97
436 198 55 7
437 12 11 131
437 19 19 65
437 28 43 54
437 97 38 514
437 101 25 527
437 105 51 336
437 107 17 91
437 135 55 598
437 152 7 83
437 156 4 676
437 160 45 476
437 169 32 186
437 182 1 273
437 185 13 33
438 2 59 178
438 8 31 637
438 11 49 133
438 32 7 430
438 39 51 570
438 46 39 380
438 69 43 97
438 83 25 564
438 109 23 662
438 113 57 261
438 121 4 286
438 127 11 487
438 142 19 241
438 159 17 748
439 23 7 740
439 26 43 550
439 53 59 318
439 60 51 415
439 71 19 269
439 74 31 497
439 80 5 215
439 96 13 574
439 116 55 132
439 120 35 485
439 127 3 487
439 136 25 364
439 138 37 38
439 189 40 588
439 193 1 207
440 14 10 422
440 26 39 386
440 51 23 26
440 93 16 576
440 101 31 345
440 113 35 566
440 121 25 286
440 123 43 308
440 136 1 364
440 154 29 643
440 170 21 103
440 189 7 19
440 199 50 313
441 1 43 602
441 4 2 375
441 7 35 258
441 10 20 468
441 34 13 322
441 36 49 182
441 39 55 570
441 54 25 426
441 70 40 68
441 90 15 264
441 117 10 448
441 119 31 270
441 126 59 606
441 139 7 612
441 196 47 524
442 3 7 383
442 40 1 610
442 51 28 26
442 63 55 683
442 74 49 63
442 85 31 743
442 96 37 163
442 116 13 589
442 124 58 173
442 128 4 165
442 143 44 732
442 166 11 319
442 171 19 278
442 185 21 378
442 186 25 129
443 19 27 464
443 48 46 51
443 66 16 204
443 70 52 68
443 75 1 533
443 86 25 20
443 93 34 489
443 95 10 480
443 110 13 712
443 136 19 618
443 160 5 372
443 168 39 421
443 179 7 571
443 183 58 414
444 3 49 26
444 13 40 689
444 48 15 659
444 76 19 666
444 78 37 624
444 89 43 302
444 131 35 141
444 147 1 107
444 167 56 51
444 170 13 121
444 176 31 484
444 177 27 727
444 187 7 736
445 7 21 258
445 32 45 321
445 36 1 77
445 62 28 203
445 92 16 260
445 99 58 150
445 100 9 64
445 136 51 618
445 153 7 251
445 154 13 643
445 161 25 451
445 165 32 678
445 181 55 626
446 11 41 133
446 19 43 226
446 26 37 550
446 36 7 77
446 51 11 26
446 117 19 162
446 166 13 344
446 168 31 439
446 171 15 278
446 173 55 237
446 177 17 727
446 185 25 508
446 193 1 582
447 32 13 430
447 59 22 95
447 70 10 583
447 71 50 62
447 96 37 56
447 106 25 91
447 120 55 485
447 121 34 286
447 134 57 590
447 138 19 285
447 154 29 14
447 164 45 154
447 180 1 90
447 192 17 142
448 16 55 221
448 27 1 531
448 36 3 179
448 38 7 466
448 45 37 230
448 63 31 683
448 94 27 365
448 115 34 333
448 120 47 369
448 125 19 266
448 136 49 573
448 159 41 623
448 165 43 91
448 168 14 555
448 179 10 320
449 2 13 138
449 7 5 276
449 60 49 717
449 69 31 289
449 70 1 583
449 77 35 397
449 92 25 260
449 99 19 89
449 101 7 159
449 107 44 652
449 142 15 1
449 154 41 14
449 183 22 361
449 189 57 500
450 7 2 258
450 11 5 8
450 36 7 182
450 60 19 749
450 66 56 204
450 83 43 680
450 115 40 607
450 116 49 207
450 123 13 58
450 130 31 303
450 141 46 80
450 166 25 261
450 200 28 383
451 14 28 638
451 21 49 342
451 43 25 146
451 57 40 651
451 73 15 213
451 94 1 195
451 97 21 260
451 120 19 485
451 128 11 124
451 139 9 612
451 144 56 264
451 159 58 748
451 171 13 278
451 191 37 660
452 30 34 388
452 80 11 641
452 92 53 260
452 102 16 703
452 111 13 132
452 112 26 222
452 120 9 485
452 130 22 373
452 168 38 555
452 170 20 121
452 185 2 445
452 189 58 19
452 196 56 239
453 13 19 416
453 25 7 714
453 54 13 711
453 62 40 203
453 73 43 213
453 87 11 277
453 108 56 50
453 116 33 581
453 139 3 180
453 142 50 2
453 146 47 168
453 166 31 344
453 183 28 414
453 191 22 685
454 20 19 515
454 27 52 27
454 55 11 387
454 57 28 123
454 117 13 448
454 118 26 187
454 119 7 423
454 133 34 689
454 136 1 618
454 139 16 180
454 143 46 403
454 153 23 689
454 176 55 80
454 181 49 626
454 191 5 685
455 2 49 178
455 4 13 375
455 5 31 259
455 11 19 8
455 44 22 1
455 75 55 136
455 81 16 517
455 95 34 491
455 103 37 196
455 143 52 732
455 168 25 705
455 184 46 119
455 185 7 445
456 3 7 361
456 31 40 379
456 50 50 330
456 110 27 450
456 123 56 319
456 130 4 17
456 146 11 79
456 161 22 451
456 169 1 539
456 173 31 237
456 174 14 140
456 187 43 614
457 23 13 469
457 41 7 406
457 70 31 644
457 71 19 524
457 91 3 87
457 93 38 576
457 114 11 419
457 130 34 373
457 133 55 689
457 145 43 25
457 167 25 366
457 171 41 440
457 176 50 362
457 177 9 727
457 196 1 524
458 3 43 123
458 6 19 521
458 13 15 671
458 17 10 227
458 43 52 41
458 53 13 318
458 76 1 316
458 79 29 208
458 97 31 522
458 132 39 190
458 140 49 46
458 173 55 144
458 179 25 320
458 181 7 384
459 5 31 562
459 8 37 124
459 41 4 150
459 54 10 426
459 62 40 436
459 73 57 213
459 110 1 712
459 112 23 446
459 121 51 286
459 135 33 598
459 157 44 622
459 159 21 748
459 190 14 427
460 1 55 602
460 18 37 49
460 33 22 253
460 39 52 186
460 58 11 284
460 68 19 665
460 83 4 680
460 94 43 128
460 104 39 191
460 143 31 732
460 160 1 730
460 168 7 705
460 184 28 137
460 198 13 691
461 1 9 493
461 7 15 276
461 8 34 408
461 44 56 449
461 49 47 40
461 64 1 21
461 66 53 204
461 88 28 18
461 89 43 639
461 92 17 371
461 93 31 489
461 94 19 365
461 95 4 480
461 175 39 263
461 192 13 142
462 17 37 561
462 70 14 395
462 77 17 717
462 83 10 564
462 86 19 189
462 89 25 224
462 140 55 46
462 142 31 304
462 145 22 107
462 172 2 374
462 173 50 208
462 174 43 475
462 176 57 484
462 189 7 588
463 12 19 196
463 24 25 332
463 27 35 27
463 35 51 131
463 54 13 304
463 84 55 252
463 91 31 242
463 100 9 106
463 107 46 652
463 127 7 487
463 131 22 141
463 150 29 152
463 165 37 704
463 185 2 33
463 189 16 500
464 62 4 203
464 80 10 108
464 100 55 64
464 101 27 312
464 109 17 662
464 114 15 534
464 119 45 270
464 131 13 244
464 133 31 298
464 137 23 587
464 144 2 692
464 156 34 701
464 174 19 271
464 191 39 660
465 2 45 178
465 15 56 41
465 16 7 369
465 82 52 702
465 90 26 39
465 115 37 416
465 122 1 412
465 136 20 364
465 153 5 639
465 164 16 628
465 178 13 57
465 183 32 361
466 9 27 710
466 13 22 696
466 57 46 288
466 75 49 16
466 99 55 382
466 101 13 527
466 103 2 196
466 104 31 191
466 112 25 446
466 123 38 319
466 137 7 629
466 141 58 425
466 165 9 91
467 5 25 259
467 34 15 322
467 39 19 466
467 56 49 260
467 74 31 612
467 90 27 747
467 128 5 694
467 150 59 152
467 156 55 701
467 157 1 722
467 166 45 344
467 169 10 539
467 179 39 571
467 183 7 127
468 5 23 562
468 12 5 691
468 42 10 110
468 49 49 446
468 55 33 387
468 60 13 749
468 130 1 17
468 131 31 244
468 161 37 251
468 166 8 261
468 171 45 440
468 179 28 571
468 187 51 738
469 12 39 131
469 14 19 638
469 27 37 531
469 43 51 337
469 48 26 659
469 51 43 141
469 67 3 444
469 101 8 345
469 112 15 446
469 118 22 187
469 167 32 513
469 170 58 121
469 193 1 615
470 11 52 8
470 17 10 547
470 25 38 494
470 30 25 429
470 32 13 376
470 37 34 650
470 38 21 713
470 92 1 260
470 113 49 281
470 118 28 187
470 130 4 331
470 144 59 570
470 146 44 79
470 197 7 169
471 1 43 112
471 17 22 561
471 53 29 34
471 60 39 400
471 99 34 382
471 101 25 345
471 122 14 412
471 135 8 166
471 144 47 264
471 150 57 152
471 154 37 643
471 180 1 335
471 189 49 19
471 196 11 524
472 8 4 637
472 26 20 550
472 35 59 393
472 42 49 110
472 48 26 621
472 52 14 255
472 96 7 329
472 100 55 289
472 124 34 173
472 145 16 392
472 173 43 237
472 182 38 273
472 192 32 283
472 194 1 202
473 24 14 363
473 25 32 331
473 31 55 379
473 54 46 304
473 63 7 683
473 68 22 246
473 78 19 624
473 91 25 467
473 111 10 132
473 139 57 205
473 140 53 46
473 167 38 113
473 171 3 278
473 186 49 129
474 8 22 637
474 17 38 227
474 35 5 393
474 46 49 380
474 52 29 255
474 56 25 233
474 59 34 95
474 68 11 226
474 79 45 608
474 96 7 163
474 146 19 79
474 147 1 400
474 157 14 722
474 163 47 194
474 169 58 186
475 12 7 388
475 30 4 308
475 36 13 182
475 80 19 215
475 83 34 680
475 104 21 353
475 125 55 266
475 164 10 368
475 183 49 127
475 186 1 452
475 197 37 169
476 3 31 26
476 17 7 227
476 23 57 160
476 25 26 647
476 35 5 131
476 37 13 650
476 63 37 683
476 89 1 634
476 100 43 106
476 114 21 534
476 130 16 331
476 131 19 244
476 139 11 612
476 156 51 446
476 166 41 261
477 4 14 605
477 26 39 43
477 29 7 476
477 58 9 243
477 69 32 617
477 97 19 247
477 102 4 703
477 109 17 430
477 114 29 534
477 130 26 17
477 136 49 364
477 137 37 587
477 144 11 692
477 168 45 555
477 195 55 133
478 5 3 562
478 18 7 527
478 19 56 226
478 25 38 67
478 31 32 246
478 57 9 288
478 71 20 31
478 99 46 150
478 127 1 379
478 142 14 241
478 168 49 439
479 3 21 397
479 4 1 605
479 33 7 601
479 36 56 77
479 52 19 255
479 62 46 203
479 79 49 608
479 82 43 293
479 95 31 491
479 111 25 132
479 115 51 333
479 121 10 554
479 141 4 686
479 158 13 434
480 10 39 437
480 24 50 332
480 33 17 253
480 98 44 472
480 117 25 448
480 123 55 308
480 130 34 687
480 141 10 425
480 160 14 730
480 163 21 194
480 177 23 727
480 193 19 207
480 194 7 202
480 199 2 459
481 4 15 375
481 29 28 476
481 31 35 589
481 40 22 296
481 41 17 114
481 57 4 45
481 93 1 576
481 108 55 257
481 143 19 403
481 155 37 66
481 162 40 170
481 163 33 194
481 177 49 727
481 183 25 414
481 191 9 660
482 4 23 605
482 23 7 731
482 41 11 114
482 48 1 51
482 104 43 283
482 118 17 250
482 128 35 165
482 135 58 598
482 138 19 284
482 141 55 425
482 192 15 142
482 198 37 691
482 200 25 303
483 31 52 379
483 62 58 382
483 63 25 683
483 66 7 204
483 67 13 444
483 69 39 289
483 89 45 224
483 111 28 715
483 119 31 423
483 126 43 606
483 139 4 612
483 144 2 264
483 155 49 591
483 157 19 622
483 163 11 194
484 1 9 602
484 13 49 416
484 23 44 740
484 25 21 712
484 33 56 253
484 35 7 131
484 36 37 179
484 49 35 446
484 82 58 293
484 84 1 37
484 111 28 132
484 118 19 250
484 146 5 79
484 173 31 144
484 199 13 673
485 11 41 8
485 14 19 422
485 27 49 440
485 34 23 322
485 40 34 296
485 82 7 293
485 103 1 566
485 106 37 635
485 109 53 430
485 113 5 281
485 138 10 38
485 147 13 640
485 156 46 446
485 172 25 102
485 200 31 389
486 13 4 696
486 28 21 54
486 32 33 376
486 40 58 296
486 43 46 738
486 55 43 387
486 56 13 465
486 68 17 254
486 97 26 247
486 114 7 224
486 130 9 303
486 135 1 598
486 178 49 97
486 195 41 487
487 9 14 532
487 43 31 276
487 61 41 287
487 69 2 291
487 77 59 717
487 84 55 20
487 90 37 264
487 93 7 489
487 119 51 270
487 133 26 689
487 173 43 582
487 189 22 500
487 194 10 177
488 11 55 8
488 15 43 41
488 17 3 720
488 35 17 131
488 41 19 150
488 44 13 334
488 50 1 216
488 52 31 311
488 62 26 436
488 69 37 395
488 92 9 371
488 93 57 489
488 95 49 491
488 130 22 687
488 190 34 427
489 5 8 562
489 23 14 737
489 24 55 529
489 29 23 476
489 96 25 56
489 106 19 359
489 113 53 566
489 116 1 516
489 146 59 168
489 149 50 649
489 155 40 591
489 175 43 135
489 179 10 5
489 198 34 691
490 14 52 422
490 19 13 315
490 25 55 303
490 29 44 584
490 33 22 601
490 41 37 114
490 76 26 316
490 83 46 20
490 96 3 574
490 98 40 472
490 112 50 222
490 156 19 701
490 157 32 622
490 177 59 272
490 185 7 575
491 3 27 361
491 5 1 562
491 18 10 49
491 31 19 589
491 44 46 449
491 50 25 330
491 54 7 711
491 61 55 287
491 62 15 436
491 75 51 533
491 103 21 196
491 106 3 328
491 134 57 542
491 135 39 166
491 141 43 393
492 10 8 437
492 19 56 259
492 50 1 240
492 99 31 89
492 113 28 281
492 117 40 274
492 125 51 161
492 142 3 1
492 143 37 173
492 149 43 649
492 157 13 622
492 168 19 555
492 179 46 571
492 189 34 500
492 194 25 177
493 20 7 515
493 23 31 740
493 55 37 387
493 60 21 415
493 70 16 68
493 78 1 10
493 86 59 495
493 87 25 520
493 112 13 222
493 124 4 484
493 127 19 379
493 139 49 205
493 178 55 57
493 179 52 571
494 13 25 696
494 14 40 638
494 19 1 226
494 30 28 321
494 53 31 583
494 95 13 491
494 114 45 534
494 117 7 162
494 160 11 372
494 177 43 727
494 188 20 220
494 197 33 169
494 199 57 673
495 18 23 173
495 20 55 661
495 40 7 610
495 65 1 299
495 83 10 20
495 94 25 195
495 99 43 150
495 103 37 245
495 122 31 14
495 127 21 379
495 136 13 618
495 141 46 222
495 166 17 261
495 172 50 102
495 189 4 500
496 22 40 659
496 23 26 160
496 50 7 216
496 57 16 45
496 62 55 436
496 67 1 694
496 74 43 530
496 78 37 10
496 93 13 489
496 101 19 94
496 134 51 542
496 162 10 170
496 166 23 328
496 172 31 374
496 200 58 418
497 3 37 361
497 5 55 562
497 30 25 514
497 58 47 511
497 83 49 560
497 94 21 617
497 110 11 450
497 115 58 254
497 116 1 589
497 139 53 612
497 142 7 582
497 151 29 72
497 169 34 114
497 173 13 208
497 191 45 685
498 2 19 138
498 3 43 397
498 23 14 740
498 39 40 701
498 68 23 665
498 71 32 31
498 84 49 37
498 110 5 712
498 119 57 481
498 174 1 271
498 176 7 262
498 181 25 421
498 182 28 273
499 1 31 493
499 36 7 235
499 40 37 560
499 43 16 687
499 67 43 641
499 71 56 62
499 103 51 196
499 146 49 79
499 168 2 555
499 170 47 121
499 171 40 278
499 172 25 374
499 173 19 582
499 183 13 361
500 11 23 8
500 23 14 731
500 36 19 235
500 58 5 511
500 80 52 108
500 100 37 248
500 132 55 190
500 133 10 700
500 140 29 46
500 152 32 83
500 181 25 626
500 184 7 22
500 185 1 508
500 196 47 239
Điểm tối ưu: 7047
Thời gian: 600.157743 giây
Trạng thái: VALID
