1948
1 8 4 28
1 11 7 111
1 17 17 18
1 22 25 48
1 36 19 99
1 38 11 53
1 41 13 160
1 45 55 149
1 49 37 214
1 52 1 140
1 54 33 202
1 55 9 77
2 1 10 44
2 6 16 7
2 17 19 67
2 19 49 122
2 24 21 123
2 29 1 194
2 34 31 86
2 39 5 120
2 42 27 16
2 51 35 153
2 56 7 89
2 59 13 62
3 4 43 192
3 7 25 115
3 10 7 198
3 11 51 32
3 14 37 166
3 15 13 113
3 23 19 216
3 29 1 59
3 32 29 39
3 39 5 62
3 46 11 110
3 49 55 13
3 52 22 209
4 1 25 142
4 3 33 37
4 5 3 147
4 6 1 7
4 13 28 8
4 15 13 33
4 18 49 80
4 19 43 122
4 22 45 143
4 27 19 106
4 32 31 39
4 34 7 69
4 46 41 110
4 52 38 207
4 57 59 20
5 3 44 26
5 5 31 14
5 9 49 224
5 10 13 193
5 15 55 65
5 19 7 122
5 20 52 159
5 22 25 184
5 24 1 91
5 33 19 118
5 40 4 96
5 42 59 16
5 43 10 30
5 54 39 202
6 2 50 157
6 3 1 179
6 35 7 172
6 36 46 155
6 37 43 175
6 38 17 100
6 40 55 96
6 51 27 153
6 56 34 22
6 57 9 20
6 58 22 182
6 60 38 134
7 1 1 44
7 5 55 147
7 6 25 119
7 12 11 51
7 19 19 122
7 32 27 39
7 35 5 189
7 38 9 100
7 40 13 96
7 43 29 197
7 45 34 92
7 46 17 215
7 51 15 153
7 56 22 89
8 5 49 14
8 9 31 21
8 10 9 193
8 15 25 74
8 16 40 107
8 28 43 43
8 32 5 145
8 36 19 155
8 38 15 53
8 40 7 163
8 56 58 89
8 59 55 62
8 60 1 15
9 1 31 44
9 2 22 205
9 8 58 28
9 9 13 117
9 13 4 8
9 16 52 121
9 22 43 48
9 23 27 129
9 24 29 141
9 35 17 23
9 36 49 155
9 44 37 210
9 59 10 62
10 1 16 109
10 2 13 205
10 3 32 183
10 10 26 193
10 14 45 135
10 26 10 208
10 28 55 43
10 32 43 145
10 38 4 53
10 40 40 96
10 41 19 222
10 42 51 16
10 51 7 174
10 53 37 103
10 56 1 22
11 2 10 205
11 3 55 37
11 8 7 28
11 16 28 45
11 25 52 95
11 27 1 106
11 37 41 175
11 39 13 120
11 41 32 162
11 42 37 16
11 53 16 103
11 59 43 62
11 60 19 134
12 16 43 45
12 19 11 122
12 21 22 11
12 26 41 208
12 28 46 196
12 31 5 171
12 32 8 145
12 35 1 82
12 38 51 100
12 45 16 92
12 49 31 218
12 51 55 153
12 55 57 77
12 56 13 31
12 57 3 20
13 3 50 26
13 10 13 2
13 13 7 8
13 17 5 213
13 23 29 129
13 24 17 75
13 27 25 106
13 29 1 1
13 41 37 222
13 48 31 46
13 49 43 218
13 56 34 31
14 1 10 142
14 4 19 63
14 7 3 136
14 12 55 51
14 18 34 80
14 37 45 175
14 40 15 163
14 47 58 180
14 50 1 19
14 55 47 77
14 56 37 31
15 14 7 166
15 15 43 65
15 18 40 80
15 23 52 129
15 24 3 141
15 40 28 96
15 42 23 16
15 46 37 110
15 51 57 153
15 53 34 219
15 57 55 20
15 58 19 182
15 59 49 62
16 2 19 205
16 11 15 32
16 12 41 51
16 21 43 11
16 23 17 216
16 24 46 141
16 37 3 175
16 39 1 120
16 41 49 222
16 42 57 16
16 44 7 4
16 51 27 176
16 57 11 20
17 15 25 113
17 18 58 80
17 19 37 122
17 24 55 141
17 26 23 144
17 28 40 196
17 37 7 175
17 42 19 16
17 45 31 149
17 47 50 180
17 49 9 218
17 54 1 202
17 56 4 31
18 1 58 44
18 4 49 60
18 7 23 94
18 8 13 28
18 10 7 112
18 24 11 167
18 28 25 43
18 43 2 30
18 44 31 170
18 48 5 46
18 49 19 214
18 55 17 77
19 4 43 84
19 9 7 117
19 10 21 158
19 18 16 80
19 20 47 159
19 29 55 66
19 32 38 145
19 34 1 86
19 36 13 155
19 37 19 175
19 47 10 180
19 51 29 176
19 52 25 223
19 60 31 134
20 3 19 183
20 4 31 10
20 7 14 136
20 8 28 28
20 10 51 198
20 12 26 51
20 26 47 208
20 32 11 39
20 37 5 70
20 44 37 102
20 46 23 110
20 52 7 209
20 53 1 219
20 54 49 202
20 56 55 89
21 1 52 145
21 3 13 36
21 4 7 192
21 10 1 158
21 16 49 107
21 20 57 159
21 22 25 128
21 30 37 42
21 35 11 172
21 36 46 123
21 38 33 53
21 42 44 16
21 44 20 133
22 12 49 51
22 14 31 166
22 17 1 67
22 20 3 159
22 24 37 141
22 28 7 196
22 30 19 173
22 32 17 39
22 35 15 23
22 36 25 99
22 46 5 191
22 51 13 174
22 53 10 103
22 54 35 202
23 2 55 157
23 4 37 192
23 7 3 94
23 9 16 117
23 10 25 198
23 11 21 32
23 20 1 159
23 23 43 129
23 28 31 196
23 32 5 39
23 36 34 155
23 38 23 53
23 52 46 207
24 2 16 205
24 4 37 60
24 9 25 117
24 10 31 2
24 15 43 74
24 29 49 1
24 31 35 74
24 38 2 100
24 41 19 162
24 42 9 16
24 46 47 191
24 54 29 202
24 58 58 182
25 1 46 44
25 14 56 135
25 15 7 113
25 18 4 80
25 21 1 11
25 25 13 95
25 26 22 208
25 32 40 145
25 42 17 16
25 45 19 35
25 55 27 77
25 56 50 31
26 3 38 183
26 6 23 40
26 10 45 198
26 11 43 32
26 14 15 135
26 18 7 80
26 23 49 216
26 25 1 95
26 35 13 23
26 40 10 163
26 47 28 180
26 48 21 46
26 57 57 20
26 58 31 182
26 59 51 202
27 10 13 198
27 13 43 8
27 15 25 65
27 16 4 45
27 18 46 80
27 22 49 184
27 29 20 66
27 30 7 55
27 45 31 92
27 49 39 218
27 54 37 202
28 11 25 32
28 16 19 107
28 19 16 122
28 25 22 95
28 26 3 144
28 31 27 126
28 35 29 189
28 37 5 12
28 39 35 120
28 47 40 180
28 50 7 19
28 54 10 202
28 57 1 20
28 58 13 182
28 60 43 134
29 3 50 36
29 10 19 198
29 12 31 51
29 13 16 8
29 22 9 48
29 30 3 42
29 32 7 39
29 36 45 99
29 42 1 16
29 44 33 4
29 45 25 149
29 48 56 46
29 50 41 19
29 54 43 202
29 57 23 20
30 5 25 132
30 7 22 115
30 8 34 28
30 10 39 112
30 26 13 208
30 28 1 196
30 30 15 173
30 38 11 100
30 44 7 133
30 49 55 35
30 50 29 19
30 52 4 125
30 56 19 22
31 2 34 205
31 13 22 8
31 14 13 79
31 15 7 74
31 25 46 95
31 31 29 171
31 34 57 69
31 37 55 175
31 43 27 197
31 48 25 46
31 50 17 19
31 56 4 89
31 58 52 182
32 6 45 7
32 7 15 115
32 12 35 51
32 15 9 65
32 17 5 18
32 19 25 122
32 22 49 48
32 39 13 154
32 40 59 96
32 44 55 210
32 47 1 180
32 49 19 85
32 51 7 176
33 5 43 147
33 9 10 21
33 10 19 2
33 14 15 148
33 15 37 74
33 16 28 107
33 32 3 145
33 38 13 53
33 42 7 16
33 46 25 191
34 3 43 183
34 4 20 60
34 15 13 74
34 16 55 121
34 17 41 105
34 22 7 143
34 24 33 141
34 29 49 59
34 35 4 23
34 44 37 133
34 48 58 46
34 56 1 89
34 58 28 182
35 1 34 44
35 6 7 40
35 12 43 51
35 14 25 61
35 17 5 105
35 31 31 126
35 41 1 162
35 42 13 16
35 45 46 149
35 46 11 191
35 48 15 46
35 51 9 153
35 52 19 125
36 12 45 51
36 14 15 164
36 19 4 122
36 20 31 159
36 23 37 216
36 26 41 157
36 32 35 39
36 34 27 86
36 39 10 154
36 42 25 16
36 46 13 215
36 52 7 140
36 58 1 182
37 2 7 205
37 17 5 67
37 19 1 122
37 21 49 11
37 23 59 129
37 26 17 144
37 30 13 55
37 31 53 171
37 37 57 175
37 43 31 30
37 53 10 219
37 55 3 77
37 57 21 20
37 59 46 62
38 9 58 21
38 10 39 198
38 16 1 121
38 29 51 194
38 31 37 171
38 32 31 145
38 47 19 180
38 53 4 219
38 56 34 89
38 58 10 182
38 60 25 134
39 3 26 179
39 5 49 185
39 9 40 117
39 10 44 193
39 11 19 32
39 16 37 45
39 17 3 67
39 20 7 159
39 24 5 141
39 26 15 208
39 29 21 59
39 30 31 55
39 32 9 39
39 51 1 153
39 54 13 202
40 2 38 157
40 4 43 10
40 9 25 185
40 15 13 65
40 21 4 11
40 23 34 129
40 26 57 208
40 39 10 120
40 40 1 96
40 41 50 162
40 43 41 30
40 49 19 139
40 52 28 140
40 56 7 31
41 1 13 109
41 5 31 176
41 6 5 7
41 19 55 122
41 21 25 11
41 26 20 208
41 29 57 1
41 44 38 4
41 45 22 149
41 46 7 215
41 50 3 19
41 51 29 153
41 55 49 77
42 7 1 177
42 8 10 28
42 17 14 67
42 18 31 80
42 22 37 48
42 36 55 155
42 44 19 170
42 51 3 176
42 53 7 103
42 54 23 202
42 57 5 20
42 59 28 62
43 4 38 63
43 9 10 117
43 11 5 32
43 19 21 122
43 22 32 143
43 26 46 157
43 29 13 66
43 30 25 55
43 39 19 120
43 44 1 102
43 52 56 207
43 55 23 77
43 57 51 20
44 26 7 208
44 28 39 43
44 31 25 171
44 32 3 39
44 35 15 189
44 38 37 100
44 41 32 160
44 44 49 210
44 46 1 215
44 49 9 214
44 51 22 153
44 56 58 31
44 57 45 20
45 1 16 44
45 2 49 205
45 3 9 26
45 6 31 7
45 10 37 193
45 11 7 32
45 34 43 69
45 37 52 175
45 44 27 133
45 51 25 153
45 52 2 207
45 53 22 219
45 57 33 20
46 3 31 179
46 5 25 147
46 9 37 21
46 14 49 79
46 15 3 33
46 17 7 18
46 22 44 128
46 30 21 55
46 32 1 39
46 49 55 179
46 50 19 19
46 55 53 77
46 56 16 89
46 60 9 134
47 1 19 44
47 4 9 60
47 12 39 51
47 18 13 80
47 23 5 129
47 28 28 43
47 31 46 171
47 32 35 145
47 36 22 99
47 38 7 100
47 41 55 160
47 47 31 180
47 56 16 22
47 59 25 62
48 14 43 148
48 16 37 107
48 17 3 151
48 22 13 48
48 23 9 216
48 24 31 141
48 28 28 196
48 35 1 172
48 38 25 53
48 39 33 120
48 43 17 197
48 44 21 102
48 48 19 46
48 51 40 153
49 4 19 10
49 16 7 121
49 17 1 18
49 18 52 80
49 22 55 48
49 25 10 95
49 29 13 1
49 30 25 173
49 40 38 96
49 44 3 133
49 45 43 92
49 55 32 77
49 56 49 89
50 3 15 26
50 11 37 32
50 22 25 143
50 23 34 216
50 24 10 75
50 36 4 99
50 40 13 163
50 46 19 215
50 49 21 218
50 52 52 209
50 53 1 224
50 56 44 31
50 59 7 62
51 2 46 22
51 3 19 37
51 16 10 45
51 18 25 80
51 20 28 159
51 23 13 216
51 29 31 59
51 34 38 86
51 36 43 155
51 42 15 16
51 45 52 92
51 47 55 180
51 54 8 202
51 59 2 62
52 1 49 142
52 2 37 205
52 3 43 37
52 4 3 60
52 10 25 112
52 11 1 32
52 14 31 79
52 30 13 42
52 32 23 39
52 34 19 86
52 46 9 215
52 49 56 214
52 57 53 46
53 9 4 117
53 16 10 107
53 19 59 122
53 22 19 143
53 31 1 126
53 34 43 86
53 35 40 172
53 38 13 100
53 40 53 96
53 41 55 162
53 45 7 35
53 49 15 218
53 50 27 19
53 58 49 182
53 60 31 15
54 9 22 21
54 28 31 43
54 29 43 66
54 35 1 23
54 40 34 96
54 45 52 149
54 46 20 110
54 50 13 19
54 51 47 153
54 53 25 224
54 57 15 20
55 4 43 60
55 6 11 119
55 13 37 8
55 16 58 121
55 23 9 129
55 26 1 144
55 31 19 171
55 33 13 118
55 44 31 102
55 45 28 92
55 50 5 19
55 52 40 209
55 53 25 219
55 54 21 202
55 55 7 77
56 6 10 40
56 15 19 113
56 21 40 11
56 24 16 141
56 25 4 95
56 28 37 196
56 30 55 173
56 34 50 86
56 37 1 183
56 38 28 53
56 40 26 163
56 42 35 16
56 44 31 133
56 54 45 202
56 57 43 20
57 2 55 205
57 4 25 10
57 5 13 132
57 7 11 136
57 9 7 21
57 12 47 51
57 17 37 18
57 37 3 70
57 38 1 53
57 40 17 163
57 41 49 160
57 49 19 13
57 59 31 62
58 7 7 115
58 8 1 28
58 17 17 67
58 21 55 11
58 22 37 184
58 28 20 43
58 29 50 66
58 39 58 120
58 40 47 96
58 41 31 222
58 48 11 46
58 53 28 103
58 60 13 134
59 1 16 142
59 2 4 205
59 9 57 117
59 11 29 32
59 18 37 80
59 26 27 208
59 29 33 194
59 30 7 42
59 31 20 126
59 32 11 145
59 37 14 175
59 38 45 53
59 45 1 14
59 50 31 19
60 3 7 36
60 5 13 156
60 16 52 107
60 28 4 43
60 31 21 171
60 33 56 118
60 38 17 53
60 39 47 120
60 40 19 163
60 41 43 162
60 46 11 215
60 55 1 77
61 5 33 147
61 9 43 117
61 12 15 51
61 23 38 129
61 24 50 141
61 29 27 66
61 30 1 173
61 36 22 155
61 37 7 85
61 38 46 100
61 40 31 96
61 46 9 110
61 51 5 176
61 53 40 20
62 1 43 44
62 9 19 21
62 11 17 32
62 18 22 80
62 19 27 122
62 20 35 159
62 23 1 216
62 24 41 141
62 25 55 95
62 34 13 86
62 38 5 100
62 39 3 154
62 44 49 102
62 45 7 34
62 51 33 153
63 1 1 142
63 5 31 132
63 7 9 115
63 9 13 21
63 13 46 8
63 23 7 129
63 24 25 141
63 31 11 171
63 35 19 189
63 36 16 99
63 37 22 12
63 53 4 103
63 54 59 202
64 2 58 205
64 3 49 4
64 5 7 147
64 6 13 40
64 14 31 135
64 16 55 107
64 20 37 159
64 23 3 129
64 36 16 155
64 39 41 120
64 40 23 96
64 49 25 214
64 51 11 153
64 52 19 209
65 3 3 37
65 6 1 40
65 13 52 8
65 16 31 45
65 22 55 143
65 24 19 75
65 26 25 144
65 38 41 100
65 44 8 210
65 48 13 46
65 49 37 35
65 51 21 176
65 55 34 77
65 59 16 62
66 4 9 63
66 5 19 132
66 11 3 32
66 12 17 51
66 16 25 107
66 19 29 122
66 20 45 159
66 22 13 184
66 26 43 208
66 37 47 175
66 40 7 96
66 44 55 181
66 45 34 149
66 50 53 19
66 57 31 20
67 4 1 10
67 6 50 40
67 7 5 177
67 9 28 117
67 15 31 33
67 16 25 45
67 17 11 18
67 29 19 194
67 30 37 55
67 33 7 118
67 37 44 12
67 39 55 120
67 45 57 92
67 50 15 19
68 6 5 40
68 12 23 51
68 22 55 128
68 32 21 39
68 43 25 30
68 45 28 35
68 50 43 19
68 51 3 153
68 53 13 224
68 57 19 20
68 58 16 182
69 5 43 14
69 10 9 2
69 16 33 107
69 24 1 141
69 25 37 95
69 32 14 145
69 35 31 172
69 39 5 154
69 44 26 210
69 52 16 223
69 53 21 103
69 54 3 202
69 55 19 77
69 57 7 20
70 5 32 156
70 9 52 21
70 14 25 148
70 15 55 113
70 20 14 159
70 25 7 95
70 26 10 144
70 29 45 194
70 31 16 171
70 39 43 120
70 46 39 191
70 51 5 153
70 52 19 140
70 60 1 134
71 3 25 26
71 4 7 10
71 6 19 40
71 11 57 32
71 15 49 74
71 16 37 121
71 24 11 91
71 36 40 155
71 43 3 197
71 49 21 179
71 53 34 224
71 54 5 202
71 56 31 31
71 60 14 15
72 2 31 205
72 4 43 63
72 11 9 111
72 20 21 159
72 24 23 141
72 26 53 157
72 29 38 1
72 31 11 126
72 37 13 85
72 42 4 16
72 43 7 30
72 46 57 110
72 50 59 19
72 53 16 219
72 56 25 89
73 3 13 37
73 11 10 32
73 12 5 51
73 16 22 121
73 26 29 208
73 28 7 43
73 35 3 189
73 36 52 155
73 41 55 222
73 43 25 197
73 46 17 110
73 53 19 219
73 57 35 20
74 1 49 44
74 2 46 205
74 3 37 36
74 9 4 21
74 11 55 32
74 21 34 11
74 26 57 144
74 27 7 106
74 36 28 99
74 40 16 96
74 45 19 149
74 51 43 153
74 55 25 77
74 56 13 89
75 5 7 156
75 10 19 193
75 12 13 51
75 25 34 95
75 29 15 59
75 35 5 82
75 40 3 163
75 41 43 160
75 47 37 180
75 48 27 46
75 49 55 85
75 53 49 219
75 54 41 202
76 7 4 115
76 9 46 117
76 12 53 51
76 13 10 8
76 14 57 79
76 23 14 129
76 31 17 74
76 40 49 96
76 45 1 34
76 46 7 191
76 58 40 182
77 1 38 44
77 9 16 21
77 12 57 51
77 14 45 164
77 23 5 216
77 31 29 74
77 35 23 23
77 39 7 154
77 40 43 96
77 44 19 210
77 45 2 35
77 46 9 191
77 49 25 139
78 4 20 84
78 8 25 28
78 9 32 117
78 10 7 158
78 11 59 32
78 21 46 11
78 24 41 123
78 29 55 59
78 32 50 39
78 33 37 118
78 42 11 16
78 48 29 46
78 52 16 207
79 4 50 63
79 6 21 40
79 11 23 32
79 12 3 51
79 19 35 122
79 20 33 159
79 23 1 129
79 26 5 208
79 32 15 39
79 42 39 16
79 43 13 30
79 46 7 110
79 48 43 46
79 56 28 89
80 3 13 179
80 5 2 132
80 6 53 40
80 11 31 32
80 19 23 122
80 21 58 11
80 22 19 184
80 29 7 1
80 37 28 175
80 40 26 96
80 53 34 103
80 55 37 77
81 2 31 157
81 4 1 63
81 6 25 40
81 8 43 28
81 11 13 32
81 21 37 11
81 26 27 144
81 37 11 175
81 40 22 163
81 51 19 153
81 54 17 202
82 1 55 145
82 2 40 205
82 12 33 51
82 14 20 148
82 15 43 33
82 23 25 129
82 24 4 75
82 28 1 43
82 32 27 145
82 39 15 154
82 45 58 149
82 50 49 19
82 51 13 153
82 53 37 219
82 57 47 20
83 2 25 205
83 5 38 147
83 7 5 136
83 14 32 164
83 29 19 1
83 39 28 120
83 40 56 163
83 43 47 30
83 44 1 4
83 48 45 46
83 56 52 89
83 59 58 62
84 4 13 192
84 5 55 14
84 15 7 33
84 16 40 121
84 20 59 159
84 26 3 208
84 28 19 196
84 37 37 175
84 39 25 120
84 46 1 110
84 54 27 202
84 58 34 182
85 5 45 176
85 16 58 45
85 20 43 159
85 22 8 128
85 27 13 106
85 36 25 155
85 37 3 85
85 41 37 162
85 50 35 19
85 53 28 219
85 57 41 46
86 7 3 177
86 8 19 28
86 12 1 51
86 26 14 144
86 32 33 39
86 35 55 82
86 37 5 183
86 38 7 53
86 40 28 163
86 43 10 197
86 50 51 19
86 53 57 103
86 54 47 202
87 5 43 132
87 20 26 159
87 22 37 128
87 25 49 95
87 30 7 173
87 31 52 126
87 34 1 69
87 38 55 100
87 44 13 102
87 46 17 191
87 49 33 13
87 52 19 207
88 1 25 44
88 9 40 21
88 12 37 51
88 14 43 79
88 21 7 11
88 23 19 129
88 24 3 91
88 26 1 208
88 28 13 196
88 30 49 42
88 36 28 155
88 39 31 120
88 60 55 134
89 1 19 109
89 6 11 7
89 19 47 122
89 26 25 208
89 28 49 43
89 31 41 171
89 34 13 69
89 41 7 222
89 44 43 133
89 47 4 180
89 52 1 209
89 53 28 224
89 60 55 15
90 2 43 205
90 15 49 33
90 20 9 159
90 23 22 129
90 26 31 208
90 31 55 171
90 32 16 145
90 43 5 30
90 44 33 210
90 45 46 92
90 46 3 215
90 50 37 19
91 5 7 185
91 7 13 115
91 8 49 28
91 9 46 21
91 24 21 141
91 25 31 95
91 26 5 157
91 28 16 43
91 37 59 175
91 43 1 197
91 47 43 180
91 50 11 19
91 55 39 77
91 57 27 20
92 3 20 26
92 4 25 192
92 5 55 185
92 7 29 115
92 9 49 117
92 12 7 51
92 15 38 65
92 17 15 18
92 31 1 171
92 35 13 172
92 40 10 96
92 41 43 222
92 53 31 219
92 58 4 182
93 1 25 109
93 2 7 22
93 3 33 26
93 22 3 184
93 34 20 69
93 37 1 175
93 38 39 100
93 45 10 92
93 47 13 180
93 48 37 46
93 50 57 19
93 51 59 153
94 1 28 44
94 2 13 22
94 5 2 185
94 8 52 28
94 9 49 21
94 11 33 32
94 14 37 79
94 28 25 196
94 29 43 59
94 37 16 175
94 43 23 197
94 50 47 19
94 53 7 219
94 55 21 77
95 2 34 157
95 3 25 4
95 6 9 119
95 9 43 21
95 13 13 8
95 16 16 121
95 26 55 208
95 28 46 43
95 31 31 171
95 32 19 145
95 37 39 175
95 38 49 100
95 49 1 218
96 1 56 109
96 10 1 198
96 11 40 32
96 24 52 141
96 29 26 194
96 30 19 42
96 36 8 99
96 38 15 100
96 40 35 163
96 44 43 210
96 50 33 19
96 57 13 20
96 59 37 62
97 5 37 176
97 6 17 119
97 17 11 105
97 26 21 144
97 28 4 196
97 30 56 42
97 34 7 86
97 38 19 53
97 46 23 215
97 48 1 46
97 49 25 218
97 52 13 209
97 59 34 62
98 2 2 157
98 10 31 198
98 15 25 33
98 25 40 95
98 26 37 208
98 35 7 23
98 37 35 175
98 42 21 16
98 49 50 35
98 51 5 174
98 52 16 209
98 54 57 202
98 56 10 89
98 57 29 20
99 1 4 44
99 3 44 36
99 6 13 119
99 7 16 136
99 16 19 121
99 18 1 80
99 29 25 1
99 30 31 42
99 31 9 171
99 36 37 155
99 37 23 175
99 48 7 46
100 4 27 60
100 8 16 28
100 13 55 8
100 15 37 33
100 17 3 105
100 31 13 171
100 32 25 145
100 39 1 154
100 52 19 223
100 53 7 224
100 54 31 202
100 56 10 22
101 23 47 216
101 26 45 208
101 31 23 171
101 32 29 145
101 33 1 118
101 38 35 53
101 39 53 120
101 40 51 96
101 41 25 222
101 44 55 102
101 47 16 180
101 48 33 46
101 56 40 31
101 59 19 62
102 4 38 10
102 11 47 32
102 16 1 45
102 23 25 216
102 36 31 155
102 43 27 30
102 44 13 4
102 45 49 149
102 48 9 46
102 49 55 218
102 52 43 125
102 53 4 224
103 1 7 44
103 9 1 117
103 14 27 135
103 16 34 45
103 17 16 213
103 24 23 70
103 28 13 43
103 32 19 39
103 37 21 175
103 46 25 215
103 53 10 224
104 2 16 157
104 10 32 112
104 12 21 51
104 16 58 107
104 17 8 67
104 22 1 143
104 28 10 43
104 40 45 96
104 45 28 149
104 46 37 191
104 53 25 103
104 59 52 62
105 2 43 157
105 6 3 7
105 9 31 224
105 26 59 208
105 29 25 59
105 34 55 86
105 35 37 189
105 39 22 120
105 41 15 162
105 43 5 197
105 52 34 207
105 56 19 89
105 60 7 15
106 2 28 157
106 6 19 119
106 7 35 94
106 12 9 51
106 20 41 159
106 23 3 216
106 24 57 141
106 26 17 208
106 31 51 171
106 32 1 145
106 38 43 100
106 57 49 20
107 5 19 156
107 11 49 32
107 15 1 74
107 16 16 45
107 19 13 122
107 23 7 216
107 24 9 91
107 28 52 196
107 30 55 55
107 31 5 74
107 32 23 145
107 38 31 53
108 5 19 147
108 15 1 65
108 23 27 216
108 24 11 141
108 27 49 106
108 37 33 175
108 41 7 162
108 43 15 30
108 48 23 46
108 49 55 41
108 56 43 89
108 57 53 20
108 58 37 182
109 1 9 109
109 5 37 185
109 6 5 119
109 15 1 113
109 19 31 122
109 23 29 216
109 24 15 91
109 26 7 144
109 31 33 171
109 35 13 189
109 44 55 133
109 45 22 92
109 46 41 191
109 48 35 46
109 60 25 15
110 1 13 44
110 2 7 157
110 4 3 84
110 6 1 119
110 14 55 164
110 15 21 65
110 16 10 121
110 26 19 144
110 30 49 173
110 31 16 126
110 33 32 118
110 35 59 23
110 41 26 160
110 45 43 149
110 49 37 85
111 1 7 142
111 5 13 147
111 10 19 112
111 22 37 143
111 28 10 196
111 31 27 171
111 33 49 118
111 44 43 102
111 45 2 92
111 46 5 110
111 52 31 207
112 3 38 26
112 4 13 10
112 14 33 148
112 16 52 45
112 17 7 105
112 20 11 159
112 22 19 128
112 23 49 129
112 30 1 55
112 51 31 153
112 60 43 15
113 7 7 124
113 10 31 193
113 11 1 111
113 13 19 8
113 16 55 45
113 24 27 141
113 25 43 95
113 28 22 196
113 32 25 39
113 35 9 82
113 36 3 155
113 39 39 120
113 42 46 16
113 60 50 15
114 7 11 115
114 16 7 45
114 20 55 159
114 22 19 48
114 28 34 196
114 29 39 194
114 30 43 42
114 38 31 100
114 39 15 120
114 41 1 222
114 42 49 16
114 43 29 30
114 53 52 224
115 7 55 124
115 14 43 166
115 20 19 159
115 21 28 11
115 22 1 48
115 43 21 197
115 44 50 133
115 45 40 92
115 47 7 180
115 49 31 35
115 50 23 19
115 54 15 202
115 55 5 77
115 56 25 31
116 2 19 157
116 4 31 192
116 7 7 136
116 17 3 18
116 19 41 122
116 20 16 159
116 21 10 11
116 28 58 43
116 37 1 85
116 47 22 180
116 48 39 46
116 50 25 19
116 53 43 103
116 54 55 202
117 1 1 109
117 14 37 135
117 15 31 65
117 17 7 213
117 24 14 141
117 29 55 194
117 39 17 120
117 45 4 34
117 46 21 191
117 49 25 41
117 51 10 176
117 55 59 77
117 58 46 182
118 1 52 44
118 6 19 7
118 9 37 117
118 14 25 166
118 15 56 74
118 22 31 128
118 23 16 129
118 30 43 173
118 35 29 172
118 39 49 120
118 41 7 160
118 48 3 46
118 52 22 125
118 53 13 103
119 2 52 205
119 3 19 36
119 5 13 176
119 6 3 40
119 14 37 148
119 17 1 151
119 23 47 129
119 28 49 196
119 36 7 155
119 40 57 96
119 42 41 16
119 47 34 180
119 51 17 153
120 1 55 44
120 2 13 157
120 4 37 84
120 10 1 2
120 23 23 216
120 29 45 1
120 30 31 173
120 31 49 171
120 43 19 30
120 48 51 46
120 50 9 19
120 52 28 223
120 56 16 31
121 13 1 8
121 14 9 148
121 16 49 45
121 20 39 159
121 22 13 128
121 23 45 129
121 32 33 145
121 34 25 69
121 37 31 175
121 45 19 92
121 51 7 153
121 59 22 62
122 1 22 44
122 2 1 205
122 4 33 84
122 12 28 51
122 21 16 11
122 22 49 143
122 23 31 216
122 24 4 167
122 27 45 106
122 35 26 189
122 44 8 102
122 45 13 92
122 46 19 191
122 55 41 77
123 9 34 21
123 10 1 193
123 14 19 79
123 22 13 143
123 35 31 23
123 37 25 175
123 44 27 102
123 45 39 149
123 52 10 207
123 55 45 77
123 58 7 182
124 8 55 28
124 13 34 8
124 23 21 216
124 29 7 194
124 30 37 173
124 31 58 171
124 33 43 118
124 41 1 160
124 42 31 16
124 45 49 92
124 52 25 125
124 53 13 219
124 55 29 77
125 8 31 28
125 12 19 51
125 16 21 45
125 18 55 80
125 23 11 216
125 34 37 69
125 38 9 53
125 43 43 30
125 45 14 149
125 49 1 41
125 57 49 46
125 58 25 182
126 8 37 28
126 17 9 213
126 19 51 122
126 23 41 129
126 24 44 141
126 31 47 74
126 32 49 145
126 43 34 30
126 52 1 223
126 55 11 77
126 56 31 89
127 7 8 177
127 16 4 121
127 19 45 122
127 21 19 11
127 23 57 129
127 29 13 194
127 36 1 99
127 38 53 100
127 43 49 197
127 48 17 46
127 49 31 214
127 56 22 31
128 3 9 37
128 5 25 156
128 6 7 119
128 10 1 112
128 14 55 166
128 16 13 45
128 27 32 106
128 31 39 171
128 32 21 145
128 38 19 100
128 46 23 191
128 49 49 218
129 5 19 185
129 24 35 141
129 28 52 43
129 29 38 59
129 32 47 145
129 35 31 189
129 36 10 155
129 39 3 120
129 43 23 30
129 50 45 19
129 52 13 207
129 53 16 224
129 57 25 20
130 3 43 4
130 7 17 115
130 13 31 8
130 15 19 33
130 17 1 105
130 26 34 208
130 32 39 39
130 42 53 16
130 45 7 92
130 55 15 77
130 56 55 31
130 57 37 20
131 10 3 54
131 13 58 8
131 16 7 107
131 18 28 80
131 20 23 159
131 21 31 11
131 34 49 69
131 38 34 100
131 39 43 154
131 40 1 163
131 41 19 160
131 45 37 92
131 54 25 202
131 55 55 77
131 57 17 20
132 2 58 157
132 11 35 32
132 12 51 51
132 16 1 107
132 17 9 18
132 20 5 159
132 24 39 141
132 25 28 95
132 29 31 1
132 31 7 171
132 37 11 183
132 39 37 120
132 53 21 224
133 2 10 157
133 4 15 84
133 6 13 7
133 9 52 117
133 13 49 8
133 15 55 33
133 35 1 189
133 39 45 120
133 46 3 191
133 51 19 176
133 57 47 46
133 60 37 15
134 8 22 28
134 10 13 158
134 13 25 8
134 24 19 141
134 25 58 95
134 26 31 144
134 27 37 106
134 29 8 59
134 31 35 171
134 35 17 172
134 45 4 98
134 52 1 125
134 56 28 31
134 58 55 182
135 6 3 119
135 10 37 158
135 21 52 11
135 28 43 196
135 33 26 118
135 35 10 23
135 37 5 85
135 41 13 222
135 43 56 197
135 50 21 19
135 51 1 176
135 52 7 207
136 5 43 185
136 6 15 119
136 10 31 54
136 11 13 111
136 16 25 121
136 22 49 128
136 26 39 208
136 31 11 74
136 37 9 175
136 38 22 100
136 44 2 210
137 1 4 109
137 3 55 36
137 6 15 40
137 15 31 74
137 25 25 95
137 26 49 208
137 38 28 100
137 39 51 120
137 41 37 160
137 54 19 202
137 56 46 89
137 60 21 15
138 3 7 183
138 11 27 32
138 24 29 131
138 28 16 196
138 29 31 66
138 44 19 4
138 46 13 191
138 49 37 13
138 53 1 103
139 4 19 192
139 7 1 115
139 11 45 32
139 14 37 164
139 16 49 121
139 22 31 48
139 23 11 129
139 41 25 162
139 43 15 197
139 51 3 174
140 6 8 7
140 9 26 21
140 13 40 8
140 16 45 107
140 17 13 213
140 25 16 95
140 30 49 55
140 31 19 74
140 37 5 175
140 38 21 53
140 46 3 110
140 52 31 125
140 56 10 31
141 3 49 37
141 4 1 192
141 5 13 14
141 9 21 117
141 14 55 148
141 18 43 80
141 29 7 66
141 34 31 69
141 35 5 172
141 42 29 16
141 45 25 92
141 56 38 89
142 7 1 124
142 8 40 28
142 30 45 55
142 38 51 53
142 39 7 120
142 42 33 16
142 45 9 149
142 49 13 35
142 51 38 153
142 55 43 77
142 56 22 22
143 8 46 28
143 11 53 32
143 19 57 122
143 20 49 159
143 25 19 95
143 31 3 171
143 39 17 154
143 43 51 197
143 46 1 191
143 52 10 140
143 55 13 77
144 16 40 45
144 17 2 213
144 19 33 122
144 23 31 129
144 31 5 126
144 32 13 39
144 35 8 189
144 38 57 100
144 43 19 197
144 44 15 133
144 47 25 180
144 50 55 19
144 60 50 134
145 6 17 40
145 12 59 51
145 14 9 164
145 16 14 107
145 19 39 122
145 23 55 129
145 24 7 141
145 35 29 23
145 40 5 163
145 45 2 149
145 47 46 180
145 55 51 77
146 2 4 22
146 14 19 135
146 21 13 11
146 22 9 184
146 26 52 208
146 28 57 196
146 32 45 145
146 35 17 82
146 37 1 70
146 38 25 100
146 42 55 16
146 43 7 197
146 51 49 153
146 59 40 62
147 2 28 205
147 14 13 166
147 22 55 184
147 24 9 141
147 26 5 144
147 28 34 43
147 29 37 66
147 31 43 171
147 37 7 12
147 40 21 96
147 43 17 30
147 51 52 153
147 53 31 103
147 56 1 31
148 1 58 145
148 2 25 157
148 5 37 132
148 9 1 21
148 10 31 158
148 15 21 74
148 16 4 107
148 18 10 80
148 40 19 96
148 44 13 210
148 51 56 176
148 52 7 125
149 10 27 54
149 16 32 121
149 18 19 80
149 19 53 122
149 24 59 141
149 27 55 106
149 29 1 66
149 35 11 189
149 43 13 197
149 44 7 181
149 45 37 14
149 46 5 215
149 49 44 35
149 52 15 125
150 5 51 147
150 6 22 7
150 17 13 18
150 19 9 122
150 22 31 184
150 23 41 216
150 30 25 42
150 31 3 126
150 32 37 39
150 37 49 175
150 46 15 191
150 50 39 19
150 56 19 31
150 58 43 182
Điểm tối ưu: 1948
Thời gian: 360.000731 giây
Trạng thái: VALID
