382
1 3 15 43
1 4 3 10
1 7 10 64
1 9 7 53
1 11 50 37
1 12 34 23
1 13 5 16
1 15 43 11
1 16 37 68
1 17 56 5
1 18 28 41
2 3 20 43
2 7 4 64
2 9 9 53
2 13 39 16
2 16 49 68
2 18 13 41
2 19 1 30
2 20 51 5
3 4 21 10
3 5 34 62
3 6 13 9
3 9 57 53
3 10 43 24
4 6 13 29
4 7 28 64
4 9 41 53
4 11 1 37
4 12 49 23
4 13 21 16
4 15 7 11
4 16 45 68
4 19 52 30
5 1 13 72
5 2 37 65
5 4 19 10
5 7 49 64
5 9 5 53
5 10 55 15
5 12 10 23
5 13 53 16
5 16 32 68
6 3 3 43
6 4 51 10
6 5 37 62
6 10 7 24
6 12 40 23
6 13 1 16
6 14 15 54
6 16 29 68
6 17 43 5
6 19 25 30
7 1 55 72
7 6 45 9
7 8 37 54
7 12 13 23
7 15 51 69
7 16 27 68
7 18 1 41
8 4 1 10
8 12 19 23
8 13 25 16
8 14 45 54
8 15 49 11
8 16 59 68
8 19 34 30
8 20 13 5
9 2 8 65
9 4 37 10
9 5 25 62
9 6 33 9
9 9 29 53
9 13 3 16
9 15 43 69
9 16 51 68
9 17 22 5
9 18 58 41
10 1 19 72
10 4 23 10
10 7 1 64
10 14 29 54
10 16 13 68
10 18 37 41
11 3 49 43
11 5 28 62
11 7 13 64
11 8 21 54
11 9 45 53
11 10 38 24
11 11 31 37
11 15 7 69
11 16 43 68
11 18 4 41
12 4 27 10
12 5 16 62
12 9 47 53
12 12 58 23
12 13 13 16
12 15 2 27
12 17 10 5
12 19 31 30
13 3 25 43
13 4 29 10
13 9 37 53
13 13 32 16
13 15 57 27
13 19 22 30
14 4 39 10
14 6 2 9
14 9 59 53
14 10 31 24
14 11 7 37
14 13 29 16
14 14 19 54
14 15 49 27
14 16 11 68
14 20 53 5
15 4 33 10
15 5 43 62
15 7 19 64
15 9 31 53
15 11 37 37
15 14 35 54
15 17 1 5
16 4 59 10
16 5 49 62
16 7 52 64
16 9 43 53
16 12 55 23
16 13 45 16
16 16 25 68
17 5 58 62
17 13 11 16
17 14 43 54
17 15 45 27
17 16 55 68
17 17 34 5
17 18 16 41
18 1 25 72
18 4 11 10
18 6 19 29
18 11 15 37
18 14 5 54
18 15 37 11
18 19 49 30
19 1 28 72
19 2 19 65
19 6 3 29
19 8 58 54
19 14 8 54
19 15 31 27
19 17 15 5
19 18 55 41
19 20 41 5
20 6 7 9
20 9 33 53
20 10 55 24
20 13 49 16
20 20 59 5
21 2 33 65
21 4 46 10
21 6 55 29
21 8 2 54
21 9 39 53
21 10 25 24
21 12 22 23
21 15 14 69
21 19 10 30
22 5 31 62
22 7 43 64
22 10 1 24
22 12 25 23
22 13 17 16
22 14 47 54
22 15 39 27
22 16 53 68
22 19 55 30
22 20 37 5
23 1 31 72
23 4 49 10
23 5 52 62
23 6 45 29
23 9 23 53
23 13 43 16
23 15 2 11
23 19 19 30
24 1 16 72
24 2 57 65
24 4 35 10
24 5 19 62
24 6 39 9
24 13 51 16
24 19 46 30
25 1 52 72
25 4 17 10
25 9 21 53
25 12 43 23
25 15 1 69
25 16 34 68
25 18 40 41
26 2 43 65
26 9 51 53
26 10 19 24
26 13 9 16
26 14 53 54
26 15 26 27
26 16 47 68
27 3 33 43
27 4 44 10
27 7 55 64
27 9 53 53
27 11 25 37
27 13 59 16
27 15 13 27
27 16 39 68
28 1 4 72
28 2 25 65
28 7 40 64
28 10 21 15
28 16 57 68
28 19 7 30
28 20 49 5
29 6 26 29
29 7 22 64
29 10 49 24
29 15 13 11
29 18 31 41
29 19 37 30
30 1 1 72
30 4 41 10
30 6 56 9
30 8 10 54
30 9 25 53
30 10 14 24
30 11 19 37
30 12 28 23
30 13 23 16
30 17 7 5
30 18 43 41
31 1 43 72
31 4 57 10
31 5 1 62
31 6 49 9
31 10 31 15
31 13 27 16
31 15 20 27
31 19 40 30
32 1 22 72
32 4 9 10
32 5 55 62
32 7 16 64
32 9 35 53
32 10 51 15
32 12 46 23
32 17 27 5
33 4 55 10
33 5 4 62
33 9 15 53
33 13 19 16
33 14 31 54
33 15 33 69
33 18 7 41
33 19 28 30
34 4 13 10
34 8 26 54
34 10 3 15
34 11 44 37
34 12 31 23
34 15 37 69
34 16 9 68
35 1 7 72
35 9 11 53
35 10 13 15
35 11 56 37
35 15 25 11
35 16 21 68
36 6 27 9
36 10 37 15
36 12 7 23
36 13 35 16
36 14 33 54
36 17 19 5
36 18 10 41
36 19 13 30
36 20 25 5
37 5 22 62
37 7 31 64
37 9 17 53
37 16 15 68
37 20 39 5
38 1 34 72
38 4 31 10
38 12 4 23
38 16 23 68
39 1 46 72
39 4 5 10
39 7 7 64
39 8 40 54
39 9 27 53
39 13 55 16
39 14 13 54
39 15 57 11
39 18 34 41
40 2 14 65
40 6 37 29
40 7 25 64
40 9 19 53
40 15 31 11
40 16 7 68
40 17 4 5
40 18 46 41
41 4 53 10
41 6 7 29
41 7 34 64
41 9 3 53
41 13 41 16
41 18 49 41
41 19 16 30
42 1 58 72
42 5 13 62
42 9 49 53
42 12 1 23
42 15 7 27
42 16 17 68
42 18 19 41
43 1 49 72
43 5 40 62
43 7 37 64
43 10 45 15
43 13 15 16
43 16 1 68
43 18 22 41
44 3 38 43
44 5 46 62
44 13 57 16
44 15 19 11
45 2 2 65
45 3 7 43
45 4 25 10
45 6 51 29
45 13 47 16
45 14 17 54
45 15 55 69
45 16 41 68
45 20 31 5
46 2 49 65
46 4 7 10
46 6 19 9
46 7 58 64
46 8 55 54
46 10 27 15
46 12 37 23
46 19 4 30
47 1 40 72
47 5 10 62
47 7 46 64
47 9 13 53
47 12 52 23
47 13 7 16
47 16 19 68
47 18 25 41
48 3 56 43
48 4 15 10
48 5 7 62
48 8 50 54
48 9 1 53
48 16 3 68
48 17 46 5
48 19 43 30
49 1 37 72
49 9 55 53
49 10 8 15
49 12 16 23
49 15 20 69
49 18 52 41
49 19 58 30
50 1 10 72
50 3 45 43
50 6 33 29
50 13 37 16
50 15 25 69
50 16 5 68
Điểm tối ưu: 382
Thời gian: 89.911766 giây
Trạng thái: VALID
