2987
1 2 1 297
1 4 43 271
1 13 4 220
1 21 31 40
1 23 25 101
1 30 59 110
1 31 46 287
1 37 55 233
1 40 14 218
1 42 23 98
1 54 19 59
1 55 35 65
1 56 51 227
1 68 7 278
1 75 37 154
2 3 3 209
2 4 46 198
2 5 43 100
2 10 16 115
2 17 7 68
2 21 55 126
2 33 19 74
2 41 38 212
2 52 13 78
2 55 1 65
2 57 31 207
2 68 9 291
2 69 25 206
2 75 51 154
2 80 49 283
3 3 55 209
3 7 37 72
3 11 31 217
3 19 59 186
3 29 5 165
3 35 8 81
3 42 29 35
3 48 19 144
3 54 43 180
3 58 13 101
3 59 16 42
3 63 21 21
3 65 1 204
3 68 25 250
3 75 49 111
4 22 16 215
4 26 37 55
4 39 8 185
4 46 49 130
4 49 43 239
4 50 20 79
4 52 2 78
4 62 22 117
4 66 29 124
4 71 25 251
4 72 13 170
4 75 39 111
4 76 31 69
4 77 51 6
4 78 27 125
5 3 9 221
5 4 25 271
5 10 13 279
5 13 1 82
5 23 21 248
5 31 4 14
5 33 55 245
5 39 31 191
5 53 40 275
5 54 44 102
5 59 49 51
5 64 35 282
5 74 37 153
5 78 19 125
5 80 7 283
6 1 22 228
6 4 16 198
6 5 4 205
6 13 40 82
6 18 7 229
6 22 1 224
6 31 34 66
6 47 44 15
6 59 37 51
6 62 31 213
6 67 52 296
6 70 19 266
6 72 11 170
6 73 57 280
6 79 25 167
7 4 37 271
7 5 20 270
7 9 49 73
7 10 58 279
7 12 44 245
7 16 51 38
7 17 10 16
7 21 3 272
7 31 26 54
7 35 7 285
7 38 13 91
7 61 23 47
7 64 17 128
7 66 55 190
7 80 1 247
8 4 1 271
8 6 13 49
8 19 38 186
8 20 53 151
8 29 19 151
8 35 16 119
8 36 21 234
8 38 31 91
8 43 25 300
8 46 11 172
8 51 55 298
8 52 4 29
8 53 50 34
8 65 45 286
8 69 7 206
9 3 55 253
9 8 7 175
9 16 13 38
9 22 4 215
9 24 1 292
9 46 35 264
9 48 39 144
9 55 52 284
9 60 17 220
9 61 10 47
9 64 15 128
9 66 41 124
9 69 19 83
9 79 31 73
9 80 23 283
10 1 49 228
10 2 31 199
10 14 57 69
10 18 13 156
10 20 16 264
10 24 22 246
10 25 2 48
10 27 52 242
10 40 7 166
10 41 19 263
10 43 25 124
10 53 46 275
10 60 29 202
10 68 37 8
10 80 35 283
11 7 26 211
11 20 35 151
11 28 19 127
11 31 58 14
11 35 13 81
11 37 31 22
11 50 22 79
11 52 16 52
11 66 1 190
11 69 49 87
11 72 53 246
11 75 3 111
11 76 38 69
11 77 45 201
11 79 7 73
12 2 49 199
12 10 1 117
12 13 46 163
12 14 10 241
12 25 19 95
12 27 23 188
12 37 33 233
12 52 37 52
12 54 55 102
12 60 14 202
12 62 7 248
12 66 31 190
12 67 26 30
12 73 4 160
12 78 59 284
13 3 19 209
13 4 16 271
13 12 3 240
13 13 39 220
13 15 7 66
13 19 43 35
13 20 59 151
13 27 25 242
13 32 13 236
13 33 55 165
13 44 11 237
13 65 34 204
13 72 1 263
13 75 27 154
13 80 23 247
14 2 17 199
14 6 8 158
14 9 1 135
14 13 37 163
14 20 22 28
14 27 49 242
14 30 33 110
14 34 10 177
14 36 13 260
14 52 19 78
14 53 4 275
14 58 27 217
14 60 43 202
14 62 55 67
14 75 45 31
15 3 43 268
15 10 4 279
15 16 7 38
15 20 41 28
15 24 25 146
15 35 19 81
15 36 31 260
15 41 28 122
15 48 55 133
15 52 49 71
15 57 13 188
15 60 9 202
15 63 37 19
15 66 23 124
15 72 1 246
16 7 49 72
16 9 23 84
16 10 16 46
16 29 5 253
16 33 31 245
16 34 13 177
16 47 19 57
16 49 40 200
16 55 9 65
16 59 37 136
16 61 27 18
16 65 2 63
16 69 55 87
16 78 7 287
16 79 43 178
17 1 16 70
17 2 40 199
17 3 57 27
17 14 49 132
17 15 35 99
17 17 53 16
17 30 37 281
17 35 19 285
17 36 31 234
17 40 7 77
17 45 43 123
17 46 47 130
17 47 26 57
17 61 4 18
17 65 13 286
18 8 31 175
18 9 16 135
18 10 1 53
18 11 4 183
18 17 28 16
18 18 10 229
18 28 58 20
18 31 55 14
18 48 46 144
18 49 13 273
18 57 49 99
18 58 7 42
18 60 33 202
18 66 39 229
18 78 19 287
19 1 22 67
19 23 3 4
19 27 57 242
19 29 20 165
19 34 43 94
19 46 1 130
19 50 40 79
19 52 25 52
19 53 34 297
19 55 37 65
19 58 31 42
19 65 10 204
19 69 14 39
19 72 52 88
19 73 7 160
20 4 13 271
20 5 33 100
20 8 57 175
20 10 8 279
20 14 29 132
20 20 46 151
20 27 11 49
20 36 49 260
20 40 1 77
20 43 19 124
20 45 25 270
20 53 40 297
20 55 31 65
20 62 16 213
20 64 5 128
21 3 15 172
21 4 9 28
21 11 52 183
21 15 13 32
21 18 49 179
21 19 19 186
21 28 40 252
21 37 1 233
21 39 31 214
21 45 55 270
21 46 27 130
21 58 37 217
21 60 5 202
21 62 22 213
21 76 43 69
22 1 31 70
22 2 15 199
22 8 19 175
22 10 22 53
22 15 5 100
22 16 41 38
22 20 46 28
22 25 25 294
22 40 55 120
22 41 7 122
22 55 11 65
22 57 1 99
22 64 35 128
22 68 50 273
22 78 43 287
23 2 25 199
23 3 55 285
23 16 59 38
23 17 47 68
23 18 10 179
23 23 19 197
23 27 7 242
23 28 16 252
23 34 1 177
23 38 43 91
23 40 50 166
23 58 40 42
23 65 13 204
23 71 5 118
23 74 28 97
24 1 14 67
24 6 1 171
24 7 37 22
24 8 5 93
24 13 19 163
24 17 3 16
24 19 47 182
24 40 49 120
24 45 25 147
24 50 55 79
24 54 33 180
24 60 31 202
24 69 43 39
24 72 23 170
24 73 7 6
25 11 10 183
25 22 25 215
25 24 7 146
25 28 31 252
25 30 43 281
25 31 28 228
25 33 45 74
25 35 13 119
25 37 49 233
25 44 1 237
25 51 16 298
25 64 39 128
25 67 34 296
25 70 4 266
25 72 22 88
26 1 19 88
26 4 56 198
26 8 15 175
26 13 22 163
26 18 1 156
26 19 26 186
26 32 47 82
26 33 43 160
26 36 37 234
26 43 7 43
26 46 51 130
26 49 4 200
26 52 28 52
26 58 31 84
26 60 59 202
27 6 9 171
27 9 41 135
27 11 31 93
27 15 1 195
27 18 25 156
27 19 13 186
27 20 29 237
27 24 50 246
27 31 34 14
27 42 11 98
27 47 20 245
27 49 37 200
27 63 15 21
27 78 45 284
27 80 3 283
28 16 29 38
28 20 8 264
28 22 22 196
28 24 34 146
28 29 15 165
28 36 49 78
28 43 2 124
28 46 13 172
28 48 26 133
28 49 10 273
28 50 17 11
28 54 55 59
28 56 44 45
28 65 31 204
28 73 19 280
29 4 37 198
29 5 46 100
29 9 29 135
29 18 34 156
29 20 1 264
29 25 55 184
29 26 7 50
29 27 5 230
29 40 25 19
29 51 3 172
29 54 49 102
29 62 10 213
29 68 19 109
29 70 13 157
29 72 59 88
30 10 31 46
30 13 34 163
30 15 55 195
30 19 52 128
30 24 7 105
30 31 40 54
30 35 10 119
30 38 44 13
30 45 1 277
30 53 49 275
30 54 25 223
30 63 21 68
30 66 37 229
30 67 13 296
30 68 57 8
31 29 13 253
31 31 22 14
31 33 1 259
31 35 28 285
31 36 31 244
31 37 37 135
31 42 7 98
31 43 15 124
31 44 9 113
31 46 5 130
31 50 52 79
31 58 49 101
31 64 19 128
31 68 43 273
31 78 47 139
32 5 28 205
32 7 49 237
32 9 55 84
32 15 15 32
32 16 53 38
32 20 37 151
32 25 7 48
32 28 43 20
32 32 1 236
32 42 13 35
32 43 31 124
32 53 25 34
32 56 19 289
32 63 3 137
32 66 39 190
33 12 55 10
33 19 4 186
33 22 1 215
33 23 21 4
33 29 35 253
33 33 37 165
33 43 31 300
33 47 13 158
33 56 25 45
33 58 51 84
33 62 7 117
33 67 10 30
33 75 43 111
33 80 47 283
34 9 35 73
34 12 37 148
34 16 15 38
34 26 41 55
34 32 27 236
34 40 49 218
34 42 9 35
34 43 55 43
34 46 25 130
34 51 1 172
34 52 22 78
34 66 45 229
34 72 19 170
34 80 11 247
35 1 31 228
35 6 41 171
35 7 43 72
35 10 13 53
35 24 34 105
35 29 7 165
35 31 22 287
35 41 4 122
35 43 27 118
35 51 10 298
35 52 37 143
35 60 1 202
35 62 16 2
35 67 49 296
35 77 57 33
36 1 1 228
36 2 7 137
36 7 9 22
36 9 20 135
36 21 37 224
36 28 22 127
36 31 16 54
36 33 44 259
36 35 34 285
36 38 25 91
36 39 56 191
36 57 49 207
36 64 13 282
36 70 31 113
36 71 4 249
37 9 23 135
37 11 9 93
37 18 52 179
37 29 50 151
37 40 19 120
37 46 37 130
37 47 39 134
37 55 58 65
37 59 1 51
37 63 27 21
37 66 35 229
37 69 31 87
37 73 16 87
37 77 43 203
37 80 25 283
38 3 38 268
38 8 49 175
38 15 57 66
38 20 7 28
38 21 21 259
38 24 51 105
38 32 19 236
38 45 25 277
38 48 17 133
38 51 5 134
38 54 13 13
38 57 1 188
38 63 32 164
38 73 10 6
38 75 43 53
39 4 52 271
39 15 29 195
39 19 41 35
39 25 25 48
39 27 17 165
39 31 10 54
39 35 31 119
39 48 4 144
39 54 55 231
39 56 43 289
39 58 1 217
39 59 14 258
39 73 7 280
39 76 37 161
39 79 19 178
40 1 25 88
40 20 53 28
40 25 31 48
40 28 16 17
40 30 23 110
40 37 55 107
40 39 19 214
40 49 28 200
40 54 37 59
40 59 45 51
40 64 1 128
40 65 13 63
40 68 3 8
40 69 8 39
40 75 49 31
41 1 34 228
41 4 40 198
41 8 27 175
41 11 20 183
41 30 3 281
41 32 53 236
41 44 38 113
41 53 43 167
41 58 16 101
41 59 13 51
41 60 55 202
41 63 49 104
41 65 31 63
41 74 7 97
41 78 23 139
42 1 4 67
42 6 31 49
42 9 59 73
42 29 53 165
42 37 55 218
42 38 19 114
42 41 1 80
42 43 8 118
42 46 26 172
42 50 13 79
42 53 34 34
42 54 37 180
42 63 43 137
42 73 15 160
42 76 49 125
43 6 19 281
43 13 25 163
43 19 33 128
43 20 40 151
43 24 7 131
43 25 1 95
43 27 28 230
43 29 10 151
43 32 23 241
43 37 49 135
43 61 13 18
43 62 43 213
43 66 21 229
43 70 37 266
43 76 15 125
44 5 31 196
44 10 1 279
44 14 55 132
44 15 19 99
44 18 7 179
44 19 44 128
44 30 4 265
44 36 27 244
44 37 49 292
44 44 25 237
44 49 21 273
44 52 10 52
44 62 37 117
44 63 15 19
44 71 13 244
45 17 45 16
45 19 28 186
45 24 34 246
45 25 9 95
45 28 4 252
45 32 17 236
45 46 59 130
45 49 25 139
45 53 19 275
45 56 13 227
45 58 52 217
45 66 50 190
45 70 1 15
45 78 7 284
45 79 38 73
46 2 2 199
46 6 55 52
46 10 21 46
46 12 43 148
46 19 49 35
46 24 10 131
46 31 7 54
46 37 15 138
46 44 25 113
46 46 13 130
46 47 37 15
46 51 58 298
46 66 19 229
46 69 31 206
46 71 4 251
47 6 4 49
47 12 19 240
47 13 40 163
47 17 53 68
47 20 31 237
47 23 45 197
47 27 15 242
47 28 49 20
47 43 26 43
47 46 43 130
47 58 1 101
47 62 37 213
47 66 33 229
47 71 13 251
47 72 9 170
48 10 13 46
48 16 25 38
48 19 45 186
48 20 16 28
48 32 7 236
48 44 27 237
48 49 4 273
48 59 19 42
48 61 22 18
48 67 34 30
48 68 37 273
48 70 9 263
48 71 1 244
48 72 59 170
48 74 31 153
49 2 37 199
49 11 55 217
49 22 4 178
49 31 46 228
49 33 25 74
49 37 31 292
49 38 39 80
49 39 50 214
49 42 35 35
49 44 59 237
49 49 13 239
49 51 21 298
49 57 7 99
49 66 44 190
49 78 17 287
50 2 1 70
50 9 9 135
50 12 37 240
50 13 55 163
50 24 58 131
50 27 43 242
50 30 28 110
50 35 31 285
50 40 3 120
50 67 45 30
50 68 13 8
50 71 7 249
50 77 19 235
50 79 49 178
50 80 34 247
51 10 28 53
51 13 58 163
51 20 2 211
51 32 15 236
51 36 51 244
51 37 43 135
51 46 19 113
51 50 13 11
51 51 37 172
51 52 7 52
51 62 4 2
51 66 31 229
51 71 56 5
51 73 22 280
51 78 25 284
52 2 7 297
52 10 28 117
52 12 57 171
52 13 13 82
52 19 26 182
52 22 44 196
52 23 19 299
52 37 32 135
52 43 3 44
52 49 10 200
52 52 40 52
52 55 1 284
52 65 16 63
52 72 37 88
52 77 49 103
53 2 4 199
53 5 46 27
53 26 55 55
53 39 25 185
53 45 13 277
53 49 37 239
53 51 7 89
53 52 43 52
53 53 31 275
53 58 9 84
53 68 57 273
53 73 52 280
53 74 34 97
53 78 29 139
53 79 19 167
54 1 7 88
54 3 15 209
54 10 37 279
54 14 47 132
54 17 25 68
54 18 28 179
54 24 40 246
54 31 1 54
54 34 49 94
54 39 43 238
54 54 31 59
54 59 4 258
54 69 20 39
54 78 10 287
54 80 13 283
55 1 56 228
55 6 23 171
55 8 21 175
55 18 28 156
55 28 25 127
55 33 1 107
55 34 43 177
55 39 37 36
55 40 7 218
55 54 31 223
55 63 49 68
55 70 46 113
55 72 41 88
55 80 15 283
56 3 13 268
56 6 51 171
56 9 23 73
56 10 4 53
56 17 8 16
56 21 37 126
56 27 1 242
56 31 45 14
56 32 49 236
56 38 26 80
56 42 53 35
56 49 55 139
56 62 34 213
56 66 21 190
56 72 43 88
57 20 1 28
57 23 13 4
57 25 37 294
57 26 28 68
57 30 31 110
57 33 55 259
57 35 22 81
57 37 49 107
57 42 46 35
57 45 7 123
57 51 35 298
57 53 43 275
57 60 33 220
57 62 3 213
57 65 25 204
58 4 1 218
58 6 35 171
58 9 57 73
58 10 4 117
58 11 37 183
58 19 7 186
58 20 17 211
58 24 40 131
58 27 21 242
58 37 25 290
58 43 43 124
58 49 10 239
58 53 13 34
58 79 31 178
59 5 4 27
59 7 55 72
59 12 8 10
59 15 45 66
59 16 17 60
59 18 31 179
59 21 19 126
59 28 34 20
59 34 1 136
59 35 28 81
59 36 37 260
59 43 13 44
59 59 25 51
59 76 49 161
59 80 59 283
60 3 31 268
60 7 19 121
60 9 3 135
60 11 13 93
60 17 17 16
60 19 35 186
60 27 41 165
60 36 26 234
60 42 1 98
60 62 7 213
60 64 11 128
60 69 49 206
60 70 43 266
60 77 37 203
60 80 5 247
61 4 31 271
61 7 38 211
61 25 7 184
61 31 52 54
61 40 55 77
61 41 16 212
61 44 43 237
61 50 50 79
61 51 5 172
61 54 1 13
61 60 45 202
61 64 13 128
61 69 19 206
61 72 34 170
61 80 27 247
62 2 7 49
62 12 15 148
62 13 31 163
62 15 10 100
62 16 34 38
62 24 22 292
62 30 44 110
62 32 55 236
62 44 13 237
62 49 19 239
62 51 26 134
62 52 28 78
62 53 52 275
62 66 47 124
62 79 1 73
63 4 52 198
63 7 55 9
63 17 40 16
63 27 10 242
63 29 15 253
63 31 37 54
63 35 2 119
63 41 43 212
63 46 5 264
63 49 7 239
63 58 46 101
63 63 31 21
63 66 23 229
63 73 19 6
63 78 17 139
64 9 55 73
64 20 31 151
64 22 16 224
64 23 19 101
64 28 13 26
64 30 1 154
64 32 33 236
64 38 49 91
64 40 38 120
64 41 10 281
64 48 25 144
64 49 4 239
64 55 27 284
64 66 35 124
64 67 7 30
65 5 28 233
65 12 1 10
65 14 16 132
65 20 38 237
65 23 49 157
65 27 55 242
65 35 58 81
65 40 44 166
65 47 32 15
65 56 7 289
65 60 40 60
65 61 21 47
65 65 25 63
65 66 53 124
65 73 13 280
66 5 7 233
66 6 49 171
66 12 13 240
66 13 10 163
66 17 31 16
66 26 33 55
66 30 5 110
66 46 17 130
66 48 27 144
66 49 22 239
66 52 58 78
66 68 38 278
66 71 19 251
66 73 2 87
66 78 25 287
67 11 10 32
67 13 4 82
67 14 35 132
67 22 31 215
67 28 55 252
67 29 17 151
67 33 37 74
67 46 29 130
67 51 19 298
67 60 7 202
67 63 25 137
67 65 22 204
67 68 49 278
67 70 46 157
67 79 13 178
68 1 16 228
68 5 50 270
68 6 47 171
68 9 57 135
68 19 55 128
68 24 13 105
68 27 23 49
68 33 31 259
68 42 25 35
68 44 9 237
68 57 19 207
68 58 28 84
68 75 1 222
68 78 40 284
68 80 37 247
69 3 55 268
69 10 25 117
69 16 47 38
69 17 13 16
69 23 31 197
69 28 1 26
69 33 15 107
69 54 7 59
69 60 11 60
69 63 43 21
69 65 28 286
69 67 4 12
69 68 19 278
69 69 49 112
69 76 37 125
70 4 20 271
70 18 7 156
70 22 46 215
70 24 43 105
70 25 50 48
70 28 27 252
70 29 25 151
70 33 1 74
70 38 33 258
70 47 37 57
70 50 31 11
70 59 56 42
70 66 10 190
70 70 14 266
70 78 5 287
71 1 13 228
71 3 26 268
71 10 16 53
71 22 22 215
71 28 19 17
71 32 52 82
71 38 9 91
71 44 1 113
71 47 3 245
71 48 49 133
71 55 7 65
71 56 37 289
71 57 44 99
71 68 31 250
71 78 55 284
72 3 25 209
72 19 5 182
72 21 13 40
72 31 34 54
72 33 49 74
72 34 46 94
72 36 7 244
72 40 1 166
72 43 37 44
72 52 31 143
72 63 19 116
72 64 41 282
72 73 43 280
72 76 55 125
73 4 10 198
73 13 21 220
73 22 49 215
73 25 13 95
73 31 52 66
73 41 25 212
73 50 17 79
73 54 55 13
73 56 31 289
73 59 38 258
73 60 3 60
73 63 43 68
73 72 35 88
73 73 28 280
73 74 7 153
74 2 3 70
74 14 1 241
74 22 34 215
74 26 29 55
74 28 31 20
74 29 50 253
74 37 8 138
74 38 19 91
74 43 39 300
74 54 13 223
74 60 5 60
74 67 52 30
74 68 25 109
74 69 43 206
74 77 55 152
75 2 19 199
75 3 32 209
75 4 4 198
75 7 13 211
75 33 49 245
75 48 29 133
75 52 1 52
75 55 22 65
75 57 25 99
75 58 37 84
75 70 57 266
75 76 43 125
75 79 7 167
75 80 40 247
76 4 43 28
76 11 55 183
76 19 11 186
76 22 13 215
76 26 59 55
76 30 35 110
76 31 1 14
76 34 31 94
76 41 49 212
76 45 19 277
76 52 4 52
76 55 9 284
76 67 37 296
76 68 25 278
76 80 29 283
77 7 49 9
77 8 37 175
77 10 28 279
77 19 17 186
77 23 45 4
77 26 43 55
77 27 5 242
77 41 25 281
77 45 31 270
77 53 40 34
77 56 13 45
77 69 1 39
77 75 55 53
77 77 9 152
77 80 21 283
78 3 49 27
78 4 7 198
78 6 17 171
78 8 29 175
78 11 26 183
78 20 5 211
78 38 55 91
78 39 13 191
78 50 11 79
78 66 47 190
78 68 1 278
78 76 32 161
78 77 43 235
78 79 38 167
78 80 21 247
79 2 13 297
79 5 25 233
79 7 31 211
79 14 37 132
79 19 51 186
79 23 39 197
79 26 1 55
79 29 3 253
79 42 15 98
79 43 56 118
79 53 10 275
79 61 29 18
79 65 7 204
79 70 43 157
79 75 19 111
80 3 31 253
80 7 8 72
80 12 49 10
80 24 37 131
80 29 1 253
80 35 25 285
80 37 45 179
80 38 20 80
80 49 40 239
80 54 14 102
80 55 43 284
80 64 28 282
80 71 5 244
80 77 55 235
80 80 3 247
81 4 13 198
81 12 31 10
81 14 7 132
81 20 11 264
81 27 29 49
81 30 17 110
81 32 22 236
81 33 25 160
81 39 1 185
81 41 19 122
81 50 9 79
81 51 5 89
81 58 38 101
81 69 43 112
81 72 41 170
82 6 7 171
82 8 25 93
82 12 3 148
82 13 49 82
82 17 11 68
82 19 43 186
82 20 19 28
82 27 29 242
82 40 21 218
82 42 27 35
82 47 31 57
82 53 46 167
82 59 16 51
82 71 1 5
82 73 13 87
83 7 2 72
83 9 43 73
83 12 7 240
83 16 11 267
83 26 13 55
83 29 37 253
83 30 23 281
83 31 31 14
83 47 19 15
83 55 34 284
83 63 39 116
83 68 15 278
83 72 29 170
83 73 25 280
83 77 51 203
84 4 4 271
84 15 23 32
84 21 45 224
84 23 31 4
84 28 25 20
84 29 9 165
84 30 40 110
84 32 43 236
84 35 1 285
84 44 7 113
84 50 11 11
84 58 16 84
84 62 13 213
84 75 19 222
84 77 49 152
85 10 25 46
85 18 2 179
85 21 45 83
85 23 55 299
85 34 34 94
85 36 37 244
85 37 15 257
85 39 7 191
85 45 19 123
85 46 13 264
85 50 43 79
85 63 49 164
85 67 31 296
85 72 11 114
85 74 28 153
86 1 19 228
86 9 49 84
86 10 43 279
86 19 39 35
86 23 32 299
86 27 9 49
86 31 28 66
86 33 13 259
86 34 25 177
86 38 51 114
86 41 55 122
86 44 17 113
86 48 22 144
86 64 11 282
86 67 1 30
87 3 49 209
87 13 13 163
87 16 39 38
87 20 56 151
87 24 21 105
87 27 29 165
87 48 10 144
87 49 34 239
87 50 46 79
87 55 4 284
87 58 16 217
87 64 19 282
87 65 1 286
87 66 7 190
87 67 58 296
88 4 46 271
88 16 49 38
88 25 2 184
88 44 29 113
88 45 7 270
88 46 37 264
88 50 31 79
88 51 33 298
88 54 13 59
88 55 20 65
88 65 43 204
88 69 39 206
88 70 22 157
88 71 25 118
88 72 27 170
89 2 55 199
89 8 51 175
89 13 28 220
89 21 1 103
89 25 13 48
89 27 53 188
89 36 57 234
89 42 35 98
89 48 44 144
89 52 19 52
89 54 37 13
89 70 32 266
89 73 25 297
89 76 8 69
89 78 22 125
90 10 7 53
90 14 17 69
90 23 37 4
90 24 58 105
90 29 1 165
90 30 10 110
90 39 19 238
90 45 49 277
90 47 43 158
90 50 47 11
90 56 25 227
90 58 55 101
90 69 3 206
90 75 31 53
90 77 13 33
91 5 56 205
91 17 19 16
91 25 43 294
91 26 49 55
91 31 25 66
91 33 31 74
91 39 13 36
91 44 41 113
91 50 3 79
91 55 28 65
91 61 17 47
91 62 52 213
91 69 21 112
91 71 1 251
91 72 5 263
92 8 17 175
92 10 4 46
92 17 1 68
92 28 52 127
92 29 7 253
92 36 33 290
92 38 43 258
92 41 10 122
92 51 50 172
92 54 20 180
92 61 15 18
92 67 39 30
92 69 55 39
92 72 28 88
92 78 47 125
93 4 31 198
93 5 40 196
93 10 43 46
93 15 5 66
93 20 35 237
93 21 13 126
93 26 1 105
93 29 11 165
93 31 19 66
93 35 55 81
93 41 37 122
93 44 7 237
93 51 9 134
93 62 25 67
93 72 47 88
94 1 9 228
94 3 57 172
94 4 38 218
94 6 53 171
94 12 26 240
94 20 7 211
94 21 31 126
94 28 50 17
94 30 55 110
94 31 19 14
94 37 43 233
94 41 13 122
94 61 5 47
94 66 16 229
94 73 1 160
95 2 5 246
95 4 45 141
95 9 40 84
95 10 10 46
95 13 7 163
95 15 43 66
95 22 19 215
95 26 51 55
95 37 1 92
95 54 31 102
95 61 37 47
95 62 16 117
95 69 56 112
95 74 13 153
95 75 25 222
96 4 37 28
96 6 11 171
96 11 43 282
96 17 9 68
96 21 55 272
96 27 23 242
96 35 25 119
96 48 13 133
96 49 52 239
96 53 16 34
96 69 32 39
96 70 40 266
96 72 1 170
96 75 3 31
96 79 19 73
97 3 43 285
97 5 49 196
97 7 25 9
97 10 55 279
97 17 59 68
97 20 29 28
97 24 8 292
97 29 15 151
97 32 5 241
97 39 1 191
97 41 20 212
97 43 31 118
97 50 37 79
97 60 23 202
97 72 39 170
98 1 1 67
98 2 23 199
98 14 11 132
98 15 31 66
98 27 37 188
98 41 16 263
98 43 7 124
98 47 19 265
98 48 41 144
98 56 55 289
98 61 34 47
98 62 28 213
98 67 13 30
98 72 25 263
98 73 4 6
99 7 13 9
99 15 17 66
99 19 41 186
99 25 20 294
99 30 5 281
99 42 32 98
99 45 43 270
99 48 3 133
99 51 1 134
99 52 25 143
99 57 55 207
99 63 37 104
99 77 49 251
99 78 11 139
99 80 9 247
100 4 20 198
100 5 40 100
100 7 13 72
100 11 1 32
100 13 43 220
100 15 5 99
100 23 49 4
100 25 31 291
100 32 10 236
100 42 58 35
100 44 35 113
100 53 46 297
100 59 7 258
100 60 37 202
100 77 27 251
101 6 19 171
101 12 21 148
101 17 5 16
101 22 10 215
101 23 26 197
101 24 37 292
101 28 34 17
101 32 51 236
101 45 55 147
101 48 15 144
101 50 1 79
101 55 53 65
101 58 45 217
101 62 31 2
101 70 7 157
102 1 7 67
102 2 57 199
102 4 49 198
102 32 25 236
102 39 2 36
102 40 43 218
102 43 37 124
102 46 55 130
102 49 16 239
102 54 33 13
102 56 20 227
102 58 13 84
102 70 28 266
102 72 31 88
102 73 10 280
103 2 7 246
103 4 10 271
103 8 1 175
103 20 25 28
103 26 19 55
103 27 39 242
103 28 16 127
103 35 28 119
103 44 21 113
103 46 45 130
103 50 59 79
103 55 43 65
103 64 57 128
103 66 37 190
103 70 4 157
104 11 40 183
104 15 31 100
104 23 26 299
104 25 43 48
104 28 7 127
104 33 49 259
104 41 34 122
104 47 1 158
104 53 37 34
104 56 55 45
104 74 10 97
104 75 21 31
104 76 13 69
104 80 19 283
105 9 34 84
105 15 17 195
105 22 1 196
105 24 43 131
105 27 31 242
105 35 37 119
105 36 21 244
105 42 29 98
105 43 55 124
105 47 13 15
105 55 4 65
105 60 27 202
105 61 11 18
105 66 25 190
105 69 7 112
106 5 1 27
106 9 7 135
106 11 22 93
106 24 26 292
106 28 19 20
106 29 13 165
106 30 43 50
106 39 49 36
106 42 32 35
106 43 15 300
106 45 55 277
106 51 39 298
106 55 47 65
106 58 4 42
106 70 10 157
107 14 31 132
107 18 1 229
107 25 13 184
107 26 57 55
107 31 25 14
107 34 34 177
107 41 7 212
107 55 17 65
107 58 4 84
107 61 20 18
107 62 28 67
107 66 59 190
107 68 43 278
107 73 49 280
107 74 22 153
108 5 16 100
108 10 19 117
108 31 13 54
108 45 32 147
108 54 7 180
108 57 25 37
108 58 1 84
108 60 11 202
108 62 46 213
108 63 49 21
108 64 56 282
108 65 4 286
108 74 22 97
108 77 37 251
108 80 53 247
109 6 45 171
109 7 9 211
109 13 1 163
109 14 25 132
109 16 27 38
109 19 23 182
109 38 37 114
109 40 15 77
109 43 31 43
109 50 52 11
109 61 13 47
109 65 4 204
109 68 19 250
109 76 56 161
109 80 7 247
110 5 13 233
110 9 11 135
110 15 41 195
110 16 44 38
110 22 16 116
110 31 20 54
110 34 46 177
110 37 27 92
110 43 37 43
110 45 1 123
110 47 32 265
110 54 49 223
110 64 25 282
110 68 7 71
110 69 55 170
111 10 38 46
111 14 1 69
111 15 13 100
111 17 43 16
111 18 16 179
111 24 10 246
111 25 31 294
111 35 4 81
111 37 55 179
111 46 8 130
111 51 26 298
111 54 45 59
111 57 19 56
111 62 49 213
111 65 28 204
112 4 22 141
112 10 25 279
112 13 19 82
112 15 11 195
112 17 37 16
112 32 4 236
112 34 56 94
112 36 7 260
112 38 13 114
112 40 32 218
112 41 1 212
112 62 50 67
112 64 39 282
112 74 45 97
112 80 43 247
113 4 55 271
113 6 29 281
113 10 50 53
113 13 22 82
113 14 9 132
113 30 46 110
113 33 25 165
113 35 43 119
113 37 3 290
113 39 32 185
113 42 17 98
113 51 1 298
113 54 37 102
113 57 13 207
113 58 19 217
114 10 19 279
114 11 7 183
114 33 49 165
114 34 4 177
114 41 10 212
114 43 38 118
114 56 13 289
114 60 35 202
114 65 22 286
114 68 55 278
114 69 43 87
114 73 1 280
114 75 25 31
114 76 31 140
114 80 17 283
115 2 46 199
115 13 34 82
115 30 1 281
115 33 49 160
115 34 43 136
115 38 3 114
115 53 31 34
115 57 13 37
115 62 56 213
115 63 37 137
115 64 59 128
115 68 27 273
115 76 7 243
115 77 20 203
116 5 25 100
116 8 13 175
116 11 46 282
116 15 22 66
116 20 33 151
116 21 37 259
116 25 55 48
116 28 28 127
116 29 2 151
116 35 15 285
116 39 7 36
116 50 35 79
116 60 20 202
116 74 4 153
116 80 11 283
117 3 20 268
117 8 37 93
117 11 14 183
117 14 53 132
117 22 56 215
117 28 49 26
117 35 1 81
117 51 4 298
117 52 34 52
117 58 8 101
117 68 39 109
117 71 11 244
117 76 25 243
117 77 43 152
117 80 32 247
118 5 10 205
118 11 21 282
118 17 13 71
118 22 1 178
118 28 37 127
118 31 43 228
118 42 19 35
118 45 26 123
118 52 57 52
118 55 33 65
118 66 15 190
118 67 7 296
118 72 53 170
118 74 4 97
119 2 7 199
119 12 31 148
119 21 50 40
119 26 3 55
119 27 59 242
119 36 43 290
119 38 39 91
119 45 9 277
119 48 37 144
119 49 16 273
119 53 26 275
119 54 19 13
119 55 47 284
119 61 29 47
119 63 55 21
120 4 25 198
120 5 19 100
120 18 49 156
120 21 7 272
120 22 52 215
120 25 31 95
120 26 23 55
120 34 38 177
120 51 45 298
120 53 56 275
120 59 28 258
120 60 35 220
120 63 15 137
120 66 13 124
120 77 1 203
121 7 31 72
121 12 49 81
121 16 56 38
121 22 58 224
121 24 26 246
121 27 22 230
121 28 10 26
121 30 5 50
121 31 43 54
121 34 19 177
121 39 37 185
121 47 1 57
121 52 7 78
121 61 41 18
121 77 14 203
122 2 9 199
122 6 27 171
122 8 40 175
122 9 7 84
122 13 1 220
122 19 49 186
122 23 44 299
122 28 4 127
122 39 20 36
122 40 32 166
122 54 13 180
122 61 25 47
122 64 37 282
122 66 29 229
122 68 57 250
123 6 5 171
123 7 32 9
123 10 1 46
123 15 11 99
123 24 43 246
123 25 37 184
123 32 29 236
123 39 13 185
123 54 25 102
123 55 17 284
123 57 7 207
123 59 22 42
123 67 46 296
123 75 55 31
123 78 41 125
124 1 16 88
124 2 13 199
124 4 40 271
124 6 21 171
124 7 55 211
124 12 31 240
124 20 4 28
124 39 49 191
124 41 1 122
124 53 37 275
124 61 43 18
124 65 28 63
124 71 35 118
124 77 45 251
124 79 7 178
125 2 5 70
125 4 34 28
125 9 17 73
125 21 25 126
125 35 40 119
125 39 43 185
125 41 31 122
125 42 37 98
125 46 56 113
125 51 23 298
125 52 49 52
125 59 10 42
125 67 19 296
125 71 53 122
125 77 1 152
126 1 10 88
126 2 1 221
126 4 34 271
126 5 7 205
126 6 14 171
126 16 32 38
126 18 16 156
126 24 46 246
126 25 3 291
126 33 37 160
126 35 58 119
126 42 19 98
126 69 49 170
126 77 25 152
126 80 29 247
127 15 2 66
127 19 47 186
127 23 43 3
127 34 58 177
127 37 37 179
127 38 51 13
127 51 13 298
127 53 22 34
127 54 7 223
127 55 49 284
127 60 19 220
127 68 15 109
127 69 26 87
127 75 31 111
127 80 41 283
128 3 8 209
128 6 31 171
128 8 2 93
128 15 15 66
128 17 58 16
128 25 26 184
128 26 35 55
128 27 33 242
128 28 40 127
128 31 37 66
128 51 51 298
128 60 47 202
128 61 56 18
128 65 19 204
128 71 13 249
129 21 31 224
129 22 13 224
129 34 1 94
129 35 16 81
129 37 49 290
129 40 27 218
129 47 8 57
129 51 53 298
129 56 19 45
129 57 55 99
129 60 25 202
129 64 37 128
129 66 4 190
129 70 40 157
129 73 46 280
130 6 37 171
130 7 7 9
130 16 11 38
130 17 13 68
130 24 19 131
130 31 55 54
130 35 34 81
130 54 51 59
130 56 1 45
130 57 25 207
130 65 22 63
130 67 43 296
130 74 58 153
130 76 15 243
130 77 39 6
131 2 1 137
131 5 22 205
131 14 25 241
131 22 4 224
131 26 16 55
131 37 27 22
131 41 46 122
131 47 49 15
131 49 7 200
131 53 34 275
131 57 56 188
131 58 13 42
131 62 19 213
131 70 10 266
131 73 40 280
132 15 7 195
132 22 26 224
132 24 31 105
132 27 17 188
132 31 58 54
132 34 22 177
132 38 51 121
132 43 45 43
132 44 15 237
132 51 49 298
132 54 2 223
132 55 56 65
132 59 34 51
132 63 9 21
132 75 38 31
133 2 35 199
133 9 11 73
133 11 1 183
133 12 49 148
133 14 5 132
133 17 23 16
133 18 20 179
133 29 17 253
133 34 7 177
133 39 31 36
133 46 39 264
133 57 45 207
133 62 25 2
133 67 28 296
133 77 13 152
134 4 28 271
134 11 49 183
134 20 41 264
134 26 5 105
134 28 52 252
134 33 37 107
134 41 25 122
134 53 22 275
134 54 1 102
134 56 55 227
134 62 19 2
134 63 7 143
134 75 44 222
134 76 31 243
134 77 13 6
135 2 43 199
135 12 38 10
135 15 59 66
135 36 55 244
135 39 31 238
135 41 22 122
135 42 1 35
135 46 53 130
135 47 49 57
135 53 4 167
135 54 25 180
135 58 13 217
135 61 9 18
135 76 45 243
135 78 29 284
136 10 13 117
136 13 16 82
136 14 57 132
136 17 19 68
136 25 21 48
136 27 1 49
136 29 9 253
136 38 43 80
136 40 31 77
136 44 4 113
136 49 49 239
136 55 40 65
136 68 25 71
136 71 29 5
136 74 52 97
137 4 34 198
137 5 16 205
137 10 22 279
137 18 26 229
137 21 8 224
137 25 44 184
137 27 41 49
137 30 57 110
137 34 31 177
137 36 1 234
137 37 49 22
137 45 37 147
137 51 29 298
137 65 19 286
137 74 13 97
138 16 17 38
138 17 15 68
138 24 28 131
138 30 26 110
138 31 31 54
138 35 10 285
138 36 43 234
138 46 40 130
138 53 19 34
138 63 2 21
138 66 23 190
138 68 49 109
138 70 7 266
138 71 47 118
139 2 11 70
139 3 49 285
139 8 34 93
139 10 28 46
139 11 58 183
139 14 19 132
139 26 9 55
139 33 13 74
139 44 17 237
139 45 44 277
139 57 39 188
139 59 1 258
139 60 7 220
139 73 4 280
139 77 21 251
140 3 20 172
140 8 11 175
140 10 40 279
140 24 1 131
140 27 47 188
140 30 9 154
140 42 13 98
140 48 33 144
140 49 28 239
140 60 25 220
140 63 55 68
140 64 7 128
140 67 4 296
140 73 16 280
140 78 35 287
141 5 43 27
141 7 49 211
141 15 13 66
141 16 23 267
141 23 56 4
141 28 1 252
141 32 25 208
141 36 7 234
141 43 19 43
141 44 5 237
141 52 31 52
141 59 28 51
141 65 16 286
141 77 37 152
141 78 41 139
142 1 2 88
142 11 28 32
142 21 9 126
142 26 5 55
142 30 17 50
142 32 7 208
142 36 13 234
142 37 55 138
142 38 20 210
142 50 35 11
142 58 25 84
142 70 46 266
142 76 37 243
142 77 31 203
142 79 51 73
143 9 44 84
143 11 15 282
143 14 59 132
143 17 47 16
143 18 19 156
143 28 22 252
143 30 13 110
143 34 28 94
143 35 31 81
143 39 1 214
143 50 57 79
143 52 25 78
143 69 37 112
143 70 7 15
143 73 10 160
144 4 58 271
144 5 22 100
144 6 5 158
144 23 13 248
144 24 25 105
144 27 17 242
144 28 19 26
144 29 3 165
144 31 10 14
144 32 31 241
144 34 28 177
144 52 34 78
144 57 49 188
144 69 44 170
144 71 8 5
145 22 38 215
145 27 45 242
145 28 7 17
145 30 51 110
145 32 59 236
145 41 34 212
145 45 19 174
145 47 55 15
145 60 10 220
145 66 41 190
145 69 27 112
145 71 53 118
145 74 16 97
145 76 1 243
145 80 25 247
146 19 35 182
146 21 1 126
146 27 17 49
146 29 23 253
146 36 49 234
146 38 37 210
146 39 55 36
146 40 31 120
146 45 19 147
146 47 13 57
146 59 8 51
146 63 27 164
146 71 11 5
146 72 5 88
146 76 43 161
147 7 45 211
147 8 59 175
147 11 31 32
147 15 11 66
147 21 50 272
147 26 27 55
147 31 40 14
147 42 9 98
147 43 13 43
147 48 1 133
147 51 3 89
147 59 22 51
147 65 37 286
147 73 34 280
147 74 19 97
148 21 1 40
148 26 25 55
148 29 13 151
148 35 19 119
148 39 56 238
148 42 22 35
148 46 8 172
148 48 31 144
148 56 49 45
148 59 10 258
148 62 43 67
148 63 38 68
148 66 35 190
148 70 27 157
148 79 15 167
149 1 19 67
149 7 55 237
149 11 25 32
149 17 33 16
149 20 53 237
149 23 1 299
149 37 13 290
149 39 49 185
149 41 43 122
149 50 5 11
149 56 8 227
149 66 28 190
149 73 37 280
149 74 40 153
149 80 31 283
150 5 27 196
150 9 46 84
150 11 4 282
150 12 37 81
150 16 23 60
150 21 13 272
150 22 7 215
150 26 21 55
150 30 1 110
150 55 19 284
150 57 49 37
150 61 25 18
150 64 32 282
150 66 11 124
150 72 17 170
151 2 53 199
151 4 31 28
151 12 49 224
151 16 22 38
151 20 29 151
151 39 43 191
151 42 25 98
151 45 9 147
151 46 20 264
151 53 16 275
151 56 38 227
151 59 4 51
151 61 7 18
151 66 57 190
151 78 59 139
152 11 4 32
152 14 41 132
152 19 55 35
152 26 7 55
152 34 49 177
152 37 37 233
152 48 13 144
152 52 10 78
152 53 58 34
152 57 25 188
152 58 1 42
152 61 35 18
152 69 19 87
152 73 31 280
152 75 15 111
153 4 49 271
153 20 43 151
153 23 33 101
153 28 10 17
153 31 7 14
153 46 22 130
153 49 19 139
153 51 31 172
153 54 38 223
153 65 16 204
153 71 4 5
153 74 1 153
153 76 45 210
153 77 25 203
153 79 55 178
154 24 28 105
154 25 13 294
154 27 19 49
154 32 35 236
154 33 56 74
154 43 43 118
154 44 21 237
154 45 37 270
154 50 7 11
154 52 31 78
154 53 1 275
154 58 9 217
154 67 4 30
154 68 49 250
154 74 25 153
155 2 21 199
155 11 44 183
155 26 11 55
155 27 7 230
155 30 13 281
155 32 31 236
155 35 4 285
155 41 16 122
155 44 33 237
155 50 9 11
155 63 25 116
155 66 19 190
155 74 1 97
155 75 37 53
155 79 49 167
156 2 35 221
156 9 5 135
156 14 1 132
156 21 43 40
156 26 3 50
156 28 7 20
156 30 49 110
156 31 51 14
156 32 13 241
156 37 37 290
156 44 15 113
156 45 31 123
156 63 19 104
156 77 55 203
156 79 25 178
157 2 29 70
157 3 31 27
157 6 43 171
157 7 25 72
157 8 3 175
157 27 35 242
157 34 22 134
157 38 8 40
157 47 39 245
157 57 14 99
157 60 37 220
157 63 55 137
157 65 19 63
157 76 49 210
157 79 45 73
158 1 25 70
158 18 4 156
158 19 41 128
158 26 31 68
158 28 22 20
158 33 7 259
158 38 13 80
158 41 50 122
158 45 43 147
158 46 33 172
158 49 1 239
158 58 28 42
158 59 19 51
158 69 37 39
158 75 55 111
159 1 37 40
159 5 16 27
159 18 50 229
159 22 58 196
159 31 13 14
159 37 9 290
159 39 25 36
159 48 7 133
159 49 33 139
159 50 23 11
159 52 55 78
159 54 19 102
159 68 43 250
159 72 31 170
159 76 1 161
160 11 40 217
160 19 53 186
160 21 43 126
160 30 7 110
160 43 13 118
160 46 20 130
160 59 22 258
160 65 9 63
160 67 1 296
160 71 17 5
160 72 4 170
160 75 56 222
160 78 50 139
160 79 26 73
160 80 37 283
161 7 1 22
161 14 13 132
161 17 15 16
161 21 32 272
161 22 7 196
161 31 49 54
161 32 29 82
161 39 43 36
161 55 23 284
161 56 37 45
161 59 19 258
161 74 52 153
161 75 25 111
161 77 55 251
161 78 10 125
162 3 37 27
162 17 51 16
162 18 25 179
162 23 55 197
162 29 4 151
162 31 28 14
162 37 19 233
162 40 13 120
162 48 35 144
162 58 43 42
162 60 53 202
162 71 17 118
162 72 23 114
162 79 31 167
162 80 9 283
163 4 43 198
163 7 19 211
163 17 1 16
163 18 46 156
163 21 31 104
163 34 14 94
163 39 8 238
163 48 5 133
163 49 25 200
163 57 37 207
163 65 52 204
163 71 3 244
163 72 50 88
163 76 55 140
163 80 59 247
164 13 16 163
164 14 22 132
164 20 27 151
164 28 43 127
164 29 7 151
164 31 46 54
164 43 1 118
164 46 35 172
164 52 13 52
164 53 9 34
164 57 56 174
164 68 50 8
164 69 37 193
164 71 20 249
164 74 31 97
165 2 5 297
165 10 19 53
165 17 3 68
165 21 26 272
165 26 53 55
165 28 37 20
165 29 11 253
165 37 43 292
165 43 49 124
165 47 13 245
165 53 7 275
165 56 32 45
165 64 1 282
165 65 55 204
165 80 17 247
166 1 13 88
166 2 11 199
166 17 55 16
166 24 16 292
166 25 1 294
166 27 27 242
166 28 43 252
166 41 57 212
166 48 23 133
166 51 41 298
166 56 7 45
166 63 19 164
166 66 33 190
166 72 37 170
166 78 31 287
167 2 33 199
167 3 2 268
167 5 28 100
167 12 9 148
167 14 45 132
167 17 25 16
167 23 49 197
167 38 39 121
167 42 37 35
167 52 22 52
167 58 58 217
167 71 31 5
167 72 7 170
167 74 19 153
167 79 13 73
168 10 33 279
168 12 49 240
168 22 43 215
168 24 46 146
168 28 55 127
168 29 59 253
168 31 37 14
168 33 20 160
168 35 40 285
168 36 15 244
168 41 4 212
168 51 1 89
168 54 7 13
168 56 26 289
168 64 31 128
169 2 59 199
169 11 34 183
169 15 4 195
169 18 31 156
169 23 39 299
169 25 55 294
169 34 52 177
169 37 19 107
169 44 23 237
169 49 25 239
169 51 8 298
169 55 45 65
169 61 1 47
169 69 13 112
169 74 10 153
170 3 25 253
170 4 49 28
170 5 56 100
170 8 44 175
170 11 22 217
170 15 1 100
170 18 13 229
170 24 46 105
170 33 31 160
170 38 9 80
170 52 19 143
170 61 17 18
170 69 3 112
170 73 38 87
170 78 7 139
171 1 25 228
171 5 16 196
171 13 28 163
171 24 37 146
171 25 7 294
171 32 57 236
171 40 43 120
171 42 4 35
171 52 21 193
171 53 1 167
171 55 14 65
171 61 19 47
171 62 34 117
171 70 31 157
171 71 11 251
172 12 43 240
172 17 5 155
172 25 37 48
172 33 31 165
172 39 25 191
172 42 11 35
172 43 1 300
172 44 13 113
172 47 7 245
172 49 58 239
172 71 23 249
172 73 55 6
172 74 16 153
172 76 49 69
172 77 19 33
173 4 28 198
173 8 9 175
173 10 50 279
173 14 43 132
173 25 32 184
173 30 1 50
173 37 56 292
173 46 3 130
173 47 45 265
173 50 41 11
173 57 19 188
173 59 25 42
173 61 15 47
173 70 37 157
173 80 13 247
174 1 33 67
174 4 49 141
174 11 20 32
174 28 55 20
174 37 13 22
174 40 27 120
174 41 52 212
174 42 41 98
174 50 5 79
174 54 44 223
174 56 1 289
174 70 10 15
174 71 58 122
174 72 25 170
174 75 37 222
175 4 7 271
175 23 55 157
175 24 19 292
175 31 16 14
175 35 37 285
175 41 40 122
175 57 43 188
175 58 4 217
175 60 1 60
175 64 27 128
175 66 47 229
175 67 22 296
175 74 10 208
175 75 31 31
175 76 51 243
176 3 9 27
176 4 1 141
176 8 7 93
176 11 31 183
176 16 37 38
176 19 56 186
176 26 39 55
176 38 49 80
176 40 26 166
176 41 46 212
176 46 34 130
176 50 44 11
176 69 14 206
176 70 4 15
176 72 20 246
177 2 23 137
177 5 19 205
177 8 55 175
177 10 49 46
177 24 13 292
177 26 46 55
177 27 35 165
177 28 7 252
177 38 1 91
177 42 17 35
177 46 44 172
177 57 37 99
177 63 57 143
177 68 31 109
177 69 25 232
178 9 5 73
178 12 43 81
178 15 23 195
178 17 49 16
178 19 9 186
178 32 37 236
178 39 19 191
178 42 7 35
178 44 11 113
178 45 31 277
178 53 28 297
178 57 1 207
178 67 25 296
178 73 55 160
178 75 13 31
179 3 49 268
179 14 4 69
179 20 13 28
179 27 37 242
179 30 19 110
179 32 31 82
179 41 28 212
179 45 15 147
179 48 8 144
179 49 1 273
179 52 46 52
179 55 26 65
179 59 56 51
179 60 41 202
179 65 34 286
180 9 13 135
180 17 5 68
180 21 43 272
180 23 25 4
180 32 40 236
180 34 20 94
180 45 1 270
180 46 15 130
180 51 31 298
180 52 37 78
180 55 50 65
180 61 8 47
180 62 10 117
180 68 33 278
180 76 55 243
181 1 56 88
181 3 7 268
181 6 29 171
181 7 45 237
181 13 49 163
181 14 27 132
181 21 19 272
181 35 52 119
181 48 17 144
181 54 2 180
181 55 11 284
181 57 37 174
181 58 34 42
181 59 31 51
181 76 13 161
182 12 13 140
182 25 49 294
182 29 47 165
182 44 19 237
182 46 27 264
182 47 55 57
182 50 25 79
182 51 29 172
182 56 1 227
182 57 21 99
182 65 31 286
182 66 53 190
182 68 43 109
182 72 39 88
182 75 7 111
183 8 5 175
183 9 57 84
183 10 16 279
183 12 43 10
183 13 9 82
183 21 38 272
183 23 51 299
183 25 19 184
183 35 31 33
183 47 25 15
183 48 29 144
183 50 7 79
183 58 34 217
183 60 13 220
183 70 1 157
184 3 39 209
184 7 19 72
184 8 43 93
184 24 55 246
184 34 10 94
184 35 7 119
184 38 49 258
184 40 25 77
184 45 3 147
184 46 31 130
184 57 33 188
184 60 16 202
184 66 13 190
184 78 29 287
184 80 1 283
185 5 49 100
185 19 32 186
185 34 4 94
185 40 37 166
185 50 28 79
185 51 15 89
185 52 52 52
185 54 19 223
185 56 43 227
185 61 2 18
185 62 25 213
185 65 10 286
185 69 55 206
185 71 7 251
185 78 13 139
186 3 43 209
186 4 1 198
186 5 37 100
186 8 23 175
186 10 52 46
186 12 55 148
186 16 4 38
186 23 14 197
186 28 32 26
186 29 19 253
186 33 7 74
186 54 25 59
186 55 21 284
186 58 49 217
186 62 40 213
187 2 19 297
187 8 25 175
187 9 59 84
187 11 8 282
187 17 17 68
187 27 5 188
187 29 23 165
187 46 11 130
187 48 1 144
187 51 3 134
187 53 45 34
187 59 52 51
187 69 31 112
187 78 15 284
187 80 27 283
188 8 33 175
188 12 55 240
188 13 4 163
188 15 17 32
188 16 2 38
188 25 49 184
188 28 28 20
188 34 25 94
188 40 13 166
188 47 8 265
188 49 46 239
188 51 37 298
188 60 20 60
188 63 39 21
188 70 22 266
189 6 39 171
189 8 53 175
189 10 25 53
189 15 29 99
189 17 35 16
189 18 10 156
189 27 59 165
189 28 46 252
189 39 19 185
189 41 13 212
189 44 3 237
189 49 31 239
189 71 23 118
189 74 43 153
189 78 1 287
190 2 28 199
190 12 43 140
190 14 3 132
190 21 51 126
190 22 19 224
190 26 31 55
190 30 38 110
190 32 47 236
190 39 13 214
190 52 22 71
190 62 58 67
190 71 1 249
190 73 8 87
190 75 33 222
190 80 5 283
191 13 43 163
191 31 4 54
191 35 25 81
191 39 14 238
191 42 21 98
191 43 49 118
191 54 56 180
191 66 41 229
191 68 7 250
191 72 33 88
191 73 46 6
191 78 31 284
191 79 37 178
191 80 19 247
192 1 4 228
192 3 26 27
192 14 35 69
192 16 23 156
192 23 15 3
192 30 59 154
192 33 43 165
192 38 37 25
192 54 7 102
192 55 13 284
192 56 49 289
192 57 31 99
192 63 19 137
192 79 55 167
193 2 11 137
193 34 16 177
193 39 7 214
193 42 4 98
193 43 19 118
193 46 23 113
193 47 43 57
193 52 40 78
193 53 13 275
193 54 57 223
193 58 51 42
193 73 1 6
193 74 37 97
193 75 25 108
193 76 32 125
194 6 25 171
194 9 27 135
194 11 58 282
194 12 15 10
194 19 1 182
194 27 47 242
194 30 3 110
194 34 55 177
194 36 20 290
194 39 37 191
194 43 43 300
194 63 31 137
194 69 49 39
194 77 9 203
194 78 5 139
195 7 37 9
195 8 29 93
195 9 19 84
195 12 25 148
195 18 46 260
195 35 22 285
195 40 55 166
195 45 13 270
195 54 1 59
195 60 49 202
195 63 51 137
195 68 31 273
195 71 35 244
195 75 7 31
195 80 43 283
196 10 44 117
196 11 16 93
196 12 27 10
196 27 35 49
196 28 58 26
196 40 20 166
196 43 1 43
196 48 11 133
196 56 31 227
196 57 7 188
196 59 55 258
196 60 39 202
196 64 25 128
196 70 50 266
196 78 5 125
197 1 38 228
197 23 13 299
197 27 41 242
197 36 45 244
197 39 25 238
197 40 8 120
197 43 50 43
197 51 43 298
197 53 1 34
197 60 29 60
197 63 33 68
197 76 19 243
197 79 57 115
197 80 55 283
198 14 33 132
198 15 3 100
198 18 13 179
198 19 23 186
198 24 28 146
198 30 7 281
198 36 43 78
198 37 56 290
198 50 1 11
198 62 38 67
198 66 17 190
198 69 49 193
198 74 25 97
198 75 9 222
198 77 19 152
199 1 10 67
199 5 7 100
199 8 35 175
199 9 21 84
199 22 13 196
199 27 19 242
199 30 53 110
199 33 25 259
199 39 1 238
199 48 49 144
199 49 37 139
199 52 16 78
199 53 55 34
199 59 40 51
199 60 51 202
200 6 33 171
200 8 46 175
200 12 21 10
200 19 1 186
200 24 40 292
200 27 13 242
200 39 55 214
200 45 49 147
200 53 4 34
200 58 37 42
200 65 7 286
200 67 16 30
200 69 26 39
200 71 19 244
200 80 53 283
Điểm tối ưu: 2987
Thời gian: 360.145827 giây
Trạng thái: VALID
