2695
1 2 35 6
1 8 28 84
1 9 22 141
1 30 11 50
1 42 17 225
1 44 25 49
1 48 1 224
1 55 13 239
1 58 19 148
1 62 37 63
1 63 7 80
1 68 41 180
1 69 49 43
1 72 31 281
2 3 58 228
2 8 1 281
2 9 4 44
2 19 43 178
2 21 49 95
2 26 33 163
2 27 7 143
2 44 55 241
2 47 47 228
2 48 13 64
2 55 19 278
2 59 31 169
2 62 37 235
2 66 51 183
2 71 26 41
3 11 49 35
3 16 57 209
3 23 7 197
3 25 59 107
3 37 31 62
3 41 25 245
3 44 19 16
3 51 1 300
3 64 17 13
3 66 27 244
3 69 37 236
3 70 13 59
3 77 11 145
4 4 13 262
4 5 37 115
4 8 16 130
4 15 27 66
4 17 25 210
4 21 4 39
4 28 11 23
4 34 57 9
4 42 41 225
4 47 34 189
4 51 7 171
4 65 32 116
4 69 20 185
4 74 1 85
5 13 31 258
5 28 21 234
5 29 43 242
5 44 13 49
5 51 25 288
5 55 8 18
5 58 16 148
5 59 19 75
5 60 40 250
5 62 1 76
5 72 37 249
5 76 35 295
5 77 5 145
6 9 10 92
6 13 25 164
6 14 5 222
6 16 53 209
6 31 23 78
6 33 13 83
6 41 31 54
6 47 39 189
6 49 43 126
6 55 49 278
6 62 33 76
6 66 1 45
6 67 7 58
6 71 19 123
6 76 58 124
7 4 40 289
7 12 37 109
7 15 25 15
7 18 13 211
7 21 11 39
7 26 21 163
7 28 43 234
7 31 8 78
7 40 49 232
7 49 45 166
7 50 15 173
7 57 28 162
7 71 1 271
7 76 19 198
7 78 31 69
8 5 56 115
8 9 43 92
8 10 50 140
8 35 27 135
8 49 21 125
8 50 7 65
8 51 13 159
8 57 37 14
8 66 1 144
8 69 31 236
8 72 46 249
8 76 11 198
9 11 37 35
9 16 31 209
9 17 41 210
9 28 23 23
9 30 34 50
9 33 55 264
9 37 46 62
9 44 49 49
9 52 26 106
9 54 14 56
9 56 19 251
9 63 52 80
9 76 44 124
10 2 11 96
10 4 34 262
10 18 29 211
10 21 39 95
10 24 20 112
10 27 43 143
10 31 32 78
10 43 13 203
10 45 7 187
10 49 25 188
10 52 2 54
10 56 55 251
10 57 16 162
10 77 49 145
10 79 58 252
11 3 3 228
11 14 41 92
11 15 13 171
11 16 1 209
11 24 33 190
11 29 22 242
11 33 37 264
11 34 26 9
11 37 7 62
11 49 43 191
11 71 50 123
11 72 16 249
11 76 5 295
11 79 19 252
12 3 7 228
12 8 1 130
12 11 19 142
12 14 47 222
12 29 27 26
12 35 25 135
12 40 15 232
12 41 13 245
12 52 31 106
12 55 43 278
12 58 4 51
12 74 58 85
12 80 9 117
13 17 9 98
13 20 29 73
13 26 1 163
13 30 5 50
13 33 20 294
13 38 50 71
13 41 3 245
13 55 13 73
13 64 25 13
13 66 31 45
13 76 39 124
13 80 43 240
14 4 25 289
14 6 13 147
14 15 1 171
14 24 37 190
14 26 43 163
14 30 8 25
14 33 31 294
14 36 52 238
14 42 41 67
14 55 56 134
14 60 28 94
14 64 19 13
14 68 23 106
15 8 10 130
15 9 7 141
15 12 56 109
15 20 35 282
15 21 17 39
15 30 28 25
15 35 3 135
15 38 13 230
15 47 38 38
15 62 31 157
15 76 21 124
15 80 50 117
16 2 40 96
16 3 49 228
16 9 14 141
16 14 34 222
16 15 31 15
16 17 19 210
16 20 43 282
16 22 27 204
16 29 46 242
16 38 2 71
16 43 37 203
16 46 25 103
16 47 51 189
16 49 21 166
16 51 7 288
17 9 1 92
17 13 55 164
17 15 4 15
17 23 26 20
17 24 43 65
17 30 21 50
17 36 34 238
17 44 52 241
17 60 16 250
17 62 9 76
17 64 13 13
17 65 7 119
17 73 19 181
17 78 39 69
18 14 28 222
18 16 13 209
18 27 1 139
18 29 19 26
18 30 17 25
18 41 41 54
18 42 34 225
18 48 44 19
18 52 37 89
18 57 31 162
18 58 50 148
18 61 22 247
18 66 7 244
18 75 25 267
18 78 15 69
19 14 21 222
19 18 1 211
19 27 25 139
19 32 10 291
19 41 19 54
19 43 7 214
19 52 14 89
19 54 46 56
19 56 49 229
19 61 31 247
19 75 4 7
19 80 37 240
20 2 25 96
20 4 22 262
20 8 19 281
20 22 43 77
20 23 1 197
20 25 31 107
20 28 9 234
20 34 16 9
20 36 28 238
20 38 55 258
20 43 13 243
20 60 49 166
20 61 40 247
20 65 5 116
21 23 20 197
21 24 7 216
21 27 43 139
21 39 16 17
21 40 55 275
21 51 3 159
21 56 34 251
21 60 31 166
21 69 26 43
21 72 40 14
21 75 13 7
22 11 1 142
22 27 13 139
22 31 53 78
22 33 49 83
22 40 32 275
22 49 55 191
22 51 43 159
22 61 10 247
22 64 29 48
22 66 25 45
22 68 17 159
22 71 19 41
22 73 7 181
22 76 23 198
22 80 37 90
23 13 43 164
23 18 7 206
23 19 2 122
23 23 13 20
23 29 57 26
23 57 28 221
23 58 19 51
23 60 22 250
23 64 53 13
23 65 25 116
23 69 37 132
23 70 49 59
23 71 31 123
23 79 9 252
24 4 16 289
24 18 9 206
24 21 31 39
24 25 45 107
24 30 4 25
24 35 29 135
24 37 55 286
24 42 39 67
24 44 1 241
24 48 25 133
24 49 49 191
24 66 20 244
24 75 13 280
25 1 46 1
25 4 38 262
25 14 52 222
25 16 49 209
25 19 55 178
25 24 19 295
25 45 25 184
25 47 23 189
25 50 13 65
25 55 1 18
25 59 35 259
25 60 10 255
25 67 8 299
25 71 31 41
26 2 49 6
26 21 23 95
26 23 8 20
26 26 40 163
26 29 55 242
26 38 13 152
26 40 26 232
26 46 21 103
26 54 31 56
26 55 51 142
26 59 17 259
26 60 58 166
26 62 1 194
26 66 43 114
26 67 47 58
27 14 31 222
27 16 7 209
27 20 55 298
27 21 19 39
27 27 33 139
27 33 26 294
27 38 9 174
27 42 44 67
27 44 16 16
27 55 37 142
27 58 46 148
27 59 1 169
27 68 59 159
28 6 38 202
28 9 32 92
28 11 19 35
28 12 15 109
28 27 55 139
28 30 7 50
28 42 59 225
28 44 49 241
28 46 45 103
28 52 25 54
28 59 3 169
28 71 9 271
28 72 52 249
29 7 55 274
29 16 20 209
29 22 8 77
29 23 49 20
29 29 31 26
29 31 25 78
29 40 13 233
29 44 43 241
29 49 37 188
29 52 2 89
29 61 34 247
29 71 27 151
29 78 23 69
30 3 13 228
30 15 10 66
30 19 38 82
30 31 1 78
30 39 7 17
30 45 3 187
30 47 43 189
30 53 31 231
30 56 15 251
30 62 25 194
30 66 19 183
30 73 29 153
30 77 23 145
30 78 51 69
30 80 55 117
31 7 38 274
31 11 56 260
31 14 28 126
31 19 3 70
31 26 45 298
31 44 25 241
31 45 8 184
31 47 21 189
31 65 17 116
31 66 49 45
31 68 19 159
31 76 15 124
31 78 35 69
32 1 22 1
32 9 34 141
32 10 25 140
32 13 9 164
32 15 45 171
32 17 7 98
32 19 3 82
32 28 49 234
32 33 55 281
32 35 1 135
32 51 51 171
32 55 37 73
32 56 13 229
32 65 41 116
33 2 38 96
33 4 55 262
33 20 8 282
33 29 10 242
33 31 3 78
33 33 43 294
33 40 13 275
33 46 1 74
33 47 5 127
33 62 49 63
33 64 17 24
33 71 25 271
33 72 20 249
33 80 31 25
34 3 5 228
34 9 55 141
34 11 1 192
34 17 27 210
34 21 21 39
34 24 7 295
34 35 47 135
34 43 16 203
34 44 52 225
34 50 43 173
34 53 58 102
34 63 31 227
34 69 37 43
34 74 34 85
35 6 19 193
35 12 17 109
35 21 25 39
35 22 34 204
35 23 38 22
35 25 5 107
35 31 1 147
35 35 59 135
35 44 27 16
35 54 43 56
35 55 49 18
35 61 46 247
35 64 11 13
35 70 55 59
36 3 5 237
36 15 1 15
36 21 15 39
36 23 27 197
36 26 25 163
36 33 51 294
36 37 22 286
36 43 19 214
36 44 10 49
36 62 37 157
36 63 7 136
36 67 49 299
36 70 45 59
36 76 17 83
37 1 25 1
37 2 35 96
37 11 1 239
37 13 13 205
37 26 11 298
37 28 37 234
37 34 5 9
37 39 20 17
37 42 57 225
37 57 40 162
37 59 7 75
37 60 32 250
37 64 9 13
38 3 1 237
38 9 52 92
38 12 3 109
38 14 49 222
38 20 55 282
38 23 45 197
38 39 31 17
38 41 43 245
38 44 7 16
38 46 57 103
38 48 13 224
38 54 37 56
38 62 19 157
38 65 27 116
39 9 13 92
39 19 7 70
39 20 3 282
39 26 16 163
39 28 19 234
39 43 58 214
39 44 31 241
39 51 21 159
39 53 11 102
39 56 34 229
39 57 25 221
39 71 49 207
39 76 5 83
40 1 7 1
40 11 19 192
40 12 51 109
40 20 41 282
40 21 13 95
40 22 31 204
40 29 34 242
40 31 10 78
40 32 37 291
40 40 43 30
40 45 15 283
40 49 25 125
40 53 23 102
40 69 1 43
41 11 31 239
41 18 11 211
41 22 1 77
41 24 27 190
41 28 25 23
41 41 38 245
41 48 51 19
41 59 7 259
41 63 4 80
41 71 43 207
41 75 22 280
41 77 9 53
42 2 56 6
42 8 50 84
42 10 37 140
42 12 23 109
42 17 35 98
42 20 46 282
42 28 17 23
42 30 25 50
42 34 8 9
42 42 43 225
42 47 3 189
42 54 19 56
42 65 10 116
42 69 13 236
42 73 5 181
43 11 31 35
43 24 57 112
43 46 19 103
43 49 13 126
43 53 49 102
43 56 46 229
43 57 10 14
43 58 7 177
43 60 4 250
43 62 21 235
43 67 1 58
43 75 51 267
43 78 27 69
43 79 37 252
44 2 11 6
44 11 43 35
44 23 1 20
44 24 49 112
44 25 15 107
44 33 38 294
44 42 26 67
44 48 31 64
44 57 19 162
44 71 7 207
44 73 13 153
45 3 13 237
45 13 1 176
45 15 37 66
45 18 5 206
45 20 23 73
45 22 19 77
45 26 9 163
45 29 40 26
45 31 45 78
45 35 53 135
45 42 33 67
45 55 27 18
45 57 49 162
45 66 15 45
45 78 59 69
46 3 15 237
46 13 19 258
46 18 4 265
46 20 59 298
46 30 17 50
46 37 34 62
46 40 37 233
46 43 1 203
46 53 45 102
46 56 28 251
46 65 56 116
46 75 10 280
47 2 17 6
47 6 43 147
47 13 27 176
47 15 10 15
47 19 2 178
47 36 13 238
47 37 7 286
47 44 52 49
47 50 55 273
47 66 19 114
47 71 31 151
47 77 25 145
48 4 28 289
48 14 9 222
48 15 31 66
48 16 59 209
48 18 7 211
48 21 34 95
48 22 56 204
48 24 3 216
48 28 1 23
48 34 49 9
48 40 19 232
48 59 37 259
48 67 13 299
49 8 13 84
49 18 7 265
49 19 55 82
49 30 38 50
49 42 16 67
49 44 1 49
49 47 25 189
49 54 34 56
49 55 9 73
49 58 22 51
49 63 43 264
49 64 4 13
49 75 19 280
50 18 27 211
50 28 7 234
50 29 34 26
50 30 21 25
50 44 49 225
50 53 3 231
50 59 16 75
50 62 57 76
50 63 37 136
50 68 19 180
50 71 9 151
50 72 13 167
50 77 52 53
50 80 43 25
51 4 4 262
51 12 10 109
51 20 49 282
51 30 14 50
51 32 19 291
51 37 28 62
51 42 51 67
51 43 16 214
51 49 44 188
51 53 22 231
51 69 55 132
51 75 1 267
52 1 10 1
52 3 23 279
52 5 19 115
52 8 25 84
52 18 1 265
52 30 3 50
52 37 55 62
52 43 13 214
52 50 31 173
52 68 41 106
52 71 37 151
52 73 7 153
52 74 16 85
52 77 35 145
53 11 25 192
53 13 49 176
53 15 39 15
53 17 37 210
53 28 21 23
53 40 55 232
53 45 31 132
53 46 4 3
53 52 7 106
53 53 11 231
53 56 46 251
53 59 13 259
53 72 43 249
54 1 34 1
54 8 4 130
54 11 55 35
54 13 13 164
54 14 17 126
54 15 19 66
54 30 2 25
54 43 37 214
54 49 8 126
54 57 22 162
54 71 43 271
54 73 26 153
55 6 43 202
55 7 7 274
55 15 13 66
55 17 11 98
55 18 17 206
55 23 56 20
55 28 5 23
55 29 37 26
55 38 21 152
55 45 25 187
55 46 3 103
55 53 33 231
55 65 19 116
55 69 49 236
56 14 57 222
56 27 21 139
56 31 37 78
56 32 34 291
56 40 43 232
56 41 40 245
56 42 47 67
56 45 27 132
56 53 19 231
56 60 16 94
56 63 1 136
56 66 50 244
56 70 7 59
57 3 31 237
57 6 49 134
57 19 7 122
57 21 37 95
57 24 25 216
57 27 1 285
57 28 53 23
57 33 19 264
57 39 34 17
57 43 16 125
57 50 39 273
57 55 56 278
57 66 43 244
57 75 13 267
58 11 21 239
58 18 16 211
58 25 19 107
58 26 4 163
58 42 7 67
58 55 56 73
58 56 1 229
58 60 9 94
58 63 43 80
58 67 33 299
58 71 25 207
58 72 52 14
58 77 13 145
58 79 49 252
59 12 39 109
59 13 31 164
59 22 22 204
59 31 19 78
59 41 57 245
59 58 7 148
59 59 15 259
59 62 2 157
59 72 10 167
59 77 13 53
60 10 31 140
60 13 1 205
60 16 5 209
60 17 23 210
60 18 29 206
60 20 35 298
60 21 56 39
60 36 46 238
60 50 50 173
60 52 7 89
60 53 14 102
60 55 19 73
60 58 25 51
60 59 11 75
61 2 22 6
61 6 1 202
61 14 5 288
61 15 16 171
61 22 13 77
61 23 50 201
61 40 25 21
61 47 7 189
61 50 43 122
61 58 56 51
61 60 19 250
61 67 9 58
62 2 5 96
62 4 52 289
62 19 32 70
62 28 13 234
62 34 3 9
62 36 49 238
62 37 7 46
62 50 21 173
62 51 55 159
62 54 10 56
62 56 15 37
62 59 1 259
62 65 29 116
62 69 43 185
62 78 25 69
63 2 2 96
63 14 19 222
63 21 23 39
63 37 40 62
63 39 43 17
63 57 58 162
63 66 7 45
63 68 53 106
63 69 14 185
63 80 31 240
64 4 31 289
64 9 28 141
64 15 4 171
64 16 41 209
64 24 19 216
64 25 7 107
64 30 26 25
64 41 1 245
64 43 34 243
64 51 49 159
64 57 56 221
64 60 9 250
64 66 43 144
64 71 37 207
64 80 13 117
65 24 20 190
65 34 55 9
65 38 39 174
65 41 51 245
65 42 37 67
65 49 31 191
65 56 7 251
65 58 10 148
65 61 1 247
65 63 25 80
65 72 28 249
65 73 13 181
65 74 4 85
66 1 31 1
66 15 34 171
66 16 27 209
66 19 43 82
66 31 51 78
66 37 13 62
66 46 1 3
66 60 38 94
66 69 8 236
66 71 3 151
66 73 25 181
66 76 16 198
67 3 5 279
67 12 25 109
67 17 2 210
67 19 7 82
67 20 41 298
67 21 13 39
67 22 37 204
67 28 19 23
67 40 21 233
67 52 15 106
67 60 43 94
67 69 31 43
67 71 50 151
68 2 31 6
68 4 1 289
68 6 43 134
68 8 22 84
68 22 58 77
68 27 49 143
68 36 40 238
68 37 37 62
68 45 14 187
68 56 19 229
68 57 4 221
68 63 34 80
68 66 7 183
68 68 47 180
68 72 28 14
69 3 23 228
69 14 3 222
69 18 14 265
69 24 37 295
69 28 27 234
69 30 9 50
69 56 58 251
69 62 19 194
69 64 44 13
69 68 35 106
69 72 46 167
69 77 31 145
70 17 21 98
70 21 27 39
70 25 5 152
70 29 16 26
70 30 23 25
70 56 2 251
70 60 40 166
70 62 7 194
70 63 55 136
70 65 13 116
70 72 37 281
70 76 46 124
70 77 33 53
71 3 19 279
71 13 31 205
71 23 13 201
71 29 37 242
71 40 27 30
71 42 17 5
71 45 49 184
71 46 43 103
71 58 3 148
71 59 1 75
71 63 22 136
71 68 25 159
71 69 55 236
71 71 7 285
72 1 16 1
72 3 3 237
72 13 37 205
72 15 25 171
72 22 49 204
72 24 31 216
72 36 58 238
72 42 55 225
72 49 7 191
72 52 19 106
72 57 52 162
72 65 23 116
72 68 11 159
73 2 8 96
73 3 28 237
73 13 49 164
73 14 23 222
73 16 45 209
73 19 31 82
73 20 37 298
73 25 43 107
73 36 25 238
73 43 4 203
73 44 1 16
73 59 10 259
73 61 16 247
73 63 19 136
73 69 39 185
74 15 4 66
74 28 37 23
74 30 19 50
74 36 16 238
74 42 31 67
74 44 22 241
74 51 27 159
74 60 49 94
74 64 39 13
74 66 7 144
74 68 1 180
74 72 43 167
75 7 19 274
75 11 51 260
75 14 59 222
75 17 45 98
75 21 11 95
75 26 49 163
75 38 31 71
75 42 23 67
75 43 40 214
75 44 4 241
75 58 16 177
75 63 1 227
75 71 55 123
75 77 28 53
75 78 47 69
76 2 51 6
76 5 44 115
76 6 31 202
76 19 37 70
76 20 28 298
76 40 9 30
76 43 55 27
76 45 13 132
76 46 7 3
76 50 1 173
76 60 25 94
76 62 19 76
76 67 17 299
76 76 41 124
77 2 8 6
77 3 1 228
77 11 43 239
77 34 47 9
77 37 38 286
77 41 15 245
77 49 57 126
77 57 19 221
77 63 26 136
77 64 55 13
77 76 53 124
77 77 3 53
77 80 49 240
78 11 31 142
78 17 13 98
78 22 55 77
78 24 37 112
78 25 27 107
78 33 7 281
78 37 1 172
78 38 15 174
78 44 51 16
78 57 46 162
78 69 19 236
78 73 35 181
78 78 43 69
79 6 13 202
79 21 53 95
79 22 46 77
79 31 17 147
79 32 55 291
79 37 10 62
79 47 23 127
79 50 19 28
79 51 49 288
79 55 1 73
79 65 7 116
79 66 31 244
79 71 27 285
79 75 40 280
80 3 17 237
80 6 43 130
80 8 38 84
80 9 52 141
80 11 7 239
80 22 4 204
80 34 22 9
80 37 19 62
80 38 13 71
80 43 28 214
80 58 25 177
80 64 47 13
80 71 31 207
80 75 1 7
80 80 55 25
81 4 44 289
81 6 37 147
81 9 16 92
81 18 29 265
81 20 1 282
81 22 4 77
81 34 10 9
81 40 55 30
81 50 25 173
81 57 7 14
81 72 31 14
81 74 22 85
81 76 19 124
82 20 52 282
82 29 7 26
82 34 29 9
82 38 37 71
82 39 25 17
82 55 19 18
82 56 58 229
82 60 10 166
82 65 15 119
82 68 47 159
82 70 1 59
83 12 13 109
83 13 45 176
83 19 49 178
83 20 33 282
83 26 15 298
83 28 17 234
83 34 53 1
83 39 4 17
83 49 19 188
83 57 37 162
83 63 1 80
83 64 7 13
83 68 58 180
84 8 19 130
84 34 14 9
84 38 37 152
84 40 7 21
84 41 32 245
84 47 41 228
84 48 55 133
84 50 49 273
84 63 4 227
84 67 29 58
84 69 44 132
84 71 25 123
85 11 3 260
85 14 1 222
85 17 17 210
85 23 25 201
85 35 33 135
85 36 19 238
85 43 46 27
85 57 43 162
85 59 22 259
85 66 38 144
85 67 10 299
85 68 29 180
85 71 13 207
85 73 55 153
86 11 27 260
86 31 19 147
86 32 7 291
86 36 1 238
86 42 11 5
86 57 4 14
86 63 31 80
86 66 13 114
86 72 49 14
86 74 43 85
86 76 23 295
86 77 17 145
87 6 7 193
87 17 16 98
87 20 19 298
87 22 22 77
87 24 51 190
87 29 1 242
87 32 46 291
87 34 37 9
87 41 29 54
87 42 14 67
87 50 25 273
87 51 31 4
87 61 55 247
87 72 40 249
87 76 35 124
88 3 35 228
88 21 9 39
88 25 1 107
88 29 58 242
88 33 43 83
88 40 49 275
88 49 19 126
88 55 14 278
88 56 40 229
88 61 4 247
88 63 37 80
88 69 26 236
88 71 31 271
89 3 21 237
89 6 25 147
89 14 37 222
89 16 35 209
89 24 1 295
89 38 49 230
89 41 47 245
89 44 39 241
89 47 5 189
89 48 7 133
89 63 55 80
89 66 31 114
89 67 29 299
89 75 43 280
89 80 13 240
90 2 29 96
90 11 39 44
90 19 19 122
90 28 31 23
90 35 23 135
90 39 13 17
90 43 25 214
90 49 7 188
90 60 58 94
90 67 47 299
90 68 11 106
90 69 43 236
90 72 2 167
90 75 34 280
90 78 37 69
91 10 43 140
91 20 7 73
91 21 17 95
91 23 26 22
91 26 9 298
91 31 3 147
91 35 13 135
91 37 19 286
91 46 55 103
91 56 31 251
91 63 22 80
91 68 35 159
91 71 49 41
91 72 57 167
92 4 19 262
92 8 16 84
92 11 43 192
92 12 31 109
92 28 25 234
92 31 39 78
92 33 9 294
92 42 1 225
92 46 7 103
92 47 13 127
92 60 3 94
92 63 50 136
92 71 55 207
93 4 4 289
93 6 49 202
93 18 25 265
93 20 17 73
93 21 31 95
93 26 11 163
93 34 33 9
93 37 1 62
93 38 19 230
93 42 57 78
93 47 27 189
93 52 7 54
93 59 40 81
93 63 13 136
94 4 55 289
94 11 9 192
94 23 51 197
94 28 7 23
94 41 5 245
94 42 35 67
94 45 37 283
94 54 1 56
94 58 16 51
94 65 33 119
94 69 26 185
94 71 43 41
94 72 58 249
94 73 22 181
94 75 19 7
95 9 4 141
95 11 13 260
95 16 11 209
95 20 23 298
95 28 34 234
95 42 57 67
95 44 45 225
95 46 7 74
95 47 9 189
95 50 19 273
95 56 37 251
95 60 26 166
95 73 31 153
96 19 13 82
96 22 10 204
96 24 43 295
96 27 49 224
96 32 25 291
96 41 19 245
96 42 7 225
96 55 37 278
96 59 5 169
96 63 58 136
96 69 1 185
96 73 17 153
96 76 23 83
96 79 34 252
97 3 16 279
97 11 55 239
97 14 1 288
97 18 22 265
97 19 39 178
97 23 31 20
97 37 25 62
97 41 13 54
97 44 28 241
97 50 50 122
97 59 10 81
97 60 3 255
97 61 7 247
97 62 43 76
98 6 55 147
98 20 47 73
98 42 5 225
98 43 31 203
98 45 19 283
98 49 25 191
98 51 13 288
98 55 37 18
98 62 49 76
98 69 43 43
98 71 1 123
98 77 11 53
98 80 7 240
99 2 13 6
99 3 45 279
99 4 37 289
99 15 19 15
99 34 23 216
99 43 26 243
99 48 8 224
99 49 31 126
99 53 43 102
99 60 1 250
99 63 4 136
99 66 49 144
100 5 31 115
100 6 49 193
100 17 5 210
100 24 25 112
100 26 35 163
100 31 7 147
100 33 1 83
100 37 14 286
100 48 37 224
100 52 19 89
100 53 17 102
100 58 43 51
100 78 9 69
100 80 55 240
101 2 20 6
101 11 25 142
101 17 15 210
101 28 31 234
101 32 58 291
101 33 33 264
101 40 1 233
101 41 29 245
101 44 10 241
101 57 22 14
101 66 43 45
101 68 53 159
101 73 5 153
101 79 40 252
102 11 38 192
102 14 5 126
102 24 55 216
102 31 59 78
102 37 50 62
102 41 17 54
102 44 13 16
102 57 2 162
102 71 19 207
102 76 23 124
102 79 28 252
102 80 45 23
103 2 19 96
103 16 29 209
103 19 37 122
103 35 51 135
103 36 7 238
103 43 22 27
103 44 16 49
103 46 11 103
103 53 31 102
103 58 13 51
103 62 25 63
103 75 1 280
103 78 5 69
104 2 33 6
104 4 7 262
104 18 56 265
104 21 15 95
104 22 37 77
104 26 23 163
104 31 13 78
104 32 28 291
104 43 10 27
104 49 19 191
104 56 43 229
104 63 40 136
105 3 11 279
105 15 28 171
105 25 17 107
105 28 15 234
105 34 39 9
105 37 25 286
105 45 7 132
105 55 43 18
105 62 3 63
105 65 1 119
105 78 33 69
106 7 1 274
106 11 31 260
106 12 8 109
106 21 43 39
106 26 51 163
106 28 58 234
106 33 37 83
106 34 11 216
106 43 19 243
106 48 45 133
106 51 13 15
106 54 22 56
106 65 35 119
107 4 34 289
107 12 29 109
107 17 25 98
107 20 53 298
107 33 7 83
107 35 39 135
107 40 49 233
107 47 41 189
107 52 43 89
107 63 13 80
107 65 3 116
107 66 55 144
107 75 16 7
107 80 19 240
108 9 16 44
108 10 20 140
108 16 55 209
108 24 37 216
108 25 41 107
108 40 43 275
108 47 53 189
108 48 1 133
108 49 49 188
108 50 7 273
108 55 26 93
108 57 13 14
108 58 31 177
108 66 57 183
108 75 34 267
109 18 19 211
109 19 50 82
109 23 31 197
109 24 43 112
109 36 10 238
109 38 2 174
109 42 21 67
109 43 55 214
109 47 58 189
109 48 13 19
109 58 38 51
109 73 23 153
109 74 28 85
110 2 47 6
110 6 31 147
110 9 49 92
110 24 13 295
110 26 3 298
110 38 8 230
110 40 20 275
110 46 59 103
110 47 1 189
110 48 43 64
110 76 17 124
110 78 55 69
111 13 45 269
111 18 15 206
111 20 43 298
111 25 53 107
111 32 22 291
111 40 1 232
111 44 7 241
111 52 49 106
111 53 13 231
111 55 37 239
111 61 19 247
111 62 31 63
111 65 10 119
111 67 27 58
112 5 1 115
112 12 49 109
112 18 23 211
112 20 21 298
112 24 55 295
112 31 47 78
112 42 13 225
112 43 31 214
112 51 43 15
112 54 7 56
112 59 10 169
112 65 15 116
112 71 39 271
112 72 51 167
113 2 38 6
113 4 43 262
113 9 46 92
113 12 58 109
113 14 40 222
113 21 25 95
113 32 16 291
113 33 27 83
113 45 19 187
113 51 51 4
113 55 1 278
113 56 55 229
113 75 8 7
114 2 59 6
114 6 19 202
114 8 4 84
114 11 31 192
114 13 25 258
114 19 7 178
114 32 49 291
114 34 1 216
114 43 43 27
114 44 13 241
114 48 55 224
114 50 37 65
114 60 46 250
114 65 41 119
114 67 52 299
115 5 13 115
115 25 9 107
115 27 1 143
115 35 31 135
115 45 37 184
115 47 45 189
115 52 33 54
115 53 7 102
115 54 55 56
115 56 22 251
115 58 25 148
115 64 41 13
115 74 52 85
115 75 19 267
115 77 43 145
116 1 40 1
116 2 15 6
116 6 7 202
116 9 34 65
116 11 57 192
116 17 31 210
116 40 49 30
116 58 2 177
116 62 44 194
116 67 38 58
116 72 19 167
116 75 25 280
117 11 1 35
117 19 55 70
117 39 40 17
117 43 31 27
117 46 27 103
117 51 43 4
117 59 5 259
117 60 13 94
117 65 21 116
117 71 7 123
117 72 34 249
117 74 49 85
118 4 49 289
118 6 1 134
118 14 15 222
118 37 33 286
118 38 26 230
118 42 37 225
118 45 19 256
118 50 57 173
118 53 5 231
118 55 43 73
118 57 10 162
118 62 39 194
118 72 7 167
119 6 31 193
119 12 53 109
119 16 3 209
119 25 11 107
119 33 13 281
119 37 43 62
119 40 25 233
119 41 49 245
119 51 37 159
119 63 46 80
119 66 19 144
119 67 5 58
119 69 7 185
119 76 17 295
120 1 13 1
120 2 21 96
120 13 37 176
120 21 19 95
120 32 43 291
120 35 35 135
120 38 31 174
120 42 4 67
120 44 16 241
120 50 25 65
120 51 56 288
120 68 23 180
120 74 7 85
120 78 41 69
121 8 28 130
121 22 31 77
121 25 37 107
121 26 7 163
121 29 46 26
121 35 17 135
121 39 49 17
121 54 25 56
121 57 10 221
121 60 34 94
121 68 13 180
121 69 2 236
121 73 39 181
121 80 19 117
122 2 28 6
122 28 40 234
122 41 17 245
122 42 26 225
122 43 10 243
122 45 33 283
122 46 47 103
122 59 5 81
122 65 31 119
122 67 3 58
122 73 15 181
122 77 1 145
123 9 10 141
123 15 16 66
123 17 7 210
123 18 3 206
123 28 46 234
123 29 28 242
123 32 13 291
123 33 19 83
123 45 55 184
123 57 39 221
123 67 25 58
123 73 33 153
123 76 5 124
124 3 9 279
124 13 43 205
124 15 56 66
124 16 37 209
124 17 23 98
124 34 41 9
124 42 15 225
124 45 19 184
124 50 31 273
124 51 25 4
124 64 29 13
124 71 49 271
125 8 43 84
125 9 57 92
125 13 3 164
125 18 1 206
125 20 25 298
125 36 22 238
125 42 55 67
125 43 7 203
125 45 31 184
125 52 49 89
125 63 46 264
125 72 13 249
125 74 10 85
126 8 19 88
126 14 44 222
126 17 11 210
126 26 57 163
126 31 49 78
126 34 51 9
126 35 9 135
126 48 25 64
126 52 1 24
126 56 31 229
126 66 13 144
126 75 46 280
126 76 41 83
127 3 3 279
127 6 49 130
127 12 27 109
127 23 7 22
127 34 1 297
127 41 11 54
127 43 14 27
127 51 56 15
127 56 37 229
127 58 22 148
127 68 5 180
127 72 31 167
127 74 19 85
128 6 25 202
128 11 14 35
128 17 5 98
128 32 31 291
128 39 10 17
128 43 44 214
128 47 55 189
128 49 1 166
128 51 19 4
128 56 52 229
128 60 7 166
128 64 58 13
128 72 34 167
128 76 50 124
129 4 1 262
129 11 8 35
129 13 49 281
129 19 19 70
129 22 25 77
129 25 17 152
129 26 47 298
129 48 13 133
129 51 31 52
129 52 37 24
129 53 28 102
129 62 55 194
129 80 43 117
130 6 57 130
130 14 25 222
130 16 51 209
130 24 13 112
130 25 34 107
130 27 20 143
130 38 27 174
130 41 53 245
130 46 39 103
130 50 3 273
130 57 45 14
130 72 8 249
130 73 1 181
130 79 31 252
131 4 19 289
131 23 37 20
131 24 1 112
131 25 13 107
131 28 28 23
131 30 10 25
131 38 45 145
131 41 55 245
131 46 51 103
131 52 57 106
131 59 5 75
131 62 31 194
131 72 25 249
131 75 16 280
132 3 34 237
132 6 39 130
132 8 31 84
132 23 55 197
132 33 13 264
132 39 46 17
132 42 28 67
132 47 43 50
132 48 1 64
132 54 49 56
132 57 7 221
132 59 23 169
132 61 52 247
132 80 19 90
133 9 38 92
133 15 22 171
133 17 9 210
133 20 35 73
133 29 25 242
133 38 31 230
133 40 43 233
133 46 17 103
133 49 1 126
133 71 13 271
133 76 7 198
133 78 19 69
134 16 25 209
134 18 9 211
134 20 57 298
134 22 52 204
134 25 55 107
134 30 27 50
134 37 4 62
134 59 7 169
134 63 19 80
134 71 13 41
134 72 1 249
134 78 11 69
135 6 37 134
135 7 14 274
135 8 55 84
135 24 51 295
135 31 9 147
135 37 22 62
135 45 1 184
135 51 43 288
135 55 25 239
135 64 5 48
135 65 19 119
135 66 31 183
135 75 58 280
136 2 13 96
136 3 10 237
136 13 25 205
136 17 3 98
136 22 43 204
136 35 55 135
136 37 49 286
136 43 16 243
136 48 57 64
136 54 40 56
136 55 31 278
136 65 21 119
136 77 19 145
137 10 7 140
137 12 47 109
137 20 33 298
137 23 37 201
137 25 21 107
137 27 13 143
137 48 43 224
137 55 26 278
137 59 3 75
137 65 23 119
137 72 55 249
137 73 1 153
138 3 23 237
138 11 39 260
138 13 49 269
138 19 32 178
138 28 11 234
138 30 37 25
138 32 4 291
138 34 53 9
138 41 27 245
138 42 9 67
138 51 19 300
138 52 45 106
138 55 55 18
138 66 13 183
138 76 7 124
139 6 7 134
139 7 25 274
139 9 1 141
139 24 31 112
139 35 57 135
139 44 19 49
139 49 13 191
139 50 38 28
139 52 49 54
139 56 4 229
139 57 22 221
139 58 46 51
139 59 17 169
139 65 43 119
139 78 53 69
140 11 44 142
140 15 10 226
140 16 15 209
140 21 2 39
140 22 40 77
140 23 19 20
140 26 29 163
140 31 17 78
140 33 55 294
140 43 7 27
140 46 5 103
140 51 49 15
140 52 25 24
140 65 34 116
141 14 3 288
141 19 19 82
141 24 7 190
141 26 5 298
141 39 28 17
141 46 37 103
141 56 25 229
141 60 52 94
141 68 1 159
141 69 33 185
141 71 55 151
141 73 11 181
141 80 13 90
142 2 23 96
142 6 38 193
142 11 49 192
142 12 5 109
142 18 17 265
142 26 45 163
142 28 43 23
142 31 34 78
142 41 15 54
142 50 19 65
142 57 31 221
142 66 1 244
143 2 5 6
143 9 28 92
143 19 55 122
143 20 37 282
143 22 34 77
143 29 13 26
143 30 23 50
143 38 7 71
143 39 52 17
143 48 39 19
143 58 49 51
143 71 43 151
143 79 16 252
143 80 1 117
144 4 13 289
144 12 35 109
144 15 40 66
144 16 17 209
144 30 47 25
144 31 5 78
144 40 31 232
144 43 7 243
144 51 19 288
144 56 10 229
144 65 1 116
144 77 23 53
144 80 25 117
145 4 16 262
145 16 39 209
145 37 58 62
145 38 31 152
145 40 50 21
145 45 19 132
145 47 23 38
145 48 1 19
145 56 7 229
145 58 10 177
145 60 28 250
145 61 13 247
145 65 37 116
145 74 46 85
146 2 32 96
146 11 25 35
146 15 7 66
146 19 19 178
146 29 10 26
146 31 23 147
146 43 1 27
146 45 13 184
146 47 17 38
146 61 58 247
146 62 43 157
146 71 37 123
146 75 4 280
147 14 17 288
147 22 14 204
147 29 43 26
147 32 52 291
147 38 7 152
147 45 25 283
147 46 33 103
147 49 1 188
147 56 22 229
147 59 19 259
147 64 35 13
147 69 55 185
147 74 40 85
147 78 29 69
148 6 33 130
148 8 22 130
148 12 41 109
148 19 49 70
148 31 27 78
148 41 10 245
148 43 43 243
148 45 1 132
148 46 31 103
148 47 47 189
148 48 37 133
148 51 13 52
148 71 55 41
148 75 7 280
149 1 1 1
149 6 49 147
149 8 25 130
149 28 14 23
149 45 37 187
149 48 19 19
149 53 4 102
149 55 31 18
149 60 7 255
149 63 46 136
149 66 55 244
149 72 28 281
150 11 49 239
150 21 33 39
150 27 1 79
150 34 59 9
150 45 43 187
150 47 15 189
150 49 37 191
150 55 7 278
150 61 25 247
150 64 22 13
150 65 47 119
150 66 55 45
150 73 11 153
151 3 11 228
151 4 22 289
151 5 7 115
151 9 49 141
151 15 1 66
151 20 5 73
151 26 13 298
151 37 16 62
151 42 20 225
151 48 55 19
151 50 44 28
151 51 39 288
151 55 31 73
151 61 28 247
151 79 25 252
152 4 50 262
152 11 7 260
152 18 19 206
152 27 37 143
152 33 55 83
152 35 45 135
152 38 21 71
152 48 31 133
152 53 15 231
152 66 26 114
152 72 4 249
152 77 41 145
153 1 19 1
153 13 15 176
153 18 22 206
153 19 44 70
153 33 49 264
153 42 3 225
153 43 25 203
153 44 7 49
153 46 13 103
153 48 31 19
153 58 10 51
153 60 37 166
153 69 55 43
153 73 29 181
154 9 22 92
154 18 13 206
154 20 5 282
154 24 50 216
154 31 15 78
154 40 33 21
154 48 38 64
154 51 43 52
154 55 25 73
154 57 55 162
154 58 1 51
154 66 7 114
154 68 31 180
155 1 28 1
155 26 37 163
155 31 5 147
155 37 58 286
155 44 10 16
155 46 15 103
155 47 7 127
155 50 39 173
155 51 1 4
155 53 19 102
155 65 17 119
155 68 25 180
155 69 49 132
155 78 21 69
156 3 29 279
156 9 4 92
156 17 43 98
156 18 27 206
156 20 31 298
156 21 7 39
156 25 25 107
156 26 17 298
156 32 40 291
156 44 19 241
156 50 9 173
156 60 37 250
156 67 13 58
156 80 33 117
157 22 37 237
157 28 34 23
157 33 1 294
157 47 19 189
157 48 49 64
157 52 26 89
157 55 7 93
157 57 16 14
157 72 55 14
157 75 31 267
157 76 11 124
157 77 40 53
158 13 3 269
158 23 49 22
158 24 55 190
158 28 29 234
158 33 13 294
158 34 1 9
158 38 25 152
158 44 34 16
158 48 19 133
158 59 31 259
158 61 37 247
158 63 40 80
158 64 59 163
158 71 7 41
158 79 43 252
159 22 28 77
159 38 37 258
159 53 25 231
159 60 55 94
159 62 19 63
159 64 31 13
159 66 13 244
159 71 1 207
159 72 34 14
159 73 41 153
159 75 8 267
159 77 5 53
159 78 45 69
159 79 52 252
160 3 17 228
160 6 13 193
160 8 7 84
160 15 19 171
160 19 26 82
160 20 41 73
160 35 11 135
160 40 55 233
160 42 31 225
160 43 49 203
160 44 34 241
160 45 44 184
160 72 38 167
160 80 1 240
161 6 13 134
161 13 19 164
161 15 37 171
161 17 29 210
161 24 44 190
161 25 49 107
161 27 55 143
161 28 52 234
161 33 1 264
161 46 11 74
161 50 7 28
161 52 31 89
161 59 23 75
162 6 19 134
162 18 5 211
162 20 58 282
162 21 7 95
162 26 53 163
162 28 55 234
162 37 1 46
162 38 43 174
162 42 9 225
162 55 13 142
162 66 25 183
162 69 49 185
162 74 37 85
163 3 26 237
163 4 10 262
163 9 40 141
163 13 55 205
163 25 29 107
163 38 20 174
163 41 35 245
163 43 37 243
163 45 31 187
163 53 1 231
163 72 16 167
163 75 4 267
163 77 7 145
163 79 46 252
164 9 19 141
164 13 49 258
164 21 41 95
164 23 2 201
164 24 26 295
164 26 13 163
164 34 35 9
164 41 7 245
164 46 9 3
164 63 15 227
164 67 31 299
164 68 11 180
164 70 37 59
164 71 43 123
165 6 32 134
165 20 26 282
165 27 37 139
165 30 15 25
165 34 44 9
165 39 1 17
165 44 46 241
165 47 13 189
165 55 7 142
165 67 17 58
165 68 41 159
166 7 31 274
166 8 13 130
166 9 25 141
166 10 55 140
166 18 11 206
166 24 44 216
166 39 37 17
166 48 7 64
166 52 50 24
166 57 16 221
166 67 23 299
166 70 19 59
166 72 28 167
166 80 2 90
167 1 50 1
167 4 10 289
167 6 55 193
167 9 43 141
167 13 21 205
167 20 19 282
167 46 53 103
167 51 1 52
167 57 7 162
167 60 13 250
167 62 26 157
167 76 37 124
167 78 17 69
168 2 43 6
168 14 17 222
168 16 9 209
168 17 13 210
168 20 11 282
168 22 40 204
168 27 31 143
168 35 15 135
168 46 1 103
168 53 7 231
168 57 25 14
168 66 19 45
168 68 55 106
169 3 1 279
169 11 43 260
169 15 31 171
169 26 27 163
169 28 41 23
169 38 55 71
169 43 22 203
169 46 35 103
169 49 37 126
169 52 7 24
169 54 4 56
169 57 13 162
169 59 16 81
169 67 11 58
169 77 51 145
170 4 25 262
170 11 13 192
170 14 23 126
170 18 9 265
170 20 28 282
170 22 19 204
170 25 39 107
170 33 31 83
170 35 5 135
170 37 2 286
170 47 37 189
170 55 55 142
170 63 43 136
170 67 35 299
170 68 7 180
171 1 43 1
171 9 58 141
171 12 1 109
171 14 55 222
171 16 22 209
171 26 47 163
171 42 29 225
171 46 49 103
171 48 25 19
171 62 7 157
171 65 13 119
171 66 3 183
171 67 15 58
171 80 39 25
172 1 37 1
172 19 13 178
172 28 23 234
172 29 40 242
172 38 43 258
172 42 1 67
172 43 3 214
172 49 55 188
172 56 10 251
172 59 53 75
172 61 49 247
172 67 20 58
172 70 31 59
172 72 25 167
173 8 34 281
173 19 25 70
173 28 5 234
173 29 49 26
173 36 31 238
173 38 43 230
173 42 39 225
173 45 1 283
173 60 52 166
173 63 10 80
173 68 13 106
173 69 19 43
173 76 56 124
173 77 15 145
174 2 2 6
174 4 31 262
174 13 21 176
174 18 11 265
174 19 13 122
174 20 39 282
174 21 4 95
174 27 51 139
174 30 19 25
174 31 43 78
174 38 55 230
174 47 49 189
174 58 34 148
174 65 29 119
175 4 7 289
175 8 10 84
175 17 19 98
175 35 41 135
175 38 49 174
175 49 3 191
175 53 38 102
175 58 13 177
175 59 25 259
175 60 43 250
175 63 16 136
175 74 55 85
175 76 33 124
175 78 1 69
176 14 7 222
176 21 21 95
176 28 9 23
176 31 11 147
176 41 45 245
176 53 17 231
176 54 52 56
176 56 40 251
176 64 15 13
176 70 25 59
176 74 31 85
176 75 37 280
176 77 35 53
176 79 55 252
176 80 1 5
177 4 28 262
177 9 25 92
177 13 55 176
177 14 13 222
177 22 46 204
177 24 15 216
177 40 39 275
177 42 22 225
177 43 34 214
177 50 1 65
177 57 19 14
177 68 37 180
177 69 8 43
177 76 31 124
178 3 19 237
178 9 31 141
178 17 27 98
178 20 39 298
178 22 52 77
178 32 1 291
178 45 7 283
178 46 41 103
178 56 16 229
178 57 13 221
178 60 34 166
178 65 4 119
178 71 55 271
178 78 49 69
179 9 7 92
179 11 19 260
179 17 33 98
179 21 1 95
179 31 29 78
179 38 43 71
179 41 23 245
179 42 11 225
179 56 51 251
179 62 37 76
179 63 16 80
179 64 13 48
179 72 25 281
179 73 35 153
179 78 3 69
180 2 16 96
180 6 26 134
180 20 14 282
180 23 9 201
180 24 3 190
180 26 7 298
180 28 1 234
180 37 43 286
180 53 41 102
180 66 31 144
180 72 58 14
180 77 20 53
180 79 22 252
180 80 37 117
181 1 55 1
181 12 21 109
181 14 37 288
181 22 7 204
181 26 31 163
181 28 3 234
181 30 1 50
181 35 49 135
181 47 17 189
181 55 13 93
181 56 43 251
181 63 33 136
181 68 52 180
181 76 25 124
181 77 47 53
182 2 40 6
182 4 46 262
182 24 15 190
182 30 13 25
182 44 4 49
182 46 29 103
182 47 11 189
182 49 31 188
182 51 7 4
182 53 35 102
182 57 1 14
182 60 25 250
182 64 49 13
182 71 19 271
182 73 37 153
183 4 58 262
183 8 22 281
183 12 19 109
183 17 29 98
183 19 25 122
183 20 31 282
183 22 1 204
183 29 7 242
183 34 4 297
183 37 52 286
183 38 39 230
183 42 49 67
183 64 37 13
183 71 13 123
184 1 58 1
184 6 1 193
184 16 47 209
184 23 37 197
184 29 31 242
184 31 41 147
184 38 19 212
184 51 7 159
184 54 28 56
184 57 34 162
184 60 55 166
184 62 43 63
184 66 49 114
184 71 13 151
184 76 25 83
185 8 46 84
185 13 31 176
185 33 8 264
185 42 53 67
185 52 55 89
185 55 49 73
185 56 25 251
185 61 43 247
185 62 13 194
185 66 1 114
185 67 5 299
185 71 19 151
185 76 28 124
186 10 2 140
186 22 49 77
186 23 44 20
186 31 55 78
186 34 31 9
186 36 37 238
186 42 19 67
186 43 40 243
186 50 13 273
186 51 7 52
186 60 21 94
186 63 58 80
186 65 25 119
187 9 19 92
187 19 13 70
187 40 31 30
187 43 4 27
187 45 50 187
187 47 40 50
187 53 25 102
187 56 28 229
187 63 10 136
187 67 35 58
187 75 22 7
187 76 2 124
187 78 57 69
188 2 25 6
188 9 49 65
188 12 33 109
188 15 22 66
188 25 3 107
188 33 27 264
188 43 19 27
188 45 56 187
188 48 7 19
188 49 15 166
188 50 44 273
188 59 1 81
188 76 5 198
188 78 13 69
189 3 52 237
189 14 11 288
189 27 25 143
189 37 38 172
189 39 58 17
189 40 13 30
189 43 22 214
189 47 29 189
189 52 2 106
189 57 34 221
189 67 19 299
189 73 50 153
189 76 9 124
189 78 7 69
190 2 53 6
190 4 10 120
190 6 55 202
190 7 43 274
190 10 13 140
190 13 37 164
190 18 3 211
190 23 19 201
190 46 23 103
190 53 1 102
190 57 25 162
190 58 7 51
190 63 28 80
190 72 31 249
191 2 45 6
191 6 25 193
191 8 7 130
191 16 43 209
191 26 19 163
191 27 21 79
191 40 1 21
191 48 49 133
191 66 55 114
191 71 37 41
191 75 31 280
191 79 13 252
192 3 14 279
192 8 1 84
192 13 49 205
192 24 31 295
192 25 23 107
192 34 19 9
192 35 21 135
192 38 55 174
192 44 4 16
192 53 29 231
192 58 40 148
192 69 8 227
192 77 37 145
192 80 25 240
193 3 7 279
193 5 25 115
193 8 19 84
193 12 45 109
193 35 43 135
193 36 55 238
193 37 4 46
193 42 11 67
193 49 13 188
193 53 9 102
193 54 58 56
193 59 29 259
193 60 31 94
193 68 17 180
193 75 22 267
194 5 49 115
194 8 58 84
194 15 7 15
194 19 25 178
194 20 22 282
194 35 37 135
194 37 10 286
194 40 15 21
194 51 32 288
194 64 1 13
194 65 39 119
194 66 43 183
194 71 3 41
194 73 41 181
194 76 13 124
195 12 43 109
195 16 33 209
195 17 39 210
195 20 16 282
195 29 1 26
195 31 41 78
195 51 55 171
195 59 28 75
195 60 46 94
195 63 19 227
195 67 22 58
195 79 4 252
196 17 35 210
196 19 31 122
196 25 47 107
196 26 1 298
196 29 49 242
196 35 19 135
196 40 38 232
196 41 21 245
196 48 25 224
196 51 13 4
196 59 3 259
196 68 9 180
196 73 43 153
197 17 31 98
197 24 8 112
197 38 55 145
197 43 19 203
197 44 22 16
197 46 5 74
197 53 37 231
197 55 33 93
197 69 14 43
197 72 49 249
197 74 25 85
197 77 28 145
197 79 1 252
198 1 4 1
198 3 25 228
198 14 35 92
198 18 20 265
198 20 49 298
198 29 52 242
198 38 27 71
198 42 59 67
198 46 9 103
198 47 31 189
198 55 14 18
198 57 1 221
198 68 43 106
199 8 34 84
199 17 1 98
199 21 9 95
199 36 43 238
199 37 46 286
199 44 58 241
199 48 19 64
199 52 37 106
199 58 31 51
199 60 52 250
199 63 49 80
199 66 25 144
199 74 13 85
199 75 16 267
200 3 9 228
200 6 43 193
200 7 50 274
200 14 11 222
200 17 21 210
200 22 16 77
200 35 7 135
200 36 4 238
200 37 28 286
200 39 55 17
200 41 59 245
200 51 31 159
200 59 25 75
200 64 14 24
Điểm tối ưu: 2695
Thời gian: 360.033384 giây
Trạng thái: VALID
