2025
1 1 58 1
1 3 32 180
1 5 13 121
1 6 3 169
1 14 21 15
1 18 46 218
1 22 16 211
1 26 37 95
1 28 10 96
1 30 39 19
1 49 43 108
1 52 55 201
1 55 7 113
1 56 25 63
1 60 49 49
2 1 22 1
2 5 49 121
2 11 31 69
2 19 46 178
2 20 43 134
2 22 7 161
2 36 53 150
2 43 56 156
2 48 34 83
2 50 13 199
2 52 2 144
2 57 38 192
2 59 25 202
3 1 1 1
3 4 19 190
3 5 46 181
3 10 17 18
3 18 49 84
3 21 25 89
3 24 4 53
3 28 14 96
3 30 38 4
3 37 27 157
3 38 7 220
3 40 55 149
3 54 31 121
3 57 23 192
4 1 4 1
4 8 31 31
4 19 37 178
4 27 10 137
4 29 57 133
4 32 1 16
4 35 28 56
4 43 50 156
4 44 25 87
4 46 43 182
4 47 14 45
4 48 22 83
4 49 40 154
4 59 7 162
5 16 58 59
5 22 33 211
5 27 16 11
5 29 51 133
5 33 11 139
5 34 1 148
5 37 43 208
5 38 7 19
5 41 37 216
5 45 21 120
5 53 25 65
5 57 5 222
6 9 4 38
6 11 45 69
6 13 28 118
6 20 57 186
6 27 10 130
6 32 22 16
6 43 53 12
6 46 38 183
6 51 49 36
6 52 1 57
6 54 32 122
6 59 43 202
7 3 1 203
7 5 43 181
7 12 20 23
7 14 32 15
7 17 56 14
7 18 25 175
7 28 58 76
7 30 49 128
7 38 38 107
7 40 4 167
7 47 46 45
7 48 9 224
7 54 13 198
8 5 4 32
8 7 1 42
8 9 41 147
8 10 53 18
8 17 21 59
8 28 49 187
8 31 35 152
8 33 23 30
8 34 10 138
8 37 31 24
8 46 57 183
8 50 14 136
8 54 43 198
8 60 26 168
9 3 52 180
9 4 10 190
9 5 55 32
9 12 39 184
9 17 3 179
9 22 19 161
9 26 1 65
9 30 26 21
9 47 21 45
9 48 58 224
9 49 49 154
9 57 14 222
9 58 46 3
10 16 35 58
10 17 16 14
10 18 52 175
10 19 19 178
10 20 22 186
10 21 29 209
10 22 32 161
10 24 7 53
10 27 25 11
10 33 39 139
10 35 4 56
10 45 10 120
10 47 14 33
10 50 1 199
11 8 21 174
11 10 25 18
11 16 37 59
11 23 1 79
11 26 17 82
11 35 40 56
11 36 19 150
11 43 7 12
11 44 27 87
11 46 13 183
11 48 10 83
11 55 4 113
11 57 52 192
12 11 17 69
12 18 4 84
12 22 55 161
12 26 15 95
12 28 19 96
12 29 13 133
12 37 43 24
12 44 47 37
12 45 57 120
12 46 50 182
12 47 32 33
12 54 26 198
12 60 39 78
13 3 14 180
13 8 8 25
13 17 23 179
13 18 46 17
13 24 40 68
13 29 37 133
13 31 17 152
13 38 25 215
13 42 56 85
13 48 31 83
13 49 20 44
13 50 3 219
13 52 34 57
14 4 55 190
14 6 13 169
14 18 22 84
14 31 31 152
14 33 4 139
14 35 58 129
14 36 15 150
14 38 45 19
14 44 34 37
14 50 7 199
14 51 37 98
14 56 25 212
14 57 9 222
15 2 13 115
15 4 34 190
15 16 5 194
15 24 19 68
15 28 31 96
15 39 26 158
15 42 1 85
15 43 16 156
15 44 7 37
15 48 55 224
15 49 49 44
15 50 11 199
15 53 43 65
15 55 37 113
16 9 26 147
16 10 33 18
16 12 19 90
16 13 40 118
16 20 4 186
16 34 37 148
16 37 57 208
16 40 28 167
16 43 46 156
16 46 51 116
16 49 8 154
16 52 43 201
16 56 13 141
16 59 23 202
17 10 13 18
17 16 39 194
17 20 10 186
17 21 35 209
17 22 19 211
17 26 5 65
17 43 22 156
17 45 43 120
17 46 31 116
17 52 25 201
17 54 55 198
17 57 7 222
17 60 1 78
18 7 37 42
18 8 55 97
18 10 19 18
18 11 25 69
18 12 43 90
18 17 5 14
18 22 31 211
18 24 22 68
18 27 15 137
18 30 49 4
18 31 33 99
18 34 28 148
18 41 1 102
18 56 7 212
19 4 13 221
19 10 7 18
19 18 31 17
19 19 34 178
19 30 38 93
19 32 57 93
19 33 9 30
19 41 19 102
19 43 5 12
19 44 11 37
19 51 27 217
19 53 1 123
19 56 43 63
20 7 28 42
20 12 20 168
20 13 58 118
20 20 37 186
20 24 34 74
20 26 25 95
20 38 9 107
20 41 44 4
20 42 49 124
20 47 3 33
20 56 14 63
21 3 16 203
21 7 58 42
21 11 35 69
21 12 49 90
21 17 31 14
21 18 7 17
21 22 37 161
21 24 4 74
21 31 19 99
21 32 13 9
21 33 25 139
21 38 27 49
21 39 21 158
21 56 44 82
22 7 16 42
22 8 51 31
22 11 47 69
22 18 56 84
22 19 1 178
22 24 28 68
22 25 23 2
22 33 49 139
22 36 25 150
22 37 38 208
22 43 5 156
22 55 43 113
22 56 9 87
22 57 19 222
23 3 40 21
23 8 13 31
23 10 29 18
23 18 37 84
23 28 2 96
23 30 32 112
23 31 49 99
23 36 11 150
23 38 56 107
23 41 19 175
23 46 25 91
23 49 8 108
23 56 51 63
24 2 31 115
24 3 43 180
24 4 1 151
24 5 19 121
24 9 10 147
24 10 35 18
24 17 53 14
24 21 22 89
24 22 46 211
24 32 58 16
24 34 28 138
24 42 14 124
25 2 46 115
25 9 41 31
25 14 11 15
25 16 19 59
25 17 56 59
25 20 14 186
25 28 50 81
25 29 39 133
25 30 25 93
25 38 7 215
25 40 43 149
25 43 3 156
25 46 33 182
25 50 17 136
25 59 5 202
26 2 55 115
26 3 58 180
26 8 31 174
26 16 11 59
26 21 13 89
26 28 20 76
26 37 50 157
26 38 43 215
26 39 37 158
26 43 3 12
26 52 16 144
26 56 7 82
27 2 28 115
27 12 13 23
27 18 1 84
27 23 4 79
27 31 19 152
27 32 55 16
27 46 7 182
27 51 49 217
27 52 22 73
27 53 32 168
27 57 25 192
27 58 43 3
27 60 39 168
28 3 55 203
28 4 4 173
28 6 29 169
28 12 19 184
28 18 49 175
28 23 26 79
28 33 15 30
28 34 7 148
28 37 33 208
28 52 10 57
28 57 43 192
29 5 56 181
29 9 5 147
29 10 37 18
29 16 31 59
29 20 1 186
29 25 14 2
29 27 49 137
29 38 43 220
29 42 19 171
29 43 26 12
29 44 23 37
29 52 8 39
30 10 41 18
30 13 37 118
30 18 52 17
30 20 16 134
30 24 10 74
30 29 35 133
30 33 25 30
30 34 49 148
30 37 21 208
30 38 1 215
30 40 32 149
30 46 27 116
30 47 19 45
30 51 43 217
30 57 57 192
31 5 10 32
31 9 55 147
31 19 16 178
31 22 21 161
31 31 3 152
31 35 32 56
31 38 49 107
31 43 7 156
31 46 44 116
31 55 25 113
31 60 57 138
32 16 33 194
32 21 5 209
32 25 53 200
32 26 19 95
32 27 22 130
32 30 49 112
32 36 37 150
32 37 39 24
32 41 55 216
32 42 44 124
32 46 13 35
32 52 7 73
32 55 10 113
33 2 43 115
33 4 58 190
33 12 38 23
33 13 34 118
33 22 52 211
33 23 4 27
33 24 31 53
33 33 2 139
33 38 13 107
33 40 25 167
33 41 8 175
33 48 49 83
33 52 28 73
33 56 19 141
33 57 47 192
34 1 19 1
34 5 1 111
34 8 37 174
34 10 43 18
34 12 31 23
34 13 22 118
34 16 8 59
34 17 49 59
34 18 13 84
34 19 4 178
34 23 58 32
34 29 41 133
34 37 26 24
34 59 16 162
35 4 25 151
35 13 49 118
35 24 28 74
35 27 33 137
35 32 46 16
35 33 15 139
35 37 1 208
35 38 19 215
35 43 37 156
35 50 9 136
35 54 39 77
35 56 55 121
35 59 13 162
36 8 43 31
36 13 10 118
36 26 5 82
36 27 7 130
36 33 3 30
36 37 51 208
36 45 55 120
36 47 25 45
36 49 16 108
36 53 31 38
36 56 37 63
36 60 19 49
37 5 38 181
37 9 47 31
37 12 32 184
37 22 13 161
37 23 16 32
37 26 11 82
37 28 22 123
37 31 29 152
37 34 57 27
37 39 43 158
37 40 19 4
37 42 7 85
37 46 1 183
37 48 25 224
37 56 51 87
38 5 15 111
38 6 43 169
38 9 25 31
38 14 45 15
38 18 28 175
38 25 8 200
38 28 19 81
38 30 55 128
38 33 13 139
38 53 32 28
38 55 22 113
38 56 1 82
38 57 11 222
39 3 40 167
39 4 44 190
39 18 10 17
39 22 38 211
39 23 28 131
39 25 35 200
39 26 31 95
39 35 25 129
39 37 2 24
39 38 19 220
39 41 55 175
39 43 33 156
39 44 8 51
39 50 15 199
39 54 49 77
40 3 16 21
40 8 25 174
40 9 29 147
40 22 49 211
40 23 8 27
40 27 51 11
40 30 45 128
40 32 13 93
40 39 33 158
40 41 3 175
40 45 1 120
40 49 21 154
40 56 55 141
41 9 49 147
41 17 53 90
41 28 40 96
41 30 19 128
41 32 2 93
41 34 25 9
41 35 58 56
41 43 15 12
41 44 9 37
41 47 55 45
41 54 44 122
41 56 31 82
42 5 34 181
42 13 25 118
42 15 1 172
42 17 5 179
42 26 49 82
42 27 37 11
42 29 53 133
42 31 7 152
42 35 43 129
42 38 15 49
42 42 55 171
42 43 31 12
42 47 21 33
42 55 28 113
42 59 9 162
43 12 44 168
43 20 52 186
43 24 55 68
43 27 1 137
43 31 9 99
43 33 58 30
43 41 32 102
43 42 25 124
43 51 37 36
43 55 49 113
43 56 21 212
43 60 14 117
44 4 26 221
44 9 35 147
44 11 41 69
44 16 47 194
44 20 7 186
44 28 50 96
44 32 10 184
44 38 13 215
44 39 57 158
44 41 43 216
44 44 39 37
44 46 19 116
44 52 1 39
44 53 31 49
45 10 9 18
45 13 16 118
45 14 19 15
45 21 7 89
45 30 43 93
45 31 27 152
45 32 13 16
45 35 37 56
45 37 21 24
45 48 40 83
45 51 1 36
45 54 49 122
45 56 31 87
46 2 25 115
46 7 7 42
46 9 39 147
46 19 43 178
46 22 35 161
46 23 32 79
46 25 17 2
46 26 5 95
46 31 41 99
46 32 10 93
46 36 21 150
46 40 14 149
46 42 55 184
46 57 1 192
46 59 3 202
47 5 25 181
47 11 21 69
47 13 31 118
47 15 56 172
47 18 34 17
47 19 49 178
47 23 15 79
47 25 11 200
47 36 29 150
47 38 2 220
47 42 45 85
47 49 37 108
47 52 40 201
47 53 7 197
48 5 50 32
48 7 4 42
48 8 44 97
48 20 1 134
48 22 59 161
48 26 53 65
48 32 25 16
48 35 21 56
48 37 8 208
48 38 37 220
48 43 19 156
48 46 31 183
48 51 14 36
48 52 28 57
49 2 4 115
49 3 46 203
49 8 37 31
49 14 43 15
49 15 25 172
49 31 11 99
49 32 52 93
49 35 14 129
49 41 32 216
49 46 7 183
49 47 41 45
49 48 1 83
49 50 23 136
49 56 19 87
50 4 7 173
50 5 31 111
50 8 50 179
50 9 22 147
50 16 25 194
50 19 58 178
50 22 10 211
50 23 14 27
50 25 27 2
50 26 40 95
50 33 29 139
50 35 46 56
50 51 2 98
50 59 19 202
51 11 43 69
51 16 10 194
51 17 46 14
51 23 39 32
51 25 32 200
51 26 37 65
51 32 19 93
51 43 53 156
51 45 29 120
51 48 7 83
51 54 2 7
51 57 34 222
51 59 23 162
51 60 25 78
52 3 4 180
52 7 22 42
52 17 8 179
52 21 13 209
52 23 31 32
52 26 10 65
52 28 39 81
52 29 49 133
52 36 47 150
52 37 25 208
52 44 17 37
52 47 1 45
52 50 29 136
52 54 51 7
52 57 43 222
53 3 55 180
53 4 16 173
53 5 10 181
53 14 29 15
53 17 43 14
53 23 13 32
53 25 49 200
53 27 46 130
53 30 21 112
53 31 25 99
53 36 27 150
53 41 31 218
53 42 1 124
53 44 19 37
53 52 7 201
54 6 57 169
54 9 1 147
54 14 17 15
54 16 3 59
54 27 20 11
54 31 23 152
54 34 49 27
54 36 55 150
54 37 8 24
54 41 43 102
54 45 53 120
54 53 25 197
54 55 31 113
54 60 13 78
55 3 49 203
55 11 3 69
55 14 7 15
55 15 13 172
55 16 17 59
55 17 39 14
55 35 31 129
55 44 25 37
55 48 19 83
55 50 45 199
55 52 22 39
55 57 57 222
55 58 10 3
56 1 10 1
56 11 33 69
56 12 25 184
56 14 53 15
56 28 49 76
56 30 56 21
56 31 37 152
56 32 19 16
56 34 7 9
56 36 3 150
56 39 13 158
56 43 39 156
56 48 43 224
57 5 4 121
57 7 19 42
57 10 31 18
57 20 34 186
57 22 17 161
57 23 25 131
57 25 58 200
57 29 29 133
57 34 50 9
57 41 13 102
57 57 1 222
57 60 7 49
58 1 40 1
58 10 51 18
58 11 55 69
58 15 20 172
58 16 27 194
58 18 7 84
58 24 37 68
58 26 47 65
58 31 25 152
58 43 13 12
58 47 49 45
58 49 43 154
58 50 3 199
58 58 16 3
59 4 19 151
59 8 13 174
59 10 46 18
59 11 52 69
59 13 4 118
59 21 27 89
59 24 1 53
59 28 34 76
59 29 7 133
59 34 43 148
59 43 10 12
59 44 23 87
59 51 39 217
59 56 55 35
59 59 17 202
60 9 19 147
60 20 25 134
60 24 21 74
60 33 5 30
60 38 55 49
60 43 31 156
60 44 28 37
60 45 40 120
60 47 37 33
60 50 43 136
60 51 7 171
60 57 33 192
60 59 14 202
60 60 1 138
61 5 31 181
61 18 43 17
61 22 5 161
61 24 7 74
61 26 2 95
61 28 15 81
61 32 34 9
61 33 11 30
61 34 46 27
61 41 49 216
61 46 19 91
61 49 26 108
61 50 53 136
61 57 55 192
62 1 37 1
62 3 34 203
62 5 14 181
62 6 41 169
62 12 7 23
62 16 1 59
62 18 55 17
62 27 31 130
62 38 43 49
62 47 23 33
62 51 25 36
62 52 58 73
62 53 19 38
62 54 3 141
62 56 51 82
63 5 27 32
63 7 55 42
63 14 59 15
63 16 3 194
63 22 35 211
63 24 31 74
63 32 10 16
63 33 21 30
63 36 23 150
63 38 50 215
63 42 14 85
63 45 45 120
63 54 39 7
64 3 38 203
64 8 9 174
64 9 7 147
64 16 35 194
64 23 26 27
64 25 19 2
64 28 1 76
64 29 21 133
64 46 43 91
64 51 14 98
64 58 49 3
64 59 47 202
65 2 22 115
65 6 19 169
65 8 50 174
65 13 55 118
65 23 43 27
65 27 25 130
65 30 1 112
65 35 37 129
65 40 46 149
65 42 31 124
65 43 28 156
65 56 7 141
65 57 41 222
65 58 13 3
66 4 4 221
66 6 45 169
66 10 55 18
66 12 7 168
66 16 26 58
66 17 23 14
66 21 11 209
66 22 2 211
66 32 16 93
66 41 38 175
66 45 31 120
66 54 50 198
66 55 34 113
67 9 59 147
67 10 27 18
67 17 17 179
67 20 46 134
67 24 49 74
67 25 25 2
67 28 34 96
67 34 22 148
67 41 13 175
67 44 4 37
67 45 7 120
67 46 9 116
67 47 19 33
67 55 52 113
67 58 37 3
68 3 31 21
68 7 25 42
68 12 3 184
68 13 19 118
68 17 28 14
68 24 49 2
68 29 23 133
68 41 37 215
68 45 34 120
68 49 56 154
68 51 8 217
68 53 13 28
68 54 43 141
68 58 52 3
69 5 22 121
69 18 1 180
69 20 19 134
69 25 45 200
69 27 37 137
69 28 8 81
69 32 4 16
69 41 26 102
69 48 16 83
69 51 31 217
69 52 58 201
70 4 39 173
70 8 55 179
70 12 15 184
70 17 59 179
70 19 22 178
70 25 1 200
70 26 13 95
70 27 52 130
70 30 3 128
70 32 49 184
70 40 26 149
70 42 7 124
70 54 33 7
70 60 45 125
71 2 10 115
71 5 7 32
71 9 46 147
71 21 59 89
71 27 43 130
71 33 17 139
71 35 3 129
71 41 38 102
71 42 20 124
71 44 1 87
71 46 31 91
71 49 13 154
71 55 55 113
71 57 27 192
72 12 21 32
72 18 28 84
72 25 19 200
72 27 44 11
72 30 31 19
72 32 38 16
72 40 51 149
72 44 47 51
72 48 25 204
72 49 1 44
72 51 15 217
72 52 4 39
72 54 7 122
72 56 55 87
73 3 4 203
73 5 10 121
73 6 1 169
73 9 13 147
73 10 17 46
73 11 50 69
73 12 57 168
73 18 19 84
73 20 37 134
73 22 28 211
73 26 23 65
73 44 15 51
73 50 7 136
73 51 33 98
74 8 20 25
74 19 28 178
74 22 26 211
74 28 4 81
74 29 17 133
74 30 37 112
74 32 55 9
74 38 32 107
74 40 43 51
74 46 7 91
74 48 1 224
74 53 50 38
74 55 13 113
75 1 28 1
75 3 1 174
75 6 5 169
75 11 11 69
75 26 35 82
75 31 59 99
75 33 37 139
75 38 19 179
75 40 40 149
75 45 47 120
75 48 55 83
75 59 8 202
76 1 25 1
76 4 7 151
76 8 37 179
76 9 31 147
76 18 33 175
76 29 44 133
76 35 22 129
76 38 56 19
76 40 16 167
76 44 53 37
76 45 50 120
76 46 1 182
76 48 46 83
76 49 13 108
77 2 58 115
77 8 51 25
77 14 49 15
77 18 16 84
77 23 37 27
77 24 55 74
77 27 40 11
77 34 10 148
77 40 13 167
77 46 1 91
77 48 45 204
77 53 26 28
77 54 21 7
77 56 31 141
77 58 7 3
78 2 19 115
78 6 9 169
78 20 55 134
78 28 45 96
78 29 5 133
78 34 25 138
78 36 49 150
78 41 1 216
78 46 51 91
78 47 34 33
78 53 13 38
78 58 22 3
78 59 29 162
78 60 37 9
79 6 15 169
79 22 9 161
79 26 7 95
79 31 31 99
79 33 13 30
79 34 56 148
79 38 43 107
79 42 25 59
79 45 3 120
79 46 37 116
79 50 21 136
79 57 29 192
79 60 50 78
80 5 19 181
80 6 33 169
80 9 37 147
80 10 8 46
80 17 14 14
80 20 40 134
80 22 49 161
80 24 51 53
80 28 46 81
80 29 1 133
80 32 16 16
80 40 4 51
80 46 57 91
81 1 31 1
81 2 16 115
81 4 50 151
81 10 4 46
81 14 57 15
81 18 39 17
81 20 10 9
81 25 37 200
81 35 1 56
81 36 34 150
81 41 21 218
81 44 59 37
81 52 7 57
81 53 43 38
81 59 19 162
82 3 25 180
82 6 59 169
82 10 39 18
82 14 37 15
82 18 52 84
82 21 1 89
82 29 33 133
82 31 21 152
82 36 9 150
82 47 57 45
82 54 13 122
82 57 45 192
82 58 4 3
83 2 49 115
83 4 1 221
83 19 52 178
83 25 4 2
83 33 19 30
83 39 8 158
83 40 38 51
83 45 13 120
83 48 43 83
83 49 25 154
83 51 15 171
83 53 55 197
83 54 21 77
83 57 59 192
84 6 37 169
84 11 5 69
84 12 1 23
84 14 34 15
84 23 7 79
84 24 20 53
84 27 13 130
84 35 10 56
84 38 51 171
84 41 25 4
84 48 43 194
84 50 40 219
84 54 55 122
84 57 17 222
85 5 56 111
85 7 34 42
85 12 51 23
85 13 1 118
85 17 23 59
85 18 46 180
85 24 14 53
85 27 10 11
85 28 43 81
85 34 19 187
85 36 7 150
85 42 37 124
85 49 4 44
85 56 26 141
86 4 14 151
86 5 37 121
86 8 55 174
86 11 29 69
86 19 31 178
86 22 17 212
86 30 7 128
86 31 5 152
86 33 41 139
86 34 51 138
86 40 1 4
86 54 25 7
86 56 20 125
86 59 11 202
86 60 44 78
87 3 10 180
87 5 34 32
87 7 31 42
87 17 52 59
87 21 25 209
87 23 22 79
87 31 46 99
87 37 13 24
87 38 3 107
87 42 37 123
87 49 28 154
87 52 19 144
87 56 56 212
87 59 41 162
88 4 7 190
88 5 52 181
88 10 49 18
88 17 43 59
88 22 57 161
88 23 19 79
88 24 10 68
88 25 46 2
88 42 37 85
88 47 28 45
88 50 1 136
88 54 3 122
88 57 14 101
88 58 31 3
89 1 46 1
89 10 58 18
89 16 40 59
89 20 49 186
89 24 13 68
89 43 33 12
89 44 21 37
89 47 10 33
89 48 28 224
89 49 3 108
89 52 16 39
89 57 7 192
89 59 52 202
90 11 59 69
90 18 14 17
90 19 10 178
90 20 4 134
90 22 40 211
90 26 35 95
90 33 22 139
90 37 55 24
90 38 31 215
90 40 37 167
90 42 27 123
90 43 25 156
90 44 43 37
90 51 51 98
90 54 45 77
91 4 25 190
91 9 16 147
91 14 23 15
91 16 1 58
91 20 13 134
91 22 11 212
91 27 37 130
91 29 9 133
91 30 51 21
91 42 56 124
91 43 28 12
91 49 46 154
91 53 3 77
91 54 19 122
91 59 34 202
92 2 7 115
92 5 27 111
92 6 53 169
92 16 5 59
92 21 3 89
92 22 25 161
92 37 49 24
92 45 23 120
92 46 19 182
92 49 10 44
92 53 32 197
92 54 13 7
92 57 39 222
93 5 39 111
93 10 11 46
93 18 43 84
93 23 52 27
93 31 1 152
93 34 14 148
93 41 21 216
93 44 57 37
93 51 31 36
93 52 26 144
93 53 3 28
93 57 35 192
94 2 1 115
94 12 38 90
94 16 29 194
94 19 55 178
94 22 23 161
94 23 32 27
94 31 14 99
94 40 20 149
94 43 46 12
94 44 50 37
94 45 27 120
94 49 7 44
94 50 25 136
94 57 5 192
95 4 13 190
95 8 44 174
95 17 51 14
95 18 58 17
95 25 29 2
95 32 31 93
95 33 9 139
95 35 25 56
95 46 3 35
95 50 1 219
95 53 21 28
95 56 38 212
95 57 49 192
96 1 7 1
96 3 19 180
96 4 22 190
96 6 11 169
96 8 13 25
96 14 25 15
96 25 56 200
96 27 40 130
96 35 46 129
96 36 17 150
96 49 37 154
96 51 27 98
96 56 32 63
97 6 21 169
97 10 27 46
97 14 47 15
97 17 25 14
97 28 44 76
97 34 7 138
97 37 13 157
97 42 49 85
97 48 4 83
97 52 58 144
97 55 1 113
97 57 40 192
97 60 31 117
98 5 4 111
98 6 55 169
98 11 9 69
98 16 7 58
98 22 15 161
98 26 33 65
98 27 1 130
98 34 58 9
98 35 28 129
98 38 50 220
98 47 23 45
98 51 37 171
98 53 19 197
99 3 52 203
99 10 23 46
99 15 43 172
99 17 2 14
99 28 37 96
99 40 58 149
99 45 5 120
99 46 25 183
99 49 32 154
99 54 19 198
99 56 15 87
99 57 13 192
100 3 28 203
100 8 8 31
100 14 15 15
100 21 19 89
100 27 52 137
100 31 1 99
100 34 25 148
100 40 45 167
100 46 21 183
100 47 32 45
100 51 3 217
100 53 39 28
100 55 58 113
100 58 34 3
101 2 37 115
101 3 21 203
101 7 40 42
101 8 44 179
101 12 25 23
101 22 55 211
101 24 10 53
101 25 2 2
101 30 13 128
101 38 57 220
101 47 7 45
101 49 4 154
101 52 31 39
101 53 49 28
102 7 43 42
102 8 27 31
102 11 39 69
102 17 9 14
102 20 22 134
102 27 49 130
102 29 59 133
102 40 31 167
102 46 55 182
102 48 34 224
102 49 19 108
102 52 13 39
102 60 3 49
103 5 25 121
103 8 37 25
103 16 45 59
103 17 49 14
103 23 56 79
103 25 28 200
103 26 11 95
103 30 19 19
103 33 43 30
103 36 41 150
103 39 2 158
103 41 7 216
103 42 33 59
103 45 15 120
103 57 31 222
104 8 27 97
104 14 5 15
104 27 46 137
104 28 10 76
104 32 43 16
104 40 7 149
104 41 56 215
104 44 41 87
104 45 38 120
104 46 50 183
104 48 14 224
104 52 33 201
104 56 19 35
104 58 1 3
105 4 38 190
105 16 59 194
105 17 41 14
105 27 4 130
105 30 31 4
105 38 27 220
105 40 20 167
105 43 35 12
105 44 45 37
105 47 7 33
105 48 13 204
105 49 50 108
105 57 9 192
106 1 49 1
106 4 25 173
106 9 19 31
106 10 15 18
106 16 23 194
106 17 37 14
106 23 10 79
106 26 17 95
106 28 56 81
106 30 33 128
106 31 39 99
106 36 59 150
106 44 13 37
106 48 1 204
106 55 46 113
107 1 55 1
107 4 1 173
107 6 27 169
107 7 13 42
107 8 43 25
107 14 9 15
107 17 11 14
107 18 4 218
107 20 19 9
107 21 16 209
107 23 22 27
107 24 51 68
107 28 32 81
107 58 40 3
108 3 25 203
108 5 22 181
108 9 5 91
108 11 7 69
108 16 37 194
108 23 1 27
108 28 55 96
108 34 34 138
108 35 40 129
108 37 13 208
108 43 11 156
108 48 49 204
108 55 19 113
108 60 43 117
109 5 8 111
109 11 23 69
109 25 40 200
109 26 29 95
109 27 16 130
109 40 56 167
109 44 31 37
109 47 5 33
109 51 43 206
109 54 25 122
109 56 33 212
109 57 3 192
109 58 19 3
110 18 25 84
110 20 19 186
110 23 1 80
110 25 51 200
110 29 46 133
110 40 37 149
110 42 32 171
110 43 41 156
110 47 9 45
110 52 4 57
110 53 13 65
110 56 55 63
111 11 13 69
111 18 22 180
111 21 11 89
111 22 57 211
111 23 45 79
111 30 51 19
111 34 32 148
111 36 1 150
111 47 35 45
111 48 38 224
111 49 15 44
111 50 19 136
111 53 3 197
111 59 27 202
111 60 7 78
112 13 52 118
112 17 37 79
112 22 14 211
112 23 39 79
112 25 47 200
112 30 1 21
112 31 23 99
112 36 57 150
112 40 49 167
112 46 27 182
112 48 9 204
112 49 16 4
112 52 19 57
112 53 43 28
112 54 33 198
113 2 40 115
113 8 21 31
113 11 19 69
113 12 45 184
113 16 1 194
113 17 11 179
113 26 31 65
113 31 7 99
113 32 49 93
113 43 37 12
113 47 59 45
113 50 9 199
113 53 14 197
113 58 28 3
113 59 4 162
114 8 57 25
114 12 13 168
114 15 9 172
114 18 40 84
114 22 23 211
114 24 1 68
114 26 7 65
114 27 28 11
114 29 55 133
114 31 21 99
114 34 46 148
114 40 34 167
114 41 49 102
114 45 17 120
115 1 43 1
115 5 34 111
115 9 3 147
115 14 1 15
115 15 51 172
115 17 14 59
115 18 19 17
115 19 7 178
115 21 5 89
115 24 46 53
115 29 27 133
115 31 39 152
115 44 41 37
115 58 55 3
116 2 34 115
116 5 45 32
116 6 31 169
116 8 27 25
116 9 52 147
116 14 13 15
116 16 5 58
116 18 49 180
116 28 7 76
116 29 25 133
116 30 39 128
116 31 15 152
116 49 57 108
116 56 19 206
116 59 2 162
117 23 51 79
117 28 22 96
117 29 31 133
117 32 7 93
117 35 34 129
117 36 5 150
117 41 45 175
117 44 37 37
117 51 57 36
117 53 39 197
117 54 25 107
117 56 1 212
117 57 19 192
118 4 10 151
118 5 7 181
118 8 31 25
118 10 19 46
118 14 51 15
118 17 21 14
118 21 1 209
118 24 38 53
118 26 23 95
118 30 27 128
118 34 3 9
118 41 56 102
118 54 43 121
118 56 13 212
119 7 46 42
119 17 7 14
119 21 3 209
119 30 9 21
119 31 29 99
119 36 39 150
119 40 52 167
119 41 25 216
119 42 20 85
119 43 44 156
119 44 17 51
119 47 37 45
119 48 13 83
120 4 37 221
120 6 35 169
120 10 41 46
120 17 1 179
120 18 3 17
120 25 25 200
120 27 56 137
120 28 27 76
120 35 14 56
120 48 50 224
120 49 32 108
120 51 7 98
120 56 20 82
120 57 59 222
121 8 56 31
121 9 49 31
121 25 4 200
121 28 1 81
121 31 16 99
121 35 27 195
121 40 33 51
121 42 7 90
121 43 41 12
121 46 45 183
121 49 52 154
121 54 37 122
121 56 21 63
122 10 52 46
122 11 37 69
122 16 31 194
122 24 40 74
122 27 1 11
122 30 19 21
122 42 14 90
122 43 50 12
122 44 23 51
122 45 25 120
122 53 57 28
122 56 8 35
122 60 44 138
123 5 52 111
123 6 49 169
123 8 2 31
123 12 45 23
123 17 34 14
123 19 40 178
123 21 31 209
123 22 43 161
123 33 7 30
123 41 14 216
123 44 55 37
123 50 23 219
123 51 19 36
123 52 9 144
123 60 25 117
124 4 19 221
124 8 2 25
124 9 57 147
124 13 43 118
124 16 29 59
124 19 13 178
124 21 47 89
124 24 16 74
124 27 7 137
124 29 11 133
124 36 51 150
124 54 31 77
124 59 37 202
125 4 31 221
125 5 28 181
125 6 23 169
125 8 39 97
125 9 37 38
125 11 1 69
125 12 55 23
125 17 19 14
125 27 25 137
125 30 8 112
125 33 17 30
125 34 4 148
125 38 13 220
125 40 51 51
125 49 46 108
126 5 34 35
126 6 47 169
126 9 44 147
126 16 41 194
126 22 2 161
126 26 17 65
126 27 31 11
126 33 27 139
126 40 8 167
126 56 51 212
126 57 21 192
126 59 25 162
126 60 37 138
127 5 7 121
127 7 10 42
127 16 17 58
127 22 4 211
127 25 34 2
127 26 50 65
127 28 22 81
127 30 44 112
127 34 31 9
127 38 13 179
127 45 19 120
127 47 1 33
127 49 26 44
127 59 29 202
128 10 29 46
128 14 3 15
128 16 57 194
128 20 8 134
128 21 17 89
128 23 22 131
128 27 13 11
128 40 19 51
128 45 59 120
128 46 43 111
128 51 25 171
128 56 38 141
128 57 11 192
129 1 16 1
129 4 34 221
129 11 27 69
129 16 49 194
129 29 3 133
129 34 52 148
129 35 19 129
129 43 22 12
129 44 13 51
129 51 57 98
129 53 7 28
129 54 37 198
130 3 40 180
130 6 51 169
130 10 13 46
130 11 15 69
130 12 1 90
130 16 47 59
130 22 59 211
130 27 55 130
130 28 7 96
130 30 26 112
130 33 33 139
130 47 11 45
130 48 37 83
130 52 44 144
130 60 19 117
131 1 34 1
131 3 31 203
131 24 1 74
131 26 58 65
131 28 26 81
131 33 45 30
131 35 55 56
131 39 49 158
131 43 17 12
131 44 10 51
131 48 4 204
131 51 20 98
132 3 7 180
132 7 52 42
132 8 31 179
132 17 59 14
132 18 49 17
132 38 26 179
132 46 2 116
132 51 20 217
132 52 10 201
132 55 40 113
132 56 45 212
132 57 16 192
133 18 25 17
133 22 28 161
133 25 22 200
133 26 20 65
133 30 55 112
133 31 33 152
133 35 49 56
133 40 10 149
133 46 15 116
133 50 5 136
133 51 43 98
133 54 1 198
134 5 20 111
134 12 3 168
134 16 11 58
134 18 32 84
134 21 27 209
134 24 43 53
134 26 29 65
134 31 13 152
134 41 7 102
134 52 15 57
134 57 23 222
134 58 58 3
134 59 1 202
135 3 13 203
135 6 25 169
135 10 37 46
135 12 33 90
135 13 7 118
135 28 27 96
135 31 4 99
135 33 19 139
135 42 44 171
135 43 1 12
135 47 16 33
135 50 11 136
135 57 31 192
135 59 21 202
136 2 52 115
136 4 16 221
136 5 49 181
136 21 19 209
136 26 3 65
136 28 31 76
136 32 34 93
136 34 40 148
136 49 22 108
136 51 43 36
136 54 55 7
136 56 9 63
137 18 10 84
137 25 43 200
137 27 7 11
137 29 19 133
137 40 1 167
137 44 15 37
137 46 38 91
137 48 51 194
137 56 26 82
137 59 21 162
138 3 28 180
138 6 17 169
138 11 57 69
138 15 37 172
138 16 20 194
138 18 22 17
138 24 25 74
138 25 14 200
138 26 53 95
138 28 49 123
138 34 44 9
138 54 8 198
138 56 1 63
138 60 33 78
139 3 8 203
139 9 17 31
139 18 46 84
139 20 27 186
139 26 56 95
139 27 20 137
139 34 31 138
139 43 35 156
139 44 2 37
139 46 13 91
139 48 4 224
139 54 51 168
139 59 49 202
140 4 13 173
140 18 38 218
140 22 11 161
140 24 27 53
140 25 16 200
140 27 34 11
140 28 4 76
140 32 7 16
140 33 31 139
140 49 1 154
140 53 49 197
140 56 56 82
140 60 20 78
141 4 4 151
141 13 13 118
141 16 17 194
141 20 32 134
141 25 11 2
141 32 28 16
141 34 19 148
141 43 44 12
141 48 52 83
141 51 56 217
141 52 22 57
141 53 39 65
141 54 7 7
141 58 25 3
142 3 37 180
142 4 10 173
142 16 8 194
142 19 25 178
142 20 28 134
142 30 13 112
142 32 50 16
142 35 55 129
142 36 44 150
142 48 46 224
142 50 53 199
142 52 3 73
142 59 32 202
142 60 19 138
143 10 11 18
143 14 27 15
143 16 14 194
143 22 8 211
143 26 35 65
143 27 4 11
143 28 37 76
143 31 53 99
143 43 1 156
143 49 40 108
143 50 33 136
143 52 22 144
143 54 44 7
143 55 16 113
143 60 57 78
144 4 28 190
144 21 8 209
144 30 55 4
144 33 35 139
144 37 19 157
144 38 31 220
144 40 1 149
144 46 37 182
144 50 23 199
144 53 43 197
144 54 49 141
144 60 14 138
145 1 13 1
145 4 2 190
145 6 7 169
145 14 55 15
145 17 23 49
145 23 40 27
145 28 58 96
145 32 33 16
145 42 25 85
145 43 9 156
145 49 16 154
145 51 49 97
145 53 19 224
145 59 11 162
146 1 52 1
146 3 58 203
146 10 2 18
146 12 25 90
146 13 46 118
146 14 41 15
146 21 22 209
146 29 15 133
146 33 34 30
146 36 13 150
146 47 4 45
146 51 7 36
146 60 37 49
147 4 22 151
147 9 33 147
147 21 15 89
147 22 41 161
147 23 19 27
147 31 10 152
147 33 7 139
147 35 52 56
147 36 31 150
147 40 55 51
147 44 1 51
147 47 17 45
147 48 27 83
147 50 5 199
147 52 37 201
148 3 43 203
148 5 1 121
148 10 22 18
148 14 39 15
148 15 32 172
148 18 28 17
148 22 52 161
148 27 19 130
148 35 7 129
148 40 4 149
148 46 14 182
148 52 49 144
148 59 41 202
149 5 2 181
149 6 39 169
149 7 49 42
149 10 5 18
149 16 55 194
149 17 41 179
149 35 7 56
149 38 21 107
149 43 19 12
149 48 58 83
149 49 31 44
149 56 13 82
150 5 1 32
150 17 35 179
150 25 7 2
150 28 16 76
150 34 22 9
150 35 10 129
150 42 31 85
150 43 14 156
150 44 29 51
150 52 49 201
150 53 25 38
150 56 38 82
150 60 56 90
Điểm tối ưu: 2025
Thời gian: 359.976340 giây
Trạng thái: VALID
