3944
1 3 7 169
1 9 45 400
1 10 34 83
1 15 2 417
1 23 26 261
1 29 28 50
1 34 17 41
1 36 11 375
1 58 50 68
1 60 56 342
1 68 4 385
1 90 19 423
1 105 59 403
1 109 13 353
2 8 53 9
2 15 55 369
2 16 43 253
2 22 49 116
2 29 46 50
2 54 32 334
2 90 1 403
2 93 29 448
2 103 38 248
2 105 9 115
2 107 11 39
2 114 27 208
3 6 21 241
3 23 19 261
3 26 51 88
3 31 7 298
3 39 3 277
3 40 44 6
3 57 14 45
3 91 39 330
3 94 16 264
3 99 32 206
3 102 25 74
3 109 58 353
4 2 35 193
4 5 31 147
4 9 13 404
4 18 45 73
4 25 37 113
4 35 51 265
4 42 22 358
4 51 9 444
4 60 26 255
4 77 57 407
4 100 2 404
4 115 19 287
5 9 27 319
5 10 58 435
5 21 22 187
5 28 43 233
5 32 37 83
5 48 47 411
5 54 8 334
5 60 19 246
5 61 33 89
5 73 55 320
5 74 49 199
5 94 3 264
5 120 15 332
6 4 43 382
6 39 7 277
6 43 26 281
6 45 17 370
6 48 29 411
6 60 55 246
6 73 1 320
6 93 4 448
6 95 41 397
6 105 14 326
6 107 35 232
6 111 10 53
6 116 31 225
7 8 29 9
7 32 10 117
7 44 23 60
7 45 53 370
7 52 17 450
7 55 43 36
7 63 20 2
7 70 27 111
7 75 49 421
7 80 7 179
7 82 38 349
7 84 1 416
7 115 34 287
7 118 15 139
8 2 10 193
8 9 38 347
8 11 51 144
8 41 33 230
8 42 55 358
8 67 23 442
8 69 59 211
8 71 45 355
8 74 15 199
8 80 19 179
8 82 25 349
8 105 1 115
8 113 7 162
8 119 3 384
9 11 44 205
9 19 37 103
9 35 1 297
9 37 9 44
9 40 34 6
9 42 32 358
9 53 49 18
9 58 26 70
9 71 13 355
9 73 20 188
9 76 53 48
9 95 4 316
9 112 39 417
9 119 57 14
10 2 15 193
10 6 34 241
10 16 31 304
10 37 43 96
10 41 58 230
10 43 49 318
10 77 46 104
10 82 37 197
10 87 5 335
10 89 10 379
10 91 1 330
10 102 19 61
10 109 52 353
11 7 40 317
11 8 44 9
11 15 47 369
11 18 37 73
11 36 52 375
11 44 14 80
11 61 49 89
11 85 25 52
11 86 19 435
11 91 57 217
11 101 4 4
11 104 32 432
11 108 10 55
11 112 7 308
12 2 13 193
12 6 26 140
12 42 53 358
12 48 50 411
12 56 4 390
12 57 21 45
12 83 31 231
12 85 29 52
12 89 55 379
12 101 8 269
12 115 1 287
13 3 1 169
13 6 16 140
13 7 19 317
13 33 8 11
13 65 50 288
13 66 39 276
13 68 29 342
13 69 37 211
13 81 43 183
13 82 31 349
13 94 26 264
13 99 57 311
13 104 13 432
13 107 22 178
14 3 57 376
14 14 14 35
14 20 9 124
14 22 39 12
14 23 1 261
14 48 20 411
14 50 4 213
14 52 29 450
14 62 52 113
14 69 35 77
14 92 22 32
14 99 43 311
14 108 25 443
14 120 32 332
15 14 32 221
15 29 58 143
15 31 27 335
15 32 19 117
15 34 38 234
15 41 49 399
15 47 45 256
15 56 40 410
15 61 3 89
15 67 25 442
15 98 23 374
15 100 14 323
15 112 8 417
15 113 1 162
16 17 44 226
16 26 26 291
16 29 22 50
16 41 10 230
16 44 39 80
16 50 7 213
16 83 57 91
16 85 13 52
16 86 33 93
16 91 2 380
16 107 15 39
16 116 49 225
17 12 23 142
17 15 16 369
17 17 44 173
17 30 35 139
17 39 59 277
17 41 7 56
17 42 14 358
17 48 32 411
17 61 10 89
17 69 39 211
17 77 26 407
17 83 19 257
17 103 49 99
17 107 28 39
17 108 2 227
18 8 1 9
18 10 10 237
18 14 39 401
18 25 45 150
18 28 5 197
18 34 34 41
18 40 7 191
18 42 19 358
18 62 26 113
18 71 51 3
18 72 21 292
18 76 58 415
18 81 14 434
18 115 28 287
19 18 7 73
19 35 46 20
19 41 16 399
19 48 26 408
19 64 2 33
19 67 4 442
19 80 56 223
19 81 37 337
19 87 14 186
19 97 20 354
19 104 49 278
19 110 34 409
19 115 10 322
20 6 43 241
20 11 7 144
20 16 25 304
20 29 3 143
20 32 22 371
20 33 14 13
20 40 28 191
20 67 1 442
20 68 40 342
20 71 33 9
20 85 47 52
20 91 51 190
20 92 55 348
20 98 19 374
20 112 37 175
21 7 4 72
21 17 49 330
21 19 23 103
21 33 7 16
21 58 19 442
21 60 43 343
21 63 26 2
21 72 55 289
21 85 35 52
21 91 37 217
21 99 14 120
21 108 31 55
22 9 15 21
22 16 2 253
22 17 9 151
22 22 43 136
22 29 57 50
22 38 7 153
22 45 38 258
22 49 25 182
22 64 5 33
22 77 28 5
22 112 40 23
22 113 21 162
22 115 32 322
23 2 21 279
23 3 32 246
23 9 49 292
23 13 8 413
23 22 25 12
23 28 3 197
23 35 13 297
23 61 58 360
23 69 56 77
23 71 39 355
23 77 5 5
23 91 44 380
23 113 16 162
24 26 56 88
24 27 27 37
24 35 7 306
24 38 20 305
24 41 10 23
24 60 22 343
24 61 37 89
24 71 2 136
24 87 25 335
24 90 31 346
24 91 15 190
24 103 49 248
24 119 45 348
24 120 40 332
25 10 13 237
25 25 31 243
25 33 44 159
25 39 52 277
25 43 19 235
25 47 9 256
25 48 35 411
25 61 1 138
25 75 40 421
25 87 25 186
25 105 5 71
25 110 16 409
25 117 22 79
26 24 39 393
26 32 7 83
26 37 19 96
26 42 57 358
26 44 1 80
26 48 37 408
26 81 49 183
26 90 14 423
26 99 43 206
26 102 31 74
26 114 59 208
26 119 25 437
26 120 3 332
27 6 28 241
27 14 49 35
27 21 19 187
27 22 38 75
27 24 55 393
27 48 9 411
27 50 46 213
27 53 14 18
27 90 1 423
27 93 35 448
27 100 31 323
27 104 58 432
27 112 25 417
27 113 7 262
28 6 31 140
28 28 23 233
28 58 56 70
28 63 10 445
28 66 15 276
28 80 43 223
28 84 49 416
28 87 27 186
28 88 29 137
28 92 19 32
28 106 7 171
28 109 4 201
28 114 37 110
29 2 55 193
29 3 33 101
29 6 49 241
29 7 19 72
29 17 8 226
29 59 43 207
29 65 38 288
29 86 25 310
29 95 31 316
29 100 57 229
29 102 15 437
29 108 22 55
29 109 4 353
30 31 51 298
30 47 28 372
30 50 40 213
30 55 7 219
30 68 23 422
30 72 44 149
30 75 31 421
30 76 55 415
30 78 4 319
30 88 37 137
30 91 19 217
30 96 14 268
30 108 58 443
31 16 34 304
31 17 27 151
31 27 41 37
31 36 19 263
31 59 13 207
31 64 32 325
31 71 55 3
31 82 1 34
31 84 21 65
31 94 10 264
31 114 53 257
31 115 7 287
31 119 37 396
32 1 1 1
32 7 7 72
32 14 49 33
32 29 10 143
32 35 13 306
32 47 59 256
32 52 45 450
32 59 19 207
32 62 35 195
32 73 32 445
32 76 47 48
32 86 25 93
32 95 16 397
32 97 39 205
32 99 55 120
33 23 11 261
33 55 32 251
33 60 1 246
33 63 19 445
33 68 22 342
33 73 4 180
33 79 25 300
33 81 37 434
33 85 58 201
33 87 44 239
33 113 47 262
33 115 7 322
34 8 51 9
34 19 5 103
34 26 14 88
34 41 2 230
34 48 53 411
34 59 8 398
34 65 43 59
34 66 20 276
34 72 26 292
34 92 37 310
34 108 58 104
34 112 32 417
34 113 35 148
35 27 32 37
35 31 50 427
35 37 10 173
35 58 20 209
35 72 57 141
35 74 27 357
35 79 37 447
35 80 4 179
35 87 34 335
35 93 55 448
35 97 45 247
35 104 7 279
35 109 1 353
35 115 15 322
36 9 15 319
36 13 43 313
36 29 7 143
36 30 1 139
36 42 47 358
36 50 37 213
36 62 41 113
36 73 10 188
36 81 3 101
36 89 20 161
36 91 50 217
36 92 25 32
36 97 31 247
36 114 29 257
37 23 56 261
37 28 10 197
37 33 25 122
37 35 50 297
37 41 7 23
37 44 1 60
37 56 31 390
37 69 53 211
37 73 40 320
37 76 19 415
37 87 23 335
37 89 16 161
37 105 5 403
37 117 14 128
38 14 51 31
38 21 28 187
38 23 5 219
38 34 35 234
38 47 23 256
38 50 58 213
38 51 9 48
38 57 39 45
38 64 21 325
38 78 13 105
38 81 1 183
38 90 43 423
38 104 16 432
39 23 33 261
39 33 55 16
39 37 16 68
39 41 22 230
39 46 14 73
39 60 8 157
39 63 46 202
39 64 19 33
39 70 25 111
39 80 49 384
39 84 38 315
39 86 27 175
39 87 3 335
40 29 51 50
40 40 46 191
40 61 10 138
40 66 37 424
40 74 27 199
40 82 31 197
40 87 19 239
40 88 8 364
40 91 13 380
40 93 21 448
40 97 2 247
40 100 57 5
41 48 29 408
41 50 1 213
41 51 58 444
41 62 5 243
41 64 8 325
41 65 37 131
41 80 13 223
41 85 23 340
41 88 26 364
41 93 17 448
41 101 33 4
41 119 19 14
42 7 4 90
42 20 19 124
42 21 37 187
42 43 46 318
42 55 31 36
42 69 43 211
42 80 22 262
42 82 13 177
42 90 26 423
42 100 57 422
42 102 51 437
42 112 1 23
42 120 9 305
43 7 28 72
43 9 32 292
43 22 7 116
43 24 16 393
43 25 39 150
43 60 46 8
43 74 50 418
43 79 1 430
43 84 21 302
43 89 13 242
43 92 43 310
43 109 25 353
43 115 57 322
44 23 17 261
44 34 23 234
44 44 41 80
44 62 8 113
44 69 45 211
44 82 51 349
44 85 10 52
44 90 56 423
44 98 21 374
44 111 34 436
44 117 25 200
44 119 27 396
44 120 13 26
45 3 25 135
45 10 1 128
45 13 19 273
45 23 35 150
45 25 57 150
45 40 16 431
45 52 33 450
45 64 29 33
45 72 38 141
45 84 7 416
45 90 50 346
45 108 43 55
45 114 46 110
46 22 57 116
46 23 21 261
46 26 10 191
46 35 46 265
46 42 43 358
46 57 3 45
46 73 26 320
46 95 50 316
46 109 7 38
46 112 33 308
46 113 1 64
47 29 2 50
47 37 10 168
47 38 17 153
47 39 5 277
47 45 40 258
47 47 37 12
47 56 20 390
47 74 31 194
47 82 13 197
47 85 57 52
47 87 23 239
47 93 51 448
47 99 43 329
47 111 7 327
48 5 25 147
48 9 43 21
48 13 49 212
48 17 31 151
48 42 29 358
48 57 1 45
48 64 59 195
48 71 55 398
48 79 38 300
48 84 13 95
48 101 4 31
48 117 8 79
49 19 15 103
49 33 37 122
49 36 2 263
49 37 22 173
49 62 13 113
49 69 55 211
49 72 32 141
49 91 27 380
49 94 58 264
49 95 5 397
49 103 10 99
49 105 19 71
49 107 7 58
49 111 50 53
49 119 45 232
50 7 49 72
50 14 25 33
50 19 9 103
50 28 55 233
50 37 31 96
50 60 37 342
50 70 15 111
50 83 19 91
50 95 17 316
50 102 57 440
50 112 4 417
50 113 29 162
51 10 37 252
51 11 3 214
51 12 31 229
51 21 16 187
51 38 45 305
51 58 57 209
51 78 33 80
51 80 13 262
51 81 25 434
51 90 51 227
51 97 21 205
51 114 49 110
51 117 11 79
51 120 8 26
52 8 59 9
52 17 3 151
52 49 22 182
52 55 45 342
52 56 10 410
52 61 55 89
52 81 14 349
52 84 50 302
52 86 25 55
52 87 19 186
52 94 29 264
52 97 38 64
52 99 33 120
52 118 31 139
53 2 31 193
53 13 50 413
53 16 25 253
53 20 22 124
53 21 58 187
53 33 43 16
53 36 20 375
53 40 34 191
53 44 13 376
53 65 3 59
53 67 1 61
53 78 38 430
53 116 8 225
54 20 40 124
54 24 25 393
54 37 13 96
54 41 55 230
54 43 7 235
54 55 1 219
54 61 16 89
54 69 23 211
54 72 19 166
54 90 27 403
54 106 46 171
54 111 31 436
55 16 58 253
55 41 52 399
55 50 34 213
55 51 31 444
55 53 39 18
55 54 44 334
55 79 1 300
55 81 13 337
55 88 22 364
55 102 26 239
55 104 7 97
55 111 19 53
56 12 20 142
56 23 59 54
56 24 43 393
56 31 31 419
56 39 50 277
56 40 7 6
56 48 41 411
56 64 5 372
56 71 13 3
56 74 27 194
56 78 45 259
56 84 1 65
56 89 55 161
57 11 15 341
57 17 3 226
57 22 39 116
57 28 10 233
57 41 21 399
57 49 34 182
57 73 44 188
57 74 26 95
57 81 55 434
57 98 49 374
57 103 52 248
57 112 7 175
57 113 32 162
58 17 51 432
58 20 1 124
58 23 11 400
58 25 15 243
58 26 38 36
58 28 58 233
58 47 45 372
58 69 28 77
58 83 7 257
58 85 5 340
58 101 22 381
58 110 25 409
58 115 19 322
59 16 1 304
59 23 49 400
59 36 38 30
59 44 17 376
59 60 19 343
59 61 28 89
59 63 51 445
59 70 7 111
59 71 9 3
59 73 31 326
59 77 4 104
59 87 59 239
59 99 45 120
59 100 13 422
59 113 40 162
60 1 20 1
60 4 28 382
60 13 32 212
60 26 45 88
60 52 51 450
60 57 5 45
60 90 13 346
60 95 10 316
60 97 1 77
60 99 39 311
60 104 7 278
60 113 49 64
60 117 43 200
61 9 19 319
61 29 3 121
61 41 51 23
61 42 27 358
61 47 13 372
61 48 1 408
61 51 31 48
61 61 16 138
61 81 8 337
61 93 43 448
61 100 38 5
61 112 46 417
61 120 56 305
62 2 19 54
62 10 10 252
62 32 49 291
62 37 22 96
62 48 58 408
62 51 37 48
62 60 26 342
62 64 15 325
62 76 5 48
62 92 40 310
62 102 1 74
62 104 32 278
62 105 7 115
63 2 23 193
63 14 51 401
63 47 5 256
63 51 55 444
63 58 15 209
63 64 59 372
63 65 31 131
63 87 21 186
63 92 37 348
63 94 40 264
63 103 26 99
63 107 45 39
63 111 7 53
63 119 1 437
64 16 46 253
64 21 10 187
64 42 49 358
64 47 53 256
64 55 13 204
64 59 26 324
64 60 1 255
64 64 17 372
64 72 19 141
64 73 37 320
64 76 7 415
64 82 55 177
64 89 4 242
64 90 31 148
65 29 19 50
65 50 22 213
65 55 27 204
65 62 8 243
65 72 2 292
65 73 49 377
65 76 52 415
65 77 41 407
65 84 55 328
65 95 10 397
65 96 45 268
65 98 13 374
65 100 31 114
65 102 37 74
65 119 15 384
66 9 21 400
66 10 9 128
66 20 13 124
66 21 49 187
66 27 7 37
66 28 27 233
66 36 55 263
66 41 52 230
66 65 57 59
66 71 2 439
66 84 31 65
66 115 39 287
67 8 10 9
67 9 39 319
67 12 3 229
67 28 34 233
67 30 55 139
67 39 16 281
67 49 43 182
67 70 46 111
67 77 19 407
67 79 57 300
67 102 27 440
67 115 49 287
67 118 23 139
68 5 13 147
68 14 33 16
68 20 49 124
68 29 43 50
68 30 25 139
68 31 21 406
68 39 7 281
68 55 2 342
68 61 16 438
68 64 41 195
68 66 56 276
68 86 27 435
68 99 9 311
68 100 37 323
68 105 19 115
69 11 57 394
69 13 13 106
69 31 27 298
69 37 37 44
69 42 10 358
69 67 44 442
69 75 52 421
69 78 31 259
69 84 19 16
69 101 1 4
69 103 46 248
69 108 7 55
70 14 33 170
70 28 16 233
70 37 25 44
70 56 13 362
70 70 31 111
70 71 55 439
70 73 7 188
70 75 4 421
70 97 43 354
70 98 28 172
70 99 19 329
70 110 37 409
70 112 40 308
70 117 1 200
71 16 37 304
71 19 27 103
71 43 52 318
71 50 49 213
71 57 32 45
71 62 15 71
71 74 8 418
71 87 46 186
71 89 2 431
71 102 19 74
72 10 10 435
72 13 43 273
72 28 8 197
72 33 55 122
72 43 33 235
72 67 5 61
72 73 22 326
72 83 49 231
72 85 26 340
72 86 1 215
72 95 20 316
72 102 13 440
72 112 37 308
73 1 55 1
73 5 16 147
73 6 19 140
73 12 14 142
73 31 49 419
73 48 5 411
73 74 7 357
73 83 44 91
73 84 31 95
73 85 40 52
73 89 37 431
73 99 1 206
73 107 11 232
73 115 26 278
74 16 37 428
74 24 51 393
74 32 7 117
74 55 44 324
74 56 40 362
74 57 11 45
74 58 27 442
74 73 34 320
74 75 16 421
74 79 56 168
74 81 1 337
74 92 31 310
74 102 20 366
74 112 13 412
75 10 57 237
75 14 1 401
75 31 27 427
75 41 13 56
75 51 52 444
75 52 5 450
75 70 35 111
75 73 20 320
75 80 39 262
75 82 7 34
75 98 25 374
75 101 45 4
75 104 16 279
76 15 10 369
76 17 39 151
76 20 58 124
76 28 49 233
76 48 23 408
76 61 28 138
76 64 17 337
76 80 25 262
76 81 19 183
76 83 31 91
76 97 13 247
76 98 2 172
76 103 7 248
76 111 4 436
76 120 52 26
77 12 43 142
77 25 45 243
77 32 37 117
77 33 7 159
77 36 52 263
77 37 13 301
77 47 29 256
77 59 21 62
77 83 57 257
77 85 31 52
77 95 26 316
77 111 33 53
77 113 11 64
77 120 4 26
78 5 4 147
78 26 16 191
78 44 19 80
78 48 51 408
78 60 55 255
78 62 49 243
78 69 21 77
78 76 39 415
78 78 58 259
78 88 43 364
78 89 13 431
78 93 47 448
78 107 1 178
78 108 10 443
78 109 7 201
79 3 1 135
79 13 37 413
79 36 5 263
79 44 44 376
79 55 13 342
79 59 26 62
79 94 41 325
79 97 33 354
79 105 9 247
79 109 46 201
79 113 21 148
79 117 31 200
80 2 8 193
80 7 31 317
80 21 55 187
80 29 25 50
80 34 44 41
80 47 19 372
80 57 29 45
80 62 5 195
80 74 21 418
80 77 14 407
80 78 38 259
80 88 17 338
80 104 10 97
80 116 1 225
81 5 28 147
81 8 15 9
81 25 1 364
81 32 25 117
81 37 50 44
81 52 19 450
81 55 21 324
81 68 38 290
81 69 5 159
81 78 10 259
81 80 7 223
81 96 56 268
81 107 41 39
82 7 49 21
82 22 55 75
82 38 2 153
82 72 21 149
82 73 28 188
82 76 45 48
82 79 33 430
82 82 7 349
82 84 37 328
82 95 31 397
82 115 52 287
82 117 15 79
83 14 44 401
83 22 1 75
83 24 37 393
83 27 39 37
83 32 31 371
83 34 7 234
83 41 56 399
83 42 25 358
83 48 13 408
83 59 49 207
83 89 9 161
83 101 34 14
83 111 16 53
83 120 22 26
84 13 13 212
84 17 20 176
84 33 37 16
84 42 41 358
84 51 25 48
84 72 1 166
84 82 44 197
84 99 49 329
84 102 32 239
84 103 7 99
84 106 58 171
85 27 9 37
85 28 53 197
85 34 59 234
85 35 34 297
85 38 55 153
85 48 15 411
85 51 25 444
85 58 20 431
85 59 1 125
85 73 40 188
85 87 47 239
85 88 37 364
85 93 7 448
85 105 43 115
86 14 3 170
86 25 26 150
86 37 40 44
86 38 37 305
86 45 59 258
86 57 34 45
86 76 57 48
86 81 21 101
86 83 49 257
86 88 31 137
86 91 15 217
86 97 45 64
86 98 9 374
87 10 22 252
87 17 32 226
87 18 25 73
87 26 4 88
87 29 8 121
87 72 13 141
87 73 46 320
87 83 56 231
87 84 38 282
87 97 51 247
87 109 28 201
87 113 49 148
88 2 49 54
88 5 55 147
88 11 21 214
88 14 13 16
88 20 37 124
88 30 51 139
88 33 2 359
88 43 40 235
88 58 7 68
88 64 53 337
88 72 26 149
88 91 43 217
88 109 31 38
89 3 39 169
89 4 34 382
89 22 9 136
89 23 37 261
89 25 27 243
89 31 2 298
89 35 15 20
89 56 49 410
89 88 58 364
89 91 19 380
89 99 44 360
90 3 13 101
90 10 39 237
90 12 9 229
90 16 55 253
90 64 25 325
90 66 20 424
90 70 37 111
90 71 44 439
90 86 27 276
90 99 51 311
90 102 32 440
90 112 3 441
91 15 5 369
91 24 23 393
91 26 55 291
91 28 20 84
91 51 8 377
91 54 14 334
91 56 43 390
91 62 35 243
91 65 38 59
91 73 58 188
91 76 46 415
91 77 52 104
91 88 1 338
91 112 27 308
91 118 49 139
92 7 46 317
92 13 25 413
92 23 44 261
92 32 16 371
92 60 13 246
92 62 58 71
92 64 21 33
92 65 7 288
92 81 31 78
92 85 55 340
92 87 11 335
92 90 37 346
92 108 1 55
92 118 29 139
93 8 5 355
93 10 16 237
93 28 38 233
93 37 21 44
93 45 13 258
93 66 33 424
93 72 8 183
93 78 52 259
93 107 19 39
93 111 1 53
93 112 56 23
93 119 26 384
94 2 5 193
94 6 34 140
94 17 25 176
94 36 11 293
94 47 13 256
94 55 51 342
94 59 7 125
94 60 39 255
94 76 29 415
94 79 19 447
94 98 57 374
94 103 15 99
94 108 1 104
94 112 43 23
95 21 52 187
95 22 55 136
95 25 33 113
95 31 37 335
95 33 1 122
95 39 27 277
95 41 7 230
95 43 22 318
95 77 10 407
95 84 15 416
95 100 45 114
95 101 49 4
95 104 19 49
96 2 13 54
96 3 27 376
96 9 44 319
96 23 25 54
96 34 21 234
96 45 15 258
96 48 7 408
96 56 32 362
96 85 2 52
96 89 4 161
96 98 10 172
96 111 38 53
97 2 33 193
97 19 35 103
97 26 22 291
97 55 51 324
97 60 13 157
97 73 10 320
97 74 57 418
97 76 43 48
97 77 4 407
97 85 2 201
97 93 19 448
97 97 25 354
97 105 49 115
97 112 38 412
98 2 53 279
98 3 55 169
98 4 37 382
98 33 1 159
98 39 11 277
98 47 49 256
98 48 31 408
98 55 44 219
98 58 13 70
98 60 7 343
98 67 17 61
98 80 20 223
98 93 23 448
98 108 28 227
99 8 11 355
99 15 13 369
99 28 56 197
99 40 58 431
99 41 40 230
99 43 37 318
99 56 4 208
99 68 19 290
99 93 9 448
99 100 15 5
99 101 26 31
99 102 33 366
99 103 1 248
99 108 22 104
100 10 31 128
100 13 43 212
100 22 13 116
100 29 7 50
100 38 59 305
100 39 5 366
100 58 27 209
100 84 51 65
100 88 23 137
100 90 55 346
100 101 1 269
100 103 20 248
100 115 10 287
101 3 13 135
101 13 49 106
101 42 59 358
101 47 33 256
101 59 43 137
101 69 17 77
101 72 25 141
101 80 22 179
101 83 39 257
101 85 20 340
101 100 1 323
101 119 7 437
101 120 55 26
102 15 7 74
102 23 40 261
102 29 13 121
102 32 22 117
102 33 32 13
102 36 3 375
102 56 16 362
102 65 27 59
102 80 57 179
102 81 43 434
102 99 51 222
102 107 55 39
103 2 46 193
103 6 10 140
103 27 5 37
103 33 38 13
103 48 19 408
103 49 28 182
103 59 32 324
103 65 57 288
103 68 43 342
103 85 8 52
103 90 15 148
103 92 52 32
103 96 1 268
103 117 49 200
104 6 1 140
104 11 49 205
104 36 9 263
104 39 44 277
104 41 40 399
104 42 7 358
104 48 17 411
104 56 28 390
104 81 13 183
104 87 32 186
104 102 56 366
104 107 21 39
105 6 9 241
105 10 40 252
105 34 53 234
105 38 13 305
105 39 38 277
105 44 4 376
105 48 15 408
105 84 19 282
105 87 44 186
105 90 27 148
105 112 50 417
106 6 44 140
106 14 50 11
106 30 37 139
106 34 19 234
106 41 31 399
106 65 14 131
106 68 8 290
106 75 25 421
106 82 2 349
106 87 56 186
106 101 10 4
106 104 40 279
106 105 21 115
107 5 52 147
107 11 55 205
107 38 31 153
107 51 25 172
107 68 17 342
107 70 21 111
107 76 49 48
107 92 4 32
107 94 13 325
107 97 9 77
107 98 59 374
107 111 43 53
107 120 28 332
108 5 40 147
108 13 2 212
108 24 7 393
108 26 44 291
108 37 49 96
108 39 13 366
108 57 53 45
108 76 16 415
108 83 25 257
108 86 9 215
108 112 19 412
108 114 55 110
109 3 14 166
109 8 26 355
109 9 45 142
109 26 10 244
109 32 22 83
109 45 20 258
109 52 53 450
109 58 32 70
109 59 55 207
109 73 49 180
109 77 43 5
109 86 38 215
109 108 7 443
109 117 3 200
110 1 44 1
110 11 27 205
110 16 34 253
110 21 40 187
110 22 49 75
110 26 20 191
110 45 23 258
110 49 7 182
110 56 16 208
110 99 3 222
110 105 58 115
110 112 55 308
111 13 14 313
111 15 59 369
111 57 27 45
111 58 7 62
111 65 1 433
111 71 38 439
111 82 33 177
111 91 19 330
111 98 5 374
111 105 47 115
111 113 50 162
111 115 43 287
112 2 37 193
112 11 15 144
112 13 9 106
112 16 39 253
112 28 56 238
112 55 21 219
112 61 52 89
112 85 7 340
112 90 32 403
112 98 3 374
112 105 50 403
112 115 25 287
112 117 5 79
113 26 13 191
113 29 16 143
113 34 25 234
113 44 53 376
113 55 44 251
113 63 9 2
113 72 31 166
113 73 4 320
113 76 22 415
113 86 39 93
113 97 49 354
113 103 58 248
113 119 27 232
114 12 1 229
114 13 57 313
114 16 4 304
114 30 45 139
114 37 52 96
114 39 25 277
114 44 55 376
114 57 49 45
114 62 34 71
114 65 37 433
114 84 27 416
114 90 8 148
114 92 31 32
114 104 22 278
115 3 32 169
115 23 28 261
115 35 57 297
115 40 1 35
115 49 19 182
115 66 38 189
115 68 11 342
115 74 15 194
115 82 51 177
115 84 7 282
115 90 43 403
116 14 14 221
116 22 45 75
116 31 55 419
116 32 10 371
116 35 40 265
116 51 34 377
116 55 27 251
116 73 31 320
116 80 1 223
116 86 51 215
116 93 25 448
116 94 5 264
116 95 59 397
116 112 20 417
117 4 58 382
117 19 29 103
117 31 38 298
117 35 33 20
117 40 26 394
117 51 15 172
117 60 4 246
117 65 49 433
117 72 9 141
117 84 21 416
117 95 7 397
117 101 55 31
117 103 1 99
118 4 40 382
118 6 56 241
118 8 46 9
118 21 1 187
118 24 59 393
118 25 21 243
118 36 9 375
118 79 27 302
118 83 51 91
118 93 37 448
118 95 43 397
118 103 34 248
119 11 37 214
119 16 51 253
119 25 45 29
119 48 5 408
119 59 19 137
119 60 2 343
119 62 10 243
119 65 13 433
119 86 31 215
119 87 17 239
119 94 49 264
119 100 25 422
119 101 7 381
120 3 50 166
120 13 45 407
120 23 43 400
120 25 8 29
120 26 1 88
120 33 25 159
120 35 22 265
120 52 31 450
120 58 33 68
120 87 16 186
120 88 4 137
120 99 57 329
120 109 38 201
121 8 22 202
121 27 46 37
121 40 25 431
121 44 44 80
121 64 19 195
121 67 38 442
121 70 17 111
121 78 13 430
121 80 32 223
121 86 55 93
121 99 8 206
121 111 40 436
121 113 4 162
121 120 1 26
122 13 55 413
122 15 17 417
122 33 43 13
122 56 37 410
122 79 26 430
122 83 2 231
122 87 41 186
122 96 31 268
122 102 51 74
122 109 7 353
122 114 35 110
122 115 13 287
123 7 25 72
123 13 37 212
123 14 31 33
123 34 51 234
123 35 20 20
123 50 28 213
123 53 57 18
123 77 35 104
123 81 1 78
123 85 44 52
123 100 13 114
123 103 46 158
123 114 5 3
123 119 8 341
124 17 14 226
124 45 55 370
124 50 19 213
124 54 25 334
124 59 2 398
124 61 57 138
124 67 50 61
124 68 9 342
124 76 41 415
124 79 37 168
124 87 7 239
124 89 32 161
124 100 45 323
124 110 22 409
125 8 31 202
125 23 16 54
125 33 33 159
125 57 51 45
125 72 43 292
125 74 20 357
125 76 5 415
125 78 13 259
125 79 7 300
125 100 1 114
125 112 58 417
125 119 37 384
126 6 14 314
126 27 44 37
126 32 3 117
126 37 58 411
126 47 26 256
126 61 50 138
126 69 32 211
126 75 28 421
126 84 37 65
126 92 10 32
126 94 47 264
126 98 8 172
126 114 1 110
126 119 20 396
127 13 31 273
127 25 37 243
127 31 44 427
127 39 57 277
127 40 25 15
127 43 28 389
127 48 13 411
127 55 20 251
127 62 41 243
127 69 9 211
127 77 15 104
127 80 4 223
127 104 50 279
127 105 35 115
127 113 1 262
128 5 37 147
128 12 55 229
128 13 57 106
128 14 7 31
128 19 17 103
128 60 14 343
128 61 25 89
128 75 34 421
128 77 1 5
128 79 51 300
128 86 44 93
128 105 41 115
128 111 3 327
129 11 38 120
129 26 16 36
129 28 51 233
129 34 13 234
129 63 1 2
129 65 20 433
129 68 43 290
129 70 9 111
129 84 31 315
129 92 4 348
129 103 55 248
129 104 27 97
129 115 45 322
129 117 35 79
130 10 1 237
130 11 44 214
130 25 31 150
130 37 28 96
130 41 37 230
130 43 9 281
130 64 41 372
130 67 35 61
130 70 49 111
130 99 19 311
130 109 13 201
130 111 16 436
130 113 4 148
131 7 28 317
131 9 49 347
131 11 55 144
131 14 13 401
131 20 25 124
131 37 22 301
131 40 1 15
131 58 39 70
131 66 9 276
131 75 19 421
131 77 7 407
131 84 43 282
131 88 17 364
131 99 31 311
131 106 4 171
132 24 11 393
132 40 55 431
132 51 13 377
132 56 3 410
132 58 31 209
132 66 43 189
132 69 7 211
132 79 39 69
132 86 49 435
132 99 19 222
132 100 26 323
132 101 58 31
133 3 37 101
133 16 7 304
133 19 21 103
133 25 43 113
133 28 35 197
133 39 51 366
133 44 17 60
133 61 31 138
133 69 59 159
133 77 11 5
133 104 4 278
133 106 1 171
134 3 49 169
134 13 19 313
134 56 32 410
134 64 3 195
134 68 9 385
134 69 41 211
134 74 44 194
134 76 29 48
134 84 14 302
134 93 27 448
134 103 37 99
134 105 23 115
134 119 55 396
135 29 39 50
135 33 32 11
135 36 3 30
135 43 43 318
135 47 56 256
135 56 52 410
135 61 58 89
135 66 26 424
135 78 22 259
135 80 9 262
135 92 13 348
135 95 7 316
135 120 49 332
136 6 3 241
136 7 34 317
136 8 29 202
136 9 37 400
136 32 58 157
136 57 25 45
136 58 51 70
136 59 20 398
136 84 43 65
136 101 10 381
136 106 13 171
136 107 32 39
136 108 55 55
136 114 7 110
137 3 19 169
137 24 9 393
137 46 56 73
137 49 4 182
137 51 49 444
137 53 45 18
137 56 26 362
137 74 38 418
137 79 14 300
137 104 58 278
137 111 1 436
137 117 53 200
137 119 31 437
138 5 7 147
138 6 56 140
138 13 27 106
138 31 32 298
138 52 1 450
138 56 20 410
138 58 3 70
138 62 11 71
138 67 25 61
138 76 37 415
138 79 45 430
138 80 49 223
138 110 52 409
138 112 14 417
139 6 16 241
139 8 9 355
139 17 19 151
139 24 5 393
139 32 13 371
139 36 7 263
139 55 55 219
139 58 37 108
139 81 26 183
139 85 1 340
139 88 41 137
139 99 31 329
139 117 46 79
140 1 33 1
140 17 55 69
140 23 11 219
140 25 20 29
140 29 13 143
140 49 49 182
140 59 38 125
140 65 45 131
140 71 7 439
140 82 27 23
140 92 52 310
140 105 25 115
140 113 2 148
141 28 5 233
141 33 50 13
141 35 14 265
141 53 25 18
141 63 58 445
141 67 41 442
141 69 23 42
141 79 8 430
141 91 33 330
141 99 19 120
141 104 45 97
141 105 17 115
141 109 2 38
141 111 55 436
142 9 55 319
142 20 43 124
142 23 52 261
142 36 7 375
142 37 19 173
142 45 35 258
142 46 31 73
142 48 39 411
142 56 1 362
142 59 27 125
142 60 4 255
142 66 15 424
142 91 9 217
143 14 43 33
143 21 13 187
143 33 55 159
143 45 31 258
143 58 1 62
143 59 7 207
143 60 22 246
143 72 51 149
143 85 11 340
143 88 47 137
143 96 25 268
143 104 19 278
143 117 17 79
143 120 37 26
144 5 34 147
144 9 15 292
144 12 13 229
144 19 31 103
144 31 45 298
144 36 27 375
144 59 55 324
144 62 39 71
144 64 51 325
144 90 2 346
144 106 19 171
144 107 7 39
144 117 9 200
144 118 11 139
145 3 37 166
145 34 1 179
145 38 11 310
145 55 55 251
145 56 8 362
145 66 3 280
145 70 53 111
145 77 33 104
145 84 25 282
145 103 13 248
145 110 19 409
146 3 43 169
146 4 4 382
146 6 31 241
146 28 53 233
146 34 25 41
146 60 27 8
146 61 7 89
146 76 2 48
146 79 38 302
146 82 13 34
146 117 50 79
146 119 20 437
147 12 20 229
147 14 13 11
147 16 57 304
147 20 52 124
147 23 35 261
147 27 25 37
147 28 3 233
147 29 31 50
147 38 1 310
147 64 17 325
147 76 50 415
147 90 27 346
147 100 8 422
148 7 34 72
148 15 52 369
148 25 39 309
148 41 19 230
148 42 5 358
148 47 50 60
148 48 45 408
148 63 13 2
148 65 26 433
148 68 10 290
148 75 55 421
148 91 1 190
149 2 17 193
149 7 10 72
149 11 44 144
149 13 1 106
149 21 25 187
149 22 13 136
149 35 57 20
149 41 34 399
149 45 41 370
149 51 37 444
149 58 49 442
149 83 20 231
150 3 38 135
150 6 25 411
150 31 31 427
150 33 2 11
150 38 23 280
150 40 51 431
150 41 55 68
150 68 49 342
150 69 16 211
150 95 19 397
150 108 28 443
150 118 59 139
150 120 45 26
151 5 49 147
151 6 13 241
151 7 37 72
151 15 7 369
151 33 9 13
151 34 47 234
151 35 3 20
151 70 29 111
151 72 43 141
151 76 33 415
151 101 16 31
151 118 27 139
152 5 43 147
152 16 16 304
152 52 23 450
152 61 40 89
152 68 5 290
152 70 19 111
152 74 56 194
152 104 1 279
152 112 10 308
152 114 29 110
152 115 25 322
152 117 13 79
153 23 25 400
153 38 23 153
153 40 37 6
153 45 55 258
153 53 19 18
153 58 45 209
153 60 14 255
153 61 40 138
153 72 57 149
153 73 4 188
153 75 7 421
153 78 1 319
153 90 51 148
153 107 17 39
153 111 28 49
154 14 14 33
154 25 57 29
154 28 29 233
154 36 22 375
154 38 4 379
154 51 37 172
154 62 10 113
154 66 51 424
154 80 32 384
154 105 7 247
154 108 25 227
154 114 1 257
155 8 16 202
155 10 21 237
155 16 46 304
155 32 40 117
155 43 1 281
155 48 35 408
155 57 7 45
155 63 4 2
155 69 11 211
155 85 19 52
155 94 38 264
155 101 26 14
155 103 31 248
155 114 13 110
156 1 25 1
156 2 57 54
156 4 7 382
156 19 3 103
156 36 13 263
156 47 47 256
156 51 44 255
156 62 19 243
156 67 10 61
156 78 16 430
156 87 53 186
156 112 50 308
156 117 5 200
157 1 13 1
157 33 31 122
157 43 10 389
157 52 49 450
157 55 51 36
157 56 45 410
157 59 37 207
157 71 20 355
157 73 58 320
157 92 7 32
157 97 1 354
157 99 25 206
157 104 55 432
158 7 25 317
158 8 31 9
158 11 13 205
158 31 39 419
158 33 19 159
158 44 46 376
158 60 10 343
158 70 1 111
158 79 33 300
158 83 51 285
158 86 56 215
158 88 5 364
158 107 3 39
158 114 44 110
159 10 52 237
159 17 55 330
159 26 20 88
159 29 37 121
159 30 41 139
159 32 15 291
159 37 33 44
159 38 43 305
159 45 59 370
159 65 1 288
159 74 7 194
159 82 26 197
159 89 49 242
159 97 45 77
160 11 31 214
160 13 7 313
160 25 51 150
160 43 20 281
160 45 27 370
160 52 11 450
160 61 45 89
160 69 3 211
160 74 37 357
160 78 16 259
160 93 13 448
160 109 56 38
161 1 38 1
161 14 20 401
161 17 43 432
161 47 29 60
161 55 49 219
161 56 7 410
161 62 10 195
161 65 31 59
161 68 35 422
161 87 5 186
161 100 57 323
161 106 25 171
161 110 1 409
161 120 16 305
162 34 7 41
162 39 9 277
162 42 1 358
162 47 41 256
162 63 52 2
162 74 13 357
162 79 19 300
162 84 31 416
162 89 45 161
162 98 55 374
162 104 4 97
162 108 38 443
162 114 27 110
163 15 53 417
163 16 31 253
163 23 19 219
163 39 13 277
163 44 35 376
163 56 55 410
163 63 16 2
163 70 11 111
163 83 1 91
163 85 37 52
163 88 49 364
163 91 7 190
163 103 40 99
164 2 19 193
164 11 3 205
164 13 21 106
164 41 9 399
164 45 1 258
164 71 25 3
164 91 55 190
164 98 33 374
164 108 43 104
164 110 46 409
164 112 16 308
164 114 40 3
164 117 51 200
165 16 28 253
165 27 13 37
165 29 39 143
165 37 56 96
165 43 16 318
165 47 8 60
165 48 3 411
165 72 51 141
165 81 45 337
165 82 31 23
165 94 1 424
165 105 11 115
165 109 22 38
166 3 7 101
166 8 11 202
166 13 57 273
166 14 38 31
166 28 21 233
166 40 2 6
166 91 25 190
166 92 46 310
166 99 49 120
166 113 55 162
166 119 31 232
166 120 43 332
167 14 55 33
167 16 10 304
167 18 52 73
167 25 15 309
167 26 26 36
167 35 37 265
167 38 13 153
167 51 7 255
167 55 20 36
167 71 33 355
167 78 4 259
167 92 1 32
167 109 43 353
167 120 40 26
168 3 15 169
168 10 31 83
168 14 55 401
168 17 27 226
168 26 7 88
168 33 51 359
168 37 2 68
168 38 5 305
168 57 19 45
168 60 34 255
168 74 38 194
168 86 43 276
168 87 23 186
168 92 10 331
169 8 53 202
169 11 56 341
169 20 46 124
169 27 3 37
169 28 14 233
169 38 23 305
169 39 41 277
169 66 25 189
169 90 37 148
169 95 49 397
169 120 34 305
170 35 10 20
170 38 25 305
170 41 27 230
170 56 13 208
170 69 34 211
170 73 55 188
170 76 40 48
170 81 20 349
170 89 7 379
170 95 1 397
170 105 37 115
170 115 31 287
170 117 3 79
171 2 49 193
171 23 15 261
171 25 31 309
171 30 5 139
171 41 1 399
171 45 57 370
171 67 13 61
171 68 7 342
171 82 43 177
171 83 51 272
171 89 28 431
171 100 37 229
171 113 10 162
171 120 19 26
172 2 1 193
172 3 49 101
172 8 43 355
172 9 37 21
172 10 16 235
172 13 56 212
172 27 29 37
172 33 8 359
172 59 3 296
172 74 25 418
172 82 19 197
172 86 33 435
172 88 53 137
172 102 45 61
173 5 46 147
173 8 49 202
173 9 33 21
173 15 43 369
173 18 16 73
173 28 31 233
173 32 28 117
173 33 20 13
173 45 26 258
173 74 51 357
173 81 2 301
173 112 13 308
173 117 40 200
173 119 8 396
174 8 41 202
174 12 39 142
174 24 21 393
174 51 25 377
174 66 3 189
174 69 19 211
174 71 49 439
174 72 13 149
174 85 23 52
174 93 53 448
174 105 29 115
174 108 55 227
174 112 58 441
174 117 11 200
174 120 8 332
175 13 45 413
175 14 8 401
175 23 23 54
175 34 57 234
175 41 37 399
175 48 1 411
175 63 25 202
175 79 19 430
175 81 51 434
175 88 33 137
175 98 43 374
175 104 40 432
175 108 4 55
175 109 28 353
175 116 14 225
176 12 41 229
176 16 4 428
176 30 21 139
176 39 50 281
176 51 34 48
176 56 13 390
176 78 1 259
176 84 8 65
176 90 55 131
176 102 27 61
176 112 16 175
176 118 47 139
176 119 37 14
177 3 55 166
177 16 49 304
177 31 9 427
177 38 22 310
177 46 43 73
177 47 7 256
177 48 39 103
177 83 25 91
177 88 35 137
177 101 13 31
177 102 2 239
177 109 46 353
177 113 16 262
178 11 13 394
178 37 25 301
178 41 46 68
178 43 8 318
178 44 2 376
178 45 28 258
178 57 37 45
178 61 4 360
178 63 43 202
178 69 21 211
178 72 32 183
178 80 52 223
178 97 55 354
178 109 39 353
178 120 49 305
179 9 32 400
179 15 1 369
179 36 5 375
179 43 43 281
179 47 39 256
179 57 41 45
179 62 15 195
179 69 57 211
179 77 13 104
179 91 50 198
179 99 8 329
179 111 28 436
179 115 46 287
179 117 22 200
180 4 49 382
180 23 58 261
180 36 17 293
180 43 33 318
180 76 23 48
180 82 25 177
180 83 44 412
180 90 13 403
180 95 29 316
180 101 20 4
180 102 9 180
180 114 4 110
180 117 31 79
181 2 57 193
181 15 5 74
181 17 7 432
181 19 41 103
181 22 20 116
181 37 2 44
181 41 25 399
181 51 50 172
181 52 39 450
181 55 15 324
181 60 46 246
181 68 53 422
181 77 28 104
181 110 31 409
182 15 35 369
182 19 47 103
182 28 23 197
182 38 21 314
182 44 19 376
182 45 25 370
182 52 15 450
182 59 43 62
182 60 27 343
182 91 8 380
182 92 1 348
182 106 40 171
182 107 49 39
182 108 32 227
182 111 56 53
183 14 37 33
183 21 46 187
183 25 15 62
183 38 4 314
183 51 33 172
183 69 28 211
183 72 7 166
183 79 49 430
183 84 21 315
183 85 13 340
183 109 25 201
183 114 58 110
184 12 17 142
184 20 55 124
184 24 53 393
184 33 13 159
184 38 58 280
184 45 43 258
184 69 49 211
184 78 25 80
184 82 9 177
184 84 38 416
184 90 33 423
184 99 1 120
184 105 29 247
184 120 21 338
185 3 21 376
185 9 3 21
185 13 7 212
185 24 57 393
185 33 51 122
185 34 11 41
185 38 39 305
185 57 59 45
185 61 25 138
185 88 15 137
185 99 31 27
185 114 45 3
186 2 41 193
186 28 19 233
186 30 3 139
186 52 35 450
186 57 57 45
186 75 37 421
186 77 7 5
186 81 31 337
186 83 50 136
186 88 9 137
186 90 21 403
186 101 14 4
186 105 45 115
186 117 28 200
186 120 25 332
187 19 49 103
187 22 33 116
187 26 40 191
187 31 7 335
187 33 26 16
187 41 45 230
187 43 57 318
187 64 37 325
187 66 19 280
187 67 4 269
187 68 2 422
187 75 13 421
187 76 31 415
187 115 16 287
187 120 52 332
188 6 7 140
188 8 35 202
188 11 27 144
188 17 13 32
188 20 31 124
188 41 49 230
188 47 2 256
188 70 5 111
188 77 20 104
188 119 38 314
189 4 55 382
189 25 1 113
189 26 28 88
189 27 21 37
189 30 53 139
189 38 47 305
189 45 8 258
189 80 10 223
189 92 44 32
189 98 35 374
189 100 49 422
189 107 5 39
189 113 19 64
190 4 16 382
190 31 19 335
190 51 45 444
190 55 7 158
190 56 25 410
190 63 49 2
190 67 11 442
190 72 37 289
190 94 13 424
190 104 32 97
190 109 55 353
190 114 52 110
190 115 4 287
191 8 17 9
191 16 43 304
191 31 19 419
191 36 7 293
191 43 46 235
191 64 23 337
191 69 5 77
191 75 10 421
191 83 13 231
191 84 50 282
191 87 29 186
191 108 32 443
191 114 55 208
192 15 50 369
192 22 27 75
192 29 32 121
192 44 38 60
192 52 47 450
192 61 20 138
192 64 13 195
192 65 43 288
192 84 2 16
192 92 52 348
192 100 7 114
192 105 15 115
193 2 11 54
193 16 13 304
193 30 9 139
193 39 16 277
193 44 7 80
193 45 19 370
193 49 58 182
193 51 28 377
193 73 25 188
193 77 3 5
193 96 21 268
193 101 49 14
193 113 52 64
194 8 55 202
194 12 5 229
194 35 7 297
194 40 10 6
194 42 39 358
194 46 3 73
194 49 52 182
194 70 13 111
194 76 1 415
194 90 45 346
194 100 15 229
194 103 32 99
194 116 57 225
195 4 1 382
195 11 15 214
195 15 37 369
195 29 20 143
195 40 57 35
195 58 39 68
195 69 47 211
195 76 27 415
195 82 32 34
195 83 8 285
195 88 13 364
195 102 51 440
195 106 43 171
196 10 16 252
196 25 20 150
196 26 40 291
196 36 2 293
196 37 58 44
196 55 32 219
196 56 9 390
196 65 27 288
196 79 49 447
196 115 37 322
196 119 43 14
197 3 37 246
197 24 3 393
197 27 11 37
197 31 44 335
197 32 7 371
197 34 1 234
197 35 52 20
197 49 16 182
197 67 5 196
197 68 31 342
197 74 33 418
197 90 55 403
197 91 19 190
197 109 13 38
197 113 26 162
198 26 32 88
198 45 53 258
198 47 39 372
198 52 3 450
198 57 55 45
198 60 43 246
198 74 13 418
198 83 7 231
198 88 11 137
198 97 21 247
198 98 19 172
198 100 49 114
198 101 26 4
198 108 58 227
198 113 37 162
199 6 49 140
199 8 13 9
199 13 31 313
199 14 57 11
199 23 4 261
199 25 15 113
199 56 25 390
199 62 1 195
199 63 7 445
199 66 43 280
199 85 38 340
199 102 20 440
199 111 10 436
199 114 41 110
199 117 55 79
200 16 14 253
200 26 19 227
200 27 37 37
200 35 9 265
200 40 49 191
200 63 22 445
200 88 7 137
200 91 31 217
200 93 45 448
200 98 1 374
200 108 3 443
200 110 55 409
200 120 28 26
201 21 7 187
201 30 13 139
201 35 19 265
201 39 31 277
201 47 51 256
201 48 11 411
201 61 4 138
201 71 33 3
201 81 15 78
201 82 25 34
201 91 38 190
201 100 56 114
201 103 43 248
201 108 22 227
202 2 39 193
202 11 27 214
202 18 10 73
202 38 4 153
202 39 1 277
202 42 37 358
202 51 34 444
202 86 14 93
202 92 49 32
202 107 47 39
202 108 43 443
202 117 20 79
203 25 44 309
203 26 25 88
203 28 41 197
203 31 19 298
203 36 39 375
203 59 32 125
203 65 50 131
203 68 55 422
203 76 37 253
203 84 3 282
203 88 28 364
203 92 58 310
203 97 7 64
203 120 16 26
204 9 1 142
204 17 21 226
204 22 45 116
204 24 41 393
204 36 50 293
204 38 19 153
204 43 10 235
204 48 7 411
204 92 34 310
204 94 43 424
204 108 52 443
204 117 15 200
205 24 29 393
205 34 55 234
205 36 1 30
205 43 40 318
205 50 13 213
205 62 57 113
205 66 31 189
205 77 8 104
205 78 26 259
205 98 37 374
205 109 22 353
205 119 43 437
206 8 7 9
206 9 9 142
206 13 50 313
206 32 13 117
206 34 16 179
206 40 31 431
206 57 45 45
206 86 21 93
206 95 47 397
206 104 2 432
206 108 25 104
206 111 28 53
206 119 37 437
207 32 28 371
207 33 8 107
207 44 14 60
207 54 57 334
207 59 33 207
207 63 25 445
207 71 1 3
207 77 16 407
207 82 44 349
207 83 37 91
207 84 49 446
207 93 31 448
207 95 21 397
208 32 45 117
208 61 13 89
208 66 55 424
208 69 11 323
208 78 49 259
208 84 32 302
208 90 39 403
208 91 3 217
208 95 43 316
208 96 7 268
208 98 27 374
208 99 19 206
208 101 16 381
208 120 52 305
209 1 49 1
209 7 7 317
209 11 19 144
209 27 34 37
209 32 56 117
209 35 37 297
209 45 5 370
209 49 1 182
209 51 40 444
209 57 23 45
209 73 14 188
209 89 10 431
209 107 59 39
209 117 17 128
210 6 22 140
210 12 7 229
210 25 3 29
210 26 25 191
210 29 10 50
210 34 16 234
210 58 51 209
210 61 13 138
210 62 1 243
210 83 37 231
210 103 55 99
210 107 44 58
211 5 10 147
211 12 5 142
211 25 1 309
211 40 26 6
211 60 49 246
211 64 29 337
211 65 21 131
211 67 57 61
211 78 7 259
211 80 16 223
211 91 38 380
211 104 46 279
212 10 44 252
212 14 27 401
212 16 22 304
212 23 1 400
212 26 4 36
212 29 31 143
212 32 8 291
212 36 50 263
212 63 37 202
212 65 14 59
212 79 56 302
212 87 41 335
212 104 52 278
213 5 58 147
213 29 28 143
213 33 49 159
213 39 19 277
213 40 44 35
213 44 9 80
213 55 3 324
213 58 39 62
213 65 31 288
213 72 21 289
213 80 55 262
213 94 1 264
213 105 17 71
213 120 25 26
214 3 43 101
214 35 49 307
214 36 16 263
214 43 52 281
214 45 13 370
214 55 25 219
214 74 3 418
214 79 8 302
214 93 39 448
214 100 31 422
214 111 21 436
214 119 57 232
215 4 52 382
215 6 40 241
215 10 49 237
215 24 31 393
215 59 33 398
215 61 44 138
215 71 15 439
215 73 1 188
215 80 7 384
215 81 55 349
215 87 10 239
215 95 38 397
215 103 25 248
215 109 19 353
216 23 7 261
216 44 4 60
216 54 39 334
216 75 1 421
216 80 10 384
216 87 51 186
216 93 59 448
216 98 32 106
216 99 43 341
216 104 55 97
216 106 16 171
216 112 20 175
216 116 26 225
216 117 13 200
217 4 25 382
217 26 33 291
217 34 2 41
217 36 50 375
217 38 31 305
217 39 47 277
217 64 4 325
217 72 43 289
217 74 20 194
217 77 59 407
217 83 13 257
217 104 28 279
217 112 55 417
218 6 25 241
218 26 43 191
218 31 13 419
218 38 58 314
218 43 1 235
218 52 41 450
218 60 46 343
218 73 50 320
218 81 31 434
218 88 11 364
218 100 19 422
218 101 37 4
218 114 9 110
219 7 1 72
219 10 57 235
219 11 32 144
219 17 44 151
219 19 55 103
219 23 29 219
219 45 11 258
219 58 7 442
219 68 17 422
219 70 23 111
219 73 50 188
219 90 19 331
219 93 15 448
219 99 39 206
219 110 4 409
220 8 49 9
220 13 3 313
220 28 41 233
220 33 21 122
220 36 9 293
220 40 31 35
220 58 56 442
220 69 14 211
220 77 1 407
220 80 28 223
220 98 19 434
220 114 11 257
220 118 39 139
221 8 1 355
221 9 8 319
221 27 19 37
221 32 50 117
221 39 23 277
221 49 13 182
221 50 25 213
221 59 37 324
221 70 44 111
221 84 3 95
221 92 28 32
221 94 31 264
221 114 16 110
221 118 33 139
222 3 7 242
222 8 33 202
222 12 11 229
222 23 49 150
222 31 13 427
222 63 4 445
222 66 20 189
222 101 52 14
222 104 58 97
222 107 26 39
222 108 55 443
222 112 43 417
223 16 28 304
223 25 57 243
223 31 13 298
223 50 10 213
223 66 3 424
223 67 55 61
223 83 32 257
223 109 49 353
223 116 19 225
224 2 43 193
224 17 13 151
224 23 31 261
224 36 29 375
224 45 39 370
224 47 35 256
224 67 7 78
224 68 33 342
224 86 9 93
224 90 21 346
224 100 49 5
224 111 25 436
224 119 55 36
225 9 51 400
225 34 9 234
225 45 1 370
225 50 43 213
225 59 55 62
225 73 37 188
225 85 16 52
225 93 11 448
225 99 27 311
225 105 4 115
225 108 40 104
226 8 55 355
226 12 33 229
226 14 7 35
226 41 4 399
226 45 29 370
226 54 19 334
226 56 52 390
226 60 49 255
226 62 25 243
226 88 15 364
226 89 38 161
226 102 43 440
226 107 2 232
227 3 26 246
227 21 34 187
227 26 2 244
227 33 39 159
227 37 14 44
227 48 22 411
227 82 43 338
227 84 56 416
227 90 7 346
227 98 11 374
227 106 49 171
227 117 19 200
228 9 8 292
228 34 5 41
228 35 43 265
228 52 59 450
228 56 22 362
228 86 50 93
228 91 31 380
228 99 39 329
228 106 55 171
228 112 13 23
228 113 46 162
228 119 1 14
229 11 8 214
229 15 22 369
229 21 31 187
229 31 44 419
229 32 19 291
229 59 27 398
229 63 1 445
229 70 59 111
229 72 55 292
229 89 34 242
229 90 38 423
229 91 49 34
229 101 15 14
229 113 4 64
230 28 47 233
230 39 34 277
230 43 13 281
230 59 1 396
230 60 7 246
230 71 51 355
230 85 41 340
230 92 16 348
230 97 55 64
230 100 25 114
230 113 19 162
230 116 43 225
231 10 2 252
231 16 19 253
231 18 40 73
231 23 5 54
231 24 49 393
231 33 8 122
231 40 57 191
231 44 17 80
231 72 32 289
231 76 14 48
231 83 51 412
231 87 26 90
231 110 43 409
231 114 22 110
232 15 26 369
232 17 57 151
232 32 16 117
232 44 11 376
232 63 7 202
232 70 51 111
232 79 45 300
232 84 31 282
232 94 43 264
232 105 39 115
232 107 13 39
232 113 35 162
232 120 28 305
233 8 40 9
233 12 29 142
233 31 19 427
233 35 46 297
233 36 32 30
233 63 14 445
233 64 1 325
233 66 3 276
233 67 7 61
233 76 11 415
233 77 17 104
233 81 25 337
233 112 58 308
233 120 55 332
234 24 35 393
234 28 25 233
234 37 46 96
234 40 40 6
234 45 21 370
234 48 55 411
234 53 9 18
234 56 4 362
234 66 49 276
234 69 19 77
234 86 14 215
234 98 7 2
234 109 37 38
235 7 22 317
235 19 19 103
235 26 10 36
235 35 31 265
235 37 2 96
235 38 7 305
235 40 25 35
235 55 43 204
235 74 49 194
235 82 55 34
235 86 38 435
235 92 34 32
235 97 13 77
235 113 5 262
236 2 1 54
236 7 52 72
236 11 26 341
236 35 49 20
236 60 32 343
236 61 20 89
236 69 41 77
236 83 44 231
236 85 35 340
236 87 3 186
236 94 10 325
236 95 13 397
236 99 57 206
236 103 16 248
236 107 37 39
237 3 55 101
237 15 19 369
237 24 33 393
237 25 14 150
237 26 7 36
237 32 2 291
237 35 39 20
237 59 27 207
237 66 51 189
237 78 46 80
237 94 22 264
237 108 10 227
238 7 14 72
238 8 56 9
238 10 31 237
238 11 26 120
238 15 11 417
238 27 17 37
238 45 3 370
238 52 37 450
238 63 19 202
238 75 46 421
238 81 39 301
238 87 8 186
238 117 53 79
239 2 11 279
239 12 33 142
239 18 28 73
239 24 19 393
239 27 59 37
239 51 2 444
239 56 15 410
239 57 9 45
239 60 52 255
239 65 21 59
239 83 45 257
239 95 25 397
239 105 31 115
239 108 37 104
239 110 49 409
240 6 8 314
240 9 55 21
240 11 37 144
240 12 23 229
240 38 28 153
240 69 26 77
240 80 46 223
240 86 19 215
240 91 32 190
240 97 14 64
240 101 52 4
240 104 1 97
240 113 43 262
240 114 11 110
241 3 9 135
241 9 21 21
241 19 7 103
241 66 33 276
241 73 14 320
241 85 59 340
241 91 39 34
241 92 55 310
241 94 19 325
241 96 49 268
241 103 4 248
241 104 27 432
241 115 45 278
242 4 31 382
242 5 19 147
242 11 57 214
242 12 7 142
242 18 22 73
242 21 43 187
242 29 25 143
242 35 34 265
242 40 51 6
242 66 14 189
242 70 39 111
242 71 9 251
242 95 55 316
242 112 28 417
243 12 50 142
243 29 34 50
243 31 1 419
243 58 26 68
243 95 15 316
243 97 39 354
243 98 7 374
243 106 22 171
243 112 9 412
243 113 13 162
243 115 57 287
244 13 19 413
244 19 51 103
244 27 53 37
244 48 37 411
244 57 43 45
244 59 32 396
244 62 55 195
244 78 58 430
244 85 27 52
244 89 45 431
244 95 1 316
244 110 40 409
244 114 25 110
245 9 7 400
245 12 25 142
245 17 50 151
245 20 28 124
245 23 47 261
245 26 16 227
245 33 3 13
245 37 19 301
245 47 55 372
245 50 31 213
245 61 34 138
245 75 22 421
245 82 43 34
245 86 57 175
246 7 14 317
246 35 1 265
246 36 35 375
246 37 39 96
246 49 46 182
246 65 25 131
246 66 57 189
246 72 9 149
246 78 22 80
246 92 4 331
246 94 20 264
246 100 51 229
246 107 43 39
246 108 31 359
247 12 44 229
247 17 39 226
247 19 1 103
247 33 55 13
247 56 28 410
247 87 37 186
247 89 50 161
247 90 9 403
247 108 46 443
247 110 13 409
247 119 33 348
247 120 21 332
248 11 33 341
248 16 52 304
248 28 1 197
248 44 50 376
248 47 19 256
248 50 55 213
248 58 44 70
248 72 3 141
248 73 37 326
248 100 21 323
248 102 9 440
248 109 16 353
248 110 28 409
248 117 7 200
249 11 3 144
249 27 23 37
249 32 33 117
249 50 16 213
249 64 41 337
249 65 50 59
249 72 27 289
249 78 58 80
249 99 7 120
249 100 44 422
249 104 37 432
249 117 56 200
250 10 13 252
250 30 19 139
250 44 9 376
250 47 11 256
250 69 51 211
250 72 31 149
250 74 45 418
250 78 28 80
250 85 17 340
250 102 55 180
250 104 1 278
250 114 39 110
251 10 27 237
251 14 32 31
251 15 45 369
251 26 13 244
251 54 49 334
251 57 16 45
251 60 19 255
251 72 38 149
251 81 56 183
251 84 3 302
251 87 1 335
251 103 22 99
251 106 10 171
252 10 58 252
252 17 13 173
252 23 9 261
252 26 3 191
252 28 17 197
252 34 43 234
252 47 37 256
252 49 55 182
252 68 29 422
252 88 1 137
252 105 52 115
252 119 19 384
253 2 26 193
253 15 57 369
253 39 55 277
253 43 3 318
253 65 31 433
253 76 43 415
253 83 20 272
253 87 49 186
253 91 45 330
253 94 35 264
253 100 7 404
253 104 38 97
253 108 13 227
254 8 37 355
254 9 49 319
254 19 25 103
254 20 16 124
254 25 1 150
254 34 33 234
254 37 28 44
254 59 43 396
254 60 10 255
254 75 58 421
254 92 7 348
254 94 14 264
254 109 55 201
255 10 28 252
255 17 44 125
255 34 31 234
255 52 7 450
255 58 14 442
255 65 9 433
255 70 33 111
255 90 50 423
255 92 40 348
255 95 58 316
255 101 1 381
255 112 21 308
256 3 26 169
256 7 40 72
256 45 10 370
256 62 17 195
256 63 4 202
256 64 19 337
256 65 32 164
256 69 1 211
256 81 56 337
256 83 13 91
256 89 7 431
256 99 21 27
256 108 51 55
257 4 13 382
257 19 43 103
257 26 52 291
257 27 1 37
257 29 16 121
257 41 28 399
257 45 3 258
257 53 31 18
257 64 59 33
257 83 9 272
257 85 5 52
257 94 45 264
257 107 7 232
258 2 4 279
258 4 46 382
258 8 31 355
258 10 34 237
258 37 43 68
258 43 56 281
258 80 25 179
258 82 19 34
258 85 53 52
258 87 50 335
258 95 28 397
258 102 13 180
258 104 37 279
258 119 8 14
259 3 31 376
259 6 39 140
259 19 45 103
259 26 13 36
259 46 19 73
259 54 2 334
259 78 52 80
259 91 8 330
259 97 21 64
259 104 16 278
260 17 21 125
260 28 7 233
260 30 43 139
260 36 37 375
260 38 15 153
260 50 52 213
260 55 9 324
260 65 1 131
260 92 56 32
260 93 49 448
260 105 13 115
260 120 33 26
261 10 7 252
261 17 55 226
261 18 49 73
261 42 3 358
261 44 19 60
261 46 1 73
261 61 37 138
261 68 41 422
261 73 43 320
261 86 26 215
261 95 23 316
261 103 46 99
261 109 10 353
261 113 59 162
262 26 31 191
262 46 35 73
262 52 13 450
262 55 39 219
262 62 44 195
262 68 5 422
262 71 19 439
262 89 58 161
262 104 15 97
262 110 9 409
262 114 28 65
262 117 1 79
263 2 21 193
263 24 45 393
263 25 14 29
263 34 3 234
263 37 55 44
263 42 35 358
263 43 38 281
263 44 11 60
263 61 25 438
263 62 5 113
263 64 8 33
263 104 50 97
263 113 23 162
264 4 22 382
264 31 39 427
264 35 25 20
264 37 2 173
264 40 31 6
264 44 7 376
264 47 43 60
264 51 19 444
264 58 55 108
264 59 45 398
264 65 9 131
264 76 13 415
264 87 51 239
264 104 16 251
264 117 28 79
265 10 7 435
265 13 31 413
265 14 39 35
265 23 49 261
265 31 1 427
265 44 5 80
265 52 21 450
265 55 56 265
265 59 14 396
265 67 23 61
265 75 43 421
265 77 10 104
265 99 25 329
266 6 49 314
266 9 26 21
266 10 46 237
266 22 9 75
266 26 58 244
266 40 4 35
266 45 37 370
266 49 40 182
266 51 21 172
266 62 32 195
266 78 55 430
266 95 52 316
266 106 34 171
266 107 1 39
266 112 14 441
267 16 22 253
267 20 34 124
267 22 13 75
267 37 45 44
267 45 17 258
267 52 25 450
267 53 2 18
267 60 58 246
267 72 7 289
267 78 19 259
267 91 27 330
267 108 49 443
267 111 37 436
267 114 32 110
268 10 50 252
268 26 1 36
268 36 4 293
268 37 34 96
268 38 26 153
268 40 56 6
268 55 13 219
268 60 19 342
268 79 9 447
268 82 37 177
268 88 41 364
268 105 17 247
268 115 28 322
269 8 59 355
269 23 37 150
269 33 45 122
269 43 13 318
269 58 9 209
269 81 2 434
269 87 35 186
269 93 57 448
269 94 7 264
269 99 19 341
269 100 49 323
269 101 40 381
269 106 28 171
269 113 43 162
270 11 31 205
270 27 55 37
270 29 46 143
270 31 57 335
270 33 25 13
270 36 17 375
270 48 11 408
270 51 14 444
270 58 19 70
270 61 7 138
270 82 2 177
270 84 49 95
270 97 38 247
270 103 43 99
270 113 53 162
271 2 59 193
271 3 21 135
271 14 44 31
271 29 14 50
271 31 27 419
271 40 7 394
271 52 57 450
271 58 32 442
271 70 41 111
271 78 49 80
271 83 3 257
271 85 55 52
271 100 37 422
271 114 17 65
272 3 38 376
272 10 25 252
272 11 50 214
272 28 59 197
272 33 15 122
272 37 8 96
272 42 45 358
272 51 22 444
272 71 31 439
272 85 11 201
272 89 19 379
272 101 56 4
272 112 2 308
273 12 27 229
273 21 4 187
273 26 38 88
273 55 9 204
273 56 51 362
273 65 56 433
273 69 7 77
273 99 13 311
273 100 45 5
273 108 21 443
273 115 1 322
274 5 22 147
274 9 8 21
274 13 26 313
274 15 40 369
274 19 13 103
274 51 55 172
274 59 3 207
274 78 37 191
274 79 43 351
274 95 47 316
274 97 33 64
274 102 15 366
274 106 52 171
274 114 19 110
275 10 16 435
275 14 20 35
275 28 1 233
275 31 55 298
275 37 52 173
275 69 5 211
275 72 25 166
275 73 33 188
275 83 7 91
275 101 40 4
275 107 14 232
275 113 43 148
275 120 37 332
276 2 51 193
276 24 47 393
276 37 34 301
276 41 13 68
276 58 20 68
276 62 55 243
276 70 3 111
276 85 9 340
276 86 43 215
276 89 40 431
276 90 57 148
276 118 7 139
277 15 31 369
277 16 19 304
277 25 50 29
277 29 25 121
277 31 14 335
277 36 1 375
277 65 9 59
277 69 29 159
277 90 45 148
277 92 38 32
277 115 4 322
278 7 10 317
278 19 57 103
278 23 13 261
278 27 49 37
278 37 16 96
278 43 26 318
278 47 1 372
278 81 21 434
278 87 59 186
278 99 3 311
278 102 39 440
278 105 33 115
278 111 7 436
278 112 44 308
279 7 31 72
279 22 38 136
279 56 58 390
279 57 47 45
279 69 26 211
279 78 34 259
279 81 9 434
279 82 49 197
279 85 3 340
279 100 20 5
279 103 28 248
279 107 53 39
279 108 14 443
279 114 7 208
279 117 17 200
280 8 13 202
280 17 15 330
280 35 7 20
280 45 23 370
280 46 5 73
280 52 27 450
280 77 51 407
280 80 19 262
280 86 1 93
280 98 53 374
280 100 38 114
280 102 55 239
280 117 25 79
280 120 46 332
281 6 43 314
281 10 27 235
281 33 21 11
281 47 25 60
281 49 10 182
281 56 46 390
281 72 1 149
281 73 7 320
281 84 13 282
281 86 32 175
281 99 51 206
281 102 37 61
281 119 57 384
282 3 45 166
282 8 17 355
282 10 4 237
282 25 51 243
282 27 15 37
282 29 34 143
282 34 49 234
282 35 28 20
282 52 55 450
282 65 21 288
282 87 10 186
282 91 57 125
282 116 37 225
283 8 37 9
283 16 40 304
283 29 58 121
283 34 28 234
283 37 25 96
283 38 53 153
283 43 4 235
283 56 44 362
283 59 49 125
283 71 20 9
283 85 31 340
283 97 14 354
283 98 7 434
283 109 33 353
283 112 9 441
284 6 13 140
284 8 4 9
284 9 37 292
284 23 23 261
284 26 58 291
284 34 11 179
284 35 25 265
284 38 41 305
284 89 46 379
284 100 7 323
284 104 33 279
284 111 52 436
285 4 10 382
285 13 14 413
285 26 45 227
285 35 22 297
285 51 19 48
285 55 2 251
285 63 39 2
285 71 27 439
285 81 49 337
285 88 25 137
285 93 33 448
285 119 56 437
286 20 4 124
286 29 22 121
286 40 19 6
286 41 14 230
286 58 38 209
286 60 56 343
286 68 59 342
286 71 25 9
286 79 44 302
286 85 35 201
286 88 51 358
286 97 8 354
286 98 17 374
286 100 31 5
287 4 19 382
287 19 11 103
287 32 4 371
287 60 22 255
287 65 43 433
287 68 35 342
287 78 55 80
287 81 27 101
287 82 13 338
287 92 8 310
287 96 37 268
287 97 50 77
287 106 31 171
287 110 58 409
287 120 1 305
288 16 9 428
288 24 1 393
288 25 20 113
288 40 14 6
288 49 31 182
288 60 58 255
288 67 3 61
288 72 49 289
288 76 7 48
288 80 39 179
288 92 27 348
288 101 55 269
288 105 45 71
289 13 1 413
289 19 33 103
289 34 5 234
289 35 28 265
289 47 51 372
289 65 13 288
289 66 45 424
289 91 55 380
289 92 10 348
289 94 41 424
289 100 20 114
289 101 7 4
289 111 38 313
290 19 59 103
290 43 33 281
290 59 50 62
290 74 9 199
290 76 3 415
290 95 13 316
290 105 27 115
290 108 39 227
290 112 19 23
290 118 17 139
290 119 43 384
291 7 2 317
291 19 53 103
291 23 55 150
291 26 37 291
291 31 7 419
291 38 11 153
291 45 5 258
291 52 43 450
291 60 31 255
291 70 57 111
291 91 45 190
292 9 31 319
292 17 49 226
292 30 57 139
292 32 19 371
292 38 9 153
292 48 44 411
292 49 37 182
292 58 3 209
292 64 23 33
292 76 35 415
292 87 1 186
292 99 13 206
293 5 1 147
293 12 58 142
293 14 49 16
293 28 45 233
293 60 4 157
293 66 7 424
293 71 21 3
293 73 28 180
293 80 25 223
293 84 13 65
293 86 39 55
293 89 34 431
294 9 14 400
294 16 8 253
294 22 2 116
294 36 25 263
294 40 22 6
294 41 45 399
294 74 38 95
294 80 52 179
294 84 57 65
294 85 29 340
294 95 35 316
294 101 31 14
294 104 19 432
294 120 49 26
295 1 8 1
295 13 44 106
295 15 29 369
295 22 25 116
295 47 16 256
295 72 2 289
295 87 14 239
295 88 56 364
295 89 31 242
295 91 50 380
295 104 21 97
295 107 34 39
295 119 38 341
296 6 46 241
296 10 43 237
296 13 27 212
296 14 33 401
296 34 11 234
296 41 22 23
296 56 19 362
296 72 13 289
296 76 9 415
296 80 38 223
296 84 55 282
296 89 1 161
296 119 49 396
297 2 29 193
297 13 20 212
297 25 32 29
297 27 57 37
297 34 40 234
297 47 43 256
297 58 7 70
297 63 1 202
297 64 11 33
297 76 25 415
297 80 52 384
297 88 16 358
297 92 49 348
297 98 47 374
298 6 4 140
298 7 22 72
298 11 50 341
298 14 45 11
298 24 27 393
298 28 11 84
298 39 29 277
298 43 19 318
298 46 33 73
298 66 7 189
298 78 55 259
298 92 58 348
298 93 2 448
298 101 14 269
298 106 37 171
299 6 10 351
299 10 7 237
299 22 21 75
299 24 14 393
299 27 51 37
299 40 28 35
299 58 32 62
299 63 58 202
299 74 1 357
299 84 44 416
299 93 41 448
299 95 53 397
299 97 37 77
299 111 25 53
300 2 53 193
300 37 10 301
300 40 34 35
300 46 58 73
300 47 31 256
300 67 21 196
300 70 55 111
300 74 1 194
300 76 16 48
300 83 27 231
300 86 45 435
300 104 50 251
300 107 23 39
300 108 7 227
Điểm tối ưu: 3944
Thời gian: 360.045333 giây
Trạng thái: VALID
