1070
1 3 9 18
1 4 31 108
1 6 4 69
1 13 7 72
1 19 34 75
1 20 15 74
1 22 43 68
1 23 37 53
1 26 1 57
1 27 26 58
1 28 19 51
1 29 57 96
1 30 40 59
1 31 17 105
2 3 1 18
2 7 19 105
2 8 15 2
2 11 32 88
2 15 27 21
2 16 43 35
2 21 40 37
2 22 37 68
2 24 49 71
2 26 5 95
2 28 55 73
2 30 46 59
2 32 9 44
3 5 4 36
3 8 39 55
3 10 31 56
3 11 1 88
3 13 47 114
3 19 28 49
3 20 19 74
3 21 21 90
3 22 49 68
3 24 13 10
3 26 17 95
3 28 7 40
3 30 52 59
3 31 41 19
3 32 43 44
4 1 13 1
4 3 37 75
4 9 52 53
4 12 25 30
4 13 7 114
4 15 17 20
4 18 43 54
4 19 49 49
4 20 39 87
4 21 4 90
4 24 31 10
4 25 9 15
4 31 11 45
4 32 20 109
5 3 17 18
5 6 39 85
5 8 26 101
5 10 7 53
5 14 13 34
5 19 52 49
5 20 33 87
5 21 49 79
5 23 19 119
5 25 59 15
5 27 55 84
5 29 3 63
5 32 43 109
6 2 52 29
6 5 1 116
6 6 37 69
6 8 3 101
6 11 19 28
6 13 17 72
6 14 31 19
6 15 23 20
6 16 58 99
6 18 13 104
6 21 49 90
6 27 8 5
6 28 43 40
7 1 16 1
7 9 4 113
7 13 31 72
7 15 41 51
7 16 10 99
7 18 37 104
7 19 20 75
7 28 33 73
7 29 23 63
7 30 25 19
7 31 59 52
7 32 50 109
8 1 55 1
8 8 5 55
8 9 31 76
8 11 7 83
8 16 19 104
8 17 49 33
8 19 39 75
8 21 10 79
8 23 13 53
8 27 44 118
8 28 1 51
8 30 16 19
8 31 25 45
9 3 21 18
9 5 19 116
9 6 16 69
9 12 7 17
9 15 23 21
9 16 13 99
9 18 43 20
9 19 4 49
9 20 11 87
9 21 27 79
9 23 1 119
9 29 25 63
9 31 41 45
10 5 31 116
10 6 19 69
10 9 22 113
10 10 14 56
10 13 5 72
10 14 25 34
10 15 29 51
10 19 37 49
10 21 55 90
10 23 7 52
10 25 33 15
10 26 35 95
10 27 1 118
10 30 10 21
11 4 1 108
11 5 31 36
11 9 40 76
11 11 13 88
11 12 7 93
11 13 11 72
11 18 56 20
11 19 25 49
11 21 16 79
11 23 34 53
11 29 4 96
11 32 49 6
12 1 4 1
12 2 34 29
12 3 41 18
12 6 10 85
12 11 7 88
12 13 15 114
12 14 21 11
12 16 28 99
12 20 1 74
12 23 49 52
12 24 57 111
12 25 53 25
12 27 37 118
12 31 47 105
13 5 33 36
13 7 57 105
13 9 1 113
13 12 49 17
13 15 46 76
13 16 19 35
13 18 38 54
13 20 35 87
13 22 10 68
13 23 25 52
13 26 7 57
13 27 13 118
13 30 43 59
14 4 4 12
14 5 50 36
14 8 7 55
14 9 31 113
14 15 58 21
14 18 25 20
14 19 10 49
14 22 46 68
14 23 52 119
14 26 29 95
14 28 14 110
14 30 22 59
14 32 38 6
15 2 55 29
15 3 59 18
15 6 49 69
15 7 8 105
15 9 22 76
15 11 4 28
15 13 1 72
15 21 31 90
15 23 52 19
15 25 25 50
15 27 43 84
15 29 13 96
15 31 41 52
15 32 15 44
16 2 37 29
16 3 51 18
16 4 55 12
16 5 27 36
16 8 25 55
16 9 58 53
16 11 13 28
16 12 32 17
16 14 43 19
16 24 7 10
16 27 1 84
16 28 20 40
16 29 11 106
17 2 10 29
17 4 52 12
17 11 28 28
17 12 1 93
17 15 35 21
17 18 19 54
17 20 16 87
17 21 49 42
17 22 25 68
17 24 31 111
17 25 5 15
17 29 14 63
17 30 7 21
17 31 37 45
18 4 22 12
18 6 28 85
18 9 19 76
18 10 13 115
18 11 25 88
18 15 56 21
18 19 46 49
18 21 34 79
18 23 7 119
18 26 17 57
18 30 10 59
18 31 31 45
18 32 1 109
19 4 25 12
19 11 40 88
19 13 23 72
19 16 7 35
19 17 13 33
19 19 56 49
19 21 28 90
19 23 4 119
19 25 1 50
19 27 19 5
19 28 43 51
19 31 51 45
20 1 52 1
20 3 39 18
20 4 13 12
20 5 34 116
20 6 1 69
20 15 43 21
20 20 32 74
20 22 16 68
20 24 19 111
20 26 57 57
20 27 7 84
20 29 11 96
20 30 49 59
20 32 25 44
21 6 4 85
21 11 22 28
21 14 25 95
21 15 29 20
21 16 1 99
21 19 16 49
21 20 20 87
21 21 10 90
21 22 7 68
21 23 39 119
21 24 32 52
21 25 43 15
21 27 55 58
21 28 49 51
21 29 37 63
22 2 1 29
22 3 27 18
22 5 29 116
22 11 37 88
22 12 49 93
22 14 7 95
22 15 17 51
22 16 4 99
22 18 13 20
22 23 55 119
22 26 25 57
22 27 20 84
22 28 31 51
22 32 43 6
23 2 4 29
23 4 49 108
23 8 35 101
23 9 25 76
23 12 56 17
23 14 19 95
23 19 7 49
23 20 14 87
23 22 28 68
23 23 10 52
23 24 37 52
23 26 53 95
23 27 31 84
23 28 44 110
23 31 23 45
24 1 22 1
24 5 9 116
24 6 34 85
24 11 31 28
24 14 56 11
24 15 53 21
24 21 28 42
24 22 1 68
24 24 43 71
24 25 19 15
24 28 37 73
24 29 7 106
25 1 34 1
25 2 14 29
25 3 7 18
25 4 31 12
25 5 25 116
25 8 17 55
25 10 1 115
25 13 9 72
25 15 53 51
25 21 37 79
25 26 27 57
25 27 44 58
25 28 19 73
26 3 25 18
26 5 35 36
26 6 28 69
26 13 5 114
26 14 57 95
26 15 49 76
26 16 22 99
26 19 7 32
26 23 46 52
26 25 55 25
26 26 43 95
26 27 37 58
26 28 1 40
26 32 13 6
27 1 43 1
27 5 37 36
27 6 55 85
27 8 17 101
27 9 40 113
27 10 7 56
27 11 52 88
27 12 13 17
27 14 2 34
27 16 19 99
27 18 32 20
27 21 25 90
27 23 49 119
27 25 11 25
27 30 22 19
28 1 7 1
28 4 46 108
28 5 41 116
28 6 19 85
28 7 26 105
28 9 1 76
28 10 50 115
28 14 37 11
28 17 55 33
28 21 22 42
28 26 31 57
28 27 33 58
28 28 13 51
28 30 4 19
28 31 59 19
29 3 44 18
29 5 3 116
29 9 7 76
29 14 37 34
29 15 5 51
29 16 34 99
29 21 31 79
29 23 19 19
29 25 16 50
29 31 13 45
29 32 25 6
30 3 19 18
30 5 22 116
30 6 31 69
30 9 37 113
30 10 49 110
30 15 40 21
30 16 43 99
30 18 2 54
30 21 10 42
30 24 25 111
30 28 14 40
30 30 7 59
30 31 29 45
30 32 56 6
31 2 28 29
31 3 46 18
31 4 16 12
31 5 7 116
31 10 31 115
31 11 10 28
31 13 43 114
31 15 23 51
31 19 3 32
31 21 25 42
31 23 49 19
31 24 38 71
31 26 35 57
31 29 1 106
31 32 55 109
32 1 40 1
32 5 25 36
32 8 13 2
32 9 28 113
32 13 44 72
32 15 32 21
32 19 15 32
32 20 5 74
32 24 20 71
32 25 9 25
32 28 49 73
32 29 7 96
32 30 1 21
32 31 35 45
32 32 55 32
33 3 2 75
33 5 11 36
33 6 55 69
33 9 16 76
33 10 45 56
33 13 37 72
33 14 49 34
33 17 32 33
33 19 13 49
33 21 58 90
33 23 22 53
33 28 7 73
33 29 26 106
33 30 4 59
33 32 39 44
34 3 55 18
34 6 49 85
34 8 5 2
34 9 13 113
34 10 45 9
34 13 35 114
34 14 31 11
34 18 7 30
34 19 19 49
34 20 23 74
34 24 25 71
34 26 29 57
34 28 57 110
34 30 16 21
34 31 39 45
35 2 46 29
35 6 34 69
35 8 3 2
35 9 13 76
35 10 7 9
35 12 19 17
35 16 16 99
35 20 31 87
35 21 37 90
35 26 51 57
35 28 57 51
35 29 1 63
35 32 25 109
36 2 19 29
36 4 10 108
36 7 51 105
36 8 15 101
36 12 43 93
36 18 37 30
36 20 47 87
36 21 7 42
36 23 28 52
36 24 1 111
36 25 13 25
36 26 55 95
36 32 31 83
37 3 29 18
37 6 25 85
37 10 49 56
37 13 1 114
37 17 19 33
37 20 41 74
37 21 58 42
37 24 37 10
37 25 3 25
37 27 13 58
37 29 35 106
37 32 31 109
38 5 7 36
38 9 19 113
38 13 13 114
38 15 29 21
38 18 57 104
38 21 31 42
38 24 1 10
38 28 25 73
38 29 5 66
38 31 53 45
38 32 9 109
39 1 46 1
39 4 52 108
39 5 41 36
39 10 20 115
39 14 37 95
39 16 31 99
39 20 26 87
39 21 43 90
39 22 13 68
39 23 28 19
39 24 55 10
39 29 7 66
39 30 1 19
39 31 9 45
40 1 31 1
40 2 43 29
40 3 15 18
40 4 19 12
40 10 57 76
40 12 37 93
40 13 10 114
40 14 49 95
40 15 55 76
40 16 46 99
40 22 22 68
40 26 13 57
40 30 4 21
40 31 35 19
40 32 25 83
41 3 37 18
41 4 46 12
41 6 58 69
41 8 5 101
41 9 55 53
41 10 8 115
41 16 52 99
41 18 1 20
41 19 34 49
41 23 31 53
41 25 21 15
41 26 40 57
41 27 25 84
41 29 17 63
42 2 25 29
42 3 41 20
42 5 5 116
42 9 49 113
42 12 1 17
42 18 31 104
42 19 28 75
42 21 43 42
42 23 56 52
42 24 7 71
42 27 13 84
42 28 37 110
42 29 35 63
42 32 19 44
43 1 19 1
43 3 33 18
43 8 11 101
43 14 7 11
43 19 25 75
43 23 28 53
43 24 13 52
43 25 23 15
43 27 43 5
43 28 1 110
43 30 49 21
43 31 17 45
44 5 13 116
44 6 25 32
44 8 2 55
44 11 22 88
44 13 33 72
44 15 35 51
44 16 10 35
44 23 58 119
44 25 4 50
44 26 55 57
44 27 50 5
44 30 16 59
44 31 19 45
45 1 25 1
45 2 7 29
45 3 17 58
45 4 10 12
45 8 23 101
45 12 44 17
45 14 13 95
45 17 2 33
45 18 57 30
45 20 49 87
45 21 40 42
45 23 28 119
45 27 19 118
45 28 33 40
45 30 37 59
46 3 53 18
46 4 43 108
46 5 16 36
46 6 1 85
46 9 7 113
46 10 49 9
46 13 25 72
46 15 55 51
46 19 57 75
46 20 41 87
46 24 32 71
46 26 46 57
46 27 37 84
46 30 13 59
46 32 20 83
47 3 17 75
47 6 46 69
47 8 11 55
47 12 25 93
47 14 13 11
47 16 37 35
47 19 22 49
47 20 3 74
47 21 7 90
47 23 40 53
47 25 1 15
47 27 31 5
48 1 58 1
48 4 25 108
48 8 9 55
48 9 43 113
48 11 16 88
48 13 3 72
48 14 37 19
48 16 46 35
48 18 19 20
48 20 28 87
48 21 55 42
48 25 14 15
48 29 50 106
48 30 32 59
49 1 10 1
49 3 5 18
49 4 16 108
49 5 21 36
49 8 19 55
49 11 58 88
49 16 7 99
49 18 51 20
49 20 3 87
49 23 43 52
49 25 34 50
49 26 23 95
49 27 26 118
49 30 55 59
50 6 22 85
50 7 37 105
50 9 10 113
50 10 45 115
50 13 13 72
50 14 55 19
50 16 34 35
50 18 49 54
50 21 15 42
50 24 27 10
50 25 7 25
50 26 4 57
50 30 1 59
51 4 4 108
51 5 46 36
51 8 59 2
51 9 43 76
51 10 55 115
51 11 51 28
51 12 31 93
51 13 27 114
51 19 14 75
51 20 37 87
51 21 22 79
51 26 49 57
52 1 1 1
52 5 11 116
52 10 13 30
52 12 49 30
52 13 35 72
52 15 45 21
52 16 4 35
52 18 7 20
52 19 31 75
52 24 37 111
52 26 59 57
52 28 25 51
53 4 28 12
53 6 25 69
53 10 13 9
53 14 1 95
53 15 49 20
53 16 37 99
53 18 19 30
53 19 10 75
53 23 34 119
53 25 5 25
53 31 7 45
53 32 51 44
54 4 49 12
54 9 4 76
54 10 37 9
54 11 45 28
54 13 17 114
54 16 22 35
54 17 7 33
54 18 13 54
54 19 52 32
54 20 11 74
54 21 1 90
54 27 25 5
54 30 58 59
54 31 56 45
54 32 31 37
55 2 40 29
55 3 47 75
55 6 22 69
55 9 34 113
55 18 7 54
55 20 26 74
55 22 52 68
55 24 13 71
55 28 55 40
55 29 1 66
55 30 19 59
55 31 5 45
56 2 58 29
56 3 13 18
56 4 38 12
56 6 43 69
56 7 31 105
56 8 23 55
56 10 25 115
56 12 19 93
56 13 29 72
56 18 7 104
56 19 4 75
56 25 41 15
56 29 46 106
56 31 15 45
57 3 23 75
57 4 58 12
57 6 44 85
57 7 13 105
57 11 4 88
57 13 29 114
57 18 25 104
57 19 1 49
57 20 17 74
57 21 34 90
57 22 40 68
57 23 31 119
57 24 19 10
57 28 8 51
58 8 13 55
58 9 37 76
58 10 31 9
58 12 43 30
58 13 23 114
58 16 40 35
58 23 16 53
58 24 1 52
58 25 11 15
58 27 19 58
58 28 25 40
58 29 8 63
59 6 15 85
59 9 52 113
59 10 25 9
59 11 55 88
59 12 37 17
59 13 21 114
59 15 19 21
59 16 49 99
59 20 13 74
59 21 4 42
59 23 1 53
59 28 44 73
59 29 9 66
59 31 23 108
59 32 31 44
60 4 28 108
60 5 9 36
60 6 19 32
60 7 43 105
60 10 37 56
60 11 1 28
60 14 31 34
60 22 58 68
60 25 15 25
60 26 53 57
60 27 49 58
60 29 4 106
61 2 22 29
61 3 3 18
61 5 13 36
61 6 9 69
61 8 15 55
61 11 19 88
61 16 55 99
61 20 7 87
61 23 25 119
61 25 1 25
61 31 17 52
61 32 32 6
62 3 55 75
62 5 19 36
62 6 22 32
62 9 57 113
62 12 26 17
62 13 39 72
62 14 49 11
62 20 5 87
62 23 16 119
62 24 43 10
62 25 35 15
62 27 31 118
62 29 11 63
62 31 47 45
63 3 49 18
63 6 40 69
63 8 29 55
63 10 20 56
63 11 37 28
63 14 43 34
63 16 52 35
63 18 55 54
63 24 2 71
63 26 17 29
63 27 7 58
63 28 33 110
63 30 26 59
63 32 13 109
64 6 13 69
64 8 1 2
64 9 16 113
64 11 7 28
64 13 41 114
64 15 25 21
64 17 37 33
64 19 43 75
64 22 19 68
64 24 50 10
64 25 3 15
64 26 5 52
64 27 55 5
64 31 33 45
65 3 11 18
65 4 43 12
65 5 37 116
65 12 13 93
65 14 1 11
65 16 31 35
65 17 26 33
65 25 20 50
65 28 7 110
65 29 17 96
65 31 58 45
65 32 39 109
66 1 49 1
66 4 20 108
66 5 39 116
66 6 52 69
66 8 1 101
66 9 4 53
66 11 28 88
66 12 55 93
66 16 25 99
66 23 46 119
66 24 14 111
66 25 32 50
66 27 7 118
67 1 37 1
67 4 40 108
67 5 43 36
67 9 49 53
67 13 27 72
67 15 5 20
67 16 13 35
67 22 31 68
67 23 19 53
67 26 11 95
67 27 1 5
67 30 7 19
67 31 47 19
68 2 31 29
68 4 55 108
68 5 29 36
68 11 34 28
68 13 3 114
68 14 7 34
68 15 11 20
68 19 52 75
68 21 40 90
68 24 20 52
68 27 14 5
68 28 25 110
68 29 1 96
68 31 44 45
69 4 7 108
69 9 25 113
69 11 16 28
69 13 32 114
69 14 44 11
69 18 37 20
69 19 10 32
69 21 19 79
69 22 34 68
69 23 13 119
69 25 22 50
69 27 55 118
69 28 1 73
69 29 29 106
70 4 13 108
70 6 31 85
70 11 10 88
70 13 20 72
70 20 22 87
70 21 1 42
70 24 44 111
70 26 41 95
70 28 49 40
70 29 28 63
70 32 55 44
71 1 28 1
71 3 47 20
71 4 7 12
71 5 1 36
71 10 55 56
71 11 49 88
71 13 39 114
71 18 31 30
71 20 45 87
71 21 19 42
71 26 10 57
71 29 16 106
71 31 3 45
72 3 23 18
72 4 34 108
72 6 52 85
72 9 28 76
72 11 40 28
72 14 45 95
72 16 1 35
72 20 43 87
72 23 25 53
72 24 7 111
72 26 37 57
72 30 13 19
72 32 55 83
73 9 46 53
73 10 37 115
73 13 15 72
73 16 25 35
73 18 3 104
73 20 1 87
73 21 7 79
73 25 11 50
73 27 51 118
73 28 19 110
73 31 49 45
73 32 31 32
74 3 31 18
74 5 39 36
74 8 7 101
74 13 37 114
74 14 56 34
74 16 28 35
74 19 43 49
74 21 16 90
74 25 9 50
74 26 21 57
74 30 13 21
74 31 1 45
75 6 7 85
75 10 1 9
75 13 49 72
75 14 25 11
75 15 47 21
75 20 52 74
75 21 34 42
75 22 55 68
75 23 10 119
75 25 29 15
75 26 43 57
75 28 37 51
75 29 5 63
75 32 19 6
76 4 1 12
76 9 34 76
76 10 19 9
76 11 44 88
76 15 37 21
76 16 57 35
76 18 25 54
76 19 7 75
76 21 40 79
76 22 4 68
76 26 15 57
76 27 49 84
76 29 13 106
76 30 10 19
77 3 57 18
77 4 34 12
77 5 23 36
77 9 10 76
77 10 2 56
77 13 25 114
77 15 21 21
77 16 16 35
77 20 8 74
77 23 43 119
77 24 49 111
77 27 37 5
78 5 16 116
78 7 2 105
78 8 10 2
78 9 46 113
78 10 55 9
78 13 19 114
78 18 32 54
78 19 49 75
78 23 52 52
78 25 13 50
78 26 23 57
78 28 37 40
78 31 21 45
79 8 7 2
79 10 51 76
79 11 25 28
79 14 19 34
79 15 47 51
79 18 2 30
79 19 40 49
79 20 9 87
79 23 43 53
79 24 55 71
79 25 17 15
79 26 33 57
79 29 38 106
80 2 49 29
80 3 35 18
80 4 37 108
80 10 25 56
80 14 31 95
80 16 40 99
80 17 43 33
80 21 52 90
80 23 22 119
80 25 47 25
80 26 19 57
80 27 1 58
80 28 13 73
80 31 59 108
80 32 8 6
Điểm tối ưu: 1070
Thời gian: 179.913857 giây
Trạng thái: VALID
