1944
1 11 27 32
1 17 1 18
1 18 34 80
1 22 3 143
1 36 10 99
1 38 21 53
1 41 44 222
1 45 49 92
1 49 56 41
1 52 16 223
1 54 39 202
2 1 43 145
2 6 1 7
2 17 3 105
2 19 31 122
2 24 29 141
2 29 9 194
2 39 33 120
2 42 57 16
2 51 5 174
2 56 22 31
2 58 37 182
3 4 15 60
3 7 49 136
3 10 55 112
3 11 2 32
3 14 20 61
3 15 43 33
3 23 9 216
3 32 34 39
3 39 13 120
3 46 31 215
3 49 51 139
3 52 26 125
3 55 38 77
4 1 2 44
4 3 26 179
4 5 50 14
4 6 47 7
4 13 7 8
4 15 57 74
4 18 13 80
4 19 33 122
4 22 43 143
4 32 31 39
4 34 19 69
4 46 5 191
4 52 16 125
4 57 39 20
5 3 21 36
5 5 14 147
5 8 58 28
5 9 7 21
5 10 43 2
5 15 37 74
5 19 47 122
5 20 53 159
5 22 27 48
5 24 49 70
5 40 19 96
5 42 33 16
5 43 3 30
5 54 25 202
6 2 55 157
6 3 39 179
6 35 9 172
6 36 1 99
6 37 15 175
6 38 37 100
6 40 53 96
6 50 17 19
6 51 7 176
6 56 34 22
6 57 23 20
6 58 31 182
6 60 19 15
7 1 27 142
7 5 37 147
7 6 35 7
7 12 41 51
7 19 23 122
7 32 15 145
7 35 21 189
7 38 25 100
7 40 51 96
7 43 2 197
7 45 7 149
7 46 4 215
7 51 19 153
7 56 31 89
8 5 20 147
8 9 49 224
8 10 13 193
8 14 7 164
8 15 55 65
8 16 31 45
8 27 25 106
8 28 52 43
8 32 2 145
8 36 40 99
8 38 34 53
8 40 17 163
8 56 37 22
8 59 4 62
8 60 43 134
9 1 58 44
9 2 13 205
9 8 49 28
9 9 25 117
9 16 55 45
9 22 32 143
9 23 11 216
9 24 19 75
9 25 28 95
9 35 5 172
9 36 16 99
9 44 1 133
9 59 7 62
10 1 19 142
10 2 8 157
10 3 33 37
10 10 1 158
10 14 49 166
10 26 39 208
10 28 58 43
10 32 17 39
10 38 44 100
10 40 5 163
10 42 31 16
10 51 11 153
10 53 22 224
10 56 14 89
11 2 22 157
11 3 15 183
11 8 19 28
11 16 1 45
11 21 31 11
11 25 25 95
11 34 9 86
11 37 57 175
11 39 55 120
11 42 37 16
11 53 43 224
11 59 34 62
11 60 49 134
12 16 25 45
12 19 35 122
12 26 1 144
12 28 40 43
12 31 3 126
12 32 9 145
12 35 53 82
12 38 37 53
12 45 31 149
12 49 49 218
12 51 43 153
12 55 15 77
12 56 58 89
12 57 21 20
13 3 9 26
13 10 25 198
13 13 22 8
13 17 7 18
13 21 52 11
13 23 41 129
13 24 17 167
13 29 13 66
13 41 31 222
13 48 35 46
13 49 2 218
13 56 43 31
13 59 38 62
14 1 19 44
14 4 27 60
14 7 13 177
14 12 7 51
14 37 22 70
14 40 39 96
14 42 49 16
14 47 1 180
14 48 5 46
14 50 55 19
14 55 33 77
14 56 52 22
14 60 9 15
15 14 43 61
15 15 37 33
15 23 27 129
15 24 25 141
15 40 59 96
15 42 21 16
15 46 55 110
15 51 2 176
15 53 31 103
15 57 9 20
15 58 13 182
16 2 52 157
16 11 31 32
16 12 29 51
16 23 43 129
16 24 17 141
16 25 55 95
16 33 1 118
16 37 39 175
16 39 37 120
16 41 13 160
16 42 41 16
16 44 7 181
16 51 26 153
16 57 33 20
17 15 26 33
17 18 58 80
17 19 21 122
17 24 51 141
17 26 19 144
17 27 31 106
17 28 16 43
17 37 11 175
17 42 3 16
17 45 46 92
17 49 37 139
17 54 13 202
17 56 7 89
18 1 52 44
18 4 19 63
18 7 23 124
18 10 8 198
18 18 28 80
18 24 38 75
18 27 13 106
18 28 4 196
18 33 44 118
18 43 31 30
18 44 56 102
18 49 33 179
18 55 49 77
19 4 7 60
19 9 4 117
19 10 21 54
19 18 40 80
19 20 19 159
19 29 31 1
19 32 11 39
19 34 45 86
19 36 37 155
19 37 27 175
19 51 17 174
19 52 13 125
19 55 58 77
20 3 7 37
20 4 19 84
20 7 11 136
20 8 55 28
20 10 49 54
20 12 1 51
20 26 35 144
20 32 29 39
20 37 5 70
20 44 37 102
20 46 46 215
20 52 31 207
20 53 13 219
20 54 3 202
20 56 26 89
21 1 46 44
21 3 49 179
21 4 55 63
21 10 37 198
21 16 10 107
21 20 29 159
21 22 13 128
21 30 20 173
21 35 1 172
21 36 7 99
21 38 53 100
21 41 25 222
21 44 31 102
21 48 3 46
22 14 13 61
22 17 7 67
22 20 5 159
22 24 10 141
22 28 1 43
22 30 32 173
22 32 37 39
22 35 55 172
22 36 25 99
22 42 39 16
22 46 41 110
22 51 23 153
22 53 28 219
22 54 21 202
23 2 8 205
23 4 32 84
23 7 20 94
23 9 28 21
23 10 49 112
23 11 11 32
23 20 22 159
23 23 46 129
23 28 37 196
23 32 41 39
23 36 25 155
23 38 16 100
23 52 13 207
23 60 3 134
24 2 43 22
24 4 37 60
24 9 10 21
24 10 1 198
24 15 55 33
24 29 31 66
24 31 5 126
24 38 35 100
24 41 19 222
24 42 51 16
24 46 8 110
24 54 27 202
24 59 46 62
25 1 37 44
25 13 34 8
25 14 15 164
25 15 21 113
25 18 49 80
25 25 4 95
25 26 13 157
25 32 31 145
25 41 55 222
25 42 44 16
25 45 1 14
25 55 9 77
25 56 28 31
26 3 37 36
26 6 15 7
26 10 33 193
26 11 58 32
26 14 43 166
26 23 29 129
26 35 3 189
26 40 49 96
26 48 1 46
26 57 13 20
26 58 10 182
26 59 52 62
27 10 49 2
27 15 31 33
27 16 7 45
27 21 28 11
27 22 55 184
27 29 43 59
27 30 20 42
27 41 2 162
27 42 17 16
27 45 25 35
27 49 37 85
27 54 15 202
27 59 10 62
28 11 19 32
28 16 21 121
28 19 45 122
28 25 10 95
28 26 5 208
28 31 29 74
28 35 8 189
28 37 34 175
28 39 1 154
28 47 37 180
28 50 3 19
28 54 31 202
28 60 14 134
29 3 33 36
29 10 3 2
29 12 55 51
29 13 52 8
29 22 25 184
29 30 44 173
29 32 21 39
29 36 40 155
29 44 7 170
29 45 16 149
29 50 49 19
29 54 23 202
29 57 31 20
30 5 19 14
30 7 10 177
30 8 46 28
30 10 57 2
30 26 17 144
30 28 4 43
30 30 13 42
30 38 8 100
30 44 49 133
30 49 32 41
30 50 41 19
30 52 28 209
30 56 25 31
31 2 34 157
31 12 5 51
31 14 43 79
31 15 50 33
31 25 40 95
31 31 57 171
31 37 9 175
31 43 32 197
31 50 27 19
31 56 13 22
31 58 19 182
32 6 17 7
32 7 1 115
32 12 19 51
32 15 31 74
32 17 5 151
32 19 43 122
32 22 21 128
32 39 46 120
32 40 3 163
32 44 37 210
32 47 13 180
32 49 49 85
32 51 11 174
32 60 7 134
33 5 13 156
33 9 22 21
33 10 37 54
33 13 19 8
33 14 7 166
33 15 2 33
33 16 43 107
33 32 25 145
33 38 41 100
33 42 59 16
33 46 28 110
33 59 31 62
33 60 55 15
34 3 37 26
34 4 25 84
34 15 31 113
34 16 4 45
34 17 13 105
34 18 1 80
34 22 45 128
34 24 43 141
34 29 7 1
34 35 29 189
34 44 19 102
34 48 23 46
34 56 16 31
35 1 10 109
35 6 13 40
35 13 25 8
35 14 43 148
35 17 21 213
35 21 37 11
35 31 15 126
35 42 23 16
35 45 4 92
35 46 32 110
35 48 52 46
35 51 1 153
35 52 7 207
36 12 37 51
36 14 26 61
36 19 19 122
36 20 31 159
36 23 59 129
36 26 8 208
36 32 35 145
36 34 1 86
36 39 39 120
36 42 55 16
36 46 13 215
36 52 16 209
37 2 1 157
37 17 26 213
37 19 17 122
37 23 5 129
37 26 31 144
37 30 49 173
37 31 55 171
37 37 15 85
37 43 7 30
37 53 10 224
37 57 57 46
37 59 28 62
38 9 20 117
38 10 7 158
38 12 39 51
38 16 25 107
38 20 1 159
38 27 56 106
38 29 43 66
38 31 41 171
38 32 23 39
38 47 34 180
38 53 16 219
38 56 3 89
38 58 28 182
38 59 13 62
39 3 51 26
39 5 31 147
39 9 16 21
39 10 44 54
39 11 4 32
39 16 58 45
39 17 1 67
39 20 25 159
39 24 49 141
39 26 13 208
39 29 37 59
39 30 20 55
39 32 28 145
39 51 9 153
39 54 56 202
40 2 40 205
40 4 55 84
40 9 28 117
40 15 50 65
40 21 34 11
40 23 15 129
40 26 44 208
40 39 5 120
40 40 9 163
40 41 1 222
40 43 7 197
40 52 22 140
40 56 19 31
41 1 28 44
41 5 19 185
41 6 43 7
41 19 5 122
41 21 10 11
41 26 55 208
41 29 57 194
41 44 37 133
41 45 16 92
41 46 3 191
41 50 33 19
41 51 47 153
41 55 31 77
42 7 25 136
42 17 19 105
42 22 56 128
42 33 50 118
42 34 14 86
42 36 28 155
42 41 7 160
42 44 21 181
42 51 11 176
42 53 4 224
42 54 37 202
42 59 1 62
43 4 27 10
43 9 34 117
43 11 43 32
43 13 31 8
43 19 3 122
43 22 37 48
43 26 41 144
43 29 51 194
43 30 7 42
43 39 25 120
43 44 19 210
43 52 13 140
43 55 47 77
43 57 11 20
44 20 9 159
44 26 21 208
44 28 25 196
44 31 33 171
44 32 4 39
44 35 11 82
44 38 23 53
44 44 37 170
44 46 35 110
44 49 49 41
44 51 59 153
44 56 16 22
44 57 29 46
45 1 22 44
45 2 1 205
45 3 55 37
45 6 19 7
45 10 39 2
45 11 9 32
45 34 27 69
45 37 7 70
45 44 49 102
45 48 25 46
45 51 34 153
45 52 31 125
45 53 13 103
46 3 37 183
46 5 57 185
46 9 43 117
46 14 49 135
46 15 13 74
46 17 27 67
46 22 7 128
46 30 31 42
46 32 55 39
46 49 1 41
46 50 19 19
46 56 21 89
47 1 49 44
47 4 37 63
47 12 53 51
47 18 10 80
47 23 14 216
47 28 34 43
47 31 41 74
47 32 1 39
47 36 31 155
47 38 45 53
47 41 19 160
47 47 7 180
47 56 3 31
47 59 16 62
48 14 19 79
48 16 25 121
48 17 11 105
48 22 43 48
48 23 51 129
48 24 23 141
48 27 1 106
48 28 8 196
48 35 15 23
48 38 5 53
48 39 13 154
48 43 28 30
48 44 56 133
48 51 40 153
49 4 37 84
49 16 46 121
49 17 5 67
49 22 7 184
49 29 19 66
49 30 1 42
49 40 13 96
49 44 15 102
49 45 28 92
49 55 25 77
49 56 34 89
50 3 7 179
50 11 14 32
50 12 59 51
50 22 49 128
50 23 25 216
50 24 31 141
50 36 56 99
50 40 22 96
50 46 41 191
50 47 43 180
50 49 37 218
50 52 1 209
50 53 27 224
50 56 34 31
51 2 22 205
51 3 25 36
51 8 4 28
51 16 7 121
51 23 38 129
51 29 13 194
51 34 55 69
51 36 34 155
51 42 1 16
51 45 19 98
51 47 10 180
51 54 45 202
52 1 4 142
52 2 19 205
52 3 13 179
52 4 31 60
52 10 51 193
52 11 55 32
52 13 37 8
52 14 57 61
52 30 25 173
52 32 46 145
52 46 2 110
52 49 9 218
52 57 7 20
53 9 49 21
53 16 4 121
53 19 9 122
53 22 33 184
53 31 31 171
53 34 55 86
53 35 37 189
53 38 7 53
53 40 11 163
53 45 22 92
53 49 43 218
53 50 39 19
53 58 1 182
53 60 25 134
54 8 7 28
54 9 10 117
54 28 46 196
54 29 19 194
54 34 38 86
54 35 27 189
54 40 23 163
54 45 13 92
54 46 25 191
54 51 3 153
54 53 43 219
54 57 17 20
55 4 33 10
55 6 28 40
55 13 40 8
55 16 49 107
55 23 31 216
55 26 11 157
55 31 17 126
55 44 13 133
55 45 37 149
55 50 53 19
55 52 22 209
55 53 46 219
55 55 43 77
56 6 52 7
56 15 31 65
56 21 40 11
56 24 59 141
56 25 13 95
56 28 25 43
56 30 7 55
56 34 21 86
56 37 17 175
56 38 5 100
56 40 35 96
56 42 19 16
56 44 1 210
56 54 29 202
56 57 43 20
57 2 31 157
57 4 3 192
57 5 45 176
57 7 49 94
57 9 55 117
57 12 25 51
57 13 58 8
57 17 1 213
57 37 9 183
57 38 27 100
57 40 43 96
57 41 39 162
57 49 20 218
58 7 19 177
58 8 10 28
58 17 16 213
58 21 22 11
58 22 49 48
58 28 13 43
58 29 32 59
58 39 28 120
58 40 7 96
58 41 55 160
58 48 44 46
58 53 25 103
58 60 1 15
59 1 15 44
59 2 43 205
59 9 39 117
59 11 53 32
59 26 10 208
59 29 55 66
59 30 25 42
59 31 20 126
59 32 46 39
59 34 31 69
59 37 13 175
59 38 3 53
59 45 22 149
60 3 3 36
60 5 8 14
60 16 13 121
60 18 55 80
60 28 37 43
60 31 22 126
60 38 31 53
60 39 1 120
60 40 33 96
60 41 25 162
60 46 16 191
60 55 53 77
61 5 9 156
61 9 1 117
61 12 33 51
61 23 19 216
61 24 4 123
61 29 25 66
61 30 37 173
61 36 13 99
61 37 59 175
61 38 49 53
61 40 57 96
61 46 7 215
61 51 21 153
61 53 16 103
62 1 4 109
62 9 13 21
62 11 7 32
62 19 25 122
62 20 39 159
62 23 34 216
62 24 2 141
62 38 49 100
62 39 11 120
62 44 19 133
62 45 43 92
62 51 32 153
63 1 40 44
63 5 19 132
63 7 10 115
63 8 13 28
63 9 7 117
63 23 3 129
63 24 45 141
63 31 1 171
63 35 29 23
63 36 37 99
63 37 5 175
63 53 49 20
63 54 33 202
64 2 58 157
64 3 25 26
64 5 19 176
64 6 15 119
64 8 37 28
64 14 31 135
64 16 40 107
64 20 43 159
64 23 13 129
64 36 4 155
64 39 7 120
64 40 47 96
64 49 9 41
64 51 51 153
64 52 1 140
65 3 21 37
65 6 52 40
65 13 4 8
65 16 28 45
65 22 14 48
65 24 7 141
65 26 26 144
65 38 47 53
65 44 9 210
65 48 19 46
65 49 55 218
65 51 45 153
65 55 1 77
66 4 15 10
66 5 26 185
66 11 49 32
66 12 43 51
66 16 52 121
66 19 13 122
66 20 45 159
66 22 55 48
66 26 31 208
66 37 3 175
66 40 19 163
66 44 7 133
66 45 22 98
66 57 1 20
67 4 7 192
67 6 11 40
67 7 5 115
67 9 19 21
67 15 25 74
67 16 49 45
67 17 56 105
67 29 1 1
67 30 37 42
67 33 31 118
67 37 23 175
67 39 46 154
67 45 58 149
67 50 15 19
68 6 3 40
68 12 15 51
68 21 46 11
68 22 9 143
68 32 41 145
68 41 49 222
68 43 13 197
68 45 34 149
68 50 59 19
68 51 7 174
68 53 19 219
68 57 56 20
68 58 25 182
69 5 43 156
69 10 7 54
69 16 19 45
69 18 37 80
69 24 1 75
69 32 55 145
69 35 25 23
69 39 11 154
69 44 57 210
69 52 4 209
69 53 14 224
69 54 52 202
69 57 27 20
70 5 25 147
70 9 58 117
70 14 1 79
70 15 43 113
70 20 56 159
70 26 15 144
70 29 8 66
70 31 52 171
70 39 41 120
70 46 13 110
70 51 37 153
70 52 19 140
70 60 31 15
71 3 32 183
71 4 49 60
71 6 26 7
71 11 46 32
71 15 7 74
71 16 55 121
71 24 11 75
71 36 28 99
71 43 4 197
71 49 37 13
71 53 19 103
71 54 1 202
71 56 22 22
71 60 13 15
72 2 55 205
72 4 8 63
72 11 33 32
72 20 47 159
72 24 27 141
72 26 19 208
72 29 3 194
72 31 44 171
72 37 41 175
72 42 13 16
72 43 25 197
72 46 15 110
72 50 1 19
72 53 49 103
72 56 37 89
73 3 13 37
73 11 37 32
73 12 23 51
73 16 40 45
73 26 25 208
73 28 19 196
73 35 5 189
73 36 34 99
73 43 17 197
73 46 43 215
73 47 49 180
73 50 11 19
73 53 1 224
73 57 47 20
74 1 22 109
74 2 43 157
74 3 25 37
74 9 37 21
74 11 1 111
74 26 7 144
74 36 19 99
74 40 40 163
74 45 4 14
74 51 15 153
74 56 10 89
74 59 55 62
75 5 49 147
75 10 19 193
75 12 17 51
75 25 58 95
75 34 38 69
75 35 13 172
75 40 45 96
75 47 4 180
75 48 15 46
75 49 25 214
75 53 31 219
75 54 10 202
76 7 10 124
76 9 52 21
76 12 57 51
76 13 43 8
76 14 13 135
76 23 3 216
76 31 50 171
76 40 41 96
76 45 7 92
76 46 17 110
77 1 10 142
77 9 46 21
77 12 35 51
77 14 21 135
77 23 32 129
77 31 5 74
77 35 1 82
77 39 3 120
77 40 7 163
77 44 26 133
77 45 43 98
77 46 19 110
77 48 37 46
77 49 13 218
77 60 56 134
78 4 14 63
78 8 40 28
78 9 31 117
78 10 27 2
78 11 5 111
78 21 43 11
78 24 10 91
78 29 21 1
78 32 25 39
78 34 1 69
78 47 55 180
78 48 8 46
78 52 34 223
79 4 15 84
79 6 13 7
79 11 29 32
79 12 3 51
79 19 7 122
79 20 33 159
79 23 1 129
79 26 57 208
79 32 11 145
79 42 27 16
79 43 23 197
79 46 20 215
79 56 40 31
80 5 2 185
80 6 9 7
80 11 51 32
80 19 27 122
80 22 19 48
80 29 43 194
80 33 37 118
80 37 29 175
80 40 16 96
80 42 7 16
80 53 34 219
80 55 56 77
81 2 27 205
81 4 3 60
81 6 23 119
81 11 43 111
81 21 16 11
81 25 49 95
81 26 21 144
81 37 45 175
81 40 25 96
81 41 31 160
81 47 52 180
81 51 1 174
81 54 19 202
82 1 13 142
82 2 55 22
82 14 37 164
82 15 1 74
82 23 21 216
82 24 33 141
82 28 50 196
82 32 7 39
82 39 9 120
82 45 16 14
82 50 47 19
82 51 53 153
82 53 28 103
82 57 35 20
83 2 16 205
83 5 32 14
83 7 19 115
83 14 1 135
83 29 8 59
83 39 21 120
83 40 13 163
83 43 41 30
83 44 49 170
83 48 27 46
83 55 5 77
83 56 46 22
84 4 19 60
84 5 25 156
84 12 31 51
84 15 43 74
84 16 14 107
84 20 3 159
84 26 17 208
84 27 39 106
84 28 34 196
84 37 1 85
84 39 53 120
84 46 10 215
84 54 8 202
84 58 49 182
85 5 25 14
85 16 37 45
85 20 11 159
85 21 55 11
85 22 32 128
85 36 14 155
85 37 47 175
85 47 19 180
85 50 23 19
85 53 7 224
85 54 50 202
85 57 5 20
86 7 1 124
86 26 34 208
86 32 7 145
86 35 9 23
86 37 3 12
86 38 39 100
86 40 15 163
86 43 5 30
86 48 13 46
86 50 43 19
86 53 22 103
86 54 47 202
87 5 51 185
87 18 43 80
87 20 49 159
87 22 33 48
87 30 1 55
87 31 55 74
87 38 22 100
87 44 37 181
87 46 5 110
87 49 25 41
87 52 16 207
88 1 7 109
88 9 4 21
88 14 25 164
88 23 16 216
88 24 13 141
88 26 10 144
88 28 1 196
88 29 55 1
88 30 50 42
88 36 19 155
88 39 22 154
89 1 31 44
89 6 3 7
89 19 40 122
89 26 37 208
89 31 5 171
89 33 55 118
89 34 49 69
89 41 13 222
89 44 43 210
89 50 29 19
89 52 10 125
89 53 25 219
90 2 4 205
90 13 28 8
90 15 15 113
90 20 7 159
90 23 55 129
90 26 13 144
90 30 37 55
90 31 11 126
90 32 57 39
90 43 9 30
90 44 31 181
90 45 19 92
90 46 22 215
90 50 51 19
90 58 46 182
91 5 39 14
91 7 2 94
91 9 13 117
91 24 56 141
91 25 34 95
91 26 53 208
91 28 7 43
91 37 16 12
91 43 21 30
91 47 46 180
91 50 5 19
91 55 11 77
91 57 37 20
92 3 38 37
92 4 32 63
92 5 43 185
92 7 28 136
92 9 25 21
92 12 47 51
92 15 19 33
92 17 11 213
92 31 14 171
92 35 16 189
92 40 2 96
92 41 7 222
92 53 4 103
93 1 55 44
93 2 28 157
93 3 51 183
93 8 34 28
93 18 19 80
93 22 15 184
93 37 13 85
93 38 25 53
93 45 10 92
93 48 59 46
93 50 37 19
93 51 3 174
94 1 49 142
94 2 58 205
94 5 31 156
94 9 1 21
94 11 23 32
94 14 45 164
94 28 55 43
94 29 14 1
94 37 43 175
94 43 19 197
94 50 9 19
94 53 40 219
94 55 27 77
95 2 25 157
95 3 44 37
95 6 7 7
95 9 40 21
95 13 13 8
95 16 55 107
95 26 28 208
95 28 19 43
95 31 38 171
95 32 22 145
95 34 32 86
95 37 52 175
95 38 1 100
95 49 9 35
96 1 7 44
96 10 25 54
96 11 17 111
96 24 4 91
96 27 43 106
96 29 37 66
96 36 1 155
96 38 10 53
96 40 52 163
96 44 13 210
96 50 57 19
96 57 41 20
96 58 22 182
97 5 39 176
97 6 10 119
97 17 19 213
97 26 4 144
97 28 28 43
97 30 13 55
97 38 1 53
97 46 25 215
97 47 31 180
97 48 55 46
97 49 21 179
97 52 7 223
97 59 58 62
98 2 26 22
98 10 1 193
98 15 13 65
98 26 23 144
98 35 17 23
98 37 5 85
98 42 11 16
98 49 55 13
98 51 29 174
98 52 49 223
98 56 46 31
98 57 19 20
98 58 7 182
99 1 34 109
99 3 26 4
99 6 2 119
99 7 17 124
99 16 49 121
99 18 7 80
99 25 31 95
99 30 13 173
99 31 10 171
99 36 22 155
99 37 20 175
99 42 5 16
100 4 25 63
100 8 52 28
100 15 13 33
100 17 23 213
100 31 8 126
100 32 17 145
100 34 44 69
100 39 50 120
100 52 1 207
100 53 4 219
100 56 19 22
101 21 7 11
101 23 49 129
101 26 28 144
101 31 46 171
101 32 15 39
101 38 31 100
101 39 37 154
101 40 1 163
101 41 57 162
101 44 3 170
101 47 40 180
101 56 52 31
102 4 7 10
102 11 11 111
102 16 58 107
102 23 17 129
102 36 31 99
102 43 29 197
102 44 44 102
102 45 25 149
102 49 50 13
102 50 21 19
102 52 13 209
102 53 1 219
102 55 35 77
103 1 1 142
103 9 51 117
103 12 11 51
103 14 13 166
103 16 4 107
103 17 7 105
103 20 35 159
103 24 21 141
103 28 58 196
103 32 27 39
103 37 55 175
103 46 43 191
103 48 33 46
103 53 37 219
104 2 8 22
104 10 14 2
104 12 21 51
104 13 1 8
104 16 44 45
104 17 4 18
104 22 39 184
104 28 28 196
104 40 37 96
104 45 31 92
104 46 19 191
104 53 34 103
104 55 23 77
104 59 25 62
105 2 37 205
105 6 5 119
105 9 46 117
105 21 2 11
105 26 15 208
105 29 49 59
105 34 27 86
105 35 25 189
105 39 43 120
105 41 31 162
105 43 35 30
105 52 19 209
105 55 7 77
105 56 9 31
106 2 31 205
106 6 20 119
106 7 1 177
106 12 27 51
106 20 51 159
106 23 23 216
106 24 25 70
106 26 47 208
106 31 13 126
106 32 5 145
106 38 10 100
106 48 17 46
106 57 3 20
106 58 43 182
107 5 3 156
107 11 35 32
107 13 16 8
107 15 7 65
107 16 21 107
107 19 51 122
107 23 11 129
107 24 19 141
107 28 31 43
107 30 55 42
107 31 1 126
107 32 53 145
107 38 39 53
108 5 7 132
108 15 2 113
108 18 52 80
108 23 23 129
108 24 35 141
108 37 49 175
108 41 26 160
108 43 37 30
108 48 41 46
108 49 43 35
108 56 31 31
108 58 16 182
108 60 19 134
109 1 25 44
109 5 1 147
109 6 19 40
109 15 37 65
109 19 49 122
109 23 9 129
109 24 5 141
109 26 59 208
109 31 35 171
109 35 7 172
109 44 51 210
109 45 43 149
109 46 28 215
110 1 58 145
110 2 19 157
110 4 37 10
110 6 11 7
110 14 25 148
110 15 1 65
110 16 34 107
110 26 51 208
110 30 7 173
110 31 22 171
110 35 17 82
110 41 45 160
110 45 55 149
110 49 13 13
111 1 10 44
111 5 13 176
111 10 31 198
111 18 46 80
111 22 37 143
111 28 55 196
111 31 3 171
111 44 25 210
111 45 52 92
111 46 1 215
111 52 7 125
111 59 43 62
112 3 13 36
112 4 44 84
112 14 19 166
112 16 1 121
112 17 9 18
112 20 17 159
112 22 37 128
112 23 7 129
112 30 55 173
112 47 25 180
112 51 49 153
112 60 31 134
113 7 5 136
113 10 1 112
113 11 21 32
113 16 34 121
113 24 15 141
113 25 46 95
113 28 43 196
113 32 13 39
113 35 10 189
113 36 7 155
113 39 41 62
113 42 29 16
113 60 25 15
114 7 7 124
114 16 28 107
114 20 37 159
114 22 55 143
114 28 49 43
114 29 1 66
114 30 45 42
114 38 33 100
114 39 25 154
114 41 19 162
114 42 15 16
114 43 10 197
114 53 40 224
115 7 13 115
115 14 15 79
115 20 58 159
115 22 27 128
115 43 25 30
115 44 7 102
115 45 1 92
115 49 32 139
115 50 45 19
115 54 41 202
115 55 21 77
115 56 49 31
116 2 49 157
116 4 3 63
116 7 15 124
116 17 43 18
116 19 55 122
116 20 13 159
116 21 58 11
116 28 22 43
116 37 1 175
116 48 39 46
116 50 25 19
116 53 7 103
116 54 35 202
117 1 34 44
117 14 39 166
117 15 49 74
117 17 27 18
117 24 37 141
117 29 13 59
117 39 19 120
117 45 58 92
117 46 55 215
117 47 22 180
117 49 44 41
117 51 4 176
117 55 17 77
118 1 31 142
118 6 13 119
118 9 55 21
118 14 9 61
118 15 20 74
118 22 50 184
118 23 27 216
118 30 44 55
118 35 25 82
118 39 15 120
118 41 37 222
118 52 2 125
118 53 58 103
119 2 40 157
119 3 20 26
119 5 57 147
119 6 16 40
119 14 26 166
119 17 1 105
119 23 7 216
119 28 31 196
119 29 49 66
119 36 10 155
119 40 4 96
119 42 46 16
119 51 13 153
120 1 43 44
120 2 37 157
120 4 49 10
120 10 15 198
120 23 1 216
120 30 55 55
120 31 25 171
120 43 21 197
120 50 13 19
120 52 7 209
120 56 4 22
120 58 34 182
121 13 46 8
121 14 7 135
121 16 22 45
121 22 1 184
121 23 53 129
121 32 33 145
121 34 13 69
121 37 31 175
121 45 28 149
121 48 50 46
121 51 5 153
121 59 19 62
122 1 7 142
122 2 50 205
122 4 19 192
122 12 45 51
122 21 13 11
122 22 25 143
122 23 5 216
122 24 53 141
122 35 23 23
122 44 31 210
122 45 2 149
122 46 10 191
123 8 31 28
123 9 43 21
123 10 7 112
123 14 37 148
123 22 3 48
123 33 13 118
123 35 11 172
123 37 1 12
123 44 25 102
123 45 50 149
123 52 19 223
124 8 25 28
124 23 19 129
124 29 49 1
124 30 31 55
124 31 7 171
124 41 43 162
124 45 10 149
124 52 4 207
124 53 22 219
124 54 17 202
124 55 13 77
125 8 28 28
125 12 49 51
125 16 10 45
125 18 22 80
125 23 56 216
125 38 20 100
125 43 39 30
125 45 13 149
125 49 31 218
125 57 45 20
125 58 52 182
126 8 16 28
126 17 4 213
126 19 37 122
126 23 21 129
126 24 7 75
126 31 27 126
126 32 19 145
126 41 50 162
126 43 57 30
126 48 10 46
126 52 13 223
126 55 45 77
126 56 1 22
126 57 25 20
127 7 5 177
127 16 58 121
127 19 11 122
127 21 25 11
127 23 34 129
127 29 1 59
127 36 50 155
127 38 47 100
127 43 15 197
127 48 21 46
127 49 38 41
127 56 55 89
128 3 56 26
128 5 45 147
128 6 8 40
128 10 13 112
128 14 31 61
128 16 1 107
128 18 4 80
128 31 17 74
128 32 39 39
128 38 43 53
128 46 10 110
128 49 19 35
129 5 49 176
129 24 47 141
129 28 22 196
129 29 25 1
129 32 13 145
129 35 56 189
129 36 4 99
129 39 35 120
129 41 8 162
129 43 33 30
129 50 31 19
129 52 16 140
129 53 1 103
129 57 29 20
130 3 1 37
130 7 53 177
130 13 10 8
130 15 21 65
130 17 8 151
130 18 16 80
130 26 56 144
130 32 19 39
130 34 49 86
130 45 37 92
130 48 46 46
130 55 40 77
130 56 13 31
130 57 58 20
131 10 7 193
131 16 38 121
131 18 31 80
131 20 41 159
131 38 3 100
131 39 17 120
131 40 11 96
131 45 34 92
131 54 43 202
131 55 51 77
131 57 15 20
132 2 15 157
132 11 40 32
132 12 13 51
132 16 7 107
132 17 3 151
132 20 27 159
132 24 1 131
132 25 22 95
132 29 56 59
132 31 47 74
132 37 25 175
132 39 31 120
132 53 10 103
132 55 19 77
133 2 46 157
133 4 20 10
133 6 40 119
133 9 16 117
133 15 8 113
133 35 3 82
133 39 57 120
133 41 49 160
133 46 1 191
133 51 28 176
133 57 53 20
134 8 1 28
134 10 51 198
134 13 55 8
134 24 40 141
134 25 37 95
134 26 49 208
134 29 44 1
134 31 11 74
134 33 19 118
134 35 7 82
134 45 25 92
134 52 4 140
134 56 58 31
135 6 5 40
135 10 38 158
135 21 49 11
135 25 43 95
135 28 46 43
135 35 55 82
135 37 16 70
135 41 1 160
135 42 53 16
135 43 14 30
135 47 58 180
135 51 7 153
135 52 10 223
136 5 9 147
136 6 7 119
136 8 22 28
136 10 45 112
136 11 16 32
136 16 13 45
136 22 3 128
136 26 1 208
136 27 49 106
136 31 28 171
136 37 37 175
136 38 41 53
136 44 33 133
136 48 31 46
137 1 49 145
137 3 31 26
137 6 1 40
137 15 7 33
137 25 16 95
137 26 3 208
137 29 20 59
137 33 25 118
137 38 29 100
137 39 59 120
137 41 37 160
137 54 5 202
137 56 52 89
137 58 55 182
137 60 44 15
138 3 43 26
138 11 25 32
138 12 51 51
138 24 5 75
138 25 1 95
138 28 10 43
138 29 38 1
138 44 13 170
138 46 17 215
138 49 27 13
138 53 19 224
138 58 58 182
139 4 1 10
139 7 5 124
139 11 55 111
139 13 49 8
139 14 9 79
139 16 31 121
139 22 21 184
139 23 25 129
139 25 52 95
139 41 13 162
139 43 19 30
139 50 7 19
139 51 28 153
139 59 58 202
140 6 21 7
140 9 58 21
140 16 28 121
140 17 5 105
140 25 7 95
140 30 1 173
140 31 35 74
140 37 19 70
140 38 13 53
140 46 23 110
140 52 10 207
140 56 44 89
141 3 44 183
141 4 1 84
141 5 49 156
141 9 34 21
141 14 56 166
141 29 26 194
141 35 5 82
141 42 9 16
141 45 40 92
141 56 37 31
141 59 22 62
142 7 31 115
142 8 43 28
142 28 14 196
142 30 49 55
142 34 7 69
142 38 28 53
142 39 23 120
142 42 25 16
142 45 19 149
142 49 33 13
142 51 17 176
142 55 3 77
142 56 55 31
142 60 37 134
143 11 45 111
143 19 59 122
143 20 15 159
143 25 19 95
143 31 17 171
143 33 7 118
143 39 5 154
143 43 56 197
143 46 13 191
143 52 2 223
143 58 40 182
144 16 31 107
144 17 9 105
144 19 1 122
144 23 57 129
144 31 53 74
144 32 43 39
144 35 3 172
144 38 19 53
144 43 23 30
144 44 45 133
144 47 16 180
144 50 35 19
144 60 39 15
145 6 5 7
145 12 9 51
145 14 33 166
145 16 37 107
145 19 15 122
145 23 29 216
145 24 11 167
145 29 25 59
145 35 1 189
145 40 31 96
145 45 46 149
146 2 46 205
146 14 2 166
146 21 19 11
146 22 15 143
146 26 23 208
146 28 40 196
146 32 53 39
146 35 27 23
146 37 7 175
146 38 13 100
146 42 35 16
146 43 11 30
146 51 55 153
146 59 49 62
147 2 34 205
147 14 8 148
147 22 19 143
147 24 4 167
147 26 41 208
147 28 43 43
147 29 37 194
147 31 59 171
147 37 2 183
147 40 55 96
147 43 16 30
147 47 28 180
147 51 57 153
147 53 52 219
147 56 49 89
148 1 34 142
148 2 4 157
148 9 31 21
148 10 43 198
148 15 56 113
148 16 10 121
148 18 25 80
148 27 19 106
148 40 28 96
148 44 13 4
148 51 17 153
148 52 37 223
148 60 49 15
149 10 19 198
149 16 43 121
149 19 53 122
149 24 11 70
149 27 7 106
149 29 31 194
149 35 13 23
149 43 1 30
149 44 3 102
149 45 55 92
149 46 15 215
149 49 25 218
149 52 37 140
149 55 29 77
150 5 9 185
150 6 22 40
150 17 1 151
150 19 29 122
150 22 44 184
150 23 37 216
150 30 25 55
150 31 20 171
150 32 50 39
150 37 7 183
150 46 52 215
150 56 40 89
150 58 4 182
Điểm tối ưu: 1944
Thời gian: 360.022750 giây
Trạng thái: VALID
