381
1 4 43 10
1 7 34 64
1 9 1 53
1 13 49 16
1 15 25 69
1 16 37 68
2 2 37 65
2 3 43 43
2 7 10 64
2 9 21 53
2 16 41 68
2 18 52 41
3 5 22 62
3 6 33 9
3 9 13 53
3 10 2 15
3 12 10 23
3 14 37 54
3 16 53 68
4 6 37 9
4 9 23 53
4 12 55 23
4 14 31 54
4 15 25 11
4 16 35 68
4 18 49 41
5 1 58 72
5 4 8 10
5 6 19 9
5 7 4 64
5 9 11 53
5 10 43 24
5 12 31 23
5 13 1 16
5 15 13 27
5 16 25 68
5 19 28 30
6 3 26 43
6 4 47 10
6 5 40 62
6 6 21 29
6 8 56 54
6 12 34 23
6 13 59 16
6 17 31 5
6 18 4 41
7 1 55 72
7 7 52 64
7 10 37 24
7 11 21 37
7 12 1 23
7 13 9 16
7 15 14 69
7 16 5 68
7 18 25 41
7 20 35 5
8 1 13 72
8 3 3 43
8 4 10 10
8 10 20 24
8 13 37 16
8 15 44 27
8 16 17 68
8 19 52 30
9 1 19 72
9 4 55 10
9 5 25 62
9 9 29 53
9 10 49 24
9 13 3 16
9 15 32 69
9 16 47 68
10 5 43 62
10 7 13 64
10 8 51 54
10 10 57 15
10 12 19 23
10 16 33 68
10 18 40 41
11 5 34 62
11 7 7 64
11 9 39 53
11 12 43 23
11 13 5 16
11 14 15 54
11 18 10 41
12 4 31 10
12 5 49 62
12 9 5 53
12 13 21 16
12 15 7 11
12 19 13 30
13 2 56 65
13 9 49 53
13 10 14 24
13 11 25 37
13 15 20 27
13 19 34 30
14 5 4 62
14 9 25 53
14 11 38 37
14 12 58 23
14 13 31 16
14 14 13 54
14 16 21 68
14 20 8 5
15 1 43 72
15 4 51 10
15 5 46 62
15 6 9 29
15 7 22 64
15 9 53 53
15 12 16 23
15 14 33 54
15 17 37 5
15 18 55 41
16 1 10 72
16 5 25 16
16 9 15 53
16 13 33 16
16 16 39 68
16 20 55 5
17 2 14 65
17 3 57 43
17 7 28 64
17 12 46 23
17 14 5 54
17 15 39 27
17 17 43 5
17 18 7 41
18 1 46 72
18 4 19 10
18 6 55 9
18 10 32 24
18 12 25 23
18 15 14 11
18 17 10 5
18 18 37 41
18 19 7 30
19 6 33 29
19 8 39 54
19 10 25 15
19 13 51 16
19 14 17 54
19 15 2 11
19 16 55 68
19 18 19 41
20 5 7 62
20 9 19 53
20 10 39 15
20 13 43 16
20 16 10 68
20 20 17 5
21 1 4 72
21 4 57 10
21 6 15 29
21 8 19 54
21 9 7 53
21 10 44 15
21 12 52 23
21 15 31 27
21 19 40 30
22 7 19 64
22 10 55 24
22 12 13 23
22 13 23 16
22 15 27 27
22 16 51 68
22 19 10 30
22 20 46 5
23 4 45 10
23 6 1 9
23 9 35 53
23 11 13 37
23 13 7 16
23 15 51 27
23 17 40 5
23 20 57 5
24 1 25 72
24 2 7 65
24 4 41 10
24 5 37 62
24 7 31 64
24 10 50 15
24 13 15 16
24 14 11 54
24 16 3 68
24 19 43 30
25 1 7 72
25 2 49 65
25 4 4 10
25 6 27 9
25 9 37 53
25 11 32 37
25 13 13 16
25 14 59 54
25 15 43 69
25 20 25 5
26 9 33 53
26 10 8 15
26 12 4 23
26 15 51 69
26 16 59 68
26 18 13 41
27 2 1 65
27 4 35 10
27 5 52 62
27 7 55 64
27 8 22 54
27 9 27 53
27 11 43 37
27 15 8 27
27 16 31 68
27 17 14 5
27 19 37 30
28 3 19 43
28 4 37 10
28 10 8 24
28 15 39 69
28 17 28 5
28 18 43 41
28 19 58 30
29 2 19 65
29 4 1 10
29 6 55 29
29 7 25 64
29 12 40 23
29 13 45 16
29 15 49 11
29 16 29 68
30 13 53 16
30 15 19 11
30 18 1 41
31 1 52 72
31 2 44 65
31 4 49 10
31 10 32 15
31 15 8 69
31 17 1 5
31 18 28 41
31 19 55 30
32 1 31 72
32 4 59 10
32 6 38 29
32 7 46 64
32 8 28 54
32 17 50 5
32 19 22 30
33 1 37 72
33 5 31 62
33 6 43 9
33 9 41 53
33 12 28 23
33 13 55 16
33 15 57 27
33 19 1 30
34 1 34 72
34 4 25 10
34 5 19 62
34 7 43 64
34 12 7 23
34 15 2 69
34 16 49 68
34 18 16 41
34 20 59 5
35 3 8 43
35 5 1 62
35 9 17 53
35 10 25 24
35 12 37 23
35 14 43 54
35 15 56 11
35 16 15 68
36 1 16 72
36 5 13 62
36 13 28 16
36 14 49 54
36 17 21 5
36 18 46 41
36 19 4 30
36 20 19 5
37 4 27 10
37 6 49 29
37 7 58 64
37 9 45 53
37 10 15 15
37 11 8 37
37 14 47 54
37 15 2 27
37 16 23 68
37 19 31 30
38 1 28 72
38 2 31 65
38 4 13 10
38 7 49 64
38 8 8 54
38 11 56 37
38 13 47 16
38 14 3 54
38 16 1 68
39 1 1 72
39 4 17 10
39 9 31 53
39 16 8 68
39 17 4 5
40 6 1 29
40 7 16 64
40 9 43 53
40 13 57 16
40 16 27 68
40 19 49 30
41 9 47 53
41 11 49 37
41 13 11 16
41 16 45 68
41 18 58 41
42 3 32 43
42 4 39 10
42 5 28 62
42 6 49 9
42 7 1 64
42 9 55 53
42 12 22 23
42 13 19 16
42 15 44 11
43 10 19 15
43 13 39 16
43 14 35 54
44 3 50 43
44 4 15 10
44 6 44 29
44 9 9 53
44 13 41 16
44 15 55 69
44 18 22 41
44 19 25 30
45 1 49 72
45 4 33 10
45 5 16 62
45 6 25 29
45 7 40 64
45 11 1 37
45 14 45 54
45 16 43 68
45 19 19 30
46 4 29 10
46 5 55 62
46 6 15 9
46 8 25 54
46 13 35 16
47 1 40 72
47 5 58 62
47 9 51 53
47 16 13 68
47 18 34 41
48 2 25 65
48 3 37 43
48 4 21 10
48 5 10 62
48 9 59 53
48 10 2 24
48 15 31 11
48 16 57 68
48 19 46 30
48 20 53 5
49 4 23 10
49 7 37 64
49 9 3 53
49 14 1 54
49 15 19 69
49 19 16 30
50 1 22 72
50 3 13 43
50 4 53 10
50 6 8 9
50 9 57 53
50 12 49 23
50 13 17 16
50 15 38 11
50 16 19 68
50 18 31 41
Điểm tối ưu: 381
Thời gian: 89.849724 giây
Trạng thái: VALID
