6630
1 9 5 348
1 15 43 39
1 33 19 37
1 39 25 308
1 44 22 464
1 46 37 496
1 53 11 236
1 61 40 579
1 82 13 104
1 86 31 63
1 103 7 81
1 112 29 396
1 123 49 708
1 127 1 445
1 169 17 72
2 12 37 54
2 16 7 695
2 22 28 214
2 29 5 182
2 31 25 475
2 56 19 99
2 62 10 458
2 63 31 407
2 101 40 102
2 119 1 570
2 123 43 708
2 126 13 182
2 149 23 473
2 165 55 691
2 187 15 68
3 22 31 214
3 49 23 28
3 55 1 519
3 68 25 257
3 69 7 89
3 74 5 100
3 128 13 426
3 133 19 127
3 139 37 652
3 141 43 731
3 142 10 80
3 147 34 267
3 169 28 72
3 175 17 512
4 13 19 140
4 21 7 306
4 34 17 345
4 39 43 308
4 48 5 677
4 63 49 407
4 66 1 165
4 98 25 264
4 103 13 81
4 107 22 380
4 129 37 584
4 132 10 577
4 143 55 567
4 187 31 68
5 5 1 678
5 31 19 475
5 52 13 243
5 67 31 440
5 75 17 18
5 99 25 654
5 104 37 229
5 116 22 222
5 131 5 338
5 141 49 731
5 156 7 15
5 171 29 487
5 174 34 210
5 179 9 503
5 190 40 233
6 10 16 336
6 41 37 495
6 45 1 369
6 53 7 236
6 63 43 407
6 71 49 491
6 73 5 702
6 77 23 99
6 90 3 130
6 105 25 156
6 109 31 466
6 168 13 34
6 171 34 487
6 187 19 68
6 200 9 150
7 17 17 716
7 38 31 349
7 64 7 219
7 86 37 63
7 103 19 81
7 104 49 229
7 113 55 660
7 122 5 500
7 123 52 708
7 131 10 338
7 139 43 652
7 145 1 339
7 178 13 32
7 187 25 68
8 4 39 323
8 33 25 37
8 79 23 431
8 88 1 467
8 90 5 130
8 97 35 32
8 110 13 295
8 111 11 94
8 113 58 660
8 122 28 500
8 139 31 652
8 147 37 267
8 158 16 205
8 179 19 503
8 193 7 356
9 13 16 140
9 15 37 39
9 31 31 475
9 55 7 519
9 64 13 219
9 73 11 702
9 75 5 18
9 86 43 63
9 108 34 674
9 136 1 71
9 142 23 80
9 149 29 473
9 155 19 75
9 192 49 572
9 194 25 38
10 13 13 140
10 18 55 48
10 29 7 182
10 32 16 240
10 48 9 677
10 51 25 119
10 92 31 285
10 105 22 156
10 108 37 674
10 140 1 627
10 146 5 281
10 152 19 88
10 167 33 612
10 181 11 411
10 195 27 524
11 20 43 242
11 30 19 536
11 46 25 496
11 54 28 355
11 67 49 440
11 75 22 18
11 92 35 285
11 94 1 745
11 98 31 264
11 125 4 206
11 138 11 190
11 155 13 75
11 156 17 15
11 191 7 10
11 194 37 38
12 5 7 678
12 28 19 481
12 38 43 349
12 39 49 308
12 56 31 99
12 73 16 702
12 77 11 99
12 93 13 434
12 96 39 9
12 101 53 102
12 137 37 126
12 144 1 98
12 147 23 267
12 182 25 105
12 189 5 17
13 11 31 96
13 13 22 140
13 37 17 703
13 45 3 369
13 53 5 236
13 54 34 355
13 55 13 519
13 66 7 165
13 78 45 30
13 98 37 264
13 106 25 115
13 137 43 126
13 153 11 477
13 158 1 205
13 184 19 133
14 1 19 1
14 8 5 341
14 21 22 306
14 24 1 539
14 27 37 132
14 87 17 80
14 88 7 467
14 108 49 674
14 109 43 466
14 114 52 4
14 128 25 426
14 135 13 225
14 157 31 195
14 175 11 512
14 176 46 499
15 20 31 242
15 21 1 306
15 22 43 214
15 32 11 240
15 34 23 345
15 52 19 243
15 77 35 99
15 88 13 467
15 92 17 285
15 110 4 295
15 133 25 127
15 142 29 80
15 155 7 75
15 163 49 141
15 187 37 68
16 20 49 242
16 44 31 464
16 47 55 429
16 53 17 236
16 54 43 355
16 57 11 13
16 62 5 458
16 82 25 104
16 99 37 654
16 124 1 170
16 136 7 71
16 145 13 339
16 151 19 403
16 174 46 210
16 185 22 224
17 1 1 1
17 2 31 387
17 21 4 306
17 22 37 214
17 26 43 465
17 64 16 219
17 65 40 439
17 70 49 284
17 74 10 100
17 85 13 554
17 89 55 175
17 93 7 434
17 98 19 264
17 149 35 473
17 157 25 195
18 1 4 1
18 16 1 695
18 25 7 628
18 45 13 369
18 55 19 519
18 104 34 229
18 110 10 295
18 115 49 534
18 117 17 346
18 134 28 405
18 137 39 126
18 138 15 190
18 150 25 401
18 163 43 141
18 174 31 210
19 12 34 54
19 23 19 457
19 37 29 703
19 49 17 28
19 57 23 13
19 76 1 701
19 82 9 104
19 125 7 206
19 129 13 584
19 137 45 126
19 139 25 652
19 142 4 80
19 143 31 567
19 149 40 473
19 174 37 210
20 1 7 1
20 7 15 746
20 32 13 240
20 34 29 345
20 36 1 283
20 67 52 440
20 78 49 30
20 82 31 104
20 88 19 467
20 94 4 745
20 103 25 81
20 126 10 182
20 157 37 195
20 173 23 633
20 187 43 68
21 7 22 746
21 21 13 306
21 64 19 219
21 89 37 175
21 91 5 274
21 94 16 745
21 96 31 9
21 144 7 98
21 146 11 281
21 161 25 84
21 175 29 512
21 177 43 658
21 188 40 641
21 193 1 356
22 15 49 39
22 19 43 217
22 30 7 536
22 41 31 495
22 48 1 677
22 65 37 439
22 74 3 100
22 81 10 297
22 87 25 80
22 98 13 264
22 101 55 102
22 149 5 473
22 164 19 371
22 176 27 499
22 188 45 641
23 19 45 217
23 37 41 703
23 44 34 464
23 59 5 386
23 81 31 297
23 82 37 104
23 91 11 274
23 93 16 434
23 120 13 343
23 124 7 170
23 135 1 225
23 154 49 57
23 159 19 151
23 179 25 503
23 186 22 598
24 1 10 1
24 7 7 746
24 10 23 336
24 35 4 131
24 59 17 386
24 61 43 579
24 66 13 165
24 68 28 257
24 92 37 285
24 102 49 409
24 110 1 295
24 161 19 84
24 175 25 512
24 179 31 503
24 190 46 233
25 1 13 1
25 34 25 345
25 69 19 89
25 70 27 284
25 76 4 701
25 100 7 737
25 113 22 227
25 132 1 577
25 146 9 281
25 158 11 205
25 173 35 633
25 177 37 658
25 181 16 411
25 182 31 105
25 187 49 68
26 11 28 96
26 20 55 242
26 27 19 132
26 30 15 536
26 64 10 219
26 80 31 40
26 83 37 135
26 108 52 674
26 122 23 500
26 125 13 206
26 150 7 401
26 153 5 477
26 186 25 598
26 191 1 10
26 195 43 524
27 1 25 1
27 13 1 140
27 16 4 695
27 35 11 131
27 37 23 703
27 41 43 495
27 42 49 690
27 71 52 491
27 116 28 222
27 124 13 170
27 127 7 445
27 135 19 225
27 163 37 141
27 164 31 371
27 167 17 612
28 5 13 678
28 13 31 140
28 29 1 182
28 88 25 467
28 108 34 263
28 125 9 206
28 129 49 584
28 130 3 688
28 146 7 281
28 154 55 57
28 157 43 195
28 178 37 32
28 191 19 10
29 1 22 1
29 9 25 348
29 25 1 628
29 48 11 677
29 70 33 284
29 73 19 702
29 87 31 80
29 101 37 102
29 110 7 295
29 126 17 182
29 137 49 126
29 144 13 98
29 155 27 75
29 158 4 205
29 188 51 641
30 9 1 348
30 71 40 491
30 82 3 104
30 96 25 9
30 105 13 156
30 107 34 380
30 110 16 295
30 117 23 346
30 137 51 126
30 143 37 567
30 147 11 267
30 160 19 279
30 166 43 644
30 176 31 499
30 183 7 231
31 11 37 96
31 32 7 240
31 98 43 264
31 124 19 170
31 126 23 182
31 128 31 426
31 132 4 577
31 134 40 405
31 137 53 126
31 138 1 190
31 148 25 350
31 153 17 477
31 189 9 17
31 193 13 356
32 17 23 716
32 35 13 131
32 73 9 702
32 88 31 467
32 91 7 274
32 93 1 434
32 100 4 737
32 102 40 385
32 112 25 396
32 144 19 98
32 156 11 15
32 190 37 233
32 192 27 572
32 200 15 150
33 29 15 182
33 35 7 131
33 47 37 429
33 65 43 439
33 93 4 434
33 97 29 32
33 115 55 534
33 118 13 639
33 121 17 115
33 126 19 182
33 146 1 281
33 150 10 401
33 152 22 88
33 163 31 141
33 178 25 32
34 30 10 536
34 39 37 308
34 64 1 219
34 69 4 89
34 75 7 18
34 83 25 135
34 99 43 654
34 129 31 584
34 142 15 80
34 153 23 477
34 156 13 15
34 167 29 612
34 172 49 35
34 193 19 356
35 24 7 539
35 40 19 44
35 56 25 99
35 58 1 347
35 83 43 135
35 107 16 380
35 108 55 674
35 130 5 688
35 149 37 473
35 156 3 15
35 169 23 72
35 170 11 681
35 174 40 210
35 183 31 231
35 196 13 556
36 25 4 628
36 42 43 690
36 44 25 464
36 54 40 355
36 57 35 13
36 68 22 257
36 83 31 135
36 90 1 130
36 99 49 654
36 107 28 380
36 110 19 295
36 131 13 338
36 140 7 627
36 176 37 499
36 199 15 148
37 17 11 716
37 20 37 242
37 40 13 44
37 45 5 369
37 58 3 347
37 68 31 257
37 78 52 30
37 80 19 40
37 91 1 274
37 109 25 466
37 115 55 230
37 121 29 115
37 135 7 225
37 169 34 72
37 174 43 210
38 9 7 348
38 30 4 536
38 41 49 495
38 67 55 440
38 79 17 431
38 84 25 193
38 88 37 467
38 106 43 115
38 121 35 115
38 128 19 426
38 152 9 88
38 162 1 256
38 185 31 224
38 190 58 233
38 191 13 10
39 37 37 703
39 50 17 64
39 60 5 293
39 69 10 89
39 76 7 701
39 84 13 193
39 87 35 80
39 92 23 285
39 99 55 654
39 100 1 737
39 138 3 190
39 174 49 210
39 183 25 231
39 197 31 629
39 199 19 148
40 7 4 746
40 15 27 39
40 17 25 716
40 50 11 64
40 57 37 13
40 79 13 431
40 82 19 104
40 101 23 141
40 104 40 229
40 108 43 674
40 120 1 343
40 174 52 210
40 182 7 105
40 195 31 524
40 196 16 556
41 41 21 495
41 42 52 690
41 51 16 119
41 67 43 440
41 90 7 130
41 98 3 264
41 125 1 206
41 143 46 567
41 156 19 15
41 159 13 151
41 164 9 371
41 179 37 503
41 190 49 233
41 191 31 10
41 193 25 356
42 9 10 348
42 31 22 475
42 32 5 240
42 65 46 439
42 74 1 100
42 92 29 285
42 94 7 745
42 108 40 674
42 121 19 115
42 126 3 182
42 139 49 652
42 160 31 279
42 164 13 371
42 170 17 681
42 191 25 10
43 27 31 132
43 45 11 369
43 52 43 243
43 63 55 407
43 68 19 257
43 99 49 19
43 101 5 141
43 111 1 94
43 144 25 98
43 145 7 339
43 146 3 281
43 153 29 477
43 157 13 195
43 191 37 10
44 34 35 345
44 37 46 703
44 39 19 308
44 54 37 355
44 92 11 285
44 102 43 385
44 105 16 156
44 113 25 227
44 144 31 98
44 167 23 612
44 176 13 499
44 178 3 32
44 181 1 411
44 192 40 572
44 197 7 629
45 5 19 678
45 12 43 54
45 56 15 99
45 90 9 130
45 91 13 274
45 101 11 141
45 110 25 295
45 112 7 396
45 120 4 343
45 137 55 126
45 143 28 567
45 154 37 57
45 155 31 75
45 159 1 151
46 5 25 678
46 24 13 539
46 31 10 475
46 58 5 347
46 73 1 702
46 78 55 30
46 79 3 431
46 115 49 230
46 116 43 222
46 124 31 170
46 136 19 71
46 142 41 80
46 144 37 98
46 166 46 644
46 186 7 598
47 13 25 140
47 31 13 475
47 54 16 355
47 71 46 491
47 91 3 274
47 94 10 745
47 108 28 674
47 109 34 466
47 115 37 534
47 123 31 708
47 132 7 577
47 139 55 652
47 143 22 567
47 175 1 512
47 196 19 556
48 29 29 182
48 32 9 240
48 38 49 349
48 53 1 236
48 63 43 145
48 68 34 257
48 74 7 100
48 75 31 18
48 90 11 130
48 94 19 745
48 97 17 32
48 109 37 466
48 111 3 94
48 124 25 170
48 127 13 445
49 19 47 217
49 21 10 306
49 26 55 465
49 28 25 481
49 30 1 536
49 31 49 475
49 32 19 240
49 34 41 345
49 38 21 349
49 133 37 127
49 140 13 627
49 160 43 279
49 168 4 34
49 189 7 17
49 199 31 148
50 20 31 558
50 42 16 690
50 59 23 386
50 86 25 63
50 103 1 81
50 114 46 521
50 117 29 346
50 131 7 338
50 137 57 126
50 150 13 401
50 171 5 487
50 185 9 224
50 192 43 572
50 197 19 629
50 198 37 42
51 9 3 348
51 43 13 548
51 49 1 28
51 52 31 243
51 66 19 165
51 83 49 135
51 85 16 554
51 86 55 63
51 135 25 225
51 143 37 79
51 167 5 612
51 172 43 35
51 176 40 499
51 187 7 68
52 21 16 306
52 24 19 539
52 32 1 240
52 47 43 429
52 54 10 355
52 71 55 491
52 74 13 100
52 78 58 30
52 89 40 175
52 95 5 300
52 108 49 721
52 127 25 445
52 162 7 256
52 181 3 411
52 200 31 150
53 11 13 96
53 32 21 240
53 37 11 703
53 54 55 355
53 66 25 165
53 75 1 18
53 88 43 467
53 98 49 264
53 100 9 737
53 103 37 81
53 138 7 190
53 162 4 256
53 193 31 356
54 28 1 481
54 34 5 345
54 37 35 703
54 59 7 386
54 72 27 402
54 75 25 18
54 84 19 193
54 91 9 274
54 94 13 745
54 99 37 19
54 125 11 206
54 133 31 127
54 146 16 281
54 163 55 141
55 6 1 266
55 9 15 348
55 14 40 370
55 55 25 519
55 65 34 439
55 68 37 257
55 82 43 104
55 83 7 135
55 86 55 53
55 106 49 115
55 114 53 521
55 116 31 222
55 146 13 281
55 149 11 473
55 154 19 57
56 12 16 54
56 17 7 716
56 36 4 283
56 40 25 44
56 66 31 165
56 78 43 557
56 100 11 737
56 114 58 521
56 117 41 346
56 128 37 426
56 138 9 190
56 151 1 403
56 167 35 612
56 178 19 32
56 184 13 133
57 3 13 73
57 4 19 323
57 39 55 308
57 55 31 519
57 57 16 13
57 66 37 165
57 97 11 32
57 108 52 721
57 111 5 94
57 126 21 182
57 129 7 584
57 144 43 98
57 152 1 88
57 166 25 644
57 173 29 633
58 30 25 536
58 53 13 236
58 59 28 386
58 73 3 702
58 76 10 701
58 80 43 40
58 91 15 274
58 113 31 227
58 140 19 627
58 142 1 80
58 149 17 473
58 181 5 411
58 187 55 68
58 193 37 356
58 196 7 556
59 23 25 457
59 41 55 495
59 52 9 243
59 55 37 519
59 73 7 702
59 76 19 701
59 107 22 603
59 135 31 225
59 136 13 71
59 144 49 98
59 153 41 477
59 159 4 151
59 168 1 34
59 183 43 231
60 13 4 140
60 14 52 370
60 18 58 48
60 20 25 242
60 47 37 246
60 51 13 119
60 59 11 386
60 65 49 439
60 86 19 63
60 91 17 274
60 98 7 264
60 103 31 81
60 153 47 477
60 178 43 32
60 186 1 598
61 6 19 545
61 68 7 394
61 72 31 729
61 103 13 362
61 128 49 166
61 154 37 675
61 164 25 46
61 178 43 374
61 182 55 420
61 197 1 440
62 5 31 678
62 56 7 99
62 76 13 701
62 96 21 9
62 100 16 737
62 138 5 190
62 139 37 238
62 142 19 80
62 155 1 75
62 160 25 279
62 172 55 35
62 177 43 486
62 178 49 32
63 3 4 73
63 9 13 348
63 45 7 369
63 46 22 496
63 57 29 13
63 63 31 145
63 97 41 32
63 104 43 229
63 107 19 380
63 136 25 71
63 141 55 731
63 148 9 350
63 150 1 401
63 164 37 371
63 182 15 105
64 40 37 44
64 48 3 677
64 58 11 347
64 89 45 175
64 93 19 434
64 112 5 396
64 113 28 227
64 115 49 421
64 119 7 570
64 136 31 71
64 149 43 473
64 167 1 612
64 184 22 133
64 185 25 224
64 187 13 273
65 1 16 1
65 3 19 73
65 14 43 370
65 22 25 214
65 26 49 465
65 30 28 536
65 33 13 37
65 76 22 701
65 77 5 99
65 106 55 115
65 143 34 567
65 148 31 350
65 178 7 32
65 187 1 68
65 197 37 629
66 6 19 266
66 46 40 496
66 65 55 439
66 78 37 557
66 81 1 297
66 82 49 104
66 87 27 80
66 90 13 130
66 121 11 115
66 138 17 190
66 142 33 80
66 147 15 267
66 151 4 403
66 173 47 633
66 199 7 148
67 2 7 387
67 24 25 539
67 32 3 240
67 34 11 345
67 44 13 464
67 67 16 440
67 88 49 467
67 98 55 264
67 101 29 141
67 108 31 674
67 127 19 445
67 129 43 584
67 189 1 17
67 190 34 233
68 10 11 336
68 12 25 54
68 23 37 457
68 32 23 240
68 40 31 44
68 68 13 257
68 69 1 89
68 77 29 99
68 99 43 19
68 114 35 244
68 123 16 708
68 144 55 98
68 152 4 88
68 187 7 273
68 200 19 150
69 10 5 336
69 11 40 96
69 29 25 182
69 36 7 283
69 37 19 703
69 41 27 495
69 43 37 548
69 56 1 99
69 73 13 702
69 87 21 80
69 104 46 229
69 125 15 206
69 168 10 34
69 173 17 633
69 194 31 38
70 38 25 349
70 58 7 347
70 63 49 145
70 95 29 300
70 102 55 385
70 107 9 380
70 110 22 295
70 119 13 570
70 124 37 170
70 127 31 445
70 131 17 338
70 138 19 190
70 191 43 10
70 200 1 150
71 2 25 387
71 4 17 323
71 10 19 336
71 25 10 628
71 35 1 131
71 48 7 677
71 60 13 293
71 83 21 135
71 84 31 193
71 92 39 285
71 131 15 338
71 165 58 691
71 177 49 658
71 187 3 273
72 16 10 695
72 18 58 366
72 21 19 306
72 104 55 229
72 110 31 295
72 111 7 94
72 113 34 227
72 127 37 445
72 128 43 426
72 134 22 405
72 139 49 238
72 140 25 627
72 150 4 401
72 156 1 15
72 183 13 231
73 26 37 465
73 28 7 481
73 32 25 240
73 42 22 690
73 55 43 519
73 74 15 100
73 79 5 431
73 101 17 141
73 106 31 115
73 118 11 639
73 137 59 126
73 138 13 190
73 150 19 401
73 184 1 133
73 197 27 629
74 6 13 266
74 43 49 548
74 59 19 386
74 60 1 293
74 70 55 284
74 72 37 402
74 73 21 702
74 78 40 557
74 80 25 40
74 87 7 80
74 93 10 434
74 138 23 190
74 154 43 57
74 178 31 32
74 189 3 17
75 4 11 323
75 26 19 465
75 60 3 293
75 61 27 579
75 102 46 385
75 104 52 229
75 109 40 466
75 111 9 94
75 118 5 639
75 122 1 500
75 140 31 627
75 149 25 473
75 158 7 205
75 161 15 84
75 181 13 411
76 1 28 1
76 4 23 323
76 8 1 341
76 31 16 475
76 55 49 519
76 58 9 347
76 79 7 431
76 84 43 193
76 86 31 53
76 88 55 467
76 95 11 300
76 99 19 654
76 104 13 229
76 140 37 627
76 182 3 105
77 16 13 695
77 63 7 407
77 95 25 300
77 112 23 396
77 125 17 206
77 126 27 182
77 131 1 338
77 137 3 171
77 143 40 567
77 167 11 612
77 172 31 35
77 177 55 658
77 182 19 105
77 192 37 572
78 7 1 746
78 46 15 496
78 50 7 64
78 75 9 18
78 81 4 297
78 115 37 230
78 126 31 182
78 127 43 445
78 142 13 80
78 143 19 567
78 149 27 473
78 165 33 76
78 169 11 72
78 170 23 681
78 178 55 32
79 29 33 182
79 49 5 28
79 57 1 13
79 76 16 701
79 83 55 135
79 87 37 80
79 108 39 263
79 117 13 346
79 131 3 338
79 146 19 281
79 151 7 403
79 168 21 34
79 184 10 133
79 193 43 356
79 199 25 148
80 6 7 266
80 10 21 336
80 12 49 54
80 48 13 677
80 59 25 386
80 77 41 99
80 96 43 9
80 98 3 8
80 107 31 380
80 108 58 674
80 130 1 688
80 166 34 644
80 170 29 681
80 175 19 512
80 178 15 513
81 7 25 746
81 30 31 536
81 31 1 475
81 35 9 131
81 46 4 496
81 48 15 677
81 49 7 28
81 110 28 295
81 112 11 396
81 115 55 421
81 135 37 225
81 138 21 190
81 165 43 76
81 195 49 524
82 9 17 348
82 13 7 140
82 39 33 308
82 63 27 407
82 83 19 47
82 111 13 94
82 123 10 708
82 137 5 171
82 138 25 190
82 141 43 172
82 147 41 267
82 153 31 477
82 160 49 279
82 182 37 105
82 196 1 556
83 11 19 96
83 21 25 306
83 51 11 119
83 65 52 439
83 76 28 701
83 87 39 80
83 92 41 285
83 94 22 745
83 96 13 9
83 99 55 19
83 106 43 515
83 160 7 279
83 176 1 499
83 186 4 598
83 187 31 273
84 4 29 323
84 5 37 678
84 14 46 370
84 18 43 366
84 20 25 558
84 27 1 132
84 45 15 369
84 51 5 119
84 68 7 257
84 95 17 300
84 96 49 9
84 99 31 654
84 145 19 339
84 149 13 473
84 151 10 403
85 1 31 1
85 45 9 369
85 51 7 119
85 79 11 431
85 80 55 40
85 90 15 130
85 133 49 127
85 149 47 473
85 172 25 35
85 176 34 499
85 178 19 513
85 179 1 503
85 182 43 105
85 183 37 231
86 4 5 323
86 14 13 370
86 23 31 457
86 38 49 417
86 51 23 119
86 55 55 519
86 83 1 135
86 99 37 162
86 150 16 401
86 159 7 151
86 162 10 256
86 173 41 633
86 187 19 273
86 194 43 38
86 200 25 150
87 17 5 716
87 19 59 217
87 25 13 628
87 35 19 131
87 63 37 407
87 66 43 165
87 77 47 99
87 81 7 297
87 82 55 104
87 84 1 193
87 106 21 115
87 141 25 731
87 162 16 256
87 165 10 76
87 173 49 633
88 3 22 73
88 10 7 336
88 13 10 140
88 22 34 214
88 54 25 355
88 77 13 99
88 79 19 431
88 87 43 80
88 127 49 445
88 160 15 279
88 174 28 210
88 182 1 477
88 191 55 10
88 198 45 42
88 199 37 148
89 1 34 1
89 18 22 366
89 20 37 558
89 81 19 297
89 90 17 130
89 102 31 385
89 109 46 466
89 132 13 577
89 139 7 652
89 147 4 267
89 148 1 350
89 154 25 57
89 191 49 10
89 195 55 524
90 17 1 716
90 20 43 558
90 33 7 37
90 41 19 505
90 75 3 18
90 77 53 99
90 83 13 135
90 97 23 32
90 118 17 639
90 122 10 500
90 149 49 473
90 155 37 75
90 166 55 644
90 172 25 191
90 195 31 673
91 19 55 217
91 25 16 628
91 47 49 429
91 62 1 458
91 72 22 402
91 78 31 30
91 110 34 295
91 117 7 346
91 139 25 238
91 143 13 567
91 158 9 205
91 183 3 231
91 192 19 572
91 197 43 629
92 16 16 695
92 44 55 464
92 75 27 18
92 79 21 431
92 80 43 428
92 120 7 343
92 128 49 426
92 130 10 688
92 131 19 338
92 151 13 403
92 174 58 210
92 178 31 513
92 191 1 262
92 200 37 150
93 2 13 387
93 40 7 44
93 41 25 505
93 49 11 28
93 50 5 64
93 51 19 119
93 61 34 579
93 65 31 439
93 107 40 380
93 109 55 466
93 110 37 295
93 131 21 338
93 133 1 127
93 135 43 225
93 200 49 150
94 7 10 746
94 12 31 54
94 30 34 536
94 39 37 226
94 42 28 690
94 62 3 458
94 71 58 491
94 74 17 100
94 107 25 380
94 124 43 170
94 146 21 281
94 155 49 75
94 158 13 205
94 167 7 612
94 190 55 233
95 1 37 1
95 7 28 746
95 9 19 348
95 17 21 716
95 31 7 475
95 37 5 703
95 44 40 464
95 47 55 246
95 61 49 579
95 67 46 440
95 98 13 8
95 120 10 343
95 134 25 405
95 139 31 238
95 160 1 279
96 28 13 481
96 50 21 64
96 54 31 355
96 74 19 100
96 76 25 701
96 121 5 115
96 130 7 688
96 133 9 127
96 146 23 281
96 164 1 371
96 173 53 633
96 176 43 499
96 187 37 273
96 190 28 233
96 194 49 38
97 10 1 336
97 16 19 695
97 23 43 457
97 30 22 536
97 31 4 475
97 84 7 193
97 95 33 300
97 107 13 380
97 112 31 396
97 121 41 115
97 132 16 577
97 138 29 190
97 139 55 238
97 145 25 339
97 160 37 279
98 23 13 457
98 25 19 628
98 28 31 481
98 61 37 579
98 79 9 431
98 87 45 80
98 89 40 441
98 93 22 434
98 101 35 141
98 143 58 567
98 148 28 350
98 149 7 473
98 158 25 205
98 178 1 513
98 198 49 42
99 1 40 1
99 4 13 323
99 8 3 341
99 9 21 348
99 26 31 465
99 35 15 131
99 65 37 4
99 90 19 130
99 114 5 244
99 118 1 639
99 129 55 584
99 143 43 567
99 157 7 195
99 187 25 273
100 5 43 678
100 16 22 695
100 19 1 271
100 23 31 741
100 34 7 345
100 48 17 677
100 114 29 244
100 131 25 338
100 138 27 190
100 143 19 79
100 159 10 151
100 176 4 499
100 179 55 503
100 182 49 105
100 186 13 598
101 45 17 369
101 49 3 28
101 56 37 99
101 69 13 89
101 97 47 32
101 107 43 380
101 146 25 281
101 148 22 350
101 164 27 371
101 168 31 34
101 169 1 72
101 173 5 633
101 181 7 411
101 186 19 598
101 189 11 17
102 12 40 54
102 46 31 496
102 51 27 119
102 58 13 347
102 67 37 440
102 74 21 100
102 82 1 624
102 98 7 8
102 111 15 94
102 112 17 396
102 126 35 182
102 143 49 567
102 153 53 477
102 199 43 148
103 7 19 746
103 18 37 366
103 52 1 243
103 72 40 402
103 89 22 175
103 93 25 434
103 130 13 688
103 145 31 339
103 155 43 75
103 166 28 644
103 169 5 72
103 191 7 262
103 192 52 572
103 198 15 42
104 7 31 746
104 17 29 716
104 20 55 558
104 36 10 283
104 52 25 243
104 61 4 579
104 62 7 458
104 81 13 297
104 85 1 554
104 124 49 170
104 132 19 577
104 140 43 627
104 166 22 644
104 186 16 598
104 188 34 641
105 9 31 348
105 16 25 695
105 18 40 366
105 21 28 306
105 54 13 355
105 66 49 165
105 69 16 89
105 73 23 702
105 77 59 99
105 78 46 557
105 99 19 19
105 102 34 385
105 128 1 426
105 137 7 171
105 178 9 513
106 4 25 323
106 32 27 240
106 43 34 548
106 67 19 440
106 70 37 284
106 72 31 402
106 86 7 63
106 97 53 32
106 106 1 115
106 109 49 466
106 123 55 708
106 130 15 688
106 132 22 577
106 133 43 127
107 21 31 306
107 23 55 457
107 52 49 243
107 59 1 386
107 64 4 219
107 71 27 302
107 73 25 702
107 82 19 624
107 114 7 4
107 116 34 222
107 136 37 71
107 148 43 350
107 156 9 15
107 159 16 151
107 189 13 17
108 8 7 341
108 18 55 366
108 31 34 475
108 64 22 219
108 65 13 439
108 71 16 302
108 94 25 745
108 108 31 263
108 126 37 182
108 131 28 338
108 143 9 567
108 158 19 205
108 164 43 371
108 187 49 273
108 199 1 148
109 20 21 242
109 28 37 481
109 31 28 475
109 37 25 703
109 38 13 349
109 44 4 464
109 47 31 429
109 48 19 677
109 51 9 119
109 87 47 80
109 101 41 141
109 105 1 156
109 113 43 227
109 130 17 688
109 171 7 487
110 22 13 214
110 35 23 131
110 41 1 495
110 45 19 369
110 48 21 677
110 87 49 80
110 112 37 396
110 128 7 426
110 141 33 731
110 149 31 473
110 151 16 403
110 155 55 75
110 170 5 681
110 173 11 633
110 182 25 477
111 17 37 716
111 32 31 240
111 37 43 703
111 44 10 464
111 50 1 64
111 59 3 386
111 94 28 745
111 98 21 8
111 127 55 445
111 130 19 688
111 132 25 577
111 154 13 57
111 159 33 151
111 176 7 499
111 177 39 486
112 21 34 306
112 22 10 214
112 44 16 464
112 95 23 300
112 99 49 162
112 103 43 81
112 105 7 156
112 146 27 281
112 153 59 477
112 160 55 279
112 166 13 644
112 178 37 513
112 183 19 231
112 197 1 629
113 8 9 341
113 13 28 140
113 24 31 539
113 36 13 283
113 45 25 369
113 60 7 293
113 63 1 407
113 67 16 327
113 72 43 402
113 138 35 190
113 140 49 627
113 151 22 403
113 170 41 681
113 183 55 231
113 192 46 572
114 1 43 1
114 6 25 266
114 26 31 698
114 60 9 293
114 62 13 458
114 68 1 257
114 75 11 18
114 85 22 554
114 147 7 267
114 162 19 256
114 163 37 204
114 179 15 503
114 183 49 231
114 184 4 133
115 11 16 96
115 26 31 368
115 40 1 44
115 52 37 243
115 54 46 355
115 90 21 130
115 101 53 141
115 109 9 468
115 128 55 426
115 156 5 15
115 174 13 210
115 175 7 512
115 178 25 513
115 199 49 148
116 2 49 387
116 6 37 266
116 10 3 336
116 13 34 140
116 27 7 132
116 31 43 475
116 49 13 28
116 66 55 165
116 96 27 33
116 101 47 141
116 120 16 343
116 149 1 473
116 156 25 15
116 159 22 151
116 173 59 633
117 7 34 746
117 14 55 370
117 16 28 695
117 22 22 214
117 23 1 457
117 30 37 536
117 43 31 548
117 100 13 737
117 116 19 222
117 123 40 708
117 133 15 127
117 167 25 612
117 181 9 411
117 193 49 356
118 1 46 1
118 2 37 387
118 37 53 703
118 53 3 236
118 67 7 440
118 68 10 257
118 73 27 702
118 81 16 297
118 99 31 162
118 114 23 244
118 139 49 528
118 152 13 88
118 160 19 315
118 171 1 487
118 198 55 42
119 1 55 1
119 5 49 678
119 11 58 96
119 13 37 140
119 40 25 261
119 41 31 505
119 45 21 369
119 133 7 139
119 146 29 281
119 156 15 15
119 161 1 84
119 171 11 487
119 179 43 503
120 17 9 716
120 19 57 217
120 21 37 306
120 29 40 182
120 37 7 703
120 71 33 302
120 99 19 162
120 122 3 500
120 123 25 708
120 138 31 190
120 153 1 332
120 164 49 371
120 173 55 633
120 178 43 513
120 197 13 629
121 14 16 370
121 28 43 481
121 51 3 119
121 57 5 13
121 60 11 293
121 64 25 219
121 71 13 302
121 73 29 702
121 76 31 701
121 77 1 3
121 122 7 500
121 164 55 371
121 171 9 487
121 181 19 411
121 197 49 629
122 3 1 73
122 29 43 182
122 35 17 131
122 58 15 347
122 79 29 431
122 87 53 80
122 98 25 8
122 101 59 141
122 135 49 225
122 138 33 190
122 145 37 339
122 167 13 612
122 172 19 35
122 175 9 512
122 196 4 556
123 3 25 73
123 10 9 336
123 18 19 366
123 60 15 293
123 67 28 440
123 81 22 297
123 87 59 80
123 147 13 267
123 170 31 681
123 177 33 658
123 178 49 513
123 183 1 550
123 199 55 148
124 7 37 746
124 15 21 39
124 18 40 383
124 61 10 579
124 86 13 63
124 89 58 175
124 92 25 133
124 93 28 434
124 118 19 639
124 126 45 182
124 154 31 57
124 157 1 195
124 163 49 204
124 168 7 34
124 190 55 693
125 5 55 678
125 10 25 336
125 30 40 536
125 40 43 44
125 54 22 355
125 71 37 302
125 98 31 8
125 120 19 343
125 128 13 288
125 154 27 462
125 155 1 183
125 164 7 750
125 172 49 191
125 173 5 722
126 1 49 1
126 22 19 214
126 35 25 131
126 57 7 13
126 59 9 386
126 109 52 466
126 114 11 244
126 120 22 343
126 135 55 225
126 145 43 339
126 148 13 350
126 154 31 462
126 164 1 750
126 176 16 499
127 20 33 665
127 26 37 698
127 34 43 345
127 38 7 349
127 45 23 369
127 68 16 257
127 75 13 18
127 103 49 81
127 119 19 570
127 125 27 206
127 129 3 584
127 137 1 171
127 146 31 281
127 163 45 204
127 181 25 411
128 1 52 1
128 2 43 387
128 10 27 336
128 38 33 417
128 40 55 44
128 58 17 347
128 71 40 302
128 73 31 702
128 104 49 218
128 107 37 380
128 158 21 205
128 162 13 256
128 178 7 681
128 179 1 245
129 7 40 746
129 9 23 348
129 10 13 336
129 19 11 271
129 26 43 698
129 49 15 28
129 68 4 257
129 69 25 89
129 95 19 300
129 102 49 385
129 107 1 380
129 155 7 183
129 156 28 15
129 172 31 191
129 181 21 411
130 1 58 1
130 14 31 370
130 20 25 665
130 22 52 214
130 68 49 257
130 79 1 431
130 86 19 359
130 98 43 8
130 110 40 295
130 121 47 115
130 122 13 500
130 152 16 88
130 166 37 644
130 175 3 512
130 194 7 38
131 10 29 336
131 11 4 96
131 28 49 481
131 41 19 634
131 74 23 100
131 79 15 431
131 98 37 8
131 103 55 81
131 104 10 229
131 109 1 468
131 136 43 71
131 141 25 172
131 184 7 133
132 10 31 336
132 11 34 96
132 25 22 628
132 53 9 236
132 56 43 99
132 74 25 100
132 75 15 18
132 111 17 94
132 123 37 708
132 133 55 127
132 157 49 195
132 176 19 499
132 197 1 268
132 198 27 42
133 7 43 746
133 21 40 306
133 41 1 505
133 48 23 677
133 79 25 431
133 96 49 33
133 101 5 162
133 115 27 534
133 131 31 338
133 138 37 190
133 148 34 350
133 155 13 183
133 156 21 15
133 187 55 273
133 196 10 556
134 23 49 457
134 26 37 368
134 69 22 89
134 81 34 297
134 82 7 624
134 86 1 63
134 110 43 295
134 122 17 500
134 152 25 88
134 157 55 195
134 168 28 34
134 169 13 72
134 175 5 512
134 189 15 17
135 4 35 323
135 29 47 182
135 56 49 99
135 68 43 257
135 70 31 31
135 103 1 488
135 138 39 190
135 139 7 238
135 150 22 401
135 153 5 332
135 159 25 151
135 167 19 612
135 184 16 133
135 193 55 356
136 14 58 370
136 23 7 457
136 36 16 283
136 72 46 402
136 76 34 701
136 98 49 8
136 106 37 115
136 108 43 721
136 119 25 570
136 143 13 79
136 149 19 473
136 154 1 462
136 158 23 205
136 190 31 233
137 15 1 39
137 16 31 695
137 48 25 677
137 56 55 99
137 67 22 440
137 89 19 175
137 97 59 32
137 106 13 115
137 117 11 346
137 142 5 446
137 146 34 281
137 179 49 503
137 184 27 133
137 197 7 268
138 8 11 341
138 21 43 306
138 46 7 496
138 51 1 119
138 58 19 347
138 74 27 100
138 97 5 611
138 110 46 295
138 112 13 396
138 119 31 570
138 122 15 500
138 140 55 627
138 167 3 612
138 176 22 499
139 2 55 387
139 11 7 96
139 14 43 497
139 35 21 131
139 60 17 293
139 78 28 557
139 79 31 431
139 114 41 244
139 136 49 71
139 149 33 473
139 153 3 332
139 164 13 750
139 167 37 612
139 176 10 499
139 196 25 556
140 23 13 741
140 34 33 345
140 51 31 119
140 61 52 579
140 68 40 257
140 78 25 557
140 101 49 556
140 131 23 338
140 148 19 350
140 150 28 401
140 159 37 151
140 160 1 315
140 161 7 84
140 200 43 150
141 4 15 323
141 7 46 746
141 32 33 240
141 45 28 369
141 60 19 293
141 92 1 285
141 109 58 466
141 115 39 421
141 118 3 639
141 120 25 343
141 131 35 338
141 146 37 281
141 162 22 256
141 172 7 35
142 11 10 96
142 16 34 695
142 17 3 716
142 18 31 366
142 25 25 628
142 27 43 132
142 40 49 44
142 42 19 690
142 54 7 355
142 89 13 175
142 101 37 556
142 158 28 205
142 159 40 151
142 168 16 34
142 176 55 499
143 10 33 336
143 13 40 140
143 23 19 741
143 25 28 628
143 65 58 439
143 74 31 100
143 77 5 3
143 80 1 40
143 99 15 654
143 174 25 210
143 175 13 512
143 179 7 245
144 7 49 746
144 9 27 348
144 30 43 536
144 33 1 37
144 37 13 703
144 86 7 53
144 89 4 175
144 93 31 434
144 131 37 338
144 147 25 267
144 155 19 183
144 184 34 133
144 188 55 641
144 189 17 17
145 3 31 73
145 7 52 746
145 21 46 306
145 39 21 226
145 43 25 548
145 72 34 402
145 80 37 40
145 82 13 624
145 96 55 9
145 103 7 488
145 111 19 94
145 128 1 288
145 137 11 171
145 152 28 88
145 188 43 667
146 9 29 348
146 67 25 440
146 68 46 257
146 76 37 701
146 92 15 285
146 98 55 8
146 102 1 517
146 107 4 380
146 146 40 281
146 150 31 401
146 160 7 315
146 170 53 681
146 171 13 487
147 8 13 341
147 20 49 558
147 26 43 368
147 36 19 283
147 39 31 226
147 40 1 261
147 51 29 119
147 82 25 624
147 113 37 227
147 124 55 170
147 153 7 332
147 154 9 462
147 170 47 681
147 171 15 487
147 188 40 667
148 18 34 366
148 27 13 132
148 46 1 496
148 116 49 222
148 130 21 688
148 134 4 405
148 160 37 315
148 165 28 76
148 168 25 34
148 170 59 681
148 182 55 105
148 184 31 133
148 187 43 273
148 195 7 524
149 10 35 336
149 16 37 695
149 22 40 214
149 26 31 633
149 56 1 588
149 72 49 402
149 96 15 33
149 102 52 385
149 108 46 674
149 112 43 396
149 136 55 71
149 137 9 171
149 157 19 195
149 170 5 730
149 195 25 673
150 20 55 665
150 22 46 214
150 24 37 539
150 40 7 261
150 46 28 496
150 49 19 28
150 71 43 302
150 93 34 434
150 99 1 654
150 117 5 346
150 142 51 80
150 158 31 205
150 172 21 191
150 191 13 262
151 10 37 336
151 29 49 182
151 64 28 219
151 68 52 257
151 97 23 611
151 105 4 156
151 109 13 468
151 116 25 222
151 123 19 708
151 131 33 338
151 148 16 350
151 165 7 76
151 170 1 730
151 186 10 598
152 28 1 66
152 40 13 261
152 50 19 64
152 59 31 386
152 109 37 468
152 111 21 94
152 117 43 346
152 149 45 473
152 153 9 332
152 155 25 183
152 170 7 730
152 185 34 224
152 200 55 150
153 6 33 266
153 14 37 370
153 39 13 308
153 45 31 369
153 46 49 496
153 49 21 28
153 57 19 13
153 69 28 89
153 81 25 297
153 114 17 244
153 139 43 238
153 170 3 730
153 173 57 633
153 182 7 477
154 15 55 39
154 23 1 741
154 42 43 168
154 51 33 119
154 59 21 386
154 84 37 193
154 89 25 175
154 113 52 227
154 116 46 222
154 120 28 343
154 128 7 288
154 148 49 350
154 183 13 550
155 26 25 465
155 32 29 240
155 41 13 495
155 70 37 31
155 80 7 40
155 96 31 33
155 97 1 32
155 100 19 737
155 107 46 380
155 118 21 639
155 123 58 708
155 148 4 350
155 166 49 644
155 171 17 487
156 24 43 539
156 34 9 345
156 65 25 439
156 107 55 380
156 110 49 295
156 119 37 570
156 126 52 182
156 149 21 473
156 153 11 332
156 158 33 205
156 176 58 499
156 190 28 693
156 195 13 524
156 199 1 413
157 38 43 417
157 39 25 226
157 59 15 386
157 63 19 407
157 71 31 537
157 84 49 193
157 95 35 300
157 97 11 611
157 107 1 603
157 113 4 227
157 153 13 332
157 184 37 133
157 197 55 629
157 199 7 413
158 25 31 628
158 26 13 465
158 68 57 257
158 70 45 284
158 98 1 585
158 100 21 737
158 101 17 162
158 104 7 229
158 105 10 156
158 110 52 295
158 142 55 80
158 146 43 281
158 173 23 722
158 190 25 233
159 3 16 73
159 6 43 266
159 41 49 505
159 42 1 690
159 45 33 369
159 78 21 557
159 98 7 585
159 112 35 396
159 126 55 182
159 132 28 577
159 151 25 403
159 155 37 183
159 173 11 722
159 189 19 17
160 43 43 548
160 44 28 464
160 56 7 588
160 62 15 458
160 63 49 351
160 87 57 80
160 92 5 285
160 97 17 611
160 116 37 222
160 156 23 15
160 162 25 256
160 171 19 487
160 175 21 512
160 184 40 133
160 194 1 38
161 2 25 395
161 6 13 153
161 13 43 140
161 50 23 64
161 84 7 149
161 110 55 295
161 129 19 584
161 139 33 528
161 145 49 339
161 148 37 350
161 171 31 487
161 187 1 176
162 6 49 266
162 32 35 240
162 40 31 261
162 52 1 275
162 58 21 347
162 83 37 47
162 85 7 554
162 86 43 53
162 95 41 300
162 105 28 156
162 110 58 295
162 133 13 139
162 171 23 487
163 7 55 746
163 9 37 348
163 13 46 140
163 38 7 87
163 42 25 690
163 45 35 369
163 82 49 624
163 94 31 745
163 121 53 115
163 133 1 139
163 153 15 332
163 162 28 256
163 168 39 34
164 10 46 336
164 20 55 694
164 32 37 240
164 37 31 703
164 48 27 677
164 51 35 119
164 73 33 702
164 98 13 585
164 128 19 288
164 142 11 446
164 160 49 315
164 168 43 34
164 172 7 191
164 176 1 408
164 196 39 556
165 14 22 370
165 17 15 716
165 44 1 464
165 59 13 386
165 67 58 440
165 94 34 745
165 112 27 396
165 118 7 639
165 134 9 405
165 143 4 567
165 148 40 350
165 165 19 76
166 12 46 54
166 19 3 271
166 23 7 741
166 40 37 261
166 51 41 119
166 53 15 236
166 58 23 347
166 99 25 162
166 114 43 244
166 137 13 171
166 145 55 339
166 158 35 205
166 173 51 633
166 191 19 262
167 10 39 336
167 25 34 628
167 34 1 345
167 47 49 246
167 50 3 64
167 54 19 355
167 59 41 386
167 64 31 219
167 80 13 40
167 81 28 297
167 97 47 611
167 99 7 654
167 155 43 183
167 156 37 15
168 43 40 548
168 51 21 119
168 94 37 745
168 102 58 385
168 106 7 115
168 119 43 570
168 123 55 215
168 163 31 204
168 167 27 612
168 169 3 72
168 177 49 486
168 194 13 38
169 32 39 240
169 44 7 464
169 63 25 145
169 90 23 130
169 104 31 229
169 113 10 227
169 133 19 139
169 141 49 172
169 147 17 267
169 154 43 462
169 190 58 693
169 192 34 572
169 199 13 413
169 200 1 239
170 8 15 341
170 42 33 690
170 49 9 28
170 54 1 355
170 60 21 293
170 90 25 130
170 91 19 274
170 102 4 517
170 116 40 222
170 143 52 567
170 156 31 15
170 177 27 658
170 192 55 572
170 195 43 673
171 14 46 497
171 20 9 242
171 45 37 369
171 74 29 100
171 75 19 18
171 76 40 701
171 83 3 47
171 87 1 389
171 100 23 737
171 130 25 688
171 150 34 401
171 154 13 462
171 163 49 384
171 169 7 72
171 174 55 210
172 2 1 395
172 21 49 306
172 28 55 481
172 37 59 703
172 47 13 429
172 98 19 585
172 99 7 162
172 105 31 156
172 107 52 380
172 150 37 401
172 159 28 151
172 166 40 644
172 190 43 233
173 2 9 395
173 8 17 341
173 14 34 370
173 19 7 271
173 44 43 464
173 75 29 18
173 104 1 229
173 109 4 468
173 133 25 139
173 152 31 88
173 158 37 205
173 176 49 499
173 190 13 233
173 199 19 413
174 6 1 153
174 7 58 746
174 43 28 548
174 47 43 246
174 50 9 64
174 69 37 89
174 72 52 402
174 73 35 702
174 78 49 557
174 132 31 577
174 143 25 567
174 160 13 315
174 167 21 612
174 188 55 667
175 7 1 25
175 39 7 308
175 45 43 369
175 52 55 243
175 75 35 18
175 79 37 431
175 82 45 624
175 94 40 745
175 97 53 611
175 100 25 737
175 102 19 517
175 103 13 488
175 128 27 288
175 161 31 84
176 23 43 741
176 70 55 31
176 85 4 554
176 90 27 130
176 98 31 585
176 102 7 517
176 113 1 227
176 122 19 500
176 154 49 462
176 158 39 205
176 165 10 664
176 181 23 411
176 197 13 268
177 6 55 266
177 10 41 336
177 19 15 271
177 30 46 536
177 33 4 37
177 50 13 64
177 58 25 347
177 113 19 227
177 155 31 183
177 168 49 34
177 177 37 497
177 187 7 176
177 190 1 233
177 191 27 262
178 4 41 323
178 36 22 283
178 42 37 690
178 47 31 246
178 53 19 236
178 62 17 458
178 68 49 374
178 104 28 229
178 118 15 639
178 143 4 79
178 165 25 76
178 183 7 550
178 185 1 224
178 190 52 233
179 17 13 716
179 30 49 536
179 58 27 347
179 73 37 702
179 74 33 100
179 91 21 274
179 99 1 162
179 122 25 500
179 125 19 206
179 126 57 182
179 142 17 446
179 184 46 133
179 190 7 233
179 196 43 556
180 13 49 140
180 22 7 214
180 60 23 293
180 64 34 219
180 78 52 557
180 85 10 554
180 97 41 611
180 118 25 639
180 139 19 652
180 157 1 255
180 172 37 35
180 178 55 513
180 185 13 224
180 186 28 598
180 196 31 556
181 16 40 695
181 35 27 131
181 48 29 677
181 78 55 557
181 79 34 431
181 85 31 554
181 106 1 515
181 119 49 570
181 126 59 182
181 167 9 612
181 182 13 477
181 184 43 133
181 189 21 17
182 17 33 716
182 48 31 677
182 50 25 64
182 74 35 100
182 82 55 624
182 91 23 274
182 101 11 162
182 104 4 229
182 131 39 338
182 137 15 171
182 138 41 190
182 147 1 267
182 151 28 403
182 164 19 750
183 42 46 690
183 45 39 369
183 47 49 43
183 50 15 64
183 70 25 31
183 76 43 701
183 83 7 47
183 103 19 488
183 108 55 263
183 149 3 473
183 166 58 644
183 170 11 730
183 186 31 598
184 13 52 140
184 14 49 370
184 18 46 366
184 38 37 349
184 45 41 369
184 77 3 3
184 99 13 162
184 118 27 639
184 170 9 730
184 183 19 550
184 189 23 17
184 190 31 693
185 26 1 465
185 32 41 240
185 46 10 496
185 56 13 588
185 64 43 219
185 73 39 702
185 75 37 18
185 91 25 274
185 101 23 162
185 107 58 380
185 120 31 343
185 156 34 15
185 181 27 411
185 184 49 133
186 45 45 369
186 49 25 28
186 62 19 458
186 75 39 18
186 77 7 3
186 78 58 557
186 107 49 380
186 112 21 396
186 115 27 230
186 128 31 288
186 174 9 210
186 187 13 176
186 190 52 693
186 195 1 524
187 35 29 131
187 44 19 464
187 75 41 18
187 82 1 471
187 93 37 434
187 101 35 162
187 115 15 534
187 128 43 288
187 176 52 499
187 191 31 262
187 196 22 556
188 7 4 25
188 17 19 716
188 28 7 66
188 46 34 496
188 69 31 89
188 72 55 402
188 104 58 229
188 123 1 708
188 125 21 206
188 147 29 267
188 164 25 750
188 171 37 487
188 179 13 245
189 3 10 73
189 7 7 25
189 16 43 695
189 53 21 236
189 79 27 431
189 84 55 193
189 92 3 285
189 97 35 611
189 111 23 94
189 112 1 396
189 118 29 639
189 121 59 115
189 143 16 567
189 184 52 133
189 191 37 262
190 17 39 716
190 34 37 345
190 50 34 64
190 80 49 40
190 85 27 554
190 92 13 285
190 111 25 94
190 113 55 227
190 129 1 118
190 148 46 350
190 151 31 403
190 157 7 255
190 175 15 512
190 187 19 176
191 26 7 465
191 44 49 464
191 79 41 431
191 98 25 585
191 141 1 731
191 148 52 350
191 161 43 84
191 168 34 34
191 187 37 176
191 188 31 641
192 43 19 548
192 63 7 483
192 75 45 18
192 81 49 297
192 83 13 47
192 86 1 359
192 90 29 130
192 131 43 338
192 133 37 139
192 158 41 205
192 164 31 750
192 167 47 612
192 170 17 730
192 184 55 133
193 20 1 242
193 28 13 66
193 41 7 495
193 53 25 236
193 97 29 611
193 98 37 585
193 108 49 263
193 114 53 244
193 119 55 570
193 130 23 688
193 170 19 730
193 191 43 262
194 37 39 703
194 41 7 505
194 43 16 548
194 51 37 119
194 68 52 374
194 100 27 737
194 114 59 244
194 115 43 534
194 116 55 222
194 122 21 500
194 139 1 652
194 147 19 267
194 186 34 598
195 7 10 25
195 51 53 119
195 95 1 300
195 118 23 639
195 120 34 343
195 122 31 500
195 132 37 577
195 138 43 190
195 152 40 88
195 161 55 84
195 164 45 750
195 176 4 408
195 191 49 262
195 197 19 268
196 16 46 695
196 23 49 741
196 33 10 37
196 42 55 690
196 44 58 464
196 49 27 28
196 68 1 159
196 89 7 175
196 107 4 603
196 112 19 396
196 121 53 3
196 122 33 500
196 128 37 288
196 139 13 652
196 167 31 612
197 20 13 242
197 31 46 475
197 36 25 283
197 59 43 386
197 105 19 156
197 111 28 94
197 112 41 396
197 128 49 288
197 132 34 577
197 139 1 238
197 149 9 473
197 199 37 413
198 16 49 695
198 34 3 345
198 36 28 283
198 47 45 43
198 72 58 402
198 77 9 3
198 79 43 431
198 85 19 554
198 123 22 708
198 150 40 401
198 165 13 76
198 181 31 411
198 187 33 176
199 11 43 96
199 28 19 66
199 38 55 349
199 54 49 355
199 56 31 588
199 57 46 13
199 59 35 386
199 63 13 407
199 71 7 302
199 101 29 162
199 131 41 338
199 149 52 473
199 171 3 487
199 172 37 191
199 179 25 245
200 42 49 168
200 51 39 119
200 68 7 159
200 71 10 302
200 95 37 300
200 130 27 688
200 138 45 190
200 149 59 473
200 157 13 255
200 177 31 486
200 178 1 681
200 191 55 262
200 192 52 596
200 194 19 38
201 2 19 387
201 11 49 96
201 36 31 283
201 44 46 464
201 61 55 579
201 67 34 440
201 84 1 149
201 106 7 515
201 114 23 258
201 154 37 462
201 159 43 151
201 170 13 730
201 181 29 411
201 185 16 224
201 187 25 176
202 3 7 73
202 62 21 458
202 67 10 440
202 73 41 702
202 123 46 708
202 129 25 584
202 134 13 405
202 162 37 256
202 165 16 76
202 181 33 411
202 191 1 611
202 192 58 572
203 2 13 395
203 8 19 341
203 35 33 131
203 50 27 64
203 56 37 588
203 60 25 293
203 62 23 458
203 78 7 623
203 90 31 130
203 100 29 737
203 105 43 156
203 106 55 515
203 155 49 183
203 195 1 673
203 196 46 556
204 14 19 370
204 19 5 271
204 35 31 131
204 49 29 28
204 52 7 275
204 76 46 701
204 82 33 624
204 83 25 47
204 85 37 554
204 101 41 162
204 141 13 731
204 163 1 141
205 3 28 73
205 39 45 226
205 51 43 119
205 70 7 284
205 79 39 431
205 86 49 63
205 96 1 9
205 106 13 515
205 134 19 405
205 147 31 267
206 23 25 741
206 42 4 690
206 46 19 496
206 49 31 28
206 58 29 347
206 73 43 702
206 77 11 3
206 85 40 554
206 92 7 285
206 128 55 288
206 148 1 375
206 152 37 88
206 163 45 492
206 178 13 681
206 181 35 411
207 27 25 132
207 33 16 37
207 41 55 505
207 76 49 701
207 79 45 431
207 104 52 218
207 114 13 258
207 157 19 255
207 164 37 750
207 172 1 35
207 173 29 722
207 175 23 512
207 195 7 673
208 10 43 336
208 22 16 214
208 23 55 741
208 53 23 236
208 85 34 554
208 111 31 94
208 114 28 258
208 120 37 343
208 122 40 500
208 129 7 118
208 138 47 190
208 176 13 408
209 2 37 395
209 18 4 366
209 36 34 283
209 40 19 261
209 42 58 690
209 44 52 464
209 77 17 3
209 86 25 359
209 89 31 175
209 95 43 300
209 102 10 517
209 104 46 218
209 129 13 118
209 134 1 405
209 176 7 408
210 35 35 131
210 54 4 355
210 60 27 293
210 61 7 579
210 63 55 145
210 65 1 439
210 85 43 554
210 114 49 258
210 132 40 577
210 159 46 151
210 162 31 256
210 167 15 612
210 177 19 658
210 190 10 233
211 3 34 73
211 4 27 323
211 7 13 25
211 20 43 665
211 42 10 690
211 64 37 219
211 72 7 618
211 101 47 162
211 114 31 258
211 115 57 599
211 116 52 222
211 128 1 361
211 129 19 118
211 149 55 473
212 4 21 323
212 6 7 153
212 12 1 54
212 27 49 132
212 41 13 505
212 50 29 64
212 81 37 297
212 92 19 285
212 116 58 222
212 118 35 639
212 148 55 350
212 160 31 315
212 175 27 512
213 32 43 240
213 34 19 345
213 39 1 308
213 45 47 369
213 92 25 285
213 93 40 434
213 97 23 19
213 148 58 350
213 151 34 403
213 156 45 15
213 169 9 72
213 171 21 487
213 198 13 673
214 7 16 25
214 23 1 228
214 36 37 283
214 63 55 351
214 83 43 47
214 102 13 517
214 104 22 229
214 105 34 156
214 106 49 515
214 109 19 468
214 128 7 361
214 190 40 693
214 197 25 268
215 3 43 73
215 4 46 323
215 14 7 370
215 48 33 677
215 58 31 347
215 60 29 293
215 61 13 579
215 63 1 483
215 78 10 623
215 101 53 162
215 106 25 515
215 179 37 245
215 182 19 477
216 10 49 336
216 15 7 39
216 18 51 366
216 33 22 37
216 35 37 131
216 36 40 283
216 57 27 13
216 86 13 53
216 100 31 737
216 139 1 528
216 171 25 487
216 173 17 722
216 182 33 477
216 186 43 598
217 6 37 153
217 8 21 341
217 12 4 54
217 15 13 39
217 18 10 366
217 45 49 369
217 53 27 236
217 67 1 327
217 76 52 701
217 90 33 130
217 100 35 737
217 123 7 708
217 179 43 245
217 189 25 17
218 25 37 628
218 42 7 690
218 45 51 369
218 63 13 483
218 83 31 47
218 101 59 162
218 103 25 488
218 138 49 190
218 166 43 490
218 172 1 191
218 176 10 408
218 179 19 245
219 6 19 153
219 23 25 228
219 64 40 219
219 86 31 359
219 87 3 389
219 90 35 130
219 92 43 285
219 105 37 156
219 121 45 3
219 128 13 361
219 138 51 190
219 184 58 133
219 191 7 611
220 2 55 395
220 37 5 588
220 41 37 505
220 59 33 386
220 93 43 434
220 97 59 611
220 98 49 585
220 118 9 639
220 170 21 730
220 176 16 408
220 177 25 486
220 184 1 542
220 192 13 572
221 7 19 25
221 41 1 634
221 43 10 548
221 45 53 369
221 48 35 677
221 71 22 302
221 76 55 701
221 82 39 624
221 128 25 361
221 132 43 577
221 134 16 405
221 147 46 267
221 181 37 411
222 28 25 66
222 42 52 168
222 45 55 369
222 63 31 483
222 64 46 219
222 79 49 431
222 84 13 149
222 94 43 745
222 107 7 603
222 114 35 258
222 160 57 315
222 178 19 681
222 182 37 477
222 188 1 591
223 14 1 370
223 37 27 703
223 42 55 79
223 138 53 190
223 149 15 473
223 154 19 462
223 156 39 15
223 159 49 151
223 175 31 512
223 184 4 542
223 200 7 239
224 31 39 475
224 46 52 496
224 59 37 386
224 70 1 284
224 92 9 285
224 104 16 229
224 134 49 405
224 146 45 281
224 175 33 512
224 188 58 641
225 11 1 96
225 49 35 28
225 64 49 219
225 74 37 100
225 91 27 274
225 98 43 585
225 111 33 94
225 115 19 534
225 118 31 639
225 143 7 79
225 168 52 34
225 192 4 572
225 194 55 38
226 53 29 236
226 76 58 701
226 80 13 428
226 85 49 554
226 104 37 218
226 111 35 94
226 117 47 346
226 143 25 79
226 155 1 378
226 166 52 644
226 177 31 497
226 182 43 477
226 190 40 298
226 195 19 524
226 198 9 42
227 26 1 698
227 35 39 131
227 78 31 557
227 81 52 297
227 89 16 175
227 94 46 745
227 96 7 9
227 97 59 19
227 98 55 585
227 113 13 227
227 149 29 122
227 156 41 15
227 158 43 205
227 162 34 256
227 171 27 487
228 2 19 395
228 12 13 54
228 43 1 548
228 54 52 355
228 69 34 89
228 79 47 431
228 82 7 471
228 109 16 468
228 114 40 258
228 138 55 190
228 147 27 267
228 154 57 462
228 165 37 76
229 10 59 336
229 14 10 370
229 17 35 716
229 46 49 87
229 64 52 219
229 77 13 3
229 78 4 623
229 116 1 419
229 131 46 338
229 142 23 446
229 150 43 401
229 164 55 750
229 179 31 245
229 199 25 413
230 20 7 558
230 24 49 539
230 69 43 89
230 75 33 18
230 85 55 554
230 102 16 517
230 157 25 255
230 165 58 76
230 168 46 34
230 178 1 321
230 181 39 411
230 195 19 673
231 50 31 64
231 57 13 13
231 65 7 439
231 68 10 159
231 70 1 31
231 73 45 702
231 74 39 100
231 77 15 3
231 78 34 557
231 87 5 389
231 89 49 175
231 107 19 603
231 163 25 141
231 172 55 191
232 7 22 25
232 26 7 698
232 39 13 226
232 41 43 505
232 43 55 548
232 48 37 677
232 54 58 355
232 57 25 13
232 67 4 327
232 79 52 431
232 90 39 130
232 94 49 745
232 183 31 550
232 189 27 17
233 2 1 732
233 3 51 73
233 18 25 366
233 20 13 558
233 53 31 236
233 85 46 554
233 90 41 130
233 95 21 300
233 108 7 263
233 131 49 338
233 151 37 403
233 167 43 612
233 168 55 34
233 190 10 693
233 199 33 413
234 11 25 96
234 26 55 698
234 30 52 536
234 40 43 261
234 84 19 149
234 100 33 737
234 106 13 728
234 116 7 419
234 118 41 639
234 125 23 206
234 143 1 567
234 153 17 332
234 161 37 84
234 166 10 644
234 185 4 224
235 61 1 579
235 64 55 219
235 73 47 702
235 91 29 274
235 102 22 517
235 108 4 263
235 112 15 396
235 176 19 408
235 178 25 681
235 184 7 542
236 6 25 153
236 73 49 702
236 92 33 285
236 94 52 745
236 109 22 468
236 112 9 396
236 115 13 230
236 116 4 419
236 122 35 500
236 153 19 332
236 182 55 477
236 183 43 550
236 186 37 598
237 59 45 386
237 81 40 297
237 91 31 274
237 97 34 19
237 121 49 3
237 123 4 708
237 141 7 731
237 160 25 315
237 167 51 612
237 169 15 72
237 171 43 487
238 2 7 732
238 6 1 454
238 18 25 383
238 21 52 306
238 45 57 369
238 57 31 13
238 58 33 347
238 86 19 392
238 116 13 419
238 137 17 171
238 150 46 401
238 186 40 598
238 196 28 556
239 2 31 395
239 32 47 240
239 44 1 470
239 73 51 702
239 92 21 285
239 120 40 343
239 122 37 500
239 123 58 215
239 129 25 118
239 158 45 205
239 166 4 644
239 170 23 730
239 200 13 239
240 30 55 536
240 65 10 439
240 71 19 302
240 125 25 206
240 149 47 121
240 150 49 401
240 152 34 88
240 159 52 151
240 179 1 516
240 181 41 411
240 183 27 550
240 187 43 176
241 60 31 293
241 61 22 579
241 70 7 31
241 79 55 431
241 80 25 428
241 82 13 471
241 92 53 285
241 96 37 33
241 115 1 230
241 132 46 577
241 134 43 405
241 160 33 427
241 172 49 329
241 185 19 224
242 2 45 395
242 35 41 131
242 41 13 634
242 42 37 168
242 70 25 722
242 73 53 702
242 91 33 274
242 96 55 33
242 121 59 3
242 128 19 361
242 156 43 15
242 161 1 241
242 175 35 512
242 184 10 542
242 187 49 176
243 16 52 695
243 20 1 558
243 32 49 240
243 36 43 283
243 41 7 634
243 42 13 690
243 80 39 428
243 82 19 471
243 90 37 130
243 128 31 361
243 130 29 688
243 134 46 405
243 187 55 176
243 192 16 572
244 7 25 25
244 11 22 96
244 41 37 634
244 72 10 618
244 83 49 47
244 93 46 434
244 114 43 258
244 125 29 206
244 129 31 118
244 149 53 121
244 165 55 76
244 168 58 34
244 194 1 502
245 3 37 73
245 11 52 96
245 15 13 672
245 42 57 168
245 82 25 471
245 86 7 359
245 92 55 285
245 106 21 515
245 109 40 468
245 132 49 577
245 133 31 139
245 137 19 171
245 160 45 315
245 181 43 411
246 2 13 732
246 13 55 140
246 28 39 66
246 45 59 369
246 54 10 102
246 60 43 293
246 100 37 737
246 103 33 488
246 106 1 728
246 113 7 227
246 130 31 688
246 143 22 79
246 147 53 267
246 179 49 245
247 8 23 341
247 10 55 336
247 13 1 202
247 64 58 219
247 71 4 302
247 74 43 100
247 97 47 19
247 102 25 517
247 128 7 608
247 132 52 577
247 151 40 403
247 181 45 411
247 195 13 657
248 22 16 648
248 28 31 66
248 39 25 559
248 48 39 677
248 79 58 431
248 108 46 721
248 120 43 343
248 128 49 361
248 129 19 122
248 132 55 577
248 182 1 14
248 184 13 542
248 187 7 446
249 6 31 153
249 11 7 409
249 18 10 383
249 31 55 475
249 34 13 345
249 38 43 636
249 80 1 455
249 84 25 149
249 85 58 554
249 117 19 346
249 161 49 84
249 165 22 76
249 170 15 730
249 178 37 681
250 4 1 323
250 8 25 341
250 33 28 37
250 42 19 168
250 60 33 293
250 61 16 579
250 67 13 440
250 86 39 53
250 94 55 745
250 99 43 162
250 111 37 94
250 176 22 408
251 35 43 131
251 54 13 102
251 56 19 588
251 69 40 89
251 94 58 745
251 95 49 300
251 96 1 571
251 108 16 263
251 109 25 468
251 128 45 361
251 150 52 401
251 161 7 241
251 169 31 72
252 37 55 703
252 38 1 349
252 39 7 559
252 50 37 64
252 56 25 588
252 93 49 434
252 97 41 19
252 113 16 227
252 123 13 708
252 125 31 206
252 132 58 577
252 137 21 171
252 178 33 681
252 189 29 17
253 24 55 539
253 36 46 283
253 37 15 703
253 47 7 429
253 69 51 89
253 90 43 130
253 106 31 515
253 109 28 468
253 150 1 607
253 158 49 205
253 169 19 72
253 192 22 572
254 19 13 271
254 25 40 628
254 77 19 3
254 99 55 162
254 108 21 263
254 113 1 276
254 131 51 338
254 151 43 403
254 175 37 512
254 185 28 224
254 186 46 598
254 194 7 502
254 196 34 556
255 10 51 336
255 11 1 409
255 18 19 383
255 23 37 741
255 35 45 131
255 42 22 168
255 71 13 537
255 92 27 285
255 113 4 276
255 125 33 206
255 163 7 141
255 179 55 245
255 184 16 542
256 20 19 558
256 22 10 648
256 39 55 226
256 99 13 212
256 111 39 94
256 129 43 118
256 148 7 375
256 154 1 640
256 157 31 255
256 172 25 329
256 173 35 722
256 183 49 550
257 4 3 323
257 12 28 54
257 13 58 140
257 62 25 458
257 100 39 737
257 113 46 227
257 122 43 500
257 131 53 338
257 139 7 528
257 153 23 332
257 191 13 611
257 200 19 239
258 3 57 73
258 60 35 293
258 64 1 410
258 98 7 108
258 102 28 517
258 111 41 94
258 121 4 599
258 131 55 338
258 134 31 405
258 154 19 640
258 161 13 241
258 169 25 72
258 199 43 413
259 3 4 351
259 32 45 240
259 47 27 429
259 70 19 284
259 74 41 100
259 93 52 434
259 99 7 212
259 105 1 215
259 107 13 603
259 134 34 405
259 152 49 88
259 170 25 730
259 186 55 598
259 196 58 556
260 3 1 351
260 19 9 271
260 21 55 306
260 33 31 37
260 77 23 3
260 96 13 571
260 122 45 500
260 141 49 422
260 143 28 79
260 153 21 332
260 156 47 15
260 159 58 151
260 175 39 512
261 11 46 96
261 12 9 54
261 26 19 698
261 54 16 102
261 58 35 347
261 73 55 702
261 81 43 297
261 83 57 47
261 84 37 149
261 98 1 108
261 121 7 599
261 142 29 446
261 189 31 17
262 13 4 202
262 19 17 271
262 72 13 618
262 73 57 702
262 85 1 363
262 89 10 175
262 97 53 19
262 114 33 258
262 129 37 118
262 160 21 427
262 164 49 750
262 166 7 644
262 200 25 239
263 3 7 351
263 11 55 96
263 22 49 214
263 53 33 236
263 75 43 18
263 79 1 155
263 81 46 297
263 102 52 517
263 116 10 419
263 174 3 210
263 189 35 17
263 197 37 268
264 31 1 30
264 43 4 548
264 58 37 347
264 60 39 293
264 63 19 483
264 69 46 89
264 71 7 537
264 123 28 708
264 129 49 118
264 138 57 190
264 142 35 446
264 153 25 332
264 175 41 512
265 17 27 716
265 31 58 475
265 47 7 43
265 65 19 439
265 68 4 159
265 81 55 297
265 108 1 263
265 118 33 639
265 172 13 35
265 173 41 722
265 182 49 477
266 19 22 271
266 27 1 58
266 65 9 4
266 69 55 89
266 72 19 618
266 86 49 53
266 87 7 389
266 90 45 130
266 104 58 218
266 113 40 227
266 139 25 528
266 141 31 172
266 173 43 722
266 194 13 502
267 12 22 54
267 14 28 370
267 18 7 366
267 33 34 37
267 52 13 275
267 64 4 410
267 67 40 440
267 73 59 702
267 90 47 130
267 104 55 218
267 109 31 468
267 116 19 419
267 143 1 79
267 176 25 408
268 11 4 409
268 12 7 258
268 14 25 370
268 56 43 588
268 71 58 302
268 78 1 623
268 82 31 471
268 86 37 359
268 93 55 434
268 98 13 108
268 166 10 589
268 173 53 722
268 174 19 210
268 178 49 681
269 16 55 695
269 51 47 119
269 61 19 579
269 65 4 439
269 70 13 284
269 85 52 554
269 96 7 571
269 112 33 396
269 117 1 346
269 131 58 338
269 133 43 139
269 160 25 427
269 188 37 641
270 2 25 732
270 13 7 202
270 41 55 634
270 68 13 159
270 72 1 618
270 77 21 3
270 80 49 428
270 95 47 300
270 113 10 276
270 128 37 361
270 138 59 190
270 166 16 644
270 197 43 268
270 200 31 239
271 27 55 132
271 39 51 226
271 42 40 690
271 43 46 548
271 67 7 327
271 79 4 155
271 95 13 300
271 98 19 108
271 112 10 534
271 121 59 410
271 137 23 171
271 152 43 88
271 156 49 15
271 159 1 564
271 176 28 408
272 19 19 271
272 47 25 246
272 70 43 31
272 78 13 623
272 79 7 155
272 95 9 300
272 114 47 258
272 128 55 361
272 159 4 564
272 173 1 713
272 198 21 42
273 19 25 271
273 44 7 470
273 58 39 347
273 83 1 289
273 93 58 434
273 152 46 88
273 165 49 76
273 185 43 224
273 188 52 667
273 191 19 611
273 192 10 572
273 197 31 268
274 14 13 86
274 20 25 694
274 26 31 666
274 31 4 30
274 56 49 588
274 86 43 359
274 87 11 389
274 104 1 303
274 106 19 728
274 107 16 603
274 122 47 500
274 155 55 183
274 157 37 255
274 179 7 516
275 2 19 732
275 7 28 25
275 10 53 336
275 69 58 89
275 74 45 100
275 101 5 349
275 103 37 488
275 153 31 332
275 167 41 612
275 176 33 408
275 177 1 658
275 192 7 572
275 200 49 239
276 17 31 716
276 23 13 228
276 30 58 536
276 32 51 240
276 64 7 410
276 74 47 100
276 116 22 419
276 133 1 715
276 147 43 267
276 167 45 612
276 171 39 487
276 173 55 722
276 188 33 667
277 23 7 228
277 35 47 131
277 52 19 275
277 58 41 347
277 82 37 471
277 89 34 175
277 104 31 303
277 106 27 728
277 131 1 126
277 137 25 171
277 154 13 640
277 160 49 427
277 162 43 256
277 198 3 42
278 4 7 323
278 34 15 345
278 71 55 302
278 75 47 18
278 77 25 3
278 97 1 480
278 107 10 603
278 111 43 94
278 141 3 172
278 147 21 267
278 164 49 607
278 176 37 408
278 198 31 42
279 21 58 306
279 26 37 633
279 36 49 283
279 40 13 460
279 67 31 327
279 96 43 33
279 104 34 303
279 129 25 122
279 170 29 730
279 171 41 487
279 187 1 446
279 194 19 502
279 199 7 437
280 8 27 341
280 26 13 698
280 32 53 240
280 39 1 559
280 42 31 168
280 48 41 677
280 54 7 102
280 96 19 571
280 100 43 737
280 122 49 500
280 157 45 255
280 171 51 487
281 31 52 475
281 46 57 496
281 97 3 480
281 104 19 229
281 118 43 639
281 122 55 500
281 137 27 171
281 143 16 79
281 147 5 280
281 151 46 403
281 171 49 487
281 182 7 14
281 185 37 224
282 4 31 323
282 10 57 336
282 11 10 409
282 20 13 665
282 44 37 464
282 46 43 496
282 52 25 275
282 65 22 439
282 67 19 327
282 85 4 363
282 100 41 737
282 113 7 276
282 120 46 343
282 121 55 3
282 157 49 255
283 10 1 682
283 17 47 716
283 28 43 66
283 41 25 634
283 52 31 275
283 70 19 31
283 74 49 100
283 83 13 289
283 85 7 363
283 105 40 156
283 117 3 346
283 157 55 255
283 196 51 556
284 2 31 732
284 43 22 548
284 44 4 470
284 67 10 327
284 96 25 571
284 111 45 94
284 120 49 343
284 147 59 267
284 158 47 205
284 175 43 512
284 183 37 550
284 188 7 591
284 190 16 233
284 197 55 268
285 6 43 153
285 33 37 37
285 79 9 155
285 98 25 108
285 99 19 212
285 107 31 603
285 114 53 258
285 133 49 139
285 149 59 121
285 157 1 601
285 172 13 191
285 188 34 591
285 196 55 556
286 7 31 25
286 10 4 682
286 16 58 695
286 54 19 102
286 62 27 458
286 63 37 145
286 120 52 343
286 150 55 401
286 153 29 332
286 168 1 422
286 173 11 713
286 178 43 681
286 198 7 575
287 7 34 25
287 11 13 409
287 51 45 119
287 68 16 159
287 70 37 722
287 72 22 618
287 104 25 229
287 129 1 122
287 133 7 715
287 164 55 607
287 173 5 713
287 174 19 521
287 199 49 413
288 31 7 30
288 61 46 579
288 64 10 410
288 65 4 4
288 69 1 51
288 80 31 428
288 83 19 289
288 116 37 419
288 154 25 640
288 163 55 204
288 176 40 408
288 179 13 516
288 190 43 693
289 63 49 483
289 84 31 149
289 89 58 441
289 100 45 737
289 114 5 11
289 118 47 639
289 125 35 206
289 159 55 151
289 160 37 427
289 161 19 241
289 190 13 693
289 191 25 611
289 192 7 596
289 198 1 575
290 32 55 240
290 70 1 722
290 75 49 18
290 77 29 3
290 81 58 297
290 96 31 571
290 153 27 332
290 156 51 15
290 171 45 487
290 173 7 713
290 182 13 14
290 184 19 542
291 19 27 271
291 33 40 37
291 36 52 283
291 39 13 559
291 59 47 386
291 70 19 722
291 108 37 451
291 150 58 401
291 154 31 640
291 155 7 378
291 160 43 427
291 196 1 217
292 4 5 511
292 65 28 439
292 71 52 302
292 80 7 455
292 98 43 108
292 99 1 212
292 130 33 688
292 159 55 202
292 166 58 490
292 176 49 408
292 182 19 14
292 187 13 446
292 190 25 693
292 191 37 611
293 2 37 732
293 9 33 348
293 18 1 366
293 36 55 283
293 48 43 677
293 65 16 439
293 129 9 122
293 131 7 126
293 150 4 607
293 151 49 403
293 152 52 88
293 154 45 640
294 34 27 345
294 51 49 119
294 62 29 458
294 79 11 155
294 80 13 455
294 114 55 258
294 147 9 267
294 151 52 403
294 159 58 202
294 169 21 72
294 175 45 512
295 9 35 348
295 18 4 383
295 22 55 214
295 26 25 698
295 30 1 476
295 33 43 37
295 53 37 236
295 70 49 31
295 85 10 363
295 86 13 359
295 149 7 122
295 162 40 256
295 171 47 487
295 192 31 572
296 2 7 615
296 6 55 153
296 25 43 628
296 26 13 368
296 37 1 703
296 38 37 417
296 53 35 236
296 62 31 458
296 63 25 483
296 69 4 51
296 143 46 79
296 158 51 205
297 4 51 323
297 15 19 672
297 62 33 458
297 63 43 483
297 90 49 130
297 96 37 571
297 97 5 480
297 114 1 11
297 137 29 171
297 150 7 607
297 155 13 378
297 161 25 241
297 167 53 612
297 188 58 667
298 18 33 383
298 23 19 228
298 38 55 417
298 43 7 686
298 59 39 386
298 97 10 480
298 101 17 349
298 121 1 599
298 134 52 405
298 163 13 141
298 170 31 730
298 194 25 502
298 196 4 217
299 17 41 716
299 49 33 28
299 54 22 102
299 68 19 159
299 80 55 428
299 96 43 571
299 108 10 263
299 130 35 688
299 131 3 126
299 147 39 267
299 163 13 204
299 170 27 730
299 171 53 487
300 6 49 153
300 12 19 54
300 17 43 716
300 23 31 228
300 30 4 476
300 37 11 588
300 57 9 13
300 89 28 175
300 112 45 396
300 114 7 11
300 116 16 419
300 138 1 121
300 149 57 473
300 165 40 76
300 188 37 667
301 4 9 323
301 9 39 348
301 51 59 119
301 61 31 579
301 74 51 100
301 100 47 737
301 109 34 468
301 112 49 396
301 114 45 258
301 118 37 639
301 129 13 122
301 133 55 139
301 168 4 422
302 4 33 323
302 10 10 682
302 31 13 30
302 54 1 102
302 68 25 159
302 79 16 155
302 97 23 480
302 101 29 349
302 113 49 227
302 130 37 688
302 134 55 405
302 187 19 446
302 195 39 524
302 196 7 217
303 11 16 409
303 26 1 368
303 49 37 28
303 53 39 236
303 63 57 483
303 64 13 410
303 98 31 108
303 117 9 346
303 171 55 487
303 173 19 713
303 175 47 512
303 190 21 233
303 198 49 673
304 7 39 25
304 48 45 677
304 57 3 13
304 70 31 722
304 78 25 623
304 80 19 455
304 100 49 737
304 120 55 343
304 125 37 206
304 147 17 280
304 150 10 607
304 154 51 640
304 178 13 321
304 190 7 693
305 4 43 323
305 9 41 348
305 14 4 370
305 42 25 168
305 44 15 470
305 49 39 28
305 60 37 293
305 69 7 51
305 87 13 389
305 106 31 728
305 166 1 644
305 196 10 217
306 7 43 25
306 14 25 442
306 26 49 698
306 37 3 703
306 50 41 64
306 101 11 349
306 108 28 263
306 115 31 534
306 130 39 688
306 139 13 238
306 154 7 640
306 158 53 205
306 183 55 550
307 7 49 25
307 22 13 648
307 28 55 66
307 30 7 476
307 33 52 37
307 40 1 460
307 48 47 677
307 49 41 28
307 91 35 274
307 106 37 515
307 141 43 422
307 148 10 375
307 198 19 575
308 34 21 345
308 35 49 131
308 50 51 64
308 52 37 275
308 54 58 102
308 80 31 455
308 82 43 471
308 96 1 48
308 108 13 263
308 109 55 468
308 111 47 94
308 166 7 589
308 167 5 173
308 182 25 14
309 8 29 341
309 23 43 228
309 32 57 240
309 56 1 244
309 70 31 490
309 98 37 108
309 106 25 580
309 122 51 500
309 154 13 21
309 155 19 378
309 158 55 205
309 178 7 321
310 2 49 395
310 39 19 559
310 41 57 688
310 52 43 275
310 61 25 26
310 64 16 410
310 65 13 4
310 87 9 389
310 92 47 285
310 114 11 11
310 130 41 688
310 153 33 332
310 164 1 733
311 13 10 202
311 26 25 368
311 27 13 58
311 28 49 66
311 34 31 345
311 49 43 28
311 82 55 471
311 85 19 363
311 113 22 276
311 114 17 11
311 117 35 346
311 141 37 731
311 149 41 122
311 174 1 521
311 189 33 17
312 2 1 615
312 8 31 341
312 15 37 672
312 27 7 58
312 52 51 275
312 86 25 392
312 89 46 441
312 111 49 94
312 113 16 276
312 129 55 118
312 148 13 375
312 161 33 241
312 176 43 408
312 179 19 516
313 25 46 628
313 39 37 559
313 43 58 548
313 48 49 677
313 54 4 102
313 90 51 130
313 99 31 212
313 104 7 303
313 111 53 94
313 116 25 419
313 150 13 607
313 173 16 713
313 176 55 408
313 184 22 542
314 8 33 341
314 17 49 716
314 28 1 77
314 75 51 18
314 96 7 48
314 117 31 346
314 125 39 206
314 133 13 715
314 153 35 332
314 162 46 256
314 163 19 141
314 167 59 612
314 198 25 575
314 199 55 413
315 23 37 228
315 30 10 476
315 48 51 677
315 63 1 692
315 68 22 159
315 83 25 289
315 118 45 639
315 123 7 444
315 141 13 172
315 149 47 122
315 154 55 640
315 173 29 713
315 175 49 512
315 194 31 502
316 3 40 73
316 14 7 497
316 15 49 672
316 19 29 271
316 54 31 102
316 71 3 537
316 105 46 156
316 141 19 731
316 147 11 280
316 152 55 88
316 166 34 46
316 167 1 173
316 187 25 446
317 12 4 258
317 15 19 353
317 19 35 271
317 39 55 559
317 83 7 289
317 102 1 619
317 103 43 488
317 116 28 419
317 118 52 639
317 129 37 122
317 174 16 210
317 182 31 14
317 186 49 598
318 11 22 409
318 26 49 368
318 28 7 77
318 36 58 283
318 39 31 559
318 58 43 347
318 70 45 722
318 74 53 100
318 113 19 276
318 143 40 79
318 155 25 378
318 157 13 601
318 163 1 492
318 189 37 17
319 9 43 348
319 14 10 497
319 18 13 366
319 41 31 634
319 47 19 429
319 65 1 4
319 75 53 18
319 92 45 285
319 105 49 156
319 116 40 419
319 148 4 375
319 190 16 693
320 47 1 429
320 69 10 51
320 92 59 285
320 108 25 263
320 112 55 396
320 141 19 172
320 142 41 446
320 146 47 281
320 149 53 122
320 158 57 205
320 197 49 268
320 198 37 673
321 7 46 25
321 23 55 228
321 28 25 77
321 38 31 636
321 61 7 26
321 64 19 410
321 72 4 618
321 80 37 455
321 85 13 363
321 118 49 639
321 130 43 688
321 150 16 607
321 175 51 512
322 11 25 409
322 15 31 39
322 37 51 703
322 42 16 168
322 44 19 470
322 54 28 102
322 58 45 347
322 61 58 579
322 64 22 410
322 104 13 303
322 114 35 11
322 146 49 281
322 157 7 601
322 199 1 437
323 6 13 454
323 17 51 716
323 58 47 347
323 83 37 289
323 84 43 149
323 85 31 363
323 151 55 403
323 152 58 88
323 157 19 601
323 165 34 664
323 168 7 422
323 174 10 521
323 179 25 516
323 195 1 657
324 6 7 454
324 27 25 58
324 30 13 476
324 44 22 470
324 46 46 496
324 51 51 119
324 65 40 4
324 78 16 623
324 86 55 359
324 150 19 607
324 169 37 72
324 183 1 649
324 191 31 611
324 192 43 596
325 30 16 476
325 33 46 37
325 61 10 26
325 62 35 458
325 79 13 155
325 84 49 149
325 85 22 363
325 102 43 517
325 138 3 121
325 166 19 644
325 179 31 516
325 197 37 296
325 198 55 673
326 11 28 409
326 19 31 271
326 49 45 28
326 92 49 285
326 101 41 349
326 104 4 303
326 121 57 3
326 133 19 715
326 134 37 405
326 147 51 267
326 158 59 205
326 172 33 329
326 192 1 572
327 4 59 323
327 43 1 686
327 59 53 386
327 67 22 327
327 69 13 51
327 72 16 618
327 80 25 455
327 82 49 471
327 84 55 149
327 125 41 206
327 185 46 224
327 197 31 296
327 198 37 575
328 3 10 351
328 11 31 409
328 25 49 628
328 71 28 537
328 122 53 500
328 128 1 608
328 133 57 171
328 139 19 238
328 142 47 446
328 165 7 664
328 179 37 516
328 184 25 542
328 194 43 502
328 198 13 575
329 3 13 351
329 41 1 213
329 99 25 212
329 102 37 517
329 134 58 405
329 141 7 172
329 146 51 281
329 147 49 267
329 155 31 378
329 191 43 611
330 2 45 732
330 52 1 280
330 56 7 244
330 111 51 94
330 125 43 206
330 131 5 126
330 142 49 446
330 146 53 281
330 161 37 241
330 184 28 542
330 186 58 598
331 8 35 341
331 40 55 261
331 41 43 634
331 48 53 677
331 61 16 26
331 92 37 470
331 101 19 349
331 107 25 603
331 191 49 611
331 196 13 217
331 198 31 575
332 2 25 615
332 25 52 628
332 26 43 633
332 30 19 476
332 31 16 30
332 86 1 392
332 112 39 396
332 121 55 410
332 122 57 500
332 131 9 126
332 138 5 121
332 162 49 256
332 174 22 210
332 192 13 596
333 18 16 366
333 25 55 628
333 50 43 64
333 59 49 386
333 84 1 453
333 86 51 359
333 91 37 274
333 121 11 599
333 154 7 21
333 155 39 378
333 163 19 204
334 12 1 258
334 14 28 442
334 27 19 58
334 44 10 470
334 62 37 458
334 116 49 419
334 121 17 599
334 125 45 206
334 129 31 122
334 186 52 598
334 188 4 591
334 191 55 611
334 199 13 437
335 22 19 648
335 23 49 228
335 46 15 586
335 56 57 588
335 57 33 13
335 75 55 18
335 84 7 453
335 121 13 599
335 152 3 417
335 158 1 296
335 161 43 241
335 192 22 596
335 198 25 721
336 8 37 341
336 11 34 409
336 19 39 271
336 56 19 244
336 65 28 4
336 98 49 108
336 106 7 728
336 128 13 608
336 131 11 126
336 141 55 172
336 148 25 375
336 165 1 664
336 184 31 542
336 197 43 296
337 2 49 732
337 11 19 409
337 14 37 441
337 17 53 716
337 73 1 427
337 115 25 421
337 120 58 343
337 141 13 748
337 142 5 674
337 158 3 296
337 166 55 490
337 179 43 516
337 187 31 446
337 190 22 693
337 198 7 721
338 2 55 732
338 9 45 348
338 30 22 476
338 43 4 686
338 71 1 302
338 77 27 3
338 90 53 130
338 118 59 639
338 125 47 206
338 155 49 378
338 163 7 492
338 185 40 224
339 8 39 341
339 10 7 682
339 22 3 648
339 25 58 628
339 38 25 636
339 48 55 677
339 87 15 389
339 125 49 206
339 134 9 622
339 169 41 72
339 170 33 730
339 171 1 636
339 176 46 408
340 2 19 615
340 8 41 341
340 60 45 293
340 85 16 363
340 89 25 441
340 104 10 303
340 108 13 451
340 109 52 468
340 116 31 419
340 138 7 121
340 142 59 446
340 148 28 375
340 185 49 224
340 186 1 50
341 2 15 615
341 8 43 341
341 10 13 682
341 19 33 271
341 22 58 214
341 30 25 476
341 33 49 37
341 62 39 458
341 72 28 618
341 95 3 300
341 152 7 417
341 156 53 15
341 177 19 486
342 7 1 222
342 12 37 258
342 23 19 379
342 32 59 240
342 52 13 280
342 58 49 347
342 74 55 100
342 77 31 3
342 96 25 48
342 103 51 488
342 164 7 733
342 184 34 542
342 190 4 233
343 34 39 345
343 61 31 26
343 67 13 327
343 75 57 18
343 82 1 316
343 92 51 285
343 97 7 480
343 111 55 94
343 115 9 230
343 128 19 608
343 171 59 487
343 178 25 321
344 4 53 323
344 8 45 341
344 15 31 672
344 80 49 455
344 85 25 363
344 106 1 580
344 123 16 444
344 138 9 121
344 139 19 528
344 152 13 417
344 156 55 15
344 185 57 224
344 187 37 446
344 188 28 591
345 53 41 236
345 58 51 347
345 64 25 410
345 72 31 618
345 74 57 100
345 79 23 155
345 86 43 392
345 91 39 274
345 176 13 218
345 178 19 321
345 183 7 649
345 188 16 591
345 191 1 565
346 28 13 77
346 53 43 236
346 60 41 293
346 65 19 4
346 72 34 618
346 75 59 18
346 86 7 392
346 116 45 419
346 133 25 715
346 138 11 121
346 166 31 644
346 170 37 730
346 198 49 575
347 33 55 37
347 39 49 559
347 42 13 168
347 71 46 302
347 109 43 468
347 117 21 346
347 137 31 171
347 160 1 551
347 194 37 502
347 196 16 217
348 14 49 497
348 30 28 476
348 31 10 30
348 44 25 470
348 56 13 244
348 67 37 327
348 80 55 455
348 128 31 608
348 137 35 171
348 142 1 674
348 148 19 375
348 155 43 378
348 158 5 296
348 174 22 521
348 186 7 50
349 8 47 341
349 13 13 202
349 27 31 58
349 40 49 261
349 41 7 213
349 61 22 26
349 78 19 623
349 97 25 480
349 106 37 728
349 142 3 674
349 148 16 375
349 149 59 122
349 187 43 446
350 50 39 64
350 53 45 236
350 72 25 618
350 77 33 3
350 80 1 691
350 89 28 441
350 101 35 349
350 105 52 156
350 112 47 396
350 151 58 403
350 173 9 713
351 9 47 348
351 46 4 586
351 48 57 677
351 56 25 244
351 80 43 455
351 81 1 112
351 91 41 274
351 92 59 470
351 138 13 121
351 170 35 730
351 174 7 521
351 179 49 516
351 198 15 721
352 7 52 25
352 32 1 557
352 37 49 703
352 51 3 216
352 59 5 122
352 77 35 3
352 90 55 130
352 106 43 728
352 111 59 94
352 113 13 276
352 141 37 172
352 146 57 281
352 168 10 422
352 178 31 321
352 199 19 437
353 31 21 30
353 63 37 351
353 69 16 51
353 85 28 363
353 90 57 130
353 98 1 574
353 113 25 276
353 133 31 715
353 138 19 121
353 166 49 353
354 58 53 347
354 83 43 289
354 85 34 363
354 99 49 212
354 102 31 517
354 115 19 230
354 138 15 121
354 149 5 397
354 160 7 551
354 162 55 256
354 163 25 204
354 170 39 730
354 179 1 184
355 4 37 323
355 6 25 454
355 8 49 341
355 18 7 383
355 56 31 244
355 68 43 159
355 69 19 51
355 70 13 31
355 83 55 289
355 108 46 263
355 125 51 206
355 170 41 730
355 189 39 17
355 194 1 667
356 27 37 58
356 30 31 476
356 38 49 636
356 40 9 460
356 67 25 327
356 81 4 112
356 87 17 389
356 103 55 488
356 113 28 276
356 114 13 11
356 116 34 419
356 158 7 296
356 169 43 72
357 9 49 348
357 15 25 672
357 17 45 716
357 20 7 665
357 30 34 476
357 46 1 586
357 51 55 119
357 60 47 293
357 67 40 327
357 108 16 451
357 143 31 79
357 156 57 15
357 161 51 241
358 13 19 202
358 60 49 293
358 78 22 623
358 89 1 175
358 91 43 274
358 101 53 349
358 137 33 171
358 138 17 121
358 146 55 281
358 169 39 72
358 181 47 411
358 195 7 657
359 28 31 77
359 41 13 213
359 96 37 48
359 106 7 580
359 111 57 94
359 117 49 346
359 129 43 122
359 146 59 281
359 149 1 397
359 150 22 607
359 169 47 72
359 172 25 216
359 176 52 408
359 189 41 17
360 2 31 615
360 14 52 497
360 17 55 716
360 19 37 271
360 51 57 119
360 53 47 236
360 61 19 26
360 67 28 327
360 143 43 79
360 158 9 296
360 171 3 636
360 181 49 411
360 190 13 298
361 10 15 682
361 20 3 665
361 47 25 43
361 56 45 244
361 63 7 692
361 75 1 641
361 79 19 155
361 86 31 392
361 96 49 571
361 147 23 280
361 178 55 681
361 189 43 17
361 200 37 239
362 34 45 345
362 41 19 213
362 49 47 28
362 63 37 483
362 70 1 490
362 90 59 130
362 100 51 737
362 101 5 460
362 102 34 517
362 139 13 528
362 155 55 378
362 158 11 296
362 159 7 564
362 195 25 657
363 2 43 615
363 13 16 202
363 35 57 131
363 37 23 588
363 85 37 363
363 96 19 48
363 125 55 206
363 162 52 256
363 179 7 184
363 195 31 657
363 199 25 437
364 33 58 37
364 34 47 345
364 63 19 692
364 71 49 302
364 75 3 641
364 86 15 392
364 114 9 11
364 131 13 126
364 154 37 640
364 174 25 521
364 189 45 17
365 9 51 348
365 18 1 383
365 26 7 368
365 37 17 588
365 39 43 559
365 43 19 686
365 69 22 51
365 78 31 623
365 85 40 363
365 101 47 349
365 107 28 603
365 164 13 733
365 187 55 446
366 18 22 383
366 41 49 634
366 44 28 470
366 48 59 677
366 78 34 623
366 103 1 337
366 108 43 263
366 118 39 639
366 158 13 296
366 159 10 564
366 177 15 658
367 10 17 682
367 15 55 672
367 20 37 665
367 37 9 703
367 75 5 641
367 107 34 603
367 109 1 491
367 115 13 421
367 130 45 688
367 138 21 121
367 156 59 15
367 194 49 502
368 18 28 366
368 23 13 379
368 34 52 345
368 43 10 686
368 51 1 216
368 72 49 618
368 73 3 427
368 81 7 112
368 91 45 274
368 115 31 230
368 133 37 715
368 171 57 487
369 9 53 348
369 82 13 316
369 86 37 392
369 92 4 619
369 101 17 460
369 106 49 728
369 109 46 468
369 115 31 421
369 128 25 608
369 176 58 408
369 191 7 565
369 196 19 217
370 3 46 73
370 6 19 454
370 7 4 222
370 23 31 379
370 98 55 108
370 102 49 517
370 137 37 171
370 150 25 607
370 161 7 489
370 175 53 512
370 177 13 486
370 178 39 321
371 9 55 348
371 12 52 54
371 23 1 379
371 47 19 246
371 98 7 574
371 102 40 517
371 118 57 639
371 122 59 500
371 168 13 422
371 174 16 521
371 178 43 321
372 28 19 77
372 49 51 28
372 53 49 236
372 61 34 26
372 69 25 51
372 96 55 571
372 133 43 715
372 139 37 528
372 149 3 397
372 191 13 565
373 34 49 345
373 41 25 213
373 53 51 236
373 61 31 50
373 99 37 212
373 106 13 580
373 111 1 441
373 149 7 397
373 161 55 241
373 192 3 596
373 196 22 217
373 198 43 575
374 9 57 348
374 30 37 476
374 37 29 588
374 38 1 87
374 50 45 64
374 59 51 386
374 65 25 4
374 70 13 722
374 79 21 155
374 101 59 349
374 137 40 171
374 139 7 507
374 198 31 721
375 12 10 258
375 14 7 86
375 19 41 271
375 34 5 238
375 37 35 588
375 61 52 26
375 74 59 100
375 108 19 451
375 109 49 468
375 111 3 441
375 160 55 427
375 172 43 191
375 182 37 14
375 199 31 437
376 17 57 716
376 57 39 13
376 62 41 458
376 68 28 159
376 79 25 155
376 81 10 112
376 85 43 363
376 131 15 126
376 143 34 79
376 148 22 375
376 174 4 521
377 15 45 672
377 23 7 379
377 33 1 466
377 39 19 237
377 62 43 458
377 79 27 155
377 84 13 453
377 96 31 48
377 113 58 227
377 167 49 612
377 172 37 329
377 185 52 224
378 12 55 54
378 17 1 33
378 44 31 470
378 61 40 26
378 86 49 392
378 107 37 603
378 109 58 468
378 113 34 276
378 143 10 79
378 191 19 565
378 200 43 239
379 10 19 682
379 15 25 353
379 18 37 383
379 30 40 476
379 38 55 636
379 47 31 43
379 79 29 155
379 118 21 389
379 131 17 126
379 163 13 492
379 167 3 173
379 171 5 636
380 8 51 341
380 32 3 557
380 49 49 28
380 56 37 244
380 61 43 26
380 65 16 4
380 78 28 623
380 85 46 363
380 89 31 441
380 122 1 666
380 179 55 516
380 195 19 657
381 7 55 25
381 28 37 77
381 69 28 51
381 96 13 48
381 100 53 737
381 155 1 459
381 174 31 521
381 176 7 218
381 192 58 332
381 196 25 217
381 199 43 437
382 19 43 271
382 60 51 293
382 79 31 155
382 95 7 300
382 118 55 639
382 128 37 608
382 141 19 748
382 143 1 116
382 149 9 397
382 167 57 612
382 183 13 649
383 11 37 409
383 13 22 202
383 27 49 58
383 28 43 77
383 39 9 237
383 47 25 201
383 70 13 490
383 73 5 427
383 75 7 641
383 85 55 363
383 102 58 517
383 156 1 329
383 172 31 216
384 2 37 615
384 27 1 614
384 35 51 131
384 57 41 13
384 70 19 490
384 71 25 537
384 85 13 385
384 103 7 337
384 128 43 608
384 130 47 688
384 137 49 171
384 182 55 14
384 185 16 19
385 13 25 202
385 31 34 30
385 38 13 87
385 39 1 237
385 58 55 347
385 68 31 159
385 84 21 453
385 86 57 392
385 87 28 389
385 102 7 619
385 107 40 603
385 131 19 126
385 189 47 17
386 13 28 202
386 22 25 648
386 33 7 466
386 42 46 168
386 53 53 236
386 68 34 159
386 69 31 51
386 77 39 3
386 112 57 396
386 138 23 121
386 147 55 267
386 153 37 332
386 181 51 411
386 186 4 50
387 23 25 379
387 30 43 476
387 53 55 236
387 65 46 4
387 86 19 580
387 121 57 410
387 141 1 748
387 153 40 332
387 163 31 492
387 179 13 184
387 184 37 542
388 13 31 202
388 28 49 77
388 46 34 586
388 52 55 275
388 56 7 660
388 86 43 580
388 104 16 303
388 111 5 441
388 154 25 21
388 161 1 489
388 181 53 411
388 183 19 649
388 192 13 655
388 195 37 657
389 2 55 615
389 3 43 351
389 22 7 648
389 40 25 460
389 81 22 112
389 107 46 603
389 152 10 417
389 154 1 21
389 160 37 551
389 161 13 489
389 183 31 649
389 186 19 50
389 197 49 296
390 4 1 511
390 50 47 64
390 65 22 4
390 68 37 159
390 71 10 537
390 100 55 737
390 107 43 603
390 158 15 296
390 175 57 512
390 188 19 591
390 191 25 565
390 195 49 657
391 32 5 557
391 58 57 347
391 107 49 603
391 112 59 396
391 118 35 389
391 123 31 215
391 138 25 121
391 150 28 607
391 156 3 329
391 165 46 76
391 166 52 353
391 176 10 218
392 7 58 25
392 12 25 258
392 15 39 353
392 27 43 58
392 98 13 574
392 116 52 419
392 118 37 389
392 131 22 126
392 134 1 622
392 149 11 397
392 153 47 332
392 156 5 329
392 168 19 422
393 58 59 347
393 60 55 293
393 68 46 159
393 80 13 691
393 107 1 26
393 154 19 21
393 174 28 521
393 184 40 542
393 186 10 50
393 187 51 446
393 189 49 17
394 64 28 410
394 82 7 316
394 83 31 289
394 92 57 285
394 113 37 276
394 118 40 389
394 121 15 599
394 170 46 730
394 176 1 218
394 184 43 542
394 188 49 667
395 43 13 686
395 62 45 458
395 83 49 289
395 108 58 263
395 115 1 421
395 118 43 389
395 142 7 674
395 148 31 375
395 157 25 601
395 169 53 72
396 4 9 511
396 9 59 348
396 39 25 237
396 56 49 244
396 69 34 51
396 78 37 623
396 113 31 276
396 116 1 145
396 123 40 215
396 129 19 484
396 156 7 329
396 159 13 564
396 178 55 321
397 2 49 615
397 7 7 222
397 10 21 682
397 19 45 271
397 37 33 703
397 46 55 87
397 60 53 293
397 97 16 480
397 122 4 666
397 134 13 622
397 147 29 280
397 173 23 713
397 185 1 19
398 2 1 353
398 8 53 341
398 50 59 64
398 56 55 244
398 65 31 4
398 73 7 427
398 115 43 230
398 158 17 296
398 160 25 551
398 178 49 321
398 179 19 184
398 186 13 50
399 8 55 341
399 64 37 410
399 67 43 327
399 68 40 159
399 78 46 623
399 82 19 316
399 104 1 373
399 105 57 156
399 129 49 122
399 138 27 121
399 156 9 329
399 160 13 551
399 191 31 565
400 33 4 466
400 60 57 293
400 72 37 618
400 79 33 155
400 87 23 389
400 149 13 397
400 156 11 329
400 161 19 489
400 163 25 492
400 169 45 72
400 181 55 411
400 185 7 19
401 3 16 351
401 6 31 454
401 18 45 383
401 70 7 722
401 97 29 480
401 98 19 574
401 133 49 715
401 170 43 730
401 174 13 521
401 179 25 184
402 30 49 476
402 39 13 237
402 78 40 623
402 91 47 274
402 123 34 708
402 134 25 622
402 162 58 256
402 164 19 733
402 166 31 46
402 170 55 730
402 171 7 636
402 176 4 218
402 189 52 17
403 4 3 511
403 18 13 383
403 30 46 476
403 64 31 410
403 78 43 623
403 128 49 608
403 129 25 484
403 147 35 280
403 152 16 417
403 170 53 730
403 200 55 239
404 37 21 703
404 61 37 26
404 70 49 722
404 71 16 537
404 92 13 470
404 138 29 121
404 142 9 674
404 157 31 601
404 162 1 729
404 164 25 733
404 172 43 329
404 197 55 296
405 42 34 168
405 49 53 28
405 60 59 293
405 69 37 51
405 80 7 691
405 81 13 112
405 85 49 363
405 98 25 574
405 141 43 748
405 142 11 674
405 185 4 19
405 196 31 217
405 198 55 575
406 19 47 271
406 67 34 327
406 69 40 51
406 72 43 618
406 100 57 737
406 111 7 441
406 163 19 492
406 172 49 121
406 173 3 713
406 175 55 512
406 188 10 591
407 3 19 351
407 39 37 237
407 44 34 470
407 70 51 490
407 91 49 274
407 99 45 212
407 116 4 145
407 133 55 715
407 142 13 674
407 153 43 332
407 155 7 459
407 161 25 489
407 171 11 636
407 175 59 512
408 4 55 323
408 22 22 648
408 57 43 13
408 100 59 737
408 117 15 346
408 125 53 206
408 143 49 79
408 163 37 384
408 177 7 658
408 184 46 542
409 15 1 676
409 19 49 271
409 39 51 237
409 49 59 28
409 67 46 327
409 69 43 51
409 95 15 300
409 129 55 122
409 147 41 280
409 164 31 733
409 192 10 596
409 198 19 721
410 11 40 409
410 17 59 716
410 32 7 557
410 40 19 460
410 87 25 389
410 95 57 300
410 103 13 337
410 108 52 263
410 111 9 441
410 161 31 489
410 189 55 17
410 195 43 657
410 196 28 217
411 34 58 345
411 35 53 131
411 39 43 237
411 57 49 13
411 77 37 3
411 83 7 49
411 91 51 274
411 104 25 303
411 106 31 580
411 116 55 419
411 121 22 599
411 159 16 564
411 162 4 729
411 176 19 218
412 14 49 441
412 47 9 201
412 80 19 691
412 84 25 453
412 85 52 363
412 101 23 460
412 109 4 491
412 128 55 608
412 134 16 622
412 139 43 528
412 167 7 173
412 174 34 521
412 199 37 437
413 23 37 379
413 26 21 368
413 30 52 476
413 33 13 466
413 52 7 280
413 64 34 410
413 82 25 316
413 106 55 728
413 121 29 599
413 130 49 688
413 134 4 622
413 141 43 46
413 158 19 296
414 9 1 402
414 17 7 33
414 32 9 557
414 37 41 588
414 56 3 660
414 87 19 389
414 98 31 574
414 116 13 145
414 125 57 206
414 139 21 507
414 161 37 489
414 169 49 72
414 183 25 649
415 8 57 341
415 9 3 402
415 12 16 258
415 39 31 237
415 49 55 28
415 63 25 692
415 67 49 327
415 105 13 215
415 117 37 346
415 197 7 399
416 20 31 694
416 52 19 280
416 56 13 660
416 104 28 303
416 130 51 688
416 163 37 492
416 187 7 594
416 195 55 657
416 200 1 358
417 8 59 341
417 34 55 345
417 42 28 168
417 49 57 28
417 61 46 26
417 82 31 316
417 97 13 480
417 103 19 337
417 112 51 396
417 121 9 599
417 122 7 666
417 174 37 521
417 177 15 497
417 187 1 594
418 3 25 351
418 9 5 402
418 10 23 682
418 34 11 238
418 38 19 87
418 50 49 64
418 98 37 574
418 99 1 605
418 114 15 11
418 123 34 215
418 170 51 730
418 181 57 411
419 20 19 665
419 53 57 236
419 57 55 13
419 67 52 327
419 98 43 574
419 109 7 491
419 118 47 389
419 123 49 215
419 125 59 206
419 129 31 484
419 186 16 50
419 198 1 721
420 11 7 421
420 19 51 271
420 32 11 557
420 37 53 588
420 39 55 237
420 53 59 236
420 89 34 441
420 128 1 166
420 147 47 280
420 152 19 417
420 161 43 489
420 187 13 594
420 197 25 399
421 6 43 454
421 31 28 30
421 56 19 660
421 75 9 641
421 84 31 453
421 97 35 480
421 102 55 517
421 104 49 303
421 129 15 484
421 164 37 733
421 185 25 19
422 19 55 271
422 23 43 379
422 40 31 460
422 81 25 112
422 91 53 274
422 139 57 528
422 148 37 375
422 155 13 459
422 163 1 56
422 167 9 173
422 170 49 730
422 176 28 218
422 187 19 594
423 19 57 271
423 32 13 557
423 50 53 64
423 73 9 427
423 107 4 26
423 137 47 171
423 143 15 116
423 166 37 46
423 177 19 497
423 179 31 184
423 182 43 14
423 188 40 591
423 192 25 596
424 17 3 33
424 18 16 383
424 57 59 13
424 99 55 212
424 107 52 603
424 112 1 534
424 131 25 126
424 138 31 121
424 143 27 116
424 158 21 296
424 163 37 610
424 195 7 384
425 14 49 399
425 19 53 271
425 26 55 368
425 51 5 216
425 83 1 49
425 104 43 303
425 108 25 451
425 128 7 166
425 142 15 674
425 148 34 375
425 155 19 459
425 191 37 565
426 65 49 4
426 103 25 337
426 128 13 166
426 137 43 171
426 148 40 375
426 163 55 384
426 177 7 486
426 187 31 594
426 195 1 384
427 35 55 131
427 38 25 87
427 70 57 722
427 75 11 641
427 79 35 155
427 84 37 453
427 86 1 610
427 117 33 346
427 139 13 507
427 159 19 564
427 162 7 729
427 166 46 490
427 188 22 591
428 51 7 216
428 72 40 618
428 73 11 427
428 86 19 610
428 109 13 491
428 114 51 258
428 131 27 126
428 154 31 21
428 168 16 422
428 172 43 121
428 175 1 204
428 194 55 502
429 70 37 490
429 86 7 610
429 89 55 441
429 130 53 688
429 137 45 171
429 150 31 607
429 163 49 492
429 187 25 594
429 188 13 591
429 197 1 399
430 31 37 30
430 52 25 280
430 79 40 155
430 80 31 691
430 104 7 373
430 131 29 126
430 133 49 420
430 160 19 551
430 163 43 610
430 172 55 329
430 178 1 374
430 195 13 384
431 9 7 402
431 30 55 476
431 38 13 333
431 49 3 226
431 51 9 216
431 53 1 484
431 77 41 3
431 78 58 623
431 79 47 155
431 137 51 171
431 160 43 551
431 179 37 184
431 196 34 217
432 9 9 402
432 13 34 202
432 27 55 58
432 47 1 43
432 81 16 112
432 83 19 49
432 97 31 480
432 134 28 622
432 147 53 280
432 154 37 21
432 161 49 489
432 179 43 184
433 20 3 694
433 23 49 379
433 33 10 466
433 41 31 213
433 42 46 215
433 80 25 691
433 86 13 610
433 95 53 300
433 106 55 316
433 141 19 424
433 147 59 280
433 148 43 375
433 183 37 649
434 7 10 222
434 33 16 466
434 40 55 460
434 60 1 387
434 129 3 76
434 153 52 332
434 157 43 601
434 167 19 173
434 171 13 636
434 187 37 594
434 196 49 217
435 83 13 49
435 91 55 274
435 92 22 619
435 102 46 517
435 147 57 267
435 182 49 14
435 194 7 667
436 11 52 409
436 12 19 258
436 19 1 388
436 35 59 131
436 44 39 470
436 75 13 641
436 79 37 155
436 96 43 48
436 113 49 276
436 177 3 497
436 198 55 721
437 17 5 33
437 27 7 614
437 65 37 61
437 69 46 51
437 79 43 155
437 98 49 574
437 102 13 619
437 128 19 166
437 138 33 121
437 142 17 674
437 163 25 56
437 164 55 733
437 170 59 730
437 173 31 713
438 3 28 351
438 9 11 402
438 10 25 682
438 64 40 410
438 96 49 48
438 105 4 215
438 109 16 491
438 118 45 389
438 121 19 599
438 158 23 296
439 11 43 409
439 18 7 391
439 26 1 633
439 80 37 691
439 81 19 112
439 86 25 610
439 134 31 622
439 148 46 375
439 159 22 564
439 172 55 121
439 190 34 693
439 199 49 437
440 23 7 114
440 38 19 333
440 39 13 450
440 43 25 686
440 51 11 216
440 52 31 280
440 71 40 537
440 85 58 363
440 133 1 318
440 165 28 664
440 175 5 204
440 179 49 184
440 183 43 649
440 196 37 217
441 10 28 682
441 12 58 54
441 77 47 3
441 99 7 605
441 113 40 276
441 159 25 564
441 184 49 542
441 191 43 565
442 14 55 399
442 65 34 4
442 73 13 427
442 84 43 453
442 89 52 175
442 97 19 480
442 114 3 11
442 172 39 121
443 18 19 391
443 23 3 114
443 26 13 633
443 50 1 214
443 56 31 660
443 84 49 453
443 98 55 574
443 105 7 215
443 147 10 687
443 155 25 459
443 190 37 693
444 4 49 323
444 18 51 383
444 23 13 114
444 71 22 537
444 95 31 300
444 97 27 480
444 109 19 491
444 111 11 441
444 112 3 396
444 115 43 421
444 171 9 636
444 172 37 216
444 189 57 17
445 11 46 409
445 18 28 383
445 20 49 665
445 99 15 605
445 104 19 303
445 105 10 215
445 111 13 441
445 179 55 184
445 182 1 420
445 188 25 591
446 10 31 682
446 54 25 102
446 57 53 13
446 82 37 316
446 84 55 453
446 95 59 300
446 123 1 444
446 159 28 564
446 164 43 733
446 167 11 173
446 168 22 422
446 187 49 594
447 15 55 353
447 26 19 633
447 35 1 246
447 51 17 216
447 81 31 112
447 82 43 316
447 85 3 385
447 128 25 166
447 133 13 318
447 137 53 171
447 169 59 72
447 182 7 420
447 191 49 565
447 192 34 596
448 11 55 409
448 13 37 202
448 34 17 238
448 44 43 470
448 63 13 692
448 69 49 51
448 72 46 618
448 78 52 623
448 121 25 599
448 178 7 374
448 189 59 17
449 39 19 450
449 72 52 618
449 84 1 322
449 85 7 385
449 123 43 215
449 162 10 729
449 168 25 422
449 179 13 146
450 14 46 442
450 35 3 246
450 57 5 193
450 63 55 507
450 65 43 4
450 67 13 365
450 84 7 322
450 97 33 480
450 105 16 215
450 139 25 507
450 165 52 76
450 167 39 612
450 173 35 713
450 195 19 384
451 10 35 682
451 12 58 258
451 27 31 614
451 43 22 686
451 52 37 280
451 95 11 148
451 111 15 441
451 129 49 484
451 162 19 729
451 168 28 422
451 174 55 521
451 187 43 594
451 192 4 116
451 200 7 358
452 6 37 454
452 14 49 442
452 22 31 648
452 54 43 102
452 69 52 51
452 81 28 112
452 92 25 619
452 139 3 507
452 150 34 607
452 163 7 56
452 167 13 173
452 189 1 168
452 199 55 437
453 6 49 454
453 40 37 460
453 62 47 458
453 83 25 49
453 112 3 534
453 114 23 11
453 117 53 346
453 121 34 599
453 139 43 507
453 147 1 687
453 148 55 375
453 168 31 422
453 178 19 374
453 182 13 420
454 41 37 213
454 57 51 13
454 60 3 387
454 78 55 623
454 95 27 300
454 97 41 480
454 105 19 215
454 113 43 276
454 114 25 11
454 118 49 389
454 147 5 687
454 159 31 564
454 190 46 693
454 199 7 672
455 33 19 466
455 52 43 280
455 63 1 319
455 70 25 490
455 103 31 337
455 106 49 580
455 109 10 491
455 147 7 687
455 157 37 601
455 161 55 489
455 176 16 218
456 3 22 351
456 35 5 246
456 56 25 660
456 64 43 410
456 75 15 641
456 113 46 276
456 147 49 280
456 159 34 564
456 176 31 218
456 179 1 146
457 11 58 409
457 17 11 33
457 18 16 391
457 50 55 64
457 64 46 410
457 98 1 498
457 99 19 605
457 104 13 373
457 129 37 484
457 133 7 318
457 143 52 79
457 148 49 375
458 15 13 676
458 34 23 238
458 39 7 450
458 56 43 660
458 82 49 316
458 103 37 337
458 128 31 166
458 131 35 126
458 134 19 622
458 158 25 296
458 163 55 492
458 199 1 672
459 38 37 636
459 41 43 213
459 51 19 216
459 63 49 692
459 65 55 4
459 85 10 385
459 105 22 215
459 112 53 396
459 139 31 507
459 161 1 138
459 171 17 636
459 173 41 713
459 177 25 497
459 197 13 399
460 20 7 694
460 27 37 614
460 44 46 470
460 49 5 226
460 64 49 410
460 81 34 112
460 104 52 303
460 134 43 622
460 164 19 46
460 182 25 420
460 187 1 53
460 191 55 565
460 200 13 358
461 9 13 402
461 17 9 33
461 19 59 271
461 35 7 246
461 39 1 450
461 44 52 470
461 68 49 159
461 101 29 460
461 129 43 484
461 139 37 507
461 142 19 674
461 188 31 591
462 28 55 77
462 46 52 87
462 73 15 427
462 98 7 498
462 99 25 605
462 101 35 460
462 149 17 397
462 156 13 329
462 169 1 42
462 187 19 53
462 197 31 399
463 26 7 633
463 28 1 442
463 33 28 466
463 54 34 102
463 57 11 193
463 79 45 155
463 91 57 274
463 109 31 491
463 152 22 417
463 162 13 729
463 186 25 50
463 188 37 591
463 190 19 693
464 41 1 259
464 52 55 280
464 56 37 660
464 83 33 49
464 103 43 337
464 113 22 602
464 131 31 126
464 133 25 318
464 161 7 138
464 164 49 733
464 171 15 636
464 184 19 402
465 2 13 353
465 28 7 442
465 57 57 13
465 70 3 260
465 75 17 641
465 85 19 385
465 108 22 451
465 125 1 486
465 137 55 171
465 172 43 216
465 181 59 411
465 195 25 384
465 198 37 721
466 9 15 402
466 18 1 391
466 26 25 633
466 34 29 238
466 62 49 458
466 65 7 61
466 99 31 605
466 103 51 337
466 111 17 441
466 118 59 389
466 142 23 674
466 182 19 420
466 183 55 649
466 190 4 693
467 17 13 33
467 18 22 391
467 59 59 386
467 102 10 619
467 103 55 337
467 113 52 276
467 123 19 444
467 147 15 687
467 159 37 564
467 175 7 204
467 189 3 168
468 13 40 202
468 15 45 353
468 34 35 238
468 38 31 87
468 41 49 213
468 53 3 484
468 77 43 3
468 91 59 274
468 112 5 534
468 123 10 444
468 190 7 298
468 192 55 155
469 6 3 545
469 10 33 682
469 17 19 33
469 19 7 388
469 30 58 476
469 40 43 460
469 49 9 226
469 67 55 327
469 68 52 159
469 95 39 300
469 116 16 145
469 134 22 622
469 181 1 107
470 4 7 511
470 13 43 202
470 39 25 450
470 42 52 542
470 44 49 470
470 46 58 87
470 83 37 49
470 103 1 362
470 123 22 444
470 149 15 397
470 165 19 664
470 168 34 422
470 185 10 19
471 2 7 353
471 30 1 57
471 39 37 450
471 63 43 692
471 68 57 159
471 75 19 641
471 78 4 697
471 79 49 155
471 130 55 688
471 133 21 318
471 152 25 417
471 155 31 459
472 7 13 222
472 10 40 682
472 13 46 202
472 40 49 460
472 65 19 61
472 70 7 490
472 73 17 427
472 129 55 484
472 150 37 607
472 154 1 675
472 186 22 50
473 22 28 648
473 69 55 51
473 73 19 427
473 85 22 385
473 99 37 605
473 105 25 215
473 108 43 451
473 114 41 11
473 125 3 486
473 138 35 121
473 143 58 79
473 156 15 329
473 179 7 146
473 195 31 384
474 17 21 33
474 27 13 614
474 30 4 57
474 107 55 603
474 111 19 441
474 114 29 11
474 121 27 599
474 122 9 666
474 141 31 748
474 156 17 329
474 159 40 564
474 172 49 216
475 22 37 648
475 26 13 666
475 39 43 450
475 50 57 64
475 75 21 641
475 105 28 215
475 109 25 491
475 160 31 551
475 169 51 72
475 188 1 117
475 192 40 596
476 11 10 421
476 59 55 386
476 79 51 155
476 85 16 385
476 114 19 11
476 115 43 599
476 121 37 599
476 134 39 622
476 142 21 674
476 173 13 713
476 175 3 204
476 177 57 486
476 182 31 420
477 10 37 682
477 50 3 214
477 62 51 458
477 71 34 537
477 75 23 641
477 99 43 605
477 112 7 534
477 156 19 329
477 173 21 713
478 19 3 388
478 27 19 614
478 37 47 588
478 85 37 385
478 102 16 619
478 106 55 580
478 114 31 11
478 131 33 126
478 154 49 21
478 172 7 320
478 176 43 218
478 179 25 146
478 196 40 217
479 26 21 666
479 40 1 451
479 54 7 548
479 57 29 193
479 101 47 460
479 105 37 215
479 128 43 166
479 133 31 318
479 150 40 607
479 158 27 296
479 162 16 729
479 170 57 730
479 171 19 636
479 183 49 649
480 18 10 391
480 22 34 648
480 26 27 666
480 38 37 87
480 41 55 213
480 80 43 691
480 95 41 148
480 101 7 460
480 102 19 619
480 109 22 491
480 121 31 599
480 125 5 486
480 142 25 674
480 160 49 551
480 185 13 19
481 18 58 383
481 27 43 614
481 35 9 246
481 63 31 692
481 77 51 3
481 106 37 580
481 118 53 389
481 147 17 687
481 152 28 417
481 153 49 332
481 161 13 138
481 191 1 46
481 192 55 596
481 197 19 399
482 4 11 511
482 20 13 694
482 70 7 260
482 79 53 155
482 80 49 691
482 81 37 112
482 101 41 460
482 107 58 603
482 161 19 138
482 181 3 107
482 195 43 384
483 2 31 353
483 38 43 87
483 53 5 484
483 65 58 4
483 68 1 394
483 84 19 322
483 99 49 605
483 103 7 362
483 125 11 486
483 178 25 374
483 188 55 591
483 191 13 46
484 27 25 614
484 43 16 686
484 51 13 216
484 59 57 386
484 96 1 529
484 114 37 11
484 115 9 655
484 139 49 507
484 170 7 88
484 174 40 521
484 176 34 218
484 181 5 107
484 200 19 358
485 6 55 454
485 51 21 216
485 53 7 484
485 62 53 458
485 79 59 155
485 81 40 112
485 116 9 145
485 154 43 21
485 161 25 138
485 165 31 664
485 189 5 168
485 194 13 667
486 33 22 466
486 44 55 470
486 47 13 246
486 57 17 193
486 67 58 327
486 109 28 491
486 115 39 599
486 118 1 694
486 141 7 748
486 148 52 375
486 159 43 564
487 13 49 202
487 50 5 214
487 53 9 484
487 112 13 534
487 134 34 622
487 150 43 607
487 182 37 420
487 185 28 19
487 187 55 594
487 194 19 667
488 32 15 557
488 53 11 484
488 61 49 26
488 81 43 112
488 97 21 480
488 115 1 655
488 173 37 713
488 177 55 497
488 178 31 374
488 187 25 53
488 189 7 168
488 190 46 298
489 10 47 682
489 31 25 30
489 63 37 692
489 72 55 618
489 99 7 719
489 111 21 441
489 174 49 521
489 178 13 374
489 182 43 420
489 183 1 428
489 196 52 217
490 9 17 402
490 30 7 57
490 44 1 137
490 72 58 618
490 87 31 389
490 156 21 329
490 163 49 610
490 169 55 72
490 171 23 636
490 190 4 298
491 28 13 442
491 35 11 246
491 41 19 259
491 51 23 216
491 54 46 102
491 70 25 260
491 109 34 491
491 155 37 459
491 163 49 56
491 172 55 216
491 175 9 204
492 6 13 545
492 10 43 682
492 18 37 391
492 28 19 442
492 64 52 410
492 86 31 610
492 113 55 276
492 172 1 320
492 189 9 168
492 194 25 667
493 13 52 202
493 22 49 648
493 30 10 57
493 60 5 387
493 70 13 260
493 86 55 610
493 92 27 619
493 104 22 303
493 128 37 166
493 131 41 126
493 139 1 61
493 169 7 42
493 188 19 117
493 197 43 399
494 3 31 351
494 7 16 222
494 31 40 30
494 53 13 484
494 174 43 521
494 183 7 428
494 190 1 693
495 40 7 451
495 59 17 122
495 71 43 537
495 98 13 498
495 107 28 26
495 116 58 419
495 172 37 320
495 176 25 218
495 183 19 428
495 185 31 19
495 189 11 168
496 51 15 216
496 56 49 660
496 61 40 50
496 75 29 641
496 87 33 389
496 113 7 259
496 131 47 126
496 155 43 459
496 162 22 729
496 168 37 422
496 178 55 374
496 195 1 196
496 200 25 358
497 4 17 511
497 34 47 238
497 46 19 586
497 47 31 201
497 49 1 226
497 68 4 394
497 69 58 51
497 139 13 61
497 160 7 36
497 168 40 422
498 3 34 351
498 6 7 545
498 23 55 379
498 54 49 102
498 59 23 122
498 89 52 441
498 107 13 26
498 116 19 145
498 138 37 121
498 153 45 332
498 178 39 374
498 186 28 50
498 192 16 596
499 22 43 648
499 27 49 614
499 46 31 586
499 59 35 122
499 63 57 692
499 75 25 641
499 85 27 385
499 98 19 498
499 109 37 491
499 118 55 389
499 176 40 218
499 191 7 46
500 83 57 49
500 84 13 322
500 86 1 739
500 109 43 491
500 150 46 607
500 153 55 332
500 157 49 601
500 163 31 56
500 176 22 218
500 188 7 117
500 197 37 399
Điểm tối ưu: 6630
Thời gian: 600.407796 giây
Trạng thái: VALID
