2026
1 3 16 123
1 5 37 32
1 6 33 169
1 14 50 15
1 18 13 17
1 22 8 161
1 26 35 82
1 28 44 76
1 30 1 4
1 49 40 108
1 52 10 39
1 55 22 113
1 56 25 212
1 60 56 49
2 1 34 1
2 5 22 32
2 11 17 69
2 19 25 178
2 20 31 134
2 22 13 161
2 36 39 150
2 43 37 156
2 48 43 224
2 50 5 219
2 52 1 144
2 57 19 192
2 59 28 162
3 4 4 190
3 5 14 121
3 7 1 42
3 10 47 18
3 18 37 17
3 21 57 209
3 24 34 53
3 28 31 96
3 30 43 21
3 37 7 208
3 38 26 215
3 40 40 167
3 54 19 198
3 57 17 192
4 1 52 1
4 8 25 174
4 27 8 11
4 29 1 133
4 32 43 93
4 35 16 56
4 43 35 12
4 44 23 87
4 46 19 91
4 47 11 45
4 48 4 83
4 49 32 108
4 58 40 3
4 59 13 162
5 11 9 69
5 16 5 59
5 22 15 161
5 27 37 11
5 29 55 133
5 33 13 30
5 34 52 27
5 36 23 150
5 37 19 208
5 38 1 220
5 41 31 175
5 45 45 120
5 53 27 77
5 57 40 222
6 2 49 115
6 9 17 38
6 11 23 69
6 20 44 134
6 27 38 137
6 29 3 133
6 32 20 93
6 43 47 156
6 46 13 91
6 51 57 36
6 52 25 39
6 54 7 198
6 59 1 162
7 3 25 203
7 5 8 111
7 12 13 90
7 14 20 15
7 17 47 14
7 18 4 84
7 28 49 96
7 30 43 128
7 38 37 49
7 40 28 51
7 47 23 33
7 48 34 83
7 54 55 7
7 55 1 113
8 5 7 121
8 9 10 147
8 10 31 18
8 11 39 69
8 17 53 14
8 28 25 76
8 31 37 152
8 33 1 139
8 34 20 9
8 37 13 24
8 46 55 116
8 50 3 199
8 54 45 122
8 60 49 78
9 3 1 180
9 4 38 190
9 5 46 111
9 12 31 90
9 17 5 79
9 22 35 161
9 26 11 82
9 29 9 133
9 30 25 112
9 47 15 33
9 48 22 224
9 49 52 108
9 57 7 222
9 58 58 3
10 11 29 69
10 16 9 59
10 17 43 14
10 18 49 17
10 19 13 178
10 20 40 134
10 21 38 89
10 22 27 161
10 24 57 53
10 27 32 11
10 33 35 139
10 35 19 129
10 45 25 120
10 47 3 45
10 50 11 219
11 1 1 1
11 8 7 174
11 10 52 18
11 16 37 194
11 23 26 27
11 26 23 95
11 35 31 56
11 43 29 156
11 44 5 87
11 46 19 182
11 48 15 83
11 55 43 113
11 57 34 222
12 1 4 1
12 11 35 69
12 15 31 172
12 18 14 84
12 22 47 161
12 26 11 65
12 28 19 81
12 37 7 24
12 44 58 37
12 45 55 120
12 46 43 182
12 47 1 45
12 54 38 7
12 60 49 90
13 3 34 180
13 8 49 31
13 17 41 90
13 18 46 17
13 24 7 68
13 29 43 133
13 31 19 99
13 38 2 179
13 42 13 85
13 48 58 224
13 49 22 154
13 50 10 199
13 52 28 39
13 58 37 3
14 4 16 221
14 6 1 169
14 18 3 17
14 19 28 178
14 31 49 99
14 33 9 139
14 35 55 56
14 36 53 150
14 38 21 215
14 44 7 87
14 50 13 136
14 51 31 36
14 56 44 82
14 57 19 222
15 4 32 221
15 16 29 194
15 24 14 74
15 28 21 76
15 39 37 158
15 42 25 85
15 43 10 12
15 44 5 51
15 48 55 83
15 49 58 154
15 50 3 219
15 53 49 197
16 9 57 147
16 10 41 18
16 11 25 69
16 12 19 168
16 13 16 118
16 20 28 186
16 34 46 148
16 37 37 208
16 40 31 167
16 43 55 12
16 46 1 182
16 49 43 108
16 52 10 57
16 56 51 82
16 59 7 162
17 10 57 18
17 16 3 59
17 20 34 186
17 21 37 209
17 22 11 211
17 26 31 65
17 43 5 156
17 45 49 120
17 46 51 183
17 52 13 57
17 54 26 122
17 57 9 192
17 60 19 49
18 7 46 42
18 8 55 25
18 10 17 46
18 11 19 69
18 12 1 90
18 17 7 14
18 22 5 211
18 24 25 74
18 27 49 130
18 30 21 128
18 31 52 99
18 34 34 148
18 41 13 215
18 55 37 113
18 56 9 87
19 2 28 115
19 4 19 173
19 10 10 18
19 18 22 84
19 19 7 178
19 30 14 40
19 32 49 16
19 33 52 30
19 41 55 175
19 43 35 156
19 44 33 37
19 51 1 36
19 53 37 28
19 56 43 212
20 12 1 23
20 13 31 118
20 15 27 172
20 20 16 186
20 24 10 74
20 26 50 95
20 29 19 133
20 38 37 220
20 41 43 102
20 42 21 124
20 47 35 33
20 56 55 121
21 3 4 180
21 11 1 69
21 12 31 184
21 17 27 14
21 18 52 17
21 22 25 161
21 24 46 74
21 31 43 99
21 32 40 184
21 33 7 139
21 38 9 19
21 56 55 212
22 7 49 42
22 8 1 174
22 11 53 69
22 18 10 17
22 24 16 53
22 25 29 200
22 33 20 139
22 36 5 150
22 37 25 208
22 43 7 156
22 55 13 113
22 56 31 141
22 57 55 192
23 3 4 203
23 8 13 174
23 10 22 18
23 14 7 15
23 18 19 84
23 28 43 96
23 30 9 112
23 31 41 152
23 36 1 150
23 38 57 187
23 41 37 175
23 46 26 116
23 49 46 108
23 56 31 63
24 3 21 203
24 4 16 173
24 5 1 181
24 9 35 38
24 10 7 46
24 17 4 14
24 21 9 209
24 22 13 211
24 29 57 133
24 32 37 184
24 34 28 148
24 36 19 150
24 42 31 85
25 9 3 147
25 14 41 15
25 16 31 194
25 17 55 59
25 20 51 134
25 28 37 81
25 29 59 133
25 30 13 21
25 38 25 171
25 40 9 167
25 43 21 156
25 46 43 183
25 50 7 199
25 59 57 162
26 2 43 115
26 3 31 203
26 8 21 179
26 13 55 118
26 15 14 172
26 16 37 59
26 21 4 209
26 28 10 76
26 37 39 157
26 38 25 19
26 43 19 156
26 52 7 144
26 56 49 141
26 58 1 3
27 12 50 23
27 18 55 84
27 23 58 79
27 31 47 152
27 32 14 16
27 46 31 183
27 51 1 98
27 52 22 39
27 53 26 197
27 57 35 192
27 58 19 3
27 60 37 138
28 3 15 180
28 4 19 151
28 6 7 169
28 12 51 184
28 18 31 84
28 23 37 27
28 29 45 133
28 33 9 30
28 34 1 148
28 37 56 208
28 45 27 120
28 52 22 57
28 57 49 192
29 5 28 181
29 9 13 147
29 10 2 18
29 15 56 172
29 16 33 59
29 20 19 186
29 25 35 200
29 27 16 137
29 38 49 179
29 39 45 158
29 42 7 85
29 43 43 12
29 44 31 37
29 52 4 73
30 10 23 46
30 18 34 218
30 20 4 134
30 24 1 68
30 29 51 133
30 33 11 30
30 34 58 27
30 37 25 24
30 38 7 220
30 40 31 51
30 46 19 183
30 47 17 33
30 51 13 171
30 57 39 192
31 1 28 1
31 5 1 111
31 9 5 31
31 13 19 118
31 22 57 211
31 31 15 152
31 35 51 56
31 36 9 150
31 38 31 187
31 43 26 12
31 46 44 116
31 60 37 90
32 16 16 194
32 21 1 209
32 25 53 200
32 26 40 65
32 27 28 137
32 30 8 128
32 36 45 150
32 37 20 24
32 39 49 158
32 41 3 175
32 42 32 117
32 46 55 183
32 52 25 201
33 2 7 115
33 4 13 173
33 12 26 184
33 13 46 118
33 22 39 211
33 23 10 79
33 24 43 68
33 33 37 139
33 38 49 215
33 40 16 149
33 41 19 175
33 48 55 194
33 52 2 39
33 56 33 87
33 57 58 222
34 1 13 1
34 5 16 32
34 8 43 25
34 10 59 18
34 12 55 23
34 13 52 118
34 16 50 59
34 17 19 14
34 18 22 17
34 19 10 178
34 23 34 79
34 37 1 24
34 59 29 202
35 4 10 173
35 13 25 118
35 24 28 74
35 27 1 11
35 29 39 133
35 32 31 16
35 33 4 139
35 37 45 208
35 38 49 187
35 43 23 12
35 50 34 199
35 54 13 107
35 56 19 141
35 59 7 202
36 8 55 31
36 13 4 118
36 19 1 178
36 26 29 95
36 27 26 11
36 33 34 30
36 37 37 24
36 45 43 120
36 47 11 33
36 49 45 154
36 53 7 28
36 55 31 113
36 56 19 212
36 60 13 49
37 5 8 181
37 9 45 147
37 12 14 23
37 22 31 211
37 23 34 27
37 26 4 95
37 28 55 76
37 31 41 99
37 34 58 138
37 40 1 149
37 42 49 85
37 46 25 183
37 48 22 83
37 56 37 35
38 1 49 1
38 5 13 32
38 6 27 169
38 9 55 147
38 14 5 15
38 18 1 84
38 25 39 200
38 28 10 81
38 30 31 149
38 33 7 30
38 53 43 65
38 55 58 113
38 56 19 63
38 57 53 192
39 3 7 21
39 4 55 151
39 18 16 17
39 22 1 161
39 23 22 79
39 25 13 200
39 26 59 82
39 35 10 56
39 37 31 24
39 38 37 107
39 41 49 216
39 43 3 156
39 44 45 37
39 50 29 219
39 54 25 198
40 3 49 203
40 8 8 31
40 9 35 147
40 22 19 211
40 23 28 79
40 27 43 11
40 30 31 128
40 32 22 16
40 41 13 4
40 45 57 120
40 49 25 108
40 56 1 63
41 9 47 147
41 11 13 69
41 14 26 15
41 17 34 14
41 28 52 96
41 30 39 112
41 32 1 16
41 34 31 148
41 35 4 56
41 43 15 12
41 44 21 37
41 47 17 45
41 54 7 122
41 56 43 87
42 5 31 111
42 13 13 118
42 17 25 14
42 26 49 82
42 27 28 130
42 29 5 133
42 31 22 99
42 35 46 56
42 38 1 215
42 42 37 124
42 43 44 156
42 47 7 45
42 55 10 113
42 59 16 202
43 12 44 168
43 20 25 186
43 24 7 74
43 27 50 11
43 31 53 152
43 33 13 139
43 39 32 158
43 41 20 102
43 42 55 124
43 51 15 97
43 56 38 82
43 60 2 78
44 4 37 173
44 9 31 147
44 11 7 69
44 16 35 59
44 20 40 186
44 28 46 96
44 32 25 93
44 38 56 220
44 39 14 158
44 41 1 102
44 44 49 37
44 46 19 116
44 52 28 201
44 53 51 28
45 1 55 1
45 10 11 46
45 11 21 69
45 13 34 118
45 21 28 89
45 30 3 112
45 31 1 152
45 32 31 93
45 35 43 56
45 37 49 24
45 48 25 224
45 51 13 217
45 54 7 107
45 56 37 212
46 2 13 115
46 9 39 147
46 19 4 178
46 22 33 161
46 23 1 27
46 25 41 200
46 26 19 95
46 31 9 152
46 32 25 16
46 40 43 149
46 42 21 85
46 57 28 192
46 59 17 162
47 5 10 121
47 11 49 69
47 18 34 17
47 19 46 178
47 23 4 27
47 25 31 200
47 36 15 150
47 38 27 107
47 42 37 171
47 49 1 108
47 52 19 57
47 53 56 28
48 5 19 111
48 7 28 42
48 8 43 179
48 20 22 186
48 22 1 211
48 26 59 95
48 29 11 133
48 32 4 16
48 35 14 129
48 37 55 157
48 38 49 19
48 43 25 156
48 46 31 91
48 51 7 36
48 52 38 73
49 2 4 115
49 3 55 203
49 8 25 179
49 15 49 172
49 29 35 133
49 31 10 99
49 32 58 16
49 35 46 129
49 41 19 4
49 46 13 116
49 47 29 33
49 48 7 224
49 50 1 136
49 56 38 87
50 4 2 151
50 5 34 121
50 8 39 179
50 9 29 147
50 14 17 15
50 16 7 59
50 19 55 178
50 22 25 211
50 23 13 27
50 25 9 200
50 26 27 65
50 33 47 139
50 35 49 129
50 51 19 36
50 59 11 202
51 11 11 69
51 16 53 59
51 17 57 14
51 23 46 27
51 25 59 200
51 26 14 82
51 32 16 93
51 43 40 156
51 45 5 120
51 48 37 83
51 54 49 198
51 57 33 192
51 59 9 202
51 60 1 138
52 3 43 180
52 17 51 14
52 21 46 209
52 23 2 79
52 26 39 95
52 28 7 76
52 29 26 133
52 37 15 208
52 44 21 87
52 47 19 45
52 50 5 136
52 54 31 198
52 57 13 192
53 3 10 180
53 4 57 173
53 5 43 181
53 14 39 15
53 17 47 79
53 23 7 27
53 25 5 200
53 27 22 11
53 30 25 128
53 31 1 99
53 36 31 150
53 41 33 216
53 42 49 124
53 44 37 37
53 52 13 73
54 6 45 169
54 9 59 147
54 14 43 15
54 16 5 194
54 27 19 11
54 31 31 99
54 34 55 138
54 37 1 208
54 41 13 216
54 45 35 120
54 53 37 197
54 60 25 168
55 2 1 115
55 3 10 203
55 11 4 69
55 16 43 194
55 17 37 179
55 35 34 56
55 44 17 37
55 48 28 83
55 50 25 136
55 52 19 73
55 57 15 192
55 58 7 3
56 6 31 169
56 11 57 69
56 12 1 168
56 14 9 15
56 28 16 96
56 30 49 128
56 31 39 99
56 32 44 16
56 34 25 148
56 36 33 150
56 43 7 12
56 48 13 224
57 5 2 32
57 10 29 18
57 13 49 118
57 19 19 178
57 20 46 186
57 22 53 211
57 23 16 27
57 25 31 2
57 29 23 133
57 34 55 27
57 41 7 216
57 57 58 192
57 60 25 49
58 10 45 18
58 16 3 194
58 18 10 84
58 24 22 74
58 26 13 65
58 29 53 133
58 31 5 99
58 43 33 156
58 47 27 33
58 49 37 108
58 50 7 219
58 58 55 3
59 4 2 221
59 8 56 174
59 10 7 18
59 21 9 89
59 24 37 74
59 28 26 96
59 29 15 133
59 34 31 138
59 43 13 12
59 44 47 37
59 51 43 98
59 56 49 63
59 59 21 162
60 9 20 147
60 20 13 134
60 24 3 74
60 33 33 139
60 38 57 107
60 43 49 12
60 44 55 37
60 45 1 120
60 47 37 33
60 50 22 136
60 51 7 217
60 55 16 113
60 57 51 192
60 59 27 202
60 60 44 49
61 5 19 32
61 11 41 69
61 18 25 17
61 22 55 211
61 24 38 53
61 26 22 65
61 28 2 96
61 32 28 93
61 33 43 139
61 34 15 148
61 41 49 102
61 46 31 179
61 49 7 154
61 50 10 136
61 57 13 222
62 3 31 180
62 5 34 111
62 6 23 169
62 12 19 90
62 16 29 59
62 18 49 84
62 27 25 137
62 38 14 19
62 47 55 33
62 51 38 98
62 52 7 39
62 53 57 77
62 54 44 198
62 56 3 82
63 5 16 181
63 14 23 15
63 16 20 59
63 22 45 211
63 24 4 68
63 32 55 93
63 33 26 30
63 36 59 150
63 38 49 107
63 42 37 85
63 54 31 107
64 3 46 180
64 6 39 169
64 7 52 42
64 8 3 25
64 9 1 147
64 16 25 194
64 23 16 79
64 25 11 200
64 28 43 81
64 29 33 133
64 46 27 182
64 51 19 98
64 59 35 162
65 2 16 115
65 6 51 169
65 8 37 25
65 23 19 79
65 27 44 137
65 30 55 128
65 35 34 195
65 39 25 158
65 40 13 149
65 42 8 131
65 43 41 12
65 56 1 212
65 57 22 192
65 58 31 3
66 1 16 1
66 4 50 151
66 7 19 42
66 10 3 46
66 12 7 168
66 16 11 59
66 17 5 90
66 21 23 209
66 22 40 161
66 32 13 93
66 41 44 175
66 54 32 7
66 55 25 113
67 9 22 147
67 10 20 46
67 17 45 14
67 20 28 134
67 24 39 68
67 25 51 200
67 28 7 81
67 34 10 148
67 41 57 215
67 44 1 87
67 45 13 120
67 46 15 182
67 47 31 45
67 58 4 3
68 3 38 203
68 12 1 184
68 13 28 118
68 17 41 14
68 24 13 53
68 41 19 216
68 49 10 44
68 51 56 98
68 53 31 197
68 54 43 141
69 5 27 121
69 7 4 42
69 18 19 17
69 20 52 186
69 25 37 200
69 27 13 11
69 28 1 76
69 29 7 133
69 32 34 16
69 41 56 216
69 48 16 224
69 51 43 217
69 52 31 144
70 4 7 173
70 8 33 174
70 12 19 23
70 17 59 14
70 25 17 200
70 26 23 82
70 27 1 137
70 29 31 133
70 30 37 128
70 32 28 16
70 40 4 167
70 42 43 85
70 54 13 198
70 60 49 49
71 5 22 111
71 9 33 147
71 21 13 89
71 27 1 130
71 33 11 139
71 35 4 129
71 41 26 102
71 42 55 171
71 44 53 37
71 46 7 116
71 49 40 154
71 57 16 222
72 12 31 23
72 18 28 17
72 25 11 2
72 27 46 11
72 32 19 16
72 40 7 149
72 44 43 37
72 48 25 83
72 49 1 154
72 51 37 217
72 52 52 73
72 54 13 122
72 56 56 63
73 3 25 180
73 5 31 121
73 9 16 147
73 10 35 18
73 12 19 184
73 18 58 180
73 20 9 134
73 22 43 211
73 26 2 95
73 29 41 133
73 44 14 37
73 50 7 136
73 51 50 217
74 2 25 115
74 8 13 179
74 14 35 15
74 19 52 178
74 22 31 161
74 28 10 187
74 29 49 133
74 30 56 149
74 32 28 9
74 38 44 220
74 40 37 167
74 46 2 91
74 48 7 204
74 53 19 19
74 55 40 113
75 3 7 203
75 7 34 42
75 11 15 69
75 26 19 65
75 31 13 152
75 33 22 30
75 38 49 171
75 39 56 158
75 40 10 51
75 45 29 120
75 48 38 224
75 59 3 202
76 4 10 190
76 8 37 31
76 9 49 147
76 18 51 175
76 29 21 133
76 35 1 129
76 38 13 187
76 40 25 51
76 44 8 37
76 45 33 120
76 46 57 182
76 48 46 83
76 49 28 108
77 8 14 25
77 18 43 84
77 23 10 27
77 24 25 53
77 27 56 137
77 34 7 148
77 40 28 167
77 46 38 182
77 48 49 83
77 53 19 38
77 54 1 122
77 56 31 82
78 2 40 115
78 6 25 169
78 14 59 15
78 20 13 186
78 28 37 96
78 34 4 148
78 36 17 150
78 41 43 216
78 46 49 91
78 47 7 33
78 53 55 38
78 58 28 3
78 59 21 202
78 60 31 168
79 6 5 169
79 7 7 42
79 22 59 211
79 26 17 65
79 31 22 152
79 33 1 30
79 34 49 148
79 38 13 220
79 42 25 124
79 45 3 120
79 46 38 183
79 50 19 219
79 57 11 192
79 60 43 90
80 5 28 111
80 9 7 147
80 10 5 46
80 17 13 14
80 20 19 134
80 22 3 211
80 24 58 74
80 28 10 96
80 29 17 133
80 32 52 16
80 40 25 149
80 45 15 120
80 46 31 182
81 1 31 1
81 4 58 151
81 10 37 18
81 14 3 15
81 18 27 84
81 20 8 186
81 25 22 200
81 35 34 129
81 36 41 150
81 41 13 175
81 44 11 37
81 52 49 201
81 53 43 38
81 59 25 162
82 3 13 203
82 6 3 169
82 7 10 42
82 10 33 18
82 18 7 84
82 21 20 89
82 31 31 152
82 36 37 150
82 47 25 33
82 54 49 7
82 55 55 113
82 57 45 222
83 4 13 190
83 25 33 200
83 29 37 133
83 33 5 30
83 40 16 51
83 45 53 120
83 48 40 83
83 49 19 154
83 51 49 36
83 53 7 197
83 54 55 122
83 57 3 192
84 6 41 169
84 12 57 184
84 23 25 79
84 24 52 74
84 27 16 130
84 35 28 56
84 38 31 215
84 41 44 215
84 48 4 224
84 50 37 136
84 54 19 107
84 57 7 192
85 5 13 181
85 7 55 42
85 12 25 90
85 14 47 15
85 17 10 14
85 18 31 17
85 24 40 74
85 27 43 130
85 28 58 96
85 34 34 138
85 36 21 150
85 42 1 85
85 49 16 154
85 56 49 35
86 4 40 151
86 5 25 111
86 8 19 31
86 19 49 178
86 22 7 211
86 30 9 93
86 31 33 99
86 33 53 139
86 34 43 148
86 40 46 51
86 54 2 198
86 56 14 63
86 59 23 162
86 60 56 78
87 3 52 203
87 5 31 181
87 7 13 42
87 17 59 90
87 21 25 89
87 23 22 27
87 31 17 152
87 37 44 24
87 38 37 215
87 42 55 123
87 49 27 154
87 52 19 144
87 56 8 141
87 59 3 162
88 4 28 151
88 5 10 32
88 10 51 46
88 17 35 90
88 22 23 161
88 23 40 27
88 24 31 68
88 25 26 200
88 42 1 123
88 47 13 33
88 50 5 199
88 54 19 7
88 57 37 192
88 58 16 3
89 1 37 1
89 10 15 18
89 13 43 118
89 15 2 172
89 16 52 194
89 20 22 134
89 24 49 74
89 43 10 156
89 44 35 51
89 47 47 33
89 48 7 83
89 49 55 44
89 52 25 144
89 57 28 222
89 59 19 162
90 11 45 69
90 18 49 218
90 20 37 186
90 22 47 211
90 26 35 65
90 33 3 30
90 37 19 157
90 38 26 220
90 40 10 149
90 42 13 124
90 43 52 156
90 44 1 37
90 51 31 98
90 54 55 141
91 4 22 173
91 9 29 38
91 16 19 194
91 20 43 186
91 22 5 161
91 27 10 137
91 30 49 112
91 42 1 124
91 43 38 12
91 49 7 44
91 53 25 28
91 54 13 77
91 59 33 202
92 1 7 1
92 2 19 115
92 5 37 181
92 6 59 169
92 16 44 59
92 21 11 209
92 22 49 161
92 37 55 24
92 45 31 120
92 46 13 183
92 49 33 44
92 53 51 38
92 54 25 7
92 57 2 222
93 5 14 111
93 7 37 42
93 10 55 18
93 18 40 218
93 23 44 79
93 31 11 152
93 34 31 9
93 41 7 102
93 44 51 37
93 51 1 171
93 52 34 57
93 53 19 28
93 57 23 222
93 58 25 3
94 2 37 115
94 6 35 169
94 12 7 90
94 16 13 59
94 22 16 211
94 23 52 79
94 31 25 99
94 40 4 149
94 43 21 12
94 44 19 87
94 45 11 120
94 49 27 44
94 50 23 199
94 57 31 192
95 4 28 173
95 8 32 25
95 17 49 14
95 18 25 175
95 25 23 2
95 32 58 93
95 33 39 139
95 35 1 56
95 46 7 182
95 50 17 136
95 53 13 28
95 56 19 82
95 57 37 222
96 3 52 180
96 4 14 151
96 6 19 169
96 8 45 31
96 14 1 15
96 25 57 200
96 27 4 130
96 35 37 56
96 36 25 150
96 49 21 108
96 51 27 98
96 56 7 212
97 6 13 169
97 10 17 18
97 14 37 15
97 17 29 179
97 28 7 96
97 34 55 148
97 36 27 150
97 37 49 208
97 42 39 123
97 48 1 83
97 52 4 201
97 55 19 113
97 57 45 192
97 60 32 78
98 5 58 181
98 6 37 169
98 11 51 69
98 16 49 194
98 22 28 211
98 26 17 95
98 27 46 130
98 34 43 138
98 35 10 129
98 38 31 220
98 45 40 120
98 47 5 45
98 51 1 217
98 53 20 197
99 2 55 115
99 3 58 203
99 10 37 46
99 17 41 49
99 28 16 81
99 39 7 158
99 40 28 149
99 45 51 120
99 46 1 183
99 49 13 108
99 54 20 122
99 56 32 35
99 57 25 192
100 3 22 180
100 8 56 179
100 21 39 209
100 27 4 137
100 31 19 152
100 34 1 9
100 40 25 167
100 46 8 183
100 47 31 33
100 51 13 98
100 53 50 65
100 58 43 3
101 2 31 115
101 3 19 180
101 7 43 42
101 8 1 31
101 12 25 23
101 22 37 211
101 24 10 68
101 25 46 200
101 30 14 128
101 38 49 220
101 47 5 33
101 49 56 108
101 52 7 57
101 53 39 38
102 1 58 1
102 2 34 115
102 8 8 179
102 17 39 14
102 20 1 134
102 27 20 130
102 40 13 51
102 46 43 91
102 48 49 224
102 49 52 154
102 52 16 57
102 60 25 138
103 5 51 181
103 8 31 49
103 16 21 194
103 17 47 179
103 23 55 79
103 25 19 200
103 26 17 82
103 30 37 93
103 33 28 139
103 36 49 150
103 39 1 158
103 41 13 102
103 42 43 184
103 45 9 120
103 57 5 222
104 8 49 25
104 14 33 15
104 27 7 137
104 28 13 76
104 32 25 9
104 40 22 149
104 41 37 4
104 44 3 37
104 45 20 120
104 46 43 35
104 48 28 224
104 52 10 144
104 56 55 82
105 4 49 221
105 16 31 59
105 17 29 90
105 27 40 130
105 30 56 112
105 38 19 220
105 40 43 51
105 43 23 156
105 44 1 51
105 47 33 33
105 48 10 83
105 49 4 108
105 57 26 222
106 1 19 1
106 4 46 221
106 9 52 147
106 10 5 18
106 16 8 194
106 17 23 90
106 23 49 79
106 26 29 82
106 28 13 96
106 30 37 149
106 31 33 152
106 36 3 150
106 44 26 87
106 48 10 224
107 1 40 1
107 2 46 115
107 4 37 221
107 6 17 169
107 8 19 174
107 14 55 15
107 17 53 179
107 18 49 180
107 20 25 134
107 21 13 209
107 23 7 79
107 24 10 53
107 28 28 81
108 3 28 180
108 5 44 121
108 9 25 147
108 11 33 69
108 13 10 118
108 16 35 194
108 23 40 79
108 28 37 76
108 34 22 148
108 35 19 56
108 37 56 117
108 43 1 12
108 48 52 224
108 55 4 113
108 60 13 78
109 5 38 121
109 11 27 69
109 15 19 172
109 25 49 200
109 26 1 82
109 27 58 11
109 40 43 167
109 44 29 87
109 47 23 45
109 51 31 217
109 54 13 7
109 56 7 82
109 57 41 192
109 58 46 3
110 14 45 15
110 18 37 84
110 19 40 178
110 20 4 186
110 23 31 27
110 25 43 200
110 29 13 133
110 40 19 51
110 42 7 124
110 43 47 12
110 47 25 45
110 52 28 144
110 53 57 65
110 56 49 212
111 18 7 17
111 21 17 209
111 22 22 211
111 23 19 27
111 30 26 21
111 34 52 148
111 47 34 45
111 48 46 224
111 49 13 154
111 50 31 136
111 53 1 197
111 59 5 162
111 60 37 78
112 13 1 118
112 17 31 14
112 22 41 211
112 23 43 27
112 25 29 2
112 30 13 112
112 31 5 152
112 36 7 150
112 40 22 167
112 46 37 116
112 48 19 83
112 49 9 108
112 52 46 201
112 53 25 38
112 54 55 198
113 8 13 31
113 12 38 168
113 16 10 194
113 17 35 179
113 26 2 65
113 31 7 152
113 32 4 93
113 43 17 12
113 47 19 33
113 50 21 219
113 53 45 197
113 58 49 3
113 59 43 202
114 8 25 25
114 12 13 168
114 18 10 175
114 22 29 161
114 24 19 53
114 26 37 95
114 27 40 11
114 31 44 152
114 34 46 138
114 36 35 150
114 40 51 51
114 41 31 102
114 45 22 120
115 5 28 32
115 9 37 147
115 11 55 69
115 14 31 15
115 15 8 172
115 17 16 14
115 18 40 84
115 21 21 209
115 24 34 74
115 31 14 99
115 44 19 37
116 2 10 115
116 5 40 181
116 6 49 169
116 8 19 25
116 9 27 147
116 14 13 15
116 16 58 194
116 18 52 84
116 28 32 76
116 30 45 4
116 31 3 99
116 49 37 44
116 56 15 212
116 59 23 202
117 19 16 178
117 23 49 27
117 28 25 81
117 29 28 133
117 32 38 16
117 35 52 129
117 36 43 150
117 41 1 216
117 44 5 37
117 51 55 217
117 53 31 28
117 54 19 77
117 56 8 63
117 57 47 192
118 4 13 221
118 5 34 181
118 8 43 174
118 10 32 46
118 14 28 15
118 17 1 14
118 21 11 89
118 24 3 53
118 26 55 65
118 30 19 112
118 34 16 9
118 41 37 102
118 54 7 7
118 56 57 35
119 7 40 42
119 17 23 14
119 21 2 89
119 30 19 21
119 31 7 99
119 36 57 150
119 40 52 167
119 41 27 216
119 42 33 123
119 43 31 156
119 44 50 87
119 47 9 33
119 48 43 83
119 58 13 3
120 4 25 173
120 6 57 169
120 10 1 46
120 17 17 179
120 18 37 180
120 25 15 200
120 27 31 130
120 28 34 96
120 35 22 56
120 45 7 120
120 48 45 194
120 49 4 154
120 51 9 171
120 56 51 121
120 57 43 192
121 1 22 1
121 8 7 25
121 9 43 147
121 25 1 200
121 28 3 81
121 31 37 99
121 35 13 56
121 40 19 149
121 42 32 124
121 43 16 156
121 46 39 91
121 49 55 154
121 54 50 122
121 56 25 63
122 7 31 42
122 10 50 18
122 11 37 69
122 16 1 59
122 24 7 53
122 27 16 11
122 30 56 21
122 42 44 124
122 43 29 12
122 44 23 51
122 53 3 77
122 56 19 121
122 60 25 78
123 5 25 181
123 6 9 169
123 8 49 174
123 12 44 23
123 17 11 90
123 19 22 178
123 21 15 209
123 22 19 161
123 33 58 139
123 41 39 216
123 44 28 37
123 50 1 199
123 51 31 171
123 52 55 201
123 60 3 49
124 1 25 1
124 4 22 221
124 8 31 31
124 9 35 31
124 13 58 118
124 16 16 59
124 19 43 178
124 21 5 89
124 24 19 74
124 27 13 137
124 36 55 150
124 54 1 107
124 55 7 113
124 59 10 162
125 4 55 221
125 5 7 32
125 6 29 169
125 8 25 31
125 9 13 38
125 11 59 69
125 12 49 168
125 17 37 14
125 27 34 130
125 30 1 128
125 33 32 30
125 34 20 138
125 38 44 107
125 40 40 51
125 49 16 108
126 5 46 181
126 6 53 169
126 9 41 147
126 16 33 194
126 19 58 178
126 22 3 161
126 26 8 95
126 27 10 130
126 33 17 30
126 40 19 167
126 56 37 63
126 57 43 222
126 59 55 162
126 60 13 138
127 5 2 121
127 7 58 42
127 16 23 194
127 22 11 161
127 25 7 2
127 26 15 95
127 28 19 96
127 30 31 112
127 34 37 148
127 38 43 171
127 47 41 33
127 49 49 154
127 55 28 113
127 59 5 202
128 10 19 18
128 14 52 15
128 16 27 59
128 20 1 186
128 21 7 209
128 23 31 79
128 27 13 130
128 40 49 149
128 45 59 120
128 46 9 91
128 51 37 36
128 56 43 63
128 57 21 222
129 4 37 151
129 13 22 118
129 15 43 172
129 16 40 194
129 29 47 133
129 34 34 9
129 35 58 56
129 43 32 12
129 44 25 37
129 51 49 98
129 53 8 38
129 54 1 7
130 3 16 203
130 6 11 169
130 10 29 46
130 12 38 23
130 16 1 194
130 22 35 211
130 27 7 130
130 28 13 81
130 30 3 21
130 33 25 139
130 47 27 45
130 48 31 83
130 52 43 201
130 60 19 78
131 1 43 1
131 2 58 115
131 3 46 203
131 24 31 74
131 26 13 95
131 28 51 76
131 33 17 139
131 35 22 129
131 43 27 156
131 44 40 37
131 45 38 120
131 48 19 224
131 51 8 98
131 55 34 113
132 3 55 180
132 7 16 42
132 8 37 174
132 17 29 14
132 18 43 17
132 38 7 215
132 46 49 182
132 51 19 217
132 52 1 201
132 55 46 113
132 56 25 82
132 57 11 222
133 18 7 175
133 22 21 161
133 25 3 200
133 26 15 65
133 30 55 4
133 31 35 99
133 35 38 129
133 40 46 149
133 46 50 116
133 50 19 136
133 51 25 36
133 54 31 122
133 58 10 3
134 1 10 1
134 5 20 181
134 12 15 184
134 16 13 194
134 18 7 218
134 19 37 178
134 21 23 89
134 24 43 74
134 26 4 65
134 31 28 152
134 41 55 102
134 52 46 144
134 57 1 192
134 58 34 3
134 59 25 202
135 3 40 180
135 6 55 169
135 10 27 18
135 12 7 23
135 13 37 118
135 14 11 15
135 28 46 81
135 31 16 99
135 33 23 139
135 42 57 85
135 43 19 12
135 47 21 45
135 50 1 219
135 57 5 192
135 59 33 162
136 2 22 115
136 4 43 173
136 5 25 32
136 14 57 15
136 21 49 89
136 26 11 95
136 28 28 123
136 32 8 16
136 34 19 148
136 45 47 120
136 49 32 154
136 51 14 36
136 54 37 141
136 56 1 35
136 58 52 3
137 13 40 118
137 18 57 17
137 25 55 200
137 27 4 11
137 39 19 158
137 40 1 167
137 44 23 37
137 46 25 91
137 48 52 83
137 56 14 87
137 59 31 202
138 3 7 180
138 6 47 169
138 11 43 69
138 16 40 59
138 18 34 84
138 19 31 178
138 24 27 68
138 25 13 2
138 26 21 95
138 28 16 76
138 34 10 9
138 54 2 141
138 56 55 87
138 60 49 138
139 3 14 167
139 9 5 38
139 18 46 84
139 20 49 186
139 26 35 95
139 27 25 130
139 34 7 9
139 36 11 150
139 43 59 12
139 44 3 87
139 46 31 116
139 48 55 224
139 54 37 122
139 58 22 3
139 59 1 202
140 4 3 173
140 18 58 84
140 22 9 211
140 24 55 74
140 25 7 200
140 27 22 137
140 28 40 96
140 32 34 93
140 33 31 139
140 49 37 154
140 53 13 197
140 56 25 35
140 60 43 78
141 4 19 190
141 13 7 118
141 16 23 59
141 20 37 134
141 25 4 2
141 32 1 93
141 34 40 148
141 43 59 156
141 48 34 224
141 51 25 217
141 52 31 57
141 53 43 77
141 54 14 141
142 3 43 203
142 4 22 151
142 16 25 59
142 19 34 178
142 20 31 186
142 30 49 21
142 32 55 16
142 35 27 129
142 36 47 150
142 48 1 224
142 50 15 199
142 52 4 57
142 59 40 202
142 60 7 138
143 10 25 18
143 16 27 194
143 22 33 211
143 26 8 65
143 27 37 130
143 28 22 81
143 31 29 99
143 43 5 12
143 49 1 44
143 50 13 199
143 52 40 144
143 54 44 7
143 55 49 113
143 60 55 90
144 4 19 221
144 6 43 169
144 11 31 69
144 21 55 89
144 30 45 112
144 33 15 139
144 36 13 150
144 37 33 208
144 38 25 187
144 40 52 149
144 46 3 116
144 50 17 199
144 53 57 197
144 54 39 198
144 60 7 78
145 1 46 1
145 4 7 151
145 6 21 169
145 17 55 14
145 23 37 79
145 28 32 81
145 32 50 93
145 42 57 59
145 43 13 156
145 49 10 154
145 51 26 97
145 53 2 28
145 59 15 162
146 2 52 115
146 3 34 203
146 10 13 18
146 12 9 184
146 14 15 15
146 21 7 89
146 33 55 139
146 47 2 33
146 51 43 36
146 60 57 168
147 4 8 221
147 9 5 147
147 21 17 89
147 22 38 161
147 23 13 79
147 31 3 152
147 33 19 30
147 35 25 56
147 36 29 150
147 40 46 167
147 44 35 37
147 47 43 33
147 48 31 224
147 50 58 219
147 52 21 201
148 3 28 203
148 5 4 181
148 7 25 42
148 10 13 46
148 18 40 17
148 22 17 161
148 27 19 137
148 35 7 56
148 36 51 150
148 40 37 51
148 46 55 91
148 52 22 144
148 59 31 162
149 5 55 181
149 6 15 169
149 7 22 42
149 10 43 18
149 16 46 59
149 17 19 179
149 35 40 56
149 38 31 19
149 43 3 12
149 45 17 120
149 48 58 83
149 49 49 108
149 55 52 113
149 56 25 141
150 5 4 111
150 11 47 69
150 15 37 172
150 17 21 14
150 25 17 2
150 28 28 76
150 34 58 148
150 35 55 129
150 42 49 123
150 43 1 156
150 44 7 51
150 52 14 144
150 53 43 28
150 56 31 212
150 60 9 49
Điểm tối ưu: 2026
Thời gian: 360.078723 giây
Trạng thái: VALID
