2690
1 2 52 6
1 8 10 130
1 9 19 141
1 30 44 25
1 39 31 17
1 42 8 5
1 44 56 49
1 48 37 19
1 55 13 73
1 58 28 51
1 63 25 136
1 68 41 106
1 69 2 236
1 72 22 14
2 3 47 237
2 8 20 84
2 9 37 10
2 19 50 142
2 21 14 39
2 26 11 147
2 27 7 143
2 44 40 241
2 47 16 38
2 48 43 44
2 55 27 239
2 59 25 81
2 62 31 194
2 66 55 144
2 71 1 271
3 1 4 1
3 11 45 35
3 16 11 209
3 23 20 20
3 25 33 152
3 37 58 172
3 41 55 54
3 44 13 16
3 51 27 52
3 64 17 13
3 66 50 144
3 69 7 185
3 70 37 59
3 77 25 145
4 4 4 53
4 8 1 130
4 15 13 66
4 17 8 210
4 21 20 202
4 28 39 23
4 34 58 9
4 42 51 5
4 47 43 50
4 51 25 300
4 65 16 119
4 69 33 185
4 74 10 85
5 13 43 205
5 28 31 234
5 29 58 26
5 44 19 16
5 51 50 288
5 55 33 93
5 58 13 51
5 59 16 81
5 60 4 94
5 62 25 63
5 72 55 249
5 76 38 124
5 77 29 145
5 79 10 252
6 9 16 142
6 13 3 269
6 14 7 222
6 16 22 209
6 31 32 78
6 33 37 264
6 41 1 245
6 47 35 189
6 49 27 125
6 55 44 73
6 62 9 157
6 66 51 114
6 67 49 58
6 71 56 285
6 76 25 124
7 4 43 120
7 12 51 109
7 15 13 292
7 18 3 265
7 21 57 95
7 26 11 163
7 28 41 18
7 31 46 147
7 40 37 232
7 49 32 188
7 50 26 173
7 57 7 162
7 71 21 207
7 76 53 124
7 78 17 69
8 9 25 141
8 35 3 135
8 49 39 126
8 50 14 273
8 51 33 4
8 57 46 162
8 66 7 144
8 69 50 185
8 70 56 59
8 72 28 167
8 76 31 124
8 80 21 240
9 11 26 260
9 16 59 209
9 17 3 210
9 28 47 23
9 30 41 25
9 33 8 264
9 37 43 62
9 44 55 225
9 52 20 106
9 56 49 37
9 61 52 247
9 63 16 80
9 76 37 198
10 2 5 96
10 4 31 120
10 18 19 211
10 21 38 182
10 24 43 161
10 27 14 79
10 31 50 78
10 43 34 203
10 45 55 132
10 49 21 188
10 52 8 24
10 56 40 229
10 57 26 221
10 77 52 53
10 79 1 252
11 3 23 228
11 14 10 222
11 15 43 15
11 16 2 209
11 24 50 112
11 29 46 242
11 33 57 236
11 34 29 9
11 36 13 238
11 37 25 286
11 49 38 188
11 71 32 123
11 72 4 14
11 76 17 295
12 3 9 228
12 8 28 147
12 11 15 192
12 12 59 109
12 14 39 222
12 29 46 223
12 35 11 135
12 40 49 275
12 41 25 245
12 52 19 24
12 54 55 56
12 55 3 278
12 58 43 177
12 80 33 240
13 17 53 210
13 20 47 239
13 26 14 163
13 30 20 50
13 33 3 294
13 38 37 174
13 39 22 17
13 41 31 245
13 55 49 93
13 64 58 13
13 66 26 183
13 76 33 124
13 79 16 252
13 80 8 117
14 4 3 262
14 6 15 193
14 12 13 109
14 15 25 15
14 24 39 112
14 26 50 163
14 30 33 25
14 33 43 83
14 36 28 238
14 42 59 67
14 55 19 278
14 60 52 166
14 64 1 13
14 68 9 180
15 8 52 84
15 9 37 92
15 12 45 109
15 20 29 73
15 21 13 95
15 30 26 25
15 36 19 238
15 38 7 71
15 47 49 127
15 62 15 157
15 74 1 85
15 76 31 295
15 79 40 252
15 80 55 167
16 2 37 6
16 3 1 237
16 9 21 65
16 14 34 222
16 15 31 15
16 17 19 98
16 20 25 282
16 22 55 204
16 29 27 242
16 38 45 230
16 43 3 243
16 46 9 3
16 47 58 189
16 49 15 188
16 51 39 159
17 9 14 92
17 13 57 269
17 15 39 66
17 23 7 20
17 24 31 112
17 30 17 50
17 39 52 17
17 44 43 241
17 60 22 250
17 62 2 194
17 64 26 48
17 65 47 116
17 73 37 181
18 14 17 92
18 16 53 209
18 27 13 139
18 29 49 242
18 30 5 50
18 41 35 245
18 42 41 225
18 48 20 64
18 52 57 89
18 57 10 221
18 58 1 177
18 61 46 247
18 66 31 114
18 75 25 280
19 5 45 115
19 14 53 222
19 18 1 265
19 27 57 143
19 32 7 291
19 41 17 54
19 43 19 125
19 52 49 89
19 54 4 56
19 56 22 229
19 61 10 247
19 75 28 280
19 79 37 252
19 80 13 117
20 2 13 96
20 4 49 262
20 8 28 84
20 22 58 204
20 23 21 22
20 25 4 152
20 28 43 23
20 34 33 9
20 38 15 71
20 43 9 243
20 60 39 94
20 61 55 247
20 65 45 116
21 23 2 20
21 24 33 65
21 27 7 79
21 36 22 238
21 39 28 17
21 40 37 21
21 51 55 15
21 56 52 37
21 60 49 94
21 69 13 227
21 72 46 167
21 75 43 267
21 79 19 252
22 11 7 142
22 27 51 79
22 31 29 78
22 33 31 83
22 40 3 223
22 49 43 188
22 51 15 288
22 61 40 247
22 64 37 13
22 66 56 114
22 68 49 106
22 71 25 123
22 73 1 153
22 76 11 124
22 80 19 117
23 13 3 176
23 18 44 211
23 19 14 70
23 23 51 197
23 29 55 26
23 57 10 219
23 58 7 148
23 60 20 166
23 64 29 163
23 65 1 294
23 69 25 227
23 70 31 59
23 71 39 207
24 1 16 1
24 4 25 262
24 18 19 265
24 21 2 39
24 25 5 279
24 30 34 50
24 36 8 238
24 37 13 62
24 42 11 225
24 44 28 241
24 48 43 133
24 49 51 125
24 66 37 183
24 75 21 7
25 4 19 289
25 14 37 222
25 16 27 209
25 19 13 178
25 24 7 216
25 45 31 184
25 47 17 189
25 50 50 28
25 55 45 142
25 59 56 75
25 60 40 166
25 67 58 299
25 71 3 41
26 2 55 6
26 21 21 39
26 26 45 163
26 29 34 242
26 38 57 230
26 40 7 21
26 46 40 3
26 54 49 56
26 55 2 18
26 59 32 81
26 60 52 250
26 62 25 194
26 66 15 114
26 67 29 46
27 1 31 1
27 14 13 288
27 16 45 209
27 20 39 298
27 21 35 95
27 27 7 139
27 33 50 264
27 38 57 71
27 42 41 67
27 44 28 49
27 55 15 18
27 58 20 51
27 59 2 81
27 68 55 106
28 6 33 147
28 9 52 92
28 11 19 35
28 12 39 109
28 27 43 143
28 30 5 25
28 36 1 238
28 42 31 67
28 44 58 241
28 46 23 103
28 52 26 54
28 59 13 75
28 71 7 207
28 72 15 249
29 16 13 209
29 22 38 204
29 23 26 201
29 29 58 242
29 31 15 78
29 40 44 21
29 44 50 16
29 49 9 188
29 52 33 89
29 61 2 247
29 71 21 271
29 78 5 69
30 3 37 228
30 15 40 171
30 19 57 70
30 31 43 78
30 45 9 187
30 47 31 189
30 53 46 231
30 56 13 251
30 62 19 63
30 66 33 144
30 73 7 181
30 77 16 145
30 78 26 69
30 80 3 117
31 11 27 192
31 14 41 288
31 19 43 82
31 26 20 163
31 44 1 16
31 45 7 283
31 47 15 189
31 65 22 116
31 66 31 45
31 68 4 180
31 76 13 124
31 78 37 69
32 9 22 43
32 10 50 140
32 13 39 269
32 15 16 292
32 17 27 210
32 19 43 212
32 28 47 234
32 33 55 264
32 35 25 135
32 51 9 52
32 55 31 278
32 56 1 229
32 65 5 119
32 79 13 252
33 2 28 6
33 4 46 120
33 20 5 298
33 29 19 26
33 31 14 287
33 33 37 83
33 40 33 275
33 46 59 74
33 47 23 38
33 54 43 56
33 62 1 63
33 64 9 48
33 71 49 123
33 72 25 14
33 80 55 240
34 3 15 237
34 9 2 92
34 11 57 44
34 17 17 98
34 21 5 202
34 24 44 261
34 35 27 135
34 43 34 243
34 44 38 16
34 50 9 173
34 53 29 102
34 63 31 80
34 69 50 227
34 74 19 85
35 6 3 134
35 21 25 39
35 22 43 237
35 23 49 22
35 25 16 107
35 31 11 78
35 35 13 135
35 44 7 225
35 55 55 73
35 61 19 247
35 64 35 13
36 3 53 237
36 15 8 15
36 21 25 95
36 23 27 197
36 26 56 298
36 33 19 83
36 37 33 62
36 43 37 27
36 44 4 49
36 62 49 194
36 63 43 136
36 67 14 299
36 76 58 124
37 1 40 1
37 2 9 6
37 11 43 260
37 13 25 176
37 26 4 163
37 28 51 234
37 34 47 9
37 35 33 135
37 39 58 17
37 42 29 67
37 57 15 14
37 59 49 259
37 60 37 166
37 64 7 48
37 70 19 59
38 1 22 1
38 3 52 228
38 9 44 141
38 14 28 222
38 20 19 298
38 23 38 201
38 39 2 17
38 41 8 245
38 44 10 16
38 46 17 74
38 48 13 19
38 54 58 56
38 62 32 157
38 65 56 119
39 7 33 274
39 9 55 92
39 19 7 82
39 20 53 282
39 26 14 298
39 28 20 234
39 43 22 214
39 44 44 225
39 51 49 15
39 53 1 102
39 56 4 229
39 57 16 255
39 70 25 59
39 71 38 151
39 76 29 124
40 11 33 142
40 12 41 109
40 20 49 282
40 21 37 95
40 22 21 237
40 29 51 223
40 31 19 287
40 32 58 291
40 40 15 232
40 45 44 187
40 49 3 191
40 53 7 102
40 54 10 56
40 69 27 43
41 11 1 192
41 18 5 206
41 22 19 77
41 24 43 112
41 28 26 234
41 41 33 245
41 48 55 224
41 59 10 259
41 63 22 80
41 71 50 41
41 75 7 7
41 77 14 145
42 2 59 6
42 8 52 130
42 10 38 140
42 12 22 109
42 17 3 98
42 20 14 281
42 28 11 23
42 30 31 50
42 34 5 9
42 42 27 225
42 47 8 189
42 65 1 119
42 69 45 185
42 73 20 181
43 11 15 239
43 24 39 190
43 35 58 135
43 46 34 103
43 49 9 268
43 53 25 102
43 56 31 251
43 57 1 162
43 58 22 177
43 60 4 255
43 62 27 157
43 67 52 299
43 75 49 7
43 78 20 69
43 79 43 252
44 2 49 6
44 11 1 260
44 23 7 22
44 24 45 216
44 25 43 152
44 33 26 83
44 36 40 238
44 42 33 225
44 48 21 133
44 57 58 14
44 61 16 247
44 71 51 207
44 73 56 153
45 3 5 228
45 13 55 176
45 15 28 15
45 18 11 265
45 20 23 298
45 22 7 77
45 26 32 298
45 29 14 26
45 31 45 78
45 35 1 135
45 42 25 67
45 55 39 239
45 57 34 162
45 66 19 37
45 78 51 69
46 3 49 237
46 13 38 164
46 18 25 206
46 20 23 73
46 30 51 50
46 37 20 62
46 40 1 233
46 43 8 27
46 53 5 102
46 56 44 229
46 65 57 116
46 75 13 267
46 78 33 69
47 2 43 74
47 6 25 130
47 12 1 109
47 13 50 176
47 15 46 15
47 19 55 178
47 37 13 172
47 39 19 17
47 44 16 16
47 50 31 273
47 66 39 114
47 71 3 226
47 77 29 53
47 78 9 69
48 1 52 1
48 4 55 289
48 14 50 222
48 15 58 66
48 18 47 265
48 21 28 39
48 22 34 77
48 24 3 190
48 28 31 23
48 34 37 9
48 36 43 238
48 40 19 232
48 59 26 75
48 67 9 246
49 8 22 147
49 10 31 140
49 18 7 211
49 19 9 122
49 30 51 25
49 42 40 5
49 44 1 49
49 47 25 189
49 54 16 56
49 55 27 278
49 58 19 177
49 63 43 80
49 64 55 13
49 75 37 7
50 18 17 206
50 28 5 23
50 29 31 26
50 30 9 50
50 44 22 225
50 53 3 38
50 59 1 169
50 62 26 76
50 63 55 136
50 68 11 106
50 71 44 41
50 72 49 14
50 77 13 4
50 80 37 25
51 4 26 289
51 12 37 109
51 16 57 209
51 20 44 282
51 30 16 25
51 32 13 291
51 37 9 46
51 42 7 67
51 43 31 243
51 49 50 191
51 53 1 38
51 69 20 185
51 70 3 59
51 75 39 280
52 3 13 279
52 8 25 281
52 18 9 211
52 30 2 50
52 35 37 135
52 37 40 62
52 43 45 214
52 50 31 173
52 68 7 180
52 71 56 207
52 73 35 181
52 74 4 85
52 77 16 4
53 11 31 192
53 13 55 205
53 15 13 15
53 17 29 98
53 28 59 23
53 40 1 232
53 45 50 187
53 46 11 103
53 52 45 89
53 53 26 231
53 56 37 251
53 59 5 81
53 61 7 247
53 72 19 249
54 8 44 84
54 11 9 260
54 13 51 205
54 14 16 222
54 15 27 66
54 30 2 25
54 43 4 27
54 49 19 191
54 54 13 56
54 57 58 162
54 71 31 285
54 73 39 181
55 6 20 193
55 15 7 66
55 17 41 210
55 18 28 265
55 23 43 20
55 28 34 234
55 29 10 26
55 38 37 71
55 45 2 187
55 46 13 103
55 53 17 231
55 65 47 294
55 69 55 185
56 1 19 1
56 7 55 274
56 14 23 92
56 27 3 143
56 31 59 147
56 32 10 291
56 40 33 30
56 41 31 54
56 42 39 67
56 45 25 187
56 53 15 102
56 60 52 94
56 63 7 136
56 66 45 183
57 3 47 279
57 6 37 170
57 19 43 70
57 21 19 95
57 24 32 216
57 27 57 79
57 28 49 23
57 33 51 261
57 39 10 17
57 43 7 214
57 50 21 122
57 55 1 73
57 66 15 183
57 75 28 267
57 79 25 252
58 7 1 274
58 11 56 239
58 18 5 265
58 25 49 107
58 26 22 163
58 42 38 225
58 55 43 278
58 56 28 251
58 60 19 94
58 63 16 136
58 67 40 58
58 71 9 123
58 72 25 249
58 77 14 53
58 79 31 252
59 12 15 109
59 13 55 164
59 16 43 209
59 22 28 77
59 31 47 78
59 41 10 54
59 58 1 148
59 59 50 75
59 62 38 157
59 72 52 249
59 74 31 85
59 77 45 53
59 79 4 252
60 10 13 140
60 13 9 205
60 17 46 210
60 18 31 211
60 20 43 298
60 21 17 39
60 36 37 238
60 50 57 173
60 52 33 54
60 53 7 231
60 55 1 239
60 58 40 148
60 59 5 75
61 2 41 6
61 6 27 34
61 14 44 222
61 15 22 171
61 16 25 209
61 22 16 77
61 23 56 20
61 40 3 30
61 47 39 50
61 50 50 173
61 58 9 177
61 60 13 255
61 61 31 247
61 67 1 58
62 2 31 96
62 4 19 262
62 19 2 178
62 28 41 23
62 34 59 1
62 36 49 238
62 37 22 46
62 50 44 173
62 51 13 171
62 54 34 56
62 56 37 229
62 59 7 75
62 65 10 119
62 69 26 132
62 78 55 69
63 2 28 96
63 5 15 115
63 14 55 126
63 16 35 209
63 21 33 182
63 37 9 62
63 39 46 17
63 57 52 162
63 66 20 114
63 68 26 106
63 69 38 73
63 74 58 85
63 78 43 69
63 80 3 90
64 4 16 53
64 9 37 141
64 15 43 171
64 24 19 112
64 25 4 107
64 30 23 50
64 41 2 54
64 43 51 214
64 51 33 288
64 57 13 219
64 60 40 250
64 66 56 45
64 71 25 207
64 80 7 240
65 24 15 216
65 34 43 1
65 38 8 230
65 41 3 245
65 42 27 67
65 49 33 125
65 56 58 251
65 58 46 51
65 61 37 247
65 63 19 43
65 72 52 14
65 73 1 181
65 74 55 85
66 15 22 15
66 16 49 209
66 19 2 82
66 31 9 78
66 37 57 286
66 46 25 103
66 60 44 94
66 69 14 132
66 71 27 151
66 73 7 153
66 76 20 124
67 1 56 1
67 3 5 237
67 12 11 109
67 17 59 98
67 19 19 82
67 20 17 65
67 21 33 39
67 22 27 237
67 28 7 23
67 40 13 275
67 52 37 142
67 60 1 255
67 69 50 73
67 71 45 271
68 2 7 6
68 4 38 262
68 6 56 193
68 8 33 84
68 22 52 204
68 27 15 143
68 37 28 286
68 45 44 184
68 56 21 251
68 57 25 219
68 63 49 136
68 66 9 74
68 68 1 106
68 72 4 167
69 3 45 279
69 14 35 92
69 18 58 265
69 24 1 112
69 28 5 234
69 30 55 50
69 56 25 251
69 62 20 76
69 64 14 48
69 68 37 159
69 72 7 167
69 77 10 53
70 17 58 210
70 21 8 39
70 25 55 107
70 29 40 26
70 30 27 50
70 56 34 229
70 60 46 255
70 62 50 221
70 63 13 136
70 65 3 119
70 72 37 14
70 76 32 198
70 77 25 53
71 3 19 279
71 13 51 269
71 23 15 201
71 29 8 223
71 40 37 30
71 42 2 5
71 45 55 184
71 46 28 3
71 58 4 177
71 59 13 81
71 63 22 136
71 68 11 159
71 69 33 47
71 71 45 123
72 3 37 237
72 13 49 164
72 15 57 171
72 22 16 204
72 24 21 295
72 42 53 67
72 49 25 191
72 52 33 24
72 57 8 14
72 65 3 116
72 68 31 106
72 74 43 85
72 79 46 252
73 2 49 96
73 3 3 279
73 13 21 176
73 14 14 222
73 16 51 209
73 19 56 65
73 20 31 282
73 25 11 107
73 36 16 238
73 43 26 214
73 44 46 241
73 59 5 169
73 63 34 236
73 69 7 236
74 7 20 274
74 12 17 109
74 15 52 171
74 28 26 23
74 30 14 25
74 36 55 238
74 42 1 67
74 44 4 241
74 51 39 15
74 60 8 250
74 64 28 13
74 66 43 246
74 68 34 106
74 72 31 281
75 7 37 274
75 11 49 35
75 14 25 222
75 17 34 98
75 21 31 39
75 26 1 298
75 38 27 230
75 42 11 5
75 43 16 214
75 44 4 16
75 58 8 51
75 63 55 227
75 71 43 151
75 77 20 53
75 78 13 69
76 2 35 6
76 5 7 115
76 6 49 134
76 19 27 178
76 20 41 282
76 40 37 233
76 43 45 203
76 45 19 184
76 46 5 74
76 50 57 122
76 60 1 94
76 62 31 76
76 67 11 58
76 76 15 124
77 2 22 6
77 3 15 228
77 11 1 35
77 12 29 109
77 34 25 1
77 37 34 172
77 41 17 245
77 49 7 191
77 57 19 219
77 63 46 80
77 64 13 13
77 76 43 124
77 77 55 4
77 80 49 240
78 7 7 274
78 11 56 43
78 17 38 98
78 22 34 204
78 24 26 216
78 25 47 107
78 33 43 294
78 37 13 46
78 38 49 145
78 44 31 16
78 57 16 219
78 61 22 247
78 69 2 185
78 73 11 181
79 6 32 130
79 21 29 95
79 22 52 77
79 31 22 287
79 32 37 291
79 37 49 286
79 40 3 21
79 47 20 228
79 50 13 236
79 51 45 52
79 55 8 239
79 65 17 294
79 66 55 246
79 71 25 271
79 75 40 7
80 3 7 228
80 6 2 47
80 8 49 130
80 9 25 65
80 11 37 44
80 22 22 204
80 34 17 9
80 37 55 62
80 38 9 145
80 43 19 214
80 58 28 177
80 64 59 24
80 71 32 41
80 75 14 7
80 80 44 117
81 4 9 289
81 6 27 134
81 9 58 92
81 18 7 265
81 20 17 282
81 22 49 204
81 34 52 9
81 40 13 233
81 50 3 173
81 57 43 234
81 72 55 14
81 76 19 295
81 79 34 252
82 5 3 115
82 20 29 282
82 29 8 242
82 34 1 9
82 36 31 238
82 38 25 174
82 39 55 17
82 55 37 18
82 56 34 37
82 60 15 166
82 65 58 119
82 68 45 106
82 70 50 59
83 10 8 140
83 13 20 269
83 19 32 70
83 20 3 282
83 26 49 298
83 28 29 234
83 34 27 9
83 49 39 125
83 57 55 162
83 63 13 264
83 64 44 13
83 68 47 106
84 8 4 130
84 34 55 9
84 38 57 174
84 40 31 232
84 41 49 245
84 47 13 189
84 48 7 133
84 50 25 273
84 63 51 80
84 67 1 299
84 69 39 132
84 71 21 151
85 11 9 35
85 14 25 92
85 17 34 210
85 23 3 22
85 35 43 135
85 43 13 214
85 57 49 162
85 59 27 259
85 66 20 144
85 67 7 46
85 68 31 159
85 71 55 123
85 73 37 153
86 10 26 140
86 11 33 35
86 31 37 78
86 32 43 291
86 39 7 17
86 42 13 78
86 57 58 255
86 63 19 80
86 66 1 183
86 72 49 249
86 74 22 85
86 76 5 295
86 77 40 145
87 6 37 130
87 17 29 210
87 20 34 298
87 22 22 77
87 24 51 216
87 29 19 242
87 32 46 291
87 34 3 9
87 41 27 245
87 42 5 78
87 50 9 273
87 51 13 52
87 61 43 247
87 72 56 281
87 76 49 124
88 3 3 237
88 21 7 95
88 25 23 107
88 29 25 26
88 33 13 294
88 35 17 135
88 40 9 275
88 49 56 125
88 55 19 73
88 56 49 251
88 63 46 136
88 69 38 185
88 71 31 271
89 3 23 279
89 6 51 193
89 14 25 126
89 16 37 209
89 24 7 295
89 38 27 71
89 41 5 54
89 44 40 49
89 47 47 189
89 48 1 64
89 63 34 80
89 66 14 45
89 67 31 46
89 75 43 280
89 80 55 90
90 2 25 96
90 11 21 260
90 19 37 178
90 28 13 234
90 35 49 135
90 39 16 17
90 43 34 214
90 49 51 268
90 60 58 94
90 67 11 299
90 68 56 180
90 69 2 43
90 72 45 249
90 75 8 280
90 78 28 69
91 20 10 282
91 21 1 202
91 23 37 20
91 26 41 163
91 31 43 287
91 35 21 135
91 37 52 62
91 46 7 74
91 56 58 229
91 63 26 80
91 68 13 106
91 71 3 123
91 72 34 167
92 4 58 289
92 8 8 84
92 11 19 192
92 12 55 109
92 28 29 23
92 31 1 287
92 33 49 83
92 42 5 225
92 46 27 103
92 47 41 285
92 60 44 250
92 63 34 264
92 71 13 207
93 4 34 120
93 6 56 34
93 18 49 211
93 20 22 282
93 21 51 202
93 26 37 163
93 34 15 9
93 37 9 286
93 38 2 71
93 42 17 225
93 47 45 189
93 52 25 236
93 59 29 75
93 63 39 80
94 4 16 289
94 11 39 260
94 23 25 20
94 28 37 234
94 41 56 245
94 42 1 225
94 45 7 132
94 58 34 51
94 65 29 116
94 69 45 132
94 71 3 151
94 72 31 167
94 73 11 153
94 75 22 280
95 9 10 141
95 11 51 192
95 16 39 209
95 20 14 282
95 28 19 23
95 32 1 291
95 42 4 67
95 44 56 16
95 46 17 103
95 47 49 189
95 50 21 173
95 56 43 251
95 60 25 94
95 73 28 181
95 79 7 252
96 19 37 70
96 22 58 77
96 24 25 112
96 27 31 139
96 32 22 291
96 41 15 245
96 42 29 225
96 55 45 18
96 59 43 169
96 63 1 136
96 69 7 47
96 73 5 153
96 76 52 196
97 3 40 279
97 11 25 35
97 14 1 222
97 18 3 211
97 19 9 65
97 23 32 22
97 37 19 46
97 41 53 245
97 44 16 49
97 50 49 273
97 59 37 259
97 60 22 94
97 62 44 96
97 74 13 85
98 20 27 282
98 42 25 225
98 43 40 214
98 45 21 132
98 49 31 191
98 51 9 171
98 54 46 56
98 62 3 76
98 69 49 236
98 71 13 271
98 77 59 145
98 80 55 25
99 1 7 1
99 2 46 6
99 3 29 279
99 4 40 289
99 15 16 66
99 34 10 9
99 43 19 27
99 48 31 19
99 49 51 188
99 53 5 231
99 54 1 56
99 60 55 250
99 63 43 264
99 66 25 182
100 5 56 115
100 6 45 130
100 17 43 98
100 24 8 190
100 26 49 147
100 31 39 78
100 33 2 83
100 37 26 62
100 40 21 275
100 48 51 19
100 52 15 24
100 53 13 102
100 58 31 51
100 78 41 69
101 2 1 74
101 11 37 192
101 17 44 210
101 28 41 234
101 32 28 291
101 33 13 83
101 40 21 233
101 41 57 54
101 44 33 241
101 54 25 56
101 57 49 219
101 66 8 269
101 68 4 106
101 73 31 153
101 79 52 252
102 11 49 260
102 14 15 3
102 24 8 112
102 31 55 78
102 37 1 286
102 41 5 245
102 44 58 225
102 57 31 162
102 71 25 41
102 74 40 85
102 76 17 124
102 80 21 25
103 2 52 74
103 7 25 274
103 16 31 209
103 19 55 82
103 35 41 135
103 43 4 214
103 44 10 49
103 46 7 3
103 53 59 102
103 58 43 51
103 62 37 194
103 75 46 280
103 78 15 69
104 2 14 6
104 4 22 262
104 5 32 115
104 18 29 211
104 21 56 39
104 22 38 77
104 26 11 298
104 31 5 147
104 43 50 27
104 49 45 125
104 56 26 229
104 63 16 264
105 3 47 228
105 7 13 274
105 15 34 15
105 25 31 279
105 28 23 234
105 34 21 9
105 36 4 238
105 37 58 62
105 45 37 282
105 55 8 73
105 62 49 76
105 65 26 116
106 7 50 274
106 11 13 35
106 12 33 109
106 16 29 209
106 21 47 95
106 26 31 147
106 28 9 23
106 33 57 294
106 34 41 9
106 43 43 243
106 48 1 133
106 51 25 288
106 65 39 294
107 4 13 262
107 12 5 109
107 17 40 98
107 20 33 282
107 33 1 264
107 35 53 135
107 40 21 79
107 47 37 189
107 52 8 89
107 63 46 264
107 65 19 116
107 66 49 183
107 75 26 235
107 80 55 5
108 9 40 92
108 24 55 295
108 25 2 152
108 40 33 233
108 47 22 127
108 49 15 191
108 50 45 273
108 55 26 142
108 57 4 162
108 58 52 51
108 66 7 183
108 75 49 280
109 18 13 265
109 19 49 70
109 23 19 197
109 24 57 190
109 27 15 285
109 36 34 238
109 38 2 230
109 42 44 67
109 43 46 48
109 47 31 127
109 48 7 64
109 58 25 51
109 73 23 153
109 80 39 117
110 2 1 96
110 6 7 147
110 9 49 92
110 24 38 295
110 26 53 147
110 38 21 230
110 40 27 30
110 46 3 74
110 47 57 38
110 48 32 64
110 74 16 85
110 76 45 295
111 13 31 164
111 18 1 211
111 20 17 298
111 25 13 107
111 32 40 291
111 40 49 30
111 44 8 241
111 52 26 24
111 53 11 102
111 55 44 68
111 61 58 247
111 62 21 194
111 65 38 119
111 67 4 46
112 18 26 211
112 20 51 282
112 24 3 216
112 31 57 147
112 36 46 238
112 42 19 67
112 43 43 27
112 51 8 300
112 59 28 169
112 65 41 119
112 71 14 151
112 72 22 167
113 2 21 96
113 4 58 262
113 5 49 115
113 9 55 141
113 12 9 109
113 14 23 222
113 21 53 182
113 32 4 291
113 33 44 88
113 45 14 184
113 51 25 171
113 55 33 18
113 56 40 251
113 75 37 235
114 2 40 96
114 6 45 202
114 8 16 84
114 11 31 260
114 13 8 164
114 19 25 122
114 32 52 291
114 34 50 9
114 43 13 203
114 44 22 16
114 48 55 64
114 50 3 122
114 60 37 250
114 65 1 116
114 67 20 58
115 25 32 107
115 27 44 139
115 45 38 283
115 47 28 189
115 52 51 24
115 53 3 231
115 54 22 56
115 56 16 229
115 58 58 51
115 64 8 13
115 74 25 85
115 75 13 280
115 77 1 145
116 2 4 6
116 6 14 202
116 9 50 141
116 11 19 18
116 17 1 210
116 40 9 30
116 58 57 177
116 62 45 76
116 67 7 246
116 72 40 249
116 75 32 7
117 11 15 260
117 19 26 82
117 43 51 203
117 46 41 103
117 51 1 171
117 59 5 259
117 60 37 255
117 65 7 294
117 70 9 59
117 71 19 123
117 72 32 14
118 4 52 262
118 6 20 130
118 14 46 222
118 37 49 62
118 38 8 152
118 42 37 67
118 45 39 187
118 50 15 173
118 53 1 231
118 55 55 278
118 57 26 255
118 62 3 287
118 72 33 249
119 6 25 193
119 12 31 109
119 25 35 107
119 33 57 83
119 37 52 286
119 40 37 275
119 41 50 54
119 51 15 159
119 63 9 227
119 66 19 183
119 67 1 46
119 69 3 227
119 76 47 295
120 1 13 1
120 2 3 96
120 13 49 180
120 21 27 95
120 32 34 291
120 35 29 135
120 38 44 71
120 42 56 67
120 44 19 49
120 50 38 65
120 51 7 159
120 68 58 106
120 78 53 69
121 8 38 84
121 22 9 204
121 25 41 107
121 26 25 163
121 29 55 242
121 35 5 135
121 57 20 162
121 60 49 166
121 68 43 106
121 69 31 227
121 73 27 153
121 80 13 240
122 2 31 6
122 28 58 234
122 41 53 54
122 42 23 5
122 43 1 203
122 45 25 184
122 46 4 103
122 59 10 81
122 65 51 119
122 67 46 299
122 73 49 153
122 74 34 85
122 77 40 53
123 1 10 1
123 9 52 65
123 15 19 171
123 17 22 210
123 18 45 265
123 28 2 234
123 29 39 242
123 32 16 291
123 33 27 294
123 45 31 283
123 57 7 221
123 67 4 58
123 73 43 153
123 76 35 124
124 3 25 237
124 13 27 205
124 15 16 15
124 16 9 209
124 17 32 210
124 34 43 9
124 42 13 67
124 45 2 132
124 50 20 273
124 51 57 159
124 64 41 13
124 71 45 207
125 8 56 84
125 9 27 92
125 13 13 176
125 18 21 265
125 20 17 281
125 42 5 5
125 43 31 214
125 45 8 184
125 52 38 54
125 63 2 80
125 72 51 167
125 74 46 85
126 8 25 84
126 14 11 92
126 17 37 210
126 26 7 163
126 31 52 78
126 34 13 9
126 48 56 133
126 52 2 24
126 56 16 37
126 66 39 144
126 75 32 280
126 76 21 198
127 3 1 279
127 6 39 193
127 23 56 22
127 34 45 9
127 41 47 245
127 43 14 27
127 51 51 300
127 56 34 251
127 58 4 51
127 68 19 159
127 72 22 249
128 6 57 202
128 11 51 239
128 17 55 210
128 32 25 291
128 43 37 214
128 47 40 38
128 49 3 188
128 51 45 288
128 56 10 251
128 60 32 166
128 64 23 24
128 72 19 167
128 76 43 295
129 4 49 289
129 11 56 260
129 13 3 205
129 19 13 122
129 22 31 77
129 25 1 107
129 26 52 298
129 48 8 19
129 51 37 288
129 52 21 54
129 53 35 231
129 62 45 63
129 80 27 117
130 6 7 202
130 14 5 92
130 16 17 209
130 24 37 216
130 25 59 107
130 27 25 139
130 38 31 230
130 41 19 245
130 46 2 103
130 50 45 122
130 54 52 56
130 57 14 162
130 72 21 28
130 73 56 181
131 4 25 250
131 23 31 197
131 24 13 295
131 25 53 107
131 28 55 234
131 30 29 50
131 35 9 135
131 38 57 258
131 41 23 245
131 46 35 74
131 52 43 54
131 59 51 81
131 62 1 157
131 72 37 249
131 75 19 280
132 3 7 237
132 6 9 170
132 8 4 84
132 23 13 197
132 33 26 264
132 39 40 17
132 42 47 225
132 47 1 189
132 48 31 133
132 57 44 14
132 59 20 259
132 79 49 252
132 80 55 23
133 9 13 141
133 15 4 66
133 17 49 210
133 20 28 298
133 29 44 26
133 38 8 258
133 40 31 79
133 46 59 3
133 49 55 188
133 54 19 56
133 71 51 151
133 76 23 124
133 78 39 69
134 5 39 115
134 16 4 209
134 18 23 206
134 20 21 298
134 22 46 77
134 25 37 107
134 30 19 25
134 35 7 135
134 37 32 286
134 59 9 75
134 63 1 87
134 71 14 123
134 72 43 167
134 78 59 69
135 6 43 193
135 8 7 130
135 12 20 109
135 27 1 79
135 31 10 287
135 37 14 286
135 45 56 282
135 51 38 300
135 55 33 239
135 64 23 13
135 65 17 116
135 66 49 45
135 75 27 7
136 2 26 6
136 3 17 228
136 13 44 164
136 17 1 98
136 22 13 204
136 37 9 172
136 43 19 243
136 48 51 64
136 54 40 56
136 55 55 142
136 65 32 116
136 77 7 145
137 12 43 109
137 16 20 209
137 20 45 298
137 23 13 22
137 25 33 279
137 27 49 139
137 48 25 133
137 55 8 278
137 59 47 81
137 65 31 119
137 72 1 14
137 73 29 153
138 3 52 279
138 11 31 44
138 13 21 164
138 19 44 178
138 28 7 234
138 30 11 25
138 32 49 291
138 34 19 9
138 41 15 54
138 42 35 225
138 51 2 288
138 52 38 88
138 55 57 18
138 66 27 114
138 76 17 83
139 6 27 202
139 7 44 274
139 9 34 43
139 24 13 190
139 44 21 241
139 49 7 125
139 50 39 122
139 52 1 142
139 56 57 37
139 57 49 255
139 58 52 198
139 59 31 259
139 65 5 116
139 78 11 69
140 11 9 192
140 15 44 66
140 16 47 209
140 21 41 39
140 22 13 77
140 23 27 22
140 26 34 163
140 31 19 78
140 33 49 88
140 43 16 203
140 46 32 103
140 51 37 4
140 52 2 89
140 65 23 119
140 79 55 252
141 1 1 1
141 14 8 126
141 19 14 82
141 24 50 295
141 26 47 298
141 39 25 17
141 46 58 103
141 56 4 251
141 60 55 166
141 68 29 180
141 69 37 43
141 71 31 151
141 73 41 181
141 80 20 90
142 2 33 6
142 6 50 34
142 10 19 140
142 11 44 192
142 12 25 109
142 18 40 265
142 26 9 163
142 28 17 23
142 31 1 78
142 41 59 245
142 50 3 273
142 57 28 14
142 66 13 144
143 1 34 1
143 2 1 6
143 9 16 141
143 19 50 178
143 20 9 298
143 22 31 204
143 29 43 242
143 30 46 50
143 38 19 174
143 48 37 133
143 58 13 148
143 71 3 207
143 80 55 117
144 4 13 289
144 12 49 109
144 15 2 15
144 16 7 209
144 30 11 50
144 31 22 78
144 40 51 233
144 43 16 243
144 51 25 159
144 56 19 229
144 65 33 119
144 70 43 59
144 77 55 145
144 80 38 240
145 4 32 289
145 37 16 62
145 38 56 152
145 40 21 30
145 45 2 184
145 47 43 189
145 48 45 224
145 56 52 251
145 58 39 51
145 60 28 94
145 61 49 247
145 65 19 119
145 74 7 85
146 2 38 96
146 11 14 44
146 15 10 66
146 19 31 178
146 29 7 26
146 31 20 147
146 43 25 243
146 45 49 132
146 47 41 50
146 61 28 247
146 62 56 76
146 71 2 285
146 75 44 235
147 14 19 222
147 22 26 204
147 29 1 26
147 32 55 291
147 38 7 174
147 45 31 132
147 46 21 103
147 49 37 191
147 56 51 229
147 59 11 75
147 64 49 13
147 69 45 236
147 78 35 69
148 6 14 134
148 8 21 281
148 12 47 109
148 19 1 70
148 31 26 78
148 41 40 245
148 43 28 243
148 45 31 187
148 46 43 103
148 47 59 50
148 48 50 133
148 51 8 288
148 71 55 41
148 75 37 267
149 6 39 147
149 8 52 281
149 28 3 23
149 39 49 17
149 45 21 187
149 48 45 218
149 53 19 102
149 55 15 278
149 60 55 94
149 63 28 136
149 66 33 183
149 72 7 249
150 1 49 1
150 11 45 43
150 21 52 95
150 27 1 139
150 34 25 9
150 45 57 187
150 47 19 189
150 49 13 126
150 55 38 278
150 64 31 24
150 65 7 116
150 66 27 244
150 73 5 181
151 3 58 279
151 4 37 289
151 9 2 141
151 15 19 15
151 20 5 282
151 26 56 163
151 37 40 286
151 42 50 225
151 48 45 64
151 50 25 28
151 51 8 4
151 55 33 73
151 61 13 247
152 4 22 289
152 11 39 35
152 18 7 206
152 27 31 143
152 33 13 65
152 35 45 135
152 38 51 71
152 48 1 224
152 53 49 231
152 54 28 56
152 66 56 244
152 72 10 167
152 77 43 145
153 13 44 176
153 18 2 206
153 19 26 70
153 33 9 294
153 40 31 21
153 42 13 225
153 43 22 27
153 44 19 225
153 46 50 103
153 48 56 19
153 58 4 148
153 60 15 250
153 69 38 227
153 73 52 181
154 9 10 44
154 18 33 211
154 20 8 282
154 24 44 190
154 31 37 147
154 40 56 232
154 48 19 19
154 51 51 159
154 55 26 18
154 57 39 221
154 58 13 177
154 66 1 244
154 68 5 159
155 1 27 1
155 26 41 298
155 31 51 147
155 37 43 172
155 44 14 241
155 46 46 103
155 47 55 127
155 50 32 122
155 51 2 4
155 53 53 102
155 65 8 119
155 68 38 106
155 69 19 236
155 78 57 69
156 3 17 279
156 9 20 92
156 17 13 98
156 18 58 211
156 20 34 281
156 21 4 95
156 25 25 279
156 26 53 163
156 32 31 291
156 44 50 241
156 50 37 273
156 60 10 94
156 67 15 58
156 80 27 240
157 22 49 77
157 28 22 23
157 33 7 83
157 47 55 189
157 48 25 19
157 52 37 89
157 55 43 239
157 57 32 219
157 72 13 167
157 75 52 280
157 76 41 124
157 77 5 145
157 78 3 69
158 13 39 258
158 23 14 20
158 24 33 190
158 28 37 23
158 33 50 294
158 34 31 9
158 38 3 174
158 44 25 241
158 48 43 19
158 59 1 75
158 63 9 80
158 64 47 13
158 71 55 151
158 79 22 252
159 22 44 204
159 38 25 258
159 53 33 231
159 60 58 250
159 62 14 76
159 64 5 13
159 66 9 114
159 71 51 271
159 72 40 14
159 73 31 181
159 75 1 267
159 77 7 53
160 3 28 228
160 6 37 202
160 8 4 88
160 15 31 171
160 19 51 82
160 20 17 73
160 40 8 232
160 42 21 67
160 43 1 27
160 44 55 219
160 45 13 187
160 72 58 249
160 80 43 240
161 6 31 202
161 13 38 205
161 15 49 171
161 17 52 98
161 24 20 190
161 25 28 107
161 27 2 40
161 28 15 234
161 33 7 281
161 46 11 3
161 50 55 273
161 52 43 24
161 59 25 259
162 6 15 147
162 18 33 265
162 20 35 282
162 21 37 39
162 26 43 163
162 28 45 23
162 36 58 238
162 37 25 46
162 38 39 230
162 42 11 67
162 55 49 278
162 66 2 114
162 69 19 227
162 78 7 69
163 3 11 279
163 4 4 289
163 9 7 141
163 13 45 258
163 25 43 107
163 38 50 174
163 41 13 245
163 43 26 203
163 45 37 184
163 53 56 231
163 54 31 56
163 72 16 167
163 75 20 235
163 77 2 53
164 9 22 141
164 13 33 176
164 21 2 95
164 23 7 197
164 24 56 112
164 26 47 163
164 32 19 291
164 34 39 9
164 41 37 245
164 46 4 3
164 63 52 136
164 67 16 299
164 68 11 180
164 71 25 285
165 6 1 193
165 20 31 73
165 27 19 143
165 30 8 25
165 34 23 9
165 39 34 17
165 44 27 16
165 47 10 189
165 54 37 56
165 55 44 93
165 67 56 299
165 68 16 106
166 8 1 281
166 9 58 141
166 18 13 211
166 24 20 216
166 39 43 17
166 48 49 224
166 52 15 89
166 57 39 162
166 67 8 58
166 72 10 249
166 74 28 85
166 80 31 117
167 4 52 289
167 6 39 134
167 9 28 65
167 13 20 258
167 20 5 73
167 35 31 135
167 46 26 3
167 51 33 159
167 57 10 162
167 60 49 250
167 62 55 194
167 76 1 124
167 78 47 69
168 2 19 6
168 14 4 126
168 17 10 210
168 20 37 298
168 22 25 77
168 27 56 139
168 35 15 135
168 46 29 103
168 53 7 38
168 57 43 162
168 66 31 244
168 68 52 106
169 3 1 228
169 11 13 43
169 15 34 171
169 26 3 298
169 28 53 23
169 38 39 152
169 43 31 203
169 46 8 103
169 49 25 188
169 52 21 89
169 57 44 221
169 59 37 75
169 67 5 299
169 77 55 268
170 4 1 289
170 11 57 35
170 14 31 222
170 18 35 265
170 20 7 298
170 22 43 77
170 25 25 107
170 33 19 264
170 35 47 135
170 37 37 62
170 47 33 189
170 55 9 18
170 63 4 136
170 67 15 120
170 68 13 159
171 1 37 1
171 9 8 92
171 12 27 109
171 14 58 288
171 16 41 209
171 26 1 163
171 42 23 67
171 46 52 103
171 48 15 133
171 62 45 194
171 65 11 116
171 66 3 45
171 67 19 299
171 80 33 23
172 19 37 82
172 28 49 234
172 29 4 26
172 38 19 71
172 42 47 67
172 43 57 203
172 49 43 191
172 56 8 37
172 59 23 75
172 61 34 247
172 67 55 58
172 70 15 59
172 72 1 167
173 8 13 84
173 19 19 178
173 28 17 234
173 29 37 26
173 38 50 152
173 42 34 67
173 45 57 283
173 60 3 250
173 63 31 264
173 68 9 106
173 69 25 185
173 76 45 124
173 77 1 268
174 2 17 6
174 4 44 289
174 13 3 164
174 18 23 265
174 19 9 70
174 20 25 298
174 21 1 182
174 27 19 224
174 30 47 25
174 31 35 78
174 38 51 230
174 47 40 189
174 58 28 148
174 65 13 119
175 4 16 262
175 8 1 84
175 17 23 98
175 35 19 135
175 38 49 258
175 49 32 126
175 53 43 231
175 58 55 51
175 59 40 259
175 60 4 166
175 63 13 80
175 74 37 85
175 76 7 124
175 78 45 69
176 14 52 126
176 21 45 39
176 28 1 23
176 31 55 287
176 41 29 245
176 53 14 231
176 54 7 56
176 56 31 229
176 64 25 13
176 75 10 7
176 77 21 145
176 80 3 240
177 4 7 262
177 9 28 141
177 13 21 205
177 14 5 222
177 22 2 204
177 24 33 295
177 40 51 232
177 42 31 225
177 43 39 203
177 50 44 65
177 57 57 221
177 68 49 159
177 69 14 185
177 76 11 83
178 3 27 279
178 9 32 141
178 17 16 210
178 20 11 281
178 22 55 77
178 45 51 283
178 46 2 3
178 56 13 229
178 57 4 219
178 60 58 166
178 65 29 119
178 71 38 123
178 78 22 69
179 9 32 92
179 11 50 43
179 17 15 98
179 21 21 182
179 31 59 78
179 38 27 152
179 41 43 245
179 42 3 225
179 56 7 251
179 62 55 63
179 63 10 136
179 64 1 48
179 72 39 167
179 73 17 153
180 2 55 96
180 6 50 170
180 10 2 140
180 20 19 282
180 23 38 22
180 24 15 112
180 26 58 163
180 28 10 234
180 37 44 286
180 53 25 38
180 66 21 244
180 72 7 28
180 77 32 145
180 80 27 5
181 12 3 109
181 14 41 222
181 22 10 77
181 26 13 147
181 28 53 234
181 30 15 50
181 47 35 228
181 55 20 239
181 56 25 190
181 63 38 136
181 68 29 159
181 76 59 295
181 77 33 53
182 2 11 6
182 4 49 53
182 24 1 295
182 30 7 50
182 44 52 225
182 46 15 103
182 47 22 189
182 49 56 191
182 51 32 300
182 53 9 102
182 57 26 162
182 60 19 250
182 64 39 13
182 71 44 285
182 73 13 153
183 4 28 262
183 8 49 84
183 12 7 109
183 17 25 210
183 19 31 82
183 20 59 73
183 22 3 77
183 29 38 223
183 34 35 9
183 37 21 286
183 38 45 152
183 39 13 17
183 42 9 67
183 64 41 24
183 71 55 271
184 6 55 130
184 16 33 209
184 23 8 201
184 29 28 26
184 31 17 78
184 38 13 258
184 51 21 159
184 57 4 221
184 60 25 256
184 62 51 63
184 66 44 144
184 71 38 271
184 76 35 83
185 8 1 147
185 13 14 164
185 33 31 294
185 42 59 5
185 52 37 24
185 55 49 18
185 56 46 251
185 61 25 247
185 62 20 157
185 66 55 183
185 67 44 299
185 71 9 271
185 76 4 124
186 10 56 140
186 12 35 109
186 22 10 237
186 23 1 197
186 31 41 78
186 34 8 9
186 36 25 238
186 42 51 67
186 43 28 27
186 50 37 236
186 51 20 288
186 60 44 166
186 63 31 136
186 65 14 116
187 9 9 43
187 19 19 70
187 40 13 30
187 43 25 27
187 45 43 283
187 47 52 189
187 53 5 38
187 56 55 229
187 63 58 136
187 67 34 299
187 75 2 280
187 76 47 124
187 78 49 69
188 2 7 96
188 9 46 92
188 15 1 66
188 25 13 152
188 33 20 294
188 43 57 27
188 45 49 184
188 48 15 224
188 49 9 166
188 50 38 173
188 59 53 259
188 76 55 124
188 78 31 69
189 3 50 279
189 14 3 222
189 27 39 139
189 37 46 62
189 40 55 233
189 43 22 243
189 47 11 127
189 52 26 89
189 57 14 221
189 67 33 58
189 73 19 66
189 76 9 124
189 78 1 69
190 2 44 6
190 4 32 262
190 6 8 134
190 13 13 205
190 18 5 211
190 23 50 20
190 46 41 74
190 53 23 102
190 57 20 221
190 58 1 51
190 63 56 80
190 72 25 167
191 1 45 1
191 2 11 96
191 6 33 193
191 8 25 147
191 26 31 163
191 27 20 139
191 40 51 21
191 48 15 64
191 66 7 45
191 71 37 41
191 75 2 7
191 79 28 252
192 3 41 228
192 8 4 281
192 13 37 176
192 24 26 295
192 25 8 107
192 34 11 216
192 35 56 135
192 38 13 174
192 44 1 241
192 53 20 231
192 58 50 177
192 69 44 227
192 77 23 53
192 80 32 90
193 3 15 279
193 5 20 115
193 8 46 281
193 12 57 109
193 35 51 135
193 37 4 172
193 42 49 67
193 49 25 166
193 53 29 38
193 59 44 81
193 60 33 94
193 68 2 180
193 75 8 267
194 8 16 130
194 15 55 66
194 19 9 178
194 20 47 282
194 35 23 135
194 37 37 286
194 40 26 233
194 51 1 159
194 64 20 13
194 65 40 116
194 66 43 114
194 71 33 207
194 73 53 153
194 76 51 124
195 12 53 109
195 16 15 209
195 17 5 98
195 20 58 298
195 29 49 26
195 31 7 78
195 35 35 135
195 51 44 159
195 59 41 81
195 60 1 166
195 63 19 136
195 67 22 58
196 16 55 209
196 17 5 210
196 19 49 122
196 25 19 107
196 26 16 163
196 29 13 242
196 40 25 232
196 41 11 245
196 48 1 19
196 51 21 52
196 59 8 259
196 68 29 106
196 73 44 181
197 17 49 98
197 24 19 261
197 38 14 230
197 43 31 27
197 44 55 241
197 46 38 103
197 53 35 102
197 55 44 134
197 69 25 73
197 72 2 249
197 74 52 85
197 77 7 219
197 79 58 252
198 3 35 279
198 14 56 222
198 18 11 211
198 20 1 282
198 29 52 242
198 35 39 135
198 38 45 174
198 42 16 67
198 46 19 103
198 47 4 189
198 55 21 142
198 57 32 221
198 68 7 106
199 8 13 130
199 10 43 140
199 17 7 98
199 21 11 39
199 36 52 238
199 37 4 286
199 44 31 49
199 48 38 224
199 52 56 192
199 58 22 148
199 60 16 94
199 63 34 136
199 66 26 144
199 74 49 85
199 75 1 235
200 3 3 228
200 5 25 115
200 6 7 193
200 14 1 126
200 17 11 98
200 22 56 237
200 37 19 172
200 39 37 17
200 41 45 245
200 51 32 52
200 59 13 259
200 64 15 13
Điểm tối ưu: 2690
Thời gian: 360.133593 giây
Trạng thái: VALID
