3946
1 3 51 169
1 9 37 292
1 10 22 237
1 15 13 369
1 23 11 261
1 29 1 50
1 34 57 179
1 36 19 263
1 58 7 62
1 60 15 246
1 68 49 422
1 75 43 421
1 90 31 403
1 105 5 115
1 109 28 38
2 8 16 355
2 15 38 74
2 16 40 304
2 19 31 103
2 22 33 75
2 29 3 121
2 42 1 358
2 90 19 346
2 93 9 448
2 103 26 99
2 105 23 115
2 107 13 39
2 110 49 409
2 114 29 110
3 6 40 140
3 19 1 103
3 23 9 261
3 26 19 88
3 27 51 37
3 31 44 427
3 39 7 277
3 40 58 431
3 91 25 380
3 94 55 264
3 99 13 329
3 102 3 440
3 109 31 353
4 1 43 1
4 2 4 193
4 5 34 147
4 9 7 319
4 25 38 150
4 27 25 37
4 35 16 265
4 42 55 358
4 51 31 377
4 60 13 157
4 77 27 5
4 100 21 229
4 115 1 287
5 9 13 21
5 10 56 252
5 21 22 187
5 28 20 233
5 32 7 371
5 46 25 73
5 48 27 408
5 60 46 342
5 61 10 89
5 73 52 320
5 74 37 418
5 94 50 264
5 120 4 305
6 4 58 382
6 39 4 277
6 43 1 318
6 45 19 370
6 48 7 411
6 60 34 157
6 73 45 188
6 93 43 448
6 95 31 316
6 105 11 115
6 107 21 39
6 111 13 436
6 116 25 225
7 8 23 202
7 32 43 117
7 44 5 376
7 45 25 258
7 52 47 450
7 55 49 36
7 63 34 202
7 70 55 111
7 80 28 223
7 82 37 34
7 84 7 416
7 115 1 322
8 2 15 193
8 9 19 400
8 11 8 214
8 41 25 230
8 42 33 358
8 67 47 61
8 69 59 211
8 71 55 9
8 74 49 194
8 80 37 223
8 82 43 34
8 105 13 71
8 113 17 148
8 119 1 14
9 11 31 144
9 19 11 103
9 35 13 265
9 37 28 44
9 40 1 6
9 42 9 358
9 58 19 68
9 71 43 439
9 73 40 188
9 76 16 48
9 95 7 316
9 112 52 417
9 119 55 14
10 2 46 193
10 6 19 140
10 16 10 428
10 37 22 96
10 41 37 399
10 43 40 235
10 49 28 182
10 77 1 104
10 82 13 349
10 87 25 239
10 89 7 431
10 91 49 330
10 102 31 180
10 109 4 353
11 7 31 317
11 8 3 355
11 15 37 369
11 36 29 375
11 44 1 80
11 50 19 213
11 61 52 138
11 85 11 52
11 86 7 93
11 91 25 190
11 101 13 381
11 104 43 432
11 108 16 227
11 112 22 417
12 2 19 193
12 6 37 241
12 18 1 73
12 48 25 411
12 56 16 390
12 57 49 45
12 83 27 257
12 85 34 340
12 89 4 161
12 101 31 4
12 106 13 171
12 110 58 409
12 115 10 287
13 3 27 169
13 6 10 140
13 7 43 317
13 33 13 122
13 65 1 288
13 66 49 276
13 68 7 342
13 69 37 211
13 81 19 434
13 82 31 197
13 94 23 264
13 99 55 329
13 104 39 97
13 107 25 39
14 3 25 376
14 14 13 401
14 20 40 124
14 22 57 75
14 23 7 261
14 48 55 411
14 50 49 213
14 52 31 450
14 62 33 195
14 69 43 211
14 92 46 32
14 99 20 329
14 108 4 227
14 120 1 26
15 14 25 33
15 29 16 143
15 31 1 427
15 32 52 117
15 34 33 234
15 41 49 399
15 47 47 256
15 56 13 410
15 61 40 89
15 67 31 61
15 98 19 374
15 100 9 422
15 112 43 308
15 113 55 162
16 17 26 226
16 26 40 291
16 29 37 121
16 41 43 399
16 44 17 60
16 49 34 182
16 83 1 136
16 85 15 52
16 86 49 93
16 91 7 190
16 107 23 39
17 12 3 229
17 15 15 369
17 17 7 151
17 30 11 139
17 39 53 277
17 41 34 230
17 48 58 411
17 61 49 138
17 69 21 211
17 77 31 104
17 83 37 231
17 103 28 248
17 107 17 58
17 108 55 443
18 8 28 9
18 10 52 237
18 14 55 31
18 25 38 243
18 28 1 233
18 34 45 234
18 40 22 35
18 42 47 358
18 62 5 243
18 70 3 111
18 71 14 3
18 72 8 141
18 76 25 415
18 81 31 101
18 115 19 287
19 18 10 73
19 35 7 265
19 41 16 399
19 48 37 408
19 57 13 45
19 64 25 325
19 67 23 61
19 80 43 223
19 81 31 337
19 87 39 186
19 97 19 247
19 104 27 278
19 110 1 409
19 115 4 287
19 118 51 139
20 6 55 140
20 11 7 205
20 16 43 253
20 29 4 50
20 32 1 117
20 33 49 159
20 40 33 6
20 67 11 61
20 68 21 342
20 71 38 439
20 85 31 340
20 91 13 330
20 92 26 348
20 98 58 374
20 112 46 417
21 7 52 317
21 17 1 432
21 19 43 103
21 20 22 124
21 33 25 122
21 57 15 45
21 58 7 209
21 60 19 343
21 63 49 2
21 72 37 149
21 85 41 340
21 91 45 330
21 99 31 311
21 108 56 55
22 9 1 21
22 16 19 428
22 17 33 226
22 22 25 136
22 29 13 143
22 38 29 310
22 45 16 258
22 49 10 182
22 64 5 372
22 77 43 407
22 112 22 308
22 113 31 162
22 115 7 322
23 2 23 193
23 3 45 169
23 9 25 400
23 13 49 212
23 22 19 116
23 28 43 233
23 35 34 20
23 61 57 138
23 69 55 211
23 71 37 355
23 77 5 5
23 91 13 190
23 113 10 162
24 26 1 88
24 27 39 37
24 35 28 297
24 38 17 153
24 41 10 399
24 42 5 358
24 60 25 157
24 61 19 138
24 71 31 439
24 87 37 186
24 90 13 403
24 91 43 380
24 103 7 248
24 119 49 14
24 120 22 332
25 10 46 252
25 21 7 187
25 25 51 113
25 33 13 16
25 39 57 277
25 43 34 318
25 47 19 60
25 48 22 408
25 61 1 438
25 87 17 335
25 105 11 71
25 117 25 79
26 24 57 393
26 32 25 371
26 37 21 301
26 42 29 358
26 44 17 80
26 48 19 411
26 54 37 334
26 81 1 78
26 90 43 403
26 99 13 222
26 102 49 440
26 114 59 110
26 119 32 36
26 120 8 305
27 1 13 1
27 6 3 241
27 14 55 401
27 22 31 116
27 24 1 393
27 48 43 411
27 50 10 213
27 53 19 18
27 90 25 148
27 93 29 448
27 100 37 323
27 104 46 279
27 112 7 417
27 113 17 162
28 6 43 140
28 28 56 233
28 58 1 68
28 63 13 445
28 66 7 280
28 80 58 223
28 84 25 357
28 87 52 186
28 88 29 364
28 92 16 348
28 106 37 171
28 109 31 201
28 114 41 110
28 118 21 139
29 2 5 327
29 3 51 376
29 6 10 241
29 7 37 72
29 17 55 330
29 59 13 207
29 65 43 131
29 86 19 306
29 95 7 397
29 100 1 114
29 102 25 440
29 108 34 55
29 109 40 38
30 31 49 419
30 47 35 256
30 50 40 213
30 55 21 251
30 68 29 422
30 72 13 289
30 76 19 415
30 78 31 430
30 88 17 364
30 91 57 190
30 93 3 448
30 108 37 104
31 16 13 253
31 17 55 125
31 36 5 263
31 59 49 62
31 64 9 195
31 71 19 439
31 82 1 349
31 84 37 328
31 94 45 264
31 114 7 208
31 115 34 322
31 119 25 384
32 7 22 72
32 14 9 401
32 29 19 50
32 35 52 20
32 47 59 256
32 52 7 450
32 59 1 324
32 62 5 71
32 73 25 320
32 76 31 415
32 86 13 215
32 95 43 397
32 97 33 64
32 99 38 311
33 23 29 261
33 27 3 37
33 46 22 73
33 55 56 219
33 60 37 157
33 63 46 202
33 68 13 342
33 73 25 188
33 79 7 302
33 81 31 301
33 85 35 52
33 87 19 186
33 113 1 162
33 115 15 287
34 8 31 355
34 19 45 103
34 26 10 88
34 41 1 230
34 48 4 408
34 59 37 125
34 65 56 288
34 66 19 189
34 72 13 141
34 75 7 421
34 92 52 348
34 108 27 104
34 112 49 417
34 113 43 162
35 27 1 37
35 31 7 335
35 37 31 96
35 58 51 442
35 72 38 141
35 74 43 418
35 79 19 430
35 80 25 223
35 87 23 186
35 93 49 448
35 97 3 354
35 104 13 97
35 109 34 353
35 115 16 322
36 9 31 319
36 13 2 106
36 29 49 50
36 30 7 139
36 42 19 358
36 50 58 213
36 62 29 71
36 73 22 188
36 81 25 349
36 89 52 161
36 91 38 380
36 92 13 32
36 96 43 268
36 97 9 77
36 114 17 110
37 23 15 261
37 28 5 233
37 33 19 122
37 35 7 20
37 41 52 399
37 44 13 60
37 56 31 362
37 69 23 211
37 73 1 320
37 76 57 415
37 87 27 239
37 89 10 161
37 105 17 326
37 117 25 200
38 14 45 401
38 21 34 187
38 23 13 261
38 34 5 234
38 47 51 256
38 50 16 213
38 51 37 444
38 57 55 45
38 64 41 195
38 78 58 80
38 81 25 337
38 90 7 443
38 96 1 268
38 104 19 97
39 23 31 261
39 33 55 16
39 37 16 96
39 41 46 399
39 60 8 343
39 63 4 445
39 64 37 325
39 70 1 111
39 80 22 223
39 84 26 95
39 86 49 435
39 87 35 239
39 110 19 409
40 25 31 29
40 29 37 50
40 40 25 35
40 61 28 438
40 66 13 276
40 74 7 357
40 82 49 34
40 87 41 186
40 88 35 364
40 91 3 125
40 93 1 448
40 97 43 64
40 99 19 120
40 100 55 229
41 48 7 408
41 50 55 213
41 51 9 172
41 62 3 113
41 64 17 33
41 65 49 59
41 80 19 262
41 85 1 340
41 88 13 364
41 93 33 448
41 101 22 269
41 118 15 139
41 119 25 341
42 7 19 317
42 43 55 235
42 55 49 219
42 69 17 77
42 80 31 384
42 82 13 197
42 90 7 346
42 100 37 422
42 102 43 440
42 112 34 417
42 116 1 225
42 120 22 305
43 7 7 339
43 9 13 292
43 22 43 75
43 24 5 393
43 25 1 388
43 60 50 255
43 74 19 95
43 79 37 302
43 84 55 65
43 89 34 431
43 92 31 348
43 106 10 171
43 109 28 353
43 115 25 322
44 23 43 150
44 34 23 234
44 44 5 80
44 54 7 334
44 62 11 243
44 69 2 211
44 82 19 197
44 85 58 340
44 90 14 346
44 98 26 374
44 111 39 436
44 117 37 79
44 119 49 341
44 120 28 332
45 3 37 135
45 10 34 237
45 13 7 413
45 23 41 219
45 25 51 29
45 40 13 191
45 50 31 213
45 52 3 450
45 64 1 325
45 72 19 289
45 84 43 65
45 90 55 403
45 108 25 55
45 114 5 110
46 18 7 73
46 22 21 56
46 23 31 219
46 26 43 191
46 35 4 265
46 42 37 358
46 53 14 18
46 73 39 320
46 95 47 316
46 109 58 353
46 112 1 417
46 113 19 162
47 20 19 124
47 29 7 50
47 37 49 44
47 38 29 153
47 39 31 277
47 45 41 258
47 47 17 372
47 56 37 410
47 74 43 199
47 82 25 197
47 85 11 340
47 87 55 186
47 93 5 448
47 99 13 27
47 111 52 53
48 5 28 147
48 9 51 400
48 13 19 413
48 17 37 226
48 24 31 393
48 57 41 45
48 64 11 325
48 70 44 111
48 71 56 439
48 79 33 302
48 84 1 65
48 101 13 4
48 117 9 200
49 19 51 103
49 33 37 159
49 36 13 375
49 37 10 173
49 62 21 195
49 69 27 77
49 72 56 149
49 91 31 380
49 94 8 264
49 95 5 397
49 103 2 99
49 105 46 71
49 107 41 39
49 111 43 53
49 119 15 232
50 7 43 72
50 14 31 33
50 19 53 103
50 20 46 124
50 28 17 197
50 37 13 173
50 60 25 255
50 70 9 111
50 83 1 257
50 95 35 397
50 102 19 239
50 112 28 417
50 113 39 162
51 10 9 252
51 11 37 144
51 12 7 229
51 38 56 379
51 58 31 70
51 75 13 421
51 78 43 259
51 80 16 179
51 81 25 434
51 90 1 346
51 97 19 354
51 114 49 110
51 117 23 200
51 120 46 305
52 8 11 355
52 17 55 173
52 27 5 37
52 55 50 251
52 56 8 410
52 61 40 138
52 81 25 78
52 84 13 282
52 86 31 215
52 87 17 186
52 94 3 264
52 97 43 77
52 99 20 206
53 2 5 54
53 5 16 147
53 13 49 313
53 16 27 304
53 20 13 124
53 21 19 187
53 33 37 16
53 36 3 375
53 40 43 35
53 44 11 80
53 52 25 450
53 65 7 433
53 67 23 442
53 78 46 259
53 116 31 225
54 20 31 124
54 37 22 173
54 41 13 399
54 43 34 235
54 55 37 36
54 57 3 45
54 61 16 89
54 69 20 77
54 72 55 141
54 90 8 403
54 111 46 53
55 16 4 304
55 41 1 399
55 46 44 73
55 51 37 377
55 75 49 421
55 79 55 430
55 81 31 349
55 88 7 137
55 102 25 61
55 104 19 279
55 111 9 436
56 12 3 142
56 23 5 261
56 24 59 393
56 31 13 406
56 39 31 366
56 40 44 6
56 48 34 411
56 50 25 213
56 64 17 195
56 71 49 355
56 74 7 95
56 78 19 105
56 89 55 431
56 93 39 448
57 11 7 144
57 17 13 151
57 22 1 56
57 28 22 233
57 41 58 399
57 49 49 182
57 73 52 188
57 74 43 194
57 81 31 434
57 98 17 374
57 103 19 248
57 112 55 417
57 113 35 162
58 17 55 151
58 23 51 261
58 25 37 113
58 26 28 191
58 28 41 197
58 47 2 256
58 69 9 211
58 83 15 272
58 85 13 52
58 101 43 381
58 110 34 409
58 115 31 287
59 16 14 304
59 23 3 261
59 36 28 263
59 44 56 376
59 60 25 343
59 61 10 138
59 63 7 445
59 71 31 9
59 73 19 320
59 77 22 104
59 87 43 186
59 99 45 120
59 100 49 229
59 113 5 148
60 4 19 382
60 13 15 413
60 26 22 291
60 52 1 450
60 57 5 45
60 70 31 111
60 90 25 403
60 95 33 316
60 97 37 354
60 99 7 206
60 104 43 278
60 113 13 162
60 117 11 79
61 9 49 319
61 29 31 50
61 41 55 230
61 47 25 256
61 48 9 408
61 51 16 444
61 61 1 89
61 81 37 349
61 93 47 448
61 100 19 422
61 112 58 308
61 116 43 225
61 120 4 26
62 2 37 193
62 10 10 237
62 32 22 117
62 37 44 96
62 48 29 408
62 51 40 444
62 60 3 255
62 64 19 195
62 76 27 48
62 92 31 310
62 102 13 61
62 104 7 97
62 105 1 115
63 2 9 193
63 14 25 31
63 47 49 256
63 51 4 444
63 58 31 62
63 64 7 195
63 65 13 131
63 87 29 186
63 92 39 32
63 94 37 264
63 103 19 99
63 107 17 39
63 111 22 436
63 119 51 437
64 16 10 253
64 42 7 358
64 47 15 256
64 55 19 219
64 59 31 396
64 60 46 255
64 64 23 337
64 72 55 289
64 73 49 188
64 76 35 415
64 82 1 197
64 89 43 431
64 90 37 346
65 29 34 50
65 50 37 213
65 55 1 219
65 62 17 113
65 72 25 149
65 73 58 320
65 76 9 48
65 77 7 5
65 84 43 302
65 95 15 316
65 98 53 374
65 100 49 323
65 102 20 180
66 9 1 400
66 10 43 237
66 20 7 124
66 27 11 37
66 28 17 233
66 36 23 263
66 41 31 230
66 65 19 131
66 71 25 3
66 84 37 357
66 115 13 322
67 8 17 202
67 9 45 400
67 12 21 142
67 24 7 393
67 28 3 233
67 30 55 139
67 39 43 277
67 77 9 407
67 79 25 300
67 102 13 440
67 115 31 322
68 14 45 33
68 29 16 121
68 30 23 139
68 31 49 427
68 39 14 277
68 55 26 251
68 61 34 138
68 64 11 33
68 66 1 189
68 86 19 296
68 99 37 27
68 100 55 5
68 105 9 115
69 11 26 214
69 13 8 271
69 30 3 139
69 31 55 419
69 37 52 44
69 42 50 358
69 67 41 61
69 75 46 421
69 78 34 259
69 84 13 65
69 101 22 4
69 103 38 248
69 108 43 227
70 14 49 35
70 28 11 233
70 37 55 96
70 56 22 410
70 70 35 111
70 71 13 439
70 73 19 188
70 97 37 64
70 98 31 374
70 99 26 311
70 110 8 409
70 112 4 417
70 117 17 200
71 1 1 1
71 16 34 253
71 43 40 318
71 50 43 213
71 57 7 45
71 62 17 71
71 74 9 199
71 87 25 186
71 89 14 161
71 102 19 74
71 116 49 225
71 118 5 139
72 4 40 382
72 10 52 252
72 13 1 413
72 28 50 233
72 33 25 13
72 43 7 281
72 67 17 61
72 73 46 320
72 83 55 412
72 85 59 52
72 86 13 93
72 95 21 316
72 102 33 437
72 112 10 417
73 5 1 147
73 6 46 241
73 12 7 142
73 31 19 419
73 48 31 411
73 74 37 194
73 83 13 91
73 84 33 95
73 85 9 340
73 89 50 431
73 99 55 311
73 107 5 39
73 115 28 287
74 16 49 304
74 24 21 393
74 32 16 371
74 53 7 18
74 55 55 342
74 56 37 362
74 58 1 70
74 73 13 320
74 75 25 421
74 79 45 430
74 81 31 183
74 92 40 348
74 112 52 308
75 10 13 252
75 14 19 33
75 31 1 419
75 41 7 399
75 46 49 73
75 51 10 444
75 52 5 450
75 70 53 111
75 73 37 188
75 80 34 223
75 82 25 23
75 98 23 374
75 101 16 4
75 104 46 97
76 15 10 369
76 17 38 151
76 20 1 124
76 28 27 233
76 48 19 408
76 61 43 89
76 64 35 337
76 80 7 262
76 81 13 12
76 83 55 231
76 97 31 354
76 98 46 374
76 103 22 248
76 111 4 53
76 120 52 305
77 12 37 229
77 25 25 243
77 27 31 37
77 32 55 371
77 33 51 13
77 36 23 30
77 37 34 96
77 47 39 256
77 59 13 396
77 83 19 91
77 85 47 340
77 95 1 397
77 111 44 436
77 113 3 162
77 120 7 332
78 5 19 147
78 26 13 88
78 44 3 80
78 48 27 411
78 60 40 255
78 62 35 243
78 69 57 211
78 76 33 415
78 78 49 80
78 88 55 137
78 89 7 161
78 93 45 448
78 107 10 39
78 108 16 55
78 109 52 353
79 3 19 135
79 13 7 212
79 36 5 30
79 44 3 60
79 55 15 219
79 59 37 396
79 94 13 264
79 97 44 354
79 105 11 326
79 109 25 201
79 113 57 162
79 117 1 79
80 2 7 279
80 7 9 72
80 21 13 187
80 29 26 50
80 34 21 179
80 47 5 256
80 57 57 45
80 62 19 113
80 74 31 199
80 77 3 104
80 78 39 80
80 88 1 137
80 104 16 432
81 5 4 147
81 8 21 202
81 25 38 29
81 32 49 117
81 37 52 96
81 52 19 450
81 55 26 219
81 68 15 422
81 69 13 211
81 78 55 80
81 80 10 262
81 106 1 171
81 107 34 39
82 7 28 72
82 22 7 116
82 38 11 153
82 70 40 111
82 72 20 292
82 73 31 320
82 76 1 415
82 79 13 430
82 82 43 197
82 84 49 328
82 95 35 316
82 115 25 287
82 117 5 79
82 118 17 139
83 14 31 31
83 22 2 116
83 24 28 393
83 32 58 117
83 34 56 234
83 41 43 230
83 42 52 358
83 48 17 411
83 49 46 182
83 59 19 207
83 89 10 431
83 101 7 4
83 111 13 53
83 120 49 305
84 13 37 106
84 17 45 226
84 30 1 139
84 33 55 122
84 42 43 358
84 51 34 444
84 72 3 149
84 82 19 349
84 99 8 27
84 102 25 437
84 103 16 99
84 106 52 171
85 27 33 37
85 28 13 233
85 34 25 234
85 35 39 265
85 38 21 153
85 48 37 411
85 51 49 48
85 58 7 68
85 59 43 137
85 73 4 320
85 87 27 186
85 88 15 364
85 96 56 268
85 105 47 115
86 14 43 11
86 25 20 150
86 37 3 44
86 38 11 314
86 45 1 258
86 57 39 45
86 76 52 415
86 81 55 434
86 83 25 231
86 88 31 364
86 91 13 380
86 97 7 354
86 98 49 374
87 10 22 252
87 17 13 226
87 18 4 73
87 26 52 291
87 27 57 37
87 29 26 121
87 72 31 289
87 73 49 320
87 75 37 421
87 84 43 416
87 97 7 64
87 109 19 38
87 113 47 64
88 2 28 193
88 11 31 214
88 14 44 31
88 20 25 124
88 30 19 139
88 33 7 16
88 43 37 318
88 58 14 70
88 64 35 33
88 72 21 166
88 91 1 217
88 109 55 353
89 3 43 101
89 22 14 116
89 23 19 261
89 25 25 29
89 31 37 298
89 35 10 20
89 56 49 362
89 88 29 137
89 91 31 330
89 99 2 120
90 3 49 246
90 10 16 237
90 12 11 142
90 16 37 304
90 53 2 18
90 64 14 325
90 66 19 276
90 71 43 355
90 86 31 93
90 99 25 27
90 102 55 440
90 112 7 308
91 15 1 369
91 24 45 393
91 26 4 88
91 28 35 197
91 51 39 48
91 56 27 362
91 62 37 195
91 65 31 59
91 73 10 188
91 76 13 48
91 77 7 104
91 88 25 137
91 112 49 308
92 7 49 72
92 13 37 212
92 23 25 261
92 32 22 371
92 60 19 255
92 62 29 243
92 64 3 372
92 65 15 59
92 81 43 434
92 85 27 340
92 87 52 239
92 90 55 346
92 96 7 268
92 108 33 104
92 118 13 139
93 8 5 9
93 10 46 237
93 28 15 233
93 37 19 44
93 45 9 258
93 66 1 424
93 72 49 149
93 78 22 259
93 107 7 232
93 110 37 409
93 111 25 53
93 112 28 441
93 119 31 341
94 2 13 193
94 6 52 241
94 17 37 432
94 36 19 30
94 47 55 256
94 50 22 213
94 55 44 219
94 59 8 207
94 60 16 255
94 76 29 415
94 79 25 430
94 98 5 374
94 103 49 248
94 108 58 443
94 112 2 308
95 21 55 187
95 22 7 136
95 25 43 29
95 31 31 298
95 33 2 159
95 39 35 277
95 41 40 230
95 43 13 235
95 57 59 45
95 77 49 5
95 84 19 65
95 100 51 422
95 101 26 4
95 104 16 278
96 2 49 193
96 3 56 246
96 4 1 382
96 9 14 319
96 23 5 219
96 30 9 139
96 34 53 234
96 45 27 258
96 48 23 411
96 56 34 390
96 85 25 52
96 89 19 431
96 98 29 374
96 111 38 53
97 2 51 193
97 19 9 103
97 26 1 36
97 55 56 204
97 60 21 157
97 73 43 320
97 74 31 194
97 76 4 48
97 77 7 407
97 85 17 52
97 97 13 247
97 105 19 115
97 112 25 308
98 2 43 193
98 3 49 101
98 33 37 122
98 39 3 281
98 47 23 256
98 48 53 411
98 55 13 251
98 58 25 62
98 60 31 255
98 67 59 442
98 80 19 223
98 93 7 448
98 108 46 104
99 8 1 355
99 15 58 369
99 28 47 197
99 40 4 6
99 41 22 399
99 43 43 318
99 56 31 390
99 68 28 342
99 100 49 114
99 101 34 4
99 102 13 239
99 103 10 99
99 108 19 227
100 10 19 252
100 13 32 273
100 22 44 116
100 29 8 121
100 38 5 310
100 39 49 277
100 58 1 442
100 84 25 416
100 88 22 137
100 90 13 443
100 101 38 14
100 103 55 248
100 115 52 287
101 3 13 101
101 13 25 106
101 47 38 60
101 59 50 207
101 69 47 211
101 70 59 111
101 72 43 166
101 75 55 421
101 80 40 223
101 83 33 91
101 85 17 340
101 100 7 323
101 119 19 341
101 120 1 332
102 15 44 369
102 23 1 150
102 29 46 50
102 32 25 117
102 33 49 16
102 36 32 30
102 56 4 410
102 65 38 433
102 80 16 223
102 81 19 337
102 99 7 329
102 107 57 39
103 2 13 54
103 6 37 140
103 27 7 37
103 33 31 159
103 48 15 411
103 49 1 182
103 59 9 396
103 65 20 288
103 68 5 342
103 85 25 340
103 90 44 443
103 92 49 348
103 117 55 200
104 6 34 241
104 11 26 26
104 36 58 293
104 39 1 281
104 41 37 230
104 42 3 358
104 48 31 408
104 56 16 410
104 81 51 337
104 87 21 186
104 102 7 74
104 107 55 39
105 6 25 241
105 10 4 237
105 27 9 37
105 34 51 234
105 38 53 153
105 39 37 277
105 44 11 60
105 48 39 411
105 84 13 416
105 87 1 239
105 90 32 443
105 112 28 308
106 6 26 140
106 14 31 35
106 34 47 234
106 41 58 230
106 65 43 59
106 68 17 422
106 75 40 421
106 82 7 34
106 87 1 186
106 101 52 4
106 104 22 279
106 105 3 71
107 11 43 214
107 38 7 153
107 51 13 444
107 57 9 45
107 68 34 342
107 70 38 111
107 76 3 415
107 92 22 310
107 94 27 264
107 97 55 247
107 98 51 374
107 111 19 53
107 120 40 332
108 5 31 147
108 13 56 106
108 24 3 393
108 26 37 191
108 27 13 37
108 37 15 44
108 39 19 277
108 70 23 111
108 76 25 48
108 83 43 91
108 86 7 215
108 112 34 441
108 114 47 110
109 3 37 169
109 8 7 202
109 9 3 292
109 26 58 88
109 32 55 83
109 45 13 258
109 52 21 450
109 58 31 68
109 59 43 207
109 73 9 320
109 77 1 407
109 86 25 435
109 108 51 55
109 117 15 200
110 4 34 382
110 11 13 205
110 16 22 304
110 21 40 187
110 22 55 116
110 26 28 291
110 45 19 258
110 49 7 182
110 54 1 334
110 56 10 390
110 99 49 206
110 105 44 115
110 112 25 412
111 13 55 212
111 15 46 369
111 21 28 187
111 24 41 393
111 57 17 45
111 58 37 62
111 65 19 59
111 71 1 439
111 82 13 177
111 91 50 380
111 98 5 434
111 105 23 71
111 113 33 162
111 115 7 287
112 2 35 193
112 11 1 144
112 13 25 413
112 16 22 253
112 28 5 197
112 55 9 219
112 61 46 138
112 85 19 52
112 90 31 148
112 98 15 374
112 105 7 115
112 115 40 287
112 117 29 79
113 20 34 124
113 26 31 291
113 29 52 121
113 34 49 234
113 44 37 80
113 55 57 251
113 63 1 2
113 70 27 111
113 72 43 149
113 73 4 188
113 76 11 48
113 86 39 215
113 97 7 247
113 103 16 248
113 119 19 14
114 12 13 229
114 13 15 106
114 16 31 253
114 37 4 96
114 39 1 277
114 44 7 376
114 57 19 45
114 62 28 195
114 65 55 59
114 84 43 282
114 90 39 148
114 92 34 32
114 104 49 97
115 3 55 169
115 23 23 219
115 35 19 20
115 40 49 6
115 50 7 213
115 54 31 334
115 66 37 189
115 68 10 342
115 74 26 194
115 82 43 349
115 84 1 282
115 90 13 148
116 14 2 31
116 22 49 116
116 31 25 419
116 32 10 371
116 35 7 297
116 51 55 48
116 55 37 251
116 73 16 320
116 80 13 223
116 86 45 215
116 93 35 448
116 94 43 264
116 95 58 316
116 112 31 308
117 19 5 103
117 31 14 298
117 35 25 297
117 40 56 35
117 50 34 213
117 51 43 377
117 60 8 255
117 65 38 131
117 72 1 141
117 84 19 315
117 95 51 316
117 101 28 381
117 103 46 248
118 4 7 382
118 6 58 140
118 8 26 9
118 24 10 393
118 25 15 243
118 36 23 293
118 79 19 302
118 83 37 257
118 95 28 316
118 103 4 248
119 11 55 214
119 16 31 428
119 18 51 73
119 25 19 243
119 27 35 37
119 48 41 411
119 59 37 137
119 60 4 157
119 62 13 195
119 65 26 288
119 86 8 306
119 87 15 186
119 94 17 264
119 100 44 422
119 101 1 4
120 13 13 212
120 23 47 261
120 25 56 150
120 26 40 88
120 33 49 122
120 35 1 265
120 49 31 182
120 52 17 450
120 58 19 442
120 87 29 335
120 88 11 364
120 99 25 329
120 109 44 353
120 116 7 225
121 8 19 202
121 27 43 37
121 40 10 191
121 44 49 376
121 46 31 73
121 64 39 325
121 67 3 61
121 70 7 111
121 78 25 259
121 80 46 223
121 86 21 175
121 99 51 329
121 111 56 436
121 113 5 162
121 120 16 332
122 5 7 147
122 13 33 313
122 15 5 74
122 33 37 13
122 56 43 410
122 79 55 300
122 83 19 257
122 87 31 186
122 102 1 437
122 109 10 201
122 110 52 409
122 114 15 110
122 115 28 322
123 7 34 317
123 13 56 413
123 14 37 401
123 34 20 234
123 35 31 265
123 77 11 407
123 81 1 301
123 85 22 340
123 100 13 114
123 103 52 248
123 114 45 110
123 119 25 14
124 17 19 226
124 45 17 370
124 59 31 207
124 61 37 138
124 67 7 61
124 68 15 342
124 76 41 415
124 79 43 300
124 87 9 186
124 89 1 161
124 100 56 422
124 110 4 409
125 8 11 202
125 23 41 261
125 33 7 11
125 49 4 182
125 57 1 45
125 72 33 141
125 74 19 194
125 76 13 415
125 78 46 80
125 79 37 447
125 96 49 268
125 100 25 229
125 112 43 417
125 119 15 384
126 6 46 140
126 27 29 37
126 32 8 117
126 37 13 96
126 47 31 256
126 54 25 334
126 61 1 138
126 69 53 211
126 84 55 282
126 92 20 32
126 94 41 264
126 98 34 2
126 114 5 65
126 119 37 384
127 13 43 106
127 25 31 113
127 31 37 427
127 39 27 277
127 40 13 35
127 43 52 318
127 48 1 408
127 55 57 324
127 62 20 71
127 69 49 211
127 77 3 5
127 80 8 384
127 104 16 97
127 105 25 71
127 113 23 162
128 5 22 147
128 12 5 142
128 13 39 313
128 14 25 401
128 18 58 73
128 19 7 103
128 60 16 157
128 61 13 138
128 75 34 421
128 77 9 104
128 79 1 300
128 86 43 93
128 105 37 115
128 111 19 436
129 11 37 120
129 26 16 291
129 28 23 197
129 34 9 41
129 42 59 358
129 63 31 2
129 65 55 433
129 68 19 342
129 70 49 111
129 84 25 328
129 92 1 32
129 103 34 99
129 104 46 278
129 115 4 322
129 117 13 200
130 10 28 252
130 11 50 214
130 25 1 29
130 37 16 173
130 41 40 399
130 43 25 281
130 64 9 325
130 67 21 61
130 70 5 111
130 99 56 206
130 109 13 353
130 111 33 53
130 113 31 262
131 7 1 317
131 9 19 319
131 11 49 144
131 14 37 31
131 20 4 124
131 37 16 301
131 40 13 6
131 58 25 68
131 66 43 276
131 77 9 5
131 84 55 416
131 88 23 364
131 99 32 329
132 24 49 393
132 40 10 6
132 42 39 358
132 51 58 48
132 56 55 362
132 58 43 70
132 66 31 189
132 69 7 211
132 79 13 447
132 86 25 215
132 99 51 311
132 100 19 114
132 101 4 4
133 3 25 101
133 16 7 304
133 19 3 103
133 25 21 113
133 28 11 197
133 39 29 277
133 44 13 376
133 49 58 182
133 61 34 89
133 69 15 211
133 77 19 104
133 104 49 278
134 3 3 169
134 13 37 413
134 56 34 410
134 64 1 372
134 68 17 342
134 69 29 211
134 74 19 199
134 76 7 415
134 84 44 315
134 93 15 448
134 103 25 248
134 105 41 115
134 119 49 384
135 29 4 143
135 33 31 11
135 36 17 375
135 43 7 318
135 47 41 256
135 56 10 362
135 61 49 89
135 66 13 424
135 78 28 80
135 80 1 384
135 92 37 348
135 95 21 397
135 116 56 225
135 120 25 305
136 4 52 382
136 6 22 140
136 7 19 72
136 8 17 9
136 9 7 400
136 32 4 117
136 57 11 45
136 58 55 442
136 59 43 324
136 84 31 282
136 101 13 14
136 106 40 171
136 107 27 39
136 108 1 227
136 114 25 257
137 3 20 169
137 49 43 182
137 51 46 444
137 56 4 390
137 74 56 418
137 79 7 430
137 93 13 448
137 104 15 279
137 111 1 436
137 117 39 79
137 119 25 314
138 5 13 147
138 6 4 140
138 13 26 212
138 31 55 298
138 52 43 450
138 56 46 410
138 58 19 209
138 62 34 71
138 67 11 442
138 76 16 415
138 79 49 430
138 80 7 179
138 110 31 409
138 112 37 412
139 6 31 140
139 8 9 355
139 17 49 176
139 24 47 393
139 32 43 371
139 36 11 263
139 55 37 324
139 58 3 209
139 81 13 434
139 85 7 340
139 88 1 364
139 99 25 206
139 117 21 200
140 17 31 151
140 23 35 261
140 25 44 243
140 29 40 50
140 49 37 182
140 52 23 450
140 59 13 125
140 65 50 433
140 71 19 3
140 82 55 34
140 92 4 32
140 105 27 115
140 106 7 171
140 113 11 148
141 28 7 238
141 33 1 122
141 35 28 20
141 63 9 2
141 67 17 442
141 69 39 211
141 79 13 300
141 91 44 217
141 99 31 120
141 104 57 97
141 105 5 247
141 109 19 353
141 111 22 53
142 9 25 142
142 23 57 261
142 36 11 30
142 37 43 44
142 45 14 370
142 46 40 73
142 48 16 408
142 56 7 362
142 59 2 398
142 60 37 343
142 66 31 276
142 91 49 190
142 96 19 268
143 4 55 382
143 14 15 221
143 21 1 187
143 33 43 122
143 45 21 370
143 58 8 70
143 59 25 125
143 60 34 255
143 72 49 166
143 85 4 52
143 88 47 137
143 104 31 97
143 117 13 79
143 120 40 305
144 9 49 292
144 12 15 142
144 19 56 103
144 31 1 335
144 36 17 30
144 59 21 125
144 62 13 243
144 64 29 33
144 90 7 148
144 106 31 171
144 107 19 39
144 117 5 200
145 3 31 135
145 5 10 147
145 34 19 41
145 38 13 153
145 55 25 36
145 56 1 362
145 66 43 424
145 70 57 111
145 77 16 104
145 84 37 416
145 103 7 99
146 3 7 169
146 4 25 382
146 6 22 241
146 28 41 233
146 34 37 234
146 42 11 358
146 60 28 255
146 61 52 89
146 76 59 415
146 79 13 302
146 82 55 349
146 117 33 79
146 119 1 314
147 12 59 229
147 14 7 33
147 16 1 428
147 20 52 124
147 23 25 150
147 27 55 37
147 28 11 84
147 29 13 121
147 38 17 379
147 64 4 195
147 76 27 415
147 90 19 443
147 100 31 114
148 4 28 382
148 7 4 317
148 15 19 369
148 25 15 29
148 30 53 139
148 41 7 230
148 42 13 358
148 47 21 60
148 48 10 411
148 63 58 202
148 65 37 59
148 68 23 422
148 91 31 217
148 110 25 409
149 2 41 193
149 7 25 72
149 11 31 205
149 13 2 212
149 20 58 124
149 22 37 116
149 35 55 20
149 41 49 230
149 45 9 370
149 51 52 48
149 58 20 62
149 70 11 111
149 83 43 285
149 96 13 268
150 3 43 376
150 6 49 241
150 31 25 298
150 33 19 11
150 38 34 153
150 40 7 191
150 41 31 399
150 49 13 182
150 68 40 342
150 69 3 77
150 95 47 397
150 108 37 55
150 120 10 26
151 6 1 140
151 7 9 317
151 15 35 369
151 33 15 13
151 34 7 234
151 35 52 265
151 54 43 334
151 70 13 111
151 72 19 141
151 76 5 415
151 101 25 269
151 118 57 139
152 4 37 382
152 16 19 304
152 52 41 450
152 61 43 138
152 68 1 422
152 70 15 111
152 74 31 418
152 104 28 97
152 112 58 417
152 114 26 110
152 115 22 287
152 117 3 79
152 118 49 139
153 23 55 261
153 38 19 153
153 40 32 191
153 45 45 258
153 58 13 442
153 60 52 342
153 61 22 138
153 72 25 141
153 73 58 188
153 78 49 259
153 90 37 443
153 107 43 39
153 111 1 327
154 1 25 1
154 14 43 16
154 25 3 150
154 28 53 197
154 30 47 139
154 36 1 263
154 38 23 153
154 51 7 444
154 62 15 195
154 66 19 424
154 80 10 179
154 105 13 115
154 108 58 104
154 114 37 110
155 8 7 9
155 10 4 252
155 16 39 253
155 32 16 117
155 43 34 281
155 48 13 411
155 57 37 45
155 63 43 202
155 69 51 211
155 85 27 52
155 94 10 264
155 101 1 381
155 103 31 99
155 114 21 110
156 2 39 193
156 4 16 382
156 36 21 263
156 47 37 256
156 51 31 48
156 62 14 113
156 67 29 442
156 78 7 259
156 87 3 186
156 112 10 308
156 117 41 79
157 18 16 73
157 33 19 13
157 43 13 281
157 50 46 213
157 52 9 450
157 55 31 251
157 56 1 390
157 59 25 207
157 71 55 355
157 73 4 371
157 97 49 247
157 99 37 329
157 104 43 97
158 7 46 72
158 8 35 9
158 11 19 214
158 24 13 393
158 31 25 427
158 33 8 159
158 44 3 376
158 60 43 157
158 70 17 111
158 79 49 300
158 83 31 257
158 86 55 215
158 88 15 137
158 107 1 39
158 114 39 110
159 10 34 435
159 17 51 226
159 26 8 291
159 29 43 50
159 32 31 117
159 37 40 96
159 38 49 153
159 45 29 370
159 65 1 59
159 74 19 418
159 82 13 34
159 89 46 431
159 97 25 354
160 11 37 26
160 13 19 212
160 21 49 187
160 24 15 393
160 25 45 113
160 43 4 318
160 45 31 258
160 50 1 213
160 52 35 450
160 61 7 89
160 69 41 211
160 74 25 199
160 78 52 259
160 93 17 448
160 109 55 201
161 1 7 1
161 14 2 33
161 17 49 151
161 47 11 256
161 55 19 36
161 56 15 362
161 62 53 243
161 65 43 433
161 68 13 422
161 87 41 335
161 100 37 5
161 106 28 171
161 120 34 305
162 18 37 73
162 34 3 234
162 39 17 277
162 42 41 358
162 47 45 256
162 63 49 202
162 74 13 194
162 79 26 302
162 84 7 282
162 89 22 431
162 98 34 374
162 104 52 97
162 108 31 55
162 114 19 110
163 15 53 369
163 16 55 253
163 23 1 261
163 39 51 277
163 44 9 376
163 50 13 213
163 56 40 362
163 63 31 445
163 70 29 111
163 83 43 231
163 85 4 340
163 88 27 137
163 91 19 190
163 103 34 248
164 2 3 279
164 11 32 26
164 13 55 313
164 41 19 230
164 45 38 258
164 71 7 3
164 91 50 125
164 98 16 2
164 108 22 227
164 110 40 409
164 112 46 308
164 114 1 110
164 117 27 79
165 16 7 253
165 29 33 143
165 37 26 96
165 43 10 318
165 47 57 256
165 48 1 411
165 72 3 289
165 81 13 183
165 82 19 34
165 94 31 264
165 105 55 115
165 109 37 38
166 3 25 135
166 8 11 9
166 13 15 313
166 14 31 401
166 28 47 233
166 40 52 6
166 91 1 380
166 92 7 32
166 99 43 329
166 113 13 262
166 119 57 437
166 120 19 305
167 14 49 11
167 16 4 428
167 18 27 73
167 25 19 364
167 26 16 88
167 35 43 20
167 38 8 314
167 51 13 172
167 55 55 158
167 71 37 3
167 78 34 430
167 92 10 310
167 109 1 353
167 120 31 305
168 3 19 246
168 10 34 252
168 14 13 11
168 17 1 226
168 26 50 88
168 33 43 159
168 37 10 44
168 38 56 153
168 60 58 255
168 74 39 199
168 86 25 175
168 87 47 335
168 92 7 331
169 8 47 355
169 11 13 120
169 20 49 124
169 24 23 393
169 28 45 233
169 38 3 153
169 39 59 277
169 66 37 276
169 90 55 148
169 95 9 397
169 118 25 139
169 120 28 305
170 35 21 297
170 38 44 153
170 41 10 230
170 56 7 390
170 69 19 211
170 73 34 188
170 76 37 415
170 81 1 434
170 89 31 161
170 95 25 316
170 105 17 403
170 115 50 322
170 117 15 79
171 1 55 1
171 2 1 54
171 23 17 261
171 25 49 243
171 41 46 230
171 45 29 258
171 67 35 442
171 68 3 422
171 82 31 34
171 83 25 91
171 89 37 161
171 100 9 229
171 113 21 162
171 120 13 305
172 2 17 193
172 3 55 135
172 8 1 9
172 9 44 292
172 10 40 252
172 13 31 106
172 33 7 13
172 59 49 137
172 74 13 199
172 82 19 177
172 86 25 93
172 88 11 137
172 102 3 239
173 5 58 147
173 8 33 355
173 9 49 21
173 15 21 369
173 28 37 233
173 32 13 117
173 33 25 16
173 45 23 258
173 74 1 418
173 81 39 78
173 112 16 417
173 117 9 79
173 119 43 232
174 8 41 355
174 12 9 142
174 51 43 444
174 66 56 424
174 69 33 211
174 71 26 439
174 72 49 141
174 85 7 52
174 105 5 403
174 108 1 55
174 112 19 417
174 117 31 79
174 120 37 332
175 13 43 212
175 14 19 16
175 23 49 261
175 34 23 179
175 41 28 230
175 48 3 411
175 63 16 445
175 79 31 300
175 81 8 434
175 88 57 137
175 98 1 172
175 104 40 278
175 108 13 227
175 109 25 38
176 12 53 229
176 16 50 253
176 39 25 277
176 51 55 444
176 56 4 362
176 57 21 45
176 78 28 259
176 84 43 357
176 90 37 403
176 102 7 239
176 112 34 308
176 119 13 437
177 3 37 376
177 16 58 304
177 31 7 419
177 38 31 153
177 47 11 372
177 48 50 411
177 83 13 231
177 88 3 364
177 101 43 4
177 102 33 440
177 109 19 201
177 113 46 262
178 11 43 144
178 37 37 96
178 41 14 230
178 43 57 318
178 44 19 80
178 45 35 370
178 61 7 138
178 63 40 202
178 69 25 77
178 72 31 149
178 80 1 262
178 97 51 64
178 109 4 38
178 120 10 332
179 9 31 400
179 15 3 369
179 36 7 263
179 43 49 318
179 47 13 256
179 57 26 45
179 62 5 113
179 69 35 211
179 77 1 5
179 91 15 217
179 99 43 311
179 111 9 53
179 115 37 287
179 117 47 79
180 4 10 382
180 23 45 261
180 36 7 293
180 43 31 318
180 75 1 421
180 76 47 415
180 82 26 34
180 83 13 257
180 90 19 403
180 95 23 397
180 101 49 4
180 102 38 440
180 114 35 110
180 117 43 79
181 2 9 279
181 15 41 369
181 17 19 176
181 19 39 103
181 22 3 75
181 37 13 301
181 41 52 230
181 51 31 444
181 52 45 450
181 55 56 36
181 60 28 157
181 68 1 342
181 77 25 104
182 15 29 369
182 19 14 103
182 28 5 238
182 38 9 153
182 44 11 376
182 45 27 370
182 52 53 450
182 59 1 396
182 60 55 255
182 91 19 217
182 92 58 32
182 106 46 171
182 107 50 39
182 108 43 55
182 111 16 53
183 5 43 147
183 14 37 33
183 25 33 150
183 38 15 153
183 51 19 444
183 69 27 211
183 72 8 149
183 79 1 430
183 84 49 282
183 85 41 52
183 109 22 38
183 114 31 110
184 12 23 142
184 20 55 124
184 24 17 393
184 33 26 159
184 38 15 407
184 45 47 258
184 69 13 77
184 78 31 259
184 82 1 177
184 84 49 416
184 90 19 148
184 99 43 341
184 105 39 115
184 120 7 26
185 3 56 101
185 9 19 21
185 13 7 106
185 19 49 103
185 33 13 159
185 34 17 234
185 38 23 407
185 61 37 89
185 88 45 358
185 99 2 27
185 114 51 110
186 2 33 193
186 28 31 233
186 52 57 450
186 57 35 45
186 77 14 104
186 81 7 101
186 83 1 412
186 88 20 137
186 90 25 443
186 101 46 4
186 105 29 115
186 117 37 200
186 120 22 26
187 19 16 103
187 22 25 116
187 26 22 88
187 31 44 298
187 33 32 13
187 41 19 399
187 43 7 235
187 64 5 325
187 66 55 189
187 67 49 442
187 68 3 342
187 76 11 415
187 115 40 322
187 120 13 26
188 1 37 1
188 6 34 140
188 8 7 355
188 11 56 120
188 17 20 151
188 41 4 230
188 42 17 358
188 47 53 256
188 77 15 5
188 119 9 14
189 4 31 382
189 25 7 150
189 26 19 191
189 27 15 37
189 38 59 153
189 45 25 370
189 80 52 223
189 92 1 348
189 98 43 374
189 100 55 323
189 107 45 39
189 113 41 162
190 4 4 382
190 31 21 335
190 51 1 444
190 55 37 219
190 56 25 390
190 63 28 445
190 67 47 442
190 72 31 292
190 94 15 264
190 104 50 279
190 109 56 38
190 114 9 110
190 115 43 322
191 8 3 9
191 16 33 304
191 31 13 427
191 36 11 375
191 43 21 318
191 64 26 372
191 69 1 77
191 83 55 257
191 84 37 65
191 87 47 186
191 93 19 448
191 108 7 55
191 114 5 257
192 15 31 369
192 22 25 75
192 27 59 37
192 29 10 143
192 44 29 60
192 52 39 450
192 61 16 138
192 64 41 33
192 65 20 433
192 84 1 315
192 92 49 32
192 100 43 114
192 105 33 115
193 2 7 54
193 16 55 304
193 39 33 277
193 44 9 80
193 45 5 258
193 49 52 182
193 51 27 444
193 73 1 188
193 77 13 5
193 101 58 4
193 113 25 162
194 8 4 202
194 12 47 229
194 35 49 265
194 40 8 35
194 42 15 358
194 75 19 421
194 76 23 415
194 90 43 346
194 100 31 229
194 103 1 248
194 116 37 225
195 11 25 144
195 15 39 369
195 29 22 121
195 40 16 35
195 58 31 442
195 69 29 77
195 76 43 415
195 82 1 23
195 83 50 257
195 88 8 364
195 102 45 366
195 106 19 171
196 10 10 128
196 25 56 243
196 26 4 291
196 36 1 293
196 37 7 44
196 55 43 36
196 56 13 390
196 65 51 288
196 75 28 421
196 79 37 430
196 115 34 287
196 119 20 384
197 3 55 166
197 24 53 393
197 31 31 427
197 32 46 371
197 34 35 234
197 35 49 20
197 67 37 61
197 68 41 422
197 74 2 95
197 90 25 346
197 91 19 380
197 109 9 353
197 113 7 162
198 26 57 291
198 45 31 370
198 47 7 256
198 52 55 450
198 60 43 246
198 74 49 418
198 83 33 231
198 88 13 137
198 97 25 247
198 98 9 374
198 100 1 323
198 101 16 381
198 108 40 55
198 113 37 262
199 6 13 241
199 8 35 355
199 13 7 313
199 14 19 31
199 23 37 261
199 25 55 113
199 56 28 390
199 62 23 195
199 63 39 445
199 66 51 189
199 85 45 340
199 102 31 239
199 111 25 436
199 114 43 110
199 117 3 200
200 16 58 253
200 26 31 88
200 27 37 37
200 35 25 20
200 40 28 35
200 52 11 450
200 63 1 445
200 88 17 137
200 91 39 330
200 93 21 448
200 98 7 374
200 108 43 104
200 110 13 409
200 120 4 332
201 30 29 139
201 35 16 297
201 39 22 277
201 47 9 256
201 48 46 411
201 61 25 438
201 71 55 3
201 81 1 12
201 82 49 197
201 91 31 190
201 100 39 229
201 103 13 248
201 108 19 55
202 2 16 54
202 11 1 214
202 18 13 73
202 30 27 139
202 38 20 379
202 39 55 277
202 42 23 358
202 51 52 444
202 86 37 435
202 92 57 348
202 107 5 232
202 108 10 227
202 117 7 200
202 118 31 139
203 25 13 309
203 26 7 88
203 28 39 233
203 31 19 298
203 36 17 263
203 59 25 396
203 65 44 288
203 68 31 342
203 76 50 415
203 84 33 65
203 88 59 137
203 92 52 32
203 97 55 354
203 120 1 305
204 9 1 319
204 17 31 432
204 19 19 103
204 22 7 75
204 24 55 393
204 36 14 293
204 38 58 305
204 43 16 235
204 48 11 408
204 92 25 310
204 94 5 264
204 108 52 227
204 117 45 79
205 34 15 234
205 36 9 263
205 43 21 281
205 62 35 195
205 66 31 424
205 77 3 407
205 78 55 259
205 98 13 374
205 109 25 353
205 119 37 437
206 8 59 355
206 9 7 21
206 13 49 413
206 20 28 124
206 32 19 117
206 34 1 234
206 40 3 191
206 57 31 45
206 86 55 93
206 95 26 397
206 104 34 97
206 108 22 55
206 111 16 436
206 119 43 384
207 32 34 371
207 33 26 11
207 44 15 60
207 59 55 207
207 63 31 202
207 71 19 355
207 77 5 104
207 82 49 349
207 83 1 91
207 84 38 315
207 93 23 448
207 95 9 316
208 32 34 117
208 61 46 89
208 66 7 276
208 69 5 211
208 78 52 80
208 84 25 65
208 90 1 443
208 91 38 217
208 95 11 316
208 98 55 374
208 99 13 206
208 101 49 381
208 120 19 332
209 7 14 317
209 11 49 26
209 27 27 37
209 32 40 117
209 35 10 265
209 45 7 258
209 51 4 172
209 57 44 45
209 73 1 377
209 89 34 161
209 107 29 39
209 117 17 79
210 1 32 1
210 6 16 241
210 12 5 229
210 25 45 150
210 26 25 291
210 29 10 50
210 34 43 234
210 58 39 68
210 61 13 89
210 62 7 71
210 83 50 91
210 103 22 99
210 107 37 39
211 12 29 229
211 25 3 309
211 40 55 6
211 60 49 342
211 64 26 195
211 65 13 433
211 67 1 61
211 78 21 80
211 80 10 223
211 91 43 125
211 104 37 279
211 118 33 139
212 10 1 237
212 14 13 33
212 16 43 304
212 23 31 150
212 26 22 191
212 29 19 121
212 32 28 117
212 36 17 293
212 63 25 445
212 65 7 288
212 79 49 302
212 87 33 186
212 104 40 279
213 5 52 147
213 18 19 73
213 29 55 50
213 33 3 11
213 39 10 277
213 40 28 6
213 44 1 60
213 55 14 204
213 58 38 108
213 65 31 131
213 72 43 289
213 80 25 262
213 94 58 264
213 105 50 115
213 120 7 338
214 3 38 246
214 35 46 20
214 36 1 30
214 43 43 281
214 45 3 258
214 55 7 36
214 74 25 418
214 75 52 421
214 79 19 300
214 100 55 114
214 106 16 171
214 111 49 436
214 119 32 314
215 4 22 382
215 6 19 241
215 10 10 235
215 24 51 393
215 59 13 398
215 61 26 89
215 71 31 3
215 73 7 188
215 80 55 223
215 81 45 183
215 87 5 335
215 95 3 397
215 103 37 99
215 109 40 353
216 23 19 54
216 44 44 80
216 54 56 334
216 80 50 179
216 87 11 186
216 93 53 448
216 98 39 374
216 99 7 222
216 104 22 97
216 106 4 171
216 112 25 417
216 117 35 79
217 18 46 73
217 26 49 291
217 34 41 234
217 36 9 30
217 38 11 305
217 39 39 277
217 64 7 325
217 72 13 166
217 74 1 357
217 77 5 407
217 83 19 231
217 104 56 279
217 112 31 23
218 6 7 140
218 21 16 187
218 22 19 75
218 26 55 88
218 31 49 298
218 38 5 153
218 43 46 318
218 60 43 255
218 73 34 320
218 81 38 434
218 88 32 137
218 100 25 323
218 101 10 4
218 114 23 65
219 7 13 72
219 10 7 128
219 11 43 26
219 17 31 176
219 19 47 103
219 23 23 261
219 45 11 258
219 58 56 68
219 68 5 422
219 70 25 111
219 73 28 188
219 90 1 403
219 93 37 448
219 99 19 27
219 110 16 409
220 8 25 202
220 13 27 313
220 28 59 197
220 33 2 13
220 36 9 375
220 40 16 191
220 54 19 334
220 58 55 70
220 69 23 77
220 77 11 104
220 80 49 223
220 98 41 374
220 114 7 110
221 8 29 355
221 9 25 319
221 27 23 37
221 32 37 117
221 39 47 277
221 59 1 207
221 70 19 111
221 84 7 65
221 92 13 310
221 94 33 264
221 114 5 208
221 118 35 139
222 3 31 376
222 8 5 355
222 12 45 229
222 23 43 261
222 24 37 393
222 31 13 335
222 63 22 2
222 66 27 424
222 75 10 421
222 93 25 448
222 101 19 4
222 104 56 432
222 107 3 39
222 108 7 227
222 112 39 417
223 5 25 147
223 16 19 253
223 25 31 243
223 31 7 298
223 53 49 18
223 66 1 276
223 67 5 61
223 83 57 91
223 96 37 268
223 109 22 353
223 116 13 225
224 2 57 193
224 17 1 151
224 23 39 261
224 36 13 30
224 45 23 370
224 47 33 256
224 57 28 45
224 67 5 442
224 68 26 342
224 70 46 111
224 86 15 435
224 90 49 443
224 100 19 323
224 111 43 327
224 119 7 437
225 9 56 142
225 34 39 234
225 45 33 258
225 50 28 213
225 59 7 398
225 73 22 320
225 85 13 340
225 93 31 448
225 99 43 206
225 105 35 115
225 108 49 104
226 8 38 202
226 12 51 142
226 14 9 31
226 41 34 399
226 45 7 370
226 56 25 410
226 60 28 246
226 62 23 243
226 88 57 358
226 89 13 431
226 102 45 437
226 107 59 39
227 3 14 135
227 26 1 291
227 33 31 16
227 37 49 96
227 48 29 411
227 82 8 349
227 84 19 416
227 90 43 148
227 98 37 374
227 117 23 79
228 9 55 292
228 34 31 234
228 35 34 265
228 52 59 450
228 53 37 18
228 56 43 362
228 86 19 215
228 93 27 448
228 99 1 206
228 106 49 171
228 112 13 308
228 113 52 162
228 119 7 348
229 11 14 144
229 15 23 369
229 21 46 187
229 31 19 427
229 32 28 371
229 59 31 125
229 63 25 2
229 70 51 111
229 72 7 289
229 89 43 161
229 90 1 148
229 91 37 190
229 101 58 381
229 110 55 409
229 113 49 162
230 28 58 233
230 39 41 277
230 43 28 235
230 59 20 396
230 60 1 157
230 71 7 439
230 75 4 421
230 85 43 52
230 92 34 348
230 97 13 354
230 100 37 114
230 113 11 64
231 10 49 237
231 16 26 253
231 23 21 261
231 33 31 122
231 40 40 6
231 44 1 376
231 72 43 141
231 76 55 415
231 83 13 136
231 87 17 239
231 114 3 110
231 118 37 139
232 15 33 369
232 17 43 151
232 30 39 139
232 32 55 117
232 44 9 60
232 63 28 202
232 79 1 302
232 84 19 282
232 94 25 264
232 105 58 115
232 107 47 39
232 113 16 262
232 120 13 332
233 8 23 9
233 12 49 142
233 21 10 187
233 31 31 419
233 35 58 20
233 36 3 30
233 63 55 202
233 64 29 337
233 66 13 189
233 67 19 61
233 76 1 48
233 77 17 407
233 81 37 337
233 112 7 175
233 120 43 305
234 20 37 124
234 28 29 197
234 37 34 44
234 40 40 35
234 45 4 370
234 48 13 408
234 53 55 18
234 56 46 362
234 66 7 189
234 69 15 77
234 75 31 421
234 86 49 215
234 98 21 374
234 109 1 38
235 7 19 90
235 19 37 103
235 26 26 88
235 35 4 20
235 37 22 44
235 38 1 153
235 40 50 191
235 55 33 219
235 74 56 194
235 82 7 197
235 86 39 175
235 92 46 310
235 97 14 64
235 110 43 409
235 113 29 262
236 2 53 193
236 7 22 317
236 11 13 214
236 35 31 20
236 60 37 255
236 61 27 138
236 69 11 211
236 83 43 136
236 85 1 52
236 87 35 335
236 94 20 325
236 95 17 316
236 99 3 222
236 103 58 248
236 107 8 39
237 3 7 246
237 15 25 369
237 25 27 150
237 26 46 291
237 32 1 371
237 35 22 20
237 59 55 396
237 66 37 424
237 78 31 80
237 94 52 264
237 108 4 55
238 7 40 72
238 8 1 202
238 10 31 252
238 11 26 120
238 15 56 369
238 27 19 37
238 45 11 370
238 63 52 202
238 81 3 337
238 87 43 335
238 117 7 79
239 2 31 193
239 12 35 229
239 24 26 393
239 27 45 37
239 51 49 444
239 56 19 410
239 57 33 45
239 60 3 246
239 65 7 131
239 83 13 412
239 95 37 316
239 105 1 326
239 108 40 104
240 6 43 241
240 9 37 400
240 11 7 120
240 12 19 142
240 38 27 153
240 69 17 211
240 80 1 179
240 86 21 435
240 91 55 380
240 97 50 354
240 101 31 381
240 104 4 278
240 113 15 162
240 114 11 110
241 3 19 376
241 4 13 382
241 9 37 319
241 19 27 103
241 66 43 189
241 73 1 231
241 85 55 52
241 91 7 217
241 92 16 310
241 94 29 264
241 103 31 248
241 104 4 97
241 115 58 322
242 4 46 382
242 5 49 147
242 11 55 144
242 12 13 142
242 21 31 187
242 29 7 143
242 30 59 139
242 35 15 20
242 40 22 6
242 66 25 276
242 71 1 3
242 95 29 397
242 112 38 308
243 12 19 229
243 20 16 124
243 24 43 393
243 29 25 143
243 31 7 427
243 58 49 70
243 95 13 316
243 97 45 247
243 98 3 374
243 106 55 171
243 112 31 417
243 113 28 162
243 115 21 322
244 13 1 313
244 27 41 37
244 48 21 411
244 57 46 45
244 59 49 396
244 62 15 71
244 78 10 259
244 85 33 52
244 89 28 161
244 95 19 397
244 114 56 110
245 9 13 400
245 12 1 229
245 17 49 173
245 23 27 261
245 26 34 88
245 33 20 159
245 37 37 44
245 47 40 60
245 61 4 89
245 82 55 197
245 86 7 435
246 7 37 317
246 35 26 265
246 36 5 293
246 37 58 44
246 49 19 182
246 65 31 288
246 66 49 424
246 72 7 166
246 78 40 259
246 92 22 348
246 94 1 264
246 100 43 323
246 107 15 39
246 108 55 227
247 12 17 142
247 17 49 432
247 19 41 103
247 33 56 13
247 53 43 18
247 56 37 390
247 87 13 186
247 89 1 431
247 90 31 346
247 108 10 55
247 119 19 437
247 120 25 332
248 11 19 144
248 16 2 253
248 28 52 233
248 44 5 60
248 47 43 256
248 49 55 182
248 58 7 442
248 72 31 166
248 73 14 188
248 100 38 404
248 102 45 180
248 109 49 38
248 110 28 409
248 117 11 200
249 11 1 205
249 27 17 37
249 32 52 371
249 64 11 195
249 65 37 288
249 72 13 149
249 78 19 259
249 99 7 311
249 100 31 422
249 104 22 432
249 117 49 79
250 1 19 1
250 10 43 252
250 18 33 73
250 44 15 80
250 47 29 256
250 69 7 77
250 72 25 166
250 74 1 199
250 78 37 259
250 85 31 52
250 102 49 61
250 104 10 97
250 106 58 171
250 114 53 110
251 10 37 252
251 14 49 31
251 15 5 369
251 26 43 291
251 57 53 45
251 60 31 157
251 72 7 292
251 81 20 101
251 84 1 416
251 87 56 335
251 103 13 99
251 106 34 171
252 10 49 128
252 17 9 226
252 23 33 261
252 26 19 291
252 28 35 233
252 34 7 41
252 47 27 256
252 68 44 342
252 88 41 137
252 105 31 115
252 119 1 341
253 2 28 327
253 15 17 369
253 39 7 366
253 43 25 318
253 65 2 131
253 75 22 421
253 76 19 48
253 83 9 91
253 87 50 186
253 91 43 190
253 94 39 264
253 100 13 323
253 104 34 278
253 108 31 227
254 8 23 355
254 9 25 292
254 19 33 103
254 25 1 243
254 34 19 179
254 37 40 44
254 59 43 62
254 60 8 157
254 92 16 32
254 93 11 448
254 94 35 264
254 109 49 353
255 10 7 237
255 17 37 209
255 34 58 234
255 58 25 70
255 65 1 433
255 70 21 111
255 90 51 403
255 92 10 32
255 95 13 397
255 101 34 381
255 110 46 409
255 112 16 308
256 3 14 169
256 7 55 72
256 27 49 37
256 45 43 258
256 62 41 113
256 63 4 2
256 64 2 195
256 65 7 59
256 69 45 211
256 81 51 183
256 83 37 91
256 89 25 161
256 99 32 206
256 108 28 55
256 116 19 225
257 19 29 103
257 26 13 291
257 29 52 50
257 41 4 399
257 45 21 258
257 53 25 18
257 57 23 45
257 64 11 337
257 83 7 231
257 85 19 340
257 94 47 264
257 107 39 39
258 2 59 193
258 8 9 202
258 10 49 252
258 37 46 44
258 43 13 318
258 59 55 62
258 80 4 179
258 82 37 197
258 85 43 340
258 87 11 239
258 95 23 316
258 102 19 440
258 104 1 97
258 119 32 14
259 3 31 246
259 4 43 382
259 6 49 140
259 21 52 187
259 26 25 191
259 42 35 358
259 75 16 421
259 78 40 191
259 91 56 217
259 97 1 247
259 104 28 279
260 5 39 147
260 17 57 176
260 28 7 233
260 30 43 139
260 36 34 263
260 38 46 153
260 50 52 213
260 55 9 251
260 65 25 131
260 92 13 348
260 93 55 448
260 105 3 115
260 106 22 171
260 120 31 332
261 10 16 252
261 17 43 173
261 42 27 358
261 44 13 80
261 61 4 138
261 68 35 422
261 73 31 188
261 86 21 93
261 95 19 316
261 103 10 248
261 109 37 353
261 113 59 162
262 26 44 88
262 49 25 182
262 52 49 450
262 55 31 324
262 62 1 71
262 68 7 422
262 71 37 9
262 89 16 431
262 104 9 278
262 110 22 409
262 114 5 3
262 117 57 200
263 2 11 193
263 25 15 150
263 34 13 234
263 37 7 173
263 42 21 358
263 43 28 318
263 44 51 60
263 61 31 138
263 62 1 113
263 64 3 325
263 104 25 432
263 113 46 162
264 31 31 335
264 35 58 265
264 37 25 44
264 40 4 35
264 44 7 80
264 47 17 256
264 51 9 377
264 58 37 442
264 59 43 396
264 65 13 288
264 76 21 415
264 87 35 186
264 104 52 278
264 117 1 200
265 10 25 237
265 13 9 170
265 14 19 401
265 23 5 400
265 30 45 139
265 31 37 335
265 44 7 60
265 52 33 450
265 55 49 324
265 59 15 324
265 67 29 61
265 75 58 421
265 77 53 407
265 99 1 311
266 6 7 241
266 9 43 319
266 10 28 237
266 22 49 75
266 26 37 291
266 40 25 6
266 45 35 258
266 49 16 182
266 51 58 444
266 62 40 71
266 78 1 105
266 95 4 316
266 107 32 39
266 112 55 308
267 16 46 304
267 20 43 124
267 22 7 12
267 37 49 68
267 45 56 370
267 52 15 450
267 60 1 343
267 72 37 289
267 78 58 259
267 91 25 330
267 108 52 104
267 111 4 436
267 114 41 3
268 10 13 237
268 21 25 187
268 26 34 291
268 36 28 293
268 37 19 96
268 38 51 153
268 40 7 6
268 55 44 251
268 60 22 343
268 79 37 300
268 82 2 34
268 88 31 358
268 105 16 115
268 115 10 322
269 8 15 202
269 23 17 400
269 33 44 13
269 43 25 235
269 58 1 62
269 81 49 434
269 87 7 186
269 93 57 448
269 94 19 264
269 99 21 222
269 100 31 323
269 101 9 381
269 113 37 162
270 11 49 120
270 29 58 50
270 31 43 419
270 33 1 16
270 36 5 375
270 48 25 408
270 51 55 377
270 58 14 62
270 61 20 89
270 82 7 23
270 84 27 282
270 97 31 77
270 103 40 99
270 113 53 262
271 2 1 193
271 3 3 135
271 14 55 33
271 29 31 121
271 31 37 419
271 40 16 6
271 52 13 450
271 58 19 70
271 78 34 80
271 83 7 257
271 85 29 340
271 100 25 422
271 114 23 110
272 3 31 169
272 10 19 235
272 11 37 205
272 28 9 233
272 33 56 159
272 37 1 96
272 42 25 358
272 49 22 182
272 51 14 377
272 54 49 334
272 71 43 9
272 85 53 340
272 89 27 431
272 112 4 441
273 12 1 142
273 21 4 187
273 26 13 36
273 55 21 204
273 56 31 410
273 57 51 45
273 65 55 131
273 69 35 77
273 99 37 206
273 100 7 114
273 106 25 171
273 108 28 227
273 115 43 287
274 9 32 142
274 13 49 106
274 15 27 369
274 19 58 103
274 51 22 444
274 59 37 207
274 78 16 259
274 79 7 300
274 95 56 316
274 97 1 64
274 102 43 239
274 114 13 110
275 10 1 252
275 14 50 401
275 28 33 233
275 31 13 419
275 37 8 96
275 69 25 211
275 72 19 149
275 73 28 320
275 83 43 257
275 101 40 4
275 107 4 178
275 113 35 262
275 120 55 305
276 2 55 193
276 19 25 103
276 24 39 393
276 37 58 96
276 41 27 399
276 54 13 334
276 58 43 442
276 62 7 113
276 70 33 111
276 85 9 52
276 86 2 93
276 89 22 161
276 90 49 148
276 118 41 139
277 5 46 147
277 15 49 369
277 16 16 253
277 21 58 187
277 25 8 29
277 29 22 50
277 31 1 298
277 36 13 263
277 65 26 433
277 69 5 77
277 90 51 346
277 92 43 32
277 96 31 268
277 115 37 322
278 7 33 72
278 23 59 261
278 27 21 37
278 37 55 44
278 43 16 281
278 47 23 60
278 81 43 337
278 87 37 239
278 99 1 329
278 102 8 440
278 105 53 115
278 111 28 53
278 112 13 417
279 7 46 317
279 22 38 75
279 56 19 390
279 69 31 211
279 78 4 259
279 81 7 337
279 82 13 23
279 85 51 340
279 100 25 114
279 103 43 248
279 107 49 232
279 108 55 104
279 114 33 110
279 117 29 200
280 8 14 355
280 17 55 226
280 35 38 20
280 45 1 370
280 52 27 450
280 77 11 5
280 80 7 223
280 86 3 215
280 98 22 106
280 100 31 5
280 102 43 61
280 117 20 79
280 120 16 26
281 6 28 351
281 7 58 72
281 9 37 21
281 10 25 252
281 33 7 122
281 47 23 372
281 56 20 362
281 72 49 289
281 73 55 188
281 86 31 175
281 99 14 311
281 102 1 366
281 119 44 348
282 3 15 376
282 8 53 355
282 10 38 237
282 21 43 187
282 25 7 243
282 27 47 37
282 29 1 143
282 34 11 41
282 35 55 265
282 52 51 450
282 65 25 59
282 87 58 186
282 91 19 330
283 8 9 9
283 16 52 304
283 29 13 50
283 34 4 41
283 37 31 44
283 38 37 153
283 43 16 318
283 56 1 410
283 59 19 324
283 71 25 355
283 85 23 52
283 97 39 247
283 98 11 374
283 109 43 201
283 112 34 412
284 1 49 1
284 5 55 147
284 6 15 140
284 8 13 202
284 9 43 21
284 21 37 187
284 23 7 219
284 26 4 36
284 34 27 234
284 35 1 20
284 38 40 153
284 89 31 431
284 100 19 5
284 104 34 279
284 111 58 53
285 13 31 212
285 26 46 191
285 35 20 265
285 51 55 172
285 55 25 324
285 63 43 445
285 71 49 439
285 81 1 101
285 84 37 282
285 88 9 137
285 93 59 448
285 119 13 341
286 20 10 124
286 29 16 50
286 40 37 6
286 41 13 56
286 58 25 442
286 60 4 343
286 68 23 342
286 71 19 9
286 79 55 302
286 85 29 52
286 88 34 137
286 97 51 77
286 98 1 374
286 100 43 5
287 4 49 382
287 19 35 103
287 32 46 117
287 60 52 157
287 65 2 164
287 68 37 342
287 78 13 259
287 81 55 337
287 82 7 177
287 92 31 32
287 96 26 268
287 97 39 77
287 106 43 171
287 120 16 305
288 16 1 304
288 18 55 73
288 24 19 393
288 25 9 113
288 40 58 6
288 60 13 255
288 67 41 442
288 72 37 166
288 76 7 48
288 80 4 223
288 91 51 217
288 92 28 32
288 101 16 14
288 105 21 115
289 13 49 273
289 34 10 234
289 35 44 265
289 47 25 60
289 65 31 433
289 66 55 276
289 91 2 190
289 92 7 310
289 93 41 448
289 94 21 264
289 100 15 229
289 101 37 4
289 111 28 436
290 19 23 103
290 43 28 281
290 59 7 324
290 74 1 194
290 76 39 415
290 95 16 397
290 105 25 115
290 108 13 55
290 112 19 308
290 119 44 14
291 7 16 72
291 19 21 103
291 23 53 261
291 26 37 88
291 31 25 335
291 38 1 310
291 45 33 370
291 52 29 450
291 60 13 343
291 91 3 330
292 9 55 400
292 17 27 151
292 32 31 371
292 38 25 153
292 48 5 411
292 49 40 182
292 58 13 68
292 64 1 337
292 76 9 415
292 87 45 186
292 99 19 311
293 12 43 229
293 14 49 33
293 28 29 233
293 52 37 450
293 53 31 18
293 60 22 255
293 66 25 189
293 71 13 9
293 73 55 320
293 74 7 194
293 80 58 262
293 84 45 328
293 86 1 435
293 89 39 431
294 9 55 319
294 16 46 253
294 22 13 75
294 36 11 293
294 40 19 6
294 41 22 230
294 74 7 418
294 80 4 262
294 84 50 65
294 85 37 52
294 95 2 316
294 101 39 381
294 104 25 97
294 120 34 332
295 13 33 413
295 15 7 369
295 22 19 12
295 47 31 60
295 72 1 166
295 87 5 186
295 88 27 364
295 89 40 161
295 91 9 380
295 104 37 278
295 107 52 39
295 119 57 384
296 6 40 241
296 10 31 237
296 13 43 413
296 14 1 401
296 34 29 234
296 41 55 399
296 56 58 362
296 72 25 289
296 76 34 48
296 80 22 262
296 81 14 337
296 84 7 328
296 89 19 161
296 119 49 314
297 2 26 193
297 13 7 273
297 25 21 29
297 27 53 37
297 34 1 41
297 47 19 256
297 58 37 70
297 63 13 2
297 64 58 195
297 76 45 415
297 80 31 223
297 88 4 137
297 92 55 32
297 98 17 434
298 6 28 241
298 7 58 317
298 11 38 214
298 14 13 31
298 24 33 393
298 28 25 233
298 39 45 277
298 43 4 235
298 66 7 424
298 78 1 259
298 92 19 348
298 93 51 448
298 101 55 4
299 6 52 140
299 10 56 237
299 22 7 56
299 24 35 393
299 40 1 35
299 58 43 68
299 63 21 445
299 74 14 357
299 84 31 416
299 95 11 397
299 97 25 64
299 111 49 53
300 2 7 193
300 37 25 301
300 40 19 35
300 47 28 372
300 50 4 213
300 67 9 61
300 74 13 418
300 76 22 48
300 83 50 231
300 86 37 93
300 104 31 278
300 107 1 232
300 108 46 55
Điểm tối ưu: 3946
Thời gian: 359.987130 giây
Trạng thái: VALID
