1125
1 1 40 21
1 11 7 13
1 12 33 55
1 13 21 19
1 14 9 51
1 17 55 79
1 18 15 53
1 19 19 30
1 23 17 8
1 27 35 18
1 28 44 102
1 29 49 54
1 30 1 93
1 31 25 44
1 32 4 116
2 1 10 103
2 5 37 36
2 8 4 9
2 10 25 46
2 11 58 91
2 13 15 19
2 14 50 51
2 15 17 33
2 16 19 88
2 21 13 31
2 25 31 76
2 30 7 84
2 32 1 116
3 3 7 111
3 5 37 87
3 6 9 83
3 12 5 120
3 14 1 47
3 16 25 43
3 17 55 48
3 22 31 60
3 24 44 59
3 25 20 76
3 30 58 107
3 31 13 12
3 32 52 97
4 1 7 103
4 2 13 115
4 3 29 42
4 6 11 83
4 9 55 67
4 10 3 81
4 18 43 53
4 21 49 31
4 23 53 8
4 27 15 57
4 28 5 117
4 30 19 107
4 31 25 12
5 3 9 111
5 5 19 95
5 6 49 83
5 7 5 65
5 10 1 46
5 11 25 13
5 13 31 19
5 14 14 47
5 17 27 79
5 19 11 41
5 25 21 80
5 27 47 18
5 28 3 117
5 29 55 61
6 3 11 111
6 4 58 66
6 5 35 87
6 8 33 72
6 9 49 28
6 10 25 81
6 14 1 14
6 15 13 119
6 16 7 88
6 17 40 48
6 21 5 98
6 23 27 8
6 26 20 49
6 28 31 117
6 30 37 84
7 3 33 42
7 5 19 36
7 6 29 83
7 9 55 28
7 13 59 22
7 14 14 51
7 17 4 79
7 24 44 58
7 25 37 80
7 26 51 63
7 27 23 57
7 29 25 108
7 30 7 107
7 32 10 106
8 8 5 72
8 9 31 28
8 10 19 46
8 12 1 55
8 13 27 19
8 17 21 48
8 20 49 89
8 21 17 87
8 22 43 60
8 23 25 8
8 25 37 69
8 26 13 52
8 27 3 57
8 30 10 107
8 32 7 116
9 1 4 103
9 2 34 11
9 6 41 83
9 7 25 15
9 9 13 28
9 13 19 22
9 15 1 38
9 18 49 53
9 19 8 30
9 25 27 80
9 27 17 57
9 29 57 114
9 31 21 44
10 1 31 109
10 3 53 42
10 4 46 66
10 10 44 81
10 12 40 55
10 14 49 47
10 15 5 33
10 16 26 99
10 18 57 53
10 19 9 41
10 21 34 31
10 26 1 49
10 29 13 88
10 30 19 84
10 32 37 97
11 2 21 40
11 5 49 36
11 6 1 83
11 9 8 4
11 10 56 46
11 11 46 91
11 13 52 22
11 15 43 96
11 17 37 48
11 19 3 30
11 20 41 89
11 21 19 31
11 26 31 63
11 29 14 108
11 30 28 93
12 5 5 34
12 8 1 72
12 9 27 85
12 11 47 13
12 12 23 120
12 13 25 19
12 16 9 43
12 18 21 53
12 21 7 98
12 23 15 8
12 29 43 61
12 30 34 107
12 32 40 97
13 2 19 115
13 7 21 65
13 8 8 32
13 9 37 85
13 10 29 81
13 11 15 91
13 12 10 55
13 16 55 88
13 18 23 53
13 19 17 30
13 20 13 89
13 23 3 8
13 25 49 76
14 5 41 36
14 7 3 15
14 11 33 13
14 12 15 55
14 13 31 22
14 14 7 14
14 17 43 79
14 18 38 53
14 20 5 89
14 21 23 31
14 23 13 8
14 28 50 102
14 30 28 84
15 1 31 21
15 2 39 40
15 5 43 36
15 7 3 65
15 9 25 4
15 11 19 91
15 12 21 120
15 14 55 47
15 18 52 53
15 20 1 89
15 26 7 63
15 27 13 57
15 28 23 102
15 30 16 107
16 2 7 115
16 3 23 42
16 11 53 13
16 13 4 19
16 16 32 43
16 17 19 68
16 18 55 53
16 21 58 31
16 22 49 60
16 27 25 57
16 28 11 102
16 29 44 114
16 32 1 106
17 1 28 103
17 3 13 42
17 5 26 36
17 6 44 83
17 7 15 65
17 8 51 72
17 14 32 51
17 16 9 99
17 18 40 53
17 20 37 89
17 23 49 8
17 24 55 58
17 27 1 57
17 30 46 84
17 32 22 116
18 1 28 21
18 2 17 115
18 5 47 36
18 11 35 13
18 14 37 47
18 15 3 7
18 16 49 43
18 17 43 48
18 19 15 41
18 20 33 89
18 21 7 87
18 22 19 60
18 28 9 102
18 29 56 95
19 1 46 21
19 2 3 115
19 7 29 65
19 9 39 116
19 10 17 81
19 11 34 91
19 15 1 119
19 17 26 68
19 18 49 68
19 21 37 31
19 26 7 49
19 27 23 18
19 29 13 61
19 30 31 107
20 1 34 109
20 2 1 11
20 7 52 15
20 8 9 72
20 10 17 46
20 12 29 120
20 14 25 51
20 15 3 38
20 16 21 43
20 18 13 53
20 21 41 31
20 23 39 8
20 25 43 76
20 27 11 18
21 3 56 42
21 4 40 66
21 8 35 72
21 11 31 13
21 13 47 19
21 16 13 82
21 17 58 48
21 18 25 53
21 19 19 41
21 21 3 98
21 23 1 8
21 28 38 102
21 29 49 61
21 30 10 93
22 1 34 103
22 2 5 11
22 5 28 87
22 6 17 83
22 8 25 72
22 10 11 81
22 11 23 91
22 15 7 33
22 16 19 82
22 18 45 53
22 21 1 31
22 27 3 18
22 28 40 102
23 3 1 42
23 6 3 83
23 8 8 9
23 10 21 81
23 11 37 13
23 12 29 55
23 14 39 14
23 17 58 79
23 18 31 53
23 19 34 41
23 22 25 37
23 25 13 74
23 26 51 49
23 30 55 84
23 31 43 44
24 1 16 103
24 2 14 11
24 3 5 42
24 4 31 66
24 6 59 83
24 7 49 15
24 11 3 91
24 12 25 55
24 14 20 12
24 16 55 82
24 17 8 48
24 18 35 53
24 19 43 30
24 28 47 117
25 1 28 109
25 3 49 42
25 4 52 66
25 5 22 87
25 9 43 67
25 11 3 13
25 12 17 55
25 19 55 30
25 22 37 37
25 23 57 8
25 24 31 58
25 27 11 57
25 30 13 107
25 31 7 12
25 32 25 97
26 2 25 11
26 3 7 42
26 5 19 34
26 10 11 46
26 12 53 120
26 13 5 22
26 15 28 38
26 16 13 99
26 17 21 79
26 19 17 41
26 20 9 89
26 22 1 60
26 26 43 49
26 31 49 12
26 32 31 97
27 1 49 109
27 4 4 66
27 5 33 36
27 8 16 72
27 9 9 67
27 11 59 13
27 13 39 22
27 15 23 33
27 16 43 88
27 17 1 79
27 21 56 31
27 27 7 57
27 29 19 114
27 32 13 116
28 1 37 21
28 5 47 87
28 7 25 65
28 8 27 72
28 14 13 14
28 20 21 89
28 21 51 31
28 23 23 8
28 24 31 59
28 25 55 69
28 26 43 63
28 29 1 56
28 30 40 107
28 31 8 44
29 1 39 103
29 5 53 36
29 12 15 120
29 13 17 22
29 14 56 14
29 16 31 99
29 17 1 48
29 21 9 98
29 22 25 60
29 24 19 58
29 28 35 102
29 29 49 114
29 30 4 93
29 31 45 90
30 1 8 109
30 2 27 115
30 3 13 111
30 6 33 83
30 10 5 81
30 11 49 91
30 13 11 22
30 19 23 41
30 21 21 31
30 22 1 37
30 26 37 49
30 27 25 18
30 28 15 117
30 31 43 12
31 2 23 115
31 5 31 36
31 6 39 83
31 7 19 65
31 8 11 72
31 9 7 85
31 13 50 22
31 15 26 119
31 17 13 48
31 20 29 89
31 27 21 18
31 28 33 102
31 30 16 93
31 31 2 90
32 1 8 21
32 5 35 36
32 7 1 15
32 12 3 120
32 13 11 19
32 16 51 82
32 19 49 41
32 24 55 59
32 25 15 76
32 26 37 63
32 28 13 117
32 31 31 90
32 32 19 116
33 1 31 103
33 2 29 40
33 4 1 66
33 5 58 36
33 9 44 116
33 10 5 46
33 14 38 51
33 15 55 38
33 16 25 82
33 17 10 79
33 18 8 53
33 19 13 30
33 24 20 59
33 29 15 114
33 30 34 93
34 1 34 21
34 3 19 42
34 5 56 36
34 8 29 72
34 9 25 116
34 10 39 81
34 12 9 120
34 13 23 22
34 19 31 30
34 22 14 37
34 25 3 74
34 28 1 117
35 2 41 115
35 4 55 66
35 5 39 36
35 8 17 32
35 13 37 22
35 16 19 99
35 20 25 89
35 21 5 87
35 23 7 8
35 24 50 58
35 26 1 63
35 27 27 18
35 28 9 117
35 31 31 12
36 1 55 21
36 3 21 42
36 5 1 34
36 6 7 83
36 7 19 15
36 9 45 85
36 11 32 91
36 14 49 14
36 16 3 82
36 19 40 30
36 23 43 8
36 26 14 49
36 27 9 57
36 30 25 84
37 1 52 109
37 3 39 42
37 4 22 66
37 5 49 87
37 6 55 83
37 9 43 28
37 10 31 81
37 11 41 13
37 13 47 22
37 17 33 48
37 18 29 53
37 21 9 87
37 25 25 76
37 28 17 117
37 32 13 106
38 2 25 40
38 5 3 95
38 6 20 83
38 7 31 15
38 10 9 46
38 11 56 13
38 17 28 48
38 20 47 89
38 25 33 74
38 26 13 63
38 27 1 18
38 28 17 102
38 29 38 95
38 30 22 107
39 3 46 42
39 6 31 83
39 7 40 15
39 8 11 9
39 11 44 13
39 13 13 19
39 15 9 33
39 21 19 98
39 23 21 8
39 26 56 49
39 27 27 57
39 30 49 107
39 31 1 12
39 32 16 116
40 5 31 87
40 8 1 9
40 9 37 28
40 11 13 91
40 12 11 120
40 13 35 22
40 14 20 14
40 19 15 30
40 20 3 89
40 23 33 8
40 26 50 52
40 30 25 93
40 31 7 90
41 2 10 11
41 3 17 111
41 9 3 67
41 10 1 81
41 11 21 91
41 12 31 55
41 14 43 51
41 16 38 82
41 21 29 31
41 22 13 60
41 23 51 8
41 24 25 59
41 27 7 18
41 28 56 117
42 2 9 40
42 5 11 36
42 8 4 32
42 9 19 28
42 13 17 19
42 16 26 35
42 18 33 53
42 19 7 41
42 21 46 31
42 23 35 8
42 25 51 74
42 26 37 52
42 28 23 117
42 30 13 84
42 32 1 97
43 5 9 95
43 7 11 65
43 9 1 4
43 10 35 81
43 11 15 13
43 12 17 120
43 13 57 22
43 14 27 47
43 16 19 35
43 19 5 41
43 20 51 89
43 21 25 31
43 28 7 117
43 29 31 56
43 31 37 90
44 1 43 21
44 3 35 42
44 5 29 36
44 6 53 83
44 8 31 72
44 12 13 55
44 15 9 119
44 19 5 30
44 20 17 89
44 21 39 31
44 25 1 76
44 28 7 102
44 31 25 90
44 32 49 97
45 1 25 109
45 2 35 115
45 3 41 42
45 5 20 87
45 7 17 65
45 8 13 72
45 9 31 67
45 13 28 22
45 16 43 43
45 19 10 30
45 20 55 89
45 21 15 31
45 29 1 114
45 32 7 106
46 1 3 21
46 5 13 95
46 8 17 9
46 10 23 81
46 11 1 91
46 13 19 19
46 15 15 119
46 20 7 89
46 24 9 58
46 25 44 39
46 26 31 49
46 28 27 102
46 29 49 108
46 30 37 93
47 1 19 109
47 5 7 95
47 7 28 15
47 9 55 4
47 10 14 46
47 12 43 55
47 17 16 79
47 19 22 30
47 21 5 31
47 22 32 37
47 24 1 59
47 25 38 39
47 27 9 18
47 28 52 102
47 30 25 107
48 1 40 109
48 2 23 40
48 4 13 66
48 7 27 65
48 12 7 55
48 15 25 96
48 16 49 88
48 18 1 53
48 19 37 30
48 21 17 31
48 25 55 39
48 26 3 52
48 27 33 18
48 30 20 93
48 32 10 97
49 2 1 40
49 5 5 36
49 9 37 4
49 12 51 120
49 16 43 99
49 21 3 31
49 22 55 37
49 23 41 8
49 24 7 59
49 28 11 117
49 30 31 93
49 31 19 90
49 32 28 97
50 1 15 109
50 3 3 111
50 9 21 67
50 11 13 13
50 12 1 120
50 13 29 19
50 15 31 33
50 16 9 35
50 17 25 48
50 18 7 68
50 22 37 60
50 23 19 8
50 32 46 97
51 2 19 11
51 4 7 66
51 9 14 67
51 11 37 91
51 13 25 22
51 14 45 14
51 15 28 96
51 17 33 79
51 20 43 89
51 21 1 98
51 23 10 8
51 25 51 69
51 28 4 102
51 29 21 95
52 1 22 109
52 2 29 11
52 5 45 36
52 6 5 83
52 9 13 85
52 13 8 19
52 14 32 14
52 16 25 88
52 17 39 79
52 24 1 58
52 30 49 93
52 31 55 44
53 1 1 103
53 3 45 111
53 4 49 66
53 8 19 9
53 9 55 85
53 12 35 120
53 14 13 77
53 17 4 48
53 18 9 68
53 19 21 41
53 20 39 89
53 21 7 31
53 25 25 69
53 27 29 57
53 28 53 117
54 1 56 109
54 2 29 115
54 5 15 36
54 7 13 65
54 9 19 85
54 10 7 46
54 11 39 13
54 14 1 77
54 15 5 119
54 19 45 30
54 22 49 37
54 24 25 58
54 25 9 76
54 26 33 52
54 27 31 18
55 2 4 40
55 9 15 4
55 11 8 91
55 12 23 55
55 14 44 47
55 15 25 33
55 16 37 43
55 20 27 89
55 21 10 31
55 22 19 37
55 25 31 69
55 27 13 18
55 28 2 102
55 32 57 106
56 1 13 103
56 2 17 11
56 3 31 42
56 4 37 66
56 9 8 28
56 10 27 81
56 11 22 13
56 13 1 22
56 17 51 79
56 20 35 89
56 26 55 63
56 28 46 102
56 30 3 107
56 32 43 97
57 1 25 103
57 3 1 111
57 6 22 83
57 7 37 65
57 9 3 28
57 11 44 91
57 15 7 96
57 16 33 88
57 19 28 41
57 23 31 8
57 24 50 59
57 27 19 18
57 30 10 84
57 32 16 106
58 1 44 109
58 2 23 11
58 5 9 36
58 6 47 83
58 7 11 15
58 9 25 67
58 10 7 81
58 14 19 47
58 18 17 53
58 19 1 41
58 30 3 84
58 31 57 90
58 32 14 97
59 2 35 40
59 3 15 42
59 5 25 87
59 6 57 83
59 9 49 85
59 10 21 46
59 11 19 13
59 12 47 55
59 16 31 35
59 18 10 53
59 19 3 41
59 23 5 8
59 29 27 114
59 30 44 107
59 31 38 12
60 2 5 115
60 9 31 85
60 11 40 91
60 13 3 22
60 15 1 96
60 17 22 68
60 18 27 53
60 19 25 30
60 20 15 89
60 22 55 60
60 26 43 52
60 27 19 57
60 28 29 102
60 30 7 93
60 31 49 44
61 1 19 103
61 2 27 40
61 3 5 111
61 5 23 36
61 6 37 83
61 7 7 15
61 8 39 72
61 10 13 81
61 12 50 55
61 15 9 7
61 19 1 30
61 21 3 87
61 25 15 69
61 32 34 97
62 2 15 115
62 3 25 42
62 6 51 83
62 9 27 28
62 10 3 46
62 14 31 47
62 15 1 7
62 16 38 99
62 17 7 79
62 20 11 89
62 25 19 69
62 27 5 18
62 28 13 102
62 29 43 108
62 30 56 93
63 1 15 21
63 4 34 66
63 7 1 65
63 8 13 9
63 9 43 19
63 10 27 46
63 11 55 91
63 12 19 120
63 13 21 22
63 15 3 119
63 20 57 89
63 25 7 74
63 27 5 57
63 29 37 114
63 30 52 93
64 1 43 103
64 3 59 42
64 5 1 36
64 6 15 83
64 7 37 15
64 8 21 72
64 13 41 22
64 15 9 96
64 16 49 99
64 25 3 69
64 26 25 52
64 27 39 57
64 28 19 117
64 32 56 97
65 1 25 21
65 2 41 40
65 7 45 15
65 8 13 32
65 11 1 13
65 13 33 22
65 14 20 51
65 17 15 68
65 18 3 53
65 19 35 30
65 21 31 31
65 25 7 69
65 28 29 117
65 29 49 56
65 30 37 107
66 1 46 103
66 5 15 87
66 9 38 67
66 10 23 46
66 11 5 13
66 12 7 120
66 13 9 22
66 16 1 99
66 17 49 48
66 19 13 41
66 21 43 31
66 29 25 61
66 32 19 97
67 2 11 115
67 3 3 42
67 4 19 66
67 5 13 36
67 8 23 72
67 9 37 19
67 11 5 91
67 13 55 22
67 17 16 48
67 19 25 41
67 23 29 8
67 25 57 76
67 28 27 117
67 29 31 114
67 32 7 97
68 1 55 103
68 4 28 66
68 5 5 95
68 6 25 83
68 7 13 15
68 9 19 4
68 11 11 13
68 14 7 47
68 15 15 96
68 16 45 82
68 20 53 89
68 24 38 58
68 25 32 80
68 27 43 18
68 31 1 44
69 2 7 40
69 3 10 42
69 6 13 83
69 9 31 4
69 12 21 55
69 14 25 14
69 15 19 119
69 16 37 88
69 20 45 89
69 21 1 87
69 29 49 95
69 31 15 90
69 32 4 106
70 1 4 109
70 3 44 42
70 5 1 108
70 6 27 83
70 8 7 72
70 11 25 91
70 14 55 51
70 15 13 96
70 16 9 82
70 17 46 48
70 20 19 89
70 25 37 76
70 27 17 18
70 28 15 102
70 32 22 97
71 1 50 21
71 5 21 36
71 8 10 32
71 11 28 13
71 12 4 55
71 13 1 19
71 16 55 99
71 18 19 53
71 20 31 89
71 21 14 98
71 24 37 59
71 25 43 69
71 28 59 102
71 29 33 61
72 2 13 40
72 3 19 111
72 5 7 36
72 16 55 43
72 19 47 30
72 20 23 89
72 21 27 31
72 22 43 37
72 27 15 18
72 28 25 102
72 29 9 61
72 30 52 107
72 31 38 44
72 32 4 97
73 1 21 21
73 2 1 115
73 3 51 42
73 8 19 72
73 9 44 4
73 11 17 91
73 15 11 112
73 17 13 79
73 22 7 37
73 23 37 8
73 26 55 52
73 29 3 61
73 30 28 107
73 31 32 44
74 3 37 42
74 4 43 66
74 5 17 36
74 8 15 9
74 10 9 81
74 11 28 91
74 13 23 19
74 15 5 38
74 16 1 88
74 21 11 87
74 26 19 63
74 28 31 102
74 30 55 107
74 31 49 90
74 32 33 106
75 4 10 66
75 5 51 36
75 7 7 65
75 13 44 22
75 16 3 43
75 18 1 68
75 19 33 30
75 21 13 87
75 23 47 8
75 26 26 49
75 27 49 57
75 28 21 102
75 30 16 84
75 31 55 12
76 2 11 40
76 3 17 42
76 4 25 66
76 8 1 32
76 9 49 67
76 10 19 81
76 15 35 33
76 18 4 68
76 19 28 30
76 20 59 89
76 22 7 60
76 24 13 59
76 26 21 52
76 27 33 57
76 30 44 93
77 1 1 109
77 2 44 115
77 4 16 66
77 8 22 32
77 11 49 13
77 12 13 120
77 15 7 38
77 16 32 82
77 18 59 53
77 26 25 63
77 27 29 18
77 29 37 61
77 32 10 116
78 2 16 40
78 3 27 42
78 7 23 65
78 9 1 85
78 12 19 55
78 13 14 22
78 15 25 38
78 17 52 48
78 18 5 53
78 21 11 98
78 26 7 52
78 27 21 57
78 29 31 108
79 1 22 103
79 7 5 15
79 8 20 32
79 11 17 13
79 12 27 55
79 13 7 22
79 14 1 51
79 15 29 112
79 18 47 53
79 23 45 8
79 24 13 58
79 28 25 117
79 29 9 114
80 1 37 109
80 6 35 83
80 7 56 65
80 8 3 72
80 9 49 4
80 10 33 81
80 11 10 91
80 12 25 120
80 17 46 79
80 18 13 68
80 21 53 31
80 28 19 102
80 29 21 61
80 30 40 93
80 31 15 44
Điểm tối ưu: 1125
Thời gian: 179.985172 giây
Trạng thái: VALID
