1423
1 1 15 106
1 5 43 23
1 7 56 17
1 8 31 34
1 10 41 68
1 11 33 58
1 12 23 26
1 17 49 79
1 18 1 123
1 23 19 149
1 28 25 141
1 30 13 85
1 32 4 8
1 37 28 77
1 38 8 74
2 4 5 81
2 5 1 23
2 10 35 131
2 11 28 103
2 15 13 107
2 16 22 54
2 17 43 21
2 21 31 88
2 27 33 98
2 28 16 111
2 30 20 85
2 31 8 70
2 32 25 8
2 36 37 72
2 39 49 52
3 1 1 106
3 6 25 16
3 7 16 17
3 8 29 34
3 11 5 139
3 12 27 26
3 13 13 66
3 14 22 62
3 17 49 2
3 21 35 40
3 22 37 138
3 24 39 139
3 26 31 125
3 33 19 121
3 38 8 127
4 2 7 41
4 3 39 132
4 4 11 15
4 5 14 23
4 6 22 95
4 10 37 131
4 11 31 58
4 18 4 123
4 20 2 116
4 24 49 135
4 26 26 104
4 28 19 134
4 31 33 70
4 35 43 136
4 39 55 52
5 2 13 41
5 6 17 30
5 13 4 66
5 14 25 62
5 16 29 9
5 17 44 42
5 18 7 123
5 19 41 78
5 21 23 29
5 24 37 135
5 25 1 92
5 27 35 98
5 31 19 70
5 33 10 121
5 37 31 77
6 5 26 23
6 8 17 34
6 9 1 46
6 10 43 131
6 15 19 107
6 19 35 126
6 20 7 116
6 24 39 145
6 25 9 92
6 26 31 104
6 27 37 98
6 34 4 69
6 37 22 77
6 38 13 74
6 39 45 52
7 1 7 106
7 3 2 132
7 8 22 34
7 11 4 145
7 16 29 54
7 21 33 88
7 24 55 100
7 25 13 25
7 27 31 98
7 28 19 48
7 30 11 85
7 31 25 70
7 36 37 13
7 39 43 117
7 40 16 115
8 2 19 41
8 4 13 15
8 5 32 23
8 6 15 95
8 11 17 103
8 13 7 66
8 16 50 9
8 18 10 123
8 19 23 126
8 23 26 91
8 24 43 139
8 25 4 25
8 26 37 104
8 32 1 8
8 36 52 13
9 1 20 106
9 6 13 95
9 11 31 103
9 13 40 56
9 14 10 62
9 16 3 54
9 19 28 78
9 20 1 84
9 21 56 40
9 22 52 138
9 25 34 92
9 26 15 104
9 32 7 8
9 35 25 136
9 40 5 127
10 1 25 106
10 2 33 41
10 3 4 132
10 11 51 139
10 14 43 62
10 21 29 29
10 22 59 138
10 25 19 92
10 27 22 98
10 31 37 70
10 33 1 140
10 34 31 69
10 35 9 147
10 38 14 127
10 40 7 115
11 1 31 106
11 3 7 132
11 4 23 15
11 7 4 17
11 11 35 103
11 12 11 26
11 13 1 66
11 19 37 126
11 22 39 138
11 23 19 32
11 25 16 60
11 29 25 19
11 32 13 8
11 33 28 140
11 34 9 69
12 12 17 26
12 14 19 62
12 17 43 79
12 19 37 78
12 20 26 84
12 22 28 138
12 24 33 145
12 25 4 60
12 28 22 134
12 30 7 85
12 31 13 70
12 32 10 8
12 34 2 69
12 36 40 13
12 40 31 115
13 1 37 106
13 2 25 41
13 4 16 81
13 6 11 30
13 10 46 131
13 18 13 123
13 20 4 116
13 22 31 138
13 24 33 135
13 25 1 25
13 26 20 104
13 33 7 140
13 36 43 72
13 39 50 117
13 40 55 115
14 2 37 41
14 5 7 23
14 6 19 95
14 7 13 17
14 8 33 34
14 15 25 107
14 16 11 9
14 17 50 42
14 22 21 138
14 30 5 85
14 31 43 70
14 33 16 140
14 36 28 72
14 38 1 127
14 40 23 127
15 1 43 106
15 2 1 41
15 11 19 145
15 16 5 54
15 17 37 33
15 18 16 123
15 19 28 133
15 23 21 91
15 26 49 104
15 28 13 111
15 29 7 89
15 32 32 8
15 33 10 140
15 36 25 72
15 39 55 5
16 1 49 106
16 7 1 17
16 8 25 34
16 12 19 26
16 13 10 66
16 16 16 9
16 17 37 42
16 19 23 133
16 20 45 116
16 21 21 88
16 25 4 92
16 26 55 104
16 27 27 98
16 33 13 140
16 34 7 69
17 1 55 106
17 2 43 41
17 6 32 30
17 9 4 46
17 11 37 103
17 16 13 54
17 20 7 84
17 25 1 60
17 29 10 89
17 30 15 85
17 33 25 140
17 36 34 72
17 38 20 74
17 39 49 112
17 40 29 127
18 2 49 41
18 7 19 17
18 9 1 96
18 10 37 71
18 19 33 126
18 23 7 32
18 24 44 56
18 27 29 98
18 29 4 19
18 30 22 85
18 32 16 8
18 33 13 121
18 35 25 147
18 39 39 52
18 40 11 5
19 2 56 41
19 6 25 30
19 8 5 34
19 10 23 131
19 11 47 103
19 13 16 66
19 15 7 107
19 21 27 29
19 22 49 138
19 23 1 32
19 27 45 98
19 28 10 48
19 36 40 72
19 37 13 77
19 38 19 127
20 3 9 132
20 4 25 55
20 6 7 30
20 9 22 96
20 11 39 103
20 12 5 26
20 13 19 66
20 14 13 62
20 19 32 78
20 20 11 116
20 24 55 135
20 28 16 134
20 31 1 70
20 37 34 77
21 4 9 81
21 6 7 95
21 8 11 44
21 11 22 58
21 17 56 2
21 20 13 84
21 21 31 29
21 23 15 32
21 24 43 145
21 27 39 98
21 28 3 48
21 30 1 85
21 34 33 69
21 37 19 77
21 38 25 127
22 3 11 132
22 6 9 30
22 8 13 44
22 10 17 71
22 12 7 26
22 15 1 107
22 16 4 9
22 18 19 123
22 20 33 116
22 24 25 135
22 27 15 98
22 31 57 70
22 33 51 140
22 39 39 117
23 7 7 17
23 9 43 96
23 11 35 58
23 12 14 26
23 13 25 66
23 16 1 9
23 18 22 123
23 21 20 40
23 22 33 138
23 25 10 25
23 28 4 141
23 30 55 85
23 31 49 70
23 37 16 77
23 39 37 112
24 3 13 132
24 6 1 30
24 7 10 17
24 8 7 44
24 9 4 96
24 11 15 103
24 13 22 66
24 15 28 107
24 18 25 123
24 23 44 32
24 26 37 125
24 27 41 98
24 30 17 85
24 35 19 147
24 39 31 117
25 3 15 132
25 4 1 81
25 5 19 23
25 8 13 34
25 9 7 96
25 11 5 58
25 12 52 26
25 15 10 107
25 19 23 78
25 21 25 29
25 26 43 104
25 27 17 98
25 30 3 85
25 36 38 143
25 40 35 127
26 1 1 27
26 5 37 23
26 8 35 34
26 9 10 96
26 17 55 79
26 18 28 123
26 19 41 126
26 22 5 138
26 23 31 91
26 26 19 125
26 29 7 19
26 30 25 85
26 34 14 69
26 36 16 72
26 40 45 5
27 3 17 132
27 4 1 15
27 5 49 23
27 7 22 17
27 8 5 44
27 14 28 62
27 17 13 79
27 18 31 123
27 20 3 84
27 27 11 98
27 31 7 102
27 32 19 8
27 33 34 140
27 37 25 77
27 39 37 5
28 4 5 15
28 5 55 23
28 7 25 17
28 10 23 68
28 11 10 58
28 12 21 26
28 15 16 107
28 18 34 123
28 21 13 29
28 22 19 138
28 25 7 25
28 32 37 8
28 36 28 13
28 37 49 77
28 38 1 74
29 1 7 27
29 5 49 109
29 7 28 17
29 10 11 68
29 12 25 26
29 14 16 62
29 18 38 123
29 20 5 84
29 25 13 92
29 31 1 102
29 32 22 8
29 36 19 143
29 39 31 52
29 40 41 127
30 1 13 27
30 4 7 55
30 6 23 30
30 8 9 34
30 13 28 66
30 17 37 86
30 18 43 123
30 22 17 138
30 24 50 145
30 28 20 141
30 29 1 89
30 33 4 121
30 34 11 69
30 37 56 77
30 39 31 5
31 3 19 132
31 7 37 17
31 10 17 131
31 14 7 62
31 16 10 54
31 19 47 126
31 24 21 135
31 26 13 125
31 27 25 98
31 33 4 140
31 35 43 147
31 37 40 77
31 38 31 127
31 39 27 117
31 40 1 28
32 3 21 132
32 5 1 12
32 7 34 17
32 9 7 46
32 10 5 68
32 11 13 139
32 12 44 26
32 13 31 66
32 30 37 85
32 31 39 102
32 32 28 8
32 34 16 69
32 35 10 136
32 36 46 72
33 1 19 27
33 4 5 55
33 5 1 109
33 8 25 44
33 9 10 46
33 10 29 68
33 14 34 62
33 15 37 107
33 20 13 116
33 30 27 85
33 31 15 102
33 32 40 8
33 33 31 140
33 34 23 69
33 36 7 143
34 1 26 27
34 3 49 132
34 5 13 12
34 8 59 34
34 11 7 103
34 12 35 26
34 14 4 62
34 15 22 107
34 17 51 33
34 19 11 133
34 20 9 84
34 26 43 125
34 33 1 121
34 37 37 77
34 38 31 74
35 1 31 27
35 4 47 81
35 7 40 17
35 8 11 34
35 9 14 46
35 14 1 62
35 16 17 54
35 19 35 133
35 22 43 138
35 23 25 32
35 26 49 125
35 27 53 98
35 28 7 141
35 33 20 140
35 37 4 77
36 1 38 27
36 5 13 109
36 12 31 26
36 15 4 107
36 20 9 116
36 21 7 88
36 28 22 48
36 29 43 89
36 30 29 85
36 33 50 121
36 34 19 69
36 35 33 136
36 38 25 74
36 39 55 75
36 40 1 5
37 1 43 27
37 6 5 30
37 14 37 62
37 15 40 107
37 17 55 33
37 20 15 116
37 21 7 40
37 23 1 91
37 29 25 89
37 31 31 102
37 34 21 69
37 36 28 143
37 37 9 77
37 39 49 5
37 40 59 127
38 1 49 27
38 4 7 81
38 6 19 16
38 8 1 44
38 11 29 139
38 13 37 66
38 14 58 62
38 16 9 9
38 21 5 40
38 22 11 138
38 25 16 92
38 26 25 125
38 35 13 136
38 36 31 143
38 40 3 5
39 1 55 27
39 4 10 55
39 7 31 17
39 10 47 68
39 11 15 139
39 12 1 26
39 20 17 116
39 24 43 135
39 25 19 25
39 30 34 85
39 31 27 102
39 33 7 121
39 34 25 69
39 35 3 136
40 6 19 30
40 9 13 96
40 12 29 26
40 14 31 62
40 15 34 107
40 19 7 78
40 20 11 84
40 24 21 145
40 28 1 134
40 30 9 85
40 34 27 69
40 35 4 147
40 39 38 75
40 40 17 5
41 3 23 132
41 4 13 55
41 6 21 16
41 7 43 17
41 8 19 44
41 14 46 62
41 15 49 107
41 17 25 79
41 23 7 91
41 29 1 19
41 30 31 85
41 33 16 121
41 38 37 74
41 39 33 95
42 5 7 12
42 7 46 17
42 9 19 46
42 20 58 84
42 27 2 98
42 28 13 48
42 30 41 85
42 34 29 69
42 35 49 136
42 36 4 13
42 37 52 77
42 38 37 127
42 39 25 52
43 3 25 132
43 8 51 44
43 9 16 96
43 10 27 68
43 12 3 26
43 14 40 62
43 17 43 33
43 19 5 133
43 21 1 88
43 24 7 135
43 31 19 102
43 32 56 8
43 35 13 147
43 36 31 72
44 4 53 15
44 5 7 109
44 6 23 16
44 7 49 17
44 16 1 54
44 17 19 33
44 18 46 123
44 24 13 135
44 30 39 85
44 31 55 102
44 34 35 69
44 36 25 143
44 39 31 75
44 40 3 28
45 4 34 55
45 5 25 109
45 6 29 16
45 9 19 96
45 11 4 103
45 14 50 62
45 17 14 33
45 19 46 78
45 24 55 145
45 28 1 141
45 33 37 140
45 35 7 136
45 36 10 143
45 37 43 77
46 9 25 96
46 10 15 131
46 11 11 103
46 12 9 26
46 15 31 107
46 17 19 42
46 18 49 123
46 21 4 88
46 22 7 138
46 27 13 98
46 32 52 8
46 37 1 77
46 38 43 127
47 3 27 132
47 10 7 68
47 17 31 79
47 18 52 123
47 19 11 126
47 21 5 29
47 22 9 138
47 23 13 91
47 24 55 3
47 26 1 104
47 30 46 85
47 32 43 8
47 35 22 147
47 36 19 72
48 3 29 132
48 4 11 81
48 14 55 62
48 17 25 33
48 19 31 126
48 21 19 29
48 22 13 138
48 24 21 100
48 26 7 104
48 28 1 111
48 31 49 102
48 35 16 147
48 38 43 74
48 40 5 5
49 7 52 17
49 12 33 26
49 13 56 66
49 14 7 36
49 16 15 54
49 20 19 116
49 22 35 138
49 23 1 149
49 25 22 25
49 26 25 24
49 27 47 98
49 31 43 102
49 37 37 47
49 40 5 28
50 5 19 12
50 6 11 95
50 7 1 82
50 9 28 96
50 10 31 131
50 14 4 36
50 17 37 2
50 19 14 133
50 20 23 84
50 21 33 29
50 23 7 149
50 24 49 3
50 25 16 25
50 28 25 48
50 39 43 112
51 3 33 132
51 4 17 55
51 6 9 95
51 7 4 82
51 9 22 46
51 18 55 123
51 20 15 84
51 24 49 56
51 32 46 8
51 33 25 121
51 35 19 136
51 37 28 42
51 39 39 95
51 40 1 115
52 7 7 82
52 12 46 26
52 14 32 16
52 16 26 54
52 19 5 78
52 23 39 91
52 24 13 100
52 28 10 134
52 30 43 85
52 31 1 37
52 32 49 8
52 33 22 121
52 34 37 69
52 39 56 112
53 4 15 55
53 6 5 95
53 11 13 145
53 12 37 26
53 14 10 16
53 19 17 133
53 25 7 60
53 26 55 125
53 27 43 98
53 30 52 85
53 32 2 39
53 33 40 140
53 35 22 136
53 37 19 47
53 40 47 127
54 2 51 130
54 4 19 55
54 6 13 30
54 7 10 82
54 11 21 103
54 13 34 66
54 14 1 36
54 16 7 54
54 19 25 133
54 23 37 32
54 28 46 111
54 32 58 39
54 34 43 69
54 35 28 147
55 15 57 107
55 16 47 54
55 21 1 29
55 23 31 32
55 27 5 98
55 28 14 141
55 30 50 85
55 31 7 37
55 33 28 121
55 34 39 69
55 35 52 136
55 36 22 72
55 39 43 95
55 40 3 115
56 4 50 15
56 8 3 44
56 9 26 46
56 10 38 68
56 11 1 145
56 16 31 54
56 22 41 138
56 23 43 91
56 28 10 141
56 29 14 89
56 30 58 85
56 31 20 37
56 32 7 39
56 33 55 140
56 39 33 112
57 3 31 132
57 4 3 15
57 14 13 36
57 16 19 54
57 17 55 86
57 19 5 126
57 22 1 138
57 23 49 91
57 25 10 60
57 26 21 24
57 27 7 98
57 31 43 93
57 33 33 121
57 35 38 147
57 37 25 47
58 5 26 12
58 6 35 16
58 7 14 82
58 8 1 34
58 14 21 36
58 19 8 126
58 23 50 32
58 26 31 24
58 29 4 89
58 31 38 37
58 32 10 39
58 35 46 136
58 37 56 47
58 40 19 115
59 6 59 16
59 7 19 82
59 14 10 36
59 16 22 9
59 19 37 133
59 21 17 40
59 22 25 138
59 24 27 145
59 26 1 125
59 27 55 98
59 31 13 37
59 35 32 147
59 38 49 74
59 40 7 28
60 3 37 132
60 5 43 12
60 9 31 46
60 10 34 68
60 13 40 66
60 14 1 16
60 15 4 2
60 17 25 86
60 18 58 123
60 20 47 116
60 26 7 125
60 31 49 93
60 35 16 136
60 36 13 72
60 39 19 112
61 4 21 55
61 5 31 12
61 6 40 30
61 7 37 82
61 10 19 68
61 15 43 107
61 17 49 86
61 19 7 133
61 20 17 84
61 21 9 29
61 24 1 139
61 29 46 89
61 31 25 37
61 32 14 39
61 36 55 72
62 4 28 55
62 7 31 82
62 9 37 96
62 12 41 26
62 13 45 66
62 14 4 16
62 18 1 130
62 20 23 116
62 24 49 100
62 25 25 25
62 26 8 24
62 29 57 89
62 37 13 83
63 4 13 81
63 7 22 82
63 11 25 103
63 12 39 26
63 13 49 66
63 15 46 107
63 16 19 9
63 18 4 130
63 25 28 25
63 26 55 24
63 28 7 134
63 30 17 93
63 34 41 69
63 35 1 147
64 3 57 132
64 4 19 81
64 14 16 36
64 20 25 116
64 22 23 138
64 26 49 24
64 27 9 98
64 30 41 123
64 32 38 39
64 33 34 47
64 34 45 69
64 35 28 136
64 37 31 47
64 39 2 117
65 3 55 132
65 7 25 82
65 8 9 44
65 9 34 46
65 16 40 54
65 22 3 138
65 23 14 149
65 32 20 39
65 33 37 121
65 34 47 69
65 37 28 47
65 38 50 127
65 39 57 95
65 40 7 5
66 5 37 12
66 7 28 82
66 17 19 79
66 18 7 130
66 21 10 88
66 22 47 138
66 23 55 32
66 25 31 25
66 26 13 24
66 28 4 134
66 31 43 37
66 35 25 80
66 36 1 72
66 39 50 75
67 3 41 132
67 4 50 55
67 7 34 82
67 9 37 46
67 11 13 103
67 12 29 46
67 13 52 66
67 14 46 36
67 16 7 9
67 20 27 116
67 22 15 138
67 23 56 91
67 29 10 19
67 37 1 42
68 4 26 81
68 9 40 46
68 10 7 131
68 12 49 26
68 13 2 56
68 15 52 107
68 18 10 130
68 20 19 84
68 24 31 100
68 25 22 92
68 26 43 24
68 28 28 141
68 39 13 52
68 40 5 115
69 8 35 44
69 9 31 96
69 11 7 58
69 12 59 26
69 14 28 36
69 15 1 2
69 17 9 33
69 23 38 149
69 25 13 60
69 29 20 89
69 32 25 39
69 34 49 69
69 35 46 147
69 38 55 74
70 6 38 16
70 7 40 82
70 13 8 56
70 16 25 9
70 18 13 130
70 19 50 78
70 20 21 84
70 24 56 139
70 29 16 19
70 31 33 93
70 32 28 39
70 35 52 147
70 37 46 77
70 39 1 52
70 40 11 28
71 7 46 82
71 8 22 44
71 9 43 46
71 11 49 139
71 14 7 16
71 15 13 2
71 17 37 79
71 21 11 29
71 23 26 149
71 25 19 60
71 26 1 24
71 28 16 48
71 29 31 89
71 34 51 69
71 36 34 143
72 3 43 132
72 7 49 82
72 14 25 36
72 15 16 2
72 17 45 86
72 20 38 84
72 28 28 48
72 29 13 19
72 31 31 37
72 34 59 69
72 35 40 136
72 37 1 83
72 38 55 127
72 40 9 115
73 3 47 132
73 6 17 95
73 7 43 82
73 11 1 103
73 17 33 42
73 21 3 40
73 22 5 128
73 24 37 100
73 28 7 48
73 29 28 89
73 30 22 93
73 34 53 69
73 35 55 147
73 36 13 13
73 40 11 115
74 6 3 30
74 7 52 82
74 8 27 44
74 14 37 36
74 16 49 54
74 18 16 130
74 21 13 88
74 23 43 149
74 24 7 139
74 29 34 89
74 32 31 39
74 36 22 143
74 39 55 117
75 6 55 30
75 17 15 42
75 18 19 130
75 19 13 126
75 23 31 149
75 25 37 25
75 26 25 99
75 29 40 89
75 31 49 37
75 33 43 140
75 35 58 147
75 36 22 13
75 38 1 76
75 40 9 28
76 9 46 46
76 13 34 56
76 15 7 2
76 16 38 54
76 18 22 130
76 23 50 149
76 25 25 92
76 29 19 19
76 32 43 39
76 34 55 69
76 37 4 83
76 39 13 117
76 40 59 115
77 3 51 132
77 4 46 55
77 5 19 109
77 15 25 2
77 17 55 42
77 20 29 116
77 24 1 100
77 25 40 25
77 28 31 141
77 32 34 39
77 33 43 121
77 37 37 83
77 38 7 76
77 39 13 5
78 4 44 55
78 5 31 109
78 6 25 95
78 7 1 93
78 9 51 46
78 14 40 36
78 28 4 111
78 29 22 19
78 30 37 93
78 33 46 140
78 34 57 69
78 36 7 13
78 38 13 76
79 4 23 55
79 7 4 93
79 10 15 71
79 17 51 21
79 18 25 130
79 21 1 40
79 23 55 149
79 26 8 99
79 27 49 98
79 28 34 141
79 32 46 39
79 33 40 121
79 35 37 136
79 38 19 76
79 40 13 115
80 3 53 132
80 6 37 95
80 9 34 96
80 10 3 68
80 12 17 46
80 16 43 54
80 20 29 84
80 25 31 92
80 31 55 37
80 34 1 144
80 35 14 80
80 38 25 76
80 39 7 52
81 5 55 12
81 8 19 34
81 11 25 145
81 13 13 56
81 20 31 116
81 25 22 60
81 26 37 24
81 32 49 39
81 35 1 80
81 36 16 143
81 37 7 83
81 40 59 5
82 9 50 96
82 12 41 106
82 15 19 2
82 16 13 9
82 18 28 130
82 19 39 133
82 20 31 84
82 26 2 99
82 27 53 41
82 28 33 48
82 32 55 39
82 33 58 140
82 37 16 83
82 40 9 5
83 5 37 109
83 6 41 16
83 10 1 71
83 13 22 56
83 17 31 33
83 20 35 116
83 24 7 100
83 25 44 25
83 27 19 98
83 29 28 19
83 32 52 39
83 34 4 144
83 35 55 136
83 39 15 112
84 4 31 55
84 8 16 44
84 9 55 46
84 10 7 71
84 15 43 2
84 16 59 54
84 17 9 79
84 22 1 128
84 24 25 139
84 27 51 98
84 29 37 89
84 34 53 144
84 36 4 72
84 39 19 52
85 6 21 30
85 7 55 82
85 9 58 46
85 11 15 145
85 12 5 148
85 20 35 84
85 22 17 128
85 23 1 3
85 28 7 111
85 29 49 89
85 33 46 121
85 35 10 80
85 38 31 76
85 39 25 5
85 40 13 28
86 7 58 82
86 8 29 44
86 9 55 96
86 10 17 68
86 14 13 16
86 18 31 130
86 20 41 116
86 23 7 3
86 24 25 100
86 26 19 99
86 27 5 41
86 32 1 57
86 33 44 47
86 35 49 80
86 38 37 76
87 3 59 132
87 4 27 15
87 6 29 95
87 8 37 44
87 11 23 103
87 12 55 26
87 13 16 56
87 14 34 36
87 15 10 2
87 23 19 3
87 29 31 19
87 30 25 93
87 34 7 144
87 38 43 76
88 5 44 109
88 9 58 96
88 16 51 54
88 17 25 21
88 18 34 130
88 20 37 116
88 21 19 88
88 22 3 128
88 26 39 99
88 33 55 121
88 39 7 117
88 40 16 28
89 4 40 55
89 6 43 16
89 7 14 93
89 8 53 34
89 11 7 145
89 15 22 2
89 18 37 130
89 21 17 88
89 22 45 138
89 28 50 134
89 30 27 93
89 33 58 121
89 37 4 42
89 40 33 28
90 6 27 95
90 8 31 44
90 12 1 148
90 13 19 56
90 17 33 21
90 19 17 126
90 21 11 40
90 24 43 100
90 26 13 99
90 27 59 98
90 28 50 141
90 31 55 93
90 32 4 57
90 34 9 144
91 4 3 81
91 6 27 30
91 7 7 93
91 11 19 103
91 18 40 130
91 20 33 84
91 26 43 99
91 27 5 102
91 28 37 48
91 30 29 93
91 32 13 57
91 35 58 136
91 38 50 76
92 4 7 15
92 13 25 56
92 17 1 33
92 18 58 130
92 19 9 78
92 20 40 84
92 23 13 3
92 25 28 92
92 27 23 102
92 29 52 89
92 34 11 144
92 36 49 72
93 5 55 109
93 6 29 30
93 9 40 96
93 10 9 68
93 14 43 36
93 16 33 54
93 19 15 126
93 24 20 139
93 28 37 141
93 30 31 93
93 32 51 57
93 36 1 13
94 5 51 12
94 7 10 93
94 11 17 139
94 15 31 2
94 16 34 9
94 19 1 78
94 21 15 40
94 23 27 3
94 27 23 41
94 33 4 47
94 34 13 144
94 38 55 76
95 3 45 132
95 11 17 145
95 15 28 2
95 17 19 86
95 21 13 40
95 24 1 135
95 26 50 99
95 28 40 141
95 29 34 19
95 33 7 47
95 34 58 144
95 36 31 13
95 37 10 83
96 3 35 132
96 6 52 16
96 11 37 145
96 12 57 26
96 13 28 56
96 15 46 2
96 17 19 21
96 20 39 116
96 22 55 138
96 23 31 3
96 32 7 57
96 33 10 47
96 34 16 144
96 35 4 80
96 36 25 13
97 4 22 81
97 6 35 30
97 8 33 44
97 11 1 58
97 14 16 16
97 18 43 130
97 20 55 116
97 22 57 138
97 25 25 60
97 27 11 102
97 28 40 48
97 29 37 19
97 36 46 13
97 37 19 83
98 8 27 34
98 10 44 71
98 11 10 145
98 12 3 148
98 13 31 56
98 18 46 130
98 23 37 3
98 26 55 99
98 33 13 47
98 35 7 80
98 39 20 117
99 4 2 55
99 9 46 96
99 10 13 68
99 11 19 58
99 13 37 56
99 18 55 130
99 20 43 116
99 24 31 139
99 25 52 25
99 29 40 19
99 30 59 93
99 33 16 47
99 37 7 42
100 7 19 93
100 10 5 71
100 11 3 58
100 16 35 54
100 17 7 86
100 20 43 84
100 23 45 3
100 24 55 56
100 26 31 99
100 31 39 93
100 33 22 47
100 37 25 83
100 39 13 75
Điểm tối ưu: 1423
Thời gian: 179.939416 giây
Trạng thái: VALID
