1946
1 8 1 28
1 11 33 32
1 17 9 213
1 22 49 184
1 36 22 99
1 38 35 53
1 45 4 14
1 49 38 13
1 52 13 140
1 54 19 202
1 55 25 77
1 59 27 62
2 1 49 44
2 6 16 119
2 13 25 8
2 17 11 18
2 19 41 122
2 24 1 131
2 29 32 66
2 34 7 69
2 39 43 120
2 42 3 16
2 51 13 153
2 56 46 89
2 58 22 182
2 59 37 202
3 4 38 60
3 7 11 177
3 10 27 54
3 11 31 32
3 14 44 164
3 15 33 33
3 23 2 129
3 29 13 1
3 32 9 39
3 39 25 62
3 46 7 110
3 49 51 41
3 52 20 140
3 55 49 77
3 59 4 62
4 1 3 142
4 3 19 26
4 5 31 132
4 6 23 119
4 15 45 33
4 18 52 80
4 19 43 122
4 22 9 143
4 32 37 39
4 34 55 69
4 46 1 191
4 52 14 209
4 57 27 20
5 3 49 36
5 5 38 176
5 9 44 117
5 10 1 193
5 15 19 65
5 19 15 122
5 20 25 159
5 22 31 143
5 24 5 75
5 40 7 163
5 43 27 30
5 54 23 202
6 2 28 157
6 3 15 36
6 35 3 189
6 36 22 155
6 37 9 175
6 38 26 100
6 40 37 96
6 50 7 19
6 51 1 176
6 56 55 89
6 57 13 20
6 58 19 182
7 1 38 44
7 5 45 147
7 6 19 40
7 12 1 51
7 19 51 122
7 32 5 145
7 35 21 189
7 38 17 100
7 40 3 163
7 43 10 197
7 45 34 92
7 46 43 110
7 51 28 153
7 56 58 89
8 5 27 176
8 9 14 117
8 10 2 2
8 14 8 148
8 15 37 113
8 16 19 45
8 27 50 106
8 28 22 196
8 32 59 145
8 36 45 99
8 38 43 100
8 40 17 96
8 56 34 89
8 59 56 62
9 1 19 142
9 2 37 205
9 9 49 117
9 13 46 8
9 16 22 45
9 18 40 80
9 22 33 184
9 23 44 129
9 24 53 141
9 35 5 82
9 36 1 99
9 44 13 210
10 1 22 109
10 2 19 205
10 3 45 36
10 10 31 198
10 14 25 61
10 26 13 144
10 28 58 196
10 32 35 39
10 38 39 100
10 40 43 96
10 41 1 160
10 42 7 16
10 51 5 153
10 53 9 224
10 56 16 22
11 2 46 205
11 3 1 179
11 16 10 45
11 25 58 95
11 27 38 106
11 34 49 69
11 37 33 175
11 39 23 120
11 41 26 222
11 42 43 16
11 53 20 219
11 60 14 134
12 16 27 45
12 19 37 122
12 21 19 11
12 26 53 157
12 28 10 196
12 31 7 171
12 32 25 39
12 35 3 82
12 38 13 53
12 45 56 149
12 49 33 218
12 51 45 153
12 56 16 31
12 57 43 20
13 3 51 37
13 10 19 54
13 13 10 8
13 17 8 67
13 21 4 11
13 23 49 129
13 24 27 141
13 29 32 1
13 48 47 46
13 49 43 13
13 56 38 22
13 59 13 62
14 1 7 142
14 4 13 192
14 7 29 136
14 12 43 51
14 13 34 8
14 37 5 85
14 40 58 96
14 47 49 180
14 50 23 19
14 55 20 77
14 56 10 89
14 60 37 134
15 13 16 8
15 14 38 61
15 15 31 65
15 23 5 216
15 24 1 91
15 40 21 96
15 42 19 16
15 46 13 110
15 51 11 153
15 53 7 219
15 57 23 20
15 58 28 182
16 2 52 205
16 11 20 32
16 12 45 51
16 23 28 216
16 24 55 141
16 25 25 95
16 33 1 118
16 37 7 175
16 39 33 120
16 41 14 162
16 42 59 16
16 44 37 170
16 51 50 153
16 57 9 20
17 15 1 65
17 19 19 122
17 24 5 131
17 26 17 208
17 28 40 43
17 37 28 183
17 42 35 16
17 45 22 92
17 47 13 180
17 49 31 139
17 54 11 202
17 56 7 89
17 60 56 15
18 1 13 44
18 4 25 63
18 7 16 94
18 10 19 112
18 24 5 91
18 27 8 106
18 28 37 43
18 43 3 30
18 44 33 102
18 48 52 46
18 49 57 13
18 55 55 77
19 4 39 10
19 9 4 117
19 10 25 193
19 20 19 159
19 29 51 1
19 32 23 39
19 34 13 86
19 36 7 99
19 37 10 70
19 47 1 180
19 51 37 153
19 52 32 125
19 55 29 77
20 3 32 36
20 4 13 63
20 7 1 136
20 10 3 198
20 12 8 51
20 26 53 208
20 32 21 145
20 37 11 175
20 44 49 102
20 46 41 110
20 52 28 209
20 53 56 224
20 56 25 89
21 1 2 109
21 3 7 26
21 4 55 60
21 10 37 158
21 16 31 107
21 20 13 159
21 22 15 128
21 30 20 55
21 35 5 23
21 36 34 155
21 38 27 53
21 41 43 222
21 44 49 133
22 12 51 51
22 14 25 166
22 17 7 151
22 20 39 159
22 24 13 91
22 28 46 196
22 30 56 173
22 32 15 145
22 35 29 172
22 36 4 155
22 42 11 16
22 46 9 215
22 51 1 153
22 53 22 224
22 54 43 202
23 2 31 205
23 4 43 192
23 7 41 136
23 9 37 117
23 10 55 158
23 11 16 32
23 20 21 159
23 23 47 129
23 28 10 43
23 32 35 145
23 36 4 99
23 38 23 100
23 52 1 209
23 60 27 134
24 2 34 205
24 4 50 192
24 9 22 21
24 10 43 158
24 15 13 74
24 29 8 1
24 31 25 74
24 38 41 100
24 42 27 16
24 46 32 110
24 59 38 62
25 1 56 145
25 14 25 164
25 15 37 74
25 18 49 80
25 21 43 11
25 26 11 157
25 32 53 39
25 33 7 118
25 42 47 16
25 45 1 14
25 55 33 77
25 56 14 89
26 3 32 26
26 6 9 7
26 10 25 158
26 11 7 32
26 14 13 166
26 23 5 129
26 25 19 95
26 35 17 189
26 40 29 163
26 47 40 180
26 57 49 20
26 58 1 182
26 59 43 62
27 10 43 54
27 15 55 74
27 16 40 107
27 21 31 11
27 22 25 128
27 29 13 59
27 30 8 173
27 41 49 160
27 42 5 16
27 45 37 34
27 49 21 218
27 54 3 202
28 11 3 32
28 16 16 121
28 19 49 122
28 26 31 208
28 31 59 74
28 35 7 172
28 37 28 175
28 39 11 120
28 47 37 180
28 50 25 19
28 54 33 202
28 57 51 20
29 3 56 4
29 10 7 112
29 12 27 51
29 13 52 8
29 22 31 128
29 30 37 42
29 32 29 145
29 36 46 155
29 42 15 16
29 44 2 170
29 45 19 149
29 50 11 19
29 54 13 202
29 57 35 20
30 5 49 14
30 7 7 124
30 8 31 28
30 10 25 2
30 26 43 208
30 28 13 196
30 30 2 42
30 38 11 100
30 44 21 133
30 48 9 46
30 49 45 179
30 50 19 19
30 52 16 223
30 56 40 89
31 2 31 157
31 12 21 51
31 13 28 8
31 14 39 164
31 15 7 113
31 25 49 95
31 31 35 74
31 37 44 175
31 43 17 30
31 48 57 46
31 50 47 19
31 56 3 31
31 58 13 182
32 6 1 119
32 7 7 115
32 12 29 51
32 15 13 33
32 17 11 151
32 19 35 122
32 22 39 143
32 39 17 120
32 40 9 163
32 44 3 210
32 47 25 180
32 49 21 179
32 51 19 176
33 5 19 147
33 9 43 21
33 10 7 158
33 14 51 164
33 15 37 33
33 16 46 45
33 32 3 145
33 38 33 100
33 42 57 16
33 46 1 215
34 3 32 179
34 4 3 60
34 15 44 74
34 16 9 107
34 17 1 151
34 18 16 80
34 22 55 48
34 24 7 91
34 29 49 194
34 35 19 82
34 44 26 210
34 48 59 46
34 56 38 31
35 1 37 145
35 6 28 119
35 12 57 51
35 13 19 8
35 14 7 61
35 17 11 213
35 31 1 126
35 41 31 162
35 42 25 16
35 45 14 92
35 46 17 110
35 48 3 46
35 51 50 174
35 52 22 207
36 12 53 51
36 14 19 148
36 19 23 122
36 20 45 159
36 23 25 129
36 26 29 208
36 32 11 39
36 34 39 86
36 39 1 120
36 42 37 16
36 46 3 110
36 48 33 46
36 52 56 223
36 58 49 182
37 2 13 157
37 17 32 151
37 19 39 122
37 21 10 11
37 23 57 129
37 26 45 208
37 30 21 42
37 31 25 126
37 37 1 183
37 43 19 30
37 53 16 224
37 55 53 77
37 57 3 20
38 9 49 224
38 10 13 193
38 16 25 121
38 20 55 159
38 29 2 66
38 31 9 126
38 32 7 145
38 47 58 180
38 53 19 103
38 56 22 89
38 58 37 182
38 59 31 62
39 3 14 183
39 5 19 185
39 9 8 117
39 10 1 112
39 11 55 32
39 16 46 121
39 17 5 105
39 20 53 159
39 24 44 141
39 26 23 208
39 30 25 55
39 32 31 39
39 51 34 153
39 54 29 202
40 2 22 157
40 4 3 63
40 9 31 21
40 15 57 33
40 23 35 129
40 26 41 157
40 39 55 120
40 40 11 96
40 43 37 197
40 49 7 218
40 52 14 207
40 56 25 31
41 1 46 44
41 5 7 156
41 6 17 7
41 19 31 122
41 21 22 11
41 26 20 208
41 29 25 59
41 44 55 133
41 45 2 92
41 46 5 191
41 50 13 19
41 51 52 153
42 7 13 136
42 8 34 28
42 17 7 18
42 18 4 80
42 22 49 48
42 36 31 99
42 41 43 160
42 44 19 102
42 51 11 176
42 53 40 224
42 54 9 202
42 57 53 20
42 59 16 62
43 4 37 63
43 9 49 21
43 11 5 111
43 13 22 8
43 19 7 122
43 22 1 143
43 26 35 208
43 29 25 1
43 30 31 42
43 39 58 120
43 44 9 170
43 52 19 209
43 55 15 77
44 20 59 159
44 26 11 144
44 28 43 196
44 31 3 126
44 32 53 145
44 35 7 82
44 38 9 53
44 41 37 162
44 44 13 170
44 46 5 215
44 49 26 218
44 51 31 153
44 56 50 89
44 57 21 20
45 1 22 44
45 2 4 205
45 3 33 4
45 6 1 40
45 10 51 193
45 11 17 111
45 18 19 80
45 37 7 12
45 44 9 210
45 48 15 46
45 51 13 174
45 52 25 140
45 53 28 224
45 57 31 20
46 3 33 37
46 5 57 147
46 9 19 21
46 14 14 164
46 15 45 113
46 17 37 151
46 22 39 128
46 30 9 55
46 32 55 39
46 49 27 139
46 50 3 19
46 55 31 77
46 56 52 31
47 1 55 142
47 4 37 84
47 12 41 51
47 18 1 80
47 23 33 129
47 28 4 43
47 31 59 171
47 32 17 145
47 36 10 155
47 38 8 100
47 41 26 160
47 47 52 180
47 56 13 22
47 59 19 62
47 60 43 15
48 14 31 166
48 16 37 45
48 17 2 67
48 22 56 184
48 23 35 216
48 24 14 141
48 27 43 106
48 28 4 196
48 35 16 82
48 38 23 53
48 39 51 120
48 43 11 30
48 44 7 102
48 51 19 153
49 4 49 60
49 16 9 88
49 17 7 213
49 22 45 128
49 29 1 1
49 30 25 173
49 34 19 86
49 40 15 96
49 44 31 133
49 45 58 92
49 55 39 77
49 56 55 31
50 3 43 4
50 11 14 32
50 22 1 184
50 23 9 216
50 24 55 123
50 36 19 99
50 40 16 163
50 46 35 191
50 49 57 41
50 52 27 223
50 53 37 224
50 56 31 31
50 59 52 202
51 2 8 22
51 3 38 26
51 8 13 28
51 16 49 107
51 18 25 80
51 20 57 159
51 23 53 216
51 29 43 194
51 36 16 99
51 42 1 16
51 45 20 14
51 47 4 180
51 54 59 202
52 1 27 44
52 2 50 157
52 4 32 10
52 10 43 112
52 11 11 111
52 13 4 8
52 14 55 79
52 18 13 80
52 30 19 173
52 32 1 145
52 34 7 86
52 46 25 110
52 49 38 218
52 57 17 20
53 9 46 224
53 16 22 121
53 19 27 122
53 22 49 143
53 31 17 74
53 35 1 172
53 38 7 53
53 40 40 163
53 45 19 92
53 49 3 13
53 50 43 19
53 60 13 15
54 8 43 28
54 9 19 117
54 18 55 80
54 25 31 95
54 28 1 43
54 29 7 66
54 35 17 172
54 40 39 96
54 45 22 149
54 46 11 191
54 50 51 19
54 51 13 176
54 53 25 224
54 57 47 20
55 4 19 84
55 6 14 7
55 13 1 8
55 16 55 121
55 23 31 129
55 26 39 208
55 31 50 171
55 44 43 102
55 45 9 14
55 50 33 19
55 52 16 140
55 53 4 103
55 54 7 202
56 6 33 119
56 15 49 74
56 21 7 11
56 24 40 141
56 28 25 196
56 30 43 173
56 37 59 70
56 38 15 100
56 40 55 96
56 42 53 16
56 44 1 102
56 54 31 202
56 57 37 20
57 2 22 22
57 4 13 60
57 5 32 185
57 7 1 115
57 9 56 21
57 12 37 51
57 17 29 105
57 37 5 12
57 38 25 53
57 40 41 96
57 41 8 162
57 49 50 218
57 59 46 62
58 7 7 136
58 17 2 213
58 21 46 11
58 22 15 143
58 25 10 95
58 28 55 43
58 29 19 1
58 39 4 154
58 40 13 163
58 53 25 219
58 60 49 15
59 1 52 44
59 2 3 157
59 9 13 21
59 11 29 32
59 18 22 80
59 26 19 144
59 29 56 59
59 30 25 42
59 31 46 171
59 32 33 39
59 37 31 175
59 38 35 100
59 45 49 149
59 50 17 19
60 3 38 4
60 5 43 14
60 16 2 45
60 28 16 43
60 31 19 171
60 38 29 53
60 39 9 120
60 40 27 96
60 46 11 110
60 55 7 77
61 5 25 185
61 9 58 117
61 23 11 216
61 24 38 141
61 29 7 194
61 30 13 55
61 36 19 155
61 37 1 12
61 38 46 100
61 40 29 96
61 46 17 191
61 48 35 46
61 51 55 153
61 53 3 224
62 1 10 44
62 9 28 21
62 11 49 32
62 19 4 122
62 20 7 159
62 23 16 129
62 24 19 75
62 25 46 95
62 34 31 69
62 38 21 100
62 39 13 120
62 44 37 133
62 45 1 149
62 51 26 153
63 1 22 142
63 5 55 14
63 7 9 136
63 8 49 28
63 9 4 185
63 23 20 129
63 24 7 141
63 31 15 171
63 35 11 189
63 36 1 155
63 37 17 175
63 53 52 224
64 2 28 205
64 3 55 26
64 5 7 147
64 6 3 40
64 14 14 148
64 16 34 45
64 20 41 159
64 23 1 216
64 36 25 155
64 39 37 120
64 40 23 96
64 49 43 85
64 51 5 176
64 52 19 207
65 3 25 4
65 6 19 7
65 16 32 121
65 21 40 11
65 22 55 143
65 24 11 91
65 26 9 144
65 38 2 53
65 44 45 210
65 48 43 46
65 49 21 85
65 51 16 153
65 55 5 77
65 59 49 62
66 4 32 192
66 5 8 185
66 11 13 111
66 12 19 51
66 16 43 121
66 19 53 122
66 20 23 159
66 22 25 143
66 26 15 208
66 37 3 85
66 40 5 163
66 44 55 102
66 45 46 149
66 50 39 19
66 57 1 20
67 4 43 10
67 6 52 7
67 7 1 124
67 9 40 117
67 15 31 74
67 16 8 121
67 17 3 18
67 37 11 12
67 39 22 154
67 41 55 160
67 45 25 14
67 50 49 19
68 6 10 40
68 12 55 51
68 13 43 8
68 21 13 11
68 22 19 184
68 32 2 39
68 43 16 197
68 45 52 149
68 50 41 19
68 51 5 174
68 53 58 219
68 57 39 20
68 58 7 182
69 5 25 132
69 10 51 198
69 16 31 45
69 18 43 80
69 24 59 141
69 32 49 39
69 35 22 23
69 39 39 120
69 44 9 133
69 52 1 223
69 53 19 224
69 54 16 202
69 55 13 77
69 57 7 20
70 5 37 132
70 9 15 185
70 14 19 79
70 15 1 33
70 20 43 159
70 26 27 208
70 29 33 194
70 31 13 171
70 39 7 62
70 46 29 110
70 51 23 153
70 52 9 140
71 3 15 26
71 4 45 63
71 6 11 7
71 11 53 111
71 15 7 65
71 16 49 121
71 18 34 80
71 24 31 141
71 36 28 155
71 43 37 30
71 49 1 41
71 53 40 219
71 54 21 202
71 56 25 22
71 60 55 134
72 2 57 205
72 4 19 63
72 11 38 32
72 20 11 159
72 24 1 75
72 26 15 144
72 29 31 59
72 31 23 171
72 37 7 183
72 42 9 16
72 43 13 197
72 46 35 215
72 50 53 19
72 53 4 219
72 56 43 31
73 3 9 4
73 11 3 111
73 16 22 107
73 26 33 208
73 28 55 196
73 35 25 82
73 36 40 99
73 41 49 162
73 43 5 197
73 46 7 215
73 50 37 19
73 53 44 219
73 57 15 20
74 1 52 109
74 3 20 183
74 9 32 117
74 11 57 32
74 21 25 11
74 26 50 144
74 36 13 99
74 40 1 163
74 45 10 149
74 51 16 174
74 55 35 77
74 56 43 89
74 59 40 202
75 5 44 185
75 8 28 28
75 10 1 54
75 12 35 51
75 25 22 95
75 29 37 194
75 34 31 86
75 35 11 82
75 40 9 96
75 49 14 214
75 53 49 219
76 7 43 115
76 9 27 117
76 12 25 51
76 14 7 79
76 23 21 216
76 27 56 106
76 31 52 171
76 40 3 96
76 45 31 14
76 46 13 191
77 1 10 142
77 9 1 117
77 14 15 135
77 23 37 129
77 31 33 171
77 35 13 82
77 39 46 120
77 40 7 96
77 44 49 210
77 45 4 149
77 46 21 215
77 48 55 46
77 49 57 218
77 60 25 15
78 4 19 192
78 9 7 21
78 10 14 112
78 11 1 32
78 21 37 11
78 24 4 141
78 29 55 66
78 32 46 145
78 47 31 180
78 48 27 46
78 52 34 209
79 4 32 60
79 6 9 119
79 11 25 32
79 12 16 51
79 19 46 122
79 20 37 159
79 23 23 216
79 26 59 157
79 32 21 39
79 42 39 16
79 43 7 30
79 46 5 110
79 48 19 46
79 56 28 22
79 59 1 62
80 3 27 26
80 5 1 156
80 6 19 119
80 11 11 32
80 19 25 122
80 22 15 48
80 29 55 1
80 33 32 118
80 37 53 175
80 40 46 96
80 42 13 16
80 53 22 103
80 55 51 77
81 2 52 22
81 4 9 10
81 6 35 119
81 8 4 28
81 11 44 32
81 21 58 11
81 25 37 95
81 26 1 144
81 37 25 175
81 40 50 163
81 41 31 222
81 47 16 180
81 51 7 176
81 54 55 202
82 1 1 44
82 2 49 205
82 12 39 51
82 14 32 164
82 15 7 33
82 23 27 129
82 24 22 141
82 28 19 43
82 32 4 39
82 39 29 120
82 45 16 35
82 51 43 153
82 53 13 219
82 57 45 20
83 2 1 205
83 5 25 147
83 7 5 94
83 14 33 148
83 25 52 95
83 39 7 120
83 40 11 163
83 43 13 30
83 44 15 102
83 48 37 46
83 55 47 77
83 56 55 22
83 58 40 182
84 4 31 84
84 5 44 176
84 12 14 51
84 15 2 74
84 16 37 107
84 20 9 159
84 26 51 208
84 27 25 106
84 28 16 196
84 37 35 175
84 39 21 120
84 46 7 191
84 54 57 202
85 5 8 132
85 16 43 45
85 20 27 159
85 22 1 48
85 33 49 118
85 36 37 99
85 37 58 175
85 47 22 180
85 53 32 219
85 54 35 202
85 57 5 20
86 7 58 115
86 8 16 28
86 12 10 51
86 26 25 208
86 32 27 145
86 35 1 189
86 37 38 175
86 38 19 53
86 40 32 96
86 41 43 162
86 43 23 30
86 48 29 46
86 50 55 19
86 53 34 103
86 54 47 202
87 5 25 156
87 13 49 8
87 18 46 80
87 20 29 159
87 22 37 48
87 25 55 95
87 30 31 55
87 31 43 126
87 38 1 100
87 44 14 133
87 46 19 110
87 49 7 179
87 52 4 140
88 1 9 109
88 9 25 21
88 12 33 51
88 14 49 148
88 21 1 11
88 23 7 129
88 24 17 167
88 26 4 144
88 28 28 196
88 29 55 194
88 30 13 42
88 36 37 155
88 39 35 120
88 58 43 182
88 60 19 15
89 1 26 109
89 6 32 40
89 19 13 122
89 26 59 208
89 28 39 196
89 31 21 171
89 44 7 181
89 50 57 19
89 52 4 209
89 53 1 219
90 2 58 22
90 13 40 8
90 15 20 33
90 20 32 159
90 23 29 129
90 26 17 144
90 30 51 173
90 31 56 171
90 32 47 39
90 43 9 30
90 44 25 133
90 45 14 149
90 46 49 110
90 50 35 19
91 5 49 147
91 7 9 94
91 9 22 117
91 18 28 80
91 24 46 141
91 26 1 208
91 28 13 43
91 37 3 183
91 43 56 30
91 50 5 19
91 55 41 77
91 57 19 20
92 3 7 36
92 4 3 192
92 5 14 147
92 7 1 177
92 9 52 117
92 15 37 65
92 17 19 151
92 31 29 171
92 34 45 86
92 35 11 23
92 40 25 96
92 53 49 103
93 1 13 109
93 2 43 157
93 3 50 179
93 8 10 28
93 22 21 128
93 37 3 175
93 38 33 53
93 45 40 14
93 47 28 180
93 48 31 46
93 51 1 174
94 1 32 145
94 2 7 205
94 5 21 132
94 8 55 28
94 9 10 21
94 11 53 32
94 14 49 61
94 25 4 95
94 28 58 43
94 29 13 66
94 37 41 175
94 43 45 197
94 50 27 19
94 53 1 103
95 2 34 157
95 3 55 36
95 6 27 7
95 9 50 185
95 16 14 107
95 26 41 208
95 27 20 106
95 28 7 43
95 31 11 126
95 32 39 39
95 34 1 86
95 37 5 183
95 38 37 100
95 49 43 218
96 1 7 44
96 10 44 198
96 11 35 32
96 24 20 141
96 27 31 106
96 29 37 1
96 30 1 55
96 36 10 99
96 38 5 100
96 40 50 96
96 44 13 4
96 57 29 20
96 58 25 182
96 59 22 62
97 5 55 156
97 6 5 119
97 17 17 213
97 26 7 144
97 28 46 43
97 30 13 173
97 34 37 69
97 38 21 53
97 46 3 215
97 47 10 180
97 48 1 46
97 49 33 35
97 52 25 125
98 2 25 205
98 10 20 158
98 15 7 74
98 26 46 157
98 35 52 82
98 37 5 175
98 42 32 16
98 49 37 139
98 51 3 176
98 52 13 223
98 54 1 202
98 56 49 31
98 57 56 20
98 58 16 182
99 1 58 44
99 3 32 183
99 6 3 7
99 7 47 177
99 16 16 45
99 18 37 80
99 25 7 95
99 29 19 59
99 30 43 42
99 31 11 74
99 36 25 99
99 37 13 175
99 48 41 46
100 4 7 192
100 8 37 28
100 15 49 65
100 17 1 105
100 29 44 59
100 31 35 171
100 32 28 39
100 34 20 69
100 39 15 120
100 52 55 207
100 53 32 224
100 54 25 202
100 56 3 22
101 23 22 129
101 26 8 208
101 31 17 171
101 32 11 145
101 33 56 118
101 38 31 100
101 39 53 120
101 40 19 96
101 41 1 222
101 44 13 181
101 47 46 180
101 48 50 46
101 56 28 31
101 59 34 62
102 4 49 63
102 11 5 32
102 16 28 107
102 23 7 216
102 36 56 99
102 43 53 197
102 44 20 210
102 45 38 92
102 49 13 218
102 50 1 19
102 52 34 223
102 53 9 103
102 55 45 77
103 1 16 44
103 9 38 21
103 12 49 51
103 14 20 164
103 16 43 107
103 17 46 67
103 20 3 159
103 24 25 141
103 28 33 196
103 32 41 39
103 37 1 85
103 41 7 160
103 46 27 110
103 53 13 224
104 2 40 205
104 10 32 2
104 13 7 8
104 16 58 121
104 17 3 151
104 22 27 184
104 28 19 196
104 40 13 96
104 45 22 98
104 46 1 110
104 53 15 103
104 59 49 202
105 2 22 205
105 6 7 119
105 9 16 21
105 26 13 208
105 29 51 59
105 34 25 69
105 35 11 172
105 39 5 120
105 41 1 162
105 43 40 197
105 52 31 223
105 56 19 89
106 2 19 157
106 6 7 7
106 7 9 177
106 8 58 28
106 12 23 51
106 20 1 159
106 23 53 129
106 24 16 141
106 26 37 208
106 31 5 126
106 32 13 39
106 38 3 100
106 48 11 46
106 57 25 20
107 5 15 156
107 11 27 32
107 13 55 8
107 15 19 113
107 16 7 45
107 19 33 122
107 23 10 129
107 24 25 131
107 28 52 43
107 31 23 126
107 32 13 145
107 38 49 100
107 41 37 160
107 60 1 134
108 5 13 132
108 15 25 113
108 23 31 216
108 24 45 123
108 37 22 175
108 41 55 222
108 43 20 197
108 48 39 46
108 49 9 85
108 56 2 89
108 58 34 182
108 60 50 134
109 1 39 109
109 5 49 156
109 6 21 119
109 15 1 113
109 19 57 122
109 23 15 216
109 24 45 75
109 26 47 208
109 31 7 126
109 35 19 172
109 44 31 210
109 45 25 92
109 46 9 110
109 48 13 46
110 1 31 44
110 2 8 157
110 4 13 10
110 6 57 7
110 14 3 148
110 15 25 33
110 16 34 152
110 26 11 208
110 30 45 55
110 31 43 171
110 35 1 82
110 41 19 162
110 45 38 149
110 49 50 35
111 1 43 44
111 5 31 176
111 10 15 198
111 22 55 128
111 28 1 196
111 31 5 171
111 33 26 118
111 44 20 4
111 45 10 92
111 46 50 191
111 52 7 125
111 60 39 15
112 3 1 36
112 4 31 63
112 14 25 148
112 16 13 121
112 17 9 151
112 20 47 159
112 22 20 143
112 23 17 216
112 30 38 173
112 51 7 153
112 60 43 134
113 7 4 124
113 10 14 158
113 11 23 32
113 16 1 107
113 24 57 141
113 28 50 196
113 32 9 145
113 35 7 23
113 36 31 155
113 39 25 120
113 42 55 16
113 60 19 134
114 7 13 115
114 16 56 45
114 20 15 159
114 22 8 48
114 28 22 43
114 29 37 66
114 30 49 42
114 38 4 53
114 39 41 62
114 41 25 162
114 42 17 16
114 43 31 197
114 53 43 224
115 7 7 177
115 14 9 166
115 20 51 159
115 21 16 11
115 22 39 184
115 34 44 69
115 43 1 197
115 44 55 210
115 45 31 98
115 47 34 180
115 49 3 35
115 50 59 19
115 54 27 202
115 55 37 77
115 56 22 31
116 2 38 157
116 4 13 84
116 7 11 136
116 17 9 18
116 19 2 122
116 20 5 159
116 21 49 11
116 28 34 43
116 37 7 85
116 50 29 19
116 53 25 103
116 54 45 202
117 1 43 145
117 14 37 148
117 15 31 113
117 17 13 213
117 24 55 131
117 29 50 66
117 39 19 120
117 45 26 149
117 46 15 191
117 47 7 180
117 49 1 218
117 51 21 153
117 55 11 77
117 58 46 182
118 1 19 44
118 6 1 7
118 9 3 21
118 14 55 166
118 15 51 33
118 22 27 48
118 23 13 129
118 30 31 173
118 35 47 82
118 39 49 120
118 41 39 222
118 48 17 46
118 52 43 125
118 53 10 219
119 2 49 22
119 3 25 37
119 5 37 185
119 6 11 119
119 14 44 148
119 17 1 18
119 23 3 216
119 28 7 196
119 29 19 66
119 36 14 155
119 40 34 96
119 42 41 16
119 47 55 180
119 51 59 153
120 1 4 44
120 2 16 157
120 4 51 84
120 10 32 158
120 23 39 129
120 29 43 66
120 30 55 55
120 31 25 171
120 33 20 118
120 43 49 197
120 48 7 46
120 50 9 19
120 52 1 207
120 56 28 89
121 13 31 8
121 14 57 148
121 16 52 121
121 20 17 159
121 22 19 48
121 23 40 216
121 32 7 39
121 34 25 86
121 37 46 175
121 45 14 14
121 48 23 46
121 51 3 153
121 55 9 77
122 1 19 109
122 2 55 157
122 4 8 60
122 12 5 51
122 18 31 80
122 21 34 11
122 22 38 3
122 23 59 129
122 24 49 141
122 27 13 106
122 35 17 23
122 44 25 102
122 45 43 149
122 46 22 191
122 55 3 77
123 9 55 117
123 10 19 198
123 14 8 135
123 22 51 128
123 25 1 95
123 35 13 189
123 37 15 175
123 44 31 170
123 45 37 14
123 52 58 207
123 55 27 77
123 58 4 182
124 8 40 28
124 23 26 216
124 30 56 42
124 31 13 126
124 41 31 160
124 42 51 16
124 45 7 149
124 52 37 207
124 53 16 219
124 55 22 77
124 58 10 182
125 8 22 28
125 16 40 45
125 18 58 80
125 23 38 216
125 34 2 69
125 38 13 100
125 43 15 30
125 45 55 92
125 48 25 46
125 49 27 179
125 57 33 20
125 59 9 62
126 8 25 28
126 13 13 8
126 17 3 105
126 19 29 122
126 23 55 129
126 24 1 141
126 31 23 74
126 32 43 39
126 41 49 222
126 43 34 30
126 48 5 46
126 52 39 209
126 56 46 31
126 57 59 20
127 7 15 136
127 16 46 107
127 19 9 122
127 21 55 11
127 23 41 129
127 25 43 95
127 29 3 194
127 36 28 99
127 38 37 53
127 43 1 30
127 49 31 85
127 56 19 22
127 59 52 62
128 3 56 179
128 5 37 156
128 6 13 119
128 10 27 198
128 12 47 51
128 14 19 166
128 16 4 107
128 31 2 171
128 32 16 39
128 38 31 53
128 46 23 110
128 49 33 214
128 60 8 134
129 5 21 176
129 24 5 70
129 28 31 43
129 29 1 59
129 32 19 145
129 35 25 189
129 36 34 99
129 39 59 62
129 41 14 222
129 43 28 197
129 50 45 19
129 52 7 209
129 53 37 219
129 57 41 20
130 3 37 36
130 7 3 115
130 15 27 74
130 17 5 151
130 18 10 80
130 26 57 208
130 32 25 145
130 34 13 69
130 42 23 16
130 45 7 92
130 55 17 77
130 56 19 31
131 10 1 158
131 16 39 121
131 18 7 80
131 34 56 86
131 38 16 53
131 39 27 120
131 40 53 96
131 41 20 160
131 45 45 92
131 54 5 202
131 55 43 77
131 57 11 20
132 2 44 22
132 11 59 32
132 12 31 51
132 16 19 107
132 17 5 213
132 20 34 159
132 24 3 131
132 25 16 95
132 29 26 66
132 31 38 171
132 37 1 175
132 39 7 154
132 53 40 103
133 2 10 205
133 4 27 84
133 6 5 40
133 9 34 21
133 15 13 113
133 34 50 86
133 35 44 172
133 39 41 120
133 41 55 162
133 46 19 191
133 51 7 174
133 60 1 15
134 8 19 28
134 10 31 112
134 13 58 8
134 24 16 70
134 26 3 208
134 29 7 59
134 31 11 171
134 33 37 118
134 35 1 23
134 45 28 92
134 52 25 207
134 56 13 31
134 58 52 182
135 6 3 119
135 10 49 158
135 21 28 11
135 25 34 95
135 35 15 189
135 37 19 175
135 41 8 222
135 42 45 16
135 43 5 30
135 50 31 19
135 51 47 153
135 52 22 209
136 5 1 147
136 6 15 40
136 8 7 28
136 10 37 198
136 11 41 32
136 16 10 41
136 22 32 48
136 26 5 208
136 31 27 171
136 37 49 175
136 38 51 100
136 44 43 133
136 48 21 46
136 58 55 182
137 1 40 145
137 3 49 26
137 6 13 40
137 15 15 65
137 26 1 157
137 29 45 1
137 38 29 100
137 39 3 120
137 56 37 89
137 60 31 15
138 3 55 37
138 11 1 111
138 12 59 51
138 24 10 141
138 25 13 95
138 28 49 43
138 33 43 118
138 41 19 222
138 44 3 133
138 46 17 215
138 49 37 35
138 53 28 219
138 58 31 182
139 4 21 60
139 7 3 94
139 11 47 32
139 13 37 8
139 14 26 79
139 16 56 107
139 22 43 184
139 23 19 216
139 41 13 160
139 43 8 197
139 51 17 176
140 6 5 7
140 9 46 21
140 16 34 107
140 17 10 67
140 25 28 95
140 30 1 173
140 31 31 171
140 37 13 70
140 38 19 100
140 46 25 191
140 52 7 207
140 56 58 31
141 3 39 37
141 4 8 63
141 5 21 156
141 9 1 185
141 14 25 135
141 29 13 194
141 35 53 189
141 42 29 16
141 45 34 14
141 56 31 89
142 7 1 94
142 8 46 28
142 28 43 43
142 30 7 42
142 38 11 53
142 39 31 120
142 42 49 16
142 45 51 92
142 49 13 41
142 51 3 174
142 55 59 77
142 56 33 22
143 8 52 28
143 11 7 111
143 19 55 122
143 20 49 159
143 25 40 95
143 31 9 171
143 39 2 154
143 43 21 30
143 46 13 215
143 47 43 180
143 52 28 140
143 55 57 77
144 16 51 45
144 17 7 105
144 19 11 122
144 23 33 216
144 31 41 74
144 32 49 145
144 35 45 82
144 38 55 100
144 43 25 30
144 44 37 210
144 50 21 19
145 6 25 7
145 12 3 51
145 14 39 79
145 16 28 121
145 19 17 122
145 23 51 129
145 24 9 131
145 29 19 194
145 33 13 118
145 35 7 189
145 40 1 96
145 45 32 149
145 48 45 46
146 2 25 157
146 14 13 61
146 21 52 11
146 22 45 48
146 26 49 208
146 28 28 43
146 32 23 145
146 35 4 172
146 37 56 175
146 38 39 53
146 42 21 16
146 43 43 197
146 51 9 153
146 60 32 134
147 2 43 205
147 14 13 79
147 22 1 128
147 24 34 141
147 26 55 208
147 28 25 43
147 29 37 59
147 31 53 74
147 37 51 175
147 40 5 96
147 43 29 30
147 47 19 180
147 51 57 153
147 53 31 103
147 56 9 31
148 1 55 44
148 2 14 205
148 5 31 147
148 9 52 21
148 10 37 54
148 15 19 74
148 16 25 107
148 27 2 106
148 40 23 163
148 44 43 181
148 51 41 153
148 52 28 207
148 58 58 182
148 60 8 15
149 10 7 198
149 16 13 45
149 19 21 122
149 24 29 141
149 29 25 194
149 35 23 172
149 43 47 197
149 44 37 102
149 45 31 92
149 46 11 215
149 49 50 13
149 52 4 207
149 55 1 77
150 5 37 147
150 6 7 40
150 17 5 18
150 19 59 122
150 22 9 128
150 23 13 216
150 30 49 55
150 31 41 171
150 32 19 39
150 37 3 12
150 46 27 191
150 50 15 19
150 56 34 31
Điểm tối ưu: 1946
Thời gian: 359.891406 giây
Trạng thái: VALID
