381
1 1 46 72
1 4 35 10
1 5 40 62
1 7 55 64
1 9 51 53
1 12 1 23
1 13 37 16
1 16 4 68
2 2 8 65
2 6 19 29
2 9 29 53
2 11 25 37
2 13 13 16
2 16 23 68
2 18 37 41
2 20 55 5
3 2 55 65
3 5 4 62
3 6 8 9
3 9 16 53
3 12 40 23
3 13 47 16
3 14 31 54
3 16 45 68
3 20 43 5
4 1 4 72
4 9 41 53
4 12 49 23
4 13 19 16
4 15 43 69
4 16 21 68
4 18 25 41
4 20 37 5
5 3 8 43
5 4 3 10
5 7 19 64
5 10 43 24
5 13 57 16
5 15 31 11
5 16 13 68
5 19 16 30
6 4 47 10
6 5 31 62
6 13 9 16
6 16 53 68
6 19 1 30
6 20 17 5
7 1 19 72
7 6 37 9
7 7 16 64
7 11 1 37
7 12 58 23
7 14 46 54
7 15 8 27
7 16 43 68
8 1 58 72
8 4 41 10
8 10 49 15
8 13 45 16
8 15 33 27
8 18 28 41
8 20 23 5
9 4 27 10
9 5 49 62
9 9 55 53
9 10 3 24
9 13 23 16
9 15 19 27
9 16 9 68
9 18 34 41
10 1 22 72
10 4 51 10
10 5 7 62
10 7 10 64
10 10 27 15
10 12 19 23
10 14 38 54
10 16 55 68
10 18 31 41
10 19 58 30
11 3 37 43
11 7 1 64
11 8 55 54
11 9 47 53
11 12 25 23
11 13 31 16
11 15 7 11
12 1 55 72
12 5 34 62
12 8 13 54
12 9 32 53
12 15 49 27
13 4 22 10
13 9 27 53
13 10 38 24
13 13 15 16
13 15 49 69
13 19 43 30
14 4 25 10
14 5 46 62
14 6 1 9
14 8 21 54
14 9 43 53
14 10 13 24
14 12 55 23
14 13 53 16
14 15 49 11
14 17 10 5
14 18 40 41
15 6 31 29
15 8 16 54
15 9 9 53
15 10 1 15
15 14 25 54
15 15 27 11
15 18 43 41
15 20 51 5
16 1 7 72
16 4 57 10
16 5 1 62
16 9 11 53
16 12 22 23
16 13 51 16
16 19 40 30
17 3 56 43
17 5 16 62
17 11 49 37
17 13 29 16
17 14 1 54
17 15 21 69
17 16 19 68
18 4 33 10
18 6 51 9
18 7 22 64
18 12 37 23
18 14 35 54
18 15 43 11
18 20 49 5
19 7 58 64
19 9 21 53
19 10 49 24
19 11 7 37
19 14 33 54
19 15 27 27
19 16 25 68
19 18 4 41
20 3 26 43
20 6 13 29
20 7 31 64
20 8 4 54
20 9 34 53
20 16 2 68
20 18 52 41
21 4 39 10
21 10 21 24
21 13 35 16
21 15 26 69
21 17 31 5
22 5 10 62
22 7 40 64
22 11 19 37
22 13 27 16
22 15 1 27
22 16 15 68
22 20 57 5
23 1 40 72
23 2 13 65
23 4 9 10
23 9 23 53
23 13 25 16
23 17 45 5
23 18 19 41
23 19 34 30
23 20 5 5
24 4 43 10
24 5 19 62
24 6 13 9
24 7 4 64
24 10 38 15
24 11 31 37
24 13 59 16
24 18 22 41
24 19 49 30
25 3 2 43
25 4 37 10
25 6 20 9
25 9 59 53
25 12 13 23
25 13 43 16
25 14 9 54
25 15 45 27
25 16 17 68
25 17 25 5
25 20 53 5
26 1 31 72
26 5 58 62
26 9 45 53
26 13 39 16
26 15 20 11
26 16 51 68
27 4 1 10
27 5 28 62
27 9 7 53
27 12 34 23
27 13 3 16
27 15 57 11
27 19 13 30
28 1 28 72
28 4 55 10
28 6 1 29
28 7 37 64
28 15 13 69
28 16 31 68
28 19 7 30
29 7 49 64
29 8 40 54
29 10 25 24
29 14 44 54
29 16 47 68
29 19 10 30
30 1 43 72
30 4 13 10
30 5 37 62
30 9 25 53
30 10 8 24
30 18 58 41
31 4 31 10
31 5 43 62
31 17 28 5
31 18 13 41
31 19 22 30
31 20 39 5
32 3 14 43
32 6 7 29
32 9 1 53
32 12 28 23
32 16 57 68
32 19 4 30
33 1 25 72
33 4 7 10
33 5 55 62
33 9 37 53
33 12 52 23
33 13 49 16
33 19 46 30
33 20 59 5
34 1 52 72
34 2 21 65
34 4 15 10
34 12 4 23
34 15 8 69
34 16 33 68
34 18 49 41
35 1 16 72
35 9 57 53
35 10 9 15
35 14 53 54
35 15 2 11
35 16 7 68
35 17 34 5
36 3 51 43
36 5 25 62
36 6 56 9
36 10 31 24
36 11 39 37
36 12 7 23
36 13 17 16
36 17 20 5
36 18 10 41
36 19 28 30
37 2 50 65
37 3 43 43
37 4 20 10
37 6 37 29
37 7 7 64
37 12 10 23
37 15 31 69
37 16 29 68
38 1 10 72
38 4 29 10
38 7 34 64
38 8 58 54
38 10 14 15
38 12 46 23
38 13 55 16
38 14 19 54
38 15 37 27
38 16 27 68
39 1 34 72
39 2 43 65
39 5 52 62
39 7 13 64
39 9 49 53
39 13 5 16
39 15 56 69
39 16 38 68
39 17 2 5
40 1 37 72
40 3 31 43
40 5 13 62
40 6 25 9
40 7 46 64
40 9 53 53
40 16 41 68
40 19 19 30
41 2 37 65
41 4 49 10
41 6 43 9
41 9 3 53
41 10 32 15
41 11 55 37
41 13 41 16
41 16 59 68
41 19 52 30
42 1 49 72
42 4 17 10
42 6 55 29
42 9 19 53
42 12 31 23
42 15 2 69
42 16 11 68
42 17 7 5
42 20 41 5
43 7 25 64
43 10 56 24
43 11 44 37
43 13 21 16
43 14 49 54
43 18 16 41
44 3 20 43
44 4 45 10
44 6 51 29
44 9 5 53
44 11 13 37
44 13 33 16
44 15 57 27
44 18 1 41
44 19 25 30
45 4 59 10
45 6 25 29
45 7 43 64
45 13 7 16
45 14 11 54
45 15 37 69
45 17 14 5
45 19 55 30
46 2 32 65
46 4 5 10
46 7 28 64
46 10 19 15
46 13 1 16
46 19 37 30
47 2 26 65
47 6 44 29
47 7 52 64
47 9 14 53
47 10 56 15
47 13 11 16
47 16 35 68
47 19 31 30
48 4 53 10
48 5 22 62
48 8 27 54
48 10 43 15
48 14 51 54
48 15 13 11
48 16 49 68
48 18 55 41
49 1 13 72
49 2 1 65
49 12 16 23
49 14 7 54
49 15 37 11
49 18 46 41
50 1 1 72
50 4 11 10
50 6 31 9
50 9 39 53
50 12 43 23
50 15 13 27
50 18 7 41
Điểm tối ưu: 381
Thời gian: 89.862491 giây
Trạng thái: VALID
