4030
1 2 55 13
1 7 1 93
1 11 7 188
1 14 43 352
1 24 10 350
1 30 37 172
1 32 5 191
1 34 29 258
1 36 25 81
1 50 31 288
1 53 35 133
1 58 17 280
1 85 22 52
1 86 19 19
1 105 13 421
2 13 4 292
2 15 7 340
2 24 19 350
2 34 17 258
2 50 37 288
2 53 29 133
2 59 22 282
2 60 25 29
2 61 11 246
2 74 34 402
2 80 31 96
2 107 1 342
2 115 9 56
2 116 13 198
2 117 43 128
3 1 43 253
3 4 3 35
3 15 1 340
3 47 7 290
3 74 31 402
3 75 39 235
3 77 13 2
3 83 37 389
3 84 17 244
3 88 11 226
3 93 19 77
3 95 34 143
3 100 22 393
3 110 25 439
3 118 28 285
4 2 58 13
4 11 1 188
4 15 4 340
4 17 25 351
4 29 43 4
4 38 49 61
4 45 31 14
4 51 11 58
4 59 28 282
4 70 34 251
4 74 46 402
4 77 7 2
4 94 37 170
4 109 13 115
4 116 19 198
5 30 43 172
5 37 35 304
5 47 1 290
5 49 7 153
5 54 49 152
5 58 19 280
5 59 16 282
5 63 37 94
5 82 31 166
5 88 5 226
5 96 29 3
5 99 21 127
5 101 11 66
5 108 13 259
5 116 25 198
6 4 7 35
6 10 5 33
6 23 25 220
6 35 15 343
6 38 55 61
6 55 49 331
6 56 37 448
6 67 19 204
6 80 28 96
6 87 34 17
6 88 13 226
6 89 31 149
6 90 43 107
6 104 52 9
6 116 1 198
7 1 29 253
7 31 1 46
7 38 43 61
7 40 37 138
7 41 25 6
7 52 13 134
7 61 23 246
7 63 31 94
7 68 7 440
7 79 11 72
7 103 4 1
7 104 40 9
7 105 19 421
7 110 16 439
7 119 35 116
8 20 4 263
8 28 1 79
8 39 19 181
8 54 43 152
8 66 46 43
8 68 13 440
8 69 22 178
8 73 34 7
8 78 9 307
8 84 7 244
8 85 31 52
8 90 37 107
8 99 25 127
8 106 52 74
8 117 49 128
9 3 13 75
9 8 46 286
9 15 9 340
9 16 37 262
9 18 19 108
9 26 49 122
9 28 4 79
9 51 7 58
9 65 31 98
9 70 25 251
9 75 43 235
9 84 11 244
9 85 28 52
9 108 16 259
9 113 1 16
10 9 5 27
10 35 28 343
10 36 43 81
10 37 17 304
10 45 37 14
10 46 19 12
10 47 13 290
10 63 49 94
10 76 55 165
10 93 25 77
10 109 1 115
10 112 7 320
10 114 11 308
10 116 31 198
10 120 22 431
11 14 22 352
11 23 10 220
11 26 37 122
11 30 25 172
11 56 13 448
11 73 19 7
11 75 46 235
11 83 29 389
11 90 31 107
11 93 1 77
11 96 17 3
11 100 4 393
11 104 49 9
11 106 43 74
11 108 7 259
12 7 7 93
12 8 43 286
12 10 25 33
12 11 13 188
12 15 11 340
12 17 19 351
12 31 16 46
12 35 31 343
12 37 41 304
12 42 1 373
12 57 5 215
12 67 27 204
12 78 37 307
12 93 22 77
12 117 34 128
13 1 45 253
13 7 13 93
13 12 11 104
13 17 4 351
13 18 25 108
13 37 29 304
13 42 7 373
13 45 34 14
13 62 37 275
13 73 40 7
13 77 19 2
13 79 17 72
13 87 31 17
13 88 23 226
13 103 1 1
14 7 19 93
14 29 46 4
14 31 4 46
14 42 13 373
14 74 43 402
14 76 49 165
14 78 31 307
14 81 7 106
14 83 17 389
14 84 23 244
14 91 11 87
14 99 37 127
14 102 1 255
14 104 55 9
14 112 25 320
15 30 49 172
15 33 55 425
15 37 11 304
15 39 28 181
15 42 19 373
15 43 13 169
15 45 25 14
15 62 40 275
15 67 31 204
15 83 5 389
15 84 3 244
15 98 1 348
15 99 43 127
15 116 7 198
15 117 37 128
16 8 49 286
16 23 7 220
16 34 37 258
16 36 15 81
16 44 19 354
16 48 10 210
16 52 1 134
16 54 34 152
16 72 29 295
16 73 31 7
16 76 39 165
16 82 25 166
16 91 13 87
16 96 23 3
16 101 4 66
17 2 37 13
17 6 21 123
17 11 4 188
17 12 31 104
17 20 1 263
17 30 55 172
17 48 29 210
17 52 7 134
17 77 25 2
17 79 13 72
17 84 19 244
17 85 34 52
17 86 15 19
17 100 10 393
17 106 40 74
18 11 10 188
18 15 13 340
18 23 28 220
18 24 4 350
18 28 7 79
18 34 25 258
18 51 35 58
18 53 17 133
18 57 15 215
18 63 43 94
18 64 1 148
18 83 23 389
18 97 31 205
18 106 37 74
18 109 19 115
19 12 29 104
19 14 37 352
19 15 15 340
19 17 1 351
19 24 7 350
19 30 19 172
19 42 25 373
19 53 23 133
19 55 40 331
19 58 10 280
19 86 4 19
19 91 17 87
19 96 13 3
19 99 31 127
19 111 43 34
20 14 46 352
20 23 37 220
20 38 52 61
20 42 31 373
20 43 25 169
20 52 10 134
20 53 49 133
20 59 19 282
20 60 13 29
20 62 43 275
20 74 40 402
20 79 1 72
20 107 4 342
20 110 22 439
20 113 7 16
21 7 25 93
21 14 40 352
21 17 22 351
21 21 34 118
21 27 37 355
21 34 11 258
21 35 19 343
21 49 13 153
21 57 1 215
21 59 31 282
21 61 17 246
21 63 55 94
21 64 4 148
21 105 7 421
21 114 29 308
22 15 17 340
22 16 31 262
22 31 7 46
22 34 41 258
22 42 37 373
22 50 49 288
22 56 21 448
22 61 19 246
22 67 13 204
22 69 1 178
22 70 10 251
22 87 25 17
22 113 4 16
22 114 35 308
22 116 43 198
23 2 34 21
23 12 1 104
23 22 25 415
23 27 43 355
23 36 49 81
23 38 46 61
23 52 31 134
23 57 3 215
23 67 37 204
23 71 13 284
23 90 55 107
23 107 7 342
23 112 19 320
23 120 10 431
24 1 33 253
24 9 19 27
24 19 23 249
24 20 7 263
24 42 43 373
24 44 25 354
24 45 10 14
24 48 21 210
24 58 5 280
24 67 49 204
24 69 15 178
24 76 37 422
24 96 31 3
24 101 13 66
24 112 1 320
25 8 40 286
25 17 13 351
25 26 21 122
25 34 31 258
25 40 33 138
25 57 10 215
25 67 43 204
25 72 19 295
25 73 16 7
25 76 49 422
25 86 1 19
25 89 4 149
25 103 7 1
25 104 37 9
25 109 25 115
26 1 40 253
26 18 31 108
26 32 11 191
26 33 43 425
26 36 19 81
26 52 16 134
26 71 1 284
26 72 23 295
26 73 37 7
26 79 5 72
26 83 35 389
26 97 25 205
26 100 13 393
26 109 7 115
26 119 29 116
27 6 25 123
27 10 7 33
27 15 19 340
27 26 55 122
27 29 4 4
27 32 13 191
27 46 1 12
27 58 15 280
27 60 9 29
27 62 46 275
27 75 49 235
27 86 22 19
27 94 31 170
27 96 35 3
27 97 37 205
28 5 22 26
28 30 31 172
28 33 37 425
28 39 13 181
28 50 43 288
28 53 41 133
28 56 27 448
28 61 25 246
28 64 7 148
28 69 19 178
28 90 49 107
28 100 1 393
28 110 4 439
28 113 10 16
28 118 16 285
29 1 16 253
29 5 1 26
29 8 52 286
29 15 21 340
29 20 13 263
29 28 10 79
29 56 43 448
29 60 31 29
29 63 37 109
29 67 55 204
29 69 7 178
29 73 25 7
29 93 4 77
29 96 19 3
29 117 28 128
30 10 9 33
30 13 1 292
30 18 37 108
30 30 49 379
30 43 19 169
30 61 28 246
30 62 31 275
30 68 3 440
30 79 15 72
30 84 13 244
30 94 43 170
30 111 55 34
30 115 7 56
30 118 25 285
30 119 11 116
31 1 19 253
31 18 43 108
31 35 22 343
31 41 31 6
31 42 49 373
31 48 5 210
31 51 28 58
31 57 7 215
31 70 16 251
31 76 55 422
31 86 25 19
31 91 1 87
31 102 3 255
31 107 10 342
31 113 13 16
32 12 34 104
32 17 7 351
32 31 10 46
32 34 23 258
32 49 19 153
32 60 43 29
32 62 4 275
32 64 13 148
32 66 31 43
32 93 16 77
32 95 27 143
32 96 25 3
32 116 37 198
32 119 41 116
32 120 1 431
33 24 22 350
33 36 31 81
33 41 43 6
33 53 47 133
33 58 25 280
33 75 27 235
33 77 1 2
33 81 13 106
33 82 37 166
33 83 19 389
33 89 10 149
33 93 7 77
33 104 58 9
33 114 5 308
33 117 52 128
34 25 17 108
34 29 31 4
34 46 4 12
34 61 21 246
34 78 13 307
34 79 19 72
34 80 25 96
34 82 43 166
34 86 28 19
34 88 1 226
34 96 37 3
34 100 7 393
34 103 10 1
34 106 34 74
34 114 23 308
35 12 5 104
35 13 7 292
35 22 1 415
35 24 13 350
35 35 34 343
35 39 31 181
35 41 49 6
35 49 25 153
35 60 37 29
35 64 10 148
35 79 22 72
35 89 43 149
35 95 46 143
35 101 16 66
35 108 19 259
36 6 37 123
36 8 55 286
36 10 11 33
36 30 25 379
36 32 15 191
36 34 13 258
36 37 23 304
36 43 31 169
36 47 19 290
36 49 3 153
36 59 7 282
36 99 49 127
36 104 43 9
36 106 46 74
36 115 1 56
37 5 13 26
37 8 40 314
37 11 16 188
37 14 49 352
37 21 7 118
37 40 22 138
37 47 25 290
37 50 55 288
37 59 10 282
37 76 43 165
37 88 3 226
37 100 37 393
37 102 5 255
37 112 31 320
37 113 19 16
38 11 19 188
38 12 37 104
38 17 10 351
38 19 27 249
38 32 25 191
38 34 5 258
38 45 7 14
38 75 31 235
38 89 13 149
38 97 43 205
38 100 16 393
38 105 1 421
38 106 49 74
38 108 22 259
38 111 39 34
39 5 29 26
39 21 10 118
39 22 19 415
39 36 37 81
39 44 31 354
39 46 7 12
39 50 25 288
39 53 43 133
39 67 3 204
39 72 35 295
39 75 52 235
39 85 13 52
39 101 1 66
39 113 16 16
39 119 23 116
40 2 40 13
40 13 9 292
40 16 55 262
40 20 16 263
40 23 31 220
40 27 34 355
40 35 25 343
40 46 13 12
40 68 19 440
40 78 43 307
40 93 28 77
40 94 49 170
40 95 37 143
40 115 3 56
41 10 1 33
41 22 7 415
41 29 27 4
41 35 40 343
41 40 43 138
41 48 25 210
41 49 31 153
41 57 13 215
41 60 3 29
41 70 21 251
41 86 37 19
41 94 15 170
41 101 19 66
41 104 46 9
41 116 49 198
42 7 31 93
42 12 23 104
42 13 11 292
42 19 16 249
42 30 19 379
42 44 7 354
42 68 25 440
42 75 4 235
42 77 37 2
42 99 55 127
42 103 13 1
42 105 49 421
42 108 1 259
42 109 43 115
43 5 5 26
43 11 22 188
43 19 29 249
43 28 13 79
43 32 7 191
43 36 9 81
43 54 37 152
43 66 34 43
43 75 16 235
43 76 43 422
43 83 31 389
43 84 1 244
43 92 3 135
43 100 19 393
43 105 25 421
44 2 25 21
44 4 13 35
44 6 43 123
44 17 28 351
44 29 37 4
44 38 49 359
44 45 1 14
44 53 19 133
44 58 21 280
44 67 9 204
44 69 4 178
44 75 40 367
44 88 7 226
44 105 31 421
44 116 55 198
45 4 19 35
45 5 11 26
45 7 37 93
45 16 55 408
45 24 1 350
45 35 43 343
45 40 46 138
45 50 25 158
45 62 34 275
45 67 13 345
45 71 7 284
45 75 31 367
45 82 49 166
45 120 4 431
46 1 23 253
46 2 31 21
46 3 1 75
46 10 13 33
46 12 19 104
46 32 17 191
46 36 55 81
46 51 37 58
46 61 4 246
46 72 15 295
46 93 10 77
46 94 25 170
46 95 40 143
46 101 21 66
46 120 7 431
47 10 3 33
47 17 16 351
47 20 10 263
47 33 33 425
47 34 39 258
47 61 1 246
47 69 25 178
47 75 55 235
47 79 7 72
47 96 5 3
47 104 28 9
47 107 13 342
47 110 19 439
47 114 31 308
47 118 22 285
48 5 19 26
48 11 25 188
48 24 28 350
48 27 40 355
48 32 9 191
48 43 1 169
48 51 5 58
48 56 49 448
48 61 7 246
48 70 13 251
48 77 31 2
48 90 21 107
48 107 16 342
48 117 46 128
48 119 37 116
49 7 43 93
49 9 11 27
49 17 37 351
49 23 1 220
49 24 16 350
49 29 13 4
49 32 22 191
49 43 7 169
49 52 4 134
49 63 25 94
49 72 40 295
49 82 55 166
49 106 49 167
49 107 19 342
49 109 31 115
50 6 31 123
50 10 15 33
50 21 19 118
50 33 49 425
50 36 25 202
50 40 55 138
50 61 9 246
50 80 43 96
50 84 5 244
50 85 46 52
50 92 1 135
50 105 37 421
50 106 58 74
50 107 22 342
50 119 3 116
51 1 35 253
51 22 13 415
51 26 43 122
51 50 37 158
51 54 52 152
51 58 7 280
51 59 1 282
51 63 25 109
51 66 49 43
51 71 19 284
51 87 4 17
51 93 31 77
51 99 9 127
51 114 17 308
51 119 47 116
52 5 35 26
52 9 13 27
52 12 41 104
52 17 43 351
52 25 5 108
52 47 31 290
52 68 37 440
52 75 10 235
52 76 55 70
52 82 19 166
52 85 7 52
52 90 49 117
52 103 16 1
52 107 25 342
52 118 1 285
53 1 5 253
53 5 41 26
53 8 28 286
53 17 31 351
53 24 25 350
53 28 16 79
53 35 7 343
53 50 49 158
53 55 13 331
53 77 43 2
53 81 1 106
53 90 55 117
53 95 10 143
53 97 19 205
53 99 37 349
54 1 27 253
54 20 19 263
54 35 37 343
54 42 55 373
54 46 10 12
54 52 22 134
54 61 13 246
54 75 34 235
54 77 49 2
54 79 25 72
54 80 15 96
54 96 1 3
54 98 3 348
54 110 7 439
54 117 31 128
55 1 47 253
55 4 25 35
55 15 23 340
55 38 40 61
55 54 16 152
55 60 19 29
55 71 31 284
55 80 7 96
55 82 43 361
55 90 49 401
55 108 10 259
55 111 55 101
55 113 37 16
55 116 1 370
55 120 13 431
56 7 49 93
56 9 1 27
56 27 46 355
56 34 27 258
56 51 23 58
56 56 33 448
56 57 19 215
56 61 31 246
56 64 16 148
56 73 13 7
56 79 3 72
56 88 21 226
56 102 7 255
56 112 37 320
56 116 9 370
57 1 25 253
57 2 13 21
57 17 34 351
57 23 4 220
57 32 1 191
57 43 49 169
57 52 19 134
57 56 55 448
57 75 22 235
57 80 10 96
57 85 16 52
57 91 7 87
57 96 27 3
57 105 43 421
57 109 37 115
58 15 25 340
58 19 19 249
58 25 11 108
58 40 40 138
58 51 17 58
58 60 49 29
58 61 15 246
58 65 1 98
58 72 5 295
58 76 21 165
58 77 55 2
58 83 13 389
58 95 7 143
58 100 27 393
59 8 58 286
59 27 28 355
59 29 16 4
59 35 10 343
59 38 31 61
59 44 37 354
59 58 23 280
59 59 34 282
59 63 43 109
59 72 21 295
59 77 1 283
59 89 7 149
59 93 13 77
59 108 25 259
59 114 19 308
60 3 4 75
60 9 7 27
60 15 27 340
60 27 49 355
60 28 19 79
60 31 13 46
60 33 37 91
60 38 58 61
60 45 16 14
60 55 43 331
60 68 31 440
60 89 22 149
60 104 46 51
60 110 1 439
60 114 9 308
61 9 17 27
61 12 39 104
61 23 19 220
61 27 25 355
61 35 1 343
61 40 49 138
61 69 28 178
61 77 7 283
61 80 34 96
61 92 11 135
61 98 5 348
61 106 31 74
61 111 43 101
61 112 13 320
61 113 22 16
62 3 16 75
62 5 7 26
62 17 46 351
62 18 1 108
62 24 31 350
62 47 37 290
62 58 13 280
62 79 34 72
62 90 55 401
62 102 9 255
62 103 19 1
62 107 28 342
62 111 49 34
62 113 25 16
63 18 13 108
63 21 1 118
63 29 34 4
63 31 19 46
63 43 37 169
63 45 4 14
63 54 31 152
63 67 25 345
63 86 9 19
63 87 22 17
63 98 7 348
63 105 55 421
63 109 49 115
63 111 43 119
63 114 41 308
64 5 47 26
64 18 7 108
64 45 13 14
64 50 55 158
64 70 37 251
64 87 16 17
64 91 3 87
64 97 49 205
64 99 25 349
64 100 31 393
64 103 22 1
64 112 43 320
65 2 10 21
65 4 31 35
65 10 19 33
65 13 13 292
65 16 49 262
65 31 22 46
65 39 7 181
65 43 1 230
65 47 43 290
65 75 37 367
65 77 15 283
65 78 25 307
65 86 40 19
65 109 55 115
66 15 29 340
66 17 40 351
66 23 13 220
66 25 23 108
66 36 43 202
66 45 19 14
66 61 37 246
66 76 25 165
66 83 11 389
66 87 49 17
66 88 9 226
66 93 34 77
66 105 1 192
66 114 7 308
66 117 16 128
67 4 37 35
67 5 15 26
67 25 29 108
67 51 13 58
67 55 22 331
67 57 17 215
67 60 55 29
67 64 19 148
67 76 43 70
67 79 9 72
67 81 25 106
67 83 7 389
67 89 1 149
67 100 34 393
67 108 4 259
68 2 25 78
68 7 55 93
68 43 43 169
68 47 49 290
68 48 17 210
68 67 1 345
68 80 37 96
68 81 19 106
68 82 13 166
68 87 40 17
68 96 33 3
68 108 28 259
68 110 10 439
68 118 7 285
69 20 25 263
69 21 13 118
69 22 37 415
69 29 55 4
69 41 43 147
69 58 28 280
69 69 10 178
69 74 16 402
69 77 19 283
69 78 1 307
69 91 23 87
69 101 7 66
69 107 31 342
69 112 49 320
69 115 5 56
70 8 43 314
70 15 31 340
70 16 19 262
70 21 4 118
70 22 33 415
70 37 46 304
70 46 16 12
70 65 7 98
70 69 37 178
70 70 1 251
70 72 11 295
70 73 28 7
70 74 13 402
70 111 49 101
70 119 25 116
71 2 39 21
71 9 22 27
71 25 35 108
71 33 43 91
71 43 55 169
71 53 5 133
71 71 25 284
71 94 31 336
71 101 9 66
71 109 1 436
71 114 37 308
71 116 13 370
71 117 49 375
71 118 19 285
71 119 7 116
72 1 13 253
72 10 17 33
72 15 33 340
72 16 43 262
72 17 49 351
72 27 22 355
72 34 35 258
72 43 7 230
72 77 25 283
72 80 19 96
72 88 15 226
72 89 37 149
72 99 1 127
72 106 55 74
72 115 11 56
73 2 7 21
73 8 13 286
73 10 35 33
73 20 22 263
73 25 41 108
73 31 25 46
73 44 1 354
73 46 28 12
73 61 46 246
73 77 31 283
73 91 5 87
73 100 43 393
73 106 10 74
73 116 37 370
74 4 43 35
74 11 28 188
74 18 49 108
74 26 37 385
74 29 1 4
74 40 25 138
74 57 21 215
74 74 4 402
74 75 58 235
74 81 31 106
74 83 15 389
74 90 9 107
74 96 7 3
74 119 13 116
75 3 25 75
75 14 1 352
75 25 47 108
75 26 55 385
75 43 13 230
75 44 43 354
75 51 53 58
75 54 28 152
75 59 4 282
75 67 31 345
75 90 49 28
75 93 37 77
75 105 7 192
75 116 19 370
75 118 40 285
76 5 17 26
76 6 3 123
76 17 52 351
76 27 34 324
76 33 55 91
76 58 1 280
76 65 13 98
76 69 31 178
76 75 19 235
76 80 22 96
76 90 25 107
76 94 7 170
76 96 11 3
76 104 43 51
76 111 37 101
77 8 19 286
77 13 15 292
77 18 1 227
77 34 7 258
77 45 28 14
77 49 37 153
77 61 33 246
77 64 22 148
77 93 43 77
77 98 9 348
77 100 46 393
77 111 49 119
77 112 55 320
78 5 53 26
78 6 49 123
78 10 21 33
78 29 31 68
78 31 28 46
78 44 55 354
78 69 34 178
78 71 37 284
78 77 43 283
78 85 25 52
78 105 13 192
78 109 7 436
78 112 1 64
79 2 19 21
79 12 43 104
79 23 16 220
79 27 31 355
79 37 5 304
79 54 10 152
79 58 3 280
79 59 13 282
79 69 40 178
79 74 7 402
79 76 49 70
79 80 46 96
79 83 1 389
79 116 25 370
80 12 46 104
80 23 34 220
80 27 15 355
80 29 19 4
80 36 1 81
80 45 22 14
80 48 7 210
80 50 9 288
80 65 25 98
80 69 43 178
80 93 40 77
80 104 31 9
80 114 13 308
81 17 1 174
81 34 15 258
81 37 7 304
81 39 4 181
81 47 55 290
81 70 31 251
81 73 22 7
81 76 49 179
81 77 37 283
81 83 25 389
81 88 17 226
81 91 9 87
81 93 46 77
81 113 28 16
82 3 7 75
82 17 55 351
82 24 37 350
82 28 22 79
82 30 49 82
82 34 19 258
82 36 1 202
82 46 25 12
82 49 43 153
82 51 31 58
82 52 28 134
82 59 40 282
82 107 34 342
82 109 13 436
83 18 55 108
83 28 25 79
83 29 52 4
83 31 31 46
83 35 46 343
83 41 1 6
83 57 23 215
83 69 49 178
83 83 21 389
83 84 9 244
83 91 15 87
83 92 5 135
83 100 40 393
83 101 28 66
83 108 34 259
84 8 46 314
84 9 3 27
84 14 25 352
84 16 15 262
84 19 5 249
84 23 40 220
84 29 7 4
84 46 22 12
84 48 1 210
84 62 10 275
84 74 19 402
84 104 37 51
84 110 28 439
84 115 13 56
84 116 31 370
85 17 58 351
85 24 34 350
85 29 40 4
85 33 43 95
85 50 13 288
85 51 47 58
85 57 28 215
85 78 1 162
85 97 7 205
85 98 11 348
85 100 49 393
85 103 25 1
85 105 19 192
85 113 31 16
86 2 1 21
86 22 43 415
86 23 22 220
86 38 25 61
86 61 35 246
86 67 7 345
86 69 55 178
86 72 13 295
86 79 31 72
86 100 52 393
86 103 28 1
86 106 19 74
86 111 15 34
86 117 4 128
87 6 13 123
87 18 7 227
87 39 1 181
87 41 55 6
87 48 23 210
87 49 49 153
87 53 11 133
87 55 34 331
87 61 39 246
87 63 43 132
87 80 4 96
87 91 19 87
87 105 25 192
87 108 31 259
88 2 22 21
88 20 28 263
88 23 43 220
88 40 9 138
88 59 37 282
88 64 25 148
88 76 49 229
88 86 34 19
88 92 7 135
88 97 1 205
88 99 13 127
88 103 31 1
88 104 19 9
88 111 55 119
89 1 31 253
89 13 17 292
89 22 49 415
89 26 7 122
89 48 27 210
89 55 37 331
89 71 43 284
89 80 1 96
89 88 25 226
89 94 55 170
89 97 13 205
89 102 11 255
89 109 19 436
89 114 33 308
89 118 4 285
90 9 25 27
90 12 7 104
90 15 35 340
90 20 31 263
90 35 4 343
90 46 37 12
90 51 45 58
90 61 43 246
90 66 1 43
90 67 19 345
90 84 15 244
90 92 9 135
90 106 27 74
90 113 40 16
90 119 17 116
91 3 10 75
91 9 15 27
91 31 34 46
91 38 37 61
91 41 21 6
91 52 25 134
91 53 13 133
91 62 7 275
91 64 28 148
91 73 43 7
91 88 19 226
91 89 40 149
91 90 55 28
91 93 49 77
91 94 1 170
92 8 34 286
92 11 31 188
92 12 17 104
92 15 37 340
92 16 7 262
92 40 52 138
92 41 25 147
92 61 41 246
92 65 19 98
92 73 46 7
92 86 43 19
92 92 15 135
92 96 39 3
92 99 1 349
92 102 13 255
93 4 49 35
93 13 19 292
93 14 4 352
93 22 55 415
93 25 53 108
93 34 9 258
93 37 13 304
93 38 21 61
93 52 37 134
93 89 25 149
93 93 1 139
93 105 31 192
93 108 40 259
93 115 15 56
94 11 34 188
94 17 4 174
94 49 55 153
94 50 19 288
94 53 51 133
94 64 31 148
94 68 43 440
94 73 10 7
94 74 25 402
94 85 1 52
94 87 7 17
94 101 23 66
94 102 15 255
94 104 28 51
94 105 37 192
95 4 55 35
95 6 7 123
95 9 27 27
95 10 23 33
95 11 37 188
95 20 40 263
95 27 19 355
95 33 3 425
95 46 31 12
95 61 49 246
95 99 13 349
95 103 34 1
95 104 51 51
95 114 1 308
95 116 43 370
96 6 55 123
96 8 49 314
96 23 46 220
96 40 13 138
96 46 34 12
96 47 1 277
96 49 7 195
96 65 37 98
96 72 25 295
96 79 27 72
96 89 16 149
96 93 52 77
96 96 21 3
96 106 31 167
96 117 43 223
97 13 21 292
97 17 7 174
97 33 49 91
97 38 58 359
97 49 1 195
97 50 31 158
97 72 27 295
97 74 10 402
97 75 43 367
97 96 41 3
97 98 13 348
97 106 46 167
97 111 37 119
97 117 55 128
97 120 16 431
98 6 1 411
98 11 40 188
98 23 49 220
98 38 16 61
98 51 43 58
98 62 13 275
98 63 55 109
98 64 34 148
98 80 52 96
98 90 25 117
98 99 19 349
98 108 37 259
98 112 7 64
99 3 19 75
99 6 27 411
99 8 22 286
99 17 10 174
99 21 16 118
99 34 43 258
99 36 31 202
99 63 49 109
99 85 4 52
99 95 1 143
99 100 55 393
99 101 25 66
99 104 7 9
99 118 13 285
100 2 28 21
100 14 55 352
100 18 19 227
100 25 59 108
100 39 10 181
100 48 15 210
100 52 34 134
100 61 51 246
100 62 1 275
100 70 4 251
100 73 7 7
100 92 13 135
100 102 17 255
100 117 25 128
100 118 31 285
101 2 43 21
101 16 19 408
101 23 52 220
101 30 31 379
101 33 57 95
101 45 40 14
101 48 3 210
101 56 13 182
101 61 55 246
101 72 1 295
101 109 25 436
101 117 7 128
101 118 10 285
102 14 39 223
102 18 13 227
102 28 28 79
102 30 7 172
102 39 22 181
102 44 1 100
102 45 43 14
102 48 37 210
102 65 55 98
102 66 46 8
102 71 49 284
102 89 34 149
102 101 31 66
102 102 19 255
102 114 25 308
103 4 1 20
103 10 27 33
103 20 34 263
103 28 31 79
103 40 16 138
103 56 55 182
103 59 43 282
103 83 52 389
103 84 21 244
103 85 49 52
103 87 13 17
103 94 7 336
103 103 37 1
103 107 40 342
103 118 46 285
104 1 37 253
104 30 55 379
104 41 19 147
104 46 40 12
104 54 7 152
104 65 49 98
104 82 1 166
104 87 10 17
104 108 46 259
104 109 31 436
104 110 13 439
104 113 43 16
104 114 27 308
105 3 28 75
105 11 43 188
105 13 23 292
105 17 13 174
105 31 37 46
105 39 16 181
105 48 19 210
105 53 1 133
105 58 31 280
105 84 25 244
105 91 21 87
105 103 40 1
105 105 49 192
105 106 3 74
106 5 25 26
106 11 46 188
106 20 37 263
106 37 19 304
106 43 49 230
106 45 55 14
106 51 15 58
106 82 7 166
106 83 40 389
106 88 27 226
106 97 1 219
106 102 21 255
106 103 43 1
106 110 31 439
107 2 19 78
107 20 43 263
107 33 25 425
107 37 31 304
107 45 52 14
107 46 49 12
107 81 37 106
107 82 1 361
107 93 55 77
107 97 7 219
107 98 15 348
107 100 58 393
107 103 46 1
107 106 22 74
108 4 7 20
108 11 49 188
108 13 25 292
108 14 58 352
108 24 40 350
108 28 34 79
108 35 52 343
108 57 31 215
108 63 27 132
108 74 22 402
108 82 13 361
108 83 43 389
108 85 19 52
108 87 1 17
108 118 37 285
109 13 27 292
109 18 31 227
109 19 1 249
109 32 3 191
109 44 13 354
109 47 7 277
109 57 25 215
109 58 35 280
109 73 49 7
109 83 45 389
109 92 17 135
109 104 22 9
109 109 37 436
110 8 27 314
110 34 1 258
110 47 13 277
110 51 25 58
110 53 21 133
110 61 53 246
110 65 43 98
110 66 7 43
110 86 31 19
110 92 19 135
110 98 17 348
110 104 10 9
110 107 37 342
110 110 34 439
110 114 3 308
111 4 13 20
111 5 31 26
111 11 52 188
111 30 37 379
111 36 7 202
111 37 59 304
111 38 43 359
111 44 25 100
111 56 1 448
111 62 49 275
111 63 55 132
111 75 46 367
111 112 19 64
111 113 34 16
111 119 5 116
112 19 7 249
112 37 43 304
112 38 28 61
112 53 31 133
112 57 33 215
112 58 37 280
112 59 25 282
112 62 16 275
112 63 49 132
112 65 1 250
112 69 46 178
112 90 39 117
112 95 13 143
112 96 9 3
112 120 19 431
113 5 33 26
113 9 29 27
113 44 7 100
113 45 58 14
113 52 40 134
113 57 35 215
113 69 1 339
113 81 43 106
113 83 47 389
113 85 37 52
113 86 52 19
113 96 15 3
113 108 49 259
113 115 17 56
113 120 25 431
114 27 4 355
114 36 13 202
114 38 7 61
114 44 31 100
114 45 1 120
114 47 19 277
114 51 39 58
114 57 37 215
114 74 55 402
114 85 10 52
114 93 58 77
114 94 25 336
114 109 43 436
114 116 49 370
115 6 13 411
115 14 28 352
115 20 46 263
115 27 31 324
115 29 4 68
115 50 19 158
115 57 39 215
115 59 1 214
115 67 7 99
115 71 55 284
115 75 25 367
115 77 49 283
115 104 34 9
115 110 43 439
116 19 10 249
116 26 15 122
116 45 4 120
116 48 13 210
116 56 25 182
116 59 46 282
116 70 7 251
116 74 1 402
116 77 55 283
116 79 29 72
116 83 33 389
116 85 40 52
116 92 21 135
116 103 49 1
116 104 37 271
117 12 13 104
117 13 29 292
117 24 43 350
117 25 1 207
117 32 27 191
117 34 3 258
117 43 19 230
117 48 33 210
117 53 15 133
117 67 39 345
117 69 52 178
117 79 37 72
117 82 7 361
117 88 31 226
117 89 46 149
118 13 31 292
118 44 49 354
118 45 46 14
118 47 25 277
118 61 57 246
118 64 37 148
118 65 7 250
118 72 17 295
118 74 4 40
118 79 40 72
118 80 1 412
118 87 19 17
118 114 15 308
118 117 22 128
118 119 33 116
119 24 46 350
119 33 31 91
119 44 13 100
119 45 49 14
119 50 19 300
119 54 25 152
119 57 41 215
119 69 58 178
119 71 1 297
119 74 28 402
119 100 7 395
119 104 10 51
119 107 43 342
119 110 37 439
120 17 16 174
120 21 22 118
120 25 5 207
120 37 25 304
120 41 45 175
120 57 43 215
120 65 31 250
120 69 7 339
120 70 28 251
120 94 37 336
120 103 52 1
120 109 55 436
120 116 1 406
120 119 19 116
121 10 31 33
121 11 55 188
121 14 33 352
121 30 13 172
121 31 40 46
121 35 25 125
121 41 7 6
121 59 4 214
121 81 49 106
121 90 21 117
121 96 43 3
121 98 19 348
121 100 1 395
121 103 58 1
121 120 28 431
122 9 9 27
122 15 40 340
122 17 19 174
122 21 25 118
122 28 37 79
122 30 13 379
122 47 31 277
122 54 1 152
122 58 49 280
122 69 4 339
122 79 43 72
122 82 51 361
122 90 55 194
122 92 23 135
122 113 46 16
123 3 31 75
123 10 29 33
123 20 49 263
123 27 55 355
123 49 21 195
123 51 1 58
123 52 43 134
123 53 27 133
123 56 7 448
123 74 52 402
123 87 37 17
123 92 25 135
123 96 3 3
123 112 13 64
123 115 19 56
124 2 16 21
124 5 37 26
124 6 7 411
124 19 13 249
124 31 43 46
124 44 1 137
124 46 46 12
124 68 49 440
124 72 31 295
124 87 28 17
124 106 25 167
124 108 55 259
124 110 40 439
124 115 21 56
125 17 22 174
125 62 19 275
125 63 25 281
125 66 37 43
125 67 43 345
125 75 51 367
125 80 40 96
125 83 49 389
125 90 1 107
125 97 13 219
125 99 7 349
125 103 55 1
125 118 34 285
125 119 31 116
126 3 22 75
126 12 25 104
126 14 1 223
126 48 35 210
126 56 7 182
126 70 40 251
126 87 52 17
126 90 13 107
126 95 19 143
126 100 4 395
126 105 43 192
126 118 49 285
126 120 31 431
127 4 19 20
127 5 39 26
127 8 43 413
127 11 58 188
127 18 25 227
127 19 35 249
127 33 13 425
127 35 49 343
127 52 46 134
127 56 1 182
127 73 52 7
127 80 55 96
127 82 31 361
127 116 7 406
128 15 43 340
128 21 31 118
128 29 22 4
128 51 19 58
128 59 7 214
128 69 10 339
128 72 3 295
128 76 13 165
128 84 27 244
128 96 53 3
128 105 55 192
128 107 46 342
128 109 49 436
129 16 1 262
129 17 31 174
129 18 37 227
129 35 55 343
129 44 19 100
129 46 43 12
129 51 5 10
129 58 41 280
129 63 13 94
129 66 34 8
129 67 49 345
129 70 58 251
129 71 7 297
129 79 46 72
129 112 25 64
130 17 25 174
130 18 43 227
130 20 52 263
130 25 3 207
130 30 7 379
130 33 13 91
130 38 37 359
130 39 34 181
130 40 58 138
130 48 31 210
130 54 40 152
130 56 19 182
130 66 28 43
130 79 49 72
130 118 55 285
131 9 31 27
131 10 33 33
131 28 40 79
131 32 19 191
131 34 21 258
131 39 25 181
131 41 7 147
131 47 43 277
131 55 52 331
131 71 13 297
131 91 28 87
131 94 1 336
131 111 55 420
131 115 23 56
131 119 49 116
132 3 37 75
132 4 25 20
132 28 43 79
132 46 52 12
132 51 41 58
132 69 13 339
132 72 7 295
132 74 49 402
132 75 1 235
132 79 55 72
132 82 19 361
132 100 10 395
132 102 23 255
132 112 31 64
133 2 52 21
133 29 10 4
133 32 29 191
133 46 7 163
133 57 45 215
133 61 59 246
133 68 55 440
133 69 25 339
133 81 1 248
133 96 47 3
133 98 21 348
133 106 34 167
133 113 49 16
133 116 13 406
134 1 52 253
134 2 58 21
134 6 31 411
134 15 45 340
134 21 28 118
134 23 55 220
134 26 13 385
134 40 25 180
134 50 1 288
134 66 10 43
134 71 19 297
134 74 7 40
134 97 37 219
134 107 49 342
135 14 9 352
135 15 49 340
135 25 7 207
135 28 46 79
135 36 55 202
135 41 13 6
135 48 41 210
135 58 39 280
135 70 43 251
135 78 19 307
135 96 59 3
135 110 51 439
135 120 34 431
136 1 10 253
136 9 33 27
136 17 28 174
136 20 55 263
136 24 49 350
136 44 43 100
136 62 25 275
136 64 40 148
136 67 1 99
136 75 7 235
136 84 31 244
136 85 52 52
136 97 19 219
136 114 47 308
137 6 19 411
137 9 41 27
137 12 53 104
137 17 34 174
137 39 46 181
137 44 7 137
137 47 37 277
137 65 13 250
137 78 49 307
137 80 4 412
137 89 28 149
137 116 55 370
137 120 43 431
138 4 31 20
138 5 3 26
138 6 37 411
138 9 35 27
138 36 19 202
138 49 13 195
138 53 53 133
138 56 49 182
138 66 7 196
138 82 55 361
138 84 29 244
138 91 25 87
138 104 46 271
138 108 43 259
138 117 10 128
139 6 43 411
139 12 5 146
139 33 7 425
139 46 55 12
139 47 49 277
139 55 22 41
139 67 13 99
139 80 58 96
139 82 25 361
139 84 33 244
139 88 29 226
139 89 19 149
139 90 1 117
139 112 37 64
140 5 9 26
140 18 49 227
140 37 37 304
140 38 40 359
140 46 58 12
140 50 1 158
140 51 33 58
140 63 13 109
140 85 43 52
140 87 55 17
140 92 27 135
140 94 19 170
140 98 23 348
140 110 46 439
141 4 37 20
141 10 41 33
141 24 55 350
141 30 43 379
141 36 1 111
141 49 25 195
141 57 47 215
141 72 9 295
141 74 58 402
141 76 19 422
141 80 49 96
141 83 5 45
141 99 31 349
141 106 13 74
141 107 52 342
142 21 40 118
142 24 52 350
142 29 49 4
142 33 19 425
142 36 13 111
142 39 43 181
142 76 31 165
142 78 7 162
142 86 46 19
142 108 58 259
142 111 1 34
142 119 27 116
142 120 37 431
143 2 49 21
143 12 27 104
143 31 46 46
143 41 3 147
143 44 37 100
143 47 55 277
143 54 7 299
143 56 31 182
143 61 1 126
143 64 43 148
143 67 19 99
143 75 13 235
143 115 25 56
144 13 33 292
144 34 45 258
144 39 37 181
144 46 1 163
144 54 13 152
144 71 25 297
144 74 10 40
144 79 57 72
144 92 29 135
144 106 16 74
144 108 4 237
144 110 7 103
144 113 52 16
144 117 19 128
145 1 49 253
145 23 1 265
145 37 53 304
145 48 39 210
145 49 31 195
145 51 51 58
145 62 22 275
145 63 7 94
145 67 55 345
145 70 46 251
145 83 59 389
145 85 4 92
145 95 16 143
145 97 25 219
145 114 43 308
146 17 37 174
146 18 1 386
146 20 58 263
146 39 40 181
146 44 13 137
146 54 55 152
146 64 46 148
146 71 31 297
146 72 43 295
146 82 19 449
146 86 49 19
146 97 7 289
146 102 25 255
147 46 4 163
147 56 37 182
147 57 49 215
147 70 1 47
147 78 13 162
147 79 51 72
147 80 7 412
147 87 58 17
147 92 31 135
147 99 43 349
147 101 33 66
147 106 10 167
147 113 55 16
147 119 21 116
148 3 34 75
148 16 25 262
148 23 4 265
148 29 7 68
148 32 31 191
148 56 43 182
148 64 49 148
148 70 52 251
148 85 1 92
148 86 55 19
148 96 10 112
148 113 58 16
148 114 21 308
149 4 43 20
149 5 27 26
149 12 15 104
149 26 1 122
149 28 49 79
149 35 58 343
149 48 47 210
149 55 7 331
149 65 19 250
149 89 52 149
150 1 16 49
150 2 55 21
150 5 45 26
150 23 58 220
150 30 7 82
150 44 19 137
150 56 1 272
150 58 43 280
150 62 28 275
150 64 52 148
150 66 13 43
150 70 49 251
150 92 33 135
150 119 39 116
151 24 58 350
151 26 19 385
151 35 28 125
151 40 7 180
151 49 43 195
151 61 3 126
151 66 52 43
151 67 31 99
151 80 10 412
151 82 13 449
151 98 25 348
151 114 49 308
151 120 40 431
152 13 35 292
152 30 25 82
152 35 37 125
152 36 7 111
152 44 55 100
152 52 49 134
152 59 52 282
152 66 43 43
152 69 16 339
152 73 13 156
152 82 1 449
152 88 33 226
152 94 19 336
152 101 40 66
153 1 21 253
153 18 55 227
153 24 1 380
153 29 13 68
153 32 34 191
153 35 31 125
153 38 16 359
153 49 37 195
153 82 7 449
153 87 43 17
153 93 4 139
153 98 27 348
154 12 59 104
154 20 1 398
154 31 49 46
154 34 47 258
154 46 10 163
154 53 25 133
154 70 7 47
154 99 55 349
154 100 31 395
154 105 13 267
154 113 4 270
154 115 27 56
154 116 19 406
155 5 11 70
155 9 58 27
155 10 43 33
155 21 45 118
155 28 52 79
155 31 55 46
155 49 7 233
155 59 49 282
155 71 37 297
155 78 25 162
155 89 4 442
155 92 35 135
155 105 19 267
155 113 1 270
155 117 13 128
156 1 59 253
156 8 10 286
156 10 37 33
156 29 1 68
156 50 13 158
156 61 5 126
156 66 40 43
156 72 33 295
156 74 25 40
156 78 19 162
156 81 55 106
156 112 43 64
156 113 7 270
157 4 55 20
157 15 47 340
157 16 25 408
157 17 40 174
157 23 10 265
157 34 49 258
157 35 34 125
157 45 7 120
157 57 51 215
157 62 1 190
157 63 19 94
157 71 43 297
157 80 13 412
157 95 4 143
158 6 55 411
158 16 13 408
158 21 49 118
158 36 19 111
158 43 25 230
158 50 7 158
158 62 52 275
158 67 37 99
158 82 31 449
158 96 45 3
158 99 1 209
159 18 7 386
159 27 58 355
159 35 40 125
159 36 31 111
159 61 11 126
159 75 13 367
159 76 19 179
159 80 16 412
159 83 55 389
159 84 35 244
159 90 1 401
159 98 29 348
159 112 49 64
159 116 25 406
159 120 46 431
160 5 4 70
160 15 51 340
160 21 37 118
160 25 13 207
160 39 58 181
160 43 31 230
160 48 49 210
160 59 55 282
160 89 1 442
160 91 35 87
160 104 15 9
160 111 19 34
160 113 10 270
160 118 43 285
161 20 4 398
161 30 37 82
161 44 31 137
161 50 43 158
161 52 52 134
161 67 25 99
161 80 19 412
161 86 58 19
161 88 35 226
161 89 49 149
161 90 7 117
161 113 13 270
161 119 1 116
162 17 43 174
162 20 7 398
162 32 39 191
162 39 55 181
162 44 25 137
162 49 49 195
162 54 4 152
162 56 15 272
162 61 13 126
162 90 19 401
162 92 37 135
162 96 1 112
162 97 31 219
162 117 58 128
163 26 25 122
163 34 17 6
163 52 55 134
163 62 4 190
163 78 33 162
163 85 10 92
163 87 46 17
163 93 7 139
163 98 31 348
163 108 52 259
163 110 58 439
163 115 29 56
163 118 1 427
164 4 49 20
164 10 39 33
164 24 7 380
164 26 31 122
164 27 22 324
164 36 25 111
164 44 43 137
164 49 1 233
164 53 37 133
164 57 53 215
164 59 10 214
164 71 55 297
164 89 19 442
164 92 41 135
164 94 13 336
165 1 19 49
165 18 13 386
165 28 55 79
165 50 1 300
165 61 17 126
165 67 43 99
165 74 37 402
165 79 53 72
165 80 22 412
165 81 7 248
165 97 49 219
165 104 25 9
165 117 40 128
166 5 43 26
166 10 45 33
166 16 37 408
166 26 25 385
166 37 49 304
166 87 1 85
166 91 31 87
166 93 10 139
166 98 33 348
166 99 19 209
166 100 13 395
166 107 55 342
166 118 52 285
167 14 16 352
167 18 19 386
167 21 52 118
167 23 13 265
167 25 9 207
167 27 25 324
167 34 33 258
167 36 43 111
167 39 49 181
167 44 1 273
167 49 55 195
167 72 37 295
167 92 39 135
167 96 5 112
168 6 49 411
168 10 47 33
168 15 53 340
168 27 1 355
168 36 37 202
168 62 58 275
168 65 25 250
168 85 55 52
168 94 43 336
168 104 4 9
168 111 7 34
168 116 31 406
169 1 23 49
169 12 21 104
169 14 13 352
169 15 55 340
169 31 52 46
169 57 57 215
169 66 16 43
169 67 1 243
169 73 10 156
169 82 37 361
169 91 33 87
169 102 27 255
169 104 43 271
169 118 7 427
170 9 39 27
170 23 7 265
170 28 58 79
170 30 13 82
170 32 41 191
170 37 21 304
170 62 10 190
170 65 43 250
170 70 55 251
170 74 1 40
170 87 4 85
170 88 37 226
170 119 51 116
171 24 10 380
171 26 49 385
171 35 43 125
171 40 28 138
171 58 33 280
171 64 55 148
171 66 19 43
171 80 25 412
171 93 13 139
171 95 22 143
171 105 1 267
171 116 37 406
172 1 21 49
172 10 52 33
172 12 11 146
172 13 37 292
172 27 1 324
172 37 33 304
172 43 39 230
172 50 25 300
172 55 4 331
172 79 59 72
172 89 13 442
172 91 43 87
172 99 7 209
172 110 55 439
172 120 49 431
173 1 7 253
173 3 40 75
173 17 46 174
173 31 58 46
173 48 43 210
173 49 25 233
173 53 3 133
173 65 49 250
173 79 1 358
173 81 13 248
173 106 22 167
173 113 19 270
174 23 16 265
174 26 1 385
174 34 53 258
174 38 13 61
174 55 19 331
174 56 9 272
174 57 55 215
174 61 7 126
174 66 22 43
174 72 45 295
174 94 49 336
174 98 35 348
175 14 19 352
175 17 49 174
175 18 25 386
175 19 31 249
175 20 10 398
175 35 46 125
175 36 37 111
175 48 55 210
175 55 7 41
175 59 58 282
175 65 13 36
175 73 4 7
175 108 1 237
175 111 33 34
175 120 52 431
176 2 46 21
176 5 58 26
176 6 1 30
176 8 43 200
176 12 16 146
176 13 39 292
176 32 37 191
176 36 49 202
176 37 35 41
176 41 31 147
176 46 13 163
176 56 19 272
176 62 55 275
176 63 25 151
176 105 7 267
177 6 7 30
177 10 55 33
177 27 28 324
177 32 43 191
177 40 22 180
177 51 1 10
177 53 33 133
177 67 57 99
177 71 49 297
177 75 19 367
177 76 37 70
177 90 13 117
177 96 3 112
177 117 25 375
178 6 13 30
178 18 31 386
178 21 55 118
178 24 4 380
178 35 49 125
178 66 25 43
178 80 39 412
178 86 1 185
178 96 7 112
178 98 37 348
178 101 35 66
178 102 29 255
178 104 19 51
179 2 4 21
179 8 16 286
179 24 13 380
179 32 47 191
179 33 19 91
179 37 51 304
179 43 43 230
179 61 9 126
179 73 1 7
179 80 28 412
179 84 37 244
179 91 39 87
179 96 49 3
180 1 27 49
180 19 25 249
180 38 34 61
180 39 4 264
180 41 39 6
180 50 7 300
180 54 22 152
180 59 13 214
180 62 16 190
180 67 49 99
180 69 19 339
180 73 55 7
180 101 37 66
180 110 1 103
180 119 43 116
181 1 1 253
181 8 37 286
181 13 41 292
181 14 19 223
181 16 7 408
181 37 55 304
181 40 31 180
181 50 13 300
181 56 25 272
181 57 59 215
181 75 22 367
181 79 3 358
181 99 49 349
181 119 45 116
182 8 1 286
182 9 37 27
182 14 7 223
182 19 21 249
182 24 16 380
182 33 25 91
182 41 49 147
182 45 10 120
182 65 39 250
182 70 13 47
182 110 4 103
182 111 33 101
182 115 31 56
183 33 49 95
183 51 59 58
183 63 37 132
183 69 22 339
183 70 10 47
183 80 31 412
183 83 27 389
183 92 43 135
183 93 16 139
183 94 1 144
183 112 55 64
184 2 1 78
184 5 49 26
184 23 19 265
184 25 11 207
184 38 22 359
184 65 25 36
184 67 7 243
184 70 4 47
184 72 47 295
184 78 55 307
184 85 13 92
184 96 51 3
185 5 1 70
185 10 49 33
185 16 3 408
185 17 52 174
185 21 58 118
185 27 37 324
185 36 7 400
185 61 15 126
185 74 22 40
185 75 28 367
185 87 19 85
185 89 55 149
186 2 4 78
186 5 51 26
186 6 19 30
186 13 43 292
186 27 55 324
186 33 13 95
186 48 45 210
186 56 33 272
186 63 7 109
186 78 37 162
186 91 41 87
186 102 31 255
187 16 1 5
187 24 19 380
187 25 15 207
187 35 52 125
187 50 55 300
187 53 59 133
187 56 37 272
187 63 7 132
187 78 43 162
187 80 34 412
187 82 25 449
187 96 13 112
188 25 17 207
188 30 31 82
188 35 1 245
188 36 19 400
188 39 52 181
188 41 37 147
188 43 55 230
188 49 13 233
188 96 23 112
188 108 7 237
189 21 1 371
189 26 19 441
189 39 7 264
189 41 13 147
189 50 31 300
189 66 4 43
189 83 10 45
189 85 58 52
189 88 39 226
189 90 25 401
189 96 55 3
189 114 45 308
190 3 49 75
190 9 47 27
190 24 22 380
190 25 19 207
190 40 4 138
190 46 16 163
190 55 1 331
190 64 58 148
190 106 13 167
190 108 10 237
190 111 25 34
190 115 33 56
190 116 43 406
190 117 7 375
191 1 13 49
191 33 19 95
191 41 55 147
191 54 10 299
191 80 49 412
191 83 1 45
191 85 7 92
191 86 4 185
191 91 37 87
191 92 45 135
192 9 45 27
192 18 37 386
192 26 31 385
192 29 10 68
192 30 19 82
192 39 1 264
192 54 13 299
192 55 16 331
192 65 55 250
192 75 4 367
192 92 47 135
192 101 43 66
193 14 52 352
193 33 1 91
193 40 10 180
193 59 16 214
193 67 19 243
193 70 25 47
193 74 13 40
193 79 5 358
193 89 58 149
193 90 31 117
193 95 49 143
193 101 45 66
193 111 37 420
194 1 55 253
194 9 49 27
194 12 3 104
194 23 22 265
194 43 43 270
194 55 25 331
194 76 37 179
194 80 52 412
194 90 13 401
194 101 47 66
194 110 10 103
194 111 31 119
194 117 58 223
195 40 1 138
195 46 19 163
195 66 58 43
195 76 13 422
195 80 55 412
195 89 7 442
195 91 45 87
195 98 39 348
195 106 4 167
196 2 16 78
196 19 43 249
196 36 49 111
196 61 19 126
196 62 7 190
196 65 1 36
196 69 31 339
196 89 10 442
196 94 55 336
196 98 41 348
196 99 37 209
196 105 25 267
196 108 13 237
197 2 22 78
197 19 33 249
197 21 4 371
197 37 41 41
197 38 25 359
197 40 28 180
197 43 55 270
197 58 45 280
197 59 19 214
197 67 13 243
197 80 1 37
197 82 7 65
197 83 17 45
197 84 39 244
197 116 49 406
198 2 10 78
198 5 55 26
198 19 3 249
198 27 43 324
198 48 51 210
198 55 28 331
198 62 13 190
198 87 7 85
198 88 41 226
198 93 19 139
198 111 31 420
198 113 16 270
199 1 25 49
199 10 57 33
199 12 55 104
199 19 37 249
199 27 4 324
199 29 22 68
199 37 27 304
199 43 49 270
199 65 7 36
199 70 16 47
199 85 19 92
199 98 43 348
199 117 1 128
200 17 55 174
200 33 37 95
200 72 53 295
200 78 49 162
200 81 19 248
200 83 3 389
200 89 28 442
200 93 25 139
200 94 7 144
200 100 16 395
200 102 33 255
200 107 58 342
201 2 13 78
201 8 4 286
201 21 7 371
201 52 58 134
201 73 1 156
201 76 37 229
201 81 25 248
201 89 22 442
201 90 31 401
201 97 43 219
201 108 16 237
202 1 29 49
202 12 9 104
202 25 21 207
202 50 37 300
202 63 31 109
202 75 1 367
202 80 43 412
202 84 41 244
202 91 47 87
202 94 13 144
202 97 25 289
202 101 49 66
202 114 51 308
202 116 55 406
202 118 4 427
203 26 1 441
203 45 13 120
203 48 53 210
203 58 47 280
203 62 19 190
203 74 16 40
203 81 31 248
203 83 9 389
203 95 43 143
203 101 51 66
203 105 37 267
203 117 22 223
204 29 58 4
204 34 5 6
204 35 55 125
204 40 19 138
204 41 1 175
204 45 16 120
204 46 22 163
204 55 10 331
204 58 51 280
204 79 7 358
204 83 13 45
204 90 43 117
204 104 25 51
204 117 28 375
205 1 35 49
205 14 10 223
205 23 25 265
205 25 23 207
205 30 1 172
205 33 31 95
205 34 51 258
205 69 28 339
205 83 57 389
205 92 49 135
205 98 45 348
205 108 19 237
206 15 57 340
206 16 13 5
206 44 49 100
206 48 59 210
206 50 43 300
206 59 25 214
206 67 31 243
206 72 55 295
206 73 4 156
206 87 10 85
206 93 28 139
206 94 37 144
206 113 22 270
207 2 34 78
207 18 43 386
207 27 19 324
207 36 25 400
207 38 4 61
207 39 16 264
207 72 49 295
207 79 9 358
207 85 31 92
207 86 13 185
207 92 51 135
207 93 22 139
207 106 1 167
207 118 58 285
208 15 59 340
208 18 49 386
208 21 10 371
208 32 45 191
208 33 25 95
208 37 1 304
208 48 5 411
208 53 39 133
208 75 7 367
208 83 3 45
208 108 22 237
208 110 13 103
208 111 31 194
208 120 55 431
209 2 7 78
209 9 43 27
209 21 13 371
209 24 25 380
209 48 57 210
209 55 31 331
209 56 45 272
209 67 37 243
209 75 10 367
209 85 16 92
209 92 53 135
209 106 19 167
210 17 58 174
210 21 16 371
210 24 28 380
210 32 49 191
210 48 23 411
210 49 19 233
210 54 46 152
210 55 55 331
210 70 31 47
210 79 11 358
210 83 7 45
210 111 1 101
210 114 39 308
211 2 28 78
211 25 25 207
211 35 58 125
211 37 43 41
211 53 45 133
211 69 34 339
211 73 7 156
211 76 37 311
211 83 23 45
211 94 19 144
211 96 15 112
211 97 1 289
212 16 43 408
212 23 28 265
212 30 7 13
212 32 51 191
212 34 59 258
212 45 19 120
212 50 1 366
212 61 22 126
212 74 34 40
212 93 31 139
212 96 17 112
212 97 55 205
212 111 13 101
213 8 4 314
213 12 49 104
213 16 31 408
213 38 1 61
213 41 7 175
213 46 25 163
213 67 43 243
213 85 22 92
213 87 13 85
213 89 16 442
213 97 55 219
213 114 53 308
214 12 1 146
214 13 45 292
214 35 4 245
214 44 37 137
214 76 19 229
214 96 57 3
214 99 49 209
214 105 31 267
214 110 16 103
214 113 25 270
214 118 10 427
215 43 1 291
215 44 51 137
215 46 28 163
215 55 13 41
215 56 55 272
215 80 46 412
215 90 7 401
215 91 49 87
215 115 35 56
215 119 59 116
216 5 7 70
216 16 49 408
216 25 27 207
216 29 16 68
216 40 1 180
216 48 11 411
216 59 22 214
216 62 34 190
216 65 39 36
216 89 31 442
216 95 55 143
216 98 47 348
216 105 43 267
216 115 37 56
217 9 1 424
217 18 55 386
217 38 3 359
217 39 10 264
217 41 19 175
217 59 28 214
217 72 59 295
217 91 51 87
217 98 49 348
217 99 13 209
217 101 53 66
218 18 1 414
218 36 13 400
218 37 9 304
218 46 31 163
218 69 37 339
218 70 22 47
218 78 55 162
218 82 43 449
218 91 53 87
218 96 29 112
218 99 25 209
218 100 19 395
219 2 37 78
219 12 3 146
219 13 47 292
219 24 31 380
219 53 7 133
219 72 57 295
219 74 19 40
219 87 16 85
219 92 55 135
219 95 52 143
219 102 35 255
219 104 22 51
219 118 13 427
220 10 59 33
220 18 7 414
220 39 13 264
220 70 19 47
220 75 34 367
220 90 43 401
220 91 55 87
220 100 22 395
220 104 1 9
220 115 39 56
220 118 16 427
221 5 9 70
221 19 39 249
221 25 29 207
221 36 55 111
221 37 45 41
221 41 13 175
221 45 22 120
221 56 49 272
221 63 1 94
221 88 43 226
221 114 59 308
222 5 13 70
222 13 49 292
222 23 37 265
222 25 34 207
222 33 7 91
222 53 57 133
222 59 31 214
222 72 1 429
222 83 15 45
222 98 51 348
222 100 25 395
222 101 55 66
223 6 25 30
223 9 53 27
223 13 51 292
223 26 7 385
223 38 13 359
223 39 19 264
223 41 1 252
223 44 55 137
223 74 43 40
223 94 31 144
223 102 37 255
223 115 41 56
224 20 13 398
224 23 31 265
224 32 53 191
224 41 7 252
224 53 55 133
224 59 37 214
224 67 49 243
224 73 16 156
224 91 57 87
224 93 34 139
224 100 28 395
224 115 43 56
225 6 49 30
225 8 25 286
225 23 40 265
225 32 55 191
225 37 15 304
225 49 31 233
225 51 9 58
225 62 22 190
225 69 43 339
225 80 58 412
225 90 1 28
225 93 37 139
225 113 28 270
226 9 51 27
226 10 1 125
226 14 4 223
226 21 19 371
226 34 11 6
226 36 31 400
226 66 55 43
226 67 25 243
226 70 37 47
226 73 58 7
226 87 22 85
226 98 53 348
227 2 55 78
227 6 33 30
227 25 31 207
227 53 9 133
227 56 1 426
227 63 19 109
227 70 28 47
227 79 13 358
227 84 43 244
227 88 45 226
227 90 37 401
227 104 15 51
227 105 49 267
227 120 58 431
228 5 17 70
228 23 34 265
228 27 52 355
228 32 59 191
228 34 19 6
228 39 22 264
228 56 7 426
228 62 31 190
228 79 15 358
228 88 47 226
228 90 43 28
228 93 40 139
228 94 25 144
228 105 55 267
229 1 37 49
229 16 25 5
229 18 13 414
229 29 19 68
229 36 49 400
229 46 34 163
229 82 1 65
229 86 7 185
229 94 55 144
229 95 10 187
229 96 31 112
229 100 43 395
229 102 39 255
230 3 43 75
230 26 7 441
230 27 13 324
230 37 47 41
230 41 25 175
230 49 37 233
230 50 49 300
230 72 3 429
230 75 16 367
230 96 19 112
230 102 41 255
230 106 55 167
231 16 19 5
231 32 57 191
231 43 7 291
231 56 13 426
231 59 34 214
231 70 40 47
231 73 25 156
231 75 1 8
231 76 43 179
231 80 4 37
231 88 49 226
232 23 45 265
232 39 25 264
232 74 28 40
232 80 7 37
232 89 37 442
232 95 58 143
232 96 35 112
232 99 31 209
232 102 43 255
232 111 1 119
232 117 10 375
232 118 19 427
233 25 37 207
233 30 19 13
233 35 7 245
233 51 49 58
233 55 10 41
233 62 28 190
233 78 1 394
233 83 31 45
233 87 25 85
233 90 39 28
233 94 43 144
233 97 13 289
233 99 55 209
233 100 34 395
234 8 31 286
234 13 53 292
234 33 13 256
234 50 7 366
234 58 1 337
234 67 55 243
234 70 34 47
234 72 5 429
234 91 59 87
234 93 49 139
234 102 45 255
235 8 22 314
235 16 37 5
235 29 25 68
235 34 55 258
235 35 10 245
235 37 57 304
235 39 28 264
235 44 13 273
235 53 5 423
235 67 1 121
235 80 19 37
235 104 7 51
235 113 31 270
236 10 3 125
236 19 47 249
236 34 29 6
236 36 55 400
236 43 13 291
236 44 19 273
236 54 37 299
236 63 25 105
236 69 40 339
236 78 7 394
236 88 51 226
236 97 31 289
236 115 45 56
237 2 31 78
237 8 9 314
237 10 5 125
237 19 53 249
237 36 43 400
237 53 7 423
237 54 58 152
237 59 40 214
237 63 1 109
237 75 55 367
237 82 49 449
237 110 19 103
238 12 57 104
238 14 25 223
238 18 19 414
238 29 28 68
238 30 1 379
238 41 49 175
238 46 37 163
238 50 13 366
238 65 31 36
238 80 10 37
238 84 45 244
239 12 51 104
239 34 57 258
239 39 31 264
239 45 25 120
239 48 35 411
239 55 1 41
239 58 53 280
239 65 43 36
239 79 17 358
239 80 13 37
239 87 28 85
239 100 37 395
239 118 22 427
240 9 55 27
240 24 34 380
240 27 7 355
240 29 43 68
240 38 10 61
240 39 37 264
240 40 4 180
240 55 58 331
240 56 19 426
240 65 49 36
240 89 25 442
240 100 40 395
240 102 47 255
241 25 52 207
241 36 1 321
241 43 21 291
241 46 40 163
241 59 49 214
241 61 25 126
241 66 27 8
241 70 55 47
241 79 19 358
241 82 13 65
241 93 43 139
241 94 7 405
241 100 46 395
242 2 40 78
242 24 37 380
242 29 34 68
242 32 1 391
242 38 7 359
242 45 28 120
242 59 43 214
242 74 31 40
242 76 3 165
242 82 57 449
242 86 10 185
242 97 19 289
242 98 55 348
243 3 46 75
243 23 49 265
243 25 39 207
243 29 55 68
243 51 21 58
243 53 9 423
243 59 52 214
243 74 58 40
243 76 25 422
243 83 19 45
243 86 16 185
243 89 34 442
243 94 1 405
244 3 52 75
244 14 13 223
244 23 1 89
244 26 43 385
244 32 4 391
244 66 49 8
244 88 55 226
244 92 57 135
244 96 21 112
244 97 37 289
244 106 7 74
244 115 47 56
244 117 16 375
245 8 7 286
245 21 25 371
245 37 39 304
245 41 31 175
245 48 41 411
245 80 16 37
245 83 35 45
245 91 1 374
245 104 3 51
245 110 22 103
245 115 49 56
245 118 28 427
246 18 25 414
246 20 16 398
246 26 55 441
246 43 31 291
246 56 37 426
246 66 1 196
246 70 49 47
246 74 52 40
246 76 7 165
246 86 19 185
246 97 43 289
246 104 4 271
247 1 31 49
247 6 43 30
247 10 7 125
247 12 23 146
247 24 40 380
247 43 25 291
247 50 19 366
247 62 37 190
247 66 13 196
247 75 9 8
247 91 3 374
247 97 51 289
247 101 57 66
247 102 49 255
247 104 33 51
248 13 55 292
248 20 19 398
248 24 43 380
248 36 37 400
248 53 1 423
248 69 49 339
248 78 13 394
248 84 47 244
248 96 25 112
248 98 57 348
248 119 9 116
249 14 16 223
249 18 31 414
249 20 22 398
249 44 7 273
249 49 43 233
249 51 3 58
249 82 37 449
249 91 5 374
249 98 59 348
249 102 51 255
249 106 28 167
249 114 55 308
250 2 49 78
250 10 9 125
250 33 37 256
250 34 35 6
250 44 25 273
250 50 31 366
250 63 1 132
250 66 52 8
250 69 46 339
250 70 43 47
250 73 19 156
251 20 25 398
251 30 43 82
251 45 31 120
251 49 49 233
251 51 55 58
251 61 28 126
251 89 40 442
251 91 7 374
251 94 13 405
251 120 1 428
252 2 7 203
252 3 1 260
252 34 47 6
252 35 13 245
252 37 59 41
252 44 31 273
252 49 55 233
252 70 52 47
252 74 37 40
252 76 27 70
252 99 43 209
252 100 49 395
252 114 4 49
253 9 11 424
253 14 46 223
253 46 43 163
253 54 1 299
253 55 16 41
253 67 7 121
253 78 25 394
253 79 21 358
253 82 31 65
253 84 49 244
253 102 53 255
253 114 57 308
253 120 4 428
254 29 37 68
254 30 1 82
254 50 25 366
254 59 46 214
254 72 7 429
254 84 51 244
254 91 9 374
254 104 40 51
254 117 58 371
255 1 3 253
255 5 15 70
255 19 41 249
255 41 55 175
255 43 37 291
255 56 31 426
255 79 23 358
255 106 43 167
255 110 25 103
255 120 7 428
256 9 3 424
256 46 46 163
256 67 13 121
256 76 37 326
256 78 19 394
256 88 53 226
256 90 7 28
256 95 31 143
256 104 55 51
256 111 49 420
256 118 25 427
257 6 37 30
257 14 28 223
257 19 45 249
257 30 57 82
257 63 13 132
257 67 31 121
257 86 22 185
257 91 11 374
257 96 41 112
257 102 55 255
257 108 25 237
257 111 7 101
258 27 10 355
258 39 34 264
258 40 13 180
258 54 4 299
258 83 21 45
258 85 25 92
258 88 59 226
258 102 57 255
258 111 43 420
258 118 31 427
259 14 31 223
259 23 4 89
259 27 1 53
259 36 7 321
259 41 13 252
259 43 43 291
259 62 25 190
259 67 19 121
259 72 11 429
259 81 37 248
259 88 57 226
259 106 28 186
259 115 51 56
259 117 34 375
260 2 43 78
260 6 55 30
260 10 11 125
260 19 49 249
260 41 37 175
260 56 25 426
260 91 13 374
260 92 59 135
260 95 1 187
260 96 33 112
260 115 53 56
260 117 4 375
261 8 34 314
261 10 13 125
261 30 1 13
261 36 15 321
261 58 55 280
261 65 19 36
261 79 25 358
261 93 46 139
261 94 49 144
261 102 59 255
261 108 28 237
261 110 31 103
262 1 41 49
262 18 37 414
262 20 28 398
262 26 31 441
262 27 7 324
262 35 16 245
262 38 10 359
262 39 49 264
262 44 55 273
262 81 43 248
262 86 25 185
262 94 19 405
263 2 58 78
263 3 55 75
263 10 15 125
263 21 22 371
263 27 40 324
263 41 43 252
263 79 27 358
263 81 49 248
263 85 37 92
263 90 7 194
263 91 17 374
263 97 1 276
263 118 34 427
264 13 57 292
264 18 43 414
264 40 16 180
264 56 49 426
264 62 40 190
264 67 25 121
264 76 31 422
264 95 4 187
264 104 10 271
264 106 7 167
264 117 1 375
265 13 59 292
265 24 46 380
265 30 13 13
265 33 7 95
265 39 40 264
265 66 43 8
265 73 22 156
265 86 28 185
265 97 55 289
265 99 1 76
265 118 37 427
265 119 53 116
266 16 33 5
266 23 52 265
266 25 41 207
266 29 46 68
266 46 49 163
266 59 55 214
266 61 31 126
266 69 58 339
266 75 4 8
266 117 13 375
266 120 10 428
267 1 49 49
267 38 7 399
267 50 37 366
267 51 3 10
267 55 46 331
267 63 19 132
267 69 52 339
267 75 58 367
267 79 29 358
267 86 31 185
267 87 34 85
267 89 43 442
267 117 55 375
268 39 43 264
268 43 49 291
268 48 17 411
268 61 40 126
268 73 28 156
268 76 1 422
268 79 34 358
268 80 22 37
268 86 37 185
268 95 7 187
268 108 31 237
268 117 19 375
268 119 15 116
269 54 19 152
269 62 43 190
269 67 37 121
269 76 3 179
269 78 31 394
269 94 25 405
269 97 7 276
269 106 16 167
269 114 1 49
269 119 55 116
270 24 49 380
270 26 25 441
270 46 52 163
270 54 19 299
270 76 1 229
270 81 55 248
270 90 13 28
270 94 31 405
270 99 7 76
270 117 22 375
271 18 57 414
271 19 5 353
271 35 19 245
271 50 43 366
271 65 7 63
271 72 13 429
271 84 55 244
271 88 1 293
271 93 52 139
271 96 27 112
271 101 3 83
272 19 55 249
272 21 28 371
272 29 49 68
272 36 19 321
272 48 25 411
272 51 7 10
272 70 58 47
272 94 43 405
272 96 37 112
272 104 1 271
272 111 9 119
272 118 40 427
273 1 57 253
273 10 17 125
273 34 53 6
273 39 46 264
273 44 37 273
273 61 33 126
273 70 3 242
273 79 31 358
273 92 1 228
273 95 13 187
273 101 59 66
273 110 28 103
273 111 19 101
273 115 55 56
274 5 23 70
274 21 31 371
274 62 46 190
274 82 19 65
274 83 29 45
274 84 53 244
274 90 25 28
274 97 13 276
274 104 58 51
274 117 37 375
275 14 55 223
275 27 10 324
275 44 43 273
275 50 49 366
275 53 3 423
275 61 37 126
275 86 34 185
275 91 15 374
275 96 39 112
275 99 19 76
275 101 1 83
275 119 5 383
276 12 7 146
276 24 52 380
276 25 43 207
276 43 55 291
276 61 45 126
276 69 1 239
276 83 25 45
276 96 47 112
276 108 34 237
276 119 9 383
277 1 43 49
277 8 16 314
277 21 34 371
277 30 25 13
277 32 7 391
277 55 19 41
277 58 57 280
277 72 51 295
277 74 40 40
277 75 13 8
277 92 3 228
278 1 46 49
278 16 49 5
278 27 16 324
278 40 19 180
278 46 55 163
278 56 7 88
278 58 5 337
278 88 3 293
278 93 58 139
278 108 37 237
278 113 34 270
278 118 43 427
279 33 9 256
279 36 25 321
279 44 1 312
279 48 47 411
279 50 37 88
279 51 15 10
279 53 13 423
279 56 43 426
279 84 57 244
279 100 52 395
279 114 7 49
280 6 1 445
280 8 37 314
280 18 49 414
280 27 31 53
280 40 34 180
280 56 55 426
280 65 19 63
280 82 25 65
280 99 13 76
280 104 7 271
280 117 40 375
280 118 46 427
281 18 3 39
281 21 37 371
281 23 7 89
281 50 49 88
281 54 16 299
281 55 25 41
281 84 59 244
281 85 28 92
281 87 31 85
281 91 19 374
281 100 55 395
281 111 21 119
281 120 13 428
282 9 5 424
282 59 1 400
282 65 13 63
282 73 31 156
282 78 43 394
282 79 37 358
282 82 49 65
282 104 19 271
282 108 40 237
282 115 57 56
282 117 7 25
283 1 53 49
283 10 19 125
283 19 51 249
283 23 55 265
283 30 43 13
283 35 22 245
283 36 31 321
283 37 49 41
283 53 11 423
283 80 27 37
283 82 37 65
283 88 5 293
283 90 1 194
283 91 25 374
284 10 21 125
284 20 31 398
284 26 43 441
284 30 49 13
284 34 59 6
284 55 4 41
284 73 37 156
284 83 27 45
284 84 1 39
284 85 34 92
284 95 16 187
285 1 33 49
285 21 49 371
285 33 19 256
285 39 52 264
285 40 25 187
285 48 10 44
285 53 15 423
285 58 59 280
285 67 43 121
285 70 7 242
285 79 39 358
285 85 1 278
285 92 5 228
285 94 55 405
285 119 13 383
286 25 45 207
286 26 19 53
286 53 23 423
286 54 25 299
286 56 1 88
286 66 37 8
286 73 55 156
286 78 49 394
286 86 40 185
286 92 7 228
286 110 34 103
286 114 9 49
286 120 16 428
287 5 19 70
287 9 7 424
287 12 9 146
287 21 43 371
287 30 31 13
287 41 21 252
287 51 57 58
287 56 13 88
287 61 35 126
287 79 41 358
287 87 37 85
288 9 13 424
288 16 1 201
288 34 37 6
288 39 55 264
288 54 22 299
288 55 28 41
288 61 47 126
288 63 15 281
288 70 10 242
288 79 43 358
288 90 31 28
288 119 7 383
288 120 19 428
289 14 52 223
289 18 9 39
289 27 58 324
289 40 37 180
289 63 31 132
289 69 55 339
289 74 1 177
289 79 45 358
289 88 7 293
289 90 19 28
289 104 13 271
289 118 49 427
289 119 16 383
290 1 59 49
290 14 49 223
290 16 55 5
290 21 40 371
290 29 52 68
290 35 25 245
290 36 43 321
290 41 31 252
290 56 19 88
290 66 4 196
290 75 16 8
290 92 9 228
290 104 28 271
291 3 58 75
291 24 55 380
291 37 51 41
291 48 53 411
291 73 34 156
291 76 7 422
291 83 37 45
291 87 40 85
291 97 19 276
291 100 1 407
291 117 31 375
292 6 7 445
292 21 46 371
292 40 40 180
292 55 31 41
292 56 25 88
292 70 13 242
292 75 19 8
292 89 55 442
292 94 49 405
292 108 43 237
292 110 37 103
292 111 1 420
292 120 22 428
293 18 13 39
293 21 55 371
293 25 47 207
293 26 37 441
293 27 34 53
293 33 25 256
293 46 58 163
293 67 49 121
293 76 7 179
293 96 43 112
293 100 4 407
293 114 11 49
294 8 19 314
294 16 7 5
294 25 49 207
294 26 13 441
294 30 1 160
294 45 34 120
294 54 28 299
294 56 43 88
294 78 37 394
294 93 55 139
295 1 55 49
295 33 1 95
295 37 57 41
295 40 52 180
295 61 43 126
295 72 9 429
295 79 47 358
295 85 49 92
295 94 37 405
295 97 25 276
295 111 13 119
295 115 59 56
295 117 19 25
296 5 21 70
296 16 43 5
296 26 49 441
296 53 17 423
296 54 40 299
296 56 31 88
296 69 4 239
296 92 11 228
296 117 58 375
297 5 25 70
297 21 52 371
297 23 10 89
297 59 58 214
297 75 22 8
297 80 31 37
297 89 46 442
297 106 40 167
297 113 37 270
297 115 1 315
298 6 13 445
298 14 34 223
298 26 7 53
298 50 55 366
298 55 37 41
298 65 1 63
298 72 17 429
298 75 31 8
298 90 19 194
298 99 25 76
298 104 40 271
298 111 43 194
299 3 4 260
299 6 19 445
299 9 9 424
299 12 25 146
299 14 1 316
299 26 15 53
299 27 49 324
299 39 58 264
299 40 55 180
299 86 43 185
299 87 46 85
299 92 13 228
299 99 31 76
300 9 16 424
300 18 19 39
300 23 13 89
300 41 49 252
300 65 25 63
300 85 40 92
300 95 31 187
300 100 58 395
300 101 5 83
300 111 7 420
Điểm tối ưu: 4030
Thời gian: 360.057656 giây
Trạng thái: VALID
