167
1 1 40 9
1 3 31 23
1 4 21 6
1 5 11 30
1 6 17 11
1 8 13 27
1 9 25 1
1 10 7 13
2 1 28 9
2 3 16 23
2 4 11 6
2 5 47 30
2 6 13 11
2 8 4 27
2 9 43 1
2 10 19 13
3 1 43 9
3 3 40 23
3 4 47 6
3 5 1 30
3 6 11 11
3 7 49 29
3 8 19 27
3 9 16 1
3 10 58 13
4 1 52 9
4 3 10 23
4 4 26 6
4 5 7 30
4 6 15 11
4 7 2 29
4 8 40 27
4 9 22 1
4 10 46 13
5 1 4 9
5 3 25 23
5 4 2 6
5 5 9 30
5 6 29 11
5 8 52 27
5 9 34 1
5 10 40 13
6 2 13 9
6 3 34 23
6 4 50 6
6 5 56 30
6 6 31 11
6 8 10 27
6 9 46 1
6 10 4 13
7 1 7 9
7 3 43 23
7 4 13 6
7 5 27 30
7 6 37 11
7 7 20 29
7 8 31 27
7 9 1 1
7 10 52 13
8 1 31 9
8 3 4 23
8 4 41 6
8 5 39 30
8 6 1 11
8 8 28 27
8 9 19 1
8 10 13 13
9 1 10 9
9 3 19 23
9 4 4 6
9 5 17 30
9 6 53 11
9 7 25 29
9 8 34 27
9 9 58 1
9 10 37 13
10 1 46 9
10 3 22 23
10 4 29 6
10 5 50 30
10 6 5 11
10 7 55 29
10 8 43 27
10 9 7 1
10 10 25 13
11 2 19 9
11 3 1 23
11 4 34 6
11 5 23 30
11 6 9 11
11 8 16 27
11 9 31 1
11 10 55 13
12 3 46 23
12 4 23 6
12 5 15 30
12 6 25 11
12 8 58 27
12 9 49 1
12 10 34 13
13 1 37 9
13 3 58 23
13 4 32 6
13 5 25 30
13 6 21 11
13 7 45 29
13 8 7 27
13 9 28 1
13 10 49 13
14 3 28 23
14 4 37 6
14 5 13 30
14 6 3 11
14 8 55 27
14 9 40 1
14 10 16 13
15 1 49 9
15 3 52 23
15 4 15 6
15 5 58 30
15 6 19 11
15 7 32 29
15 8 46 27
15 9 4 1
15 10 22 13
16 1 1 9
16 3 49 23
16 4 56 6
16 5 19 30
16 6 44 11
16 7 8 29
16 8 22 27
16 9 37 1
16 10 31 13
17 3 13 23
17 4 8 6
17 5 4 30
17 6 27 11
17 7 38 29
17 8 1 27
17 9 55 1
17 10 10 13
18 1 34 9
18 3 55 23
18 4 19 6
18 5 21 30
18 6 7 11
18 8 37 27
18 9 52 1
18 10 1 13
19 1 25 9
19 2 56 9
19 3 7 23
19 4 39 6
19 5 34 30
19 6 23 11
19 7 14 29
19 8 49 27
19 9 10 1
19 10 43 13
20 3 37 23
20 4 17 6
20 5 52 30
20 6 33 11
20 8 25 27
20 9 13 1
20 10 28 13
Điểm tối ưu: 167
Thời gian: 19.914857 giây
Trạng thái: VALID
