2216
1 1 49 208
1 13 20 121
1 15 13 82
1 17 35 217
1 18 4 164
1 25 57 190
1 28 7 9
1 29 25 64
1 42 17 224
1 44 31 153
1 47 27 75
1 51 55 138
1 52 43 99
1 55 47 128
2 1 15 56
2 3 26 126
2 5 20 186
2 8 49 158
2 14 13 197
2 17 35 162
2 20 28 191
2 27 33 119
2 36 55 21
2 40 1 160
2 42 46 178
2 48 38 110
2 55 11 128
2 56 5 224
2 57 7 19
3 1 13 51
3 4 39 158
3 13 7 145
3 22 21 183
3 24 11 194
3 25 43 44
3 29 1 64
3 33 52 200
3 34 25 15
3 37 49 210
3 39 4 207
3 41 32 206
3 42 37 178
3 44 55 100
3 60 41 195
4 1 33 51
4 3 8 217
4 9 19 41
4 12 22 172
4 16 50 179
4 17 41 13
4 24 17 16
4 26 1 114
4 27 31 119
4 29 29 64
4 37 43 136
4 40 56 31
4 41 13 44
4 52 26 99
4 54 10 11
5 5 25 23
5 6 23 156
5 10 40 130
5 12 1 27
5 14 31 197
5 15 50 17
5 18 58 55
5 24 47 126
5 38 4 104
5 40 19 160
5 47 33 87
5 48 7 3
5 51 29 159
5 58 15 8
5 59 43 155
6 2 7 16
6 6 40 156
6 13 21 39
6 22 31 101
6 27 11 110
6 35 49 33
6 38 58 104
6 42 4 178
6 43 55 130
6 44 15 153
6 46 25 161
6 50 13 120
6 55 53 128
6 57 43 34
6 60 28 195
7 2 32 16
7 11 7 176
7 14 17 99
7 15 1 182
7 17 5 162
7 25 55 156
7 40 26 31
7 43 9 130
7 44 43 25
7 48 13 88
7 50 47 81
7 51 37 138
7 55 51 128
7 57 19 198
7 59 39 36
8 12 46 27
8 18 15 223
8 20 58 191
8 21 31 46
8 23 19 215
8 24 53 173
8 26 25 114
8 31 9 169
8 34 2 42
8 35 21 28
8 47 37 87
8 49 49 153
8 50 7 81
8 52 33 172
8 56 41 224
9 1 25 51
9 8 37 135
9 9 13 30
9 12 56 27
9 22 21 101
9 23 5 215
9 25 7 14
9 27 59 110
9 33 44 200
9 35 49 92
9 37 16 210
9 40 1 31
9 44 31 190
9 51 19 138
9 58 11 8
10 6 47 156
10 7 59 79
10 8 51 70
10 16 43 179
10 22 55 97
10 27 49 119
10 28 20 106
10 29 32 64
10 30 25 28
10 33 4 193
10 36 1 1
10 45 37 72
10 47 9 63
10 48 13 207
10 50 7 120
11 4 37 158
11 12 43 27
11 17 53 217
11 18 25 55
11 28 7 106
11 29 46 64
11 32 1 213
11 33 22 146
11 34 57 15
11 35 31 219
11 37 10 210
11 46 39 5
11 50 15 58
11 54 55 11
11 58 51 8
12 5 55 23
12 8 19 111
12 13 1 76
12 14 17 197
12 16 59 37
12 32 33 84
12 33 37 193
12 35 26 33
12 36 40 21
12 38 31 104
12 39 53 132
12 44 43 153
12 47 49 178
12 59 13 155
12 60 9 195
13 1 31 56
13 5 7 23
13 9 26 30
13 15 1 17
13 19 16 67
13 24 29 173
13 29 59 135
13 32 19 84
13 35 38 219
13 36 13 1
13 37 43 210
13 38 11 179
13 39 35 207
13 50 5 58
14 2 2 69
14 7 10 48
14 8 38 111
14 10 13 29
14 14 35 99
14 19 56 67
14 20 45 191
14 21 7 225
14 24 29 16
14 37 25 136
14 39 23 207
14 40 31 79
14 50 19 120
14 51 16 138
14 54 47 11
15 3 3 115
15 4 13 148
15 6 1 138
15 10 37 29
15 11 28 176
15 12 10 172
15 18 32 223
15 19 40 96
15 27 16 110
15 29 5 64
15 31 26 173
15 34 19 15
15 46 46 5
15 47 57 178
15 57 49 19
16 1 39 56
16 5 13 93
16 9 43 30
16 10 1 124
16 11 5 176
16 15 25 57
16 16 57 179
16 25 31 44
16 26 49 13
16 27 53 119
16 29 35 135
16 31 37 169
16 43 22 78
16 50 29 58
16 56 9 224
17 7 57 48
17 8 19 65
17 21 1 46
17 23 32 215
17 29 28 25
17 38 11 97
17 39 8 166
17 42 47 224
17 43 16 97
17 45 50 209
17 49 3 59
17 50 45 81
17 51 43 159
17 52 13 99
17 58 39 8
18 1 25 26
18 4 11 158
18 5 7 186
18 10 22 29
18 13 49 187
18 15 13 17
18 20 47 191
18 21 34 46
18 24 43 126
18 37 31 209
18 44 55 24
18 47 37 49
18 56 17 57
18 57 2 198
19 5 19 23
19 6 26 138
19 7 11 79
19 13 14 121
19 16 29 37
19 21 43 46
19 23 3 215
19 29 35 25
19 30 55 28
19 33 39 146
19 44 49 25
19 47 7 87
19 52 46 99
19 55 5 128
19 56 1 224
20 2 37 142
20 3 5 126
20 6 7 156
20 16 1 205
20 20 17 191
20 21 3 225
20 24 46 173
20 28 22 143
20 32 55 213
20 33 49 193
20 41 9 6
20 43 25 78
20 48 13 3
20 52 43 172
20 53 32 70
21 3 23 115
21 10 37 124
21 14 56 197
21 17 1 129
21 19 25 67
21 21 13 46
21 23 41 115
21 26 43 13
21 32 31 37
21 35 7 28
21 36 20 1
21 40 15 160
21 48 50 110
21 54 3 218
21 56 59 57
22 4 5 158
22 14 40 197
22 17 57 217
22 19 34 96
22 26 13 13
22 31 51 169
22 33 7 202
22 36 43 225
22 37 46 210
22 40 26 86
22 42 32 175
22 45 1 72
22 48 19 3
22 52 10 99
23 4 25 158
23 10 44 130
23 22 31 163
23 31 41 186
23 32 7 84
23 39 56 132
23 41 3 6
23 42 19 224
23 43 13 78
23 44 21 153
23 46 51 5
23 50 11 120
23 51 28 138
23 54 1 218
23 56 35 57
24 1 13 208
24 2 7 69
24 8 3 111
24 14 59 132
24 17 28 217
24 27 26 119
24 29 17 135
24 31 1 169
24 33 49 200
24 40 32 31
24 44 55 25
24 46 20 5
24 47 43 161
24 52 37 99
24 54 23 91
25 5 37 186
25 9 46 30
25 13 56 187
25 21 5 46
25 23 23 215
25 26 31 13
25 27 29 110
25 29 41 64
25 30 51 167
25 33 8 193
25 34 13 98
25 39 27 166
25 43 19 37
25 47 1 127
25 58 25 8
26 4 44 158
26 9 15 150
26 13 26 76
26 17 31 162
26 18 1 55
26 21 39 46
26 27 46 119
26 28 4 170
26 32 19 213
26 40 8 86
26 41 49 44
26 42 34 178
26 47 55 127
26 50 23 81
26 60 13 195
27 2 19 116
27 4 59 148
27 8 25 135
27 12 31 40
27 19 10 67
27 23 47 215
27 25 1 14
27 28 44 170
27 31 17 173
27 34 37 98
27 41 49 69
27 43 7 78
27 50 14 81
27 53 55 112
27 60 34 42
28 1 31 26
28 4 23 158
28 19 8 96
28 24 13 173
28 26 51 114
28 30 19 83
28 36 40 1
28 40 44 31
28 42 15 224
28 45 25 72
28 47 55 75
28 57 1 34
28 58 49 8
28 60 17 195
29 4 7 148
29 10 10 124
29 14 19 197
29 22 31 63
29 26 13 114
29 29 23 25
29 33 28 146
29 36 58 21
29 37 4 210
29 38 55 104
29 43 52 78
29 51 45 138
29 59 37 155
29 60 25 195
30 9 52 30
30 16 28 205
30 21 11 225
30 29 47 25
30 30 1 28
30 32 31 213
30 35 37 33
30 37 22 136
30 39 5 166
30 41 13 6
30 42 26 224
30 43 19 130
30 44 43 24
30 54 9 91
30 55 59 128
31 4 13 158
31 8 49 111
31 16 34 179
31 18 16 55
31 23 25 215
31 28 1 140
31 33 37 200
31 36 4 1
31 38 27 104
31 40 44 220
31 42 22 178
31 50 19 58
31 54 58 11
31 59 8 177
31 60 32 42
32 5 3 186
32 6 32 138
32 10 46 124
32 11 40 176
32 19 19 96
32 20 43 174
32 21 26 46
32 26 56 20
32 27 7 119
32 36 10 21
32 39 37 132
32 40 50 86
32 43 16 78
32 56 1 57
33 1 31 73
33 9 4 30
33 14 44 132
33 17 17 13
33 18 22 55
33 22 49 183
33 27 19 119
33 31 29 169
33 32 25 79
33 33 46 146
33 40 13 86
33 41 37 206
33 46 10 5
33 54 2 91
33 60 58 42
34 12 49 27
34 13 33 76
34 19 4 67
34 20 53 3
34 22 56 35
34 27 37 119
34 29 13 100
34 30 44 83
34 31 15 64
34 39 17 142
34 42 26 175
34 44 8 25
34 51 1 159
34 54 22 170
34 58 41 8
35 5 50 23
35 7 35 79
35 11 22 112
35 16 37 182
35 19 4 96
35 20 31 191
35 25 55 44
35 28 7 170
35 31 33 169
35 32 14 84
35 33 1 146
35 38 29 179
35 42 46 175
35 44 25 100
35 47 39 75
36 3 17 115
36 11 22 176
36 15 13 216
36 22 55 139
36 27 39 119
36 32 1 84
36 44 31 25
36 45 49 56
36 46 19 203
36 48 43 207
36 50 8 58
36 51 37 159
36 54 5 11
36 59 25 20
37 3 11 217
37 9 28 150
37 10 34 124
37 13 37 187
37 15 7 82
37 16 5 37
37 23 41 215
37 35 13 33
37 40 19 86
37 45 43 72
37 46 1 203
37 47 50 75
37 49 55 94
37 50 23 58
37 52 25 214
38 3 25 115
38 5 43 4
38 12 40 167
38 22 57 183
38 29 47 135
38 37 34 136
38 39 37 207
38 42 55 178
38 45 20 202
38 46 2 161
38 47 8 75
38 54 17 91
38 55 15 128
38 56 28 224
38 59 49 155
39 5 55 4
39 12 46 172
39 14 35 197
39 15 19 82
39 17 37 217
39 18 1 223
39 19 31 96
39 25 49 156
39 28 43 140
39 31 53 169
39 45 7 152
39 47 13 49
39 54 41 170
39 59 26 36
39 60 4 195
40 3 14 217
40 6 4 138
40 9 25 150
40 18 34 55
40 23 23 6
40 26 37 13
40 33 31 146
40 34 7 15
40 37 28 136
40 48 19 139
40 50 43 143
40 53 45 58
40 54 52 11
40 55 1 128
40 57 56 198
41 1 9 208
41 2 55 142
41 4 59 158
41 13 31 187
41 19 22 67
41 21 29 46
41 23 35 215
41 25 25 14
41 29 53 135
41 43 19 78
41 44 38 100
41 46 13 5
41 52 16 174
41 55 3 128
41 58 7 8
42 1 9 148
42 6 25 156
42 16 35 205
42 17 51 217
42 22 31 183
42 23 16 215
42 24 49 126
42 28 13 143
42 33 2 200
42 35 43 33
42 40 19 31
42 41 37 69
42 42 7 178
42 47 27 87
42 54 23 11
43 6 58 138
43 9 38 30
43 17 47 217
43 18 44 55
43 21 22 46
43 24 41 173
43 29 5 25
43 37 1 136
43 39 49 132
43 42 19 178
43 44 8 100
43 48 31 3
43 50 17 120
43 52 28 174
43 57 13 198
44 6 17 156
44 9 22 30
44 11 9 176
44 16 7 205
44 20 39 191
44 27 5 119
44 29 37 25
44 31 31 169
44 35 43 219
44 36 19 225
44 43 13 22
44 45 33 72
44 48 25 207
44 50 3 81
44 58 1 8
45 3 43 217
45 4 17 148
45 5 25 4
45 11 19 112
45 14 40 132
45 20 21 191
45 22 45 183
45 30 50 91
45 33 1 202
45 34 13 15
45 36 58 1
45 46 4 5
45 54 7 11
45 55 11 141
45 60 9 42
46 3 15 115
46 4 3 148
46 8 38 2
46 10 31 124
46 27 17 119
46 29 1 135
46 30 49 58
46 35 19 51
46 39 46 132
46 49 25 59
46 51 10 159
46 52 7 172
46 55 43 128
46 60 53 42
47 2 38 16
47 4 7 158
47 5 50 186
47 8 31 65
47 11 17 176
47 13 13 76
47 15 9 57
47 26 19 171
47 30 55 83
47 42 4 175
47 46 25 5
47 53 45 163
47 54 23 218
47 56 43 224
48 2 7 116
48 3 3 126
48 6 1 156
48 8 49 2
48 14 31 99
48 19 19 67
48 23 43 215
48 28 58 143
48 29 34 64
48 39 25 132
48 43 37 78
48 45 27 152
48 51 5 159
48 59 14 12
48 60 11 42
49 8 43 65
49 19 1 96
49 20 19 191
49 22 27 183
49 27 41 120
49 31 57 169
49 35 13 219
49 37 21 152
49 41 37 165
49 44 31 100
49 47 7 49
49 51 53 159
49 57 49 198
49 58 55 8
49 60 25 42
50 6 13 138
50 9 22 150
50 23 31 115
50 25 1 44
50 28 55 143
50 35 7 219
50 37 27 210
50 39 15 166
50 40 49 84
50 42 11 175
50 45 37 152
50 50 25 120
50 51 59 159
50 53 45 112
51 2 57 116
51 5 13 4
51 7 29 48
51 8 45 193
51 10 1 29
51 11 4 112
51 13 25 187
51 19 49 96
51 23 17 6
51 25 37 14
51 32 19 79
51 33 34 146
51 40 7 31
51 42 41 178
51 46 31 203
52 4 16 158
52 9 1 30
52 13 43 187
52 18 4 55
52 26 56 80
52 31 14 169
52 33 40 200
52 42 31 178
52 45 19 56
52 46 49 203
52 48 26 3
52 49 33 59
52 58 37 8
52 59 8 36
53 1 19 216
53 9 32 150
53 12 52 27
53 17 49 217
53 19 37 67
53 29 7 135
53 32 13 79
53 33 55 146
53 45 9 111
53 47 45 127
53 48 2 74
53 50 43 81
53 51 17 159
53 54 35 11
53 57 26 19
54 1 45 26
54 2 1 116
54 6 33 156
54 10 7 124
54 16 11 37
54 22 13 183
54 24 59 126
54 28 49 170
54 32 55 37
54 36 37 225
54 37 52 210
54 38 40 104
54 42 29 178
54 44 20 100
54 46 26 203
55 4 29 148
55 5 31 4
55 7 1 48
55 8 43 2
55 10 4 124
55 11 35 112
55 13 19 137
55 17 11 129
55 36 49 21
55 44 15 25
55 47 37 161
55 51 13 159
55 53 25 85
55 57 7 34
55 59 55 177
56 7 7 48
56 15 25 17
56 20 35 191
56 22 9 139
56 27 41 119
56 31 23 119
56 32 50 37
56 34 31 15
56 39 2 166
56 43 4 78
56 48 56 3
56 51 21 138
56 54 14 11
56 56 39 224
56 60 45 195
57 1 19 208
57 6 5 156
57 12 49 172
57 17 23 162
57 25 1 190
57 31 17 169
57 37 52 116
57 41 43 69
57 46 14 161
57 47 55 63
57 49 37 153
57 55 28 128
57 56 7 204
57 57 31 91
57 58 9 8
58 2 19 142
58 4 31 158
58 5 13 23
58 10 55 124
58 17 17 129
58 18 40 55
58 28 37 143
58 31 11 169
58 32 25 196
58 33 1 65
58 38 35 104
58 40 7 79
58 55 4 141
58 59 43 177
59 5 38 4
59 8 21 2
59 10 28 29
59 11 15 176
59 14 25 197
59 16 46 179
59 22 51 195
59 24 19 126
59 37 58 210
59 45 7 209
59 50 3 120
59 54 33 170
59 56 31 224
59 58 13 8
59 60 55 42
60 6 35 156
60 17 37 146
60 18 10 164
60 30 44 28
60 37 7 136
60 38 4 179
60 39 23 142
60 41 49 6
60 43 58 130
60 44 31 35
60 45 13 72
60 48 26 139
60 49 19 59
60 58 17 8
60 60 2 195
61 2 2 16
61 4 27 158
61 11 13 176
61 16 25 179
61 19 46 67
61 28 10 170
61 29 7 64
61 33 58 146
61 38 23 104
61 41 32 95
61 44 49 100
61 53 15 85
61 55 21 128
61 60 39 195
62 1 3 56
62 2 15 69
62 3 53 126
62 5 49 93
62 16 35 182
62 18 37 55
62 24 29 203
62 26 56 114
62 37 46 136
62 42 40 175
62 44 7 153
62 51 1 171
62 57 31 198
62 58 27 8
62 60 13 42
63 6 13 129
63 8 31 2
63 10 22 124
63 13 7 39
63 16 53 182
63 18 37 223
63 20 5 191
63 29 27 64
63 34 49 15
63 38 29 104
63 40 57 140
63 45 15 209
63 47 44 181
63 55 25 128
63 59 1 155
64 2 13 142
64 6 53 156
64 7 19 48
64 8 55 2
64 22 49 97
64 25 31 14
64 28 4 143
64 29 25 25
64 30 43 167
64 32 37 84
64 34 27 42
64 39 1 207
64 42 17 93
64 44 21 189
64 59 8 155
65 3 28 115
65 13 2 137
65 18 13 55
65 24 7 173
65 28 25 170
65 34 37 15
65 47 56 49
65 49 44 59
65 50 52 120
65 51 17 92
65 52 10 174
65 54 49 11
65 57 20 34
65 59 32 177
66 1 43 208
66 3 25 217
66 7 40 48
66 9 7 150
66 13 31 39
66 16 27 179
66 18 19 55
66 20 56 191
66 24 38 126
66 39 10 132
66 40 14 31
66 49 49 94
66 50 1 81
66 56 23 57
66 59 3 12
67 2 26 116
67 3 11 126
67 11 32 176
67 14 38 197
67 17 55 170
67 27 43 119
67 33 34 200
67 37 1 210
67 38 23 179
67 39 13 166
67 45 49 72
67 48 19 207
67 52 40 172
67 54 16 11
67 57 7 198
68 3 9 115
68 4 19 158
68 11 34 176
68 14 43 197
68 21 52 46
68 24 23 16
68 29 41 135
68 31 21 169
68 33 4 202
68 37 37 210
68 41 45 165
68 43 1 78
68 47 25 49
68 54 31 11
68 59 13 20
69 1 25 56
69 3 23 126
69 5 19 4
69 10 16 124
69 11 11 176
69 13 43 145
69 15 39 182
69 17 13 141
69 27 59 119
69 32 1 37
69 34 7 98
69 41 55 165
69 43 31 130
69 48 49 3
70 9 7 41
70 14 10 197
70 16 21 179
70 17 13 146
70 18 28 55
70 19 1 67
70 24 44 173
70 27 35 119
70 29 59 25
70 31 23 169
70 35 51 219
70 38 49 104
70 48 39 207
70 54 37 11
70 57 31 34
71 7 34 48
71 9 37 150
71 15 55 57
71 20 13 191
71 23 45 215
71 28 10 9
71 29 29 135
71 34 1 15
71 35 51 192
71 37 16 136
71 45 19 72
71 46 7 5
71 54 43 11
71 55 41 128
71 58 5 8
72 2 13 16
72 15 31 57
72 25 20 14
72 30 7 83
72 32 38 37
72 37 4 152
72 40 25 220
72 42 59 224
72 43 1 130
72 46 55 203
72 47 50 49
72 59 44 20
73 1 49 148
73 4 33 158
73 10 46 29
73 14 1 197
73 15 37 57
73 17 53 162
73 26 7 13
73 30 25 32
73 31 55 169
73 36 4 21
73 38 43 104
73 48 19 110
73 53 13 70
73 56 35 224
73 60 41 42
74 4 41 148
74 5 25 186
74 9 10 41
74 10 4 29
74 13 19 187
74 20 23 191
74 24 29 126
74 26 37 20
74 27 13 119
74 30 43 91
74 33 16 200
74 42 7 175
74 43 49 78
74 45 55 72
74 47 31 49
75 1 49 26
75 3 7 115
75 4 47 148
75 5 43 23
75 11 1 112
75 12 19 172
75 13 3 145
75 16 17 182
75 17 31 217
75 21 9 46
75 23 29 177
75 33 13 202
75 40 55 86
75 48 33 139
75 57 37 19
76 1 31 216
76 9 19 30
76 13 55 145
76 15 8 182
76 22 43 97
76 23 29 215
76 24 50 173
76 36 26 21
76 37 13 210
76 38 17 104
76 46 1 5
76 48 39 88
76 52 4 174
76 55 37 128
76 58 59 8
77 8 15 111
77 9 37 41
77 10 50 124
77 13 9 76
77 19 25 96
77 20 31 166
77 22 19 163
77 25 56 14
77 30 33 28
77 31 7 169
77 37 4 209
77 38 13 104
77 42 28 175
77 43 1 97
77 50 40 81
78 1 37 216
78 8 25 65
78 12 58 124
78 21 7 46
78 22 9 183
78 24 35 126
78 25 43 156
78 26 13 171
78 34 49 42
78 42 1 175
78 48 31 207
78 51 17 82
78 52 55 99
78 57 19 91
78 59 3 36
79 2 27 69
79 15 49 182
79 25 45 14
79 28 38 170
79 37 31 136
79 39 19 132
79 42 9 175
79 44 21 222
79 47 13 127
79 48 3 88
79 49 56 153
79 50 1 58
79 51 17 181
79 55 7 128
79 56 11 204
80 6 9 156
80 7 3 48
80 8 55 158
80 13 49 121
80 16 35 37
80 17 33 217
80 19 22 96
80 23 7 215
80 28 16 170
80 31 59 169
80 33 13 193
80 36 19 21
80 47 27 127
80 50 25 58
80 57 37 34
81 4 9 158
81 7 23 48
81 15 19 57
81 20 7 191
81 21 13 225
81 22 43 139
81 26 55 13
81 29 53 64
81 30 25 83
81 34 1 98
81 38 59 179
81 44 37 35
81 47 31 75
81 48 49 207
81 60 15 42
82 1 43 148
82 6 37 156
82 10 25 29
82 15 1 216
82 18 20 164
82 23 49 115
82 28 57 170
82 35 33 92
82 36 7 21
82 39 29 166
82 42 17 178
82 45 51 202
82 51 39 159
82 54 31 170
82 59 13 36
83 10 40 29
83 17 47 170
83 20 1 191
83 24 56 173
83 25 25 44
83 28 16 143
83 29 3 64
83 31 29 119
83 33 22 200
83 39 45 166
83 41 33 6
83 46 8 20
83 50 31 58
83 52 37 172
83 59 50 177
84 6 34 138
84 11 59 5
84 25 38 44
84 31 31 173
84 33 28 200
84 37 55 210
84 38 9 104
84 41 19 69
84 47 15 75
84 50 3 58
84 52 25 174
84 53 50 85
84 56 13 224
84 58 47 8
85 1 55 51
85 11 7 112
85 17 41 217
85 21 28 225
85 22 9 51
85 25 13 190
85 26 49 80
85 30 37 28
85 31 44 169
85 40 31 160
85 41 19 6
85 42 23 175
85 43 25 37
85 50 35 58
85 58 3 8
86 5 51 4
86 6 11 156
86 7 23 79
86 9 1 41
86 17 31 129
86 25 7 190
86 31 29 186
86 33 4 65
86 35 56 33
86 41 25 95
86 44 19 35
86 50 17 58
86 53 37 85
86 57 13 19
87 5 44 186
87 9 10 150
87 21 59 225
87 24 37 173
87 26 49 20
87 27 57 119
87 28 1 143
87 31 4 169
87 39 7 132
87 40 32 140
87 45 13 152
87 50 21 58
87 51 55 159
87 55 39 128
87 57 25 198
88 1 50 216
88 4 35 148
88 8 55 135
88 10 8 29
88 13 39 121
88 15 43 57
88 16 19 179
88 29 59 64
88 33 28 202
88 41 21 165
88 43 4 130
88 51 47 159
88 54 15 91
88 55 13 128
88 60 37 195
89 7 17 48
89 8 55 65
89 9 33 30
89 13 25 145
89 14 29 132
89 15 13 182
89 23 41 177
89 28 45 143
89 32 7 213
89 37 19 136
89 38 31 179
89 44 1 25
89 45 37 209
89 47 49 181
89 51 23 138
90 4 53 158
90 9 46 41
90 15 1 82
90 19 7 67
90 29 10 64
90 35 32 33
90 36 25 225
90 37 19 210
90 41 39 6
90 43 22 130
90 46 43 203
90 50 37 58
90 52 49 99
90 59 13 177
91 2 55 69
91 6 3 156
91 11 28 112
91 28 13 170
91 29 53 25
91 32 49 213
91 33 43 146
91 36 25 1
91 37 10 136
91 42 17 175
91 46 38 203
91 51 41 138
91 54 7 91
91 56 5 57
91 60 22 195
92 1 7 56
92 3 3 217
92 4 1 148
92 13 49 145
92 23 39 215
92 24 21 126
92 28 31 143
92 31 41 169
92 32 25 84
92 39 47 142
92 42 53 224
92 43 34 78
92 50 44 120
92 51 11 138
92 55 55 128
93 1 25 216
93 2 7 142
93 7 5 79
93 8 15 2
93 14 13 132
93 15 50 57
93 26 45 80
93 34 37 42
93 38 11 104
93 39 59 142
93 47 19 87
93 51 23 159
93 52 1 174
93 53 31 85
93 58 43 8
94 3 13 126
94 10 19 29
94 14 4 197
94 22 26 163
94 25 50 14
94 27 15 119
94 30 39 58
94 33 1 193
94 36 9 1
94 37 22 210
94 47 43 87
94 53 31 112
94 56 47 57
94 57 55 19
94 60 7 42
95 1 21 148
95 4 41 158
95 12 4 172
95 18 56 223
95 26 25 13
95 30 13 83
95 32 7 45
95 35 37 192
95 38 2 104
95 41 31 165
95 43 43 78
95 45 51 71
95 50 49 143
95 51 19 159
96 2 26 142
96 3 16 217
96 7 52 48
96 11 3 176
96 13 31 121
96 14 49 197
96 19 37 96
96 22 7 163
96 25 21 190
96 37 13 136
96 42 11 178
96 47 44 75
96 48 56 88
96 51 35 159
96 54 19 11
97 3 7 126
97 7 43 48
97 8 49 135
97 13 14 187
97 18 45 223
97 21 9 225
97 24 33 173
97 27 35 120
97 31 25 169
97 38 37 179
97 41 39 95
97 44 2 24
97 47 19 127
97 49 27 185
97 58 23 8
98 1 20 26
98 5 7 4
98 7 29 79
98 10 1 75
98 13 13 137
98 23 37 215
98 24 59 16
98 32 43 213
98 34 32 98
98 36 50 1
98 46 56 5
98 47 39 127
98 51 17 171
98 52 4 26
98 59 25 177
99 1 15 26
99 7 5 13
99 11 49 176
99 12 22 27
99 14 33 197
99 17 19 217
99 18 25 164
99 29 39 64
99 31 13 186
99 32 1 79
99 38 52 179
99 41 57 6
99 42 55 224
99 43 10 78
99 57 44 198
100 2 33 69
100 6 31 156
100 13 7 187
100 15 20 17
100 18 40 223
100 23 13 215
100 27 46 120
100 28 1 170
100 29 44 64
100 30 55 32
100 33 52 146
100 34 25 98
100 39 11 166
100 50 37 120
100 60 15 195
101 3 13 115
101 4 15 148
101 9 46 150
101 10 40 124
101 13 1 121
101 17 17 141
101 18 49 55
101 25 31 127
101 27 55 119
101 38 7 104
101 40 25 160
101 41 19 44
101 46 9 203
101 54 35 170
101 58 57 8
102 1 9 73
102 3 5 217
102 4 35 158
102 5 1 23
102 6 29 129
102 13 57 76
102 36 13 21
102 38 16 179
102 40 43 95
102 41 25 6
102 52 50 174
102 54 40 11
102 57 19 19
102 59 31 20
102 60 7 195
103 5 38 23
103 7 15 48
103 9 28 41
103 12 4 27
103 14 23 197
103 18 25 223
103 21 1 225
103 24 59 173
103 29 13 64
103 32 44 37
103 33 8 200
103 44 51 24
103 45 55 152
103 56 33 224
103 58 21 8
104 8 43 135
104 12 34 27
104 16 40 205
104 17 11 13
104 18 31 55
104 23 29 6
104 24 47 16
104 32 25 213
104 35 2 219
104 36 22 225
104 39 19 166
104 43 50 130
104 45 7 72
104 59 55 155
104 60 17 42
105 1 55 148
105 4 1 158
105 7 50 48
105 12 10 27
105 15 25 182
105 18 7 55
105 23 21 215
105 31 35 186
105 33 4 146
105 40 37 160
105 46 52 203
105 50 29 143
105 51 41 159
105 52 13 172
105 57 31 19
106 1 55 216
106 10 34 29
106 12 28 27
106 13 7 121
106 15 43 182
106 21 47 225
106 31 37 64
106 39 5 132
106 40 49 160
106 43 40 78
106 46 31 5
106 51 15 159
106 52 25 172
106 53 19 85
106 59 1 177
107 1 37 208
107 6 52 138
107 12 43 88
107 17 55 217
107 21 15 46
107 22 25 101
107 26 8 171
107 29 13 135
107 30 2 83
107 31 46 169
107 35 19 219
107 42 35 175
107 55 57 128
107 60 33 195
108 7 38 48
108 9 58 30
108 10 31 29
108 24 11 16
108 26 27 80
108 30 49 83
108 33 15 146
108 34 43 15
108 36 55 1
108 38 19 104
108 45 21 209
108 48 1 110
108 52 7 99
108 55 5 182
108 56 13 57
109 7 55 48
109 9 1 150
109 10 26 124
109 17 11 146
109 19 58 96
109 20 41 191
109 22 37 139
109 28 4 140
109 30 32 167
109 35 19 33
109 42 9 178
109 45 49 152
109 49 13 59
109 56 7 57
109 58 45 8
110 10 56 29
110 12 40 27
110 17 59 217
110 20 23 3
110 21 47 46
110 24 15 173
110 26 31 114
110 28 7 143
110 31 1 173
110 34 43 42
110 36 37 21
110 38 51 104
110 40 19 140
110 48 3 139
110 52 28 172
111 2 31 142
111 6 13 156
111 8 3 2
111 11 1 176
111 12 19 27
111 21 17 225
111 38 15 104
111 40 43 86
111 44 25 24
111 48 56 207
111 49 49 59
111 50 9 81
111 54 11 91
111 57 38 198
112 2 43 142
112 3 31 126
112 8 49 102
112 10 1 162
112 13 7 137
112 16 11 205
112 18 22 223
112 21 17 46
112 23 47 115
112 24 33 126
112 33 58 200
112 35 13 92
112 40 25 140
112 49 37 59
113 11 25 176
113 14 17 132
113 15 7 17
113 16 59 182
113 24 56 126
113 25 27 190
113 33 13 65
113 34 19 98
113 36 31 1
113 39 11 142
113 47 49 127
113 48 43 110
113 52 40 99
113 55 34 128
113 56 3 224
114 2 51 142
114 4 21 158
114 11 49 5
114 13 25 121
114 16 17 205
114 17 19 13
114 18 43 164
114 24 39 173
114 26 31 171
114 42 37 175
114 44 7 24
114 46 46 203
114 49 55 185
114 54 4 91
114 57 13 34
115 2 38 116
115 8 3 70
115 18 19 223
115 19 28 67
115 20 53 191
115 26 9 114
115 30 32 83
115 32 13 213
115 38 7 179
115 39 47 207
115 41 43 6
115 48 49 139
115 49 56 59
115 56 1 38
116 2 1 142
116 5 19 206
116 9 43 150
116 14 23 132
116 18 9 223
116 19 15 96
116 21 5 225
116 23 27 215
116 35 55 219
116 40 37 86
116 42 13 178
116 52 34 174
116 53 51 112
116 56 7 224
116 60 49 195
117 5 1 93
117 12 14 40
117 21 55 46
117 23 5 177
117 27 59 120
117 33 19 200
117 35 7 33
117 36 34 1
117 38 37 104
117 42 25 178
117 47 49 87
117 48 43 3
117 50 39 120
117 54 29 11
117 60 31 195
118 3 11 115
118 4 5 148
118 5 55 186
118 6 59 156
118 21 41 46
118 30 51 28
118 33 13 200
118 41 7 44
118 42 49 175
118 44 32 24
118 48 1 3
118 49 25 153
118 52 19 174
118 53 37 112
118 57 43 19
119 7 5 48
119 9 25 41
119 10 43 29
119 16 39 179
119 18 55 55
119 22 50 163
119 23 58 215
119 24 35 173
119 35 1 33
119 43 13 130
119 49 7 59
119 54 21 11
119 59 31 155
120 2 31 116
120 9 4 41
120 10 19 124
120 13 15 145
120 14 29 99
120 31 39 169
120 36 44 1
120 41 7 165
120 42 13 175
120 45 25 209
120 49 56 214
120 52 22 174
120 56 11 224
120 57 49 34
120 60 35 195
121 12 31 27
121 13 26 137
121 15 55 17
121 16 4 205
121 19 43 96
121 20 11 3
121 25 50 190
121 26 38 114
121 27 2 119
121 28 34 106
121 40 7 160
121 41 13 95
121 42 59 175
121 43 46 78
121 47 21 75
122 7 32 48
122 9 55 30
122 22 37 97
122 26 19 20
122 27 51 119
122 31 11 186
122 35 25 92
122 37 7 210
122 38 47 104
122 39 23 166
122 40 1 86
122 41 13 165
122 46 34 5
122 53 43 70
122 55 29 141
123 3 1 115
123 14 3 132
123 17 35 13
123 20 33 191
123 28 52 170
123 31 19 169
123 37 40 210
123 45 45 209
123 46 16 5
123 48 55 110
123 52 21 99
123 56 29 57
123 57 25 34
123 59 7 12
123 60 43 195
124 2 55 16
124 3 5 115
124 8 31 135
124 9 14 41
124 14 35 132
124 21 50 46
124 23 10 215
124 26 37 171
124 31 27 169
124 38 1 179
124 40 44 160
124 47 19 49
124 51 8 159
124 52 52 175
124 55 17 128
125 6 49 138
125 9 31 41
125 12 13 27
125 14 47 197
125 17 3 129
125 18 28 223
125 19 51 67
125 24 19 173
125 30 38 91
125 31 1 186
125 33 55 200
125 38 9 179
125 43 58 78
125 46 34 203
126 5 25 93
126 7 2 194
126 10 13 124
126 20 49 191
126 22 37 183
126 24 4 173
126 26 19 114
126 33 8 146
126 39 17 166
126 45 33 152
126 55 23 128
126 57 55 91
126 58 53 8
126 60 47 42
127 1 55 208
127 2 25 16
127 7 46 48
127 8 31 193
127 11 11 112
127 26 1 13
127 28 40 143
127 32 7 37
127 36 43 21
127 39 5 142
127 42 53 178
127 43 37 130
127 44 19 25
127 55 49 128
127 56 51 224
128 2 19 16
128 14 53 197
128 18 7 164
128 22 31 97
128 24 41 126
128 29 23 135
128 34 49 98
128 37 38 136
128 38 14 179
128 39 17 207
128 41 26 206
128 46 4 203
128 47 43 49
128 54 1 11
128 55 10 40
129 3 19 115
129 8 7 2
129 11 23 5
129 13 43 121
129 18 49 164
129 28 13 9
129 31 17 64
129 36 33 21
129 38 41 179
129 39 31 132
129 40 37 31
129 46 28 5
129 50 21 120
129 57 1 19
130 1 31 148
130 3 35 115
130 4 47 158
130 11 19 176
130 13 21 145
130 19 13 67
130 29 4 135
130 30 37 83
130 33 7 65
130 36 52 21
130 39 41 142
130 44 43 100
130 47 56 87
130 52 1 99
130 54 26 11
131 7 25 48
131 9 19 150
131 14 52 99
131 21 59 46
131 27 11 119
131 36 16 21
131 38 45 104
131 43 28 130
131 50 9 120
131 51 49 159
131 52 13 174
131 55 31 128
131 56 41 57
131 57 55 34
131 59 1 20
132 3 17 126
132 6 7 138
132 8 39 70
132 11 37 5
132 14 15 197
132 15 55 182
132 16 47 182
132 22 3 183
132 26 43 171
132 28 28 170
132 37 31 210
132 39 9 207
132 42 1 178
132 46 22 203
132 47 50 63
133 7 13 48
133 12 1 172
133 13 55 121
133 14 59 197
133 15 20 182
133 20 37 191
133 21 45 46
133 26 7 80
133 31 35 169
133 40 49 140
133 42 39 178
133 43 31 78
133 50 5 120
133 59 26 155
134 6 43 138
134 14 28 197
134 16 55 179
134 18 52 55
134 20 3 191
134 22 45 17
134 24 10 173
134 29 19 64
134 33 25 146
134 36 22 21
134 38 33 104
134 42 15 175
134 46 7 161
134 52 57 172
134 53 37 65
135 5 15 186
135 9 49 30
135 11 13 112
135 15 31 17
135 17 21 217
135 19 43 67
135 22 7 97
135 24 5 194
135 32 39 79
135 35 27 219
135 38 25 104
135 40 56 160
135 47 1 87
135 52 46 174
135 56 37 224
136 9 4 150
136 10 50 29
136 18 1 164
136 20 47 166
136 21 37 46
136 25 13 14
136 27 9 119
136 40 31 86
136 41 43 206
136 44 39 25
136 45 55 209
136 50 28 120
136 51 25 159
136 55 19 128
136 59 21 155
137 8 49 65
137 12 16 27
137 13 2 187
137 20 34 166
137 23 7 6
137 26 19 80
137 28 13 140
137 31 23 64
137 34 55 98
137 40 43 79
137 48 25 88
137 51 32 159
137 55 9 128
137 58 29 8
137 59 37 177
138 1 3 208
138 8 21 193
138 10 43 124
138 14 8 197
138 20 15 191
138 23 49 215
138 27 13 110
138 28 34 143
138 30 26 91
138 32 51 79
138 33 31 200
138 39 1 132
138 42 19 175
138 43 55 78
138 48 37 3
139 1 32 208
139 12 37 27
139 15 8 216
139 19 40 67
139 26 44 114
139 28 19 170
139 35 13 192
139 36 28 1
139 40 55 79
139 41 51 165
139 43 25 130
139 47 1 49
139 56 49 224
139 60 23 42
140 5 44 93
140 6 28 156
140 9 16 30
140 12 52 172
140 13 38 145
140 24 23 173
140 32 7 113
140 33 25 200
140 37 49 136
140 41 19 95
140 43 34 130
140 46 58 203
140 50 13 58
140 57 1 4
140 60 11 195
141 1 25 148
141 4 53 148
141 6 19 156
141 7 29 13
141 11 16 112
141 20 5 3
141 26 21 13
141 30 1 167
141 33 40 193
141 41 49 206
141 46 13 203
141 47 7 127
141 51 47 138
141 55 45 128
141 58 33 8
142 9 22 41
142 16 17 37
142 17 45 217
142 19 32 67
142 22 13 163
142 23 55 215
142 24 51 126
142 25 37 190
142 27 7 110
142 29 49 64
142 30 1 32
142 43 28 78
142 50 5 81
142 52 57 174
142 60 20 195
143 1 25 208
143 2 43 16
143 5 31 23
143 12 4 40
143 22 19 97
143 23 53 215
143 26 15 80
143 28 1 9
143 29 11 135
143 40 49 31
143 44 37 24
143 49 7 94
143 50 23 120
143 53 55 85
143 54 13 91
144 3 1 126
144 5 31 186
144 8 14 102
144 11 47 176
144 14 21 197
144 18 40 164
144 26 26 171
144 28 51 143
144 29 19 135
144 30 43 32
144 36 37 1
144 44 3 153
144 48 7 88
144 53 56 163
144 58 35 8
145 3 1 217
145 6 21 156
145 9 51 41
145 16 23 37
145 19 28 96
145 20 11 191
145 34 43 98
145 37 4 136
145 38 49 202
145 41 7 95
145 43 16 130
145 48 33 110
145 49 38 214
145 52 58 99
145 58 31 8
146 1 55 56
146 2 49 16
146 4 29 158
146 5 21 93
146 7 59 48
146 13 31 145
146 18 10 214
146 25 44 190
146 26 3 222
146 30 13 32
146 32 38 213
146 50 1 120
146 52 7 174
146 53 25 70
146 58 19 8
147 1 37 148
147 10 16 29
147 16 19 205
147 22 26 97
147 26 3 171
147 28 8 140
147 29 13 25
147 30 55 167
147 37 52 136
147 42 59 93
147 50 11 81
147 52 31 174
147 53 43 85
147 55 1 141
147 59 21 177
148 3 9 126
148 4 19 148
148 8 26 2
148 20 43 191
148 25 21 24
148 26 33 80
148 30 55 58
148 33 49 146
148 39 7 207
148 43 13 37
148 46 16 203
148 50 31 120
148 52 37 174
148 53 1 85
148 54 45 11
149 3 23 217
149 8 7 70
149 9 34 41
149 13 38 39
149 14 51 197
149 16 29 182
149 17 11 162
149 18 31 164
149 23 1 215
149 28 26 143
149 30 14 28
149 34 19 42
149 40 44 84
149 41 55 95
149 51 3 159
150 1 43 56
150 12 13 167
150 15 31 182
150 20 25 191
150 21 20 46
150 23 51 215
150 24 53 16
150 26 38 80
150 27 27 110
150 31 49 169
150 36 16 1
150 40 55 84
150 42 22 224
150 52 4 99
150 53 7 85
Điểm tối ưu: 2216
Thời gian: 360.017163 giây
Trạng thái: VALID
