2986
1 1 39 244
1 5 7 54
1 10 58 206
1 13 51 137
1 29 13 250
1 35 34 297
1 38 15 128
1 43 37 24
1 57 19 119
1 62 10 291
1 67 49 178
1 68 22 214
1 72 25 283
1 74 1 167
1 79 45 242
2 1 57 232
2 10 29 35
2 12 9 87
2 14 15 23
2 19 7 287
2 22 23 36
2 33 31 31
2 37 25 181
2 40 37 171
2 45 4 289
2 50 1 3
2 51 40 294
2 57 19 271
2 77 46 77
2 78 52 5
3 10 3 35
3 14 33 23
3 17 7 200
3 25 23 270
3 32 19 222
3 36 5 295
3 38 58 37
3 47 49 75
3 57 10 266
3 60 37 206
3 67 31 178
3 68 46 57
3 70 16 151
3 72 25 65
3 77 55 77
4 14 25 23
4 15 52 57
4 19 39 287
4 22 14 34
4 24 7 203
4 27 43 34
4 41 27 120
4 42 5 243
4 43 3 132
4 51 22 172
4 59 10 108
4 60 56 81
4 66 1 267
4 78 32 25
4 80 41 193
5 2 41 100
5 5 5 157
5 14 43 23
5 21 55 208
5 28 1 145
5 32 13 137
5 38 25 37
5 39 49 141
5 42 29 276
5 51 19 172
5 61 45 298
5 64 37 280
5 69 7 195
5 70 52 151
5 74 32 167
6 4 37 259
6 6 16 43
6 10 3 206
6 18 25 251
6 24 13 253
6 27 43 157
6 37 32 181
6 43 1 24
6 54 41 45
6 55 19 207
6 63 23 275
6 64 7 152
6 69 49 195
6 76 55 105
6 79 47 242
7 2 59 76
7 5 9 251
7 15 47 204
7 19 29 89
7 20 13 42
7 28 55 145
7 46 7 274
7 52 20 78
7 60 32 175
7 61 25 257
7 62 43 291
7 64 39 152
7 67 5 47
7 69 1 276
7 70 49 151
8 7 25 239
8 9 29 196
8 15 56 57
8 21 19 22
8 22 47 107
8 24 13 258
8 33 2 31
8 39 31 233
8 41 8 120
8 64 39 48
8 65 16 176
8 67 58 128
8 68 10 218
8 72 43 153
8 73 49 248
9 1 25 1
9 11 11 288
9 18 32 19
9 19 3 89
9 24 57 91
9 26 37 293
9 28 19 109
9 31 43 148
9 36 5 85
9 43 49 24
9 55 7 263
9 63 47 195
9 67 15 178
9 69 51 276
9 79 13 242
10 4 21 174
10 8 55 242
10 17 29 200
10 41 45 120
10 42 47 243
10 49 1 60
10 50 25 3
10 54 43 192
10 56 16 7
10 57 10 271
10 61 37 237
10 62 34 133
10 65 7 176
10 72 49 153
10 80 13 193
11 3 25 32
11 11 7 288
11 12 49 204
11 21 37 1
11 24 4 203
11 30 55 147
11 33 13 31
11 43 29 132
11 52 43 147
11 58 1 104
11 69 32 276
11 71 19 12
11 75 9 76
11 79 46 160
11 80 23 142
12 4 13 259
12 8 52 11
12 13 43 271
12 19 1 89
12 32 37 87
12 33 20 48
12 36 7 295
12 39 49 145
12 40 58 171
12 42 28 243
12 52 55 78
12 53 3 122
12 55 31 170
12 72 9 261
12 77 25 192
13 3 20 162
13 7 1 189
13 8 38 99
13 20 44 42
13 22 53 107
13 33 56 28
13 34 26 245
13 42 41 276
13 44 34 44
13 46 15 62
13 50 13 3
13 51 49 294
13 52 28 78
13 59 7 108
13 79 32 242
14 9 5 241
14 10 9 35
14 18 55 251
14 26 49 65
14 27 44 280
14 32 31 87
14 41 19 80
14 50 27 225
14 54 59 226
14 58 2 93
14 66 15 180
14 70 21 33
14 74 37 3
14 77 52 77
14 79 7 242
15 3 55 106
15 7 45 254
15 14 3 23
15 19 41 89
15 22 59 107
15 34 35 265
15 42 53 288
15 43 33 24
15 45 10 289
15 49 49 285
15 55 19 263
15 74 14 88
15 75 25 76
15 77 37 77
15 78 7 25
16 4 33 174
16 6 1 43
16 15 17 217
16 20 38 64
16 27 20 86
16 30 13 196
16 37 55 226
16 48 4 125
16 56 46 7
16 57 52 266
16 58 49 205
16 68 43 218
16 73 7 236
16 78 25 5
17 3 7 13
17 4 13 174
17 5 1 45
17 10 11 35
17 18 43 36
17 23 58 101
17 33 25 31
17 40 55 171
17 41 23 80
17 49 37 285
17 55 32 220
17 61 19 298
17 62 3 294
17 74 51 227
18 6 52 43
18 9 40 203
18 10 7 18
18 27 9 34
18 28 43 145
18 31 19 148
18 34 14 245
18 35 37 297
18 45 28 102
18 56 25 132
18 63 57 180
18 70 4 123
18 76 1 105
18 77 49 77
18 80 55 18
19 2 55 76
19 3 15 13
19 13 31 107
19 23 22 237
19 24 28 101
19 28 8 109
19 41 13 80
19 51 38 231
19 53 44 122
19 57 49 266
19 58 19 16
19 59 52 108
19 66 5 267
19 75 58 244
19 78 1 25
20 9 37 203
20 12 57 204
20 13 19 257
20 23 39 80
20 24 13 101
20 26 31 177
20 27 27 191
20 37 49 181
20 38 10 128
20 42 25 243
20 51 7 231
20 55 2 263
20 64 43 152
20 66 35 97
20 75 16 76
21 9 49 99
21 22 7 34
21 30 25 196
21 38 4 37
21 43 57 24
21 45 52 102
21 48 1 103
21 52 19 61
21 57 43 119
21 59 40 108
21 62 22 291
21 69 13 235
21 74 32 88
21 76 46 46
21 77 10 192
22 4 49 259
22 7 55 198
22 10 59 35
22 13 39 118
22 19 37 89
22 25 21 54
22 36 11 295
22 38 28 129
22 39 25 141
22 45 13 102
22 48 46 103
22 49 7 285
22 50 17 225
22 56 1 7
22 69 31 195
23 3 13 162
23 4 9 70
23 14 46 23
23 15 40 233
23 18 25 200
23 19 17 89
23 27 31 34
23 30 55 196
23 37 19 181
23 45 49 102
23 52 43 197
23 63 35 195
23 72 1 283
23 77 37 192
23 78 52 240
24 2 25 128
24 4 27 184
24 13 43 274
24 14 31 23
24 24 4 91
24 53 8 296
24 54 35 192
24 57 49 271
24 58 52 93
24 61 14 237
24 62 58 133
24 69 19 195
24 73 37 98
24 76 1 46
24 78 55 25
25 13 15 118
25 17 13 66
25 20 43 123
25 30 39 277
25 32 55 100
25 38 34 225
25 44 37 44
25 45 7 27
25 53 20 183
25 58 28 16
25 62 25 133
25 63 47 275
25 66 32 180
25 69 1 235
25 80 53 142
26 7 31 254
26 10 38 35
26 15 9 57
26 21 43 22
26 35 22 297
26 36 51 295
26 40 19 171
26 41 11 80
26 42 49 243
26 46 2 62
26 50 7 3
26 54 29 235
26 64 13 35
26 73 55 236
26 76 4 46
27 6 52 89
27 8 28 99
27 12 19 52
27 14 23 23
27 24 34 203
27 26 49 293
27 38 40 128
27 45 1 102
27 49 13 269
27 51 31 294
27 52 37 78
27 55 7 207
27 67 45 178
27 68 4 218
27 70 25 33
28 7 31 198
28 14 29 23
28 15 45 16
28 19 43 287
28 31 19 30
28 32 13 100
28 40 49 25
28 42 3 243
28 49 25 190
28 59 52 125
28 63 47 226
28 66 55 267
28 70 10 151
28 75 40 154
28 80 5 88
29 3 1 162
29 7 25 198
29 14 7 23
29 15 34 57
29 24 31 203
29 27 49 191
29 28 9 241
29 33 19 31
29 42 17 243
29 46 5 62
29 56 46 156
29 61 55 237
29 64 38 275
29 74 13 167
29 78 43 25
30 1 37 72
30 5 43 54
30 15 49 16
30 21 56 22
30 28 25 145
30 30 51 9
30 31 3 21
30 32 45 87
30 37 31 226
30 43 11 24
30 53 7 181
30 62 19 291
30 66 1 180
30 71 15 12
30 77 22 106
31 1 13 72
31 9 17 203
31 16 57 185
31 19 8 89
31 20 31 64
31 25 27 54
31 45 22 102
31 54 29 244
31 55 43 207
31 57 40 266
31 59 37 108
31 64 49 275
31 71 1 258
31 73 3 248
31 78 19 5
32 13 38 107
32 26 55 167
32 27 13 15
32 29 4 64
32 34 46 265
32 38 10 129
32 39 7 233
32 40 1 156
32 49 51 163
32 51 31 231
32 60 25 81
32 74 20 177
32 77 43 77
32 78 58 25
32 79 17 160
33 8 19 242
33 10 5 35
33 14 11 23
33 20 50 50
33 21 37 22
33 22 23 34
33 41 2 120
33 43 17 24
33 44 47 44
33 49 13 60
33 51 43 294
33 58 7 16
33 68 25 218
33 73 32 124
33 76 28 46
34 3 15 32
34 8 31 99
34 12 21 160
34 17 41 69
34 25 19 270
34 29 11 250
34 33 7 48
34 41 13 120
34 49 51 60
34 53 25 296
34 62 1 291
34 69 43 248
34 70 55 151
34 74 37 227
34 79 58 287
35 1 43 286
35 7 9 239
35 15 31 217
35 17 1 50
35 19 34 287
35 20 57 50
35 28 13 85
35 29 7 64
35 36 23 295
35 39 3 233
35 41 19 120
35 44 25 44
35 60 49 175
35 73 27 93
35 75 37 154
36 6 55 89
36 20 43 64
36 26 58 167
36 31 1 30
36 33 25 28
36 41 29 80
36 42 20 288
36 45 37 102
36 46 17 62
36 48 7 149
36 63 53 195
36 66 47 267
36 72 13 97
36 77 34 150
36 78 31 5
37 8 9 99
37 15 13 57
37 27 49 34
37 32 1 222
37 40 16 171
37 44 5 44
37 45 58 102
37 46 7 62
37 51 28 231
37 58 25 16
37 60 43 234
37 64 37 217
37 72 31 153
37 73 19 236
37 80 23 193
38 6 7 43
38 18 49 200
38 21 13 22
38 24 19 203
38 32 37 222
38 35 10 297
38 36 25 295
38 39 1 115
38 41 47 120
38 42 31 243
38 52 58 78
38 63 23 195
38 66 29 267
38 75 4 154
38 80 35 142
39 1 50 286
39 7 57 239
39 28 25 109
39 33 7 28
39 36 29 293
39 39 38 115
39 40 19 156
39 44 55 44
39 49 1 285
39 57 14 119
39 58 34 16
39 64 43 275
39 65 31 176
39 76 22 105
40 1 56 72
40 2 46 128
40 8 1 99
40 12 25 183
40 27 49 86
40 28 19 241
40 41 15 80
40 44 11 44
40 58 34 213
40 66 17 97
40 67 23 178
40 68 31 218
40 72 7 65
40 74 37 88
40 76 43 46
41 9 49 245
41 15 23 204
41 21 51 269
41 24 13 203
41 25 37 54
41 26 34 293
41 36 57 295
41 37 39 226
41 40 31 171
41 46 1 172
41 52 4 136
41 58 28 213
41 66 21 267
41 77 8 77
41 80 47 193
42 4 3 224
42 8 49 11
42 12 7 256
42 16 44 164
42 29 35 170
42 30 27 61
42 35 19 115
42 37 31 58
42 44 58 11
42 45 22 289
42 52 37 46
42 66 16 267
42 67 1 178
42 70 13 153
42 75 52 115
43 8 8 230
43 17 1 69
43 18 31 36
43 21 3 1
43 29 45 250
43 36 37 295
43 44 27 44
43 46 17 172
43 49 20 190
43 56 55 7
43 58 52 71
43 63 59 275
43 66 39 267
43 68 49 57
43 69 13 160
44 2 27 128
44 11 35 109
44 12 43 256
44 15 47 16
44 28 15 241
44 32 37 100
44 33 19 26
44 34 41 265
44 35 52 297
44 44 13 44
44 45 7 102
44 48 49 103
44 49 3 190
44 50 25 225
44 75 55 115
45 3 44 162
45 10 7 35
45 12 2 183
45 16 14 268
45 18 9 200
45 20 51 136
45 24 22 91
45 26 57 82
45 27 26 34
45 31 32 30
45 34 49 265
45 42 55 243
45 46 41 274
45 49 37 163
45 68 19 57
46 2 11 214
46 7 1 254
46 8 13 99
46 9 23 99
46 11 21 168
46 13 55 3
46 27 39 15
46 33 7 31
46 48 31 103
46 57 25 119
46 58 16 71
46 66 37 180
46 68 28 218
46 72 43 58
46 75 49 115
47 2 1 76
47 5 40 54
47 12 44 52
47 25 3 270
47 29 19 250
47 38 49 225
47 41 15 120
47 49 25 60
47 56 31 132
47 58 10 213
47 63 35 226
47 65 57 176
47 66 52 180
47 73 21 217
47 78 7 172
48 2 23 100
48 5 1 54
48 9 39 245
48 12 13 204
48 13 55 274
48 14 37 23
48 30 3 277
48 34 51 265
48 41 17 120
48 45 32 27
48 50 9 3
48 58 45 213
48 63 59 180
48 72 26 66
48 79 53 242
49 5 3 157
49 8 44 11
49 18 9 36
49 20 49 42
49 28 31 100
49 38 22 128
49 39 16 115
49 40 13 171
49 44 41 44
49 57 28 119
49 59 25 108
49 66 7 180
49 69 37 276
49 71 55 12
49 78 19 25
50 4 39 168
50 5 13 54
50 15 37 233
50 31 25 21
50 39 7 115
50 52 46 78
50 54 19 235
50 55 56 220
50 56 22 7
50 58 4 16
50 63 31 275
50 68 15 214
50 76 10 46
50 78 1 240
50 79 52 287
51 1 39 42
51 8 25 11
51 20 55 202
51 21 7 22
51 29 52 250
51 40 34 156
51 41 37 80
51 42 49 288
51 47 19 137
51 61 44 61
51 62 31 291
51 63 13 37
51 64 1 280
51 66 11 180
51 73 15 124
52 11 11 168
52 33 25 48
52 38 45 37
52 41 5 80
52 49 32 285
52 51 52 172
52 55 1 207
52 56 49 132
52 57 37 270
52 60 20 175
52 65 16 231
52 66 43 267
52 73 7 248
52 78 40 5
52 80 57 18
53 4 1 174
53 7 51 239
53 8 40 119
53 9 5 196
53 10 23 18
53 15 29 217
53 42 38 243
53 55 33 263
53 56 46 132
53 62 25 291
53 66 13 180
53 68 15 113
53 69 19 50
53 75 10 154
53 76 43 105
54 7 55 254
54 8 49 119
54 9 52 245
54 20 21 42
54 22 19 107
54 23 31 101
54 46 11 62
54 50 46 3
54 52 16 197
54 54 59 192
54 65 4 231
54 66 34 180
54 67 27 178
54 68 38 218
54 77 13 192
55 2 59 80
55 5 3 54
55 6 7 205
55 10 1 206
55 12 38 52
55 21 19 1
55 26 10 177
55 27 13 191
55 44 31 44
55 52 28 197
55 54 35 45
55 55 55 27
55 73 45 124
55 76 25 105
55 79 43 242
56 1 37 286
56 3 31 162
56 8 25 99
56 9 46 203
56 15 17 204
56 22 35 256
56 26 43 191
56 32 56 87
56 46 28 62
56 53 20 135
56 54 11 117
56 55 49 170
56 65 13 176
56 73 7 98
56 74 1 88
57 4 45 174
57 12 1 204
57 13 31 118
57 28 13 145
57 33 25 26
57 36 35 295
57 37 38 135
57 38 55 129
57 41 43 120
57 47 50 140
57 50 23 3
57 52 7 78
57 57 58 119
57 67 29 178
57 72 19 58
58 2 17 100
58 3 3 13
58 5 53 54
58 19 39 89
58 28 19 145
58 30 49 196
58 31 7 208
58 34 43 124
58 35 25 113
58 37 32 123
58 44 1 44
58 62 14 291
58 64 55 35
58 66 45 267
58 67 37 178
59 9 35 245
59 29 1 250
59 31 3 148
59 36 11 293
59 41 9 80
59 53 57 183
59 56 19 7
59 60 43 81
59 61 31 173
59 63 55 37
59 66 50 267
59 68 22 57
59 69 25 195
59 72 37 65
59 74 13 227
60 4 13 168
60 5 5 54
60 6 46 43
60 13 1 257
60 22 25 107
60 27 27 280
60 28 49 100
60 42 53 243
60 51 56 231
60 59 19 108
60 62 7 133
60 65 37 176
60 67 23 47
60 70 40 151
60 73 31 236
61 3 7 162
61 14 5 23
61 15 11 57
61 18 19 19
61 29 23 250
61 30 25 298
61 35 46 113
61 41 1 80
61 42 35 243
61 52 40 78
61 63 53 275
61 64 55 275
61 66 3 267
61 73 31 248
61 78 13 25
62 2 35 100
62 10 17 206
62 23 49 237
62 29 4 250
62 31 31 21
62 33 7 292
62 37 13 226
62 40 1 171
62 43 46 24
62 44 11 11
62 52 52 197
62 57 22 119
62 62 28 291
62 64 55 142
62 69 37 235
63 14 49 23
63 20 15 50
63 32 2 137
63 38 52 129
63 42 13 243
63 46 33 62
63 47 37 75
63 52 7 136
63 55 25 207
63 56 46 291
63 57 43 266
63 63 19 15
63 72 21 65
63 74 55 88
63 76 10 105
64 4 25 168
64 9 19 196
64 17 13 200
64 22 35 107
64 29 21 250
64 41 4 120
64 46 1 200
64 53 49 183
64 54 59 235
64 59 37 189
64 64 44 142
64 65 16 188
64 69 55 235
64 70 7 33
64 76 40 105
65 5 31 54
65 11 5 109
65 13 1 118
65 18 33 251
65 21 43 208
65 23 10 101
65 26 52 293
65 32 37 252
65 34 55 265
65 35 49 297
65 42 47 288
65 43 15 24
65 71 29 12
65 77 25 77
65 80 13 142
66 7 49 47
66 12 39 204
66 35 16 104
66 42 7 276
66 48 13 103
66 54 9 226
66 57 34 270
66 60 27 206
66 61 1 298
66 65 43 231
66 67 47 178
66 69 19 276
66 70 31 151
66 71 5 12
66 72 55 14
67 10 28 18
67 16 51 185
67 17 35 200
67 18 19 36
67 23 7 237
67 32 44 100
67 38 1 129
67 39 58 141
67 48 16 103
67 51 37 172
67 53 31 135
67 59 4 58
67 62 55 291
67 77 25 150
67 78 13 5
68 9 55 203
68 18 50 84
68 19 13 287
68 22 5 34
68 32 15 222
68 33 1 26
68 35 31 297
68 41 29 120
68 44 39 44
68 45 19 289
68 47 8 75
68 58 22 16
68 63 37 113
68 64 43 35
68 69 25 276
69 5 10 54
69 6 31 89
69 12 55 52
69 17 23 200
69 23 19 101
69 36 59 295
69 46 5 200
69 48 25 125
69 52 46 189
69 54 41 50
69 61 49 173
69 62 16 133
69 63 39 113
69 67 8 178
69 75 43 78
70 7 31 47
70 12 1 256
70 15 5 204
70 28 49 109
70 32 7 222
70 33 55 31
70 34 16 245
70 39 13 233
70 47 25 75
70 59 46 125
70 67 11 178
70 69 37 160
70 75 43 76
70 76 19 56
70 78 22 5
71 1 49 72
71 4 37 104
71 6 55 43
71 10 1 18
71 13 9 107
71 15 3 57
71 21 26 208
71 27 32 86
71 36 7 293
71 39 19 141
71 41 17 80
71 54 53 226
71 59 58 125
71 69 43 276
71 73 13 236
72 3 43 13
72 9 37 245
72 11 1 168
72 19 47 287
72 37 25 226
72 39 34 141
72 41 21 120
72 42 57 288
72 48 10 103
72 53 39 56
72 54 5 117
72 65 31 188
72 67 19 178
72 71 3 258
72 80 49 18
73 1 57 103
73 5 11 157
73 7 1 47
73 10 51 35
73 14 9 23
73 23 31 80
73 24 37 101
73 26 46 293
73 36 5 293
73 37 19 226
73 51 34 231
73 54 41 235
73 58 13 93
73 79 55 287
73 80 43 18
74 3 25 106
74 6 13 43
74 10 7 206
74 15 41 217
74 17 16 200
74 24 49 91
74 30 55 277
74 32 31 222
74 33 37 28
74 46 5 172
74 47 19 75
74 50 9 225
74 63 1 15
74 71 3 12
74 74 44 88
75 5 5 45
75 8 51 99
75 17 9 50
75 21 33 146
75 22 16 34
75 27 56 280
75 28 1 85
75 32 25 222
75 38 37 128
75 50 11 225
75 54 49 235
75 58 22 213
75 59 46 108
75 75 13 76
75 80 31 18
76 1 45 232
76 32 13 9
76 38 19 129
76 45 4 102
76 50 27 3
76 52 40 197
76 58 1 16
76 63 29 195
76 65 9 188
76 66 7 267
76 71 43 12
76 75 49 244
76 76 34 46
76 78 52 25
76 79 32 287
77 7 19 254
77 25 5 252
77 26 49 125
77 27 57 267
77 31 7 30
77 33 31 48
77 34 29 265
77 41 23 120
77 45 25 102
77 60 43 206
77 68 52 113
77 72 13 58
77 74 37 11
77 77 1 150
77 80 35 193
78 3 13 96
78 17 7 50
78 24 40 124
78 35 55 297
78 41 21 80
78 42 33 243
78 43 1 132
78 46 49 62
78 48 43 103
78 49 25 285
78 63 17 244
78 65 10 176
78 72 51 66
78 78 4 25
78 80 59 18
79 7 8 47
79 10 13 206
79 15 15 57
79 26 1 191
79 29 47 250
79 32 56 222
79 33 37 31
79 37 33 66
79 41 25 80
79 44 22 44
79 45 28 27
79 55 49 220
79 73 43 236
79 75 19 154
79 77 4 150
80 2 29 76
80 14 13 23
80 38 19 37
80 39 22 115
80 49 31 60
80 51 55 172
80 52 49 197
80 63 11 195
80 66 52 267
80 69 43 143
80 70 15 33
80 71 7 12
80 74 25 227
80 76 4 105
80 78 40 25
81 2 22 76
81 3 50 162
81 8 55 119
81 10 3 18
81 15 43 16
81 18 14 36
81 23 19 237
81 25 1 233
81 40 28 171
81 47 7 91
81 54 5 226
81 60 31 81
81 71 45 12
81 76 58 120
81 77 40 77
82 3 7 96
82 14 19 23
82 18 49 251
82 19 43 89
82 21 21 208
82 24 58 203
82 28 14 234
82 31 25 82
82 33 38 26
82 37 45 181
82 55 1 220
82 64 31 152
82 76 55 46
83 1 49 1
83 3 7 106
83 6 40 205
83 16 31 164
83 18 20 251
83 35 25 297
83 36 2 293
83 39 28 115
83 40 4 171
83 47 14 140
83 53 55 56
83 61 44 111
83 62 37 291
83 71 35 12
84 4 8 174
84 12 25 52
84 13 49 148
84 14 39 23
84 26 16 175
84 27 55 157
84 28 19 85
84 30 43 196
84 38 1 37
84 52 31 61
84 63 47 180
84 66 23 180
84 68 34 218
84 75 4 8
84 77 13 150
85 4 57 265
85 7 37 47
85 15 55 233
85 19 25 287
85 20 43 150
85 23 22 101
85 24 50 203
85 34 41 245
85 45 19 102
85 49 7 163
85 55 14 220
85 57 31 97
85 62 34 291
85 66 3 180
85 74 27 167
86 2 35 25
86 24 25 91
86 29 41 250
86 35 58 113
86 37 45 135
86 40 4 156
86 45 55 102
86 49 13 190
86 53 37 183
86 57 31 270
86 58 19 213
86 65 22 61
86 66 50 180
86 70 10 153
86 77 7 192
87 6 34 89
87 10 5 18
87 15 43 57
87 21 21 96
87 24 25 124
87 27 45 137
87 31 1 86
87 33 14 28
87 49 7 190
87 57 28 266
87 58 37 16
87 64 49 142
87 66 19 267
87 70 40 123
87 73 55 217
88 5 51 54
88 6 19 89
88 9 47 245
88 21 25 22
88 24 7 124
88 27 13 86
88 29 31 250
88 35 44 297
88 41 10 120
88 48 1 149
88 52 33 78
88 57 4 266
88 63 41 113
88 71 57 12
88 80 39 18
89 2 5 100
89 5 16 54
89 16 44 185
89 19 50 287
89 23 40 101
89 25 35 54
89 33 55 26
89 38 37 225
89 39 10 115
89 43 7 132
89 57 22 266
89 69 31 50
89 70 13 151
89 73 1 124
89 75 19 76
90 34 11 245
90 36 29 295
90 38 49 37
90 43 22 132
90 44 59 44
90 49 25 269
90 53 13 183
90 56 43 177
90 58 31 16
90 63 19 275
90 71 40 12
90 73 1 217
90 77 56 150
90 78 37 25
90 80 53 88
91 1 3 232
91 4 37 174
91 9 47 196
91 11 8 168
91 13 31 137
91 22 59 34
91 35 10 104
91 40 49 156
91 44 1 71
91 49 55 285
91 52 52 78
91 55 26 170
91 56 43 7
91 60 13 81
91 73 20 124
92 3 25 13
92 8 15 242
92 9 59 245
92 17 47 200
92 20 49 64
92 22 53 34
92 24 34 101
92 27 38 191
92 33 19 28
92 56 4 7
92 63 13 113
92 69 55 160
92 70 1 123
92 75 43 233
92 78 7 5
93 5 7 45
93 9 35 196
93 10 17 35
93 16 1 185
93 17 20 197
93 21 38 208
93 32 9 9
93 37 13 181
93 48 22 125
93 50 5 225
93 52 55 136
93 63 29 226
93 69 31 235
93 72 45 283
93 76 25 46
94 2 29 128
94 3 25 162
94 4 31 259
94 11 35 288
94 14 53 23
94 17 3 197
94 26 55 293
94 44 9 44
94 52 16 78
94 53 49 256
94 62 58 291
94 67 41 178
94 68 13 218
94 72 37 153
94 74 20 167
95 2 7 214
95 11 43 168
95 13 31 148
95 30 20 277
95 43 55 24
95 45 40 102
95 48 10 125
95 52 37 197
95 53 14 256
95 55 50 207
95 56 25 7
95 60 3 175
95 61 57 189
95 62 28 133
95 70 45 151
96 9 56 245
96 17 3 66
96 23 10 8
96 25 47 270
96 26 58 293
96 30 13 147
96 31 43 106
96 34 37 265
96 40 40 171
96 45 22 27
96 58 25 213
96 65 34 176
96 67 17 129
96 69 50 160
96 70 28 292
97 4 33 205
97 6 45 89
97 11 29 109
97 18 49 19
97 48 13 125
97 50 16 3
97 53 1 56
97 57 10 119
97 59 55 108
97 60 37 240
97 62 22 133
97 66 31 267
97 73 25 236
97 75 7 154
97 79 19 160
98 4 9 259
98 5 7 157
98 6 37 43
98 7 13 47
98 20 43 50
98 31 3 246
98 37 25 45
98 53 31 56
98 61 49 68
98 63 55 197
98 64 21 35
98 66 1 97
98 69 57 248
98 70 40 33
99 3 19 32
99 22 4 107
99 26 43 293
99 27 55 191
99 29 37 170
99 30 14 277
99 42 40 243
99 43 35 24
99 51 52 231
99 52 10 78
99 70 7 153
99 75 46 76
99 76 31 46
99 78 1 5
99 80 49 193
100 1 7 72
100 2 57 76
100 7 39 198
100 19 29 287
100 42 1 243
100 54 45 192
100 55 25 220
100 56 49 7
100 57 52 119
100 58 4 213
100 60 31 234
100 61 13 61
100 65 19 188
100 66 37 267
100 78 22 25
101 16 49 164
101 20 55 64
101 27 43 86
101 29 7 170
101 31 26 121
101 38 34 37
101 39 10 233
101 50 31 3
101 54 47 45
101 60 20 206
101 64 15 142
101 65 40 176
101 77 37 150
101 78 4 5
101 80 53 193
102 5 16 45
102 6 28 43
102 8 55 11
102 15 13 217
102 16 51 268
102 17 8 197
102 24 22 203
102 27 33 258
102 28 43 109
102 36 40 295
102 38 10 37
102 42 47 276
102 50 4 3
102 65 1 176
102 80 59 88
103 5 41 157
103 10 17 18
103 18 1 296
103 28 37 109
103 31 8 82
103 38 44 225
103 41 49 80
103 42 59 288
103 45 14 27
103 48 21 103
103 53 32 183
103 56 52 132
103 59 25 154
103 72 55 66
103 79 28 242
104 10 15 18
104 11 17 168
104 22 5 191
104 27 7 258
104 29 25 250
104 30 31 298
104 47 19 140
104 48 52 103
104 51 37 294
104 53 1 181
104 57 46 119
104 59 40 125
104 66 27 180
104 68 58 218
104 80 55 193
105 2 35 214
105 12 20 256
105 13 55 154
105 21 31 208
105 22 28 107
105 23 3 101
105 25 1 294
105 38 7 129
105 45 10 102
105 48 46 91
105 51 25 172
105 52 37 61
105 58 13 16
105 77 16 77
105 80 41 142
106 2 49 76
106 12 13 52
106 18 1 19
106 20 51 82
106 23 7 101
106 29 33 250
106 31 37 193
106 36 31 295
106 43 20 24
106 45 46 27
106 47 55 140
106 65 22 188
106 76 28 105
106 78 10 5
106 79 5 160
107 6 32 43
107 8 43 99
107 25 17 9
107 28 7 145
107 29 53 170
107 35 28 297
107 40 22 156
107 49 2 163
107 51 25 231
107 55 13 263
107 59 49 108
107 65 46 188
107 68 19 218
107 71 59 170
107 74 37 167
108 2 7 76
108 3 56 13
108 20 19 64
108 21 3 208
108 22 1 107
108 31 13 148
108 34 11 265
108 53 49 56
108 54 53 45
108 57 43 270
108 58 31 93
108 59 34 108
108 60 25 240
108 69 38 195
108 79 9 242
109 1 37 232
109 6 13 205
109 7 19 189
109 16 55 164
109 25 49 233
109 26 7 110
109 31 25 193
109 46 35 274
109 52 10 147
109 53 31 256
109 60 51 252
109 61 45 190
109 63 29 15
109 68 16 218
109 73 2 236
110 8 25 242
110 16 19 164
110 24 1 203
110 33 31 26
110 35 45 96
110 43 59 24
110 46 41 172
110 55 55 170
110 60 7 175
110 61 37 173
110 62 49 133
110 63 43 37
110 71 23 12
110 77 28 192
110 80 4 193
111 1 31 72
111 8 16 99
111 15 59 57
111 17 53 200
111 18 7 19
111 19 1 287
111 25 21 270
111 28 43 85
111 42 37 288
111 46 13 62
111 49 25 163
111 55 55 207
111 56 4 177
111 78 49 5
111 80 11 88
112 4 55 259
112 5 17 251
112 15 49 217
112 16 25 268
112 26 22 293
112 32 13 87
112 43 5 132
112 52 31 197
112 57 51 270
112 58 39 213
112 61 1 61
112 65 46 176
112 68 19 214
112 74 8 167
112 75 34 154
113 3 39 162
113 5 11 45
113 11 17 288
113 21 32 22
113 23 19 8
113 28 1 109
113 39 25 233
113 43 22 24
113 47 13 202
113 51 49 172
113 54 29 45
113 55 7 220
113 59 43 108
113 63 5 275
113 71 47 12
114 8 43 230
114 11 29 288
114 27 9 86
114 28 55 85
114 31 49 106
114 45 1 27
114 49 13 163
114 50 7 225
114 51 46 172
114 53 19 296
114 59 4 108
114 61 25 189
114 70 37 151
114 73 31 98
114 79 40 242
115 1 27 72
115 13 9 148
115 18 37 19
115 35 46 115
115 39 22 141
115 42 7 243
115 45 43 27
115 46 20 62
115 55 13 207
115 57 58 270
115 62 49 291
115 63 25 275
115 64 2 142
115 75 55 8
115 80 33 193
116 22 13 107
116 28 32 85
116 30 25 277
116 36 46 295
116 40 9 156
116 42 17 276
116 44 7 44
116 48 52 91
116 50 29 3
116 51 43 172
116 57 37 266
116 59 19 125
116 60 55 118
116 70 1 153
116 79 22 242
117 6 49 43
117 23 52 101
117 28 31 145
117 29 43 250
117 38 7 128
117 40 39 156
117 47 14 91
117 49 19 163
117 53 2 135
117 54 11 244
117 62 55 133
117 69 25 50
117 73 45 93
117 80 59 142
118 12 7 204
118 25 52 294
118 33 44 26
118 37 20 45
118 47 31 202
118 54 11 226
118 59 13 154
118 63 35 113
118 64 27 152
118 68 49 214
118 69 37 248
118 70 57 33
118 71 1 12
118 77 3 77
118 78 16 25
119 16 39 268
119 19 11 287
119 23 43 80
119 24 46 253
119 25 19 54
119 28 7 85
119 31 21 21
119 33 2 28
119 35 13 297
119 37 56 45
119 47 31 75
119 50 53 3
119 61 26 173
119 72 49 58
119 76 16 46
120 3 9 32
120 5 25 157
120 8 4 99
120 25 23 54
120 28 27 234
120 33 50 28
120 41 7 80
120 49 19 60
120 56 34 7
120 60 37 175
120 65 13 188
120 70 1 151
120 72 55 65
120 75 31 154
120 78 16 5
121 3 31 106
121 11 19 168
121 13 55 137
121 16 1 164
121 17 7 69
121 29 9 250
121 36 17 295
121 38 22 37
121 55 43 220
121 57 37 119
121 65 49 188
121 68 40 57
121 71 27 12
121 73 13 98
121 75 52 76
122 1 51 217
122 3 19 13
122 11 47 109
122 15 35 233
122 17 3 50
122 22 49 107
122 31 57 193
122 34 27 265
122 43 10 132
122 57 7 266
122 65 43 188
122 71 13 12
122 72 38 283
122 76 31 105
122 80 1 193
123 5 5 251
123 11 53 109
123 18 57 36
123 26 28 125
123 27 38 86
123 29 49 250
123 30 45 277
123 32 14 252
123 33 1 48
123 43 43 24
123 46 22 62
123 48 25 103
123 57 19 97
123 62 7 291
123 72 31 283
124 2 31 76
124 3 55 32
124 11 5 288
124 20 25 64
124 21 38 146
124 34 19 245
124 39 52 141
124 42 11 243
124 45 46 102
124 54 33 104
124 55 1 170
124 64 13 275
124 69 7 235
124 74 21 227
124 79 49 242
125 6 22 89
125 11 33 168
125 15 31 57
125 17 13 197
125 21 49 208
125 23 40 120
125 26 37 177
125 29 7 250
125 31 43 193
125 40 27 156
125 51 15 294
125 59 19 138
125 60 55 234
125 66 9 180
125 69 2 195
126 4 43 259
126 5 1 157
126 15 19 233
126 16 13 185
126 20 31 239
126 26 7 177
126 34 25 265
126 41 27 80
126 48 4 103
126 54 23 226
126 56 55 132
126 57 40 270
126 70 10 33
126 76 52 105
126 79 58 242
127 4 49 168
127 8 20 11
127 25 56 54
127 33 14 26
127 35 28 104
127 45 33 102
127 47 1 202
127 48 37 149
127 49 43 60
127 52 40 147
127 54 47 192
127 57 25 97
127 62 58 294
127 64 7 280
127 67 5 178
128 3 55 162
128 6 40 43
128 10 53 35
128 19 5 287
128 24 1 91
128 32 7 137
128 36 14 295
128 43 31 24
128 44 29 44
128 45 25 27
128 50 22 225
128 56 16 132
128 61 44 173
128 64 33 275
128 77 49 150
129 2 47 25
129 3 31 32
129 10 35 35
129 11 43 288
129 14 27 23
129 18 13 251
129 32 19 87
129 35 40 297
129 42 57 243
129 46 9 62
129 47 1 140
129 66 29 180
129 67 17 47
129 68 37 214
129 73 49 124
130 2 29 100
130 14 57 23
130 15 47 217
130 19 15 287
130 29 5 170
130 34 22 245
130 36 33 295
130 42 9 243
130 45 19 27
130 47 25 140
130 54 11 235
130 63 55 180
130 68 1 218
130 69 43 195
130 73 50 98
131 7 13 198
131 11 5 168
131 18 57 200
131 19 41 287
131 22 7 107
131 23 46 80
131 24 10 124
131 26 31 293
131 37 25 123
131 45 43 102
131 47 1 75
131 56 34 132
131 59 37 125
131 60 51 81
131 64 19 142
132 12 7 183
132 16 43 268
132 17 32 200
132 18 13 19
132 21 55 1
132 36 17 293
132 40 25 171
132 41 53 120
132 42 5 276
132 51 28 172
132 58 1 213
132 61 20 173
132 64 37 142
132 75 34 8
132 76 49 46
133 1 19 72
133 2 1 128
133 14 59 23
133 28 27 85
133 30 51 147
133 34 43 245
133 35 4 297
133 40 31 156
133 43 25 24
133 48 7 103
133 49 55 163
133 55 38 220
133 72 45 65
133 74 13 177
133 77 34 77
134 8 16 11
134 18 1 84
134 21 31 96
134 26 25 293
134 27 57 86
134 30 49 277
134 34 53 265
134 39 10 141
134 46 37 62
134 49 19 285
134 54 55 192
134 65 39 188
134 76 46 105
134 77 7 150
134 78 28 5
135 3 38 96
135 6 25 89
135 8 28 11
135 18 43 200
135 26 1 177
135 37 55 181
135 51 7 294
135 54 47 244
135 56 10 169
135 61 13 111
135 62 4 133
135 65 49 176
135 68 52 218
135 74 19 88
135 77 32 192
136 5 11 251
136 15 52 16
136 16 19 268
136 26 40 293
136 35 25 115
136 39 4 141
136 42 23 276
136 58 13 213
136 59 34 125
136 60 55 175
136 63 17 275
136 69 43 235
136 70 7 123
136 76 37 105
136 79 1 242
137 2 13 214
137 9 29 203
137 14 55 23
137 17 1 197
137 18 25 19
137 19 15 89
137 24 46 101
137 35 19 113
137 40 10 171
137 46 4 274
137 53 31 296
137 56 7 7
137 61 38 68
137 69 57 276
137 75 22 154
138 7 43 198
138 13 15 116
138 16 37 185
138 22 19 34
138 25 1 270
138 33 8 26
138 34 21 265
138 35 58 297
138 38 3 128
138 39 55 141
138 45 28 289
138 55 31 207
138 66 13 267
138 70 25 151
138 74 50 167
139 7 7 254
139 13 57 257
139 29 16 250
139 36 55 295
139 46 39 62
139 49 43 285
139 54 47 225
139 55 49 263
139 65 22 231
139 70 34 151
139 71 11 263
139 77 19 192
139 78 28 25
139 79 3 242
139 80 31 193
140 1 1 72
140 2 13 128
140 5 19 157
140 16 56 268
140 17 5 50
140 20 9 64
140 30 37 9
140 38 33 128
140 43 7 24
140 46 31 62
140 47 49 202
140 68 45 214
140 72 15 65
140 74 25 88
140 77 22 192
141 7 13 254
141 13 21 274
141 23 50 120
141 26 34 177
141 31 25 118
141 34 7 265
141 37 43 226
141 38 58 225
141 46 53 62
141 53 39 256
141 54 19 117
141 57 2 271
141 58 31 213
141 69 9 276
141 80 17 193
142 5 46 54
142 10 49 35
142 17 13 50
142 23 37 120
142 28 8 100
142 36 43 295
142 37 25 58
142 38 31 225
142 42 51 243
142 43 3 24
142 44 5 57
142 61 15 173
142 65 56 188
142 68 22 218
142 80 34 18
143 6 21 43
143 9 53 196
143 19 19 287
143 21 32 1
143 23 1 8
143 25 7 270
143 34 28 245
143 38 38 129
143 57 25 266
143 58 50 213
143 59 58 108
143 60 9 81
143 62 13 117
143 77 16 192
143 79 45 287
144 9 3 241
144 24 19 91
144 26 22 191
144 37 38 58
144 44 50 44
144 46 1 274
144 54 29 50
144 57 7 97
144 61 13 298
144 64 25 35
144 66 34 267
144 67 53 178
144 69 56 195
144 71 17 12
144 79 5 242
145 16 7 164
145 21 55 146
145 23 16 8
145 28 1 234
145 37 43 66
145 46 35 62
145 48 38 103
145 49 21 269
145 50 19 225
145 56 31 7
145 63 29 275
145 65 13 231
145 69 25 235
145 75 50 154
145 80 11 13
146 5 49 54
146 7 19 47
146 11 1 288
146 20 13 82
146 38 7 37
146 53 43 56
146 54 57 192
146 59 31 125
146 61 37 111
146 62 4 291
146 63 11 275
146 68 28 113
146 69 51 235
146 75 25 244
146 80 41 18
147 16 7 268
147 20 37 239
147 23 34 237
147 24 55 101
147 28 25 100
147 29 29 250
147 33 51 26
147 34 5 124
147 35 58 115
147 39 31 141
147 49 13 285
147 50 3 225
147 55 19 170
147 74 43 227
147 80 23 88
148 3 32 13
148 15 38 57
148 20 19 123
148 33 43 28
148 34 1 265
148 38 49 128
148 41 3 80
148 45 16 102
148 52 13 46
148 63 27 275
148 65 10 231
148 67 59 178
148 71 52 12
148 72 55 153
148 79 29 160
149 4 19 259
149 14 35 23
149 17 55 50
149 22 41 34
149 25 17 270
149 27 37 34
149 28 1 100
149 29 47 170
149 34 33 245
149 52 58 197
149 54 5 235
149 64 13 280
149 71 23 263
149 72 25 153
149 78 10 172
150 2 55 128
150 9 59 196
150 20 37 50
150 25 5 270
150 34 33 265
150 37 49 226
150 44 3 44
150 46 41 62
150 53 13 296
150 54 35 235
150 59 28 108
150 60 19 81
150 62 44 133
150 63 1 275
150 64 8 142
151 1 43 72
151 17 11 50
151 23 27 237
151 28 19 100
151 34 23 265
151 39 16 233
151 41 56 120
151 45 37 27
151 47 7 202
151 51 34 172
151 54 53 192
151 61 49 257
151 65 4 176
151 68 1 214
151 70 58 151
152 3 2 96
152 20 7 42
152 24 28 91
152 27 37 234
152 37 31 45
152 43 17 27
152 46 43 62
152 47 45 140
152 50 11 3
152 56 25 177
152 57 56 97
152 60 19 234
152 64 49 152
152 71 23 258
152 72 13 283
153 6 58 43
153 8 31 11
153 9 53 203
153 20 49 123
153 32 8 252
153 34 16 265
153 39 34 115
153 49 44 163
153 51 1 231
153 53 38 263
153 64 19 152
153 68 4 214
153 73 25 248
153 77 13 77
154 1 33 79
154 4 1 259
154 6 49 89
154 7 43 47
154 19 13 89
154 32 27 9
154 40 22 171
154 42 15 243
154 47 38 202
154 53 7 56
154 54 17 226
154 70 19 151
154 76 52 6
154 78 57 5
155 3 1 32
155 6 10 43
155 10 25 18
155 15 58 16
155 19 23 287
155 30 38 196
155 32 43 252
155 34 19 265
155 35 16 297
155 39 28 141
155 56 13 7
155 60 49 206
155 63 5 15
155 76 7 105
155 77 31 77
156 10 40 35
156 11 25 288
156 18 44 19
156 23 13 8
156 31 27 148
156 39 16 141
156 43 5 24
156 46 59 62
156 56 37 132
156 57 19 266
156 61 55 173
156 62 1 133
156 65 49 231
156 74 7 88
156 75 52 244
157 7 49 198
157 9 11 196
157 10 15 206
157 12 25 204
157 21 3 22
157 22 1 34
157 26 46 191
157 41 34 80
157 53 37 122
157 54 13 104
157 56 19 132
157 57 31 266
157 73 7 93
157 75 43 8
157 77 22 77
158 15 56 16
158 16 31 268
158 18 49 36
158 19 5 89
158 21 13 208
158 26 43 125
158 33 37 292
158 41 25 120
158 48 10 15
158 51 46 231
158 60 1 121
158 71 59 12
158 72 19 283
158 76 7 46
158 80 29 88
159 2 31 128
159 19 52 188
159 26 13 293
159 27 7 191
159 31 19 118
159 32 56 9
159 34 1 245
159 37 38 66
159 46 16 274
159 52 25 78
159 57 28 270
159 61 43 237
159 68 49 218
159 72 3 14
159 79 34 242
160 3 37 32
160 11 17 109
160 12 31 52
160 13 51 118
160 17 41 200
160 24 43 91
160 26 19 191
160 29 35 250
160 53 13 122
160 54 49 192
160 55 55 263
160 57 25 270
160 61 1 173
160 64 7 275
160 70 22 151
161 1 19 232
161 21 43 269
161 24 28 124
161 30 1 196
161 35 49 113
161 39 52 145
161 42 59 243
161 46 13 274
161 49 7 60
161 53 55 256
161 54 37 226
161 56 39 7
161 59 15 108
161 60 33 240
161 71 31 263
162 14 1 23
162 15 41 16
162 18 37 200
162 27 21 15
162 28 13 109
162 30 43 9
162 36 17 86
162 46 55 200
162 48 28 103
162 51 31 172
162 52 3 78
162 64 7 217
162 73 57 98
162 76 52 46
162 80 47 297
163 3 27 96
163 5 59 54
163 7 38 254
163 13 43 107
163 16 1 268
163 31 55 30
163 42 31 288
163 56 52 7
163 59 16 125
163 63 13 244
163 66 5 180
163 68 7 113
163 71 50 12
163 76 22 56
163 79 11 160
164 3 14 106
164 7 7 198
164 15 55 204
164 16 37 164
164 35 19 297
164 36 53 295
164 44 1 57
164 53 43 296
164 58 57 213
164 59 22 108
164 61 49 298
164 62 31 133
164 67 25 178
164 70 4 151
164 77 28 77
165 8 46 99
165 9 7 196
165 11 33 288
165 15 53 204
165 21 49 146
165 31 13 30
165 35 22 113
165 38 40 225
165 51 10 294
165 57 37 271
165 64 26 142
165 65 19 176
165 67 55 178
165 72 1 65
165 76 58 105
166 1 43 1
166 6 1 205
166 7 49 254
166 9 23 196
166 12 19 204
166 18 39 36
166 19 37 287
166 20 31 42
166 57 58 266
166 65 4 188
166 68 55 218
166 70 28 151
166 72 7 58
166 73 14 248
167 4 27 252
167 7 7 189
167 11 41 288
167 16 19 185
167 28 31 109
167 31 43 82
167 35 49 96
167 42 55 276
167 46 25 62
167 54 47 235
167 57 1 266
167 58 4 205
167 61 37 257
167 69 13 143
167 77 58 77
168 8 7 11
168 18 49 296
168 26 28 175
168 33 31 28
168 39 46 233
168 44 41 11
168 47 55 75
168 51 25 294
168 53 37 181
168 57 10 97
168 60 1 81
168 69 13 276
168 76 22 46
168 77 19 77
169 6 25 43
169 13 43 118
169 14 17 23
169 16 7 185
169 17 23 66
169 20 38 136
169 21 56 96
169 26 28 177
169 37 49 45
169 47 13 75
169 59 4 138
169 64 31 142
169 65 19 231
169 77 1 192
170 4 43 104
170 9 17 196
170 10 11 206
170 18 39 251
170 20 31 82
170 27 49 280
170 29 37 250
170 30 7 298
170 33 13 292
170 42 27 288
170 45 1 289
170 57 4 97
170 62 19 133
170 65 22 176
170 75 57 233
171 3 1 106
171 4 56 174
171 11 13 288
171 13 26 274
171 18 19 200
171 29 40 170
171 32 31 252
171 33 43 31
171 44 5 11
171 46 11 274
171 54 51 192
171 57 7 119
171 66 23 97
171 75 37 76
171 77 16 150
172 3 37 13
172 5 1 251
172 8 34 99
172 9 7 99
172 17 22 197
172 48 51 149
172 53 27 56
172 58 10 16
172 61 56 42
172 64 3 152
172 66 19 180
172 73 43 217
172 75 31 8
172 76 16 105
172 80 13 18
173 5 29 54
173 16 13 164
173 17 1 66
173 22 23 107
173 24 10 203
173 30 32 277
173 32 3 9
173 37 43 45
173 47 19 202
173 53 25 256
173 65 52 176
173 66 17 180
173 68 7 218
173 77 40 192
173 80 47 18
174 1 27 232
174 3 50 13
174 7 2 198
174 10 10 18
174 13 45 154
174 22 21 34
174 35 7 297
174 53 13 56
174 67 17 178
174 68 31 113
174 71 25 12
174 72 37 97
174 74 55 227
174 75 34 169
175 2 4 76
175 12 49 52
175 13 38 137
175 35 1 297
175 38 31 37
175 43 9 24
175 48 43 180
175 65 34 188
175 67 11 72
175 69 25 160
175 73 55 124
175 75 46 197
175 76 19 105
175 78 14 172
175 80 7 193
176 5 59 157
176 7 55 47
176 8 16 230
176 15 37 204
176 17 5 66
176 18 45 251
176 19 27 287
176 23 51 80
176 26 19 293
176 29 23 170
176 34 9 245
176 47 31 91
176 50 1 225
176 57 13 266
176 59 40 189
177 1 21 286
177 16 25 185
177 17 9 69
177 18 55 19
177 29 47 66
177 31 39 21
177 33 49 31
177 42 19 243
177 55 14 170
177 57 33 119
177 63 7 15
177 70 4 153
177 71 31 12
177 73 43 98
177 75 1 154
178 1 15 232
178 4 25 259
178 19 29 188
178 24 43 203
178 27 19 258
178 34 13 265
178 36 1 295
178 38 4 129
178 45 10 27
178 49 37 60
178 57 55 266
178 58 7 213
178 68 46 218
178 76 34 120
178 79 51 242
179 8 3 230
179 10 1 35
179 14 41 23
179 20 44 239
179 32 31 9
179 43 13 24
179 47 25 202
179 54 17 235
179 61 55 298
179 67 53 128
179 70 21 153
179 72 49 97
179 73 37 236
179 75 7 244
179 77 10 150
180 2 41 76
180 5 27 157
180 12 1 52
180 25 11 270
180 27 55 34
180 33 19 292
180 36 9 293
180 38 52 225
180 42 23 288
180 47 37 140
180 49 31 163
180 50 14 225
180 66 25 267
180 70 16 123
180 80 29 193
181 7 19 198
181 20 14 239
181 22 47 34
181 25 25 54
181 28 39 85
181 41 32 120
181 49 7 269
181 52 49 78
181 61 1 111
181 64 56 152
181 67 35 178
181 73 27 98
181 74 43 167
181 75 52 8
181 80 37 18
182 8 20 99
182 18 25 36
182 25 49 270
182 31 51 30
182 38 37 37
182 40 14 156
182 44 44 44
182 45 7 289
182 50 29 225
182 54 23 244
182 56 58 7
182 62 40 291
182 66 11 267
182 73 1 98
182 74 32 227
183 5 13 157
183 10 19 18
183 12 1 160
183 14 21 23
183 15 29 204
183 16 25 164
183 27 39 71
183 47 31 140
183 54 5 244
183 55 9 170
183 57 15 271
183 71 37 12
183 72 55 58
183 74 49 88
183 78 45 5
184 12 7 52
184 13 55 271
184 29 11 66
184 30 1 147
184 31 37 106
184 33 13 48
184 40 44 171
184 43 52 24
184 44 47 11
184 45 49 27
184 58 22 71
184 59 28 7
184 63 41 180
184 68 31 214
184 70 25 292
185 1 33 244
185 3 50 32
185 7 13 189
185 12 43 204
185 15 17 57
185 17 31 66
185 19 10 89
185 23 7 8
185 28 56 109
185 46 47 62
185 50 19 3
185 65 27 176
185 66 25 180
185 73 21 248
185 74 1 227
186 12 32 204
186 20 1 82
186 27 25 137
186 28 37 145
186 29 23 64
186 32 49 222
186 36 11 254
186 38 55 225
186 44 20 44
186 54 5 104
186 57 43 97
186 61 13 257
186 63 29 37
186 72 7 283
186 80 41 88
187 1 31 232
187 8 1 119
187 9 41 99
187 17 4 69
187 22 35 34
187 43 28 24
187 44 17 44
187 54 23 50
187 56 58 177
187 58 7 71
187 60 37 81
187 65 25 188
187 73 49 236
187 77 20 150
187 80 10 193
188 13 37 274
188 26 55 177
188 28 9 234
188 32 20 9
188 33 1 292
188 34 43 265
188 44 7 57
188 45 58 289
188 47 45 202
188 52 13 78
188 57 16 266
188 64 31 280
188 70 52 292
188 73 25 217
188 76 49 105
189 1 49 232
189 6 4 43
189 15 26 57
189 17 21 66
189 23 16 101
189 31 55 148
189 34 7 245
189 36 19 295
189 39 1 141
189 45 40 27
189 47 9 140
189 51 28 294
189 74 33 3
189 76 13 105
189 79 37 242
190 2 35 76
190 7 19 239
190 15 28 57
190 17 47 50
190 18 2 36
190 24 25 203
190 31 8 118
190 39 38 141
190 42 23 243
190 52 58 46
190 53 43 183
190 64 31 35
190 68 55 113
190 69 14 195
190 72 49 283
191 1 33 286
191 8 13 11
191 13 37 148
191 23 56 80
191 31 25 30
191 32 19 252
191 34 31 265
191 37 1 226
191 40 52 171
191 48 10 149
191 54 23 104
191 55 43 170
191 58 16 213
191 70 7 151
191 78 49 240
192 7 25 47
192 8 34 11
192 10 41 206
192 17 13 69
192 20 15 64
192 22 55 107
192 23 49 101
192 40 58 156
192 45 52 27
192 47 37 91
192 55 44 263
192 69 21 235
192 70 31 292
192 71 10 12
192 72 2 59
193 4 44 205
193 8 56 99
193 9 59 99
193 19 9 287
193 20 19 82
193 25 13 270
193 28 49 85
193 31 37 30
193 32 26 87
193 44 1 11
193 49 3 269
193 52 34 197
193 59 31 108
193 70 16 153
193 79 11 242
194 5 14 45
194 10 21 18
194 11 41 109
194 15 11 217
194 17 16 66
194 20 57 123
194 23 1 237
194 32 50 87
194 34 4 265
194 39 7 141
194 46 55 62
194 47 43 75
194 61 37 190
194 63 25 197
194 79 32 160
195 4 25 174
195 5 23 157
195 13 2 184
195 19 17 287
195 22 57 107
195 34 31 245
195 36 49 295
195 39 13 141
195 52 40 46
195 56 10 7
195 60 44 175
195 62 52 133
195 64 33 217
195 73 19 98
195 78 37 5
196 3 44 32
196 5 29 157
196 7 25 254
196 10 19 35
196 21 49 22
196 24 34 253
196 26 31 191
196 32 1 252
196 35 10 113
196 39 21 233
196 43 41 24
196 48 7 125
196 62 38 133
196 64 14 152
196 72 55 283
197 1 19 244
197 4 49 174
197 12 7 160
197 15 11 204
197 22 16 107
197 30 31 196
197 32 44 222
197 34 4 245
197 37 37 45
197 49 55 60
197 55 25 263
197 62 13 133
197 63 53 37
197 66 23 267
197 76 1 6
198 4 45 168
198 7 32 189
198 17 7 66
198 30 9 277
198 31 19 193
198 40 49 171
198 42 43 243
198 51 58 172
198 61 37 298
198 65 1 188
198 66 41 267
198 67 13 178
198 68 4 113
198 78 25 25
198 80 52 18
199 6 58 89
199 11 23 109
199 13 49 3
199 20 37 82
199 29 56 250
199 31 43 30
199 32 1 87
199 38 16 37
199 39 13 115
199 43 35 27
199 55 19 220
199 58 25 205
199 68 28 214
199 72 31 65
199 74 7 227
200 1 13 1
200 7 3 239
200 10 32 206
200 15 29 233
200 27 25 86
200 29 58 250
200 35 43 113
200 44 52 44
200 48 34 103
200 55 37 207
200 56 46 177
200 57 55 270
200 58 49 104
200 61 7 173
200 64 19 280
Điểm tối ưu: 2986
Thời gian: 360.127079 giây
Trạng thái: VALID
