1158
1 1 19 15
1 3 8 47
1 5 58 43
1 9 28 83
1 10 1 111
1 15 49 53
1 16 56 115
1 17 5 6
1 19 35 33
1 20 32 35
1 21 40 3
1 26 51 100
1 28 14 20
1 30 46 20
1 32 37 93
2 2 50 105
2 3 9 69
2 5 38 43
2 7 21 86
2 8 43 117
2 11 2 64
2 12 33 4
2 14 15 118
2 15 7 53
2 17 13 59
2 20 26 101
2 24 41 19
2 27 56 65
2 29 28 32
3 1 27 15
3 3 20 47
3 5 43 43
3 9 40 99
3 11 33 64
3 14 15 23
3 18 3 114
3 19 47 33
3 20 5 64
3 21 50 3
3 23 7 61
3 25 52 18
3 28 56 44
3 29 13 11
3 32 10 17
4 3 13 47
4 7 28 13
4 9 4 99
4 11 44 64
4 13 7 57
4 14 57 118
4 17 17 59
4 18 31 90
4 19 9 16
4 21 33 36
4 23 50 103
4 24 2 19
4 26 38 100
4 27 19 4
4 29 23 77
5 1 1 32
5 3 38 47
5 4 13 119
5 6 57 97
5 9 25 83
5 12 28 17
5 13 11 51
5 14 50 112
5 15 15 53
5 17 9 59
5 23 43 103
5 24 34 109
5 29 47 107
5 31 20 63
5 32 31 93
6 1 56 94
6 2 15 105
6 7 23 13
6 8 50 117
6 11 10 65
6 12 20 49
6 17 3 59
6 19 31 33
6 20 39 41
6 24 13 19
6 25 1 18
6 28 28 44
6 29 41 107
6 32 25 4
7 1 52 15
7 3 57 69
7 5 40 84
7 6 9 86
7 7 35 86
7 11 49 64
7 12 19 80
7 20 23 35
7 21 7 36
7 23 37 103
7 27 43 110
7 29 1 11
7 31 3 25
7 32 28 93
8 1 37 94
8 3 57 77
8 5 25 84
8 6 15 2
8 7 35 13
8 8 21 72
8 11 8 50
8 12 40 80
8 15 53 8
8 16 11 29
8 21 13 36
8 25 19 18
8 27 31 110
8 28 46 44
8 29 2 107
9 1 19 94
9 3 9 77
9 4 47 119
9 6 2 97
9 8 15 73
9 12 22 80
9 15 32 53
9 17 57 59
9 18 45 114
9 20 43 41
9 23 25 103
9 27 38 31
9 28 34 44
9 29 13 77
9 31 49 5
10 1 22 119
10 4 44 91
10 5 46 43
10 6 55 2
10 7 51 62
10 15 28 53
10 16 1 29
10 17 7 38
10 18 31 74
10 20 49 35
10 24 9 19
10 26 3 60
10 27 37 107
10 30 34 106
10 31 13 34
11 1 34 94
11 3 38 77
11 4 47 106
11 5 28 43
11 7 59 44
11 13 51 57
11 18 21 90
11 19 16 33
11 20 5 101
11 23 2 103
11 24 11 19
11 27 7 82
11 29 23 107
11 30 13 9
12 1 40 15
12 5 44 78
12 8 57 117
12 9 7 83
12 12 34 80
12 17 11 6
12 18 26 90
12 19 1 16
12 21 21 36
12 24 3 39
12 25 15 1
12 31 50 91
12 32 37 95
13 1 8 119
13 2 44 89
13 3 51 47
13 5 34 107
13 10 26 111
13 11 22 64
13 12 3 67
13 16 19 5
13 20 13 41
13 24 37 19
13 25 49 1
13 26 39 60
13 27 56 31
13 29 32 11
13 32 16 93
14 3 31 47
14 4 29 106
14 5 8 43
14 11 25 64
14 15 5 39
14 20 51 35
14 22 45 56
14 23 16 103
14 25 1 1
14 26 21 60
14 28 13 79
14 29 53 107
14 30 38 9
14 32 55 93
15 2 39 105
15 5 31 43
15 6 13 13
15 7 43 86
15 9 49 83
15 11 20 50
15 14 3 118
15 16 7 42
15 19 23 33
15 20 1 35
15 21 9 36
15 23 28 61
15 24 52 19
15 31 55 25
15 32 46 63
16 1 28 94
16 2 3 15
16 7 1 86
16 8 49 30
16 9 31 99
16 10 20 111
16 11 38 65
16 13 43 51
16 18 7 90
16 20 15 35
16 21 25 36
16 22 34 56
16 25 47 18
16 26 9 100
16 30 55 20
17 2 1 89
17 5 19 43
17 7 45 86
17 9 10 99
17 14 49 118
17 15 57 53
17 17 5 59
17 18 34 74
17 20 25 41
17 21 17 3
17 24 47 19
17 28 7 20
17 30 27 23
17 32 13 63
18 2 56 22
18 3 1 77
18 4 49 106
18 5 32 10
18 6 51 86
18 8 39 117
18 11 28 50
18 12 22 10
18 14 13 75
18 16 17 29
18 18 5 74
18 20 20 35
18 23 10 61
18 29 8 11
18 31 43 34
19 4 39 106
19 5 55 78
19 8 3 73
19 9 31 78
19 11 51 50
19 12 27 67
19 14 8 118
19 17 14 6
19 18 37 90
19 20 41 35
19 23 19 103
19 25 44 18
19 28 58 79
19 29 47 77
19 30 34 9
20 6 49 102
20 8 27 117
20 9 58 99
20 12 15 80
20 14 19 118
20 18 23 90
20 19 9 33
20 20 11 41
20 22 34 76
20 25 13 1
20 26 37 49
20 27 1 110
20 29 32 107
20 32 46 17
21 1 50 94
21 2 7 89
21 5 22 43
21 8 44 30
21 12 56 67
21 13 37 66
21 14 39 118
21 18 16 114
21 19 11 33
21 23 19 67
21 24 14 91
21 27 33 31
21 28 3 79
21 30 28 42
21 32 25 93
22 4 27 106
22 5 9 78
22 8 32 72
22 11 43 65
22 13 1 57
22 15 5 53
22 16 29 29
22 17 41 59
22 18 3 74
22 19 52 16
22 20 39 35
22 21 13 3
22 25 25 18
22 27 15 4
22 31 20 31
23 4 25 15
23 7 37 44
23 8 43 72
23 11 39 64
23 18 47 114
23 19 3 16
23 20 27 41
23 21 5 7
23 23 10 103
23 24 8 39
23 26 14 101
23 27 56 107
23 29 34 11
23 30 22 17
23 31 50 31
24 1 13 15
24 2 33 105
24 3 39 69
24 5 3 84
24 7 1 62
24 9 19 83
24 11 55 50
24 13 17 57
24 18 58 74
24 21 37 36
24 22 9 76
24 24 22 19
24 25 7 62
24 29 49 32
24 30 44 42
25 1 25 94
25 3 32 69
25 4 7 106
25 5 13 107
25 7 16 62
25 13 5 57
25 19 3 33
25 20 44 35
25 21 39 36
25 22 22 96
25 23 46 103
25 24 59 19
25 25 20 34
25 27 50 82
25 32 10 63
26 1 44 15
26 2 26 105
26 5 20 84
26 6 15 97
26 9 55 83
26 11 10 64
26 12 49 17
26 17 53 59
26 19 13 33
26 20 47 64
26 21 7 3
26 27 38 82
26 30 3 9
26 31 31 25
27 5 55 43
27 7 19 86
27 10 9 111
27 11 15 50
27 12 28 80
27 15 21 53
27 17 35 38
27 19 44 16
27 20 23 41
27 22 31 60
27 23 40 103
27 24 25 19
27 29 51 11
27 32 58 93
28 2 20 89
28 4 9 106
28 5 51 43
28 6 45 2
28 12 40 67
28 13 5 66
28 16 31 84
28 18 16 74
28 19 37 61
28 20 1 41
28 21 43 36
28 23 33 61
28 27 57 110
28 29 3 11
28 30 26 9
29 1 49 15
29 2 14 22
29 5 39 78
29 6 7 13
29 7 5 13
29 10 44 111
29 14 27 112
29 19 23 16
29 21 56 36
29 22 58 60
29 23 19 109
29 27 1 4
29 29 25 11
29 31 33 63
29 32 52 93
30 1 8 94
30 2 31 22
30 3 43 47
30 4 47 15
30 8 25 72
30 11 2 50
30 12 38 4
30 15 55 53
30 16 35 29
30 17 41 6
30 20 29 41
30 21 5 3
30 27 13 110
30 28 51 44
30 30 20 9
31 1 45 94
31 6 37 102
31 7 13 86
31 8 7 117
31 9 1 99
31 11 16 64
31 14 31 75
31 18 29 74
31 19 19 61
31 26 25 49
31 27 49 107
31 28 4 20
31 29 57 32
31 31 21 5
32 2 2 105
32 4 11 119
32 6 32 2
32 7 7 28
32 14 56 75
32 15 44 115
32 16 47 42
32 18 19 114
32 19 21 33
32 25 9 1
32 26 37 101
32 28 16 63
32 29 14 32
32 31 26 31
33 1 22 94
33 6 55 102
33 7 25 13
33 8 1 117
33 9 46 99
33 11 32 65
33 15 17 53
33 17 59 7
33 19 20 16
33 20 7 41
33 21 43 3
33 24 27 19
33 30 52 42
33 32 40 93
34 4 43 106
34 5 28 84
34 6 1 2
34 9 25 99
34 13 19 57
34 15 13 53
34 16 22 29
34 17 11 38
34 20 58 35
34 22 34 96
34 25 5 34
34 28 31 44
34 29 16 107
34 30 7 9
34 31 45 31
35 1 50 119
35 4 1 119
35 5 4 43
35 6 25 102
35 7 47 86
35 9 58 83
35 13 11 66
35 17 37 6
35 18 9 114
35 19 17 16
35 22 43 96
35 24 13 109
35 25 7 34
35 26 20 100
35 32 55 63
36 2 38 109
36 3 45 69
36 4 13 106
36 5 20 78
36 6 15 102
36 7 25 86
36 8 9 30
36 13 58 66
36 15 2 53
36 17 43 38
36 20 7 35
36 21 49 7
36 29 55 32
36 32 51 63
37 5 46 10
37 11 55 64
37 16 35 42
37 17 9 38
37 18 13 90
37 19 25 33
37 24 49 109
37 25 11 1
37 26 2 100
37 27 19 82
37 28 31 79
37 29 15 11
37 31 51 25
37 32 58 91
38 1 1 94
38 2 55 105
38 5 15 78
38 6 49 13
38 9 34 83
38 13 23 57
38 15 40 53
38 17 21 59
38 19 53 33
38 21 11 36
38 22 7 60
38 24 4 19
38 28 43 44
38 29 31 77
38 31 25 34
39 4 55 106
39 6 25 2
39 10 15 111
39 12 34 17
39 15 40 39
39 16 59 42
39 17 47 38
39 18 10 74
39 21 21 3
39 23 50 61
39 25 23 18
39 26 2 8
39 28 43 20
39 30 7 23
40 2 21 105
40 4 25 106
40 6 31 102
40 7 27 62
40 8 57 73
40 9 10 83
40 14 39 75
40 16 7 5
40 18 14 74
40 19 45 33
40 20 37 35
40 21 5 36
40 22 52 76
40 26 1 101
40 29 19 11
41 1 4 32
41 4 35 15
41 8 14 72
41 13 37 51
41 15 19 53
41 16 32 29
41 18 2 90
41 22 22 76
41 23 46 61
41 24 57 39
41 26 8 101
41 27 27 110
41 28 39 20
41 30 50 20
42 2 26 22
42 5 7 107
42 11 13 64
42 12 10 49
42 13 49 66
42 16 53 29
42 18 21 74
42 20 51 41
42 22 46 96
42 23 43 61
42 26 56 101
42 28 3 44
42 30 33 23
42 31 38 5
43 4 3 106
43 5 50 78
43 6 37 2
43 7 21 62
43 8 57 72
43 9 43 99
43 19 55 33
43 20 9 41
43 21 19 36
43 23 31 103
43 27 25 82
43 29 53 11
43 31 14 5
44 4 1 106
44 5 34 43
44 6 7 102
44 7 39 13
44 10 51 111
44 12 56 80
44 14 3 112
44 15 41 115
44 18 37 114
44 20 11 35
44 21 46 3
44 25 27 18
44 26 14 100
44 27 19 107
45 3 15 77
45 6 31 86
45 8 9 72
45 9 22 83
45 15 59 53
45 16 49 29
45 19 51 33
45 20 35 35
45 23 56 103
45 24 7 19
45 25 29 1
45 28 25 44
45 29 40 11
45 30 1 23
45 32 43 93
46 2 9 109
46 3 43 77
46 6 21 102
46 7 19 13
46 9 14 99
46 11 1 65
46 12 50 80
46 16 7 29
46 20 56 41
46 22 4 56
46 23 28 103
46 24 31 19
46 25 17 18
46 26 33 100
47 5 56 84
47 8 32 30
47 9 37 99
47 12 3 80
47 13 21 66
47 15 25 115
47 17 1 59
47 18 19 90
47 19 28 33
47 20 17 35
47 21 50 36
47 25 59 18
47 26 13 60
47 30 10 20
47 32 46 93
48 2 39 89
48 3 33 77
48 7 31 13
48 8 49 97
48 12 22 67
48 14 3 75
48 15 16 8
48 17 13 38
48 21 27 3
48 23 7 103
48 24 1 39
48 25 19 1
48 27 43 107
48 28 10 79
48 31 55 5
49 2 1 22
49 3 19 77
49 4 23 106
49 6 49 2
49 7 59 86
49 9 13 83
49 14 9 75
49 15 39 115
49 19 7 16
49 21 29 3
49 23 43 109
49 24 34 19
49 25 37 1
49 28 26 63
49 29 17 11
50 4 5 106
50 5 1 43
50 8 9 73
50 9 19 99
50 11 58 64
50 13 13 57
50 16 37 29
50 17 7 59
50 19 49 33
50 21 53 3
50 22 15 96
50 23 22 103
50 24 28 109
50 30 25 20
51 1 37 15
51 2 56 15
51 5 10 107
51 11 20 65
51 12 46 67
51 13 1 66
51 16 4 29
51 18 35 90
51 24 50 19
51 25 25 1
51 26 31 101
51 28 7 44
51 29 23 11
51 30 14 42
51 32 43 63
52 3 21 69
52 5 16 84
52 6 43 97
52 7 37 13
52 8 51 73
52 9 55 99
52 10 31 111
52 12 28 4
52 14 39 79
52 17 25 38
52 18 7 114
52 21 19 3
52 27 1 31
52 28 58 20
52 29 10 11
53 1 16 94
53 4 21 106
53 9 34 78
53 10 39 111
53 11 26 65
53 13 5 51
53 14 45 118
53 17 1 7
53 18 32 114
53 19 7 33
53 24 57 19
53 25 3 1
53 27 9 4
53 32 52 17
54 1 31 94
54 2 43 105
54 5 25 78
54 6 38 86
54 8 1 30
54 14 56 112
54 15 52 53
54 19 5 33
54 23 19 113
54 24 15 19
54 28 22 20
54 31 9 5
54 32 49 4
55 3 15 69
55 4 19 106
55 6 9 2
55 7 41 13
55 9 28 99
55 12 31 67
55 15 34 53
55 18 52 74
55 20 46 41
55 22 49 96
55 26 21 101
55 27 55 82
55 30 25 42
55 32 2 93
56 2 8 105
56 5 49 84
56 7 23 86
56 9 39 83
56 12 31 80
56 15 37 53
56 18 5 90
56 19 26 16
56 21 47 36
56 22 56 56
56 23 2 109
56 26 43 101
56 27 14 82
56 29 59 11
56 32 19 17
57 2 20 22
57 11 7 64
57 12 58 4
57 14 33 112
57 16 39 29
57 20 5 35
57 21 11 3
57 23 1 61
57 25 41 34
57 27 26 107
57 28 13 44
57 30 49 42
57 31 44 5
57 32 16 95
58 1 10 15
58 2 51 89
58 6 1 102
58 7 49 44
58 11 13 65
58 13 56 51
58 14 19 112
58 20 58 41
58 23 39 61
58 25 5 1
58 26 25 100
58 29 29 11
58 31 31 34
58 32 43 4
59 2 25 89
59 3 56 47
59 6 3 119
59 7 46 62
59 11 52 64
59 12 37 67
59 14 31 95
59 15 44 53
59 18 49 74
59 19 35 16
59 23 13 103
59 25 40 18
59 28 20 44
59 30 16 9
59 31 9 34
60 2 9 22
60 3 49 69
60 4 37 106
60 7 22 73
60 8 3 72
60 9 44 83
60 12 56 49
60 15 33 49
60 17 26 6
60 18 1 74
60 19 53 61
60 20 20 41
60 22 14 56
60 25 17 1
60 28 39 44
61 4 1 15
61 7 43 13
61 8 33 117
61 9 28 78
61 12 37 80
61 14 13 112
61 17 50 38
61 18 8 74
61 19 58 33
61 20 3 35
61 21 17 36
61 25 31 18
61 29 25 77
61 30 45 9
62 2 37 22
62 3 50 77
62 4 11 106
62 5 13 84
62 7 17 13
62 11 44 50
62 14 31 118
62 16 19 29
62 17 5 38
62 21 1 36
62 23 25 61
62 24 55 19
62 25 8 18
62 29 21 11
62 31 57 34
63 4 58 106
63 6 3 86
63 8 37 30
63 9 52 99
63 11 25 50
63 15 47 53
63 17 23 38
63 20 41 101
63 22 14 76
63 23 55 61
63 27 8 110
63 29 44 11
63 30 32 42
63 32 20 93
64 7 1 13
64 8 13 117
64 11 58 50
64 12 34 67
64 13 7 51
64 16 53 84
64 18 11 90
64 19 31 61
64 20 9 35
64 22 45 60
64 23 21 61
64 26 27 60
64 27 37 110
64 30 3 17
65 1 16 15
65 7 33 13
65 8 38 72
65 9 7 99
65 11 19 64
65 16 31 5
65 17 26 59
65 18 23 114
65 19 55 16
65 21 2 3
65 27 45 82
65 28 28 20
65 29 5 11
65 30 51 9
66 1 4 94
66 2 44 22
66 4 1 91
66 5 7 84
66 6 20 2
66 14 49 75
66 17 56 6
66 18 40 114
66 19 38 33
66 20 27 35
66 23 16 61
66 24 14 39
66 28 31 20
66 30 10 9
67 1 40 94
67 3 27 69
67 5 58 78
67 8 43 54
67 15 10 53
67 18 25 74
67 21 31 36
67 24 22 109
67 26 15 115
67 27 2 82
67 28 34 20
67 29 56 11
67 30 37 42
67 31 49 34
67 32 7 93
68 2 33 89
68 5 10 84
68 8 19 117
68 9 52 83
68 12 14 67
68 13 56 66
68 14 27 75
68 18 49 114
68 19 43 33
68 21 25 3
68 22 7 56
68 24 5 109
68 26 45 8
68 29 38 11
68 31 1 34
69 3 2 47
69 4 10 91
69 7 21 13
69 11 31 50
69 16 41 29
69 21 53 36
69 22 7 96
69 23 34 103
69 24 45 19
69 26 49 60
69 27 13 31
69 29 27 11
69 30 56 9
69 31 37 34
70 1 7 32
70 5 37 84
70 6 45 102
70 7 19 73
70 8 49 72
70 12 10 80
70 15 25 53
70 17 2 6
70 21 27 36
70 24 17 19
70 25 23 1
70 26 55 100
70 27 31 82
70 32 13 93
71 4 41 106
71 5 15 43
71 7 53 13
71 8 20 30
71 11 28 64
71 12 31 17
71 13 3 66
71 14 45 75
71 17 11 59
71 20 25 35
71 22 37 96
71 24 43 19
71 28 7 79
71 29 5 107
71 30 56 42
72 3 27 77
72 5 3 78
72 6 56 13
72 7 23 62
72 8 44 73
72 9 34 99
72 11 39 50
72 12 7 49
72 13 17 66
72 17 15 38
72 18 1 114
72 23 50 67
72 27 19 110
72 30 10 42
73 1 7 15
73 2 13 89
73 3 1 69
73 6 45 13
73 8 25 30
73 11 34 50
73 16 43 84
73 18 11 114
73 19 32 16
73 21 58 36
73 24 29 19
73 25 40 1
73 29 5 77
73 30 22 42
73 32 49 93
74 1 13 94
74 5 45 84
74 9 2 83
74 13 7 66
74 15 23 53
74 18 25 114
74 19 5 16
74 20 50 101
74 21 10 7
74 22 52 96
74 24 59 109
74 29 55 77
74 30 40 23
74 31 33 5
75 1 32 15
75 4 52 106
75 7 55 73
75 9 49 99
75 12 44 80
75 14 39 112
75 16 47 29
75 17 9 6
75 19 1 33
75 20 13 35
75 21 15 3
75 22 22 56
75 23 4 61
75 31 26 5
75 32 57 17
76 3 26 47
76 6 55 86
76 7 16 86
76 8 32 73
76 12 7 80
76 14 43 112
76 15 59 39
76 16 53 5
76 17 47 59
76 18 13 114
76 19 19 33
76 24 39 19
76 28 10 44
76 30 4 23
77 2 51 22
77 7 23 44
77 8 13 30
77 9 31 83
77 10 56 111
77 12 25 80
77 18 43 74
77 19 40 33
77 20 34 41
77 22 4 96
77 26 45 100
77 28 1 20
77 29 7 77
77 30 19 20
77 31 9 31
78 2 57 89
78 4 45 106
78 7 7 86
78 9 22 99
78 12 9 67
78 16 55 29
78 17 43 6
78 20 5 41
78 22 26 96
78 23 13 61
78 25 35 1
78 26 51 115
78 28 16 44
78 29 47 11
78 31 1 5
79 1 22 15
79 2 15 109
79 5 25 43
79 7 28 86
79 8 56 30
79 11 7 65
79 17 2 38
79 20 37 64
79 22 10 60
79 24 46 109
79 27 49 110
79 28 39 63
79 30 31 9
79 32 34 93
80 2 55 109
80 4 31 106
80 5 34 84
80 7 1 44
80 9 16 83
80 11 51 65
80 12 43 67
80 13 59 94
80 14 26 118
80 15 22 115
80 24 20 19
80 29 49 11
80 30 3 42
80 32 10 93
Điểm tối ưu: 1158
Thời gian: 180.016502 giây
Trạng thái: VALID
