159
1 1 1 1
1 2 37 2
1 3 49 28
1 4 7 10
1 5 55 9
1 6 3 13
1 8 59 1
1 9 51 16
1 10 5 7
2 1 7 1
2 2 13 2
2 3 9 28
2 6 17 13
2 7 26 26
2 8 51 13
2 9 55 7
2 10 53 7
3 1 17 1
3 2 43 2
3 3 3 28
3 5 49 9
3 6 1 13
3 7 7 26
3 8 29 1
3 9 13 16
3 10 19 7
4 1 9 1
4 3 1 28
4 4 13 10
4 5 31 9
4 6 11 13
4 7 19 26
4 8 45 28
4 10 3 7
5 1 3 1
5 2 55 2
5 3 23 28
5 6 7 13
5 7 31 26
5 8 41 28
5 9 9 16
5 10 21 7
6 1 27 1
6 2 2 2
6 3 33 28
6 5 7 9
6 6 31 13
6 7 43 13
6 8 47 28
6 9 19 16
6 10 11 7
7 1 11 1
7 3 17 28
7 4 1 10
7 5 19 9
7 6 9 13
7 8 51 28
7 9 39 7
7 10 7 7
8 1 15 1
8 2 7 2
8 3 13 28
8 4 51 10
8 6 5 13
8 8 59 28
8 9 55 16
8 10 17 7
9 1 5 1
9 3 7 28
9 5 45 9
9 6 29 13
9 8 53 13
9 9 49 7
9 10 1 7
10 1 57 1
10 2 25 2
10 3 31 28
10 4 37 10
10 5 14 9
10 6 35 13
10 7 1 26
10 8 47 13
10 10 9 7
11 1 32 1
11 3 5 28
11 4 19 10
11 6 25 13
11 7 37 26
11 8 11 28
11 9 43 16
11 10 23 7
12 1 13 1
12 2 20 2
12 3 15 28
12 6 27 13
12 8 49 13
12 9 31 16
12 10 37 7
13 1 19 1
13 3 21 28
13 4 55 10
13 6 23 13
13 8 43 28
13 9 25 16
13 10 31 7
14 1 25 1
14 3 27 28
14 5 43 1
14 6 39 13
14 8 55 28
14 10 13 7
15 1 23 1
15 2 49 2
15 3 39 28
15 5 1 9
15 6 13 13
15 8 57 28
15 10 33 7
16 1 49 1
16 2 31 2
16 3 35 28
16 4 43 10
16 5 37 9
16 6 41 13
16 7 55 13
16 8 59 13
16 10 47 7
17 1 21 1
17 3 19 28
17 5 26 9
17 6 33 13
17 7 43 26
17 9 37 16
17 10 15 7
18 1 47 1
18 3 37 28
18 5 39 1
18 6 19 13
18 7 13 26
18 8 55 1
18 9 27 7
18 10 25 7
19 1 37 1
19 3 29 28
19 4 25 10
19 6 21 13
19 7 49 26
19 8 53 28
19 9 2 16
19 10 35 7
20 1 35 1
20 3 25 28
20 4 31 10
20 5 51 1
20 6 37 13
20 7 55 26
20 8 15 13
20 9 43 7
20 10 59 7
Điểm tối ưu: 159
Thời gian: 20.005895 giây
Trạng thái: VALID
