1125
1 1 51 103
1 11 4 13
1 12 49 43
1 13 57 19
1 14 25 51
1 17 45 48
1 18 35 53
1 19 23 41
1 23 32 8
1 27 55 18
1 28 2 117
1 29 8 95
1 30 19 84
1 31 15 44
1 32 38 97
2 1 25 103
2 4 31 66
2 5 8 34
2 8 35 72
2 10 46 81
2 11 55 106
2 13 37 62
2 14 20 47
2 15 14 96
2 16 1 43
2 21 11 31
2 25 39 74
2 30 52 107
2 32 49 97
3 3 2 111
3 5 4 34
3 6 35 83
3 12 15 120
3 14 31 77
3 16 9 82
3 17 55 48
3 25 51 39
3 30 37 93
3 31 20 90
3 32 27 106
4 1 25 109
4 2 16 11
4 3 51 42
4 6 46 83
4 9 33 4
4 10 5 81
4 18 11 53
4 21 31 31
4 23 53 8
4 24 7 59
4 26 57 52
4 27 22 57
4 28 40 117
4 30 13 93
5 3 59 111
5 5 50 108
5 6 41 83
5 7 20 15
5 10 45 46
5 11 7 13
5 13 35 19
5 14 25 77
5 17 32 79
5 19 1 30
5 25 37 80
5 27 4 57
5 28 16 102
5 29 55 95
6 3 22 42
6 4 34 66
6 5 5 95
6 8 49 9
6 9 44 116
6 10 3 46
6 14 38 47
6 15 1 38
6 16 51 88
6 17 19 79
6 21 57 31
6 23 16 8
6 28 25 117
6 30 7 107
7 3 13 42
7 5 53 87
7 6 51 83
7 9 8 4
7 13 31 22
7 14 20 51
7 17 1 48
7 24 25 58
7 25 45 69
7 26 38 49
7 27 43 57
7 29 15 108
7 30 55 93
7 32 34 97
8 8 9 32
8 9 43 85
8 10 34 81
8 12 19 120
8 13 59 19
8 17 4 48
8 20 11 89
8 21 21 98
8 23 40 111
8 25 25 76
8 26 13 52
8 27 52 57
8 30 56 107
8 32 49 116
9 1 7 21
9 2 11 25
9 6 3 83
9 7 14 15
9 9 45 4
9 13 39 22
9 15 43 112
9 18 33 53
9 19 35 30
9 25 27 39
9 27 51 18
9 29 55 114
9 31 19 44
10 1 43 21
10 3 58 42
10 10 33 46
10 12 55 120
10 14 7 77
10 15 13 38
10 16 15 88
10 18 50 53
10 19 11 41
10 21 25 31
10 26 2 52
10 29 27 54
10 30 22 84
10 32 37 106
11 2 44 40
11 5 26 108
11 6 7 83
11 9 39 116
11 10 13 46
11 11 31 13
11 13 21 22
11 15 5 112
11 17 9 79
11 19 28 41
11 21 19 31
11 26 15 63
11 29 49 114
11 30 1 107
12 4 52 66
12 5 44 34
12 8 32 72
12 9 13 67
12 11 37 91
12 12 11 55
12 13 47 19
12 16 39 88
12 18 22 68
12 21 3 98
12 23 19 25
12 24 7 58
12 29 25 56
12 30 49 93
12 32 57 106
13 2 16 25
13 7 1 74
13 8 11 32
13 9 27 4
13 10 53 46
13 11 50 13
13 12 32 55
13 16 3 99
13 18 45 53
13 19 14 41
13 22 37 37
13 23 23 111
13 25 19 76
13 26 7 63
14 4 49 66
14 5 19 36
14 7 52 74
14 11 35 91
14 12 3 55
14 13 7 22
14 14 57 51
14 17 39 79
14 18 43 53
14 20 29 89
14 21 16 31
14 23 26 111
14 28 45 117
14 30 13 107
15 1 28 109
15 2 35 11
15 5 1 36
15 7 51 15
15 9 21 85
15 11 19 91
15 12 55 39
15 14 39 14
15 18 13 53
15 22 8 60
15 27 47 57
15 28 32 102
15 30 58 93
16 2 2 25
16 3 31 42
16 11 49 91
16 13 37 22
16 16 27 88
16 17 55 68
16 18 58 53
16 21 7 31
16 22 19 60
16 26 45 49
16 27 25 57
16 28 34 117
16 29 39 61
16 32 52 116
17 1 51 109
17 3 33 42
17 5 41 34
17 6 37 83
17 7 22 65
17 8 1 72
17 14 13 51
17 16 57 82
17 18 4 53
17 23 19 8
17 27 44 18
17 30 7 84
17 32 28 97
18 1 8 109
18 2 41 115
18 5 59 34
18 11 53 91
18 14 31 14
18 15 47 84
18 16 19 99
18 17 13 48
18 19 44 41
18 21 11 87
18 24 2 59
18 28 49 117
18 29 37 108
19 1 46 109
19 2 9 11
19 7 50 65
19 9 3 28
19 10 13 81
19 11 52 13
19 15 17 96
19 17 43 68
19 18 15 53
19 21 35 31
19 24 38 59
19 26 21 63
19 27 1 18
19 29 57 61
19 30 31 84
20 1 32 21
20 2 43 11
20 7 9 15
20 8 7 32
20 10 11 46
20 12 5 55
20 14 1 51
20 15 56 7
20 16 49 99
20 18 21 53
20 21 45 31
20 23 37 25
20 24 13 58
20 25 39 39
20 27 26 18
21 3 49 42
21 4 7 66
21 8 15 32
21 11 43 13
21 13 4 19
21 16 45 82
21 17 34 48
21 18 2 53
21 19 37 41
21 21 51 31
21 23 13 8
21 28 22 117
21 29 26 114
21 30 19 93
22 1 46 21
22 2 29 115
22 5 3 95
22 6 11 83
22 8 58 32
22 10 43 46
22 11 17 91
22 15 41 38
22 16 13 62
22 18 7 53
22 20 1 89
22 21 22 31
22 26 33 63
22 27 5 18
22 28 31 52
23 3 29 111
23 6 17 83
23 8 39 72
23 10 5 46
23 11 44 91
23 12 1 120
23 14 51 14
23 17 26 48
23 18 3 68
23 19 49 41
23 25 55 76
23 30 9 93
23 31 31 12
24 1 33 109
24 2 58 115
24 3 7 111
24 4 40 66
24 6 55 83
24 7 9 74
24 11 11 13
24 12 22 55
24 14 2 14
24 16 25 82
24 17 37 48
24 18 20 68
24 19 17 30
24 28 14 102
25 1 56 21
25 3 43 42
25 5 59 95
25 9 31 85
25 11 51 91
25 12 1 55
25 19 53 41
25 22 7 37
25 23 20 111
25 24 3 58
25 27 14 18
25 30 38 84
25 31 45 44
25 32 25 97
26 2 35 40
26 3 9 42
26 5 23 87
26 10 1 46
26 12 28 55
26 13 41 19
26 15 51 7
26 16 19 43
26 17 43 79
26 19 55 30
26 20 7 89
26 26 15 49
26 31 3 90
26 32 58 97
27 1 50 21
27 4 55 66
27 5 11 36
27 8 5 32
27 9 37 28
27 11 23 91
27 13 25 22
27 15 19 96
27 16 43 43
27 17 7 48
27 21 29 31
27 24 33 58
27 27 13 57
27 29 15 61
27 32 2 106
28 1 16 103
28 4 37 66
28 5 41 36
28 7 8 65
28 8 26 9
28 14 45 51
28 20 31 89
28 21 5 87
28 23 28 8
28 24 21 58
28 25 1 69
28 26 57 49
28 29 33 108
28 30 13 84
28 31 51 44
29 1 56 109
29 5 21 108
29 12 5 43
29 13 11 19
29 14 31 51
29 16 25 62
29 17 2 79
29 20 51 89
29 21 29 87
29 28 9 117
29 29 37 114
29 30 44 107
29 31 13 12
30 1 3 109
30 2 22 25
30 3 11 111
30 6 59 83
30 10 15 81
30 11 34 13
30 13 13 19
30 19 51 30
30 20 39 89
30 21 8 87
30 22 55 60
30 26 44 63
30 27 49 18
30 28 20 102
30 31 25 12
31 2 57 11
31 5 23 108
31 6 27 83
31 7 13 65
31 8 38 32
31 9 15 116
31 13 29 22
31 15 5 96
31 17 10 48
31 20 43 89
31 27 32 57
31 28 51 80
31 30 46 93
31 31 19 12
32 1 1 103
32 5 49 36
32 7 39 65
32 12 37 55
32 13 41 22
32 16 55 88
32 19 46 41
32 25 14 76
32 28 51 117
32 31 9 12
32 32 25 116
33 1 32 103
33 2 7 115
33 5 1 95
33 9 49 67
33 10 16 46
33 14 9 51
33 15 20 119
33 16 3 88
33 17 22 79
33 18 47 53
33 19 41 30
33 24 55 58
33 29 25 61
33 30 37 107
34 1 33 34
34 3 55 42
34 4 13 66
34 5 28 34
34 8 11 9
34 9 1 4
34 10 40 46
34 12 46 120
34 13 5 22
34 19 7 30
34 25 20 80
34 26 50 63
34 28 26 102
35 2 9 40
35 5 17 36
35 8 28 32
35 13 1 19
35 16 13 82
35 20 5 89
35 21 47 31
35 23 26 8
35 26 31 49
35 27 20 18
35 28 55 98
35 31 43 90
36 1 22 34
36 3 45 111
36 5 43 36
36 6 31 83
36 7 17 15
36 9 37 85
36 11 2 13
36 14 13 14
36 16 33 43
36 19 28 30
36 23 47 8
36 26 57 63
36 27 41 18
36 30 10 107
36 31 51 90
37 1 28 103
37 3 41 42
37 5 7 36
37 6 53 83
37 9 9 85
37 10 32 81
37 11 55 13
37 13 13 22
37 17 16 48
37 18 5 68
37 21 39 98
37 25 44 74
37 28 59 117
37 32 2 116
38 2 4 11
38 5 9 36
38 6 57 83
38 7 1 65
38 10 25 46
38 11 19 13
38 17 46 79
38 20 55 89
38 25 15 80
38 26 37 52
38 27 28 18
38 28 23 52
38 29 33 61
38 30 52 93
39 3 27 42
39 4 58 66
39 6 22 83
39 7 3 15
39 8 43 72
39 11 31 91
39 13 55 19
39 15 5 33
39 21 38 87
39 23 45 8
39 26 51 52
39 27 34 18
39 30 16 93
39 31 8 90
39 32 40 106
40 5 47 95
40 8 34 9
40 9 25 67
40 11 23 13
40 12 13 55
40 13 43 22
40 14 19 14
40 19 32 30
40 20 15 89
40 23 38 8
40 26 1 63
40 30 49 107
40 31 7 44
41 2 16 115
41 3 4 42
41 9 20 67
41 10 8 46
41 11 14 91
41 12 31 120
41 14 51 47
41 16 55 35
41 21 38 31
41 22 26 60
41 23 49 8
41 24 43 58
41 26 33 52
41 27 2 57
41 28 10 102
42 2 17 40
42 5 5 36
42 8 15 9
42 9 9 67
42 13 7 19
42 16 49 82
42 18 53 53
42 19 2 41
42 21 59 87
42 23 34 8
42 25 38 76
42 26 26 52
42 28 19 117
42 30 21 107
42 32 31 106
43 5 20 34
43 7 1 15
43 9 55 4
43 10 25 81
43 11 33 91
43 12 8 120
43 13 27 22
43 14 49 51
43 16 14 43
43 19 10 30
43 20 53 89
43 21 3 87
43 28 5 102
43 29 45 114
43 31 38 44
44 1 21 103
44 3 25 42
44 5 52 36
44 6 44 83
44 8 13 32
44 12 41 120
44 15 7 96
44 19 3 30
44 20 35 89
44 21 59 31
44 25 55 69
44 28 5 117
44 31 37 12
44 32 10 106
45 1 37 103
45 2 10 115
45 3 33 111
45 5 19 87
45 7 59 65
45 8 8 72
45 9 27 85
45 13 49 22
45 16 43 99
45 19 5 41
45 20 13 89
45 21 2 31
45 29 15 114
45 32 52 97
46 1 14 109
46 5 7 108
46 8 23 32
46 10 17 81
46 11 40 13
46 13 29 62
46 15 38 7
46 20 59 89
46 22 2 37
46 25 25 69
46 26 9 52
46 28 52 98
46 29 19 61
46 30 32 93
47 1 14 21
47 5 39 95
47 7 17 65
47 9 44 28
47 10 2 81
47 12 25 39
47 17 28 79
47 19 19 41
47 21 4 31
47 22 21 37
47 25 31 69
47 27 8 18
47 28 10 80
47 30 57 84
48 1 37 109
48 2 34 115
48 7 23 15
48 12 1 39
48 15 3 96
48 16 7 43
48 18 13 68
48 19 43 30
48 21 46 98
48 25 15 39
48 26 50 49
48 27 11 57
48 30 26 93
48 32 55 97
49 2 11 11
49 4 19 66
49 5 45 36
49 9 57 116
49 12 35 55
49 16 37 43
49 21 41 31
49 22 14 37
49 23 55 8
49 24 51 58
49 26 26 63
49 28 23 102
49 30 4 107
49 31 31 90
49 32 1 97
50 1 8 103
50 3 11 42
50 9 43 67
50 11 41 91
50 12 29 120
50 13 19 19
50 15 39 33
50 16 32 82
50 17 51 48
50 18 17 53
50 20 27 89
50 22 56 37
50 23 21 8
50 32 13 97
51 2 11 40
51 4 28 66
51 9 7 116
51 11 21 13
51 13 46 22
51 14 39 51
51 15 2 33
51 17 31 48
51 20 19 89
51 21 43 31
51 23 4 8
51 25 51 76
51 28 58 102
51 29 15 56
52 1 20 21
52 2 13 115
52 5 10 34
52 6 25 83
52 9 15 28
52 13 56 22
52 14 45 12
52 16 37 35
52 17 52 79
52 22 27 37
52 30 1 84
52 31 31 44
53 1 26 21
53 3 16 111
53 8 1 9
53 9 32 28
53 12 5 56
53 14 45 47
53 17 57 79
53 18 7 68
53 19 21 41
53 20 41 89
53 21 9 31
53 25 50 62
53 27 3 18
53 28 29 117
54 1 43 103
54 2 19 115
54 5 55 108
54 7 47 15
54 9 1 85
54 10 58 81
54 11 5 91
54 14 8 14
54 15 15 33
54 19 49 30
54 22 32 37
54 24 26 59
54 25 21 39
54 26 37 63
54 27 41 57
55 2 55 40
55 6 13 83
55 9 3 67
55 11 19 106
55 12 9 55
55 14 15 77
55 15 11 33
55 16 21 88
55 20 33 89
55 21 53 31
55 25 25 74
55 27 50 57
55 28 1 102
55 32 43 106
56 1 10 21
56 2 28 11
56 3 1 42
56 4 25 66
56 9 31 67
56 10 23 46
56 11 39 91
56 13 3 22
56 17 49 79
56 20 57 89
56 24 19 59
56 26 43 52
56 28 14 117
56 30 16 84
56 32 7 106
57 1 56 103
57 3 53 42
57 6 29 83
57 7 3 65
57 9 25 28
57 11 9 13
57 15 31 96
57 16 33 88
57 19 14 30
57 22 44 37
57 23 1 8
57 24 49 59
57 27 59 18
57 30 40 107
57 32 21 97
58 1 4 103
58 2 25 115
58 5 47 36
58 7 53 65
58 9 37 4
58 10 21 46
58 14 8 47
58 18 55 53
58 19 41 41
58 30 1 93
58 31 57 90
58 32 31 97
59 2 25 11
59 3 16 42
59 5 3 36
59 6 49 83
59 9 19 28
59 10 23 81
59 11 8 91
59 12 35 120
59 16 57 99
59 18 28 53
59 19 31 41
59 23 14 111
59 29 51 56
59 30 43 84
59 31 37 90
60 2 37 11
60 9 13 4
60 11 49 106
60 13 51 22
60 15 7 119
60 17 34 68
60 18 9 53
60 19 5 30
60 20 21 89
60 22 45 60
60 27 57 18
60 28 17 117
60 30 40 93
60 31 1 12
61 1 40 109
61 2 5 115
61 3 47 42
61 4 16 66
61 5 32 36
61 6 9 83
61 7 25 65
61 8 2 32
61 10 29 46
61 12 35 14
61 15 59 119
61 19 22 30
61 21 7 98
61 25 43 76
61 32 51 106
62 2 5 40
62 3 7 42
62 6 1 83
62 9 56 67
62 10 53 81
62 14 33 47
62 15 17 7
62 16 25 99
62 17 13 79
62 20 3 89
62 25 21 69
62 27 11 18
62 28 38 102
62 29 43 88
62 30 50 84
63 1 13 103
63 4 22 66
63 7 5 15
63 8 44 32
63 9 49 28
63 10 28 81
63 11 57 91
63 12 41 55
63 13 53 22
63 15 1 96
63 20 37 89
63 25 31 76
63 27 20 57
63 29 9 114
63 30 16 107
64 1 46 103
64 3 37 42
64 4 4 66
64 5 1 87
64 6 39 83
64 7 7 15
64 8 17 32
64 13 59 22
64 15 25 33
64 16 55 43
64 25 9 76
64 27 28 57
64 28 50 102
64 32 21 106
65 1 22 109
65 2 1 11
65 7 56 65
65 8 25 32
65 11 47 13
65 13 19 22
65 14 3 47
65 17 40 48
65 18 38 68
65 19 17 41
65 21 14 31
65 25 51 69
65 28 7 117
65 29 9 61
65 30 43 93
66 1 40 103
66 5 1 108
66 9 19 116
66 10 10 81
66 11 55 91
66 12 49 55
66 13 23 22
66 16 33 99
66 17 58 48
66 19 53 30
66 20 25 89
66 21 27 31
66 24 13 59
66 29 3 114
66 32 46 106
67 2 7 11
67 3 19 42
67 4 1 66
67 5 44 108
67 8 4 72
67 9 50 4
67 11 21 91
67 13 35 22
67 17 25 79
67 19 9 41
67 23 11 8
67 25 37 69
67 28 29 102
67 29 57 108
67 32 16 97
68 1 1 34
68 5 45 95
68 6 5 83
68 7 19 65
68 9 8 28
68 11 17 13
68 14 25 14
68 15 13 7
68 16 38 99
68 20 23 89
68 25 32 80
68 27 15 57
68 31 56 12
69 2 39 115
69 3 5 111
69 6 33 83
69 9 20 4
69 12 3 120
69 14 57 47
69 15 41 119
69 16 13 99
69 20 9 89
69 21 49 31
69 29 51 61
69 31 27 44
69 32 45 97
70 1 38 21
70 3 35 42
70 5 13 36
70 6 20 83
70 8 4 9
70 11 1 91
70 14 25 47
70 15 31 112
70 16 7 99
70 17 22 48
70 20 49 89
70 25 45 39
70 27 58 57
70 28 11 117
70 32 15 106
71 1 38 34
71 5 13 34
71 8 57 72
71 11 26 91
71 12 7 55
71 13 33 22
71 16 3 82
71 18 31 53
71 20 45 89
71 21 21 87
71 22 50 60
71 25 9 39
71 28 43 117
71 29 15 54
72 2 7 40
72 3 53 111
72 5 15 36
72 16 20 82
72 19 38 30
72 20 47 89
72 21 55 31
72 22 32 60
72 27 17 57
72 28 57 117
72 29 43 61
72 30 26 84
72 31 49 12
72 32 4 97
73 1 19 109
73 2 23 11
73 3 9 111
73 8 14 72
73 9 51 19
73 11 29 13
73 15 47 112
73 17 16 68
73 22 37 60
73 23 41 8
73 26 25 49
73 29 1 61
73 30 34 107
73 31 55 44
74 3 45 42
74 5 27 36
74 8 53 32
74 10 21 81
74 11 13 106
74 13 11 63
74 15 2 112
74 16 37 82
74 21 41 87
74 28 7 102
74 30 4 93
74 31 15 90
74 32 34 106
75 4 46 66
75 5 13 108
75 7 53 15
75 13 16 22
75 16 9 88
75 18 40 53
75 19 7 41
75 21 50 98
75 23 43 8
75 24 56 59
75 26 19 52
75 27 37 18
75 28 34 102
75 30 26 107
75 31 1 44
76 2 47 11
76 3 39 42
76 4 10 66
76 8 45 72
76 9 49 85
76 10 59 46
76 15 7 33
76 18 19 53
76 19 26 30
76 20 17 89
76 22 13 60
76 24 33 59
76 26 21 49
76 27 31 18
76 30 4 84
77 1 2 21
77 2 20 11
77 8 25 72
77 11 13 13
77 12 58 120
77 15 5 38
77 16 27 43
77 18 37 53
77 22 51 37
77 24 43 59
77 27 16 18
77 29 33 114
77 32 8 97
78 2 53 40
78 3 29 42
78 7 46 65
78 9 56 28
78 12 20 55
78 13 1 22
78 15 41 33
78 17 16 79
78 18 23 53
78 21 13 87
78 22 3 60
78 26 8 49
78 27 38 57
78 29 49 95
79 1 55 34
79 4 43 66
79 7 29 15
79 8 31 9
79 11 5 106
79 12 17 55
79 13 10 22
79 14 13 47
79 15 23 96
79 18 26 53
79 23 8 8
79 24 39 58
79 26 1 49
79 28 46 102
79 29 19 114
80 1 43 109
80 6 15 83
80 7 55 15
80 8 37 72
80 9 57 85
80 10 8 81
80 11 11 91
80 12 17 120
80 17 19 48
80 18 1 68
80 21 33 31
80 28 13 98
80 29 3 108
80 30 22 93
80 31 25 90
Điểm tối ưu: 1125
Thời gian: 180.001218 giây
Trạng thái: VALID
