1421
1 1 1 106
1 5 51 23
1 7 26 17
1 8 17 44
1 10 39 68
1 11 37 103
1 12 29 26
1 17 43 21
1 18 7 123
1 23 20 91
1 28 31 111
1 30 5 85
1 32 10 8
1 37 34 77
1 38 13 127
2 4 11 81
2 5 7 23
2 10 37 71
2 11 47 145
2 15 13 107
2 16 16 9
2 17 43 2
2 21 25 29
2 27 27 98
2 28 4 134
2 30 20 85
2 32 1 8
2 36 50 72
2 39 39 75
3 1 8 106
3 6 31 95
3 7 19 17
3 8 17 34
3 11 25 58
3 12 5 26
3 13 14 66
3 14 28 62
3 17 49 79
3 21 33 88
3 22 35 138
3 24 37 145
3 26 43 104
3 33 22 121
3 38 1 127
4 2 7 41
4 3 1 132
4 4 5 15
4 5 37 23
4 6 17 95
4 10 19 71
4 11 11 139
4 18 21 123
4 20 3 116
4 24 43 145
4 26 26 125
4 28 13 48
4 35 31 136
4 39 50 117
5 2 13 41
5 6 26 95
5 13 4 66
5 14 22 62
5 16 11 9
5 17 44 86
5 18 1 123
5 19 28 78
5 21 17 40
5 24 55 135
5 25 8 92
5 27 52 98
5 33 49 140
5 37 19 77
6 5 13 23
6 8 11 44
6 9 1 46
6 10 35 71
6 15 22 107
6 19 41 78
6 20 5 116
6 24 31 139
6 25 19 60
6 26 37 104
6 27 17 98
6 34 28 69
6 37 25 77
6 38 7 127
6 39 43 112
7 1 13 106
7 3 3 132
7 8 23 44
7 11 17 139
7 16 7 9
7 21 29 40
7 24 38 135
7 25 19 92
7 27 32 98
7 28 10 111
7 30 1 85
7 31 25 37
7 36 44 72
7 39 56 5
7 40 5 5
8 2 19 41
8 4 13 81
8 5 25 23
8 6 29 16
8 11 2 145
8 13 7 66
8 16 10 54
8 18 15 123
8 19 23 126
8 23 31 91
8 24 45 139
8 25 37 92
8 26 49 125
8 32 4 8
8 36 40 143
9 1 19 106
9 6 15 95
9 11 17 103
9 13 1 66
9 14 25 62
9 16 13 54
9 19 33 126
9 20 4 84
9 21 23 88
9 22 31 138
9 25 8 60
9 26 43 125
9 32 40 8
9 35 28 147
9 40 11 28
10 1 26 106
10 2 31 41
10 3 5 132
10 11 35 139
10 14 16 62
10 21 23 40
10 22 37 138
10 25 7 25
10 27 39 98
10 31 55 37
10 33 10 121
10 34 1 69
10 35 13 136
10 38 19 127
10 40 3 28
11 1 31 106
11 3 7 132
11 4 29 55
11 7 22 17
11 11 35 145
11 12 17 26
11 13 10 66
11 19 43 126
11 22 40 138
11 23 25 91
11 25 1 60
11 29 19 89
11 32 14 8
11 33 37 140
11 34 4 69
12 12 22 26
12 14 19 62
12 17 43 42
12 19 41 133
12 20 1 84
12 22 25 138
12 24 31 145
12 25 3 92
12 28 13 134
12 30 10 85
12 31 37 93
12 32 7 8
12 34 35 69
12 36 27 143
12 40 17 127
13 1 37 106
13 2 26 41
13 4 16 15
13 6 10 95
13 10 41 71
13 18 4 123
13 20 1 116
13 22 22 138
13 24 43 135
13 25 13 60
13 26 31 125
13 33 7 140
13 36 57 143
13 39 49 95
13 40 20 28
14 2 37 41
14 5 2 23
14 6 22 95
14 7 7 17
14 8 11 34
14 15 19 107
14 16 17 54
14 17 31 86
14 22 50 138
14 30 13 85
14 31 43 37
14 33 55 140
14 36 58 72
14 38 25 127
14 40 15 28
15 1 44 106
15 2 1 41
15 11 41 145
15 16 5 54
15 17 56 86
15 18 10 123
15 19 17 126
15 23 13 91
15 26 31 104
15 28 22 48
15 29 7 19
15 32 19 8
15 33 25 121
15 36 37 143
15 39 50 52
16 1 49 106
16 7 4 17
16 8 31 34
16 12 11 26
16 13 19 66
16 16 22 9
16 17 55 33
16 19 59 78
16 20 9 84
16 21 17 29
16 25 13 92
16 26 26 104
16 27 34 98
16 33 1 140
16 34 7 69
17 1 55 106
17 2 43 41
17 6 14 30
17 9 1 96
17 11 21 58
17 16 19 9
17 20 7 116
17 25 4 60
17 29 10 19
17 30 16 85
17 33 50 121
17 36 25 13
17 38 32 127
17 39 37 52
17 40 23 127
18 2 49 41
18 7 13 17
18 9 4 46
18 10 55 131
18 19 41 126
18 23 7 149
18 24 32 135
18 27 29 98
18 29 1 19
18 30 26 85
18 32 22 8
18 33 16 121
18 35 19 147
18 39 37 5
18 40 11 5
19 2 55 41
19 6 46 30
19 8 5 44
19 10 32 71
19 11 20 145
19 13 22 66
19 15 10 107
19 21 27 29
19 22 16 138
19 23 1 32
19 27 25 98
19 28 7 111
19 36 34 72
19 37 13 77
19 38 37 127
20 3 9 132
20 4 7 15
20 6 19 95
20 9 4 96
20 11 22 103
20 12 32 26
20 13 25 66
20 14 13 62
20 19 34 78
20 20 11 116
20 24 49 145
20 28 1 141
20 31 37 37
20 37 16 77
21 4 27 81
21 6 39 95
21 8 44 44
21 11 5 103
21 17 49 2
21 20 7 84
21 21 11 40
21 23 13 149
21 24 56 145
21 27 37 98
21 28 19 134
21 30 22 85
21 34 9 69
21 37 31 77
21 38 1 74
22 3 11 132
22 6 37 95
22 8 15 44
22 10 28 71
22 12 1 148
22 15 7 107
22 16 35 54
22 18 25 123
22 20 13 84
22 24 19 135
22 27 55 98
22 31 31 93
22 33 4 140
22 39 43 5
23 7 10 17
23 9 7 46
23 11 25 103
23 12 17 148
23 13 31 66
23 16 37 54
23 18 28 123
23 21 39 29
23 22 20 128
23 25 1 25
23 28 4 111
23 30 34 85
23 31 13 37
23 37 22 77
23 39 43 117
24 3 14 132
24 6 59 16
24 7 56 17
24 8 39 44
24 9 10 46
24 11 35 103
24 13 28 66
24 15 16 107
24 18 32 123
24 23 1 149
24 26 19 125
24 27 47 102
24 30 7 85
24 35 25 136
24 39 43 75
25 3 16 132
25 4 31 81
25 5 20 23
25 8 13 34
25 9 7 96
25 11 5 139
25 12 11 148
25 15 26 107
25 19 37 133
25 21 29 88
25 26 39 125
25 27 50 98
25 30 3 85
25 36 33 13
25 40 1 5
26 1 1 27
26 5 31 23
26 8 19 34
26 9 13 46
26 17 49 86
26 18 37 123
26 19 25 78
26 22 45 138
26 23 7 32
26 26 55 125
26 29 16 19
26 30 28 85
26 34 11 69
26 36 22 143
26 40 5 28
27 3 19 132
27 4 37 55
27 5 43 23
27 7 16 17
27 8 13 44
27 14 4 62
27 17 55 42
27 18 40 123
27 20 9 116
27 27 47 98
27 31 31 37
27 32 25 8
27 33 1 121
27 37 49 77
27 39 21 5
28 4 34 55
28 5 55 23
28 7 31 17
28 10 11 131
28 11 13 139
28 12 23 106
28 15 4 107
28 18 43 123
28 21 19 29
28 22 1 128
28 25 16 92
28 32 28 8
28 36 25 72
28 37 8 77
28 38 37 74
29 1 7 27
29 5 1 109
29 7 52 17
29 10 22 71
29 12 29 46
29 14 37 62
29 18 46 123
29 20 11 84
29 25 16 60
29 31 25 93
29 32 31 8
29 36 13 13
29 39 55 52
29 40 5 115
30 1 13 27
30 4 21 81
30 6 19 30
30 8 26 34
30 13 34 66
30 17 45 33
30 18 49 123
30 22 43 138
30 24 38 139
30 28 7 141
30 29 4 19
30 33 10 140
30 34 17 69
30 37 28 77
30 39 56 75
31 3 21 132
31 7 34 17
31 10 19 131
31 14 1 62
31 16 37 9
31 19 11 133
31 24 55 139
31 26 15 125
31 27 45 98
31 33 4 121
31 35 25 147
31 37 39 77
31 38 7 74
31 39 50 112
31 40 13 115
32 3 26 132
32 5 1 12
32 7 40 17
32 9 10 96
32 10 5 71
32 11 15 58
32 12 7 148
32 13 37 66
32 30 57 85
32 31 49 93
32 32 34 8
32 34 13 69
32 35 21 136
32 36 31 143
33 1 33 27
33 4 25 81
33 5 7 12
33 8 1 34
33 9 16 46
33 10 3 71
33 14 40 62
33 15 44 107
33 20 13 116
33 30 31 85
33 31 50 37
33 32 37 8
33 33 21 140
33 34 19 69
33 36 28 72
34 1 20 27
34 3 28 132
34 5 7 109
34 8 37 44
34 11 53 58
34 12 59 26
34 14 50 62
34 15 34 107
34 17 39 21
34 19 5 78
34 20 17 84
34 26 1 104
34 33 31 140
34 37 43 77
34 38 13 74
35 1 25 27
35 4 13 55
35 7 43 17
35 8 35 34
35 9 19 46
35 14 10 62
35 16 33 9
35 19 37 126
35 22 59 138
35 23 50 91
35 26 15 104
35 27 41 98
35 28 1 111
35 33 7 121
35 37 4 77
36 1 57 27
36 5 19 12
36 12 5 148
36 15 31 107
36 20 15 116
36 21 10 88
36 28 28 111
36 29 25 19
36 30 37 85
36 33 39 121
36 34 43 69
36 35 7 147
36 38 45 127
36 39 49 75
36 40 3 5
37 1 43 27
37 6 41 30
37 14 31 62
37 15 37 107
37 17 55 79
37 20 17 116
37 21 13 29
37 23 19 149
37 29 49 89
37 31 7 37
37 34 15 69
37 36 1 143
37 37 52 77
37 39 25 5
37 40 5 127
38 1 37 27
38 4 25 55
38 6 3 30
38 8 29 34
38 11 17 58
38 13 43 66
38 14 7 62
38 16 32 54
38 21 27 88
38 22 57 138
38 25 14 25
38 26 20 104
38 35 10 136
38 36 46 13
38 40 1 28
39 1 49 27
39 4 25 15
39 7 37 17
39 10 5 131
39 11 7 103
39 12 57 26
39 20 15 84
39 24 27 135
39 25 22 92
39 30 41 85
39 31 1 37
39 33 19 121
39 34 47 69
39 35 10 147
40 6 25 30
40 9 13 96
40 12 47 26
40 14 56 62
40 15 49 107
40 19 27 133
40 20 19 84
40 24 7 135
40 28 16 111
40 30 39 85
40 34 22 69
40 35 4 147
40 39 31 52
40 40 2 115
41 3 31 132
41 4 23 81
41 6 4 95
41 7 46 17
41 8 7 44
41 14 34 62
41 15 40 107
41 17 9 86
41 23 25 149
41 29 1 89
41 30 43 85
41 33 13 121
41 38 19 74
41 39 55 112
42 5 13 109
42 7 49 17
42 9 22 46
42 20 28 84
42 27 1 98
42 28 4 48
42 30 55 85
42 34 52 69
42 35 31 147
42 36 7 72
42 37 57 77
42 38 44 74
42 39 37 112
43 3 33 132
43 8 7 34
43 9 46 46
43 10 4 68
43 12 52 26
43 14 1 16
43 17 37 86
43 19 9 126
43 21 55 29
43 24 25 145
43 31 20 93
43 32 43 8
43 35 13 147
43 36 16 143
44 4 29 81
44 5 13 12
44 6 23 30
44 7 7 82
44 16 27 54
44 17 55 21
44 18 52 123
44 24 2 135
44 30 45 85
44 31 19 37
44 34 25 69
44 36 10 13
44 39 37 117
44 40 17 28
45 4 13 15
45 5 19 109
45 6 17 30
45 9 26 46
45 11 15 145
45 14 43 62
45 17 9 21
45 19 7 133
45 24 49 135
45 28 4 141
45 33 31 121
45 35 1 136
45 36 37 13
45 37 46 77
46 9 16 96
46 10 34 68
46 11 5 58
46 12 50 26
46 15 52 107
46 17 19 79
46 18 56 123
46 21 11 29
46 22 3 138
46 27 9 98
46 32 46 8
46 37 31 47
46 38 25 74
47 3 35 132
47 10 11 71
47 17 27 33
47 18 1 130
47 19 17 78
47 21 5 88
47 22 33 138
47 23 13 32
47 24 19 100
47 26 7 104
47 30 47 85
47 32 51 8
47 35 57 147
47 36 37 72
48 3 37 132
48 4 9 81
48 14 46 62
48 17 19 33
48 19 11 78
48 21 5 29
48 22 27 138
48 24 56 100
48 26 49 104
48 28 1 134
48 35 16 147
48 38 31 74
48 40 7 5
49 7 49 82
49 12 45 26
49 13 40 66
49 14 1 36
49 16 29 54
49 20 21 84
49 22 47 138
49 23 25 32
49 24 13 135
49 25 31 92
49 26 7 125
49 27 43 98
49 31 55 93
49 37 37 47
49 40 11 127
50 5 26 109
50 6 51 16
50 7 1 82
50 9 19 96
50 10 13 131
50 14 4 16
50 17 15 86
50 19 49 126
50 20 22 116
50 21 8 29
50 23 32 32
50 24 56 56
50 25 38 60
50 28 10 141
50 39 44 52
51 3 39 132
51 4 41 81
51 6 35 95
51 7 4 82
51 9 32 46
51 18 44 130
51 20 23 84
51 24 9 100
51 32 55 8
51 33 51 47
51 35 16 136
51 37 1 77
51 39 19 75
51 40 7 115
52 7 10 82
52 12 55 26
52 14 7 16
52 16 47 9
52 19 19 78
52 23 1 91
52 24 33 56
52 28 52 134
52 30 49 85
52 31 43 102
52 32 58 8
52 33 26 140
52 34 31 69
52 39 13 117
53 4 23 15
53 6 11 30
53 11 29 145
53 12 40 26
53 14 13 16
53 19 7 126
53 25 26 92
53 26 57 104
53 27 19 98
53 30 51 85
53 32 1 39
53 33 16 140
53 35 34 147
53 37 4 83
53 40 9 5
54 4 21 15
54 6 49 16
54 7 13 82
54 11 1 103
54 13 46 66
54 14 10 16
54 16 29 9
54 19 17 133
54 23 37 149
54 28 7 134
54 32 4 39
54 34 33 69
54 35 43 136
55 15 1 2
55 16 31 9
55 21 41 40
55 23 20 32
55 27 14 98
55 28 16 134
55 30 53 85
55 31 56 102
55 33 28 121
55 34 37 69
55 35 4 136
55 36 43 13
55 39 33 5
55 40 9 115
56 4 21 55
56 8 23 34
56 9 37 46
56 10 29 68
56 11 1 139
56 16 13 9
56 22 19 138
56 23 33 149
56 28 26 134
56 29 4 89
56 30 59 85
56 31 49 102
56 32 7 39
56 33 43 121
56 39 15 52
57 3 41 132
57 4 23 55
57 14 16 16
57 16 27 9
57 17 51 42
57 19 5 126
57 22 29 138
57 23 43 149
57 25 34 92
57 26 1 125
57 27 11 98
57 31 19 102
57 33 13 140
57 35 37 147
57 37 8 83
58 5 49 12
58 6 33 95
58 7 16 82
58 8 5 34
58 14 19 16
58 19 25 133
58 23 37 91
58 24 43 100
58 26 1 24
58 29 7 89
58 32 10 39
58 35 28 136
58 37 22 42
58 40 13 28
59 6 9 30
59 7 19 82
59 14 4 36
59 16 25 54
59 19 11 126
59 21 1 29
59 22 13 138
59 24 55 3
59 26 15 24
59 27 7 98
59 31 31 102
59 35 22 147
59 38 49 127
59 40 46 115
60 3 57 132
60 5 31 109
60 9 43 46
60 10 11 68
60 13 49 66
60 14 40 36
60 15 4 2
60 17 13 33
60 18 52 130
60 20 19 116
60 26 21 24
60 31 7 102
60 35 1 147
60 36 46 143
60 39 25 52
61 4 31 55
61 5 37 109
61 6 47 16
61 7 22 82
61 10 1 71
61 15 55 107
61 17 33 33
61 19 5 133
61 20 25 116
61 21 3 88
61 24 49 3
61 29 10 89
61 31 27 102
61 32 13 39
61 36 7 13
62 4 17 81
62 7 31 82
62 9 22 96
62 12 43 26
62 13 52 66
62 14 7 36
62 18 10 130
62 20 27 116
62 24 1 100
62 25 40 92
62 26 45 24
62 29 13 89
62 37 34 47
63 4 19 55
63 7 1 17
63 11 31 103
63 12 37 26
63 13 55 66
63 15 7 2
63 16 25 9
63 18 4 130
63 25 58 92
63 26 27 24
63 28 13 111
63 30 16 93
63 34 39 69
63 35 50 136
64 3 43 132
64 4 3 15
64 14 10 36
64 20 26 84
64 22 52 138
64 26 37 24
64 27 22 98
64 30 13 123
64 32 16 39
64 33 34 140
64 34 41 69
64 35 7 136
64 37 19 42
64 39 56 117
65 3 45 132
65 7 25 82
65 8 21 44
65 9 49 96
65 16 9 9
65 22 11 138
65 23 37 32
65 32 28 39
65 33 34 121
65 34 55 69
65 37 1 42
65 38 57 74
65 39 13 112
65 40 7 28
66 5 26 12
66 7 34 82
66 17 21 86
66 18 7 130
66 21 19 88
66 22 55 138
66 23 57 32
66 25 31 25
66 26 50 24
66 28 13 141
66 31 37 102
66 35 43 147
66 36 10 143
66 39 2 112
67 3 47 132
67 4 16 55
67 7 37 82
67 9 49 46
67 11 7 145
67 12 34 26
67 13 58 66
67 14 55 16
67 16 5 9
67 20 29 116
67 22 1 138
67 23 43 32
67 29 13 19
67 37 40 47
68 4 7 81
68 9 52 46
68 10 17 71
68 12 19 26
68 13 1 56
68 15 58 107
68 18 13 130
68 20 31 84
68 24 37 56
68 25 43 92
68 26 33 24
68 28 10 134
68 39 25 117
68 40 29 28
69 8 25 44
69 9 55 46
69 11 1 58
69 12 27 26
69 14 22 36
69 15 13 2
69 17 39 79
69 23 7 91
69 25 4 25
69 29 16 89
69 32 19 39
69 34 45 69
69 35 34 136
69 38 49 74
70 6 45 16
70 7 40 82
70 13 26 56
70 16 43 54
70 18 19 130
70 19 1 126
70 20 31 116
70 24 50 100
70 29 33 19
70 31 13 102
70 32 22 39
70 35 37 136
70 37 55 47
70 39 3 52
70 40 9 28
71 7 28 82
71 8 15 34
71 9 58 46
71 11 7 139
71 14 25 16
71 15 10 2
71 17 37 42
71 21 13 88
71 23 51 149
71 25 46 92
71 26 2 99
71 28 32 134
71 29 22 89
71 34 49 69
71 36 19 72
72 3 49 132
72 7 43 82
72 14 19 36
72 15 22 2
72 17 7 33
72 20 33 84
72 28 38 134
72 29 25 89
72 31 51 70
72 34 59 69
72 35 46 147
72 37 4 42
72 40 15 115
73 3 51 132
73 6 43 16
73 7 46 82
73 11 10 103
73 17 25 79
73 21 8 88
73 22 5 138
73 24 13 100
73 28 22 134
73 29 34 89
73 30 59 123
73 34 57 69
73 35 40 147
73 36 2 72
73 40 29 127
74 3 53 132
74 6 40 16
74 7 55 82
74 8 3 34
74 14 16 36
74 16 21 54
74 18 37 130
74 21 1 88
74 23 43 91
74 24 31 100
74 29 28 89
74 32 25 39
74 36 10 72
74 39 49 5
75 6 53 16
75 17 31 42
75 18 22 130
75 19 35 133
75 23 49 32
75 24 27 100
75 25 10 25
75 26 13 99
75 29 19 19
75 31 2 102
75 33 44 140
75 35 40 136
75 36 7 143
75 38 56 127
75 40 25 28
76 9 25 96
76 13 4 56
76 15 16 2
76 16 39 54
76 18 28 130
76 23 57 91
76 25 34 60
76 29 22 19
76 32 31 39
76 34 47 144
76 37 43 47
76 39 8 52
76 40 37 28
77 3 59 132
77 4 47 55
77 5 39 12
77 15 19 2
77 17 55 2
77 20 37 84
77 24 43 99
77 25 27 60
77 28 49 48
77 32 34 39
77 33 52 140
77 37 14 83
77 38 1 76
77 39 7 112
78 4 11 55
78 5 43 109
78 6 29 95
78 7 52 82
78 9 34 96
78 14 22 16
78 28 16 141
78 29 31 89
78 30 47 93
78 31 55 70
78 33 40 140
78 34 1 144
78 36 4 143
78 38 7 76
79 4 19 15
79 7 1 93
79 10 28 131
79 17 32 79
79 18 25 130
79 21 17 88
79 23 55 149
79 26 21 99
79 27 5 98
79 28 8 48
79 32 37 39
79 33 46 121
79 35 49 147
79 38 13 76
79 40 11 115
80 3 55 132
80 6 7 95
80 9 28 96
80 10 1 68
80 12 15 26
80 16 23 54
80 20 33 116
80 25 43 60
80 31 37 70
80 34 57 144
80 35 52 147
80 38 19 76
80 39 9 117
81 5 31 12
81 8 28 44
81 11 23 145
81 13 7 56
81 20 35 116
81 25 20 25
81 26 55 24
81 31 43 70
81 32 40 39
81 35 1 80
81 36 13 72
81 37 25 83
81 40 17 5
82 9 31 96
82 12 9 26
82 15 25 2
82 16 19 54
82 18 34 130
82 19 1 78
82 20 38 116
82 27 3 98
82 28 49 134
82 32 44 39
82 33 58 140
82 37 13 42
82 40 23 28
83 5 55 109
83 6 7 30
83 10 1 131
83 13 10 56
83 17 13 79
83 20 43 84
83 24 21 139
83 25 52 92
83 27 59 98
83 29 37 19
83 32 49 39
83 34 3 144
83 35 46 136
83 39 25 112
84 4 1 15
84 8 9 44
84 9 37 96
84 10 13 71
84 15 28 2
84 16 3 54
84 17 31 21
84 22 7 138
84 24 51 139
84 27 57 98
84 29 40 19
84 34 5 144
84 36 16 72
84 39 19 117
85 6 37 16
85 7 58 82
85 9 40 96
85 11 5 145
85 12 13 26
85 20 35 84
85 22 10 128
85 23 1 3
85 28 46 134
85 29 43 89
85 33 7 47
85 35 55 136
85 38 25 76
85 39 19 52
85 40 15 5
86 7 4 93
86 8 21 34
86 9 43 96
86 10 7 71
86 14 26 36
86 18 31 130
86 20 41 116
86 23 9 3
86 26 49 99
86 27 17 102
86 32 57 39
86 33 1 47
86 35 14 80
86 38 37 76
87 4 15 81
87 6 1 95
87 8 3 44
87 11 13 103
87 12 25 26
87 13 22 56
87 14 37 36
87 15 40 2
87 23 44 3
87 29 49 19
87 30 35 123
87 34 8 144
87 38 31 76
88 3 23 132
88 5 49 109
88 9 46 96
88 16 1 54
88 17 25 42
88 18 40 130
88 20 57 116
88 21 15 88
88 22 59 128
88 26 7 24
88 33 4 47
88 39 19 112
88 40 13 5
89 4 10 15
89 6 5 30
89 7 43 93
89 8 33 44
89 11 17 145
89 15 1 107
89 18 49 130
89 21 7 40
89 22 23 128
89 28 55 134
89 30 41 93
89 31 13 70
89 33 20 47
89 37 28 83
89 40 31 28
90 6 1 30
90 8 35 44
90 12 3 26
90 13 13 56
90 17 43 79
90 19 29 133
90 21 22 29
90 24 37 100
90 26 31 99
90 27 5 41
90 28 19 48
90 31 25 70
90 32 52 39
90 34 10 144
91 4 4 81
91 6 27 30
91 7 7 93
91 9 55 96
91 11 19 139
91 18 58 130
91 20 39 84
91 27 23 102
91 28 16 48
91 30 35 93
91 32 1 57
91 35 10 80
91 38 43 76
92 4 4 55
92 13 46 56
92 17 7 79
92 18 55 130
92 19 1 133
92 20 43 116
92 23 15 3
92 25 31 60
92 27 11 102
92 29 58 19
92 31 19 70
92 34 13 144
92 36 40 72
92 38 49 76
93 5 43 12
93 6 13 95
93 9 58 96
93 10 22 68
93 14 34 36
93 16 15 54
93 19 31 78
93 24 50 56
93 26 25 99
93 28 1 48
93 30 29 93
93 31 7 70
93 32 4 57
93 36 19 13
94 7 10 93
94 9 52 96
94 11 47 58
94 15 37 2
94 16 1 9
94 19 3 78
94 21 35 88
94 23 19 3
94 27 41 102
94 31 31 70
94 33 25 47
94 34 15 144
94 38 57 76
95 5 55 12
95 11 13 145
95 15 31 2
95 17 49 33
95 21 15 29
95 24 25 139
95 26 37 99
95 28 20 111
95 29 43 19
95 33 10 47
95 34 17 144
95 36 34 143
95 37 1 83
96 6 31 16
96 11 44 103
96 12 1 26
96 13 16 56
96 15 34 2
96 17 37 33
96 20 50 84
96 22 13 128
96 23 25 3
96 32 7 57
96 33 57 121
96 34 19 144
96 35 4 80
96 36 22 72
97 4 2 55
97 6 34 16
97 8 56 44
97 11 11 145
97 14 31 36
97 20 59 84
97 22 4 128
97 25 46 60
97 27 25 102
97 28 19 141
97 29 52 19
97 36 16 13
97 37 7 42
98 8 41 44
98 10 47 131
98 11 23 58
98 12 7 26
98 13 19 56
98 18 16 130
98 23 31 3
98 26 9 99
98 33 13 47
98 35 58 136
98 39 1 117
99 4 1 81
99 9 40 46
99 10 47 68
99 11 43 139
99 13 3 10
99 20 45 116
99 25 52 60
99 29 37 89
99 30 19 123
99 33 16 47
99 37 10 42
100 7 13 93
100 10 16 68
100 11 9 58
100 16 7 54
100 17 49 21
100 20 47 116
100 23 37 3
100 26 57 99
100 31 2 70
100 33 28 47
100 37 19 83
100 39 31 117
Điểm tối ưu: 1421
Thời gian: 179.969255 giây
Trạng thái: VALID
