149
1 1 25 5
1 3 1 10
1 4 10 24
1 8 37 25
1 9 19 23
1 10 15 14
2 1 19 2
2 3 13 10
2 4 4 24
2 6 56 13
2 7 16 3
2 8 34 25
2 9 32 23
2 10 50 14
3 1 20 5
3 3 57 10
3 4 25 24
3 5 15 17
3 7 10 3
3 8 40 25
3 9 13 23
4 1 10 2
4 3 23 10
4 4 52 24
4 5 31 17
4 7 40 3
4 8 58 25
4 9 3 23
4 10 19 14
5 1 43 5
5 3 32 10
5 4 55 24
5 5 3 17
5 6 39 13
5 8 10 25
5 9 28 23
6 1 33 2
6 3 43 10
6 4 19 24
6 7 37 3
6 8 16 25
6 9 40 23
6 10 26 14
7 1 1 5
7 3 11 10
7 4 28 24
7 5 7 17
7 6 19 13
7 7 46 3
7 8 52 25
7 9 17 23
7 10 56 14
8 1 43 2
8 3 46 10
8 4 13 24
8 7 7 3
8 8 4 25
8 9 23 23
8 10 37 14
9 1 4 5
9 3 25 10
9 4 37 24
9 5 27 17
9 6 33 13
9 7 43 3
9 8 19 25
9 9 53 23
10 1 55 2
10 3 19 10
10 4 7 24
10 6 26 13
10 7 49 3
10 8 13 25
10 9 5 23
10 10 1 14
11 1 27 2
11 3 5 10
11 4 31 24
11 5 38 17
11 6 13 13
11 7 1 3
11 8 7 25
11 9 35 23
12 1 7 2
12 3 34 10
12 4 22 24
12 5 43 17
12 7 58 3
12 8 28 25
12 9 25 23
13 1 2 2
13 3 28 10
13 4 40 24
13 6 50 13
13 7 34 3
13 8 22 25
13 9 57 23
13 10 8 14
14 1 28 5
14 3 9 10
14 4 43 24
14 6 1 13
14 7 13 3
14 8 25 25
14 9 37 23
15 1 14 5
15 3 37 10
15 4 1 24
15 6 9 13
15 7 52 3
15 8 43 25
15 9 7 23
16 1 38 2
16 3 16 10
16 4 34 24
16 5 19 17
16 7 55 3
16 8 49 25
16 9 10 23
16 10 43 14
17 1 10 5
17 2 19 3
17 3 41 10
17 4 58 24
17 7 31 3
17 8 55 25
17 9 1 23
18 1 7 5
18 3 3 10
18 4 16 24
18 5 50 17
18 7 28 3
18 8 46 25
18 9 21 23
18 10 32 14
19 1 31 5
19 3 7 10
19 4 49 24
19 6 43 13
19 7 4 3
19 8 1 25
19 9 15 23
20 1 34 5
20 3 21 10
20 4 46 24
20 5 57 17
20 7 25 3
20 8 31 25
20 9 43 23
Điểm tối ưu: 149
Thời gian: 19.995086 giây
Trạng thái: VALID
