2697
1 2 35 6
1 8 10 130
1 9 55 141
1 30 29 25
1 39 58 17
1 42 40 67
1 44 1 16
1 48 31 224
1 55 19 18
1 58 37 51
1 62 13 157
1 63 44 80
1 68 23 159
1 69 25 132
1 72 49 249
2 3 17 228
2 8 37 84
2 9 19 141
2 19 43 70
2 21 53 95
2 26 47 163
2 27 9 143
2 44 34 16
2 47 7 189
2 48 13 133
2 55 55 239
2 59 32 169
2 62 25 157
2 66 49 114
2 71 1 271
3 11 45 260
3 16 49 209
3 23 51 20
3 25 21 107
3 37 31 62
3 41 25 245
3 44 4 241
3 51 13 288
3 64 7 13
3 66 27 244
3 69 37 185
3 77 10 53
4 4 4 262
4 8 34 84
4 15 13 171
4 17 16 210
4 21 59 95
4 28 37 23
4 34 57 9
4 42 7 225
4 47 27 189
4 51 9 300
4 65 20 119
4 69 43 73
4 74 40 85
5 13 3 176
5 28 23 234
5 29 7 242
5 44 31 49
5 51 49 159
5 55 44 18
5 58 10 148
5 59 1 259
5 60 55 166
5 62 26 63
5 72 40 167
5 76 35 83
5 77 21 145
5 79 16 252
6 9 46 92
6 13 39 269
6 14 34 222
6 16 51 209
6 31 37 78
6 33 25 294
6 41 19 245
6 47 11 189
6 49 1 166
6 55 56 142
6 62 14 194
6 66 21 183
6 67 44 58
6 71 7 271
6 76 53 83
7 4 16 262
7 15 22 171
7 18 19 265
7 21 46 39
7 26 39 298
7 28 9 23
7 31 35 78
7 40 3 21
7 49 49 188
7 50 31 273
7 57 25 221
7 71 57 207
7 76 1 198
7 78 55 69
8 9 49 92
8 10 43 140
8 35 57 135
8 49 13 191
8 50 7 28
8 51 1 288
8 57 19 14
8 66 38 45
8 69 32 132
8 72 22 167
8 76 11 198
8 80 26 240
9 11 3 192
9 16 25 209
9 17 22 210
9 28 56 234
9 30 1 25
9 33 27 236
9 37 19 62
9 44 43 241
9 52 37 89
9 54 31 56
9 56 13 251
9 63 58 136
9 76 7 124
10 2 39 6
10 4 20 262
10 18 51 265
10 21 23 39
10 24 13 216
10 27 31 143
10 31 17 78
10 43 3 27
10 45 55 187
10 49 25 188
10 52 44 24
10 56 7 251
10 57 10 162
10 77 1 145
11 3 9 279
11 14 5 288
11 15 32 15
11 16 19 209
11 24 55 112
11 29 43 242
11 33 1 264
11 34 35 9
11 36 25 238
11 37 40 286
11 49 13 125
11 71 21 41
11 72 28 249
11 76 37 124
12 3 5 237
12 8 13 84
12 11 25 260
12 12 3 109
12 14 19 222
12 29 37 242
12 35 49 135
12 40 31 30
12 41 29 54
12 52 55 89
12 55 7 239
12 58 16 177
12 74 22 85
12 80 45 240
13 5 43 115
13 17 55 98
13 20 7 282
13 26 29 163
13 30 16 50
13 33 57 83
13 38 25 71
13 39 34 17
13 41 13 245
13 55 1 134
13 64 31 13
13 66 49 244
13 76 41 83
13 79 22 252
13 80 9 240
14 1 4 1
14 4 37 262
14 6 43 202
14 12 17 109
14 15 19 15
14 24 25 216
14 26 7 298
14 30 1 50
14 33 13 294
14 36 34 238
14 42 59 67
14 55 49 142
14 60 40 250
14 64 23 24
14 68 47 106
15 8 31 84
15 9 40 92
15 12 29 109
15 20 5 282
15 21 16 95
15 30 52 25
15 35 27 135
15 36 13 238
15 38 43 258
15 47 11 38
15 62 1 194
15 74 58 85
15 76 21 124
15 80 7 117
16 2 13 96
16 3 11 237
16 9 34 92
16 14 17 222
16 15 4 66
16 17 15 98
16 20 41 298
16 22 25 204
16 29 28 242
16 38 7 71
16 43 1 243
16 46 37 103
16 47 31 189
16 49 19 125
16 51 43 159
17 9 4 92
17 13 37 164
17 15 28 15
17 23 13 20
17 24 31 216
17 30 22 50
17 36 52 238
17 39 1 17
17 44 10 49
17 60 19 255
17 62 55 63
17 64 7 48
17 65 50 119
17 73 25 153
17 78 41 69
18 14 21 222
18 27 55 143
18 29 10 242
18 30 14 50
18 41 37 245
18 42 39 225
18 48 49 64
18 52 1 89
18 57 34 221
18 58 7 51
18 61 43 247
18 66 25 45
18 75 31 7
19 14 11 126
19 18 9 211
19 27 37 143
19 41 49 245
19 43 25 243
19 52 19 89
19 54 52 56
19 56 16 251
19 61 55 247
19 75 13 280
19 79 4 252
19 80 31 25
20 2 9 96
20 4 28 262
20 8 31 130
20 22 40 77
20 23 1 20
20 25 43 107
20 28 11 23
20 34 5 297
20 38 19 71
20 43 15 203
20 60 55 250
20 61 52 247
20 65 13 119
21 23 43 22
21 24 31 190
21 27 56 79
21 36 22 238
21 40 50 30
21 51 37 4
21 56 19 251
21 60 1 250
21 69 25 185
21 70 13 59
21 72 7 167
21 75 4 280
21 79 10 252
22 11 55 43
22 27 31 79
22 31 23 147
22 33 44 264
22 40 13 275
22 49 49 191
22 51 1 300
22 61 19 247
22 64 35 24
22 66 37 244
22 68 53 106
22 71 8 151
22 73 17 181
22 76 59 124
22 80 26 90
23 13 57 269
23 18 55 265
23 19 37 122
23 23 13 201
23 29 34 26
23 57 26 162
23 58 49 177
23 60 31 94
23 64 5 24
23 65 21 116
23 69 7 73
23 71 1 151
24 1 25 1
24 4 13 262
24 18 1 265
24 21 29 95
24 25 19 107
24 30 7 25
24 35 55 135
24 36 49 238
24 37 52 286
24 42 34 225
24 44 16 49
24 48 3 133
24 49 43 191
24 66 57 45
24 75 37 267
25 4 56 289
25 14 49 222
25 19 13 178
25 24 1 112
25 45 37 184
25 47 29 228
25 50 43 236
25 55 19 239
25 59 5 259
25 60 7 94
25 67 31 299
25 71 25 151
26 2 7 96
26 21 9 95
26 23 25 22
26 26 17 163
26 29 49 26
26 38 32 174
26 40 43 232
26 46 53 103
26 55 19 142
26 59 47 169
26 60 58 94
26 62 13 76
26 66 38 183
26 67 3 299
27 14 37 222
27 20 49 282
27 21 5 39
27 27 7 139
27 33 43 83
27 38 19 174
27 42 47 67
27 44 39 16
27 55 31 239
27 58 28 51
27 59 13 259
27 68 1 180
28 1 28 1
28 6 43 193
28 9 22 92
28 11 49 260
28 12 59 109
28 27 13 139
28 30 11 50
28 42 37 225
28 44 55 241
28 46 8 3
28 52 31 89
28 59 2 169
28 71 39 41
28 72 4 167
29 7 19 274
29 10 7 140
29 22 37 204
29 23 49 201
29 29 28 223
29 31 53 78
29 40 55 223
29 44 40 241
29 49 13 126
29 52 1 106
29 61 25 247
29 71 43 207
29 78 33 69
30 3 5 279
30 15 55 15
30 19 37 70
30 31 3 78
30 45 7 256
30 47 1 189
30 53 31 102
30 56 22 229
30 62 49 63
30 66 43 244
30 73 34 153
30 77 25 145
30 78 13 69
30 80 15 117
31 11 49 192
31 14 25 126
31 19 13 82
31 26 23 298
31 44 20 16
31 45 7 283
31 47 17 38
31 61 1 247
31 65 5 116
31 66 31 144
31 68 11 180
31 76 29 295
31 78 59 69
31 79 46 252
32 9 1 92
32 13 51 258
32 15 13 66
32 17 5 210
32 19 38 178
32 28 49 234
32 33 31 294
32 35 21 135
32 51 7 4
32 55 25 239
32 56 43 229
32 65 35 116
32 79 58 252
33 2 46 6
33 4 31 289
33 20 17 73
33 29 43 26
33 31 1 78
33 33 19 264
33 40 55 300
33 46 3 3
33 47 53 50
33 54 7 56
33 62 49 194
33 64 11 13
33 71 25 41
33 72 13 249
33 80 37 25
34 3 1 237
34 9 37 141
34 11 43 43
34 17 11 98
34 21 21 95
34 24 3 190
34 43 7 27
34 44 31 241
34 50 49 122
34 53 19 231
34 54 34 56
34 63 40 136
34 69 13 185
34 74 55 85
35 1 1 1
35 6 33 193
35 12 31 109
35 21 7 95
35 22 43 204
35 23 19 201
35 25 11 107
35 31 51 78
35 35 9 135
35 44 4 16
35 55 38 142
35 61 28 247
35 64 49 13
36 3 5 228
36 15 37 15
36 21 1 39
36 23 20 197
36 26 3 298
36 33 14 83
36 37 28 62
36 43 40 214
36 44 7 49
36 62 31 157
36 63 52 80
36 67 25 58
36 76 35 124
37 2 52 6
37 11 55 35
37 13 32 205
37 26 3 163
37 28 19 234
37 34 59 9
37 35 5 135
37 39 13 17
37 42 17 225
37 57 7 221
37 59 1 75
37 60 28 166
37 64 26 13
38 3 13 228
38 9 31 141
38 12 57 109
38 14 7 222
38 20 51 282
38 23 9 22
38 39 25 17
38 41 45 54
38 44 37 241
38 46 43 103
38 48 1 224
38 54 40 56
38 62 19 76
38 65 5 119
39 7 49 274
39 9 57 92
39 19 13 122
39 20 45 298
39 26 47 298
39 28 34 234
39 43 31 243
39 44 19 49
39 51 8 15
39 53 55 231
39 56 22 251
39 57 1 221
39 71 25 285
39 76 53 124
40 11 19 43
40 12 8 109
40 20 23 73
40 21 37 95
40 22 25 77
40 29 4 26
40 31 55 78
40 40 39 30
40 45 57 283
40 49 43 188
40 53 1 102
40 69 13 132
41 11 37 260
41 18 25 206
41 22 46 77
41 24 49 295
41 28 7 23
41 39 55 17
41 41 43 245
41 48 19 19
41 59 17 81
41 63 9 80
41 71 13 151
41 75 4 267
41 77 27 145
42 2 1 96
42 8 19 84
42 10 25 140
42 12 15 109
42 17 53 98
42 20 31 282
42 28 3 234
42 30 13 25
42 34 9 9
42 42 57 67
42 47 39 189
42 65 33 119
42 69 49 185
42 73 7 181
43 11 7 192
43 24 1 216
43 46 59 103
43 49 55 191
43 53 25 231
43 56 16 37
43 57 31 221
43 58 13 177
43 60 52 94
43 62 43 194
43 67 19 299
43 75 34 267
43 78 11 69
43 79 37 252
44 2 43 6
44 11 51 44
44 23 8 20
44 24 25 295
44 25 49 107
44 33 19 83
44 42 41 225
44 48 55 133
44 57 46 162
44 61 16 247
44 71 37 151
44 73 1 181
45 3 23 237
45 13 25 258
45 15 46 171
45 18 29 265
45 20 51 298
45 22 31 77
45 26 21 298
45 29 34 242
45 31 39 78
45 35 37 135
45 42 5 225
45 55 14 18
45 57 58 14
45 66 7 183
45 78 1 69
46 3 7 237
46 10 50 140
46 13 43 176
46 18 19 206
46 20 21 282
46 30 33 50
46 37 13 286
46 40 1 30
46 43 28 27
46 53 23 102
46 56 55 229
46 65 9 116
46 75 16 280
46 78 25 69
47 2 5 96
47 6 31 134
47 13 49 164
47 15 1 66
47 19 19 122
47 37 55 286
47 44 25 16
47 50 7 173
47 66 13 244
47 71 44 151
47 77 39 53
48 4 25 262
48 14 56 222
48 15 40 15
48 16 29 209
48 18 16 265
48 21 3 95
48 22 52 77
48 24 19 295
48 28 13 234
48 34 31 9
48 40 7 232
48 59 5 81
48 67 1 299
49 8 28 130
49 10 13 140
49 12 45 109
49 18 11 211
49 19 49 82
49 30 20 25
49 42 43 67
49 44 4 49
49 47 59 189
49 55 7 142
49 58 22 51
49 63 25 227
49 64 34 13
49 75 1 267
50 5 49 115
50 18 23 265
50 28 1 234
50 29 34 223
50 30 9 25
50 44 13 49
50 53 21 102
50 59 19 169
50 62 37 157
50 63 31 136
50 68 45 106
50 71 55 123
50 72 16 167
50 77 3 145
50 80 26 117
51 4 46 289
51 12 5 109
51 16 39 209
51 20 58 282
51 30 37 50
51 32 43 291
51 37 25 62
51 42 15 225
51 43 19 203
51 49 7 166
51 53 31 231
51 69 50 132
51 75 1 280
52 3 25 237
52 8 40 84
52 18 4 211
52 30 31 50
52 37 55 62
52 43 34 27
52 50 13 28
52 68 47 159
52 71 49 271
52 73 53 181
52 74 1 85
52 77 17 53
53 11 7 260
53 13 31 176
53 15 19 66
53 17 3 210
53 28 17 23
53 40 49 21
53 45 25 283
53 46 57 3
53 52 13 24
53 53 22 231
53 56 40 229
53 59 1 81
53 72 43 167
54 8 16 84
54 11 43 192
54 13 26 164
54 14 5 222
54 15 2 171
54 30 23 25
54 43 10 214
54 49 19 191
54 57 7 162
54 71 31 123
54 73 13 153
55 6 44 147
55 15 19 171
55 17 51 98
55 18 28 206
55 23 37 197
55 28 16 234
55 29 1 26
55 38 55 145
55 39 4 17
55 45 7 184
55 46 41 103
55 53 25 102
55 65 35 119
55 69 31 73
56 1 31 1
56 7 13 274
56 14 3 222
56 27 55 224
56 31 5 147
56 32 19 291
56 40 43 275
56 41 11 54
56 42 22 67
56 45 49 187
56 53 41 102
56 60 38 94
56 63 34 227
56 66 7 244
56 70 26 59
57 3 47 279
57 6 26 134
57 19 31 70
57 21 41 39
57 24 7 295
57 27 43 139
57 28 35 23
57 33 37 83
57 39 49 17
57 43 52 27
57 50 13 65
57 55 56 278
57 66 19 144
57 75 4 7
58 7 43 274
58 11 55 192
58 18 3 206
58 25 25 107
58 26 1 298
58 42 5 67
58 55 13 142
58 56 49 229
58 60 52 250
58 63 22 136
58 67 11 58
58 71 7 123
58 72 19 249
58 77 31 53
59 12 43 109
59 13 1 164
59 16 35 209
59 22 13 204
59 31 22 78
59 36 19 238
59 41 17 54
59 58 25 177
59 59 7 169
59 62 37 194
59 72 57 167
59 74 31 85
59 77 9 145
59 79 52 252
60 13 43 164
60 16 13 209
60 17 38 98
60 18 11 265
60 20 19 281
60 21 33 95
60 36 16 238
60 50 57 273
60 52 7 54
60 53 27 231
60 55 1 18
60 58 21 148
60 59 51 81
61 2 57 6
61 6 43 134
61 14 59 222
61 15 4 15
61 16 23 209
61 22 49 77
61 23 25 197
61 40 37 21
61 47 31 228
61 50 13 173
61 58 10 51
61 60 1 94
61 67 7 58
62 2 14 6
62 4 16 289
62 19 7 122
62 28 50 23
62 34 21 9
62 37 4 62
62 50 55 173
62 51 31 4
62 54 37 56
62 56 52 229
62 59 11 259
62 65 2 119
62 69 45 132
62 78 43 69
63 2 3 96
63 12 51 109
63 14 9 222
63 16 41 209
63 21 19 95
63 37 43 286
63 57 16 162
63 66 25 269
63 68 5 106
63 69 21 185
63 74 13 85
63 78 57 69
63 80 31 240
64 4 10 289
64 9 7 92
64 15 28 66
64 16 17 209
64 24 38 216
64 25 59 107
64 30 26 25
64 41 53 245
64 43 4 203
64 51 49 288
64 57 55 162
64 60 45 250
64 66 19 45
64 71 13 207
64 80 33 117
65 24 55 295
65 34 33 9
65 38 1 230
65 41 37 54
65 42 28 67
65 49 7 188
65 56 13 229
65 58 19 177
65 61 22 247
65 63 40 80
65 72 16 249
65 73 11 153
65 74 46 85
66 15 16 66
66 16 27 209
66 19 55 178
66 31 31 78
66 37 43 62
66 46 5 74
66 60 49 250
66 69 7 227
66 70 1 59
66 71 37 271
66 73 19 181
66 76 11 124
66 79 13 252
67 3 22 228
67 12 13 109
67 17 25 98
67 19 15 70
67 20 47 73
67 21 11 95
67 22 28 77
67 28 7 234
67 40 1 233
67 52 31 24
67 60 43 166
67 69 55 185
67 71 37 207
67 74 19 85
68 2 11 6
68 4 8 262
68 6 26 202
68 8 4 84
68 22 16 77
68 27 19 139
68 37 31 286
68 45 49 184
68 56 55 251
68 57 34 162
68 63 1 80
68 66 43 45
68 68 58 180
68 72 37 249
69 3 27 237
69 14 29 126
69 18 25 265
69 24 9 112
69 28 1 23
69 30 7 50
69 56 3 251
69 62 31 63
69 64 51 13
69 68 15 180
69 72 55 249
69 77 13 145
70 5 55 115
70 17 31 210
70 21 5 95
70 25 45 107
70 29 52 26
70 30 19 50
70 56 28 251
70 60 25 166
70 62 9 76
70 63 22 80
70 65 3 116
70 72 40 14
70 76 33 124
70 77 7 145
71 3 19 237
71 13 43 269
71 23 49 22
71 29 55 26
71 39 22 17
71 40 27 233
71 42 10 67
71 45 31 184
71 46 5 3
71 58 7 148
71 59 25 169
71 63 13 227
71 68 35 106
71 69 38 73
71 71 1 41
72 1 34 1
72 3 9 237
72 13 39 258
72 15 25 171
72 22 28 204
72 24 14 295
72 42 46 225
72 49 19 188
72 52 56 106
72 57 31 162
72 65 37 116
72 68 49 106
72 79 1 252
73 2 49 6
73 3 11 228
73 13 55 164
73 14 45 222
73 19 25 82
73 20 14 281
73 25 4 107
73 36 37 238
73 43 22 203
73 44 31 16
73 59 19 75
73 61 8 247
73 63 1 136
73 69 51 73
74 12 20 109
74 15 16 171
74 28 3 23
74 30 5 50
74 42 49 225
74 44 57 16
74 51 25 4
74 60 34 250
74 64 29 13
74 66 7 45
74 68 53 159
74 72 31 167
75 11 21 44
75 14 13 222
75 17 3 98
75 21 47 95
75 26 1 163
75 38 31 230
75 42 52 225
75 43 28 214
75 44 15 16
75 58 25 51
75 63 37 80
75 71 7 207
75 77 5 53
75 78 35 69
76 2 41 6
76 6 7 34
76 19 31 82
76 20 26 282
76 40 43 233
76 43 1 203
76 45 13 283
76 46 55 103
76 50 37 236
76 60 4 250
76 62 57 76
76 67 21 299
76 76 19 124
77 2 25 6
77 3 23 279
77 5 19 115
77 11 50 43
77 12 1 109
77 34 29 9
77 37 10 62
77 41 27 245
77 49 32 188
77 57 3 162
77 63 38 227
77 64 56 13
77 76 41 295
77 77 15 53
77 80 43 23
78 7 7 274
78 11 31 35
78 17 39 210
78 22 58 204
78 24 19 216
78 25 52 107
78 33 43 294
78 37 49 286
78 44 1 49
78 57 28 221
78 61 4 247
78 69 13 236
78 73 25 181
79 6 49 147
79 21 10 39
79 22 1 77
79 31 43 78
79 32 7 291
79 37 25 286
79 47 23 189
79 50 56 122
79 51 19 4
79 55 37 278
79 65 17 119
79 66 31 45
79 71 45 271
79 75 14 267
80 3 1 228
80 6 20 193
80 8 4 130
80 9 16 141
80 11 25 35
80 22 57 77
80 34 39 9
80 37 49 62
80 43 52 214
80 58 10 177
80 64 37 13
80 71 32 285
80 75 7 280
80 80 43 117
81 4 44 262
81 6 31 202
81 9 22 141
81 18 9 265
81 20 39 282
81 22 4 77
81 34 51 9
81 50 55 236
81 57 13 221
81 72 1 167
81 76 29 124
81 79 25 252
82 20 17 282
82 29 1 242
82 34 45 9
82 38 9 230
82 55 13 278
82 56 19 229
82 60 4 94
82 65 7 116
82 68 41 180
82 70 31 59
83 12 27 109
83 13 13 205
83 19 19 178
83 20 49 298
83 26 11 298
83 28 45 234
83 34 55 9
83 49 37 188
83 57 32 14
83 63 1 227
83 64 9 13
83 68 23 106
84 8 56 84
84 34 14 9
84 38 31 145
84 40 20 233
84 41 10 245
84 47 52 189
84 48 26 133
84 50 37 173
84 63 49 80
84 67 16 58
84 69 1 43
84 71 43 123
85 11 1 35
85 14 7 288
85 17 13 210
85 23 32 197
85 43 22 27
85 57 25 14
85 59 19 81
85 66 15 114
85 67 5 299
85 68 38 106
85 71 9 41
85 73 28 153
86 10 55 140
86 11 1 260
86 31 13 78
86 32 16 291
86 36 40 238
86 42 45 67
86 57 22 162
86 63 34 136
86 66 50 45
86 72 37 167
86 76 11 83
86 77 5 145
87 6 13 193
87 17 8 210
87 20 35 73
87 22 19 204
87 24 25 112
87 29 39 26
87 32 10 291
87 34 37 9
87 41 22 245
87 42 3 225
87 50 49 273
87 51 31 159
87 72 46 249
87 76 17 198
88 3 25 228
88 21 43 39
88 25 37 107
88 29 22 26
88 33 13 264
88 35 39 135
88 40 27 266
88 49 31 166
88 55 7 18
88 56 50 251
88 61 46 247
88 63 19 80
88 69 1 132
88 71 55 151
89 3 16 279
89 6 2 193
89 14 39 222
89 16 55 209
89 24 19 190
89 38 57 71
89 41 23 54
89 44 25 49
89 47 13 189
89 48 43 64
89 63 7 136
89 66 31 183
89 67 35 299
89 75 10 7
89 80 49 240
90 2 7 6
90 11 38 192
90 19 25 122
90 28 29 234
90 35 45 135
90 39 52 17
90 43 13 243
90 49 56 188
90 60 19 250
90 67 47 299
90 68 43 106
90 69 32 185
90 72 1 249
90 75 22 280
90 78 9 69
91 20 53 298
91 21 25 95
91 23 31 201
91 26 27 298
91 31 13 147
91 35 17 135
91 37 10 286
91 46 15 3
91 56 40 251
91 63 19 136
91 68 7 180
91 71 55 41
91 72 4 249
92 4 58 262
92 8 1 130
92 11 49 35
92 12 41 109
92 28 47 234
92 31 11 147
92 33 7 83
92 42 19 225
92 46 45 103
92 47 43 50
92 54 13 56
92 60 37 250
92 63 4 136
92 71 21 123
93 4 40 262
93 6 19 202
93 18 13 265
93 20 33 282
93 21 35 95
93 26 9 298
93 34 23 9
93 37 1 286
93 38 43 230
93 42 26 67
93 47 49 50
93 52 15 89
93 59 7 81
93 63 28 136
94 4 49 262
94 11 7 35
94 23 2 172
94 28 33 23
94 41 15 245
94 42 58 225
94 45 25 184
94 58 55 51
94 65 29 116
94 69 37 132
94 71 43 41
94 72 52 14
94 73 13 181
94 75 22 7
95 9 13 141
95 11 31 43
95 16 47 209
95 20 23 282
95 28 51 234
95 32 25 291
95 42 10 225
95 44 19 241
95 46 16 103
95 47 5 189
95 50 1 173
95 56 37 229
95 60 28 94
95 73 35 181
95 79 7 252
96 7 1 274
96 19 26 178
96 22 22 204
96 24 43 216
96 27 55 139
96 41 35 245
96 42 32 67
96 55 37 239
96 59 41 169
96 63 50 136
96 69 13 73
96 73 5 181
96 76 9 124
97 3 31 237
97 11 13 260
97 14 55 92
97 18 5 265
97 19 1 178
97 23 57 22
97 37 46 286
97 41 51 245
97 44 8 16
97 50 19 273
97 59 11 169
97 60 25 94
97 61 34 247
97 62 37 76
97 74 28 85
98 6 19 170
98 20 29 73
98 42 17 67
98 43 58 203
98 45 13 184
98 49 1 191
98 51 25 159
98 54 55 56
98 55 44 239
98 62 49 76
98 69 7 236
98 71 31 271
98 77 11 145
98 80 37 240
99 2 34 96
99 3 7 279
99 4 52 289
99 15 49 15
99 34 1 9
99 43 25 214
99 48 19 224
99 49 13 166
99 53 45 102
99 60 28 250
99 63 57 80
99 66 3 114
100 6 19 147
100 17 35 210
100 24 13 112
100 26 40 163
100 31 45 78
100 33 25 264
100 37 37 286
100 40 1 232
100 48 51 19
100 52 8 24
100 53 43 102
100 58 31 177
100 78 5 69
100 80 56 240
101 2 23 96
101 11 19 260
101 17 44 210
101 28 15 23
101 32 55 291
101 33 50 294
101 40 31 233
101 41 29 245
101 44 46 241
101 57 10 221
101 66 1 183
101 68 13 159
101 73 7 153
102 1 49 1
102 11 31 192
102 14 26 222
102 24 19 112
102 31 15 147
102 36 46 238
102 37 52 62
102 41 40 54
102 44 28 49
102 57 58 162
102 71 1 207
102 76 43 124
102 80 7 5
103 2 17 6
103 16 2 209
103 19 25 70
103 35 15 135
103 36 58 238
103 43 34 243
103 44 10 241
103 46 8 103
103 53 29 231
103 54 46 56
103 58 4 177
103 62 19 194
103 75 31 280
103 78 23 69
104 2 32 6
104 4 37 289
104 18 2 211
104 21 57 39
104 22 7 204
104 26 27 163
104 31 17 147
104 32 13 291
104 43 10 27
104 49 19 126
104 56 34 251
104 63 4 227
104 79 40 252
105 3 1 279
105 15 52 15
105 25 33 107
105 28 37 234
105 34 16 9
105 37 4 286
105 45 20 283
105 55 25 142
105 62 43 76
105 65 8 119
105 78 39 69
106 11 25 192
106 12 10 109
106 16 37 209
106 21 7 39
106 26 23 163
106 28 32 234
106 33 39 294
106 34 43 9
106 43 46 243
106 48 19 133
106 51 1 52
106 54 16 56
106 65 59 119
107 4 7 53
107 10 1 140
107 12 23 109
107 17 13 98
107 20 11 73
107 33 55 264
107 35 41 135
107 40 37 233
107 47 5 38
107 52 44 89
107 63 25 136
107 65 15 116
107 66 49 183
107 75 19 7
107 80 31 90
108 9 13 92
108 24 49 112
108 25 41 107
108 40 55 21
108 47 47 228
108 48 2 19
108 49 37 191
108 50 25 273
108 55 43 142
108 57 8 14
108 58 16 148
108 66 31 244
108 75 22 267
109 18 11 206
109 19 7 70
109 23 31 20
109 24 25 190
109 27 49 143
109 36 4 238
109 38 55 23
109 42 20 67
109 43 1 214
109 47 16 189
109 48 37 19
109 58 13 148
109 73 22 181
109 80 43 25
110 2 21 6
110 5 37 115
110 6 49 130
110 9 7 65
110 24 1 295
110 26 13 163
110 38 43 145
110 40 55 233
110 46 10 103
110 47 29 189
110 48 25 64
110 74 34 85
110 76 41 124
110 78 15 69
111 13 21 176
111 18 9 206
111 20 5 73
111 25 7 152
111 32 52 291
111 40 31 21
111 44 58 241
111 52 13 54
111 53 19 102
111 55 1 239
111 61 40 247
111 62 26 76
111 65 44 119
111 67 11 299
112 18 14 206
112 20 1 282
112 24 43 190
112 31 8 78
112 36 28 238
112 42 21 225
112 43 10 243
112 51 55 4
112 54 4 56
112 59 16 169
112 65 31 119
112 71 49 151
112 72 40 130
113 2 37 6
113 4 49 289
113 9 40 141
113 14 23 222
113 21 13 39
113 32 34 291
113 33 1 83
113 36 10 238
113 45 43 187
113 51 25 288
113 55 19 278
113 56 31 229
113 75 15 7
114 2 5 6
114 6 55 202
114 8 49 84
114 11 1 44
114 13 15 176
114 19 45 178
114 32 40 291
114 34 53 9
114 43 19 214
114 44 28 16
114 48 31 19
114 50 7 273
114 60 22 250
114 65 11 119
114 67 13 58
115 5 25 115
115 25 8 107
115 27 49 139
115 35 29 135
115 45 19 187
115 47 57 189
115 52 37 24
115 53 34 102
115 56 46 229
115 58 1 177
115 64 4 13
115 74 16 85
115 75 31 267
115 77 23 145
116 2 19 96
116 6 55 147
116 9 37 92
116 11 13 43
116 17 5 98
116 40 49 232
116 58 7 177
116 62 21 63
116 67 40 299
116 72 34 249
116 74 25 85
116 75 1 7
117 5 7 115
117 7 31 274
117 11 13 44
117 19 1 122
117 39 46 17
117 43 49 243
117 46 57 103
117 51 19 300
117 59 23 169
117 60 52 166
117 65 41 119
117 70 37 59
117 71 25 271
117 72 43 249
118 4 7 289
118 6 37 147
118 14 41 222
118 37 58 286
118 38 13 230
118 42 51 67
118 45 32 283
118 50 1 273
118 53 29 102
118 55 43 278
118 57 55 14
118 62 25 194
118 72 10 167
119 6 49 134
119 16 31 209
119 25 23 107
119 33 55 294
119 37 46 62
119 40 9 21
119 41 7 245
119 51 13 4
119 63 37 136
119 66 1 45
119 67 33 299
119 69 19 73
119 76 27 124
120 2 9 6
120 13 19 164
120 21 41 95
120 32 2 291
120 35 25 135
120 38 27 174
120 42 7 67
120 44 52 16
120 50 43 273
120 51 13 52
120 68 5 180
120 78 17 69
121 8 43 130
121 10 37 140
121 22 46 204
121 25 41 279
121 26 55 163
121 29 7 26
121 35 51 135
121 39 10 17
121 57 28 14
121 60 19 94
121 68 17 106
121 69 57 132
121 73 15 181
121 80 1 117
122 2 55 6
122 28 9 234
122 41 17 245
122 42 1 225
122 43 19 27
122 45 13 187
122 46 47 103
122 59 7 259
122 65 26 119
122 67 3 58
122 70 49 59
122 73 5 153
122 74 43 85
122 77 29 145
123 1 55 1
123 9 10 92
123 15 25 15
123 17 29 210
123 18 7 265
123 28 40 234
123 29 15 26
123 32 22 291
123 33 31 83
123 45 1 283
123 57 37 14
123 67 5 58
123 73 20 153
123 76 13 124
124 3 17 237
124 13 7 176
124 15 22 15
124 16 15 209
124 17 19 210
124 34 11 1
124 42 13 67
124 45 1 187
124 50 49 173
124 51 39 288
124 64 53 13
124 70 56 59
124 71 26 207
125 8 1 84
125 9 4 141
125 13 49 176
125 18 21 265
125 20 53 282
125 36 55 238
125 42 15 67
125 43 43 243
125 45 38 256
125 52 7 106
125 63 26 80
125 72 46 167
126 8 43 84
126 12 37 109
126 14 51 222
126 17 33 210
126 26 31 298
126 31 29 78
126 34 49 9
126 35 53 135
126 48 15 19
126 52 19 24
126 56 10 251
126 66 55 114
126 75 25 280
126 76 1 124
127 3 15 237
127 6 25 193
127 12 53 109
127 23 55 201
127 34 7 9
127 41 33 245
127 43 40 203
127 51 49 171
127 56 46 251
127 58 19 51
127 68 59 159
127 72 22 249
127 74 37 85
128 6 49 202
128 11 38 35
128 17 9 98
128 32 31 291
128 39 16 17
128 43 13 27
128 47 21 189
128 49 1 125
128 51 55 159
128 56 25 251
128 60 46 166
128 64 59 13
128 72 34 167
128 76 5 83
129 4 1 53
129 11 31 260
129 19 49 70
129 22 40 204
129 25 28 107
129 26 5 298
129 48 43 133
129 51 15 159
129 52 19 106
129 53 13 231
129 54 25 56
129 62 7 63
129 80 55 25
130 6 7 170
130 14 23 126
130 16 43 209
130 24 32 295
130 25 17 107
130 27 38 139
130 38 3 174
130 41 47 245
130 46 25 74
130 50 19 173
130 54 28 56
130 57 13 14
130 72 58 249
130 73 1 153
130 79 49 252
131 4 19 289
131 23 3 197
131 24 55 190
131 25 13 107
131 28 11 234
131 30 15 25
131 35 35 135
131 38 37 230
131 41 1 54
131 46 28 103
131 52 49 89
131 59 7 75
131 62 31 76
131 72 46 14
131 75 25 267
132 3 11 279
132 6 37 134
132 8 25 84
132 23 13 22
132 33 31 264
132 39 28 17
132 42 1 5
132 47 46 189
132 48 7 133
132 54 19 56
132 57 22 221
132 59 3 81
132 80 49 117
133 1 19 1
133 9 10 141
133 15 43 15
133 17 27 98
133 20 15 282
133 29 22 242
133 38 49 152
133 40 37 275
133 46 7 74
133 49 1 126
133 71 33 151
133 76 5 295
133 78 31 69
134 5 31 115
134 16 53 209
134 18 23 206
134 20 35 282
134 22 9 77
134 25 55 107
134 30 3 50
134 37 28 286
134 59 16 75
134 63 13 80
134 71 49 41
134 72 25 249
134 78 7 69
135 6 3 34
135 7 55 274
135 8 13 130
135 12 25 109
135 24 49 216
135 27 27 79
135 31 1 147
135 37 37 62
135 45 7 187
135 51 43 288
135 55 31 142
135 64 16 48
135 65 11 116
135 66 19 114
135 75 40 267
136 2 25 96
136 3 19 228
136 13 13 164
136 17 7 98
136 22 21 77
136 35 31 135
136 37 58 62
136 43 9 203
136 48 1 64
136 55 37 18
136 65 55 116
136 77 27 53
137 16 45 209
137 20 28 282
137 23 37 20
137 25 1 107
137 27 49 224
137 48 31 64
137 55 13 134
137 59 4 75
137 65 22 119
137 72 10 249
137 73 43 153
138 3 29 237
138 11 15 35
138 13 55 176
138 19 37 82
138 28 13 23
138 30 11 25
138 32 49 291
138 34 23 297
138 41 31 54
138 42 1 67
138 51 19 159
138 52 7 89
138 55 3 142
138 66 33 114
138 76 46 124
139 6 57 193
139 9 52 92
139 24 13 190
139 35 19 135
139 44 1 241
139 49 7 126
139 50 31 173
139 52 25 54
139 56 43 251
139 57 40 162
139 58 4 148
139 59 23 81
139 65 17 116
139 78 21 69
140 11 45 35
140 15 22 66
140 16 11 209
140 21 43 95
140 22 16 204
140 23 7 197
140 26 25 298
140 31 58 78
140 33 31 236
140 43 55 27
140 46 1 74
140 51 37 159
140 52 3 54
140 65 19 116
141 14 1 222
141 19 43 122
141 24 7 216
141 26 5 163
141 39 40 17
141 46 34 103
141 56 31 37
141 60 14 250
141 68 11 106
141 69 56 73
141 71 49 207
141 73 3 181
141 78 27 69
141 80 19 240
142 2 3 6
142 6 55 134
142 11 39 43
142 12 35 109
142 18 17 206
142 26 37 298
142 28 22 23
142 31 15 78
142 36 31 238
142 41 1 245
142 50 25 173
142 57 19 221
142 66 7 144
143 1 58 1
143 2 19 6
143 9 28 141
143 19 7 178
143 20 44 282
143 22 37 77
143 29 46 26
143 30 26 50
143 38 49 145
143 39 31 17
143 48 21 64
143 58 40 51
143 71 1 123
143 79 34 252
143 80 13 90
144 4 22 289
144 12 49 109
144 15 55 171
144 30 28 50
144 31 3 147
144 36 43 238
144 40 37 232
144 43 31 214
144 51 8 52
144 56 58 229
144 65 13 116
144 77 35 53
144 80 15 240
145 4 40 289
145 16 4 209
145 37 16 62
145 38 43 71
145 40 55 232
145 45 19 184
145 47 34 189
145 48 49 133
145 54 1 56
145 56 37 251
145 58 28 177
145 60 31 250
145 61 13 247
145 65 25 116
145 74 8 85
146 1 13 1
146 2 16 96
146 11 25 43
146 15 10 171
146 19 31 122
146 29 49 242
146 31 41 78
146 36 7 238
146 43 52 243
146 45 1 256
146 47 46 50
146 61 58 247
146 62 37 63
146 71 19 207
146 75 43 267
147 14 29 222
147 22 51 204
147 29 31 242
147 32 46 291
147 38 13 174
147 45 56 184
147 46 1 3
147 49 38 166
147 56 10 229
147 59 5 169
147 64 43 13
147 69 25 73
147 78 3 69
148 6 37 193
148 8 34 130
148 19 7 82
148 31 27 78
148 41 31 245
148 43 16 27
148 45 56 256
148 46 13 3
148 47 25 189
148 48 43 224
148 51 1 159
148 71 50 123
148 75 19 267
149 1 37 1
149 6 13 202
149 8 22 84
149 28 5 23
149 39 7 17
149 45 1 184
149 48 55 64
149 53 52 102
149 55 25 278
149 60 34 94
149 63 31 80
149 66 43 183
149 72 49 14
150 1 22 1
150 11 55 260
150 21 3 39
150 27 37 79
150 34 19 9
150 45 26 187
150 47 41 189
150 49 8 191
150 55 31 18
150 61 49 247
150 64 35 163
150 65 47 119
150 66 13 144
150 70 43 59
150 73 17 153
151 3 13 237
151 4 4 289
151 9 34 141
151 15 46 15
151 20 11 282
151 26 25 163
151 37 22 62
151 42 27 225
151 48 15 224
151 50 49 236
151 51 37 171
151 55 7 278
152 4 43 289
152 5 1 115
152 11 19 35
152 18 31 206
152 27 15 79
152 32 37 291
152 33 49 264
152 35 23 135
152 38 55 287
152 48 33 133
152 53 5 231
152 54 10 56
152 66 27 114
152 72 7 249
152 77 13 53
153 1 52 1
153 13 37 176
153 18 1 206
153 19 31 178
153 33 7 294
153 40 25 30
153 42 55 67
153 43 19 243
153 44 49 241
153 46 14 103
153 48 57 19
153 58 16 51
153 60 44 94
153 69 3 236
153 73 22 153
154 9 19 92
154 18 27 265
154 20 37 282
154 24 39 112
154 31 25 78
154 40 56 30
154 48 13 64
154 51 49 4
154 54 22 56
154 55 31 278
154 57 4 14
154 58 43 148
154 66 7 114
154 68 46 180
155 26 7 163
155 31 19 78
155 37 16 286
155 44 43 16
155 46 25 103
155 47 9 189
155 50 37 273
155 51 31 288
155 53 3 102
155 65 1 116
155 68 35 159
155 69 21 132
155 78 29 69
156 3 3 237
156 9 46 141
156 17 25 210
156 18 13 211
156 20 35 298
156 21 39 95
156 25 31 107
156 26 19 298
156 32 28 291
156 44 49 16
156 50 21 28
156 60 15 94
156 67 1 58
156 70 7 59
156 80 55 117
157 22 34 204
157 28 26 234
157 33 7 264
157 36 1 238
157 47 49 189
157 48 37 133
157 52 13 106
157 55 56 18
157 57 22 14
157 72 19 167
157 75 43 7
157 76 17 124
157 77 29 53
157 78 51 69
158 13 51 205
158 23 2 201
158 24 7 190
158 28 25 23
158 33 27 83
158 34 11 9
158 38 43 174
158 44 34 241
158 48 37 64
158 59 13 75
158 61 31 247
158 63 16 136
158 64 22 13
158 71 55 271
158 79 19 252
159 22 55 204
159 38 31 258
159 39 37 17
159 53 1 231
159 60 10 94
159 62 3 76
159 64 19 13
159 66 21 244
159 71 14 271
159 72 28 167
159 73 45 153
159 75 7 7
159 77 25 53
160 3 52 237
160 6 25 147
160 8 7 84
160 15 14 15
160 19 55 82
160 20 43 298
160 35 33 135
160 40 2 275
160 42 29 225
160 43 49 203
160 44 22 241
160 45 45 283
160 72 10 281
160 80 39 23
161 6 7 193
161 13 43 205
161 15 1 15
161 17 37 210
161 24 55 216
161 25 4 152
161 27 25 143
161 28 29 23
161 33 19 294
161 46 39 103
161 50 13 273
161 52 31 106
161 59 49 81
162 6 33 147
162 18 38 206
162 20 41 282
162 21 31 95
162 26 11 163
162 28 43 234
162 37 22 286
162 38 55 152
162 42 25 225
162 55 13 239
162 66 27 144
162 69 1 73
162 74 52 85
162 78 47 69
163 3 21 237
163 4 52 262
163 9 1 141
163 13 43 281
163 25 15 107
163 38 55 230
163 41 34 54
163 43 4 214
163 45 37 283
163 53 9 231
163 72 31 249
163 75 28 280
163 77 19 53
164 9 49 141
164 13 25 205
164 21 13 95
164 23 1 22
164 24 37 190
164 26 45 163
164 34 47 9
164 41 55 245
164 46 19 103
164 63 16 227
164 67 9 299
164 68 43 180
164 71 21 151
165 6 49 193
165 7 37 274
165 20 9 282
165 27 19 143
165 30 17 25
165 34 41 9
165 39 43 17
165 44 25 241
165 47 5 127
165 55 1 278
165 67 7 299
165 68 13 180
165 79 31 252
166 8 37 130
166 9 25 92
166 10 31 140
166 18 5 206
166 24 44 112
166 48 8 64
166 52 19 54
166 57 13 162
166 67 28 299
166 72 52 249
166 74 49 85
166 80 1 240
167 1 46 1
167 4 1 262
167 6 21 134
167 9 28 92
167 13 37 205
167 20 56 282
167 46 49 103
167 51 13 300
167 57 4 221
167 60 8 250
167 62 33 194
167 76 31 124
167 78 19 69
168 2 23 6
168 14 10 288
168 16 33 209
168 17 41 210
168 20 49 73
168 22 13 77
168 27 25 139
168 35 1 135
168 46 4 103
168 53 7 102
168 57 43 14
168 66 56 183
168 68 51 106
169 3 7 228
169 11 13 192
169 15 9 66
169 26 20 163
169 28 31 23
169 38 43 152
169 43 40 27
169 46 22 103
169 49 1 188
169 52 26 106
169 54 58 56
169 57 37 221
169 59 35 259
169 67 17 299
169 77 33 53
170 4 26 289
170 11 19 192
170 14 31 222
170 18 7 206
170 20 13 282
170 22 33 237
170 25 47 107
170 33 37 264
170 35 11 135
170 37 1 62
170 47 44 189
170 55 49 239
170 63 4 80
170 67 15 299
170 68 9 180
171 9 58 141
171 14 53 222
171 16 7 209
171 26 13 298
171 42 35 67
171 46 51 103
171 48 9 19
171 62 2 157
171 65 55 119
171 66 15 45
171 67 19 58
171 79 28 252
171 80 37 117
172 1 16 1
172 19 55 70
172 28 27 23
172 29 46 242
172 38 32 71
172 42 44 225
172 43 7 214
172 49 19 166
172 54 49 56
172 56 2 229
172 59 11 81
172 61 37 247
172 67 25 299
172 72 13 167
173 8 28 84
173 19 19 70
173 28 53 234
173 29 25 242
173 38 37 174
173 42 13 225
173 45 49 283
173 60 55 94
173 63 44 136
173 68 41 159
173 69 7 132
173 74 4 85
173 76 15 124
173 77 23 53
174 2 27 96
174 4 1 289
174 13 21 205
174 18 7 211
174 19 43 82
174 20 19 282
174 21 16 39
174 27 31 139
174 30 41 50
174 31 9 147
174 38 49 174
174 47 35 228
174 58 4 51
174 65 29 119
175 4 34 262
175 8 16 130
175 17 20 98
175 35 47 135
175 38 37 71
175 49 7 125
175 53 27 102
175 58 1 51
175 59 22 259
175 60 58 250
175 63 13 136
175 76 4 198
175 78 49 69
176 14 15 222
176 21 1 95
176 28 58 234
176 31 10 78
176 41 45 245
176 53 39 231
176 56 34 229
176 64 13 13
176 75 7 267
176 77 17 145
176 80 19 117
177 4 31 262
177 9 7 141
177 13 25 176
177 14 43 222
177 22 10 204
177 24 49 190
177 40 45 21
177 42 38 67
177 43 34 214
177 50 20 236
177 57 16 14
177 68 40 106
177 69 1 185
177 76 5 124
178 1 8 1
178 3 15 228
178 9 52 141
178 17 17 98
178 20 47 282
178 22 2 204
178 32 58 291
178 45 43 184
178 46 11 3
178 56 31 251
178 57 19 162
178 60 22 94
178 65 38 119
178 71 25 123
179 9 31 92
179 11 7 43
179 17 1 210
179 21 21 39
179 31 47 78
179 38 49 287
179 41 4 245
179 42 56 225
179 56 28 229
179 62 43 157
179 63 16 80
179 64 39 13
179 72 25 167
179 73 41 153
180 2 1 6
180 6 39 202
180 20 58 298
180 23 25 201
180 24 43 295
180 26 15 163
180 28 20 23
180 37 34 286
180 53 13 102
180 66 3 244
180 72 52 167
180 77 37 53
180 79 55 252
180 80 8 90
181 1 40 1
181 14 47 222
181 22 34 77
181 26 16 298
181 28 5 234
181 30 9 50
181 35 7 135
181 47 3 189
181 55 49 18
181 56 25 229
181 63 20 227
181 68 29 159
181 76 23 83
181 77 58 53
182 2 11 96
182 4 55 262
182 24 37 295
182 30 4 25
182 44 13 241
182 46 1 103
182 47 35 50
182 49 25 191
182 51 7 159
182 53 16 102
182 57 50 162
182 60 58 166
182 64 46 13
182 71 31 41
182 73 53 153
183 4 34 289
183 8 56 130
183 12 39 109
183 17 1 98
183 19 49 178
183 20 5 281
183 22 43 77
183 29 28 26
183 34 25 9
183 37 7 62
183 38 19 230
183 42 3 67
183 64 17 13
183 71 13 123
184 6 1 202
184 16 9 209
184 23 37 22
184 29 52 242
184 31 7 147
184 38 57 174
184 51 32 171
184 57 16 221
184 60 49 94
184 62 43 63
184 66 25 183
184 71 19 271
184 76 55 124
185 8 20 130
185 13 33 164
185 33 3 294
185 42 31 225
185 52 25 89
185 55 49 278
185 56 16 229
185 62 7 157
185 66 43 114
185 67 23 299
185 71 37 123
185 76 57 124
186 12 33 109
186 22 37 237
186 23 7 201
186 31 49 78
186 34 27 9
186 42 23 225
186 43 4 243
186 50 43 173
186 51 19 288
186 60 1 255
186 63 55 136
186 65 15 119
187 9 43 141
187 19 1 70
187 40 19 21
187 43 15 214
187 45 37 187
187 47 55 189
187 53 5 102
187 56 7 229
187 63 10 136
187 67 13 299
187 75 28 267
187 76 50 124
187 78 53 69
188 2 28 6
188 9 25 141
188 15 7 171
188 25 35 107
188 33 49 83
188 43 43 214
188 45 31 187
188 48 39 224
188 49 13 188
188 50 1 28
188 59 46 81
188 70 19 59
188 76 23 124
188 78 37 69
189 3 9 228
189 14 11 222
189 27 13 143
189 37 19 286
189 40 51 275
189 43 31 27
189 47 37 189
189 52 25 24
189 57 1 14
189 67 55 58
189 73 47 153
189 76 39 124
189 78 45 69
190 2 59 6
190 4 13 289
190 6 7 202
190 7 26 274
190 10 19 140
190 13 55 205
190 18 3 265
190 23 44 201
190 46 11 74
190 53 16 231
190 57 37 162
190 58 31 51
190 63 34 80
190 72 49 167
191 2 21 96
191 6 1 170
191 8 52 84
191 12 55 109
191 26 29 298
191 27 38 49
191 40 57 275
191 48 25 19
191 66 14 183
191 71 32 207
191 75 10 280
191 79 43 252
192 3 14 279
192 8 25 130
192 13 55 258
192 16 21 209
192 24 31 112
192 25 39 107
192 34 4 9
192 35 59 135
192 38 49 71
192 44 28 241
192 53 11 231
192 58 1 148
192 69 7 185
192 77 19 145
192 80 44 90
193 3 51 279
193 8 46 84
193 35 3 135
193 37 13 62
193 42 49 67
193 49 31 191
193 53 7 231
193 54 43 56
193 59 21 169
193 60 25 250
193 68 5 159
193 75 10 267
194 8 7 130
194 15 58 66
194 19 19 82
194 20 56 298
194 37 34 62
194 40 50 233
194 51 1 4
194 64 41 13
194 65 23 116
194 66 37 114
194 71 13 41
194 73 27 181
194 76 25 124
195 12 47 109
195 16 57 209
195 17 22 98
195 20 1 281
195 29 10 26
195 31 5 78
195 35 13 135
195 51 25 300
195 59 49 169
195 60 7 255
195 63 43 227
195 67 29 58
196 1 43 1
196 16 59 209
196 17 29 98
196 19 2 82
196 25 19 279
196 26 33 298
196 29 25 26
196 40 21 275
196 41 40 245
196 48 7 224
196 51 55 288
196 59 14 81
196 68 17 180
196 73 11 181
197 17 33 98
197 24 1 65
197 38 49 230
197 43 25 27
197 44 16 241
197 46 31 103
197 53 11 102
197 55 7 134
197 69 44 185
197 72 40 249
197 77 21 53
198 3 39 228
198 14 5 126
198 18 21 206
198 20 3 282
198 29 13 242
198 38 7 174
198 42 53 67
198 46 17 3
198 47 19 189
198 55 25 18
198 57 43 162
198 68 11 159
199 8 10 84
199 17 27 210
199 21 23 95
199 37 7 286
199 44 52 241
199 48 43 19
199 52 1 24
199 58 13 51
199 60 49 166
199 63 31 227
199 66 37 144
199 75 19 280
200 3 3 279
200 5 13 115
200 6 25 34
200 14 17 126
200 17 11 210
200 22 31 204
200 35 43 135
200 37 40 62
200 39 19 17
200 41 58 245
200 51 45 4
200 59 9 81
200 64 1 13
Điểm tối ưu: 2697
Thời gian: 360.032487 giây
Trạng thái: VALID
