503
1 2 50 62
1 3 21 68
1 5 34 56
1 7 40 47
1 10 45 75
1 11 58 58
1 13 31 52
1 14 55 33
1 16 10 67
2 3 56 68
2 4 51 60
2 5 20 56
2 8 40 15
2 10 8 34
2 11 1 61
2 12 44 7
2 13 31 60
2 19 25 8
2 20 28 23
3 1 4 1
3 2 44 69
3 5 34 17
3 10 55 14
3 13 28 26
3 14 9 33
3 15 50 29
3 16 25 67
3 17 20 32
3 19 16 50
3 20 13 60
4 5 51 56
4 7 10 23
4 9 33 70
4 10 26 34
4 11 22 61
4 16 31 67
4 18 13 5
4 20 46 26
5 1 46 1
5 4 37 75
5 7 10 47
5 8 58 15
5 9 41 70
5 11 43 61
5 12 32 35
5 15 20 29
5 16 27 67
5 18 49 13
5 19 7 8
5 20 16 60
6 4 33 68
6 8 28 15
6 9 23 70
6 10 14 75
6 11 1 58
6 12 55 7
6 13 10 60
6 16 7 33
6 17 49 69
6 18 44 13
6 19 37 8
6 20 40 26
7 3 39 71
7 5 23 56
7 7 28 47
7 8 25 15
7 11 16 55
7 14 58 33
7 16 55 67
7 19 45 8
7 20 52 23
8 1 40 1
8 5 17 56
8 7 52 26
8 10 45 66
8 12 13 35
8 13 19 26
8 16 3 67
8 18 7 13
8 19 34 50
9 1 49 1
9 4 25 75
9 5 46 17
9 6 31 19
9 7 55 26
9 8 7 15
9 11 37 61
9 13 22 52
9 15 1 29
9 16 17 67
9 18 13 13
9 19 10 8
9 20 43 60
10 1 43 1
10 2 31 62
10 5 51 17
10 7 28 69
10 9 57 70
10 10 38 34
10 11 4 61
10 16 21 67
10 19 25 50
10 20 1 60
11 3 27 71
11 5 5 17
11 7 55 23
11 9 31 70
11 13 19 52
11 14 1 33
11 16 14 67
11 17 51 32
11 19 43 50
12 4 13 48
12 9 47 70
12 10 50 34
12 11 40 61
12 13 7 52
12 15 31 29
12 17 1 32
12 18 26 58
12 19 22 8
12 20 58 23
13 2 13 62
13 4 19 48
13 7 31 47
13 9 35 70
13 12 50 35
13 14 43 33
13 16 57 67
13 18 27 13
13 19 4 50
13 20 37 23
14 5 10 56
14 6 26 14
14 9 7 70
14 11 34 61
14 15 38 66
14 16 1 67
14 17 43 32
14 19 49 8
14 20 52 58
15 2 55 62
15 3 32 71
15 5 9 17
15 6 43 19
15 7 37 26
15 9 16 70
15 15 1 66
15 16 5 67
15 19 52 8
16 7 13 26
16 8 43 15
16 9 39 70
16 10 2 34
16 11 7 58
16 13 49 26
16 14 22 33
16 19 19 8
17 2 2 62
17 5 11 17
17 10 32 75
17 13 58 52
17 15 14 29
17 17 26 32
17 18 21 5
17 19 49 61
17 20 7 23
18 1 1 1
18 3 7 71
18 4 32 48
18 5 4 56
18 7 13 47
18 8 49 15
18 9 53 70
18 11 28 61
18 13 19 60
18 16 11 68
18 17 55 32
18 19 40 8
19 4 55 48
19 5 23 17
19 7 37 47
19 9 59 70
19 11 16 61
19 12 32 7
19 13 25 26
19 18 51 5
19 19 1 50
19 20 4 23
20 1 19 1
20 4 9 48
20 5 28 17
20 8 46 15
20 9 3 70
20 11 52 61
20 15 55 29
20 16 23 67
20 18 38 13
20 19 16 8
20 20 43 26
21 1 31 1
21 4 38 48
21 6 49 19
21 8 16 15
21 12 57 35
21 15 27 29
21 16 25 68
21 19 4 8
21 20 1 26
22 1 37 1
22 2 32 58
22 6 19 34
22 7 7 26
22 10 13 34
22 13 4 60
22 14 52 33
22 16 29 67
22 18 45 5
22 19 58 50
22 20 25 23
23 1 22 1
23 2 27 33
23 5 49 56
23 6 38 14
23 7 55 47
23 8 52 15
23 12 8 35
23 17 31 32
23 18 2 13
23 19 13 8
23 20 46 23
24 2 19 62
24 4 44 68
24 6 55 19
24 10 27 5
24 16 51 67
24 17 31 55
24 19 10 50
24 20 40 23
25 1 55 1
25 3 1 68
25 5 58 17
25 11 7 55
25 12 44 35
25 13 40 52
25 16 31 33
25 19 28 50
25 20 22 23
26 1 10 1
26 5 25 56
26 6 3 14
26 7 34 47
26 8 55 15
26 10 21 75
26 11 7 61
26 12 14 7
26 16 19 67
26 20 28 60
27 4 49 68
27 5 57 56
27 6 31 14
27 7 46 47
27 11 25 61
27 13 28 52
27 15 9 29
27 18 21 13
27 20 13 23
28 2 20 58
28 5 32 17
28 7 16 23
28 9 29 70
28 13 25 52
28 15 8 66
28 16 41 33
28 17 57 55
28 18 3 5
28 20 34 23
29 1 52 1
29 2 1 69
29 3 39 68
29 4 56 60
29 6 7 19
29 7 49 47
29 8 22 15
29 11 46 61
29 12 26 35
29 13 13 52
29 16 37 67
29 18 31 5
29 19 19 50
30 1 13 1
30 2 43 62
30 7 58 47
30 9 27 70
30 11 49 55
30 13 1 52
30 14 4 33
30 17 21 55
30 19 31 50
31 3 20 71
31 4 38 55
31 5 14 17
31 7 7 47
31 9 25 70
31 10 43 34
31 11 55 61
31 12 2 35
31 14 16 33
31 16 47 67
31 18 32 13
32 1 25 1
32 2 56 69
32 5 2 56
32 7 52 47
32 9 11 70
32 12 38 7
32 13 46 52
32 16 49 67
32 19 13 50
32 20 31 26
33 1 28 1
33 2 15 69
33 9 21 70
33 10 57 75
33 11 10 58
33 13 7 60
33 14 49 33
33 15 44 29
33 16 53 68
33 19 39 50
33 20 25 60
34 6 26 19
34 7 1 47
34 8 13 15
34 9 37 70
34 11 46 33
34 12 21 35
34 13 43 52
34 16 59 67
34 19 7 50
34 20 10 26
35 2 20 69
35 3 13 68
35 5 27 56
35 8 10 15
35 9 45 70
35 12 1 7
35 13 49 52
35 14 38 33
35 15 56 66
35 16 43 67
35 19 52 50
36 2 14 58
36 3 55 71
36 5 32 56
36 6 9 14
36 8 37 15
36 10 3 75
36 11 52 55
36 12 20 7
36 13 34 26
36 16 7 67
37 1 34 1
37 2 45 58
37 4 26 48
37 5 15 56
37 7 4 26
37 9 55 70
37 11 10 61
37 13 52 52
37 18 38 58
37 19 1 8
38 5 29 56
38 6 14 14
38 7 43 47
38 8 4 15
38 9 9 70
38 11 31 61
38 13 34 52
38 16 37 68
38 18 55 5
39 4 1 48
39 6 14 19
39 7 25 69
39 9 5 70
39 12 50 7
39 13 10 52
39 15 20 66
39 16 31 68
39 20 55 58
40 3 50 71
40 5 19 17
40 6 45 14
40 7 4 47
40 10 21 14
40 11 13 61
40 13 37 52
40 15 31 69
40 16 40 67
40 17 27 55
40 18 7 5
40 19 58 26
41 1 7 1
41 3 3 71
41 4 49 48
41 5 41 56
41 8 19 15
41 9 43 70
41 13 16 52
41 15 27 66
41 16 34 67
41 19 31 8
41 20 22 60
42 5 53 56
42 8 31 15
42 10 7 75
42 15 14 66
42 16 19 68
42 17 43 55
42 18 37 60
42 19 22 50
42 20 1 23
43 5 7 17
43 7 25 47
43 9 1 70
43 10 31 34
43 13 16 26
43 14 19 33
43 16 53 67
43 17 55 34
43 19 49 50
43 20 4 58
44 4 27 68
44 5 1 17
44 6 3 19
44 7 22 47
44 8 34 15
44 12 9 7
44 15 37 69
44 19 55 8
44 20 31 23
45 1 16 1
45 2 9 62
45 5 53 17
45 9 51 70
45 10 38 5
45 11 19 61
45 13 4 52
45 14 13 33
45 19 34 8
46 1 58 1
46 5 47 56
46 6 19 19
46 7 49 23
46 9 14 70
46 11 4 55
46 16 45 67
46 17 37 32
46 19 28 8
46 20 34 60
47 2 8 69
47 3 15 71
47 5 13 56
47 6 38 19
47 11 1 55
47 15 49 66
47 18 57 13
47 19 46 50
47 20 19 23
48 4 44 48
48 5 7 56
48 7 19 47
48 8 1 15
48 11 10 55
48 12 26 7
48 14 33 33
48 15 37 29
48 16 5 68
48 17 14 32
48 19 58 8
48 20 49 58
49 2 26 62
49 3 44 71
49 4 7 68
49 5 49 17
49 7 22 26
49 9 19 70
49 10 51 14
49 11 13 55
49 12 38 35
49 13 55 52
49 16 17 68
50 2 39 62
50 4 51 75
50 5 37 17
50 7 16 47
50 9 49 70
50 11 58 61
50 13 46 60
50 15 32 66
50 17 8 32
50 19 55 50
50 20 43 23
Điểm tối ưu: 503
Thời gian: 89.865025 giây
Trạng thái: VALID
