2028
1 3 46 203
1 5 7 111
1 6 29 169
1 14 57 15
1 18 34 84
1 22 22 161
1 26 26 65
1 28 4 76
1 30 14 128
1 49 31 154
1 52 10 39
1 55 19 113
1 56 38 82
1 60 50 9
2 5 28 181
2 11 39 69
2 20 32 186
2 22 25 211
2 29 23 133
2 36 17 150
2 43 7 156
2 48 55 224
2 50 19 136
2 52 52 201
2 57 3 222
2 59 50 202
3 4 56 151
3 5 52 181
3 7 40 42
3 10 31 18
3 18 4 218
3 21 2 209
3 24 10 53
3 28 49 96
3 30 33 93
3 37 43 116
3 38 13 107
3 40 25 149
3 54 20 198
3 57 28 222
4 1 28 1
4 8 19 97
4 19 25 178
4 27 16 137
4 29 9 133
4 32 55 16
4 35 1 56
4 43 53 156
4 44 51 37
4 46 38 116
4 47 5 33
4 48 58 204
4 49 43 108
4 58 31 3
4 59 47 162
5 16 13 194
5 22 2 211
5 27 7 130
5 29 35 133
5 33 37 139
5 34 31 148
5 36 19 150
5 37 39 24
5 38 21 49
5 41 51 215
5 45 27 120
5 53 43 28
5 57 58 222
6 2 1 115
6 9 27 147
6 11 7 69
6 13 4 118
6 20 16 134
6 27 13 137
6 32 31 184
6 43 46 156
6 46 49 182
6 51 9 171
6 52 37 144
6 54 19 7
6 59 25 202
7 3 2 180
7 5 34 121
7 12 19 90
7 17 13 179
7 18 8 17
7 28 27 76
7 30 56 21
7 38 37 220
7 40 31 167
7 47 41 33
7 48 49 83
7 54 15 7
8 5 56 181
8 7 49 42
8 9 11 38
8 10 29 46
8 11 15 69
8 17 1 179
8 28 32 81
8 31 5 99
8 33 3 139
8 34 7 9
8 37 19 208
8 46 38 183
8 50 35 136
8 54 25 198
8 60 43 78
9 3 34 180
9 4 4 221
9 5 31 181
9 12 19 184
9 17 49 14
9 22 45 211
9 26 55 95
9 30 14 112
9 47 28 45
9 48 37 224
9 49 40 154
9 57 8 192
9 58 25 3
10 16 15 59
10 17 31 14
10 18 40 84
10 19 22 178
10 20 26 186
10 21 3 89
10 22 33 211
10 24 43 74
10 27 10 130
10 33 57 30
10 35 19 56
10 45 13 120
10 47 35 45
10 50 38 199
11 2 37 115
11 8 13 31
11 10 11 46
11 16 21 59
11 23 57 27
11 26 43 82
11 35 4 129
11 43 45 12
11 44 19 37
11 46 50 183
11 48 7 224
11 55 1 113
11 57 55 192
12 15 43 172
12 18 16 17
12 22 51 211
12 26 5 65
12 28 38 76
12 29 53 133
12 37 56 24
12 44 49 37
12 45 1 120
12 46 25 183
12 47 13 45
12 54 8 107
12 60 21 168
13 1 4 1
13 3 10 203
13 8 55 179
13 17 43 14
13 18 37 84
13 24 19 53
13 29 7 133
13 31 51 99
13 38 14 220
13 42 45 171
13 48 40 224
13 49 25 108
13 50 22 136
13 52 32 57
13 58 1 3
14 4 22 221
14 18 19 84
14 19 43 178
14 31 13 152
14 33 17 139
14 35 46 56
14 36 41 150
14 38 7 215
14 44 39 37
14 50 34 199
14 51 55 217
14 56 3 141
14 57 15 222
15 4 13 151
15 15 50 172
15 16 31 58
15 24 37 74
15 28 19 81
15 42 56 85
15 43 43 156
15 44 3 37
15 48 34 224
15 49 46 154
15 50 23 199
15 53 9 77
15 55 28 113
16 9 1 147
16 10 5 46
16 12 25 168
16 13 55 118
16 20 58 134
16 34 34 148
16 37 44 208
16 40 20 149
16 43 40 12
16 46 8 35
16 49 31 108
16 52 16 144
16 56 50 82
16 59 3 162
17 1 7 1
17 10 26 18
17 16 37 194
17 20 19 186
17 21 33 209
17 22 10 161
17 26 31 95
17 43 28 156
17 45 39 120
17 46 14 91
17 52 22 144
17 54 1 122
17 57 5 222
17 60 55 90
18 8 43 174
18 10 1 18
18 12 3 184
18 17 25 179
18 22 41 211
18 24 50 74
18 27 27 137
18 30 13 21
18 31 39 152
18 34 56 148
18 41 20 216
18 56 7 141
19 2 10 115
19 4 25 173
19 10 7 18
19 11 59 69
19 18 43 84
19 19 46 178
19 30 1 128
19 32 34 184
19 33 23 139
19 41 19 102
19 43 28 12
19 44 37 37
19 51 39 36
19 53 13 197
19 56 50 87
20 7 4 42
20 12 43 168
20 13 1 118
20 20 13 134
20 24 22 53
20 26 35 95
20 38 49 49
20 41 37 102
20 42 55 123
20 47 47 33
20 56 31 141
20 58 28 3
21 3 2 203
21 11 44 69
21 12 57 168
21 17 21 14
21 18 28 84
21 22 5 211
21 24 16 53
21 31 41 152
21 32 13 16
21 33 19 30
21 38 31 107
21 39 7 158
21 56 50 212
22 7 16 42
22 8 1 25
22 11 33 69
22 18 13 84
22 19 37 178
22 24 22 68
22 25 11 2
22 33 29 139
22 37 25 208
22 43 47 12
22 56 7 82
22 57 43 192
23 3 55 203
23 8 50 179
23 10 21 18
23 18 58 17
23 28 13 76
23 30 7 21
23 31 5 152
23 36 11 150
23 38 43 107
23 41 33 175
23 46 1 183
23 49 16 108
23 56 38 87
24 1 1 1
24 2 25 115
24 3 28 180
24 4 4 173
24 5 31 111
24 9 47 147
24 10 15 18
24 17 35 14
24 21 17 209
24 22 49 211
24 29 57 133
24 32 37 16
24 34 7 138
24 36 59 150
24 42 43 59
25 9 57 147
25 14 33 15
25 16 41 194
25 17 53 14
25 20 4 186
25 28 1 76
25 29 55 133
25 30 25 21
25 38 44 220
25 40 16 167
25 43 14 156
25 46 9 91
25 50 7 199
25 59 21 162
26 2 52 115
26 3 43 203
26 8 8 25
26 13 19 118
26 15 26 172
26 16 23 59
26 21 13 209
26 28 46 96
26 37 15 24
26 38 3 220
26 43 39 156
26 52 49 39
26 56 32 82
27 2 28 115
27 12 51 23
27 18 25 84
27 23 2 79
27 31 32 152
27 32 19 16
27 39 56 158
27 46 15 182
27 51 7 217
27 52 34 73
27 53 43 38
27 57 22 192
27 60 39 49
28 1 40 1
28 3 25 203
28 4 37 190
28 6 53 169
28 12 1 23
28 18 22 17
28 23 28 27
28 29 17 133
28 33 45 30
28 34 8 148
28 37 33 208
28 52 13 144
28 55 55 113
28 57 19 222
29 5 13 111
29 9 11 31
29 10 17 46
29 16 5 194
29 20 46 186
29 25 53 2
29 27 55 137
29 38 25 187
29 42 19 123
29 43 41 156
29 44 1 87
29 52 7 57
30 10 5 18
30 13 28 118
30 18 46 218
30 20 16 186
30 24 58 74
30 29 39 133
30 33 1 30
30 34 13 138
30 37 49 24
30 38 7 187
30 40 43 51
30 46 19 182
30 47 25 33
30 51 31 98
30 57 53 192
31 5 55 111
31 9 59 147
31 13 16 118
31 14 1 15
31 19 40 178
31 22 37 211
31 31 20 99
31 35 28 129
31 38 50 220
31 43 31 156
31 46 7 116
31 55 43 113
31 60 33 138
32 15 14 172
32 16 5 58
32 21 56 209
32 25 26 200
32 26 41 65
32 27 8 137
32 30 50 21
32 36 31 150
32 37 33 24
32 39 1 158
32 41 37 215
32 42 44 124
32 46 19 80
32 52 28 201
32 55 58 113
33 4 9 151
33 12 13 23
33 13 52 118
33 22 28 211
33 23 31 79
33 24 34 53
33 33 7 139
33 38 37 107
33 40 44 167
33 41 20 215
33 48 25 204
33 52 49 144
33 56 1 212
33 57 41 222
34 5 1 121
34 8 55 25
34 10 19 18
34 12 27 23
34 16 40 58
34 17 9 14
34 18 31 84
34 19 52 178
34 23 34 79
34 37 13 208
34 59 49 162
35 1 37 1
35 4 33 190
35 24 46 74
35 27 52 137
35 29 13 133
35 32 7 16
35 33 5 30
35 37 55 208
35 38 1 19
35 43 11 12
35 50 50 136
35 54 20 122
35 56 25 87
35 59 15 162
36 8 3 179
36 13 43 118
36 26 15 65
36 27 58 137
36 33 55 30
36 37 25 24
36 45 49 120
36 47 9 33
36 49 38 108
36 53 31 38
36 56 19 82
36 60 51 117
37 5 25 181
37 9 17 147
37 12 44 90
37 22 3 161
37 23 34 27
37 26 15 95
37 28 52 96
37 31 59 99
37 34 49 138
37 40 28 149
37 42 38 85
37 46 9 182
37 48 20 204
37 56 55 141
38 1 46 1
38 5 43 181
38 6 17 169
38 9 29 147
38 14 55 15
38 18 10 84
38 25 19 200
38 28 58 76
38 30 33 128
38 33 40 30
38 39 13 158
38 53 25 28
38 55 49 113
38 56 21 35
38 57 3 192
39 3 28 203
39 4 19 173
39 18 44 17
39 22 41 212
39 23 22 32
39 25 53 200
39 26 26 95
39 35 37 129
39 37 49 208
39 38 8 220
39 41 31 215
39 43 4 12
39 44 58 51
39 50 2 136
39 54 15 77
40 3 31 180
40 8 13 25
40 9 41 147
40 13 25 118
40 22 23 211
40 23 20 79
40 27 1 130
40 30 49 112
40 32 34 16
40 39 37 158
40 41 8 102
40 49 28 108
40 56 44 63
41 9 39 147
41 11 49 69
41 14 59 15
41 17 37 59
41 28 31 96
41 30 8 112
41 32 25 93
41 34 28 148
41 35 13 129
41 43 16 156
41 44 21 37
41 47 5 45
41 54 55 77
41 56 1 63
42 5 4 181
42 13 58 118
42 17 1 14
42 26 46 95
42 27 50 11
42 29 27 133
42 31 31 99
42 35 14 56
42 38 19 107
42 42 38 124
42 43 33 156
42 47 56 45
42 55 10 113
42 59 7 162
43 12 20 23
43 20 4 134
43 24 40 68
43 27 15 11
43 31 43 152
43 33 53 30
43 41 45 216
43 42 8 117
43 45 51 120
43 51 31 171
43 55 37 113
43 56 25 35
43 60 55 78
44 4 16 151
44 9 51 147
44 11 5 69
44 16 59 194
44 20 55 134
44 28 13 81
44 32 45 16
44 38 19 19
44 41 8 216
44 44 32 37
44 46 37 182
44 52 2 57
44 53 26 19
45 10 35 18
45 11 11 69
45 13 46 118
45 14 49 15
45 21 29 209
45 30 7 128
45 31 2 99
45 32 58 16
45 35 51 129
45 37 37 157
45 48 22 224
45 51 31 217
45 54 25 107
45 56 15 212
46 7 58 42
46 9 34 147
46 19 4 178
46 22 13 161
46 23 44 79
46 25 2 200
46 26 8 65
46 31 10 152
46 32 31 16
46 36 21 150
46 40 16 149
46 42 25 85
46 57 40 192
46 59 19 162
47 5 2 111
47 11 17 69
47 13 40 118
47 18 19 175
47 23 10 27
47 25 22 200
47 36 33 150
47 38 55 215
47 42 44 85
47 49 52 154
47 52 26 57
47 53 13 28
48 5 1 181
48 8 15 179
48 20 27 134
48 22 5 161
48 26 13 95
48 29 47 133
48 32 10 16
48 35 20 129
48 37 43 24
48 38 32 220
48 43 25 156
48 46 55 182
48 51 50 36
48 52 38 73
49 2 16 115
49 3 13 167
49 8 55 174
49 14 51 15
49 15 7 172
49 29 25 133
49 31 37 99
49 32 27 16
49 35 40 129
49 41 44 215
49 46 19 183
49 47 11 33
49 48 2 83
49 50 5 219
49 56 32 63
50 4 25 221
50 5 14 181
50 8 1 31
50 9 53 147
50 14 40 15
50 16 29 58
50 22 51 161
50 23 22 27
50 25 7 200
50 26 5 95
50 33 19 139
50 35 10 129
50 51 43 98
50 59 17 202
51 16 26 194
51 17 16 14
51 19 49 178
51 23 19 27
51 25 56 200
51 26 7 95
51 32 4 93
51 43 31 12
51 48 46 83
51 54 37 198
51 57 43 222
51 59 10 202
51 60 33 117
52 3 7 180
52 7 1 42
52 17 31 179
52 21 46 89
52 23 28 32
52 26 23 82
52 28 10 96
52 29 49 133
52 36 51 150
52 37 37 208
52 44 17 51
52 47 15 33
52 50 26 199
52 54 56 198
52 57 19 192
53 3 7 203
53 4 31 151
53 5 10 181
53 14 23 15
53 17 27 14
53 23 13 79
53 25 25 2
53 27 40 11
53 30 2 112
53 31 16 152
53 36 57 150
53 41 44 175
53 42 50 124
53 44 29 51
53 52 19 73
54 6 49 169
54 9 41 31
54 14 47 15
54 16 35 59
54 27 4 11
54 31 58 152
54 34 1 9
54 36 55 150
54 37 7 24
54 41 37 216
54 45 25 120
54 53 31 197
54 55 22 113
54 60 43 49
55 1 16 1
55 3 49 203
55 11 27 69
55 14 3 15
55 16 53 194
55 17 37 179
55 35 22 56
55 44 56 37
55 48 10 204
55 50 1 219
55 52 7 73
55 57 46 192
55 58 43 3
56 1 25 1
56 6 55 169
56 11 19 69
56 12 8 23
56 14 35 15
56 28 16 81
56 30 37 128
56 31 28 152
56 32 2 16
56 34 21 138
56 36 43 150
56 43 13 12
56 48 31 204
57 5 25 111
57 10 23 18
57 19 58 178
57 20 49 134
57 22 47 161
57 23 7 27
57 25 56 2
57 29 33 133
57 34 38 148
57 39 19 158
57 41 13 215
57 57 1 222
57 60 3 78
58 10 15 46
58 11 37 69
58 16 51 194
58 18 55 218
58 24 7 53
58 26 10 65
58 29 41 133
58 31 47 152
58 43 1 156
58 47 3 33
58 49 21 108
58 50 13 199
58 58 34 3
59 4 31 173
59 8 49 174
59 10 55 18
59 11 57 69
59 13 13 118
59 21 11 89
59 24 1 53
59 28 43 81
59 34 4 9
59 43 23 156
59 44 59 37
59 51 7 97
59 56 37 212
59 59 27 202
60 9 5 147
60 20 37 134
60 24 27 68
60 33 15 139
60 38 1 107
60 43 11 156
60 44 32 51
60 45 46 120
60 47 56 33
60 50 13 136
60 51 50 217
60 55 7 113
60 57 34 222
60 59 25 162
60 60 20 78
61 5 14 32
61 11 21 69
61 18 46 84
61 22 37 161
61 24 31 74
61 26 17 65
61 28 10 81
61 32 34 9
61 33 1 139
61 34 4 148
61 41 56 102
61 46 26 116
61 49 43 154
61 50 19 199
61 57 50 192
62 3 20 180
62 5 7 181
62 12 26 184
62 16 31 59
62 18 49 84
62 27 10 11
62 38 33 179
62 47 23 33
62 51 2 217
62 52 52 144
62 53 39 28
62 54 44 7
62 56 15 82
63 5 38 181
63 11 25 69
63 14 9 15
63 16 3 59
63 22 7 211
63 24 43 53
63 32 52 16
63 33 13 30
63 36 47 150
63 38 27 179
63 42 57 59
63 45 11 120
63 54 15 141
64 3 52 180
64 6 41 169
64 7 55 42
64 8 43 31
64 9 3 147
64 15 31 172
64 16 39 194
64 23 25 79
64 25 1 2
64 28 7 96
64 29 37 133
64 46 20 91
64 51 14 36
64 59 28 162
65 8 19 25
65 23 46 27
65 27 37 11
65 30 25 112
65 35 43 56
65 39 31 158
65 40 40 149
65 42 7 123
65 43 17 12
65 56 56 63
65 57 35 192
65 58 4 3
66 1 10 1
66 4 49 173
66 6 27 169
66 7 43 42
66 10 7 46
66 12 32 168
66 16 17 58
66 17 58 14
66 21 19 209
66 22 39 211
66 32 22 93
66 41 13 175
66 45 55 120
66 54 1 198
66 55 52 113
67 9 7 147
67 10 13 18
67 17 40 14
67 20 1 186
67 24 31 53
67 25 11 200
67 28 4 96
67 34 49 148
67 41 57 175
67 44 29 37
67 45 37 120
67 46 21 116
67 47 9 45
67 55 34 113
67 58 52 3
68 3 44 180
68 7 37 42
68 12 9 184
68 17 7 14
68 24 34 74
68 29 19 133
68 41 14 102
68 45 41 120
68 49 49 108
68 51 56 36
68 53 2 38
68 54 27 122
68 58 22 3
69 5 31 32
69 7 46 42
69 15 1 172
69 18 40 175
69 20 9 186
69 25 38 200
69 27 26 11
69 28 22 76
69 32 43 184
69 41 49 216
69 48 19 83
69 51 14 98
69 52 34 39
70 4 43 151
70 8 38 174
70 12 13 168
70 17 47 59
70 19 34 178
70 25 9 200
70 26 19 65
70 27 4 130
70 29 11 133
70 30 57 93
70 32 31 9
70 40 1 4
70 42 21 85
70 54 49 141
70 60 26 49
71 2 19 115
71 5 7 32
71 9 37 147
71 21 5 89
71 27 52 130
71 33 15 30
71 35 10 56
71 41 27 216
71 42 32 85
71 44 57 87
71 46 1 116
71 49 39 44
71 57 45 222
72 12 31 23
72 18 4 175
72 25 17 2
72 27 55 130
72 30 19 128
72 32 58 184
72 40 10 167
72 44 53 37
72 48 28 83
72 49 7 154
72 51 13 97
72 52 1 73
72 54 49 7
72 56 43 212
73 3 25 167
73 5 16 111
73 6 57 169
73 9 31 147
73 10 49 18
73 11 1 69
73 12 51 184
73 18 37 17
73 20 13 186
73 22 47 211
73 26 9 95
73 29 3 133
73 44 7 51
73 50 11 199
73 51 19 36
74 8 49 31
74 14 21 15
74 22 1 161
74 28 25 96
74 30 55 112
74 32 15 184
74 38 43 179
74 40 37 51
74 46 8 183
74 48 3 224
74 53 33 65
75 3 40 180
75 6 37 169
75 13 49 118
75 26 13 65
75 31 10 99
75 33 34 30
75 38 56 107
75 39 26 158
75 40 3 167
75 45 15 120
75 48 43 83
75 59 32 162
76 1 43 1
76 2 46 115
76 4 2 151
76 8 55 31
76 9 49 147
76 18 52 17
76 35 7 195
76 38 15 187
76 40 25 51
76 44 23 37
76 45 19 120
76 46 32 182
76 48 38 83
76 49 10 108
77 8 32 31
77 18 49 17
77 23 4 27
77 24 19 68
77 27 1 11
77 34 45 148
77 40 14 51
77 46 25 91
77 48 52 83
77 53 37 38
77 54 55 122
77 56 7 212
78 2 43 115
78 6 47 169
78 14 38 15
78 20 21 134
78 28 40 96
78 34 16 148
78 36 9 150
78 41 25 175
78 46 55 116
78 47 35 33
78 53 1 28
78 59 13 162
78 60 31 78
79 6 23 169
79 22 31 161
79 26 38 95
79 31 52 152
79 33 21 30
79 34 46 138
79 38 15 19
79 42 57 124
79 45 33 120
79 46 1 91
79 50 8 136
79 55 40 113
79 57 13 192
79 60 26 78
80 5 7 121
80 6 15 169
80 7 52 42
80 9 25 38
80 10 13 46
80 17 46 14
80 20 43 186
80 22 17 211
80 24 4 53
80 28 1 96
80 29 59 133
80 32 19 93
80 40 22 51
80 45 35 120
80 46 55 91
81 2 34 115
81 4 14 173
81 10 46 18
81 18 55 17
81 20 38 186
81 25 59 200
81 35 25 129
81 36 49 150
81 41 51 175
81 44 9 37
81 52 1 201
81 53 19 38
81 59 5 162
82 3 34 203
82 6 39 169
82 10 3 18
82 14 27 15
82 18 7 84
82 21 29 89
82 31 16 99
82 36 25 150
82 47 53 33
82 54 20 141
82 57 1 192
82 58 55 3
83 4 28 221
83 19 1 178
83 25 15 200
83 33 7 30
83 40 40 167
83 45 31 120
83 48 10 224
83 49 37 154
83 51 43 97
83 53 19 197
83 54 33 7
83 57 55 222
84 6 5 169
84 11 51 69
84 12 13 90
84 23 10 79
84 24 26 74
84 27 19 130
84 35 7 56
84 38 56 220
84 41 1 216
84 48 44 224
84 50 29 199
84 54 38 77
84 57 32 222
85 5 49 181
85 7 19 42
85 12 39 168
85 14 11 15
85 17 14 14
85 18 25 218
85 24 22 74
85 27 43 137
85 28 7 81
85 34 16 138
85 36 1 150
85 42 33 123
85 49 4 108
85 56 56 121
86 4 1 190
86 5 58 111
86 8 25 31
86 11 29 69
86 22 41 161
86 30 44 93
86 31 34 152
86 33 13 139
86 34 52 148
86 40 31 149
86 54 37 141
86 56 19 212
86 59 15 202
86 60 7 49
87 3 58 203
87 5 4 121
87 17 37 14
87 21 31 89
87 23 50 79
87 31 53 99
87 37 25 157
87 38 33 187
87 42 39 171
87 49 1 108
87 52 14 73
87 56 20 63
87 59 8 202
88 4 25 190
88 5 20 111
88 10 29 18
88 17 33 59
88 22 35 211
88 23 7 79
88 24 2 68
88 25 31 2
88 36 5 150
88 42 51 85
88 47 23 45
88 50 10 219
88 54 13 122
88 57 17 222
88 58 58 3
89 1 52 1
89 10 9 18
89 15 56 172
89 16 31 194
89 20 45 134
89 24 4 74
89 43 50 12
89 44 15 37
89 47 7 33
89 48 19 224
89 49 34 154
89 52 1 39
89 57 26 192
89 59 29 202
90 11 9 69
90 18 4 84
90 20 32 134
90 22 17 161
90 26 2 95
90 33 49 30
90 37 19 24
90 38 43 187
90 40 13 149
90 42 51 171
90 43 25 12
90 44 27 37
90 51 38 98
90 54 55 7
91 4 28 190
91 9 11 147
91 14 53 15
91 16 20 194
91 20 22 186
91 22 55 161
91 27 46 11
91 29 31 133
91 30 14 93
91 42 1 85
91 43 9 156
91 49 49 154
91 53 38 197
91 54 33 77
91 59 44 162
92 5 34 181
92 6 21 169
92 16 28 59
92 21 13 89
92 22 49 161
92 37 2 24
92 45 17 120
92 46 51 116
92 49 58 154
92 53 7 197
92 54 43 198
92 57 11 192
93 5 46 181
93 10 23 46
93 18 28 17
93 23 40 79
93 31 34 99
93 34 43 138
93 39 51 158
93 41 55 216
93 44 5 51
93 51 1 36
93 52 25 144
93 53 7 38
93 57 11 222
93 58 19 3
94 2 40 115
94 6 13 169
94 12 1 90
94 16 49 59
94 22 26 161
94 23 16 27
94 31 19 152
94 40 10 149
94 43 21 156
94 44 29 87
94 49 56 108
94 50 7 219
94 57 5 192
95 4 1 221
95 8 26 174
95 17 59 179
95 18 52 84
95 25 13 200
95 32 46 184
95 33 31 30
95 35 7 129
95 46 33 116
95 50 10 136
95 53 19 28
95 56 15 87
95 57 23 222
96 3 56 180
96 4 19 151
96 8 33 25
96 14 15 15
96 25 17 200
96 27 2 137
96 35 50 56
96 36 39 150
96 49 7 108
96 51 45 36
96 56 25 212
96 58 10 3
97 1 31 1
97 10 40 18
97 14 13 15
97 17 23 79
97 28 55 76
97 34 10 138
97 36 15 150
97 37 43 157
97 42 2 124
97 48 25 83
97 52 19 144
97 57 28 192
97 60 49 90
98 5 2 32
98 6 35 169
98 11 53 69
98 16 47 194
98 22 43 161
98 26 23 65
98 27 16 130
98 34 13 148
98 35 31 56
98 38 19 220
98 45 9 120
98 47 11 45
98 51 27 217
98 53 49 28
99 3 52 203
99 10 33 18
99 17 40 59
99 28 21 96
99 40 49 167
99 45 57 120
99 46 1 182
99 49 13 44
99 54 44 141
99 56 8 63
99 57 38 192
100 3 49 180
100 8 7 31
100 21 40 89
100 27 34 137
100 31 1 152
100 34 37 27
100 40 52 51
100 46 25 182
100 47 29 33
100 51 20 98
100 53 55 65
100 55 13 113
101 1 58 1
101 2 7 115
101 3 22 203
101 7 13 42
101 8 25 25
101 12 38 90
101 22 11 212
101 24 1 74
101 25 43 200
101 30 45 112
101 38 31 19
101 47 19 33
101 49 55 154
101 52 4 39
101 53 50 38
102 1 22 1
102 7 25 42
102 8 50 168
102 11 35 69
102 17 3 14
102 20 7 134
102 27 46 137
102 29 15 133
102 40 55 167
102 46 31 35
102 48 43 194
102 49 19 154
102 52 58 144
102 60 39 138
103 5 34 32
103 8 9 179
103 16 22 194
103 17 53 90
103 23 1 27
103 25 45 2
103 26 38 65
103 30 56 128
103 33 47 30
103 36 29 150
103 41 13 216
103 42 49 123
103 45 4 120
103 57 32 192
104 2 58 115
104 8 37 31
104 14 25 15
104 27 19 137
104 28 13 96
104 32 7 93
104 40 46 51
104 41 1 102
104 44 5 37
104 46 51 91
104 48 55 83
104 52 32 144
104 56 27 141
104 58 16 3
105 4 52 151
105 16 3 194
105 17 55 14
105 19 16 178
105 27 19 11
105 30 31 112
105 38 39 179
105 40 9 51
105 43 37 156
105 44 1 51
105 47 13 33
105 48 58 224
105 49 22 154
105 57 26 222
106 4 28 151
106 9 20 147
106 10 35 46
106 16 26 59
106 17 33 14
106 23 55 79
106 26 31 65
106 28 22 81
106 30 1 21
106 31 39 99
106 36 37 150
106 44 45 37
106 48 7 204
106 55 16 113
107 2 4 115
107 4 1 173
107 6 43 169
107 8 20 179
107 17 7 179
107 18 13 17
107 20 52 134
107 21 16 89
107 23 58 79
107 24 10 74
107 28 40 81
108 3 37 21
108 5 40 111
108 9 13 147
108 11 46 69
108 16 28 194
108 23 43 27
108 28 16 96
108 34 22 148
108 35 34 56
108 37 2 208
108 43 7 12
108 48 10 83
108 60 51 78
109 5 34 111
109 15 19 172
109 25 32 200
109 26 11 82
109 27 37 130
109 40 40 51
109 44 43 37
109 47 1 33
109 51 50 98
109 54 14 198
109 56 26 82
109 57 59 192
109 58 7 3
110 14 31 15
110 18 1 175
110 19 13 178
110 20 55 186
110 23 37 79
110 25 40 2
110 29 51 133
110 39 43 158
110 40 7 149
110 42 33 124
110 43 19 156
110 47 17 45
110 52 4 201
110 53 21 77
110 56 25 121
111 18 57 84
111 21 11 209
111 22 9 211
111 23 49 27
111 30 44 128
111 34 19 9
111 36 7 150
111 47 53 45
111 48 28 224
111 49 13 108
111 50 32 199
111 53 1 197
111 59 17 162
111 60 39 117
112 13 10 118
112 17 59 90
112 22 20 161
112 23 16 79
112 25 40 200
112 30 43 21
112 31 25 99
112 40 22 167
112 46 31 91
112 48 7 83
112 49 1 44
112 52 4 73
112 53 27 197
112 54 51 198
113 8 49 25
113 12 26 90
113 16 1 59
113 17 47 179
113 26 4 82
113 31 14 99
113 32 10 93
113 43 20 12
113 47 7 45
113 50 39 219
113 53 31 28
113 59 56 162
114 8 32 174
114 12 7 90
114 18 37 175
114 22 57 161
114 24 16 68
114 26 51 95
114 27 13 130
114 31 25 152
114 34 1 148
114 36 53 150
114 40 19 51
114 41 43 102
115 1 49 1
115 5 10 32
115 9 25 147
115 11 13 69
115 14 5 15
115 17 53 59
115 18 40 17
115 19 31 178
115 21 8 209
115 24 57 53
115 29 21 133
115 31 28 99
115 44 34 37
115 58 46 3
116 2 31 115
116 5 14 121
116 6 10 169
116 8 37 25
116 9 43 147
116 16 8 59
116 18 25 17
116 28 28 81
116 30 49 149
116 31 47 99
116 49 3 154
116 56 56 82
116 59 34 202
117 2 22 115
117 19 28 178
117 23 13 27
117 28 44 76
117 29 5 133
117 32 49 16
117 35 16 129
117 41 32 216
117 44 11 37
117 51 7 36
117 53 55 28
117 54 38 7
117 56 1 35
117 57 52 222
118 4 38 221
118 5 46 111
118 8 19 31
118 10 44 18
118 17 23 14
118 21 1 89
118 24 51 53
118 26 29 65
118 30 25 128
118 34 58 138
118 41 32 102
118 54 7 198
118 55 4 113
118 56 15 63
119 1 19 1
119 7 7 42
119 17 29 14
119 21 5 209
119 30 39 112
119 31 22 152
119 36 3 150
119 40 58 167
119 41 25 102
119 42 13 124
119 43 37 12
119 44 31 87
119 47 17 33
119 48 52 224
119 58 49 3
120 4 28 173
120 6 33 169
120 10 17 18
120 17 55 59
120 18 22 218
120 25 50 200
120 27 25 130
120 28 19 76
120 35 46 129
120 45 44 120
120 48 2 204
120 49 52 108
120 51 13 217
120 56 8 87
120 57 57 192
121 1 13 1
121 8 44 25
121 9 17 31
121 25 19 2
121 28 51 76
121 31 7 152
121 35 55 56
121 40 28 167
121 42 21 124
121 43 9 12
121 46 32 183
121 49 25 154
121 54 2 7
121 56 37 63
122 10 27 46
122 16 1 194
122 24 14 74
122 27 40 137
122 30 57 149
122 42 8 124
122 43 35 156
122 44 33 87
122 45 29 120
122 53 49 197
122 56 20 87
122 60 3 49
123 5 25 32
123 6 45 169
123 8 15 174
123 12 39 23
123 17 19 14
123 19 10 178
123 21 21 209
123 22 28 161
123 33 23 30
123 41 51 102
123 44 13 37
123 50 2 199
123 51 55 98
123 52 7 201
123 60 31 49
124 1 34 1
124 4 13 221
124 8 2 174
124 9 55 147
124 13 37 118
124 16 19 59
124 19 7 178
124 21 31 209
124 24 40 74
124 27 22 130
124 29 45 133
124 54 26 77
124 59 58 202
125 4 39 173
125 5 31 121
125 6 19 169
125 8 9 174
125 9 15 147
125 11 55 69
125 12 57 23
125 17 51 59
125 27 43 11
125 30 21 21
125 33 37 30
125 34 25 148
125 38 3 215
125 40 34 149
125 49 28 154
126 2 13 115
126 5 43 121
126 6 31 169
126 9 9 147
126 16 7 194
126 19 19 178
126 22 11 211
126 26 2 82
126 27 22 11
126 33 17 30
126 40 55 51
126 56 50 63
126 57 37 222
126 59 4 202
126 60 27 138
127 5 19 121
127 7 28 42
127 16 34 194
127 22 7 161
127 25 4 200
127 26 11 95
127 28 25 81
127 30 37 93
127 34 43 9
127 38 49 107
127 45 23 120
127 47 46 45
127 49 13 154
127 59 1 202
128 7 31 42
128 10 58 18
128 14 19 15
128 16 5 59
128 20 10 134
128 21 7 89
128 23 28 79
128 27 49 137
128 40 2 149
128 45 53 120
128 46 44 91
128 51 39 97
128 56 15 125
128 57 13 222
129 4 22 173
129 16 51 58
129 29 43 133
129 34 55 138
129 35 4 56
129 43 35 12
129 44 41 37
129 51 25 98
129 53 13 38
129 54 9 122
130 3 31 203
130 6 3 169
130 10 38 18
130 12 45 23
130 16 17 59
130 22 15 211
130 27 22 137
130 28 8 76
130 30 50 93
130 33 28 30
130 47 40 45
130 48 25 224
130 52 19 39
130 60 55 9
131 3 37 180
131 24 49 68
131 26 13 82
131 28 52 81
131 33 3 30
131 35 26 56
131 43 15 12
131 44 1 37
131 45 21 120
131 48 31 224
131 51 7 98
131 55 46 113
132 2 55 115
132 3 39 203
132 7 34 42
132 8 20 174
132 17 51 14
132 18 2 17
132 38 7 19
132 46 45 182
132 51 25 36
132 52 31 73
132 56 13 35
132 57 49 222
133 18 1 84
133 22 35 161
133 25 46 200
133 26 43 65
133 30 19 112
133 31 23 99
133 35 58 56
133 40 52 167
133 46 13 183
133 50 25 136
133 51 38 217
133 54 7 7
133 55 31 113
134 5 22 181
134 12 32 90
134 16 15 194
134 18 19 17
134 21 25 89
134 24 37 53
134 26 2 65
134 31 44 99
134 41 27 215
134 52 10 73
134 57 8 222
134 58 40 3
134 59 13 202
135 3 13 180
135 6 59 169
135 10 21 46
135 12 37 32
135 13 7 118
135 14 45 15
135 28 56 81
135 31 3 152
135 33 43 30
135 42 26 124
135 43 33 12
135 47 19 45
135 50 5 136
135 57 16 192
135 59 1 162
136 4 40 190
136 5 37 111
136 14 17 15
136 21 35 209
136 26 46 65
136 28 49 81
136 32 22 16
136 34 19 148
136 45 7 120
136 49 10 154
136 51 2 98
136 54 31 198
136 56 25 63
136 58 13 3
137 1 55 1
137 7 10 42
137 18 7 175
137 25 29 200
137 27 31 137
137 29 1 133
137 40 34 51
137 44 17 37
137 46 38 91
137 48 14 83
137 56 3 87
137 59 20 202
138 3 10 180
138 6 1 169
138 11 3 69
138 16 49 194
138 18 16 84
138 24 7 74
138 25 5 2
138 26 19 95
138 28 28 96
138 34 31 27
138 54 51 122
138 56 56 212
138 60 38 9
139 3 19 203
139 9 45 147
139 18 22 175
139 20 1 134
139 26 17 95
139 27 7 11
139 34 40 27
139 36 35 150
139 43 5 156
139 44 47 37
139 46 13 116
139 48 49 224
139 54 31 122
139 59 10 162
140 4 16 190
140 18 32 17
140 22 13 211
140 24 19 74
140 25 35 2
140 27 55 11
140 28 2 81
140 32 40 16
140 33 11 30
140 49 22 44
140 53 50 65
140 56 43 87
140 60 7 78
141 4 55 173
141 13 22 118
141 14 7 15
141 16 10 59
141 20 50 186
141 25 35 200
141 32 16 16
141 34 2 138
141 43 53 12
141 48 58 83
141 51 31 36
141 52 13 201
141 53 27 38
141 54 43 122
141 58 37 3
142 3 14 203
142 4 19 190
142 16 11 194
142 20 40 134
142 30 49 128
142 32 28 93
142 35 1 129
142 36 45 150
142 48 55 194
142 50 4 199
142 52 25 73
142 59 22 202
142 60 7 168
143 10 52 18
143 14 43 15
143 16 17 194
143 22 56 211
143 26 21 95
143 27 37 137
143 28 32 76
143 31 8 99
143 43 23 12
143 49 46 108
143 50 49 199
143 52 10 201
143 54 26 7
143 60 13 49
144 4 34 173
144 6 25 169
144 11 31 69
144 21 15 209
144 30 43 149
144 33 11 139
144 36 23 150
144 37 7 208
144 38 27 220
144 40 19 167
144 46 57 183
144 50 17 199
144 53 49 77
144 54 37 122
144 60 1 168
145 4 31 221
145 6 51 169
145 11 41 69
145 14 29 15
145 17 11 14
145 23 25 27
145 28 16 76
145 32 1 93
145 42 7 85
145 43 59 156
145 49 4 44
145 51 20 217
145 53 43 197
145 59 34 162
146 2 49 115
146 3 25 180
146 10 11 18
146 12 38 184
146 13 33 118
146 19 55 178
146 21 23 209
146 29 29 133
146 33 5 139
146 47 2 45
146 51 43 217
146 60 14 78
147 4 49 151
147 9 22 147
147 21 27 89
147 22 20 211
147 23 52 27
147 31 41 99
147 33 9 139
147 35 1 195
147 36 13 150
147 40 37 149
147 44 25 37
147 47 31 33
147 48 33 83
147 50 16 136
147 52 44 144
148 3 16 180
148 5 19 181
148 10 3 46
148 15 39 172
148 18 22 84
148 22 31 211
148 27 33 11
148 35 57 129
148 36 27 150
148 40 49 51
148 46 43 183
148 52 7 39
148 59 37 202
149 5 10 111
149 6 8 169
149 7 22 42
149 10 1 46
149 16 13 59
149 17 5 14
149 35 38 56
149 38 55 49
149 43 3 156
149 45 59 120
149 48 15 224
149 49 34 108
149 55 25 113
149 56 45 82
150 5 19 32
150 11 23 69
150 17 25 14
150 25 28 2
150 28 46 81
150 34 52 138
150 35 43 129
150 42 14 85
150 43 2 12
150 44 7 37
150 52 4 144
150 53 9 28
150 56 31 212
150 60 37 78
Điểm tối ưu: 2028
Thời gian: 359.982736 giây
Trạng thái: VALID
