3935
1 3 21 135
1 9 43 142
1 10 4 435
1 15 53 369
1 23 57 261
1 29 1 143
1 34 8 41
1 36 14 263
1 58 49 442
1 60 37 157
1 68 40 342
1 90 31 148
1 105 10 326
1 109 16 353
2 8 43 355
2 15 49 369
2 16 40 304
2 19 35 103
2 22 45 116
2 29 1 50
2 42 38 358
2 90 56 346
2 93 33 448
2 103 4 99
2 105 51 115
2 107 10 39
2 110 28 409
2 114 15 110
3 6 49 140
3 23 7 150
3 26 16 88
3 27 52 37
3 31 55 298
3 39 9 277
3 40 4 191
3 91 37 217
3 94 59 264
3 99 26 222
3 102 19 440
3 109 31 38
4 2 9 193
4 9 49 319
4 18 40 73
4 25 33 364
4 27 15 37
4 35 55 265
4 42 53 358
4 51 19 377
4 60 4 255
4 77 1 104
4 100 43 422
4 106 25 171
4 115 22 287
5 9 43 319
5 10 37 252
5 21 1 187
5 28 47 197
5 32 9 117
5 48 7 408
5 60 22 157
5 61 4 89
5 73 19 188
5 74 13 95
5 94 52 264
5 120 58 26
6 4 16 382
6 39 53 277
6 43 43 318
6 45 1 258
6 48 32 411
6 60 46 255
6 73 49 320
6 93 3 448
6 95 21 397
6 105 11 115
6 107 27 39
6 111 8 53
6 118 39 139
7 8 19 202
7 32 43 117
7 44 5 376
7 45 27 370
7 52 3 450
7 55 21 219
7 63 37 445
7 70 31 111
7 75 7 421
7 80 10 223
7 82 13 23
7 84 33 65
7 115 40 287
8 2 11 279
8 9 55 319
8 11 13 214
8 41 25 399
8 42 47 358
8 67 43 61
8 69 31 77
8 71 37 355
8 74 7 95
8 80 28 223
8 82 1 34
8 105 5 115
8 113 17 162
8 119 19 437
9 11 15 205
9 19 52 103
9 35 10 265
9 37 25 173
9 40 40 35
9 42 59 358
9 58 2 209
9 71 21 355
9 73 28 320
9 76 13 48
9 95 8 397
9 112 31 308
9 119 43 437
10 2 1 327
10 6 22 241
10 16 31 304
10 37 55 96
10 41 34 68
10 43 9 318
10 77 7 407
10 82 25 197
10 87 47 186
10 89 16 161
10 91 3 190
10 102 49 440
10 109 13 201
11 7 25 317
11 8 29 355
11 15 11 369
11 18 43 73
11 36 9 375
11 44 14 80
11 50 19 213
11 61 4 438
11 85 35 52
11 86 49 175
11 91 55 190
11 101 40 4
11 104 22 97
11 108 31 104
11 112 16 417
12 2 53 193
12 6 14 140
12 48 49 411
12 56 40 362
12 57 45 45
12 83 31 231
12 85 21 340
12 89 25 431
12 101 10 14
12 115 7 322
13 3 49 101
13 6 28 241
13 7 25 72
13 33 31 16
13 50 4 213
13 65 13 59
13 66 38 189
13 68 23 422
13 69 35 77
13 81 19 337
13 82 43 34
13 94 17 264
13 99 7 27
13 104 55 432
13 107 1 39
14 3 7 246
14 14 1 33
14 21 22 187
14 22 49 116
14 23 31 261
14 48 47 411
14 52 45 450
14 62 29 195
14 69 11 211
14 92 16 348
14 99 37 206
14 108 58 104
14 120 26 26
15 14 19 31
15 29 28 50
15 31 13 427
15 32 51 371
15 34 17 41
15 41 4 399
15 47 49 256
15 56 7 362
15 61 10 438
15 67 57 61
15 98 1 374
15 100 43 5
15 112 25 417
15 113 31 162
16 17 49 151
16 26 13 88
16 29 4 121
16 41 1 399
16 44 11 376
16 49 25 182
16 50 7 213
16 83 19 231
16 85 17 340
16 86 31 215
16 91 37 330
16 107 55 39
16 116 43 225
17 12 7 229
17 15 28 74
17 17 15 176
17 39 46 277
17 41 1 230
17 42 43 358
17 48 34 411
17 61 31 89
17 69 5 77
17 77 13 104
17 83 37 257
17 103 10 248
17 107 21 39
17 108 49 227
18 8 28 202
18 10 49 237
18 14 8 401
18 25 55 113
18 28 23 233
18 34 13 234
18 40 25 6
18 62 3 243
18 70 33 111
18 71 38 9
18 72 19 141
18 76 35 415
18 81 43 434
18 115 16 287
19 18 37 73
19 35 55 20
19 41 22 230
19 48 43 411
19 57 1 45
19 64 9 372
19 67 59 61
19 80 40 223
19 81 51 349
19 87 15 186
19 97 25 247
19 104 34 279
19 110 19 409
19 115 4 322
19 118 49 139
20 6 31 140
20 11 9 341
20 16 1 304
20 29 4 143
20 32 55 117
20 33 49 159
20 40 58 6
20 67 17 442
20 68 7 342
20 71 25 355
20 85 23 340
20 91 19 190
20 92 34 32
20 98 41 172
20 112 13 308
21 7 55 72
21 19 33 103
21 20 7 124
21 33 19 16
21 58 13 62
21 60 37 343
21 63 43 445
21 72 1 289
21 85 31 340
21 91 51 380
21 99 25 311
21 108 40 227
22 9 25 400
22 16 1 428
22 17 7 151
22 22 31 116
22 29 19 121
22 38 4 310
22 45 39 370
22 49 16 182
22 64 49 337
22 77 22 5
22 112 43 175
22 113 11 64
22 115 13 322
23 2 7 327
23 3 49 169
23 9 1 292
23 13 45 212
23 22 13 75
23 28 5 197
23 35 19 20
23 61 37 138
23 69 43 211
23 71 31 439
23 77 9 104
23 91 55 217
23 113 25 162
24 26 52 291
24 27 28 37
24 35 46 20
24 38 34 310
24 41 49 230
24 42 1 358
24 60 3 343
24 61 7 89
24 71 55 355
24 87 41 335
24 90 37 148
24 91 13 190
24 103 43 248
24 119 19 94
24 120 10 332
25 10 7 252
25 20 31 124
25 21 13 187
25 25 43 150
25 33 37 16
25 39 5 277
25 43 22 318
25 47 16 256
25 48 3 411
25 61 19 438
25 87 53 186
25 105 1 115
25 110 55 409
25 117 27 200
26 24 2 393
26 32 25 371
26 37 22 96
26 42 15 358
26 44 13 60
26 48 17 411
26 81 43 349
26 90 7 443
26 99 49 206
26 102 37 366
26 114 4 208
26 119 55 384
26 120 31 305
27 6 25 140
27 14 1 31
27 22 7 75
27 24 37 393
27 48 55 411
27 50 34 213
27 90 50 148
27 93 15 448
27 100 20 114
27 104 43 97
27 112 46 308
27 113 28 162
28 6 19 241
28 28 9 233
28 58 43 70
28 63 32 445
28 66 50 276
28 80 16 223
28 84 1 65
28 87 7 186
28 88 25 137
28 92 22 348
28 109 13 38
28 114 57 110
29 2 13 193
29 3 19 376
29 4 34 382
29 6 43 140
29 7 46 90
29 17 15 379
29 42 32 358
29 59 8 398
29 65 1 59
29 86 27 55
29 95 53 397
29 100 37 323
29 102 49 180
29 108 55 104
29 109 58 353
30 31 25 419
30 47 39 256
30 55 33 324
30 68 47 422
30 72 13 289
30 75 52 421
30 76 57 415
30 78 19 259
30 88 31 364
30 91 1 217
30 106 22 171
30 108 43 55
31 16 58 304
31 17 31 226
31 27 13 37
31 36 55 293
31 57 27 45
31 59 15 207
31 64 47 337
31 71 37 439
31 82 2 23
31 84 7 65
31 94 43 264
31 114 11 3
31 115 49 322
31 119 19 107
32 7 28 72
32 14 37 11
32 29 31 50
32 35 43 20
32 47 26 372
32 52 41 450
32 59 1 207
32 62 23 243
32 73 7 377
32 76 13 415
32 86 55 93
32 95 52 316
32 97 19 247
32 99 15 341
33 23 45 261
33 55 13 219
33 60 4 157
33 63 7 2
33 68 19 422
33 73 52 188
33 79 55 430
33 81 31 434
33 85 1 340
33 87 17 186
33 113 49 162
33 115 28 287
34 8 35 202
34 19 47 103
34 26 28 88
34 41 58 399
34 48 23 408
34 59 19 324
34 65 49 59
34 66 1 280
34 72 14 292
34 75 25 421
34 92 55 348
34 108 43 227
34 112 7 308
34 113 31 262
35 5 25 147
35 27 21 37
35 31 56 427
35 37 16 301
35 58 32 70
35 72 39 149
35 74 51 95
35 79 8 430
35 80 13 262
35 87 23 239
35 93 37 448
35 97 1 247
35 104 28 279
35 109 46 353
35 115 43 287
36 9 49 142
36 13 55 106
36 29 22 50
36 42 19 358
36 62 35 71
36 73 13 188
36 81 1 337
36 89 46 161
36 91 31 190
36 92 28 32
36 96 38 268
36 97 7 247
36 114 5 3
37 23 47 150
37 28 29 233
37 33 3 122
37 35 10 20
37 41 31 399
37 44 1 60
37 56 22 410
37 69 13 211
37 73 37 188
37 76 19 415
37 87 26 239
37 89 16 431
37 96 51 268
37 105 8 71
37 117 40 200
38 14 49 33
38 23 17 54
38 34 11 41
38 47 21 60
38 50 37 213
38 51 58 172
38 57 23 45
38 64 5 372
38 78 25 105
38 81 7 337
38 90 1 403
38 96 13 268
38 104 34 97
39 23 25 261
39 33 56 122
39 37 34 44
39 41 19 230
39 50 28 213
39 60 7 157
39 63 40 445
39 64 13 325
39 70 5 111
39 80 1 179
39 84 15 416
39 86 45 93
39 87 50 186
40 29 37 143
40 40 1 191
40 46 11 73
40 61 55 89
40 66 31 189
40 74 19 418
40 82 25 34
40 87 5 186
40 88 7 137
40 97 49 77
40 99 43 27
40 100 15 422
41 48 21 408
41 51 40 444
41 62 9 113
41 64 3 195
41 65 31 433
41 80 16 384
41 85 26 52
41 88 19 137
41 93 45 448
41 101 13 14
41 119 50 14
42 7 34 317
42 20 52 124
42 43 49 235
42 55 44 219
42 69 21 211
42 80 58 223
42 82 7 177
42 90 1 443
42 100 25 5
42 102 37 74
42 112 13 441
42 120 31 26
43 7 46 72
43 9 50 400
43 22 55 116
43 24 33 393
43 25 19 29
43 60 43 255
43 74 1 418
43 79 13 430
43 84 25 357
43 89 40 161
43 92 37 348
43 109 7 38
43 115 10 322
44 5 31 147
44 23 47 261
44 34 19 234
44 44 5 80
44 54 1 334
44 62 21 195
44 69 29 211
44 82 55 34
44 85 53 340
44 90 13 148
44 98 51 374
44 111 25 436
44 117 10 79
44 119 43 384
44 120 7 26
45 3 37 169
45 10 19 237
45 13 7 313
45 20 13 124
45 23 17 400
45 40 27 191
45 50 49 213
45 52 31 450
45 64 41 325
45 72 43 149
45 84 1 282
45 90 57 443
45 108 34 227
45 114 25 110
46 22 19 116
46 23 7 54
46 26 31 88
46 35 49 20
46 42 29 358
46 73 55 320
46 95 10 397
46 106 40 171
46 109 1 353
46 112 34 308
46 113 5 262
47 20 37 124
47 29 40 50
47 37 16 96
47 38 47 153
47 39 19 277
47 45 25 258
47 47 9 256
47 56 1 362
47 74 31 194
47 82 49 197
47 85 21 52
47 87 59 186
47 99 55 120
47 111 13 53
48 9 43 21
48 13 7 413
48 17 25 125
48 24 57 393
48 57 39 45
48 64 13 337
48 70 55 111
48 71 32 3
48 79 2 302
48 84 49 282
48 101 22 14
48 117 37 200
49 19 57 103
49 33 50 122
49 36 17 293
49 37 22 44
49 62 13 71
49 69 25 77
49 72 9 289
49 91 27 217
49 94 19 264
49 95 2 397
49 103 31 248
49 105 4 71
49 107 15 39
49 111 34 53
49 119 37 314
50 7 10 72
50 14 25 31
50 19 21 103
50 20 40 124
50 28 5 233
50 37 7 44
50 60 37 342
50 70 3 111
50 83 55 91
50 95 17 316
50 102 50 239
50 112 32 23
50 113 1 162
51 10 52 252
51 11 7 144
51 12 31 142
51 38 3 153
51 58 33 209
51 75 28 421
51 78 25 259
51 80 55 223
51 81 15 337
51 90 19 148
51 97 37 64
51 114 13 110
51 117 23 79
51 120 49 305
52 8 35 355
52 17 49 226
52 55 57 219
52 56 19 410
52 61 4 138
52 81 13 12
52 84 37 282
52 86 43 435
52 87 1 239
52 94 9 264
52 97 31 64
52 99 25 27
52 118 23 139
53 2 17 193
53 5 40 147
53 13 45 313
53 16 10 304
53 20 28 124
53 33 13 159
53 36 25 375
53 40 51 35
53 44 23 60
53 52 43 450
53 65 19 59
53 67 3 61
53 78 56 80
54 18 13 73
54 20 55 124
54 24 41 393
54 37 31 96
54 41 8 399
54 43 34 281
54 55 26 219
54 57 11 45
54 61 58 89
54 69 16 211
54 72 19 166
54 90 1 148
54 106 52 171
54 111 43 53
55 16 19 304
55 41 22 399
55 51 38 172
55 79 31 302
55 81 26 337
55 88 3 137
55 102 7 239
55 104 58 97
55 111 13 436
56 12 22 229
56 23 51 261
56 31 31 427
56 39 16 277
56 40 25 35
56 48 37 411
56 64 3 325
56 71 8 9
56 74 57 95
56 78 39 259
56 84 43 416
56 89 13 431
56 93 19 448
57 11 55 214
57 17 19 226
57 22 39 12
57 28 17 197
57 41 34 230
57 49 49 182
57 73 31 320
57 74 1 357
57 81 7 301
57 98 13 374
57 103 28 99
57 112 43 23
57 113 37 162
58 17 43 432
58 23 21 261
58 25 13 150
58 26 25 88
58 28 7 233
58 47 31 60
58 69 23 211
58 75 4 421
58 83 9 91
58 85 33 340
58 101 37 4
58 115 1 322
59 16 10 253
59 23 49 261
59 36 20 293
59 44 17 60
59 60 58 255
59 61 22 89
59 63 55 202
59 70 15 111
59 71 31 355
59 73 25 320
59 77 3 5
59 87 13 239
59 99 43 311
59 100 51 229
59 113 35 64
60 13 15 313
60 26 40 291
60 52 33 450
60 57 51 45
60 70 1 111
60 90 7 346
60 95 3 316
60 97 19 354
60 99 55 311
60 104 25 432
60 113 13 162
60 117 31 79
61 9 13 319
61 18 4 73
61 29 37 50
61 41 55 230
61 42 23 358
61 47 25 256
61 48 53 411
61 51 58 444
61 61 1 438
61 81 31 12
61 93 27 448
61 100 43 229
61 112 40 308
61 120 19 305
62 2 49 193
62 10 1 252
62 32 4 117
62 37 28 44
62 48 8 411
62 51 16 172
62 60 40 255
62 64 13 372
62 76 37 415
62 92 25 348
62 102 43 440
62 104 19 278
62 105 11 71
63 2 44 193
63 14 31 33
63 47 37 256
63 51 39 48
63 58 19 70
63 64 11 337
63 65 13 131
63 87 4 239
63 92 1 32
63 94 35 264
63 103 26 248
63 106 58 171
63 107 23 39
63 111 46 436
63 119 7 314
64 16 50 304
64 21 40 187
64 42 9 358
64 47 56 256
64 55 43 36
64 59 31 396
64 60 1 255
64 64 11 325
64 72 26 292
64 73 58 320
64 76 23 415
64 82 14 349
64 89 4 431
64 90 19 443
65 29 7 50
65 50 25 213
65 55 19 36
65 62 1 113
65 72 31 141
65 73 43 188
65 76 15 415
65 77 3 407
65 84 49 65
65 95 23 316
65 98 28 374
65 100 55 5
65 102 38 437
66 9 33 142
66 10 40 252
66 20 4 124
66 27 31 37
66 28 11 197
66 36 1 30
66 41 13 399
66 50 16 213
66 65 25 288
66 71 7 3
66 84 19 328
66 115 37 322
67 8 17 9
67 9 7 292
67 12 2 142
67 24 39 393
67 28 37 197
67 39 11 366
67 49 58 182
67 70 51 111
67 77 25 104
67 79 27 430
67 102 13 437
67 115 46 287
68 5 16 147
68 14 32 401
68 20 19 124
68 29 25 121
68 31 57 335
68 39 1 277
68 55 49 219
68 61 40 138
68 64 53 33
68 66 3 424
68 99 44 120
68 100 8 114
68 105 55 115
69 5 49 147
69 11 56 341
69 30 14 139
69 31 19 427
69 37 1 96
69 42 5 358
69 67 23 61
69 75 37 421
69 78 8 105
69 84 33 315
69 101 16 4
69 103 46 248
69 108 25 227
70 14 19 35
70 28 59 233
70 37 1 173
70 49 43 182
70 56 25 410
70 70 7 111
70 71 51 355
70 73 10 188
70 97 31 157
70 98 13 434
70 99 55 206
70 110 4 409
70 112 37 308
70 117 15 79
71 16 43 253
71 19 23 103
71 21 55 187
71 43 51 318
71 62 3 113
71 74 31 95
71 87 37 186
71 89 10 431
71 102 13 180
71 118 21 139
72 10 13 252
72 13 19 413
72 28 33 233
72 33 37 159
72 43 16 318
72 67 1 61
72 73 58 188
72 83 3 257
72 85 35 340
72 86 49 215
72 95 45 397
72 102 25 180
72 112 10 308
73 6 25 241
73 12 23 142
73 31 49 419
73 48 19 411
73 74 31 418
73 83 13 285
73 84 43 65
73 85 1 52
73 89 7 431
73 99 56 329
73 107 3 39
73 115 37 287
74 16 52 253
74 24 49 393
74 32 31 117
74 55 43 251
74 56 1 410
74 57 57 45
74 58 37 209
74 73 16 320
74 75 34 421
74 79 19 351
74 81 25 434
74 92 4 32
74 102 7 440
74 112 13 175
75 10 34 237
75 14 43 401
75 18 52 73
75 31 7 335
75 41 19 399
75 51 16 444
75 52 37 450
75 73 13 320
75 80 1 223
75 82 26 177
75 98 23 374
75 101 40 14
75 104 4 432
76 15 14 369
76 17 43 226
76 28 17 233
76 48 27 411
76 61 52 138
76 64 23 325
76 80 37 179
76 81 31 101
76 83 1 412
76 97 55 77
76 98 25 374
76 103 19 248
76 111 7 436
76 120 10 26
77 12 21 142
77 25 49 243
77 27 19 37
77 32 40 117
77 33 25 13
77 36 16 30
77 37 13 44
77 47 44 256
77 59 1 396
77 83 31 91
77 85 46 340
77 95 29 397
77 111 37 53
77 113 8 162
77 120 10 305
78 5 55 147
78 26 49 88
78 44 19 60
78 48 25 411
78 60 28 255
78 62 31 71
78 69 1 77
78 76 3 48
78 78 10 170
78 88 15 137
78 89 21 161
78 107 8 39
78 108 52 227
78 109 33 353
79 3 49 376
79 13 25 212
79 36 29 30
79 44 19 80
79 50 22 213
79 55 13 204
79 59 7 396
79 94 39 264
79 97 3 354
79 105 17 71
79 109 43 353
79 113 11 162
79 117 1 200
80 2 7 279
80 7 1 317
80 29 34 50
80 34 39 234
80 47 51 256
80 62 37 195
80 74 25 194
80 77 10 5
80 78 46 80
80 88 16 364
80 104 13 278
80 116 19 225
81 5 10 147
81 8 31 202
81 25 43 113
81 32 37 117
81 37 4 44
81 52 29 450
81 55 33 251
81 68 13 342
81 69 21 77
81 78 1 259
81 80 7 262
81 96 25 268
81 107 59 39
82 7 58 72
82 22 14 116
82 38 23 153
82 70 38 111
82 72 2 149
82 73 10 320
82 76 53 415
82 79 27 300
82 82 19 349
82 84 32 282
82 95 41 397
82 115 7 287
82 117 25 200
83 14 25 401
83 22 37 75
83 24 17 393
83 27 59 37
83 32 32 371
83 34 19 41
83 41 13 230
83 42 21 358
83 48 11 408
83 49 4 182
83 59 7 207
83 89 52 161
83 101 43 4
83 111 55 436
83 120 1 26
84 13 49 212
84 33 55 16
84 42 45 358
84 51 4 444
84 72 19 292
84 75 13 421
84 82 31 34
84 99 25 206
84 102 37 440
84 103 1 99
84 106 7 171
85 27 5 37
85 28 37 233
85 34 49 234
85 35 31 265
85 38 23 407
85 48 29 411
85 51 43 48
85 58 13 442
85 59 1 125
85 73 34 320
85 87 39 239
85 88 21 137
85 93 11 448
85 105 27 115
86 14 25 33
86 25 21 150
86 37 58 44
86 38 47 305
86 45 19 370
86 57 7 45
86 76 43 415
86 81 49 434
86 83 9 136
86 88 40 364
86 91 13 217
86 97 1 64
86 98 53 374
87 10 31 237
87 17 19 151
87 18 34 73
87 26 28 291
87 27 1 37
87 29 49 50
87 72 55 289
87 73 37 320
87 83 13 257
87 84 3 315
87 97 7 64
87 106 46 171
87 109 52 353
87 113 41 162
88 2 35 193
88 5 7 147
88 11 37 214
88 14 50 31
88 30 3 139
88 33 19 13
88 43 28 318
88 58 43 209
88 64 5 325
88 72 31 149
88 91 55 380
88 109 10 353
89 3 37 101
89 4 4 382
89 22 43 75
89 23 10 261
89 25 31 113
89 31 49 298
89 35 1 20
89 56 28 362
89 88 8 364
89 91 19 217
89 99 13 206
89 118 56 139
90 3 21 246
90 10 31 252
90 12 7 142
90 16 37 253
90 21 25 187
90 64 34 195
90 66 43 189
90 70 19 111
90 71 3 355
90 86 9 215
90 99 49 120
90 102 13 61
90 112 57 23
91 15 25 369
91 24 15 393
91 26 46 88
91 28 41 197
91 51 10 172
91 56 34 410
91 62 21 71
91 65 49 288
91 73 7 188
91 76 19 48
91 77 4 104
91 88 23 137
91 112 43 308
92 7 19 72
92 13 3 313
92 23 47 400
92 32 7 371
92 60 37 246
92 62 17 243
92 64 1 195
92 65 32 288
92 81 13 101
92 85 44 52
92 87 40 186
92 90 26 443
92 108 22 227
92 118 58 139
93 8 19 355
93 10 7 235
93 28 43 233
93 37 16 44
93 45 31 258
93 66 1 276
93 72 25 141
93 78 52 80
93 107 29 39
93 110 49 409
93 111 58 53
93 112 33 417
93 119 21 314
94 2 29 193
94 6 43 241
94 17 25 226
94 36 11 263
94 47 1 256
94 55 13 251
94 59 19 207
94 60 40 246
94 76 51 415
94 79 31 430
94 98 46 374
94 103 7 99
94 108 37 227
94 112 3 308
95 22 13 136
95 25 25 113
95 31 20 419
95 33 9 11
95 39 3 277
95 41 50 399
95 43 46 235
95 57 43 45
95 77 7 104
95 84 31 416
95 100 37 229
95 101 58 269
95 104 55 279
96 2 39 193
96 3 25 169
96 9 19 21
96 23 7 261
96 34 55 234
96 45 4 370
96 48 9 408
96 56 16 390
96 85 13 52
96 89 1 161
96 98 43 374
96 111 31 53
97 2 19 193
97 19 3 103
97 26 34 88
97 55 43 324
97 60 40 157
97 73 55 188
97 74 49 418
97 76 59 415
97 77 23 104
97 85 11 340
97 97 13 247
97 105 1 71
97 112 8 175
98 2 41 193
98 3 13 169
98 33 43 122
98 39 2 366
98 47 27 256
98 48 5 411
98 55 7 36
98 58 37 70
98 60 49 246
98 67 17 61
98 80 22 223
98 93 53 448
98 108 34 55
99 8 23 202
99 15 16 369
99 28 29 197
99 40 37 35
99 41 52 230
99 43 13 281
99 56 49 410
99 68 31 342
99 93 35 448
99 100 43 114
99 101 1 4
99 102 7 366
99 103 40 248
99 108 56 55
99 116 25 225
100 10 49 252
100 13 31 212
100 22 27 12
100 29 13 143
100 38 25 153
100 39 7 277
100 58 19 209
100 84 55 65
100 88 10 364
100 90 37 443
100 101 43 14
100 103 16 248
100 115 2 287
101 3 8 135
101 13 31 106
101 42 56 358
101 47 5 256
101 59 25 396
101 69 29 77
101 72 13 149
101 80 52 223
101 83 37 231
101 85 17 52
101 100 1 114
101 119 43 232
101 120 22 305
102 5 13 147
102 15 45 369
102 23 23 261
102 29 16 121
102 32 25 117
102 33 7 16
102 36 5 375
102 56 28 390
102 65 19 288
102 80 37 223
102 81 51 337
102 96 55 268
102 99 1 311
102 107 49 39
103 2 46 193
103 6 50 241
103 27 43 37
103 33 1 159
103 48 13 408
103 49 19 182
103 59 31 62
103 65 7 131
103 68 35 342
103 85 11 52
103 90 25 346
103 92 58 348
103 117 37 79
104 6 40 241
104 11 25 144
104 36 1 375
104 39 5 366
104 41 16 230
104 42 3 358
104 48 45 411
104 56 13 390
104 81 19 434
104 87 37 239
104 96 7 268
104 102 31 180
104 107 53 39
105 6 9 140
105 10 56 252
105 34 16 234
105 38 7 153
105 39 14 277
105 44 3 80
105 48 51 411
105 84 19 65
105 87 35 239
105 90 31 403
105 112 28 417
106 1 37 1
106 6 46 241
106 14 8 33
106 30 31 139
106 34 5 41
106 41 55 399
106 65 1 164
106 68 49 422
106 75 43 421
106 82 19 23
106 87 23 335
106 101 58 14
106 104 28 432
106 105 15 115
107 11 25 120
107 38 19 153
107 51 31 444
107 68 45 342
107 70 53 111
107 76 9 415
107 92 4 348
107 94 56 264
107 97 49 64
107 98 47 172
107 111 1 436
107 120 13 26
108 5 2 147
108 13 55 413
108 24 5 393
108 26 10 291
108 27 33 37
108 37 25 44
108 39 41 277
108 57 37 45
108 76 7 415
108 83 13 91
108 86 43 215
108 112 20 308
108 114 39 110
109 3 45 166
109 8 51 9
109 9 7 21
109 26 19 191
109 32 22 117
109 45 17 258
109 52 49 450
109 58 39 62
109 59 31 207
109 73 1 180
109 77 13 5
109 86 25 215
109 108 55 227
109 117 15 200
110 11 49 144
110 16 46 253
110 21 37 187
110 22 15 56
110 26 10 88
110 45 3 258
110 49 34 182
110 54 56 334
110 56 40 410
110 99 19 27
110 105 13 115
110 112 25 308
111 13 1 273
111 15 31 369
111 21 7 187
111 57 21 45
111 58 26 442
111 65 55 59
111 71 49 439
111 82 43 197
111 91 13 330
111 98 19 374
111 105 38 115
111 113 5 148
111 115 34 287
112 2 21 193
112 11 14 144
112 13 1 106
112 16 45 304
112 28 39 197
112 55 25 251
112 61 31 138
112 85 49 340
112 90 55 148
112 98 10 374
112 105 41 115
112 115 34 322
112 116 51 225
112 117 7 79
113 20 22 124
113 26 7 291
113 29 16 50
113 34 33 234
113 44 1 376
113 55 25 36
113 63 19 2
113 72 55 149
113 73 3 188
113 76 11 415
113 97 43 247
113 103 52 248
113 119 37 232
114 12 35 229
114 13 31 313
114 16 25 304
114 37 13 96
114 39 43 277
114 44 9 376
114 57 59 45
114 62 16 195
114 65 1 433
114 84 49 416
114 90 19 346
114 92 40 32
114 104 56 278
115 3 44 101
115 23 5 261
115 35 40 20
115 40 22 191
115 50 58 213
115 66 13 424
115 68 33 342
115 74 7 194
115 82 1 177
115 84 49 357
115 90 25 403
116 14 43 35
116 22 31 75
116 31 25 427
116 32 58 117
116 35 16 265
116 51 55 444
116 55 38 251
116 73 2 320
116 80 13 384
116 86 7 435
116 93 49 448
116 94 35 325
116 95 21 316
116 112 52 308
117 4 40 382
117 19 17 103
117 31 55 419
117 35 7 265
117 40 37 431
117 50 31 213
117 51 52 444
117 60 44 157
117 65 1 131
117 72 26 166
117 84 13 65
117 95 34 397
117 101 19 269
117 103 10 99
118 4 58 382
118 6 40 140
118 8 49 9
118 21 16 187
118 24 19 393
118 25 33 150
118 36 11 293
118 79 25 302
118 83 1 231
118 93 9 448
118 95 31 397
118 103 22 248
119 11 43 214
119 16 34 304
119 25 1 29
119 48 13 411
119 59 37 207
119 60 7 255
119 62 5 113
119 65 19 433
119 86 49 93
119 87 25 335
119 94 15 264
119 100 55 229
119 101 10 4
120 3 25 135
120 13 43 413
120 23 29 400
120 25 37 29
120 26 57 291
120 33 7 13
120 35 13 265
120 52 21 450
120 58 2 442
120 87 11 186
120 88 47 364
120 99 49 329
120 109 16 38
121 8 2 202
121 40 13 35
121 44 17 80
121 64 19 195
121 67 35 442
121 70 45 111
121 78 28 259
121 80 10 384
121 86 55 215
121 99 21 206
121 111 4 436
121 113 39 162
121 120 7 305
122 13 13 106
122 15 5 369
122 33 1 16
122 56 7 390
122 79 49 300
122 83 44 231
122 87 35 186
122 102 31 74
122 109 40 353
122 110 25 409
122 114 28 110
122 115 19 322
123 7 22 317
123 13 56 212
123 14 43 33
123 34 53 234
123 35 32 20
123 53 13 18
123 77 1 5
123 81 3 78
123 85 41 52
123 100 25 422
123 103 37 248
123 114 9 110
123 119 49 437
124 17 15 226
124 45 33 258
124 50 43 213
124 59 50 125
124 61 8 138
124 67 11 442
124 68 21 422
124 76 1 48
124 79 3 300
124 87 13 186
124 89 28 431
124 100 57 323
124 106 37 171
125 8 52 202
125 23 1 54
125 33 31 13
125 57 25 45
125 72 37 289
125 74 7 418
125 76 3 415
125 78 49 80
125 79 19 430
125 96 44 268
125 100 13 114
125 112 27 441
125 119 55 314
126 6 56 140
126 27 47 37
126 32 34 117
126 37 1 301
126 47 31 256
126 54 43 334
126 61 26 138
126 69 52 211
126 75 19 421
126 84 13 315
126 92 40 348
126 94 37 264
126 98 49 172
126 114 4 110
126 119 7 232
127 13 19 106
127 25 55 150
127 31 3 335
127 39 23 277
127 40 40 431
127 43 10 281
127 48 1 411
127 55 25 342
127 62 31 195
127 69 13 77
127 77 17 5
127 80 7 223
127 104 46 97
127 105 43 115
127 113 15 162
128 12 9 229
128 13 25 413
128 14 43 31
128 60 19 255
128 61 34 89
128 75 55 421
128 77 15 5
128 79 37 300
128 86 1 93
128 105 17 403
128 111 22 53
128 118 47 139
129 11 31 341
129 26 46 291
129 28 56 197
129 34 41 234
129 42 51 358
129 63 43 202
129 65 1 288
129 68 11 342
129 70 35 111
129 84 37 416
129 92 7 32
129 103 13 248
129 104 16 97
129 115 22 322
129 117 19 79
130 10 37 237
130 11 31 214
130 25 13 243
130 37 10 96
130 41 51 153
130 43 40 318
130 64 5 337
130 67 49 61
130 70 43 111
130 99 1 206
130 109 7 353
130 111 46 53
130 113 21 162
131 7 52 317
131 9 37 292
131 11 21 144
131 14 57 35
131 20 49 124
131 37 44 44
131 40 4 35
131 58 31 442
131 66 7 276
131 77 11 104
131 84 26 315
131 88 13 137
131 99 15 329
131 106 1 171
132 40 1 6
132 42 25 358
132 51 13 444
132 56 28 410
132 58 19 68
132 66 55 189
132 69 41 211
132 79 37 302
132 86 43 310
132 99 7 206
132 100 31 323
132 101 4 14
133 3 15 376
133 16 37 304
133 18 1 73
133 19 29 103
133 25 19 113
133 28 13 233
133 39 11 277
133 44 7 60
133 49 40 182
133 61 34 138
133 69 4 211
133 77 47 407
133 104 52 97
133 106 31 171
134 3 37 135
134 13 55 313
134 56 31 410
134 64 2 372
134 68 5 342
134 69 27 211
134 74 19 95
134 76 46 415
134 84 9 416
134 93 7 448
134 103 43 99
134 105 29 115
134 119 50 314
135 29 50 143
135 33 19 122
135 36 23 263
135 43 34 235
135 47 41 256
135 54 37 334
135 56 10 362
135 61 1 138
135 66 25 424
135 78 43 191
135 80 31 223
135 92 46 348
135 95 55 397
135 120 13 305
136 4 1 382
136 6 37 241
136 7 49 317
136 8 29 9
136 9 43 400
136 32 4 371
136 57 34 45
136 58 7 70
136 59 13 398
136 84 19 282
136 101 55 14
136 107 25 39
136 108 40 104
136 114 47 110
137 3 19 101
137 24 45 393
137 49 52 182
137 51 49 444
137 56 1 390
137 74 37 194
137 79 13 300
137 104 25 97
137 111 28 436
137 117 9 200
137 118 33 139
137 119 55 232
138 6 19 140
138 13 13 413
138 31 7 419
138 52 59 450
138 56 37 410
138 58 1 62
138 62 5 243
138 67 40 61
138 76 17 415
138 79 43 300
138 80 25 223
138 110 34 409
138 112 22 417
139 6 16 241
139 8 37 202
139 17 7 226
139 32 46 117
139 36 3 375
139 55 55 251
139 58 25 209
139 81 39 434
139 85 32 52
139 88 1 137
139 99 19 311
139 117 44 79
140 17 13 151
140 23 17 261
140 25 55 29
140 29 10 121
140 52 39 450
140 59 49 398
140 65 43 288
140 71 1 439
140 82 31 197
140 92 25 32
140 105 35 115
140 106 28 171
140 113 47 162
141 28 11 233
141 33 13 13
141 35 22 20
141 53 7 18
141 57 55 45
141 63 39 202
141 67 35 61
141 69 27 77
141 79 43 430
141 91 49 330
141 99 1 27
141 104 19 97
141 105 17 115
141 109 31 201
141 111 58 436
142 9 37 319
142 20 46 124
142 23 43 261
142 36 5 293
142 37 7 96
142 45 23 370
142 48 58 411
142 53 1 18
142 56 25 390
142 59 19 396
142 60 10 255
142 66 13 189
142 91 49 217
142 96 31 268
143 14 1 401
143 33 25 16
143 45 22 258
143 58 7 209
143 59 13 125
143 60 55 157
143 72 31 166
143 85 51 340
143 88 20 364
143 104 43 279
143 117 17 79
143 120 37 332
144 9 43 292
144 12 27 142
144 19 7 103
144 31 39 298
144 36 3 30
144 59 49 396
144 62 23 113
144 64 29 33
144 90 13 443
144 106 34 171
144 107 37 39
144 117 17 200
145 1 55 1
145 3 27 376
145 34 47 234
145 38 43 153
145 55 49 324
145 56 7 410
145 66 37 424
145 70 23 111
145 75 31 421
145 77 17 104
145 84 13 328
145 103 2 248
146 3 43 376
146 6 2 140
146 18 19 73
146 28 35 233
146 34 25 234
146 42 49 358
146 60 7 343
146 61 14 89
146 76 5 48
146 79 37 430
146 82 31 349
146 117 23 200
146 119 27 232
147 12 4 229
147 14 13 31
147 16 57 253
147 20 25 124
147 23 38 261
147 27 55 37
147 28 47 233
147 29 28 121
147 30 9 139
147 38 32 153
147 64 19 325
147 76 17 48
147 90 43 148
147 100 49 5
148 4 43 382
148 7 55 317
148 15 4 417
148 25 49 150
148 30 29 139
148 41 1 56
148 47 21 256
148 48 41 411
148 63 25 2
148 65 7 433
148 68 35 422
148 91 31 330
148 110 13 409
149 2 5 327
149 7 38 72
149 11 1 144
149 13 21 212
149 21 10 187
149 22 25 75
149 35 7 297
149 41 31 230
149 45 19 258
149 51 34 444
149 58 15 68
149 70 13 111
149 83 44 257
150 3 1 169
150 6 31 241
150 31 25 298
150 33 20 11
150 38 41 153
150 40 38 6
150 41 34 399
150 49 46 182
150 68 11 422
150 69 59 211
150 95 43 397
150 108 49 443
150 118 5 139
150 120 7 332
151 6 34 241
151 7 4 72
151 15 51 369
151 33 7 122
151 34 11 234
151 35 13 20
151 50 1 213
151 70 27 111
151 72 55 141
151 76 39 415
151 101 20 4
152 5 37 147
152 16 22 304
152 52 27 450
152 61 14 138
152 68 17 342
152 70 9 111
152 74 1 194
152 104 40 432
152 112 19 417
152 114 43 110
152 115 56 322
152 117 5 79
153 23 22 54
153 38 55 153
153 40 19 6
153 45 35 370
153 53 37 18
153 58 25 70
153 60 13 343
153 61 57 138
153 72 8 149
153 73 1 377
153 78 50 259
153 90 31 346
153 107 46 39
153 111 4 53
154 14 13 33
154 25 43 29
154 28 31 233
154 36 9 293
154 38 11 153
154 51 28 444
154 62 7 113
154 66 2 189
154 80 25 384
154 105 19 115
154 108 21 55
154 114 33 110
155 8 49 355
155 10 28 252
155 16 22 253
155 32 19 371
155 43 13 235
155 48 3 408
155 57 31 45
155 63 16 2
155 69 9 77
155 85 57 340
155 94 41 264
155 101 52 4
155 103 33 99
155 106 43 171
155 114 37 110
156 2 58 193
156 19 31 103
156 36 1 293
156 47 25 60
156 51 27 48
156 62 19 71
156 67 5 61
156 78 14 259
156 87 11 239
156 112 40 417
156 117 21 200
157 18 8 73
157 33 14 16
157 43 43 235
157 55 49 342
157 56 19 390
157 59 37 398
157 71 1 3
157 73 22 188
157 92 46 32
157 97 25 354
157 99 31 311
157 104 58 279
158 7 37 317
158 8 13 9
158 11 7 214
158 24 35 393
158 31 44 419
158 33 49 13
158 44 1 80
158 60 15 157
158 70 21 111
158 79 55 302
158 83 31 257
158 86 27 93
158 88 25 364
158 107 3 178
158 114 53 110
159 10 34 435
159 17 39 151
159 26 31 36
159 29 52 50
159 30 45 139
159 32 49 117
159 37 58 96
159 38 29 153
159 45 37 258
159 65 13 433
159 74 25 418
159 82 19 197
159 89 4 161
159 97 8 354
160 11 9 120
160 13 50 413
160 21 34 187
160 24 7 393
160 43 57 318
160 45 39 258
160 50 13 213
160 52 55 450
160 61 25 89
160 69 19 77
160 74 43 194
160 78 1 105
160 93 23 448
160 109 4 353
161 1 31 1
161 4 46 382
161 14 51 401
161 17 7 432
161 47 27 60
161 55 1 251
161 56 15 410
161 62 23 195
161 65 19 131
161 68 41 422
161 87 29 186
161 100 37 5
161 120 43 26
162 18 49 73
162 34 9 234
162 39 37 277
162 42 7 358
162 47 19 372
162 63 56 445
162 74 13 194
162 79 21 300
162 84 25 65
162 89 34 161
162 98 11 2
162 104 39 279
162 108 2 227
162 114 31 110
163 15 1 369
163 16 40 253
163 23 11 400
163 39 58 277
163 44 15 60
163 56 4 410
163 63 19 445
163 70 29 111
163 83 49 231
163 85 13 340
163 88 9 137
163 91 25 190
163 103 55 248
164 2 9 279
164 11 49 26
164 13 25 313
164 41 44 399
164 45 1 370
164 71 55 439
164 91 19 330
164 98 17 374
164 108 4 55
164 112 13 417
164 114 59 110
164 116 37 225
164 117 7 200
165 16 19 253
165 29 7 121
165 37 46 96
165 43 10 235
165 47 22 372
165 48 5 408
165 72 55 292
165 81 13 78
165 82 37 34
165 94 28 264
165 105 31 115
165 109 25 353
165 116 1 225
166 3 7 169
166 8 5 9
166 13 37 413
166 14 55 33
166 20 1 124
166 28 27 233
166 40 13 6
166 91 44 190
166 92 31 32
166 99 21 329
166 113 19 162
166 119 50 341
166 120 16 305
167 14 20 33
167 16 49 253
167 18 55 73
167 25 7 29
167 26 25 291
167 35 1 297
167 38 58 153
167 51 28 172
167 55 37 324
167 71 45 355
167 78 34 259
167 92 52 348
167 109 4 38
167 120 16 26
168 3 20 169
168 10 44 252
168 14 31 35
168 17 7 173
168 26 1 291
168 33 55 13
168 37 37 96
168 38 17 407
168 57 53 45
168 60 40 343
168 74 13 418
168 86 25 175
168 87 11 335
168 92 50 32
169 8 11 202
169 11 13 120
169 27 45 37
169 28 21 233
169 38 25 305
169 39 33 277
169 66 49 189
169 90 7 227
169 95 19 397
169 120 4 305
170 5 22 147
170 35 52 20
170 38 56 305
170 41 25 230
170 56 31 390
170 69 7 77
170 73 49 188
170 76 1 415
170 81 3 101
170 89 43 161
170 95 17 397
170 105 47 115
170 115 19 287
170 117 13 200
171 1 43 1
171 2 23 193
171 23 13 261
171 25 31 29
171 41 7 230
171 45 25 370
171 67 27 269
171 68 15 342
171 82 51 34
171 83 1 91
171 89 55 161
171 100 19 323
171 113 5 64
171 120 58 332
172 2 37 193
172 3 56 166
172 8 53 9
172 9 1 319
172 10 19 128
172 13 49 106
172 33 7 159
172 59 39 137
172 74 33 357
172 82 13 197
172 86 45 296
172 88 17 137
172 102 25 366
173 8 31 9
173 9 7 319
173 15 41 369
173 18 46 73
173 28 35 197
173 32 13 371
173 33 37 122
173 45 5 258
173 74 57 194
173 81 1 434
173 110 52 409
173 112 16 308
173 117 11 200
173 119 25 437
174 8 25 9
174 12 17 142
174 24 53 393
174 51 44 444
174 66 19 189
174 69 37 211
174 71 13 355
174 72 31 289
174 85 4 340
174 105 49 115
174 108 10 55
174 112 1 417
174 117 39 79
174 120 27 305
175 13 31 413
175 14 56 401
175 23 19 261
175 34 45 234
175 41 4 230
175 48 15 408
175 63 50 2
175 79 21 302
175 81 7 12
175 88 1 364
175 98 11 434
175 104 25 279
175 108 28 227
175 109 37 38
176 12 19 142
176 16 25 253
176 39 21 277
176 51 1 172
176 56 34 362
176 57 17 45
176 78 4 259
176 84 13 282
176 90 37 346
176 102 43 74
176 112 28 308
176 116 7 225
176 119 49 384
177 3 39 166
177 16 16 304
177 31 19 298
177 38 5 280
177 47 23 256
177 48 1 408
177 83 27 91
177 88 49 137
177 101 7 14
177 102 31 61
177 109 55 353
177 113 25 262
178 11 49 214
178 37 13 301
178 41 40 399
178 43 16 235
178 44 25 80
178 45 58 258
178 61 19 138
178 63 46 445
178 69 56 211
178 72 7 141
178 80 2 262
178 97 31 354
178 109 27 201
178 120 22 26
179 9 31 21
179 15 19 369
179 36 7 30
179 43 3 281
179 47 11 256
179 57 49 45
179 62 25 71
179 69 23 77
179 77 1 407
179 91 55 330
179 99 43 206
179 111 40 53
179 115 27 322
179 117 35 200
180 1 19 1
180 23 1 261
180 36 17 263
180 43 31 235
180 76 15 48
180 82 25 349
180 83 49 136
180 90 43 403
180 95 13 316
180 101 58 4
180 102 8 61
180 114 23 110
180 117 3 79
181 2 11 193
181 5 46 147
181 15 34 369
181 17 21 432
181 19 38 103
181 22 1 136
181 37 43 96
181 41 28 399
181 51 13 172
181 52 53 450
181 55 7 251
181 60 55 255
181 68 59 422
181 77 51 104
181 110 31 409
182 15 3 369
182 19 50 103
182 28 53 197
182 38 9 153
182 44 7 80
182 45 13 258
182 52 35 450
182 59 19 398
182 60 37 255
182 91 45 380
182 92 25 310
182 107 43 39
182 108 16 227
182 111 28 53
183 5 34 147
183 14 55 31
183 25 27 150
183 38 52 305
183 51 22 444
183 69 25 211
183 72 43 289
183 79 1 430
183 84 7 315
183 85 19 340
183 109 37 353
183 114 41 110
184 12 13 229
184 33 43 13
184 38 21 153
184 45 15 370
184 69 47 211
184 78 58 191
184 82 7 197
184 84 25 416
184 90 51 346
184 99 1 222
184 105 33 115
184 120 37 305
185 3 33 169
185 9 19 319
185 13 37 313
185 33 26 159
185 34 5 234
185 38 47 314
185 57 9 45
185 61 43 89
185 88 31 137
185 99 13 311
185 114 59 208
186 2 31 193
186 28 25 233
186 77 13 407
186 81 57 434
186 83 9 231
186 88 37 137
186 90 1 346
186 101 33 4
186 105 7 115
186 117 27 79
186 120 19 26
187 19 45 103
187 22 49 75
187 26 4 291
187 31 19 335
187 33 25 11
187 41 58 230
187 43 31 318
187 64 29 325
187 66 37 276
187 67 55 61
187 68 23 342
187 76 41 415
187 115 16 322
187 120 13 332
188 6 10 241
188 8 41 355
188 11 19 214
188 17 1 226
188 20 43 124
188 41 33 56
188 47 15 372
188 70 47 111
188 77 5 5
188 119 25 314
189 4 7 382
189 25 37 113
189 26 16 291
189 27 57 37
189 38 14 280
189 45 28 258
189 80 10 262
189 92 21 32
189 98 32 374
189 100 1 323
189 107 51 39
189 113 19 262
189 118 25 139
190 30 41 139
190 31 13 298
190 51 25 377
190 55 20 251
190 56 10 390
190 63 58 202
190 67 47 442
190 72 1 166
190 94 33 264
190 104 28 97
190 109 49 353
190 114 7 110
190 115 43 322
191 8 25 202
191 16 2 253
191 31 13 419
191 36 7 293
191 43 19 318
191 64 5 195
191 69 9 211
191 83 27 257
191 84 43 282
191 87 53 335
191 93 55 448
191 108 37 104
191 114 11 208
192 15 59 369
192 21 31 187
192 22 55 75
192 27 3 37
192 29 22 121
192 44 29 80
192 52 15 450
192 53 25 18
192 61 49 138
192 64 41 337
192 65 37 433
192 84 7 328
192 92 34 348
192 100 43 323
192 105 5 403
193 2 1 279
193 16 31 253
193 30 43 139
193 39 51 277
193 44 3 60
193 45 17 370
193 51 25 444
193 73 7 320
193 77 15 104
193 96 19 268
193 101 28 4
193 113 58 162
194 8 15 9
194 12 25 229
194 35 4 297
194 40 34 6
194 76 10 48
194 90 37 403
194 100 27 323
194 103 7 248
195 1 1 1
195 4 52 382
195 11 43 144
195 15 47 369
195 18 28 73
195 29 13 50
195 40 16 191
195 58 37 442
195 69 31 211
195 76 55 415
195 82 8 349
195 83 19 257
195 88 34 358
195 102 57 180
195 106 49 171
196 10 22 237
196 25 55 243
196 26 19 88
196 36 37 263
196 37 28 96
196 42 40 358
196 54 13 334
196 55 1 219
196 56 25 362
196 65 43 59
196 75 49 421
196 79 32 300
196 115 10 287
197 3 15 246
197 24 13 393
197 31 31 298
197 32 28 117
197 34 3 234
197 35 58 265
197 67 53 442
197 68 1 342
197 74 49 194
197 90 7 148
197 91 37 380
197 109 19 353
197 113 11 148
198 26 34 291
198 45 9 258
198 47 58 256
198 52 17 450
198 57 41 45
198 60 43 246
198 74 1 199
198 83 13 231
198 88 27 137
198 97 37 247
198 98 5 374
198 100 51 422
198 101 19 14
198 108 31 55
198 113 55 162
199 6 58 241
199 8 33 202
199 13 19 313
199 14 49 16
199 23 3 261
199 25 9 150
199 56 44 410
199 62 7 243
199 63 28 445
199 66 13 276
199 85 5 52
199 102 38 180
199 111 55 53
199 114 25 208
199 117 1 79
200 16 13 253
200 26 38 88
200 27 41 37
200 35 28 265
200 40 7 191
200 52 10 450
200 63 49 202
200 88 3 364
200 91 31 380
200 93 57 448
200 98 21 374
200 108 16 55
200 120 44 305
201 30 51 139
201 35 4 20
201 39 39 277
201 47 47 256
201 48 11 411
201 61 1 89
201 71 43 439
201 81 55 349
201 82 7 23
201 91 31 217
201 100 13 323
201 103 25 99
201 108 19 227
202 2 1 193
202 11 55 144
202 38 39 153
202 39 49 277
202 42 27 358
202 51 31 48
202 86 13 435
202 92 7 348
202 107 17 39
202 108 34 104
202 117 41 79
202 118 37 139
203 25 31 243
203 26 10 191
203 28 49 233
203 31 44 298
203 36 5 30
203 59 1 324
203 65 25 433
203 68 29 422
203 76 23 48
203 84 39 357
203 88 37 364
203 92 13 32
203 97 19 64
203 120 58 305
204 9 19 400
204 17 43 330
204 19 27 103
204 22 7 116
204 24 55 393
204 36 13 375
204 38 11 280
204 43 37 318
204 48 15 411
204 92 31 310
204 93 59 448
204 94 1 424
204 108 49 55
204 117 25 79
205 34 37 234
205 36 1 263
205 43 13 318
205 49 10 182
205 50 46 213
205 62 19 243
205 66 25 276
205 77 29 5
205 78 40 80
205 98 3 374
205 109 22 353
205 119 32 384
206 8 35 9
206 9 25 21
206 13 1 413
206 32 10 371
206 34 57 234
206 40 31 191
206 57 5 45
206 86 19 215
206 95 37 397
206 104 7 97
206 108 13 55
206 111 16 436
206 119 43 314
207 32 43 371
207 33 32 122
207 44 11 80
207 59 15 324
207 63 22 2
207 71 37 3
207 77 19 5
207 82 7 34
207 83 25 231
207 84 3 416
207 93 13 448
207 95 1 316
208 32 1 117
208 61 38 89
208 66 43 424
208 69 7 211
208 78 58 259
208 84 21 315
208 90 13 403
208 91 49 190
208 95 9 316
208 98 35 374
208 99 25 329
208 101 55 4
208 116 31 225
208 120 4 26
209 7 32 72
209 11 25 214
209 32 19 117
209 35 49 265
209 45 13 370
209 49 22 182
209 51 1 444
209 73 44 320
209 89 10 161
209 107 39 39
209 116 56 225
209 117 29 200
210 4 22 382
210 6 46 140
210 12 9 142
210 25 55 364
210 26 37 191
210 29 1 121
210 34 31 234
210 58 49 62
210 61 28 89
210 62 25 243
210 83 13 412
210 103 34 248
210 107 4 58
211 5 52 147
211 12 29 142
211 25 43 243
211 30 35 139
211 40 4 6
211 60 16 255
211 64 1 325
211 65 7 59
211 67 20 61
211 78 40 191
211 80 49 223
211 91 25 380
211 104 55 97
212 10 10 237
212 14 37 401
212 16 7 304
212 23 55 261
212 26 43 291
212 29 4 50
212 32 1 371
212 36 13 293
212 63 28 2
212 65 31 131
212 75 58 421
212 79 49 302
212 87 19 239
212 104 15 432
213 5 43 147
213 18 22 73
213 29 25 50
213 33 38 13
213 39 28 277
213 40 31 6
213 44 7 376
213 55 57 36
213 58 1 70
213 65 49 131
213 72 13 141
213 80 19 384
213 94 46 264
213 105 53 115
213 120 34 305
214 3 55 246
214 18 25 73
214 35 4 265
214 36 28 263
214 43 19 281
214 45 15 258
214 55 37 36
214 74 7 357
214 75 46 421
214 79 49 430
214 100 31 229
214 111 22 436
215 4 25 382
215 6 55 241
215 10 1 237
215 24 43 393
215 59 45 396
215 61 22 138
215 71 14 439
215 73 19 320
215 80 40 384
215 81 7 183
215 87 28 239
215 95 11 316
215 103 58 248
215 109 4 201
216 20 10 124
216 23 17 150
216 44 22 80
216 54 26 334
216 80 19 223
216 87 31 186
216 93 39 448
216 98 5 2
216 99 1 329
216 104 13 97
216 112 57 308
216 117 33 79
217 26 2 88
217 34 9 179
217 36 11 30
217 38 15 153
217 39 26 277
217 64 7 195
217 72 31 292
217 74 37 95
217 77 5 407
217 83 19 91
217 104 58 432
217 112 49 417
218 6 37 140
218 22 25 116
218 26 43 88
218 31 1 298
218 38 40 305
218 43 19 235
218 52 51 450
218 60 13 255
218 73 46 188
218 81 7 434
218 88 29 137
218 100 55 422
218 101 16 14
218 114 5 65
219 7 19 317
219 10 56 237
219 11 37 144
219 17 3 151
219 23 27 261
219 45 7 258
219 58 13 70
219 68 9 342
219 70 25 111
219 73 22 320
219 90 49 403
219 99 31 120
219 110 45 409
220 8 9 202
220 13 37 212
220 28 23 197
220 33 13 122
220 36 19 263
220 40 28 35
220 54 31 334
220 58 49 70
220 69 46 77
220 77 11 407
220 80 1 384
220 98 41 374
220 114 17 110
220 118 7 139
221 8 21 202
221 9 25 319
221 27 35 37
221 32 46 371
221 39 29 366
221 49 31 182
221 59 7 62
221 70 17 111
221 84 37 315
221 92 49 348
221 94 13 264
221 114 1 110
222 3 25 246
222 8 46 9
222 12 20 229
222 23 34 261
222 24 11 393
222 31 14 335
222 63 22 445
222 66 7 189
222 75 1 421
222 101 31 14
222 104 37 432
222 107 5 178
222 108 52 443
222 112 55 417
223 4 28 382
223 5 19 147
223 16 4 304
223 21 46 187
223 25 13 29
223 31 31 335
223 66 8 424
223 67 41 442
223 83 49 91
223 109 1 38
224 2 33 193
224 17 43 151
224 23 41 261
224 36 3 293
224 45 29 370
224 47 35 60
224 57 19 45
224 67 52 61
224 68 21 342
224 70 57 111
224 86 37 93
224 90 13 346
224 100 25 114
224 111 49 53
224 119 9 437
225 1 26 1
225 9 7 400
225 34 1 41
225 45 41 258
225 54 50 334
225 59 13 396
225 73 33 188
225 85 37 340
225 93 31 448
225 99 19 341
225 105 57 115
225 108 46 227
226 8 17 355
226 12 41 229
226 14 37 33
226 41 45 230
226 45 53 258
226 56 49 362
226 57 13 45
226 60 10 343
226 62 1 243
226 88 27 364
226 89 7 161
226 102 33 440
226 107 31 39
227 3 13 135
227 21 28 187
227 26 49 291
227 33 44 159
227 37 25 96
227 48 39 411
227 50 52 213
227 82 19 34
227 84 55 328
227 90 31 443
227 98 7 374
227 117 3 200
228 9 13 400
228 34 1 234
228 35 37 20
228 52 25 450
228 53 49 18
228 56 19 362
228 86 31 175
228 91 7 190
228 93 17 448
228 99 43 341
228 106 55 171
228 112 58 417
228 113 3 162
228 119 27 14
229 11 7 205
229 15 56 369
229 21 43 187
229 31 31 419
229 32 16 117
229 59 25 324
229 63 13 445
229 70 40 111
229 72 2 141
229 89 58 161
229 90 19 403
229 101 46 4
229 110 37 409
229 113 51 162
230 4 13 382
230 28 19 233
230 39 31 277
230 43 4 235
230 59 57 137
230 60 50 157
230 71 25 439
230 75 10 421
230 85 55 340
230 92 1 348
230 97 37 77
230 100 33 5
230 113 44 162
231 10 26 237
231 16 55 304
231 23 59 261
231 24 23 393
231 33 1 13
231 40 50 431
231 44 37 60
231 72 43 141
231 76 21 415
231 83 7 412
231 87 33 186
231 110 40 409
231 114 35 110
232 15 39 369
232 17 49 432
232 30 11 139
232 32 28 371
232 44 44 80
232 50 55 213
232 63 25 445
232 79 13 302
232 84 7 282
232 94 17 325
232 105 21 115
232 107 34 39
232 113 53 162
232 120 2 332
233 8 7 202
233 12 47 229
233 31 27 335
233 35 16 20
233 36 13 30
233 63 1 2
233 64 11 372
233 66 19 424
233 67 23 442
233 76 25 415
233 77 9 407
233 81 31 301
233 112 52 417
233 120 40 26
234 24 31 393
234 28 39 233
234 37 19 96
234 40 10 6
234 45 37 370
234 48 23 411
234 56 13 362
234 66 33 276
234 69 49 211
234 75 16 421
234 86 25 435
234 98 58 374
234 109 1 201
235 7 43 72
235 19 41 103
235 26 31 291
235 35 7 20
235 37 55 44
235 38 5 153
235 40 1 35
235 55 49 36
235 74 20 194
235 82 25 23
235 86 13 93
235 92 10 32
235 97 37 354
235 113 35 162
236 2 27 193
236 7 49 72
236 11 37 120
236 35 1 265
236 60 22 255
236 61 19 89
236 69 11 77
236 83 43 91
236 85 29 340
236 87 25 186
236 94 4 264
236 95 7 316
236 99 31 206
236 103 14 99
236 107 9 178
237 3 1 246
237 15 9 369
237 24 25 393
237 25 39 243
237 26 52 88
237 32 16 371
237 35 34 265
237 59 55 207
237 66 27 189
237 78 46 259
237 94 7 264
237 108 43 443
238 7 15 72
238 8 13 202
238 10 52 237
238 11 1 341
238 15 7 369
238 45 21 370
238 52 57 450
238 63 9 445
238 81 32 337
238 87 23 186
238 117 46 79
239 2 7 193
239 12 16 229
239 24 29 393
239 27 37 37
239 51 9 444
239 56 22 390
239 57 47 45
239 60 25 255
239 65 31 59
239 83 39 91
239 95 13 397
239 105 3 115
239 108 44 104
240 6 52 140
240 9 55 21
240 11 19 120
240 12 11 229
240 38 37 153
240 54 7 334
240 69 1 211
240 80 4 384
240 86 32 93
240 91 39 125
240 97 13 354
240 101 49 4
240 104 25 278
240 113 23 64
240 114 17 257
241 3 37 376
241 9 3 21
241 19 1 103
241 66 19 276
241 73 28 188
241 85 23 52
241 91 7 380
241 92 16 32
241 94 50 264
241 103 46 99
241 104 31 432
241 115 13 287
242 4 19 382
242 11 25 341
242 12 2 229
242 29 13 121
242 35 58 20
242 40 45 6
242 66 51 424
242 70 49 111
242 71 8 439
242 95 29 316
242 112 4 175
243 12 11 142
243 20 58 124
243 29 21 143
243 31 1 419
243 58 7 68
243 95 27 397
243 97 13 64
243 98 37 374
243 112 52 23
243 113 17 64
243 115 49 287
244 13 8 106
244 19 55 103
244 24 59 393
244 27 17 37
244 48 27 408
244 59 43 207
244 62 15 71
244 78 34 80
244 85 39 340
244 89 31 431
244 93 25 448
244 95 19 316
244 110 22 409
244 114 51 110
245 9 2 400
245 12 15 142
245 17 25 151
245 23 35 400
245 26 37 291
245 33 57 159
245 37 40 96
245 47 29 60
245 50 10 213
245 61 46 89
245 75 22 421
245 82 31 177
245 86 49 435
246 7 9 317
246 35 21 265
246 36 7 263
246 37 31 44
246 49 13 182
246 65 25 131
246 66 55 424
246 72 49 149
246 78 37 80
246 92 43 32
246 94 1 264
246 100 3 404
246 107 19 39
246 108 40 55
247 4 49 382
247 12 4 142
247 17 44 125
247 33 25 122
247 56 16 362
247 87 21 186
247 89 13 161
247 90 56 403
247 106 10 171
247 108 7 55
247 119 31 437
247 120 37 26
248 11 31 144
248 16 13 304
248 28 41 233
248 44 23 376
248 47 7 256
248 58 19 442
248 72 49 141
248 73 16 188
248 100 1 422
248 102 55 440
248 109 28 353
248 110 10 409
248 117 5 200
249 4 31 382
249 11 2 120
249 27 26 37
249 32 52 117
249 50 40 213
249 64 11 195
249 65 43 433
249 72 19 289
249 78 34 170
249 99 7 311
249 100 55 114
249 104 49 97
249 116 13 225
249 117 29 79
250 1 49 1
250 10 22 252
250 30 53 139
250 44 9 80
250 47 17 372
250 69 3 77
250 72 25 149
250 74 43 418
250 78 55 259
250 85 29 52
250 102 13 440
250 104 31 97
250 114 20 110
251 10 1 435
251 14 8 35
251 15 37 369
251 26 13 191
251 60 31 246
251 72 49 166
251 81 55 337
251 84 25 328
251 87 45 186
251 103 39 99
252 10 16 237
252 17 55 226
252 18 31 73
252 23 10 54
252 26 7 88
252 28 51 233
252 34 59 234
252 47 34 256
252 49 37 182
252 68 19 342
252 88 5 364
252 105 23 115
252 119 1 437
253 2 51 193
253 15 28 369
253 39 55 277
253 43 1 235
253 65 37 288
253 76 5 415
253 83 8 257
253 87 43 186
253 91 19 380
253 94 26 264
253 100 31 422
253 104 16 278
253 108 46 55
254 8 27 9
254 9 37 142
254 18 58 73
254 19 9 103
254 20 16 124
254 25 1 150
254 34 35 234
254 37 49 44
254 59 44 137
254 60 52 255
254 92 31 348
254 94 21 264
254 109 13 353
255 10 25 252
255 17 31 173
255 34 43 234
255 52 19 450
255 58 21 62
255 65 37 59
255 70 59 111
255 90 8 403
255 92 56 32
255 95 50 397
255 101 4 4
255 110 1 409
255 112 46 23
256 3 55 376
256 7 16 317
256 27 39 37
256 45 11 258
256 62 9 243
256 63 13 2
256 64 7 372
256 65 45 131
256 69 19 211
256 81 1 183
256 83 31 412
256 89 22 431
256 99 49 311
256 108 27 104
257 4 55 382
257 19 59 103
257 26 13 291
257 29 44 50
257 30 16 139
257 41 28 230
257 45 33 370
257 57 3 45
257 64 23 337
257 83 49 257
257 85 7 52
257 94 31 264
257 107 41 39
258 2 5 54
258 8 33 9
258 10 46 237
258 37 13 173
258 43 7 281
258 59 55 324
258 80 43 223
258 82 37 349
258 85 27 340
258 87 16 239
258 95 25 397
258 102 1 440
258 104 10 97
258 119 19 232
259 3 43 135
259 6 34 140
259 19 15 103
259 21 19 187
259 26 51 191
259 42 13 358
259 78 4 105
259 91 26 330
259 97 55 354
259 104 39 97
260 5 28 147
260 17 31 151
260 28 58 197
260 36 4 263
260 38 45 153
260 55 7 219
260 65 37 131
260 92 13 348
260 93 21 448
260 105 23 403
260 120 1 305
261 10 34 252
261 17 43 173
261 21 4 187
261 44 27 80
261 61 50 89
261 68 29 342
261 73 40 188
261 86 56 435
261 95 47 397
261 103 22 99
261 109 10 38
261 113 16 262
262 26 13 36
262 30 27 139
262 52 47 450
262 55 7 324
262 62 11 243
262 68 5 422
262 71 1 9
262 89 37 161
262 104 16 279
262 110 58 409
262 114 45 110
262 117 21 79
263 2 25 193
263 24 51 393
263 25 13 113
263 34 22 234
263 37 19 44
263 42 17 358
263 43 38 281
263 44 9 60
263 61 45 138
263 62 27 71
263 64 7 325
263 93 43 448
263 104 1 278
263 113 33 162
264 31 7 298
264 35 25 265
264 37 40 44
264 40 16 6
264 44 5 60
264 47 29 256
264 51 37 444
264 58 43 431
264 59 55 396
264 65 49 433
264 76 33 415
264 87 19 186
264 104 2 97
264 117 13 79
265 10 43 237
265 13 1 212
265 14 39 31
265 18 16 73
265 23 53 261
265 31 7 427
265 44 11 60
265 52 5 450
265 55 32 219
265 59 55 62
265 67 46 61
265 77 20 104
265 99 49 222
266 6 28 140
266 9 49 21
266 10 7 237
266 22 37 136
266 26 34 191
266 40 22 6
266 45 41 370
266 49 55 182
266 51 19 444
266 62 43 71
266 78 31 80
266 95 15 397
266 106 4 171
266 107 1 178
266 112 45 417
267 16 28 304
267 20 34 124
267 22 19 75
267 37 10 44
267 45 8 370
267 52 23 450
267 53 55 18
267 60 25 343
267 72 13 166
267 78 43 259
267 91 38 190
267 108 31 227
267 111 1 53
267 114 49 110
268 10 4 237
268 26 57 88
268 36 32 30
268 37 49 96
268 38 17 153
268 40 28 6
268 55 38 219
268 60 19 343
268 79 7 302
268 82 13 34
268 88 22 364
268 105 45 115
268 115 25 287
269 8 4 202
269 23 29 261
269 33 19 159
269 43 26 235
269 49 1 182
269 58 43 442
269 81 37 337
269 87 55 186
269 93 47 448
269 94 11 264
269 99 31 329
269 100 7 422
269 101 13 269
269 113 17 148
270 11 1 214
270 27 8 37
270 29 56 50
270 31 45 427
270 33 33 159
270 36 17 375
270 48 31 408
270 51 52 48
270 58 13 209
270 61 10 89
270 82 37 23
270 84 19 446
270 97 25 157
270 103 49 248
270 113 23 162
271 2 4 193
271 3 43 169
271 14 15 401
271 29 25 143
271 31 49 335
271 40 34 431
271 52 13 450
271 58 7 442
271 78 22 259
271 83 56 257
271 85 19 52
271 100 37 114
271 114 11 110
272 3 55 169
272 10 4 252
272 11 31 205
272 28 45 233
272 33 14 11
272 37 52 96
272 42 11 358
272 49 7 182
272 51 40 377
272 54 19 334
272 71 25 3
272 85 43 340
272 89 49 161
272 101 1 14
272 112 37 417
273 12 25 142
273 21 58 187
273 26 19 291
273 49 28 182
273 55 50 251
273 56 4 362
273 57 15 45
273 65 7 288
273 69 34 211
273 99 43 329
273 100 37 422
273 108 1 359
273 115 31 287
274 5 58 147
274 9 37 21
274 13 45 273
274 15 43 369
274 19 5 103
274 51 28 377
274 59 49 207
274 78 22 105
274 79 7 300
274 95 26 316
274 97 31 247
274 102 13 74
274 106 19 171
274 114 17 3
274 118 1 139
275 10 10 252
275 14 55 11
275 28 15 233
275 31 38 427
275 37 1 44
275 69 45 211
275 72 49 289
275 73 7 180
275 83 19 285
275 101 25 4
275 107 13 39
275 113 5 162
275 120 34 26
276 2 4 279
276 19 11 103
276 24 9 393
276 37 52 44
276 41 37 399
276 58 56 442
276 62 13 195
276 85 7 340
276 86 19 93
276 89 1 431
276 90 25 148
277 15 21 369
277 16 34 253
277 25 49 113
277 29 10 50
277 31 3 427
277 36 7 375
277 65 25 59
277 69 39 211
277 90 44 346
277 92 13 310
277 93 1 448
277 115 31 322
278 7 31 317
278 23 5 219
278 27 23 37
278 37 34 96
278 43 46 318
278 47 53 256
278 81 14 183
278 87 27 186
278 96 1 268
278 99 37 329
278 102 19 180
278 105 9 115
278 111 43 436
278 112 49 308
279 7 46 317
279 22 37 116
279 56 10 410
279 57 29 45
279 69 16 77
279 78 7 259
279 81 25 183
279 82 1 197
279 85 58 52
279 100 49 114
279 103 19 99
279 107 5 39
279 108 13 227
279 114 55 110
279 117 35 79
280 8 16 202
280 17 55 151
280 35 38 265
280 45 10 370
280 52 1 450
280 77 7 5
280 80 13 223
280 86 3 215
280 98 23 434
280 100 31 114
280 102 25 440
280 117 19 200
280 120 43 332
281 6 22 140
281 7 1 72
281 9 31 319
281 10 16 252
281 33 43 16
281 47 13 256
281 56 4 390
281 72 7 166
281 73 19 326
281 84 55 282
281 99 37 311
281 102 26 61
281 119 50 232
282 3 31 376
282 8 22 9
282 10 40 237
282 21 49 187
282 25 43 364
282 29 19 50
282 34 27 234
282 35 52 265
282 52 7 450
282 65 15 288
282 87 1 186
282 91 9 330
283 8 1 355
283 16 16 253
283 29 7 143
283 34 51 234
283 37 37 44
283 38 13 153
283 43 3 318
283 56 31 362
283 59 25 207
283 71 19 3
283 85 41 340
283 97 44 64
283 98 49 374
283 109 56 201
283 112 10 417
284 1 13 1
284 6 1 241
284 8 20 9
284 9 31 400
284 21 52 187
284 23 11 219
284 26 22 88
284 34 29 234
284 35 43 265
284 38 35 153
284 89 25 161
284 100 7 323
284 104 4 278
284 111 37 436
285 4 37 382
285 13 43 106
285 26 1 36
285 35 26 20
285 51 49 377
285 53 31 18
285 55 55 342
285 63 40 2
285 71 13 3
285 81 7 101
285 84 19 416
285 88 29 364
285 93 5 448
286 29 32 121
286 40 7 6
286 41 38 230
286 58 55 209
286 60 10 157
286 68 3 342
286 71 20 439
286 79 43 302
286 85 25 340
286 88 5 137
286 97 49 354
286 98 15 374
286 100 27 229
287 4 10 382
287 19 25 103
287 32 37 371
287 60 34 255
287 65 56 433
287 68 13 422
287 78 31 259
287 81 15 434
287 82 1 349
287 92 43 348
287 97 27 64
287 110 7 409
287 120 22 332
288 16 28 253
288 24 47 393
288 25 39 150
288 40 16 35
288 60 31 255
288 67 37 61
288 72 19 149
288 76 25 48
288 80 7 384
288 91 2 330
288 92 10 348
288 101 13 4
288 105 59 115
289 13 25 106
289 19 43 103
289 34 5 179
289 35 46 265
289 47 3 256
289 65 55 288
289 66 31 424
289 91 14 380
289 92 37 32
289 93 29 448
289 94 23 264
289 100 49 323
289 101 7 4
289 111 10 436
290 19 19 103
290 24 27 393
290 43 34 318
290 59 37 396
290 74 55 418
290 76 21 48
290 95 23 397
290 105 25 115
290 108 46 443
290 110 16 409
290 112 7 417
290 119 1 232
291 7 7 72
291 19 13 103
291 23 15 261
291 26 22 291
291 31 37 419
291 38 49 153
291 45 35 258
291 60 46 246
291 70 11 111
291 91 1 380
292 9 50 292
292 17 37 226
292 30 19 139
292 32 13 117
292 38 1 153
292 48 17 408
292 53 43 18
292 58 55 70
292 64 5 33
292 76 28 415
292 87 3 186
292 99 7 329
293 12 13 142
293 14 19 401
293 28 1 233
293 60 49 255
293 66 43 276
293 71 8 355
293 73 25 188
293 74 37 418
293 80 4 223
293 84 55 416
293 86 15 215
293 89 28 161
294 9 13 21
294 16 7 253
294 22 1 75
294 36 23 30
294 40 55 6
294 41 10 230
294 74 19 357
294 80 46 223
294 84 37 65
294 85 52 52
294 95 5 397
294 101 31 381
294 104 34 432
294 120 26 332
295 13 13 212
295 15 23 369
295 22 1 116
295 47 29 372
295 53 19 18
295 72 25 289
295 75 40 421
295 87 57 186
295 88 11 137
295 89 31 161
295 91 43 217
295 104 49 279
295 107 7 178
296 6 4 241
296 10 13 237
296 13 51 313
296 14 9 31
296 34 7 234
296 41 16 399
296 56 22 362
296 72 37 141
296 76 49 415
296 80 34 223
296 81 43 337
296 84 25 282
296 89 19 431
296 119 55 437
297 2 15 193
297 13 9 212
297 25 25 29
297 27 50 37
297 34 3 41
297 47 33 60
297 58 55 431
297 63 46 202
297 64 59 337
297 76 7 48
297 80 22 384
297 88 13 364
297 92 19 348
297 98 39 374
298 6 7 241
298 7 43 317
298 11 39 341
298 14 31 31
298 24 21 393
298 28 3 233
298 39 35 277
298 43 25 318
298 66 55 276
298 78 10 259
298 92 28 348
298 93 51 448
298 101 46 14
298 106 14 171
299 1 7 1
299 6 13 241
299 10 19 252
299 22 37 56
299 27 11 37
299 40 55 191
299 58 25 62
299 63 58 2
299 74 1 95
299 84 31 328
299 93 41 448
299 95 5 316
299 97 43 354
299 111 16 53
300 2 55 193
300 37 4 96
300 40 51 6
300 47 19 256
300 67 38 269
300 74 26 95
300 76 31 415
300 83 57 231
300 86 7 93
300 104 13 279
300 107 11 178
300 108 1 55
Điểm tối ưu: 3935
Thời gian: 360.133827 giây
Trạng thái: VALID
