688
1 1 13 21
1 3 27 28
1 4 19 14
1 5 7 13
1 8 31 42
1 9 5 66
1 10 41 4
1 11 43 47
1 12 34 33
1 13 1 64
1 14 11 23
1 15 17 2
1 17 25 25
1 18 37 11
1 19 22 45
2 1 7 21
2 2 37 3
2 4 1 14
2 5 13 13
2 6 31 6
2 7 19 20
2 10 43 4
2 11 40 47
2 13 4 64
2 14 17 23
2 16 11 63
2 17 23 25
2 18 33 11
2 19 25 45
2 20 28 8
3 1 19 21
3 2 31 3
3 5 3 13
3 6 29 6
3 7 13 20
3 9 1 66
3 11 34 47
3 12 37 33
3 13 7 64
3 15 23 2
3 16 17 63
3 17 27 25
3 18 43 11
3 19 10 45
3 20 25 8
4 3 33 28
4 4 13 14
4 5 19 13
4 6 37 6
4 7 1 20
4 8 27 42
4 9 7 66
4 11 46 47
4 12 40 33
4 13 10 64
4 14 5 23
4 15 25 2
4 16 23 63
4 17 16 25
4 20 31 8
5 1 1 21
5 2 40 3
5 4 16 14
5 5 25 13
5 6 22 6
5 7 31 20
5 9 9 66
5 11 37 47
5 12 43 33
5 13 13 64
5 15 5 2
5 16 7 63
5 17 11 25
5 18 49 11
5 19 19 45
6 1 25 21
6 2 43 3
6 3 4 28
6 5 31 13
6 6 35 6
6 7 7 20
6 8 21 42
6 9 11 66
6 11 49 47
6 12 46 33
6 13 16 64
6 14 13 23
6 15 19 2
6 18 55 11
6 19 1 45
7 1 31 21
7 2 46 3
7 3 22 28
7 4 4 14
7 5 37 13
7 6 17 6
7 7 25 20
7 8 43 42
7 9 13 66
7 12 49 33
7 13 19 64
7 14 1 23
7 16 15 63
7 19 7 45
7 20 10 8
8 1 37 21
8 2 34 3
8 4 7 14
8 5 43 13
8 6 10 6
8 7 49 20
8 9 15 66
8 12 31 33
8 14 19 23
8 15 1 2
8 16 13 63
8 17 21 25
8 18 25 11
8 19 4 45
8 20 17 8
9 2 21 3
9 4 10 14
9 5 49 13
9 6 19 6
9 7 37 20
9 8 34 42
9 9 17 66
9 10 28 4
9 11 31 47
9 12 25 33
9 14 3 23
9 15 7 2
9 16 1 63
9 17 5 25
9 19 13 45
10 2 49 3
10 3 7 28
10 4 22 14
10 5 55 13
10 6 13 6
10 7 43 20
10 8 10 42
10 9 19 66
10 10 31 4
10 12 52 33
10 15 3 2
10 17 1 25
10 18 25 29
10 19 16 45
10 20 5 8
11 1 43 21
11 4 27 14
11 5 1 51
11 6 39 6
11 7 55 20
11 8 13 42
11 9 25 66
11 10 11 4
11 11 19 47
11 12 16 33
11 13 22 64
11 14 7 23
11 16 5 63
11 17 9 25
11 19 31 45
12 2 52 3
12 3 37 28
12 5 7 51
12 6 5 6
12 8 40 42
12 9 21 66
12 10 13 4
12 11 58 47
12 12 55 33
12 13 25 64
12 14 15 23
12 17 3 25
12 18 31 29
12 19 28 45
12 20 1 8
13 1 49 21
13 2 25 3
13 3 19 28
13 4 31 14
13 5 13 51
13 8 37 42
13 9 23 66
13 11 55 47
13 12 58 33
13 13 28 64
13 14 9 23
13 15 11 2
13 16 3 63
13 18 43 29
13 19 34 45
14 2 55 3
14 3 15 28
14 4 34 14
14 5 19 51
14 6 25 6
14 7 1 37
14 9 27 66
14 10 5 4
14 11 52 47
14 12 31 43
14 14 23 23
14 16 9 63
14 17 7 25
14 19 37 45
14 20 13 8
15 1 55 21
15 2 34 39
15 3 40 28
15 4 37 14
15 5 25 51
15 7 7 37
15 11 46 62
15 12 43 43
15 13 31 64
15 14 21 23
15 15 13 2
15 16 19 63
15 17 29 25
15 18 15 11
15 20 3 8
16 1 1 49
16 2 58 3
16 3 46 28
16 5 37 51
16 6 7 6
16 7 13 37
16 8 49 42
16 9 29 66
16 10 17 4
16 13 34 64
16 14 25 23
16 15 9 2
16 17 19 25
16 18 21 11
16 19 43 45
17 1 7 49
17 3 1 28
17 4 40 14
17 7 19 37
17 8 4 42
17 9 31 66
17 10 23 4
17 11 33 62
17 13 37 64
17 14 27 23
17 16 25 63
17 17 13 25
17 18 49 29
17 19 46 45
17 20 15 8
18 1 13 49
18 2 3 3
18 3 10 28
18 5 43 51
18 6 1 6
18 7 25 37
18 9 33 66
18 10 19 4
18 11 37 62
18 12 7 33
18 13 40 64
18 14 29 23
18 16 21 63
18 17 31 25
18 19 49 45
19 2 9 3
19 3 49 28
19 4 43 14
19 5 31 51
19 6 27 6
19 7 37 37
19 8 1 42
19 9 35 66
19 10 21 4
19 11 52 62
19 12 4 33
19 14 41 23
19 15 15 2
19 17 46 25
19 20 7 8
20 1 19 49
20 4 46 14
20 5 49 51
20 6 3 6
20 7 31 37
20 8 7 42
20 9 37 66
20 10 1 4
20 12 10 33
20 14 35 23
20 16 27 63
20 17 43 25
20 18 13 29
20 19 40 45
20 20 23 8
21 2 13 3
21 3 1 75
21 4 49 14
21 5 55 51
21 6 41 6
21 7 43 37
21 8 16 42
21 9 39 66
21 10 7 4
21 11 4 47
21 12 21 33
21 14 31 23
21 17 33 25
21 19 52 45
21 20 19 8
22 3 4 75
22 4 55 14
22 6 15 6
22 7 49 37
22 9 41 66
22 10 25 4
22 13 43 64
22 14 33 23
22 15 21 2
22 16 29 63
22 17 35 25
22 18 7 11
22 19 58 45
22 20 37 8
23 1 25 49
23 2 16 3
23 6 33 6
23 7 55 37
23 8 46 42
23 9 43 66
23 10 35 4
23 12 13 33
23 14 37 23
23 15 29 2
23 17 39 25
23 18 7 29
23 19 1 46
23 20 21 8
24 1 31 49
24 2 7 39
24 3 52 28
24 6 43 6
24 7 1 56
24 9 45 66
24 10 15 4
24 11 49 62
24 12 10 43
24 14 39 23
24 15 27 2
24 17 37 25
24 18 19 29
24 20 35 8
25 1 37 49
25 2 28 3
25 3 55 28
25 4 52 14
25 6 58 6
25 7 7 56
25 9 49 66
25 11 16 47
25 12 13 43
25 13 46 64
25 14 43 23
25 16 31 63
25 17 41 25
25 18 1 11
25 20 33 8
26 1 43 49
26 2 10 39
26 3 7 75
26 4 58 14
26 7 13 56
26 8 3 19
26 9 47 66
26 10 37 4
26 11 22 47
26 13 49 64
26 14 52 23
26 16 33 63
26 17 1 34
26 19 55 45
27 1 55 49
27 2 13 39
27 3 43 28
27 6 46 6
27 7 19 56
27 8 7 19
27 10 33 4
27 11 10 47
27 12 28 33
27 13 52 64
27 16 35 63
27 17 49 25
27 18 1 29
27 20 39 8
28 1 49 49
28 2 4 39
28 3 58 28
28 4 1 68
28 7 25 56
28 8 10 19
28 11 13 47
28 12 7 43
28 13 55 64
28 14 45 23
28 15 31 2
28 16 37 63
28 17 53 25
28 18 39 29
29 1 1 35
29 2 19 39
29 3 10 75
29 4 7 68
29 6 49 6
29 7 31 56
29 8 55 42
29 10 39 4
29 11 25 47
29 12 22 43
29 13 58 64
29 14 47 23
29 17 51 25
29 18 13 38
30 1 7 35
30 2 1 39
30 3 13 75
30 7 37 56
30 8 58 42
30 9 51 66
30 10 45 4
30 11 28 47
30 12 16 43
30 15 33 2
30 16 41 63
30 17 55 25
30 18 19 38
30 19 4 46
30 20 43 8
31 2 22 39
31 3 16 75
31 4 4 68
31 6 51 6
31 8 13 19
31 9 53 66
31 10 47 4
31 11 10 62
31 12 1 33
31 16 39 63
31 17 57 25
31 18 25 38
31 19 7 46
31 20 41 8
32 1 13 35
32 2 25 39
32 3 22 75
32 4 10 68
32 6 53 6
32 7 43 56
32 10 59 4
32 11 7 47
32 12 1 43
32 14 49 23
32 15 35 2
32 16 47 63
32 18 55 29
32 19 19 46
32 20 51 8
33 1 19 35
33 2 16 39
33 3 25 75
33 4 13 68
33 6 1 10
33 9 55 66
33 10 9 4
33 11 28 62
33 12 4 43
33 14 57 23
33 15 37 2
33 17 59 25
33 20 45 8
34 2 28 39
34 3 19 75
34 6 5 10
34 7 49 56
34 9 57 66
34 10 53 4
34 11 7 62
34 12 25 43
34 14 55 23
34 15 39 2
34 17 3 34
34 18 31 38
34 19 10 46
34 20 47 8
35 2 31 39
35 4 16 68
35 7 55 56
35 8 52 42
35 9 59 66
35 10 49 4
35 11 22 62
35 12 19 43
35 14 1 30
35 15 41 2
35 16 43 63
35 18 3 38
35 19 13 46
36 1 25 35
36 2 37 39
36 4 19 68
36 10 3 4
36 11 13 62
36 14 59 23
36 16 45 63
36 17 5 34
36 18 7 38
36 19 16 46
36 20 49 8
37 1 31 35
37 2 43 39
37 3 28 75
37 4 22 68
37 8 16 19
37 10 51 4
37 11 19 62
37 12 46 43
37 14 3 30
37 17 7 34
37 18 37 38
37 19 25 46
37 20 53 8
38 2 40 39
38 3 31 75
38 6 3 10
38 8 19 19
38 10 57 4
38 12 28 43
38 14 5 30
38 15 43 2
38 16 49 63
38 17 9 34
38 18 45 38
38 20 55 8
39 1 37 35
39 2 1 41
39 3 34 75
39 4 25 68
39 8 28 19
39 11 16 62
39 12 4 53
39 14 7 30
39 15 45 2
39 16 51 63
39 19 22 46
39 20 57 8
40 2 46 39
40 3 37 75
40 4 28 68
40 6 55 6
40 9 3 66
40 10 1 15
40 12 34 43
40 14 9 30
40 16 53 63
40 17 11 34
40 18 49 38
40 19 31 46
40 20 59 8
41 1 43 35
41 2 49 39
41 3 40 75
41 4 31 68
41 8 22 19
41 11 3 62
41 12 37 43
41 14 11 30
41 15 47 2
41 17 13 34
41 19 28 46
41 20 1 50
42 1 49 35
42 2 4 41
42 3 43 75
42 4 34 68
42 6 7 10
42 8 25 19
42 10 9 15
42 11 1 47
42 14 13 30
42 16 55 63
42 17 15 34
42 18 57 38
42 19 37 46
43 1 55 35
43 2 52 39
43 4 37 68
43 6 9 10
43 8 31 19
43 10 5 15
43 14 15 30
43 15 49 2
43 16 59 63
43 17 17 34
43 18 1 44
43 19 34 46
44 3 46 75
44 4 40 68
44 6 11 10
44 8 34 19
44 10 55 4
44 11 25 62
44 12 49 43
44 14 17 30
44 16 57 63
44 18 7 44
44 19 43 46
44 20 3 50
45 2 58 39
45 3 55 75
45 8 37 19
45 11 43 62
45 14 19 30
45 15 51 2
45 16 1 36
45 17 21 34
45 18 13 44
45 19 40 46
45 20 5 50
46 2 55 39
46 3 49 75
46 4 43 68
46 6 13 10
46 8 40 19
46 10 11 15
46 11 58 62
46 14 21 30
46 16 3 36
46 18 25 44
46 20 7 50
47 2 13 41
47 4 46 68
47 8 43 19
47 10 3 15
47 11 55 62
47 12 40 43
47 15 53 2
47 16 5 36
47 17 19 34
47 20 9 50
48 2 7 41
48 3 52 75
48 4 49 68
48 6 15 10
48 8 57 19
48 10 13 15
48 12 1 53
48 15 55 2
48 17 23 34
48 18 19 44
48 19 46 46
48 20 11 50
49 2 10 41
49 3 1 71
49 4 52 68
49 6 17 10
49 10 19 15
49 12 13 53
49 15 57 2
49 16 7 36
49 17 25 34
49 18 31 44
49 19 49 46
50 2 16 41
50 3 4 71
50 4 55 68
50 6 19 10
50 10 7 15
50 11 46 19
50 12 52 43
50 15 59 2
50 17 27 34
50 18 37 44
50 20 13 50
Điểm tối ưu: 688
Thời gian: 90.026550 giây
Trạng thái: VALID
