165
1 1 22 9
1 3 58 23
1 4 52 6
1 5 11 30
1 6 20 11
1 8 46 27
1 9 34 1
1 10 28 13
2 1 31 9
2 3 4 23
2 4 37 6
2 5 39 30
2 6 22 11
2 8 55 27
2 9 19 1
2 10 46 13
3 1 37 9
3 3 43 23
3 4 10 6
3 5 5 30
3 6 41 11
3 7 49 29
3 8 28 27
3 9 25 1
3 10 31 13
4 1 55 9
4 3 34 23
4 4 2 6
4 5 13 30
4 6 7 11
4 8 49 27
4 9 46 1
4 10 16 13
5 1 49 9
5 3 19 23
5 4 40 6
5 5 44 30
5 6 47 11
5 7 31 29
5 8 1 27
5 9 37 1
5 10 7 13
6 3 22 23
6 4 47 6
6 5 2 30
6 6 55 11
6 7 43 29
6 8 37 27
6 9 49 1
6 10 58 13
7 2 27 9
7 3 46 23
7 4 58 6
7 5 55 30
7 6 4 11
7 8 19 27
7 9 8 1
7 10 49 13
8 3 28 23
8 4 49 6
8 5 16 30
8 6 1 11
8 8 4 27
8 9 31 1
8 10 13 13
9 2 9 9
9 3 40 23
9 4 22 6
9 5 49 30
9 6 16 11
9 7 56 29
9 8 13 27
9 9 1 1
9 10 52 13
10 1 4 9
10 3 55 23
10 4 17 6
10 5 47 30
10 6 25 11
10 8 34 27
10 9 58 1
10 10 10 13
11 3 31 23
11 4 14 6
11 5 25 30
11 6 29 11
11 8 7 27
11 9 22 1
11 10 1 13
12 1 52 9
12 3 25 23
12 4 4 6
12 5 35 30
12 6 50 11
12 8 40 27
12 9 43 1
12 10 55 13
13 1 34 9
13 3 52 23
13 4 19 6
13 5 37 30
13 6 32 11
13 7 15 29
13 8 10 27
13 9 55 1
13 10 25 13
14 3 16 23
14 4 33 6
14 5 19 30
14 6 59 11
14 8 25 27
14 9 52 1
14 10 22 13
15 2 45 9
15 3 7 23
15 4 43 6
15 5 58 30
15 6 10 11
15 7 1 29
15 8 52 27
15 9 16 1
15 10 40 13
16 3 13 23
16 4 28 6
16 5 22 30
16 6 43 11
16 7 8 29
16 8 31 27
16 10 19 13
17 1 1 9
17 3 10 23
17 4 35 6
17 5 52 30
17 6 39 11
17 7 26 29
17 8 16 27
17 9 13 1
17 10 43 13
18 1 58 9
18 3 49 23
18 4 56 6
18 5 31 30
18 6 52 11
18 7 39 29
18 8 22 27
18 9 28 1
18 10 4 13
19 1 40 9
19 2 14 9
19 3 37 23
19 4 25 6
19 5 7 30
19 6 27 11
19 7 20 29
19 8 58 27
19 9 4 1
19 10 34 13
20 1 19 9
20 3 1 23
20 4 7 6
20 5 9 30
20 6 14 11
20 8 43 27
20 9 40 1
20 10 37 13
Điểm tối ưu: 165
Thời gian: 20.004939 giây
Trạng thái: VALID
