2698
1 2 25 6
1 8 55 84
1 9 39 141
1 30 27 50
1 39 4 17
1 42 29 225
1 44 13 16
1 48 44 64
1 55 51 278
1 58 58 177
1 62 33 63
1 63 10 80
1 68 7 180
1 69 19 43
1 72 1 281
2 3 11 237
2 8 34 130
2 9 39 92
2 19 1 122
2 21 9 39
2 26 43 298
2 27 19 139
2 44 31 16
2 47 55 189
2 48 45 19
2 55 13 278
2 59 5 81
2 62 57 157
2 66 25 144
2 71 51 123
3 1 2 1
3 7 19 274
3 11 31 44
3 16 57 209
3 23 38 197
3 25 35 107
3 37 7 62
3 41 23 245
3 44 10 16
3 51 14 171
3 64 49 13
3 66 51 114
3 69 26 43
3 70 43 59
3 77 55 53
4 4 25 262
4 8 16 130
4 15 13 66
4 17 55 98
4 21 1 95
4 28 7 234
4 34 43 9
4 42 51 225
4 47 33 189
4 51 19 171
4 54 37 56
4 65 23 116
4 69 9 132
4 74 4 85
5 13 31 269
5 28 9 234
5 29 25 26
5 44 45 16
5 51 2 288
5 55 37 18
5 58 28 51
5 59 11 75
5 60 56 166
5 62 19 63
5 72 51 167
5 76 15 124
5 77 49 145
6 9 2 92
6 13 49 176
6 14 15 222
6 16 55 209
6 31 57 78
6 33 32 294
6 41 13 54
6 47 23 189
6 49 8 191
6 55 19 239
6 62 25 194
6 66 43 183
6 67 5 58
6 71 38 41
6 76 17 83
7 4 13 262
7 12 5 109
7 15 49 15
7 18 2 211
7 21 9 95
7 26 16 298
7 28 11 234
7 31 7 147
7 40 43 232
7 49 25 126
7 50 31 236
7 57 40 221
7 71 19 271
7 76 23 83
7 78 55 69
8 1 38 1
8 9 10 141
8 35 41 135
8 49 51 191
8 50 13 28
8 51 44 52
8 57 26 162
8 66 57 45
8 69 2 236
8 72 31 28
8 76 55 124
8 80 19 240
9 11 49 44
9 16 26 209
9 17 22 98
9 28 5 234
9 30 8 50
9 33 43 264
9 37 38 286
9 44 55 225
9 52 1 89
9 54 16 56
9 56 13 229
9 61 19 247
9 63 58 80
9 76 10 124
10 2 37 6
10 4 58 289
10 18 13 265
10 21 11 39
10 24 7 112
10 27 25 139
10 31 21 78
10 43 51 243
10 45 15 283
10 49 43 125
10 52 33 54
10 56 3 229
10 57 40 162
10 77 1 53
11 3 15 279
11 14 22 222
11 15 19 66
11 16 35 209
11 24 49 112
11 29 4 242
11 33 37 294
11 34 13 9
11 37 44 286
11 49 8 125
11 71 56 207
11 72 25 249
11 76 29 124
11 79 1 252
12 3 13 279
12 8 19 130
12 11 25 44
12 12 53 109
12 14 57 222
12 29 43 242
12 35 33 135
12 40 49 300
12 41 11 245
12 52 15 106
12 55 1 142
12 58 22 148
12 74 7 85
12 80 37 117
13 5 55 115
13 17 45 210
13 20 59 298
13 26 19 163
13 30 3 25
13 33 13 264
13 38 49 152
13 41 32 245
13 55 7 278
13 64 38 13
13 66 21 144
13 76 53 124
13 79 34 252
13 80 25 25
14 1 58 1
14 4 10 289
14 6 33 193
14 12 43 109
14 15 52 66
14 24 37 190
14 26 5 298
14 30 3 50
14 33 45 294
14 42 28 67
14 55 19 18
14 60 16 166
14 64 41 13
14 68 13 106
15 8 13 130
15 9 16 141
15 20 19 282
15 21 41 95
15 30 21 50
15 36 52 238
15 38 7 71
15 47 49 189
15 62 3 194
15 76 27 124
15 80 33 25
16 2 19 96
16 3 7 279
16 9 34 92
16 14 5 222
16 15 37 171
16 17 3 210
16 20 49 282
16 22 22 204
16 29 16 26
16 38 25 71
16 43 31 27
16 46 14 3
16 47 51 189
16 49 43 191
16 51 9 15
17 9 46 92
17 13 56 164
17 15 1 66
17 23 38 20
17 24 15 190
17 30 25 50
17 39 7 17
17 44 4 241
17 60 22 166
17 62 51 194
17 64 43 13
17 65 31 119
17 73 19 181
17 78 13 69
18 14 20 222
18 27 44 143
18 29 49 223
18 30 9 25
18 41 7 245
18 42 15 67
18 48 32 19
18 52 26 106
18 57 57 162
18 58 38 51
18 66 1 144
18 75 22 267
19 5 49 115
19 10 38 140
19 14 7 222
19 18 33 206
19 27 9 79
19 32 19 291
19 41 43 245
19 43 25 203
19 52 56 106
19 54 28 56
19 56 4 251
19 75 1 280
19 79 46 252
19 80 13 90
20 2 9 6
20 4 19 262
20 8 37 130
20 22 49 77
20 23 25 197
20 25 55 107
20 28 52 234
20 34 40 9
20 36 13 238
20 38 57 145
20 43 43 214
20 60 33 250
20 65 3 116
21 23 43 22
21 24 37 295
21 27 56 139
21 40 13 232
21 51 26 171
21 56 22 229
21 60 51 94
21 69 7 43
21 70 33 59
21 72 2 167
21 75 19 280
22 11 19 192
22 27 49 143
22 31 9 78
22 33 56 83
22 40 31 232
22 49 37 191
22 51 2 4
22 64 25 13
22 66 13 45
22 68 53 106
22 71 43 151
22 73 17 181
22 76 7 124
22 80 27 117
23 13 27 205
23 18 59 206
23 19 7 178
23 23 32 197
23 29 38 26
23 57 22 162
23 58 19 148
23 60 56 94
23 64 17 13
23 65 25 116
23 69 2 132
23 70 51 59
23 71 13 207
24 1 7 1
24 4 43 289
24 18 25 206
24 21 27 39
24 25 33 279
24 30 29 50
24 35 31 135
24 37 49 286
24 42 37 225
24 44 58 16
24 48 2 133
24 49 19 188
24 66 39 45
24 75 46 7
25 1 10 1
25 4 1 289
25 14 29 222
25 16 15 209
25 19 31 122
25 24 43 190
25 45 25 184
25 47 17 189
25 50 37 173
25 55 49 73
25 59 13 75
25 60 4 250
25 67 19 58
25 71 55 151
25 79 22 252
26 2 7 6
26 21 35 39
26 23 37 201
26 26 9 298
26 29 46 242
26 38 31 71
26 40 19 233
26 46 5 74
26 54 58 56
26 55 1 278
26 59 28 81
26 60 25 250
26 62 49 157
26 66 14 183
26 67 41 299
27 5 37 115
27 14 55 222
27 16 33 209
27 20 5 281
27 21 7 95
27 27 15 79
27 33 49 83
27 38 1 230
27 42 31 67
27 44 9 49
27 55 43 278
27 58 19 177
27 59 26 169
27 68 13 180
28 1 22 1
28 6 39 134
28 9 52 141
28 11 25 35
28 27 14 139
28 30 58 50
28 42 5 225
28 44 49 241
28 46 7 74
28 52 1 54
28 59 9 259
28 71 33 207
28 72 55 249
29 16 43 209
29 22 25 204
29 23 45 197
29 29 28 26
29 31 21 147
29 40 13 21
29 44 7 241
29 49 2 125
29 52 49 89
29 61 55 247
29 71 32 123
29 78 59 69
30 3 27 237
30 15 37 15
30 19 19 70
30 31 34 78
30 39 1 17
30 45 43 283
30 47 47 50
30 53 15 231
30 56 31 251
30 62 9 63
30 66 49 144
30 73 7 181
30 77 53 145
30 78 5 69
30 80 55 117
31 7 38 274
31 11 49 192
31 14 27 222
31 19 13 82
31 26 29 163
31 44 32 49
31 45 21 187
31 47 53 189
31 61 3 247
31 65 43 116
31 66 45 244
31 68 35 106
31 76 11 83
31 78 19 69
32 9 7 92
32 13 49 258
32 15 46 66
32 17 1 210
32 19 19 82
32 28 11 23
32 33 3 264
32 35 57 135
32 51 31 15
32 55 13 239
32 56 25 251
32 65 23 119
33 2 13 96
33 4 7 289
33 20 1 282
33 29 56 242
33 31 41 78
33 33 20 264
33 40 37 30
33 46 32 103
33 47 29 189
33 62 25 76
33 64 4 13
33 71 49 207
33 72 16 281
33 80 43 25
34 3 17 279
34 9 31 141
34 11 1 35
34 17 34 210
34 21 43 39
34 24 56 295
34 35 37 135
34 43 7 203
34 44 39 16
34 50 13 236
34 53 10 231
34 54 22 56
34 63 45 80
34 69 26 236
35 6 25 202
35 12 39 109
35 21 37 39
35 22 52 77
35 23 55 197
35 25 19 107
35 31 32 78
35 35 29 135
35 44 44 241
35 54 13 56
35 55 2 18
35 61 34 247
35 64 59 13
36 3 5 237
36 15 28 66
36 21 25 95
36 23 43 20
36 26 10 163
36 33 55 294
36 37 22 62
36 43 14 214
36 44 37 49
36 62 31 194
36 63 19 136
36 67 7 299
36 76 3 124
37 1 19 1
37 2 39 6
37 11 9 87
37 13 31 164
37 26 3 163
37 28 7 23
37 34 5 9
37 39 55 17
37 42 1 225
37 57 13 14
37 59 16 75
37 60 28 166
37 64 45 13
38 3 49 279
38 9 20 141
38 14 52 222
38 20 41 282
38 23 1 20
38 41 28 245
38 44 10 241
38 46 37 103
38 48 32 224
38 54 55 56
38 62 43 76
38 65 13 116
39 9 13 141
39 19 8 82
39 20 49 298
39 26 25 163
39 28 5 23
39 43 19 203
39 44 16 49
39 51 27 15
39 53 35 231
39 56 40 251
39 57 32 221
39 71 1 123
39 76 43 124
40 1 14 1
40 11 7 44
40 12 51 109
40 20 53 73
40 21 20 39
40 22 56 204
40 29 22 26
40 31 5 147
40 32 40 291
40 40 25 30
40 45 31 187
40 49 1 191
40 53 29 102
40 69 43 73
41 11 21 35
41 18 11 265
41 22 13 77
41 24 49 190
41 28 37 23
41 39 58 17
41 41 16 54
41 48 1 224
41 59 31 75
41 63 34 80
41 71 26 151
41 75 8 7
41 77 5 53
41 79 55 252
42 2 13 6
42 8 46 130
42 12 33 109
42 17 39 210
42 20 9 282
42 28 31 234
42 30 1 25
42 34 56 9
42 42 7 225
42 47 27 189
42 65 11 119
42 69 3 43
42 73 15 153
43 11 15 35
43 24 19 112
43 35 13 135
43 46 44 103
43 49 56 126
43 53 37 102
43 56 1 37
43 57 31 162
43 58 34 177
43 60 28 94
43 62 39 63
43 67 23 58
43 75 25 280
43 78 9 69
43 79 4 252
44 2 3 6
44 10 32 140
44 11 8 35
44 23 19 197
44 24 56 112
44 25 46 107
44 33 49 294
44 42 23 225
44 48 26 224
44 57 43 14
44 61 13 247
44 71 38 271
44 73 1 181
45 3 19 279
45 13 55 176
45 15 21 15
45 18 40 206
45 20 33 282
45 22 37 204
45 26 3 298
45 29 28 242
45 31 26 78
45 35 51 135
45 42 35 67
45 55 14 18
45 57 10 14
45 66 43 114
45 78 49 69
46 3 9 279
46 13 32 180
46 18 7 206
46 20 17 73
46 30 13 25
46 37 55 286
46 40 27 233
46 43 4 243
46 53 20 102
46 56 1 251
46 65 15 119
46 75 49 7
46 78 25 69
47 2 25 96
47 6 13 193
47 12 3 109
47 15 49 66
47 19 43 178
47 37 52 62
47 39 40 17
47 44 22 49
47 50 7 273
47 66 27 246
47 71 55 271
47 77 1 145
47 78 33 69
48 4 16 289
48 14 37 92
48 15 40 15
48 16 5 209
48 18 9 206
48 21 47 39
48 22 50 204
48 24 25 190
48 28 13 234
48 34 22 9
48 36 43 238
48 40 55 232
48 59 11 259
48 67 3 299
49 8 34 84
49 10 51 140
49 12 16 109
49 18 58 265
49 19 25 70
49 30 23 50
49 42 37 67
49 44 4 49
49 47 11 189
49 55 39 239
49 58 1 51
49 63 7 136
49 64 43 163
49 75 20 7
50 18 13 211
50 28 35 234
50 29 7 242
50 30 10 50
50 44 28 241
50 53 25 231
50 59 33 259
50 62 2 76
50 63 46 136
50 68 43 106
50 71 15 123
50 72 37 167
50 77 31 145
50 80 21 25
51 4 10 262
51 20 56 282
51 30 7 25
51 32 4 291
51 37 20 286
51 42 40 67
51 43 13 27
51 49 49 188
51 53 33 102
51 54 1 56
51 69 26 73
51 75 16 7
52 3 13 228
52 5 1 115
52 8 8 84
52 18 5 211
52 30 19 25
52 35 21 135
52 37 15 172
52 43 43 203
52 50 25 273
52 68 58 180
52 71 31 285
52 73 35 181
52 77 29 145
53 11 31 192
53 13 37 205
53 15 15 15
53 17 10 210
53 28 1 234
53 40 25 232
53 45 19 283
53 46 41 103
53 52 43 89
53 53 3 231
53 56 49 251
53 59 13 259
53 61 7 247
53 72 56 167
54 7 1 274
54 8 43 84
54 11 57 260
54 13 38 292
54 14 11 126
54 15 52 15
54 30 5 50
54 43 13 203
54 49 31 126
54 54 7 56
54 57 19 162
54 71 25 41
54 73 23 153
54 74 16 85
55 6 8 34
55 15 4 226
55 17 13 98
55 18 16 206
55 23 49 197
55 28 23 23
55 29 34 26
55 38 43 71
55 39 31 17
55 45 55 184
55 46 2 3
55 53 27 231
55 65 37 116
55 69 19 132
56 1 34 1
56 14 29 92
56 27 49 49
56 31 37 78
56 32 1 291
56 40 43 233
56 41 47 245
56 42 4 67
56 45 39 283
56 53 16 102
56 60 7 94
56 63 13 136
56 66 19 45
57 3 35 237
57 6 31 134
57 19 37 82
57 21 16 95
57 24 49 216
57 27 55 79
57 28 29 23
57 33 19 294
57 39 13 17
57 43 1 203
57 50 43 273
57 55 25 278
57 66 7 114
57 75 4 267
58 7 13 274
58 11 1 260
58 18 7 211
58 25 23 107
58 26 27 298
58 42 52 67
58 55 9 239
58 56 34 251
58 60 46 94
58 63 31 136
58 67 5 299
58 71 19 285
58 72 49 249
58 77 38 145
59 12 41 109
59 13 31 176
59 22 15 204
59 31 13 147
59 36 46 238
59 41 57 245
59 58 10 177
59 59 1 259
59 62 37 157
59 72 28 167
59 77 3 145
59 79 19 252
60 10 1 140
60 13 43 269
60 16 47 209
60 17 7 98
60 18 9 265
60 20 56 281
60 21 23 39
60 36 19 238
60 50 31 273
60 52 25 24
60 53 40 231
60 55 49 142
60 58 37 177
60 59 5 169
60 70 13 59
61 2 33 6
61 6 43 193
61 14 31 222
61 15 50 171
61 16 13 209
61 22 57 77
61 23 25 22
61 40 15 30
61 47 47 228
61 50 1 273
61 58 22 177
61 60 40 250
61 61 10 247
61 67 37 58
62 2 27 6
62 4 4 262
62 19 56 70
62 28 43 234
62 34 29 9
62 36 31 238
62 37 10 46
62 50 49 273
62 51 19 288
62 56 7 251
62 59 25 81
62 65 41 116
62 69 45 185
62 78 39 69
63 2 11 6
63 5 7 115
63 12 47 109
63 14 17 126
63 16 1 209
63 21 4 95
63 37 57 62
63 39 52 17
63 57 40 14
63 66 33 144
63 68 29 180
63 69 13 132
63 74 25 85
63 78 31 69
63 80 20 117
64 4 55 289
64 9 21 65
64 15 31 66
64 16 59 209
64 24 2 295
64 25 29 107
64 30 51 25
64 41 19 245
64 43 34 203
64 51 43 171
64 57 16 14
64 60 13 166
64 66 25 45
64 71 37 123
64 80 7 240
65 24 43 295
65 34 17 1
65 38 31 152
65 41 9 245
65 42 49 67
65 49 1 188
65 56 19 229
65 58 14 51
65 61 37 247
65 63 52 80
65 72 28 249
65 73 7 153
65 74 58 85
66 12 49 109
66 15 25 66
66 16 41 209
66 19 57 82
66 31 7 78
66 37 16 286
66 46 23 103
66 60 3 94
66 69 19 185
66 71 9 271
66 73 13 181
66 76 29 83
66 79 31 252
67 3 29 237
67 17 17 210
67 19 19 178
67 20 14 282
67 21 1 39
67 22 34 77
67 28 41 23
67 40 7 233
67 52 43 54
67 60 37 166
67 69 25 185
67 71 3 207
68 2 31 6
68 4 40 262
68 6 19 193
68 8 58 84
68 22 7 77
68 27 25 143
68 36 4 238
68 37 34 62
68 45 49 132
68 56 55 251
68 57 37 162
68 63 16 80
68 66 43 45
68 68 47 159
68 72 10 249
69 3 7 237
69 14 5 92
69 18 11 211
69 24 19 190
69 28 50 234
69 30 34 50
69 56 58 251
69 62 13 194
69 64 2 13
69 68 23 159
69 72 37 281
69 77 25 53
70 5 19 115
70 17 47 210
70 21 51 39
70 25 59 107
70 29 37 223
70 30 15 25
70 56 7 229
70 60 10 166
70 61 25 247
70 62 43 157
70 63 55 136
70 65 33 116
70 72 40 167
70 76 23 124
70 77 3 53
71 3 17 228
71 13 37 176
71 23 7 22
71 29 31 242
71 39 34 17
71 40 49 79
71 42 11 225
71 45 20 184
71 46 3 103
71 58 27 177
71 59 53 169
71 63 13 80
71 68 41 159
71 69 44 43
71 71 55 41
72 3 9 237
72 13 3 205
72 15 16 66
72 22 19 77
72 24 31 216
72 36 22 238
72 42 27 225
72 49 57 191
72 52 37 54
72 57 49 162
72 65 35 116
72 68 1 180
72 79 52 252
73 2 7 96
73 3 5 279
73 13 19 205
73 14 14 126
73 19 43 122
73 20 47 298
73 25 10 107
73 36 1 238
73 43 16 243
73 44 55 241
73 59 23 81
73 61 28 247
73 63 50 136
73 69 37 132
74 12 57 109
74 15 43 66
74 28 16 234
74 30 19 50
74 42 49 225
74 44 25 241
74 51 37 159
74 60 7 166
74 64 11 13
74 66 1 45
74 68 33 106
74 72 46 281
75 7 50 274
75 11 56 44
75 14 39 222
75 17 1 98
75 21 47 95
75 26 37 298
75 38 27 174
75 42 41 225
75 43 31 203
75 44 44 49
75 58 10 51
75 63 34 227
75 71 13 41
75 77 22 53
75 78 3 69
76 2 55 6
76 6 1 170
76 19 51 70
76 20 5 73
76 40 19 21
76 43 46 203
76 45 25 187
76 46 57 103
76 50 13 273
76 60 34 166
76 62 7 157
76 67 37 299
76 76 39 124
77 2 1 96
77 3 4 228
77 11 19 260
77 12 55 109
77 34 26 9
77 37 7 286
77 41 11 54
77 49 14 125
77 57 46 162
77 63 34 136
77 64 23 13
77 76 31 124
77 77 28 53
77 80 37 240
78 11 37 260
78 17 26 210
78 22 43 204
78 24 13 216
78 25 3 107
78 33 19 236
78 37 52 286
78 38 9 174
78 44 34 241
78 57 28 221
78 61 46 247
78 69 55 185
78 73 31 153
78 78 7 69
79 6 19 202
79 21 33 39
79 22 16 77
79 31 55 78
79 37 13 286
79 40 50 21
79 47 31 189
79 50 3 173
79 51 57 159
79 55 37 278
79 65 1 119
79 66 26 183
79 71 9 41
79 75 43 7
80 3 23 279
80 6 31 202
80 8 14 84
80 9 49 92
80 11 56 35
80 22 7 204
80 34 10 9
80 37 1 62
80 38 25 152
80 43 37 243
80 58 4 177
80 64 29 13
80 71 19 123
80 75 40 280
80 80 44 90
81 4 13 289
81 6 44 147
81 9 31 142
81 18 23 211
81 20 7 281
81 22 40 237
81 34 17 9
81 40 9 30
81 50 56 273
81 57 1 14
81 72 19 281
81 74 28 85
81 76 49 124
81 79 37 252
82 20 44 282
82 29 58 26
82 34 47 9
82 36 7 238
82 38 31 174
82 39 49 17
82 55 19 73
82 56 25 229
82 60 13 250
82 65 1 116
82 68 11 159
82 70 38 59
83 12 25 109
83 13 1 176
83 19 19 122
83 20 31 282
83 26 13 163
83 28 15 23
83 34 59 297
83 39 10 17
83 49 44 188
83 57 56 14
83 63 7 80
83 64 53 13
83 68 49 106
84 8 20 84
84 34 2 9
84 38 13 71
84 40 45 30
84 41 4 245
84 47 43 189
84 48 26 133
84 50 55 122
84 54 31 56
84 63 49 264
84 67 34 58
84 69 38 43
84 71 7 151
85 11 38 192
85 14 1 222
85 17 25 98
85 23 13 201
85 43 43 243
85 54 4 56
85 57 27 14
85 59 23 259
85 66 7 144
85 67 11 299
85 68 31 106
85 71 19 41
85 73 17 153
86 7 25 274
86 10 7 140
86 11 43 192
86 31 39 78
86 32 58 291
86 42 21 225
86 57 1 221
86 63 49 80
86 66 31 114
86 72 16 167
86 74 13 85
86 76 41 124
86 77 11 53
87 6 26 134
87 17 17 98
87 20 38 282
87 22 40 204
87 24 7 295
87 29 55 26
87 32 34 291
87 34 59 9
87 41 51 245
87 42 43 67
87 50 20 273
87 51 45 15
87 72 31 167
87 76 11 295
88 3 37 237
88 21 7 39
88 25 32 107
88 29 34 242
88 33 9 28
88 35 19 135
88 40 13 233
88 49 25 191
88 55 44 18
88 56 52 251
88 61 49 247
88 63 21 227
88 69 2 185
88 71 39 151
88 74 55 85
89 3 3 279
89 6 7 170
89 14 50 222
89 16 37 209
89 24 44 216
89 38 39 152
89 41 59 54
89 44 16 241
89 47 1 127
89 48 20 64
89 63 52 227
89 66 31 45
89 67 56 58
89 75 13 267
89 80 26 240
90 2 45 6
90 11 31 260
90 19 1 178
90 28 56 234
90 35 5 135
90 39 25 17
90 43 19 243
90 49 13 188
90 60 58 250
90 67 35 299
90 68 23 106
90 69 49 185
90 72 7 249
90 75 10 280
91 20 51 298
91 21 14 95
91 23 19 20
91 26 16 163
91 31 23 147
91 37 10 286
91 46 1 103
91 56 37 229
91 63 25 80
91 68 43 180
91 71 31 271
91 72 3 249
92 4 50 262
92 8 37 84
92 11 14 260
92 28 19 23
92 31 35 147
92 33 55 264
92 42 9 225
92 46 11 103
92 47 5 189
92 60 40 166
92 63 2 80
92 71 45 123
93 4 34 289
93 6 49 193
93 18 4 206
93 20 11 281
93 21 13 39
93 26 45 298
93 34 53 9
93 37 1 172
93 38 56 230
93 42 26 67
93 47 20 189
93 52 7 89
93 59 31 81
93 63 16 136
94 4 44 262
94 11 55 192
94 23 31 20
94 28 50 23
94 41 59 245
94 42 17 67
94 45 25 283
94 58 7 177
94 65 29 119
94 69 13 185
94 71 1 271
94 72 52 249
94 73 37 181
94 75 19 267
95 9 43 141
95 11 37 35
95 16 31 209
95 20 35 298
95 28 26 234
95 32 52 291
95 42 11 67
95 44 1 241
95 46 56 3
95 47 15 189
95 50 7 173
95 56 46 251
95 60 22 250
95 73 49 153
95 79 28 252
96 7 45 274
96 19 26 178
96 22 4 77
96 24 37 216
96 27 19 143
96 32 10 291
96 41 1 245
96 42 43 225
96 55 33 239
96 59 17 169
96 63 58 136
96 69 13 43
96 73 51 153
96 76 41 295
96 79 7 252
97 3 17 237
97 11 37 44
97 14 34 222
97 18 19 265
97 19 13 178
97 23 7 197
97 37 28 172
97 41 21 245
97 44 52 16
97 50 56 236
97 59 5 259
97 60 25 94
97 61 43 247
97 62 1 63
97 74 49 85
98 6 51 147
98 20 23 281
98 42 47 67
98 43 40 27
98 45 32 283
98 49 19 125
98 51 14 159
98 55 7 18
98 62 43 63
98 69 1 73
98 71 26 271
98 74 37 85
98 77 11 145
98 80 55 240
99 2 58 6
99 3 7 228
99 4 22 262
99 15 40 66
99 34 20 9
99 43 28 27
99 48 1 64
99 49 14 191
99 53 5 231
99 60 31 166
99 63 10 136
99 66 43 144
100 6 21 134
100 17 19 210
100 24 37 112
100 26 34 163
100 31 16 147
100 33 7 294
100 37 31 62
100 40 49 275
100 48 43 133
100 52 56 24
100 53 29 231
100 58 1 148
100 78 53 69
100 80 25 90
101 2 17 6
101 11 43 35
101 17 5 98
101 28 47 234
101 32 7 291
101 33 13 83
101 40 25 21
101 41 29 54
101 44 40 49
101 54 34 56
101 57 22 14
101 66 49 244
101 68 53 159
101 73 57 181
102 11 15 44
102 14 59 222
102 24 31 295
102 31 46 78
102 37 26 62
102 41 55 245
102 44 49 16
102 57 10 162
102 71 2 151
102 74 43 85
102 76 37 124
102 80 20 90
103 2 21 6
103 7 57 274
103 16 28 209
103 19 14 122
103 36 10 238
103 43 38 203
103 44 25 16
103 46 7 103
103 53 31 102
103 58 4 148
103 62 33 157
103 75 1 7
103 78 51 69
104 2 1 6
104 4 19 289
104 5 31 115
104 18 9 211
104 21 11 95
104 22 40 77
104 26 49 163
104 31 52 78
104 32 43 291
104 43 22 243
104 49 3 126
104 56 46 229
104 63 37 136
105 3 33 237
105 15 40 171
105 25 53 107
105 28 3 23
105 34 35 9
105 36 25 238
105 37 37 62
105 45 44 184
105 55 49 18
105 62 8 194
105 65 5 116
106 11 25 192
106 12 14 109
106 16 52 209
106 21 20 95
106 26 22 163
106 28 41 234
106 33 33 264
106 34 31 9
106 43 16 203
106 48 7 133
106 51 2 159
106 54 46 56
106 65 29 116
107 4 16 262
107 12 35 109
107 17 9 98
107 20 11 282
107 33 25 83
107 35 1 135
107 40 55 21
107 47 37 228
107 52 39 89
107 63 31 80
107 65 13 119
107 66 19 114
107 75 4 7
107 80 43 117
108 9 49 141
108 16 19 209
108 24 13 295
108 25 41 107
108 40 21 275
108 47 11 38
108 48 37 224
108 49 25 125
108 50 55 173
108 55 2 239
108 57 52 162
108 58 33 148
108 66 7 45
108 75 44 267
109 18 19 211
109 19 14 70
109 23 21 22
109 24 32 112
109 27 43 139
109 38 39 71
109 42 1 67
109 43 25 27
109 47 37 189
109 48 7 224
109 58 4 51
109 73 11 153
109 80 55 25
110 2 41 6
110 5 14 115
110 6 37 193
110 9 10 92
110 24 3 190
110 26 1 163
110 38 32 258
110 40 19 30
110 46 53 103
110 47 29 228
110 48 25 64
110 76 45 124
110 78 43 69
111 13 13 176
111 18 1 265
111 20 5 282
111 25 3 152
111 40 50 256
111 44 28 49
111 52 57 89
111 53 9 102
111 55 43 142
111 62 20 194
111 65 33 119
111 67 7 58
111 74 40 85
112 12 9 109
112 18 37 206
112 20 55 298
112 24 25 295
112 31 29 147
112 42 19 225
112 43 1 27
112 51 43 159
112 59 11 169
112 65 15 116
112 71 50 271
112 72 21 249
113 2 5 6
113 4 28 289
113 9 43 92
113 12 11 109
113 14 13 222
113 21 41 39
113 32 31 291
113 33 37 83
113 45 50 187
113 51 1 300
113 55 57 278
113 56 15 251
113 75 7 267
114 2 50 6
114 6 38 147
114 11 1 192
114 13 56 205
114 19 26 82
114 32 16 291
114 34 5 216
114 43 52 203
114 44 13 241
114 48 9 19
114 50 32 173
114 60 44 250
114 65 19 119
114 67 21 58
115 5 26 115
115 25 14 107
115 27 49 139
115 35 3 135
115 45 55 283
115 47 35 189
115 52 31 89
115 53 23 231
115 56 43 229
115 58 7 51
115 64 21 13
115 74 10 85
115 75 37 7
115 77 19 145
116 2 15 6
116 6 31 147
116 9 26 92
116 11 50 35
116 17 37 210
116 40 39 21
116 58 43 51
116 62 19 76
116 67 9 299
116 72 58 249
116 74 46 85
116 75 1 267
117 11 7 192
117 19 49 178
117 39 43 17
117 43 31 243
117 46 2 74
117 51 26 159
117 59 17 81
117 60 19 94
117 65 40 119
117 71 13 151
117 72 58 281
117 74 22 85
118 4 28 250
118 6 7 134
118 14 11 288
118 37 2 286
118 38 19 230
118 42 45 225
118 45 31 184
118 50 49 173
118 53 26 102
118 55 37 142
118 57 13 221
118 62 55 63
118 72 16 249
119 6 25 147
119 12 31 109
119 25 57 107
119 33 19 83
119 37 49 62
119 40 33 30
119 41 45 245
119 51 39 288
119 63 52 264
119 66 1 244
119 67 15 299
119 69 8 73
119 76 17 295
120 2 19 6
120 13 15 205
120 21 59 39
120 32 55 291
120 35 45 135
120 36 49 238
120 38 25 230
120 42 13 67
120 44 1 49
120 50 7 65
120 51 31 171
120 68 5 106
120 78 11 69
121 8 46 84
121 22 49 237
121 25 25 107
121 26 22 298
121 29 2 26
121 35 11 135
121 39 19 17
121 54 43 56
121 57 57 221
121 60 8 250
121 68 17 180
121 69 38 185
121 73 15 181
121 80 32 90
122 2 35 6
122 28 19 234
122 36 16 238
122 41 49 245
122 42 3 225
122 43 28 243
122 45 45 187
122 46 39 103
122 59 7 75
122 65 9 119
122 67 1 299
122 73 21 181
122 77 5 145
123 1 52 1
123 9 28 141
123 15 1 15
123 17 8 210
123 18 16 211
123 28 21 234
123 29 25 242
123 32 49 291
123 33 33 281
123 45 57 187
123 57 10 221
123 67 47 299
123 73 13 153
123 76 23 295
124 3 11 228
124 13 19 164
124 15 7 171
124 17 5 210
124 34 23 216
124 42 17 225
124 45 13 187
124 50 38 236
124 51 43 288
124 64 47 13
124 70 1 59
124 71 31 151
125 8 2 84
125 9 55 92
125 10 14 140
125 13 50 164
125 18 11 206
125 20 22 282
125 42 20 67
125 43 34 243
125 45 7 187
125 52 37 106
125 63 26 136
125 72 43 281
125 74 31 85
126 8 25 84
126 14 37 222
126 17 43 210
126 26 31 163
126 31 3 147
126 34 45 9
126 48 39 133
126 52 8 106
126 56 51 229
126 66 55 114
126 75 33 7
126 76 59 124
127 3 3 237
127 6 45 202
127 12 37 109
127 23 7 20
127 34 11 216
127 41 5 54
127 43 22 214
127 51 55 288
127 56 19 251
127 58 40 177
127 68 15 180
127 72 52 130
128 6 2 134
128 11 15 192
128 17 13 210
128 39 22 17
128 43 28 203
128 47 41 189
128 49 31 191
128 51 7 288
128 56 57 229
128 60 19 166
128 64 51 13
128 72 46 249
128 76 25 124
129 4 31 262
129 11 2 87
129 13 25 269
129 19 38 178
129 22 44 77
129 25 11 152
129 26 29 298
129 48 20 133
129 51 55 15
129 52 7 24
129 53 13 102
129 62 15 63
129 80 50 240
130 6 8 193
130 14 21 126
130 24 26 216
130 25 16 107
130 27 56 224
130 38 37 230
130 41 14 245
130 46 19 103
130 50 43 236
130 54 49 56
130 57 3 162
130 72 33 249
130 73 1 153
131 4 51 289
131 23 56 20
131 24 26 112
131 25 8 107
131 28 45 234
131 30 32 50
131 35 49 135
131 38 1 258
131 41 35 245
131 46 17 103
131 52 19 24
131 59 23 169
131 62 37 76
131 72 10 167
131 75 13 7
132 3 20 237
132 6 56 193
132 8 31 84
132 23 2 22
132 33 43 83
132 42 34 225
132 47 22 127
132 48 49 19
132 57 7 14
132 59 10 81
132 61 40 247
132 79 25 252
132 80 14 240
133 9 31 92
133 15 55 171
133 17 15 98
133 20 35 73
133 29 39 242
133 38 1 71
133 40 43 21
133 46 25 103
133 49 21 191
133 54 52 56
133 71 7 207
133 76 29 295
133 78 37 69
134 18 28 206
134 20 7 282
134 22 10 77
134 25 51 107
134 30 1 50
134 35 47 135
134 37 4 62
134 59 19 169
134 63 14 227
134 71 43 207
134 72 25 281
134 78 21 69
135 6 2 193
135 7 31 274
135 8 27 130
135 24 55 216
135 27 7 285
135 31 11 78
135 37 13 62
135 45 51 283
135 51 19 159
135 55 44 239
135 64 17 24
135 65 49 116
135 75 40 7
136 2 43 6
136 3 46 279
136 10 25 140
136 13 38 269
136 17 3 98
136 22 31 77
136 35 9 135
136 37 16 62
136 43 55 203
136 48 49 64
136 55 20 278
136 65 7 119
136 77 34 53
137 10 44 140
137 12 59 109
137 16 21 209
137 20 19 298
137 23 13 22
137 25 1 107
137 27 33 143
137 48 8 64
137 55 55 18
137 59 28 259
137 65 37 119
137 72 25 167
137 73 3 181
138 3 25 237
138 11 49 260
138 13 15 164
138 19 8 122
138 28 28 234
138 30 53 25
138 32 46 291
138 34 5 1
138 41 41 245
138 42 22 67
138 51 31 159
138 52 1 24
138 55 56 142
138 66 37 183
138 76 35 295
139 6 2 202
139 9 46 141
139 24 50 65
139 35 35 135
139 44 21 16
139 49 7 126
139 50 13 173
139 52 25 89
139 56 40 229
139 57 37 14
139 58 31 177
139 59 19 259
139 65 17 119
140 11 43 44
140 15 9 66
140 16 7 209
140 21 29 95
140 22 26 77
140 23 1 201
140 26 52 163
140 31 13 78
140 33 31 83
140 43 37 214
140 46 15 103
140 51 55 52
140 52 19 106
140 65 17 116
140 79 40 252
141 14 17 222
141 19 1 82
141 24 50 295
141 26 33 298
141 46 59 103
141 56 13 37
141 60 43 94
141 68 35 159
141 69 7 185
141 71 19 207
141 73 5 153
141 78 29 69
141 80 37 25
142 2 11 96
142 6 13 134
142 11 21 44
142 12 19 109
142 18 4 265
142 26 7 163
142 28 9 23
142 31 2 78
142 36 58 238
142 41 31 54
142 50 26 173
142 57 46 14
142 66 37 114
143 1 31 1
143 2 47 6
143 9 16 92
143 19 56 178
143 20 3 282
143 22 22 77
143 29 19 242
143 30 5 25
143 38 37 258
143 39 28 17
143 48 43 224
143 58 25 148
143 71 49 41
143 79 13 252
143 80 7 117
144 4 55 262
144 12 7 109
144 15 58 66
144 16 45 209
144 30 14 50
144 31 10 147
144 36 28 238
144 40 33 21
144 43 1 214
144 51 19 300
144 56 37 251
144 65 5 119
144 77 31 53
144 80 51 117
145 4 22 289
145 16 3 209
145 37 7 46
145 38 37 174
145 40 50 232
145 45 13 256
145 47 58 189
145 48 31 64
145 56 28 251
145 58 25 51
145 60 19 250
145 65 11 116
146 2 23 6
146 11 26 260
146 15 4 66
146 19 38 70
146 29 10 26
146 31 19 147
146 43 7 214
146 45 15 184
146 47 43 50
146 61 58 247
146 62 45 194
146 71 49 151
146 75 31 267
147 14 17 288
147 22 43 237
147 29 50 242
147 32 22 291
147 38 13 230
147 45 1 283
147 46 5 103
147 49 37 125
147 56 10 229
147 59 7 169
147 64 27 13
147 69 32 185
147 74 19 85
148 6 26 170
148 8 3 130
148 12 1 109
148 19 43 70
148 31 19 78
148 41 16 245
148 43 10 27
148 45 49 184
148 46 21 3
148 47 13 189
148 48 55 19
148 51 38 4
148 71 31 41
148 75 7 280
149 6 7 202
149 8 22 130
149 28 3 234
149 45 37 187
149 48 13 64
149 53 49 231
149 55 31 278
149 60 44 166
149 63 19 80
149 66 26 114
149 72 58 130
150 11 43 260
150 21 32 95
150 27 9 139
150 34 41 1
150 45 37 184
150 47 13 38
150 49 55 188
150 55 25 142
150 61 52 247
150 64 19 13
150 65 7 116
150 66 1 114
150 73 5 181
151 3 1 237
151 4 46 289
151 9 3 141
151 15 34 226
151 20 13 298
151 26 57 298
151 37 15 46
151 42 25 225
151 48 38 64
151 50 19 173
151 51 27 288
151 55 7 142
151 61 31 247
152 4 31 289
152 11 8 260
152 18 55 265
152 27 49 224
152 32 13 291
152 33 25 294
152 38 19 71
152 48 37 19
152 53 58 231
152 66 1 183
152 72 43 249
152 77 46 145
153 1 46 1
153 13 25 164
153 18 19 206
153 19 2 70
153 33 7 264
153 40 37 233
153 42 13 225
153 43 49 203
153 44 22 241
153 46 11 74
153 48 55 64
153 58 43 148
153 60 16 250
153 69 31 43
153 73 35 153
154 9 7 141
154 18 31 206
154 20 47 73
154 24 19 295
154 31 23 78
154 39 37 17
154 40 2 233
154 48 13 224
154 51 33 288
154 54 10 56
154 55 57 73
154 57 43 221
154 58 40 148
154 66 50 45
154 68 27 180
155 1 55 1
155 26 7 298
155 31 1 147
155 37 19 62
155 44 13 49
155 46 9 103
155 47 25 189
155 50 39 273
155 51 3 171
155 53 11 102
155 65 27 119
155 68 46 106
155 69 31 73
155 78 35 69
156 3 13 237
156 9 2 65
156 17 53 210
156 18 35 206
156 20 16 282
156 21 39 39
156 25 5 107
156 26 11 298
156 32 28 291
156 44 58 241
156 50 49 236
156 60 25 166
156 67 9 58
156 80 31 240
157 22 19 204
157 28 35 23
157 33 37 264
157 47 5 127
157 48 1 19
157 52 7 54
157 55 25 239
157 57 13 162
157 72 52 14
157 75 16 280
157 76 33 124
157 77 22 145
157 78 57 69
158 13 19 269
158 23 1 197
158 24 44 112
158 28 53 23
158 33 7 83
158 34 33 9
158 38 37 212
158 44 58 49
158 48 49 133
158 59 13 169
158 61 16 247
158 63 55 80
158 64 31 13
158 71 25 123
159 22 1 77
159 38 19 174
159 53 39 102
159 60 31 94
159 62 25 157
159 64 35 13
159 66 8 183
159 71 57 123
159 72 13 249
159 73 29 153
159 75 4 280
159 77 16 145
159 79 49 252
160 3 2 228
160 6 27 193
160 8 40 84
160 15 4 15
160 19 33 70
160 20 23 73
160 35 17 135
160 40 49 233
160 42 55 67
160 43 57 214
160 44 37 241
160 45 7 184
160 72 44 167
160 80 13 117
161 6 51 134
161 13 32 205
161 15 22 66
161 17 44 98
161 24 1 216
161 25 37 107
161 27 39 143
161 28 58 234
161 33 27 264
161 35 25 135
161 46 49 103
161 50 8 236
161 52 13 89
161 59 46 169
162 6 55 134
162 18 23 206
162 20 59 282
162 21 5 39
162 26 47 163
162 28 1 23
162 36 40 238
162 37 19 46
162 38 7 230
162 42 45 67
162 55 13 73
162 66 31 244
162 69 49 47
162 78 27 69
163 3 19 228
163 4 7 262
163 9 52 92
163 13 21 176
163 25 49 107
163 38 43 258
163 41 37 245
163 43 10 214
163 45 1 187
163 53 32 231
163 54 40 56
163 72 28 281
163 75 34 280
163 77 25 145
163 79 16 252
164 9 34 141
164 13 25 258
164 21 31 39
164 23 13 20
164 24 19 216
164 26 5 163
164 34 51 9
164 41 23 54
164 46 29 103
164 63 7 227
164 67 11 58
164 68 46 180
164 70 55 59
164 71 1 41
165 1 25 1
165 6 15 202
165 20 52 282
165 27 7 143
165 30 11 25
165 34 49 9
165 39 46 17
165 44 40 241
165 47 1 189
165 55 55 239
165 67 3 58
165 68 19 180
166 8 10 130
166 9 58 92
166 10 21 140
166 18 25 265
166 24 2 112
166 48 32 133
166 52 51 54
166 57 16 162
166 67 19 299
166 72 13 167
166 80 45 240
167 4 37 262
167 6 49 202
167 9 58 43
167 13 43 176
167 20 31 298
167 35 23 135
167 46 27 103
167 51 8 300
167 57 34 162
167 60 40 94
167 62 13 157
167 76 5 124
167 78 17 69
168 2 52 6
168 14 44 222
168 16 17 209
168 17 19 98
168 20 55 73
168 22 46 204
168 27 31 139
168 32 25 291
168 35 39 135
168 46 13 103
168 53 1 231
168 57 22 221
168 66 7 244
168 68 4 180
169 3 15 237
169 11 3 10
169 15 10 171
169 26 40 163
169 28 13 23
169 38 55 71
169 43 37 27
169 46 46 103
169 49 25 188
169 52 19 54
169 57 31 14
169 59 1 81
169 67 29 58
169 77 8 145
170 4 38 289
170 11 31 35
170 14 1 126
170 18 7 265
170 20 47 282
170 22 10 204
170 25 27 107
170 33 13 294
170 35 43 135
170 37 58 286
170 47 17 127
170 55 50 239
170 63 3 136
170 67 25 299
170 68 21 180
171 9 55 43
171 12 29 109
171 14 41 222
171 16 50 209
171 26 39 298
171 42 15 225
171 46 9 74
171 48 21 19
171 62 32 76
171 65 19 116
171 66 25 244
171 67 13 58
171 80 2 90
172 19 26 122
172 28 17 23
172 29 13 242
172 38 50 71
172 42 47 225
172 43 10 203
172 49 2 166
172 56 32 229
172 59 7 259
172 67 23 299
172 72 20 167
173 8 31 130
173 19 43 82
173 28 23 234
173 29 13 26
173 38 56 174
173 42 9 67
173 45 2 184
173 60 16 94
173 63 37 80
173 68 51 106
173 69 25 132
173 76 21 124
173 77 41 145
174 2 33 96
174 4 1 262
174 13 43 205
174 18 14 206
174 19 49 82
174 20 31 281
174 21 22 95
174 27 57 143
174 30 40 50
174 31 28 78
174 38 9 258
174 47 7 189
174 58 19 51
174 65 47 116
175 4 58 262
175 8 28 84
175 17 31 210
175 35 55 135
175 38 33 230
175 49 37 188
175 53 21 231
175 58 15 177
175 59 2 75
175 60 49 250
175 63 43 136
175 70 7 59
175 76 13 124
175 78 23 69
176 14 10 222
176 21 29 39
176 28 37 234
176 31 16 78
176 41 41 54
176 53 5 102
176 56 43 251
176 64 33 13
176 70 19 59
176 74 52 85
176 75 25 7
176 77 7 53
176 79 58 252
176 80 1 240
177 4 28 262
177 9 21 92
177 13 43 164
177 14 25 222
177 22 55 237
177 24 7 216
177 40 49 30
177 42 58 225
177 43 1 243
177 50 13 65
177 57 4 221
177 68 11 180
177 69 38 73
177 76 17 124
178 3 43 228
178 9 25 141
178 17 23 210
178 20 53 298
178 22 33 204
178 32 37 291
178 45 55 132
178 46 31 3
178 56 28 229
178 57 19 14
178 60 13 94
178 65 3 119
178 71 7 123
178 78 45 69
179 9 13 92
179 11 3 44
179 17 21 210
179 21 16 39
179 31 50 78
179 38 43 174
179 41 26 245
179 42 7 67
179 56 32 37
179 62 55 76
179 63 28 80
179 64 9 13
179 72 39 249
179 73 11 181
179 78 1 69
180 2 5 96
180 6 37 202
180 10 55 140
180 20 41 298
180 23 13 197
180 24 31 190
180 26 27 163
180 28 21 23
180 37 43 62
180 53 17 231
180 66 51 183
180 72 7 167
180 77 35 145
180 79 10 252
180 80 1 117
181 1 49 1
181 12 27 109
181 14 19 92
181 22 4 204
181 26 38 163
181 28 33 234
181 30 31 25
181 35 59 135
181 47 45 189
181 55 13 142
181 56 22 251
181 63 40 136
181 68 9 180
181 76 35 124
181 77 17 53
182 2 29 6
182 4 4 289
182 24 13 112
182 30 38 50
182 44 25 49
182 46 21 103
182 47 47 189
182 49 33 188
182 51 7 52
182 53 23 102
182 57 49 14
182 60 1 250
182 64 55 13
182 71 43 271
182 73 41 181
183 4 34 262
183 8 40 130
183 12 23 109
183 17 49 210
183 19 51 122
183 20 26 282
183 22 28 204
183 29 31 26
183 34 7 9
183 37 10 62
183 38 1 174
183 39 16 17
183 42 58 67
183 64 14 13
183 71 43 41
184 6 57 202
184 23 31 201
184 29 45 26
184 31 43 78
184 38 49 230
184 51 7 159
184 57 4 14
184 60 37 250
184 62 19 157
184 66 14 144
184 71 25 207
184 76 1 124
185 1 43 1
185 8 7 130
185 13 25 176
185 33 1 83
185 42 31 225
185 52 13 24
185 55 33 18
185 56 10 251
185 62 55 194
185 66 38 244
185 67 17 299
185 71 19 151
185 76 51 124
186 22 1 204
186 23 8 201
186 31 5 78
186 34 38 9
186 36 55 238
186 42 33 67
186 43 49 214
186 50 43 173
186 51 13 288
186 60 22 94
186 63 27 227
186 65 25 119
187 9 58 141
187 19 31 82
187 40 3 275
187 43 13 243
187 45 8 283
187 47 39 189
187 53 1 102
187 54 25 56
187 56 16 229
187 63 22 136
187 67 28 299
187 75 50 280
187 76 19 124
187 78 41 69
188 2 9 96
188 9 55 141
188 15 58 171
188 25 21 107
188 33 1 294
188 43 43 27
188 45 32 132
188 48 25 19
188 49 50 125
188 50 37 122
188 59 29 169
188 76 5 198
188 78 15 69
189 3 23 237
189 14 3 222
189 27 13 143
189 37 32 286
189 40 25 223
189 43 7 27
189 47 35 228
189 52 19 89
189 57 43 162
189 67 1 58
189 73 39 181
189 76 57 124
189 78 47 69
190 2 16 96
190 4 25 289
190 6 43 134
190 13 50 205
190 18 2 206
190 23 19 201
190 46 55 103
190 53 7 231
190 57 34 14
190 58 10 148
190 63 40 80
190 72 13 281
191 2 23 96
191 6 55 147
191 8 49 84
191 12 21 109
191 16 9 209
191 26 1 298
191 27 3 143
191 48 13 133
191 66 31 183
191 71 39 207
191 75 28 7
191 79 43 252
192 3 1 279
192 8 55 130
192 13 39 164
192 16 11 209
192 24 7 190
192 25 17 152
192 34 15 9
192 35 27 135
192 38 43 230
192 44 3 16
192 53 19 231
192 58 22 51
192 69 50 43
192 77 13 145
192 80 31 117
193 3 11 279
193 8 49 130
193 36 37 238
193 37 46 62
193 42 53 225
193 49 7 188
193 53 13 231
193 54 19 56
193 59 2 169
193 60 34 94
193 68 40 180
193 75 16 267
194 5 43 115
194 8 52 84
194 15 37 66
194 19 31 178
194 20 35 282
194 37 40 62
194 40 25 275
194 51 21 4
194 64 1 48
194 65 9 116
194 66 57 244
194 71 13 271
194 73 29 181
194 76 47 124
195 12 45 109
195 16 39 209
195 17 34 98
195 20 28 282
195 29 1 242
195 31 59 78
195 35 7 135
195 51 49 159
195 59 15 259
195 60 10 94
195 61 22 247
195 63 4 227
195 67 13 299
196 1 28 1
196 16 23 209
196 17 11 98
196 19 7 70
196 25 43 107
196 26 57 163
196 29 19 26
196 40 37 275
196 41 25 54
196 48 14 19
196 51 31 52
196 59 5 75
196 68 41 106
196 73 3 153
197 17 15 210
197 24 55 190
197 38 51 174
197 43 4 214
197 44 31 241
197 46 10 3
197 53 7 102
197 55 19 142
197 69 44 132
197 70 25 59
197 72 34 167
197 74 1 85
197 77 13 53
198 3 37 279
198 14 19 126
198 18 21 206
198 20 25 298
198 29 50 26
198 35 53 135
198 38 13 174
198 42 39 225
198 46 34 103
198 47 3 189
198 55 27 18
198 57 7 162
198 68 55 159
199 8 43 130
199 17 41 210
199 21 25 39
199 37 28 286
199 44 52 241
199 48 56 133
199 52 1 106
199 58 7 148
199 60 37 94
199 63 22 80
199 66 14 114
199 74 34 85
199 75 10 267
200 3 22 228
200 6 1 34
200 7 8 274
200 14 46 222
200 17 28 210
200 22 37 77
200 35 15 135
200 36 34 238
200 37 25 286
200 41 53 245
200 51 49 288
200 59 20 75
200 64 57 13
Điểm tối ưu: 2698
Thời gian: 360.098390 giây
Trạng thái: VALID
