158
1 1 5 1
1 2 51 2
1 3 57 28
1 5 1 9
1 6 33 13
1 7 39 26
1 8 35 28
1 9 19 16
1 10 25 7
2 1 41 1
2 2 8 2
2 3 3 28
2 4 13 10
2 5 44 9
2 6 5 13
2 7 50 26
2 8 37 28
2 9 57 7
2 10 1 7
3 1 1 1
3 2 19 2
3 3 5 28
3 4 7 10
3 5 33 9
3 6 3 13
3 7 13 26
3 8 57 1
3 9 25 16
3 10 11 7
4 1 29 1
4 2 1 2
4 3 51 28
4 4 43 10
4 5 57 9
4 6 7 13
4 8 49 28
4 9 13 16
4 10 55 7
5 1 7 1
5 2 56 2
5 3 1 28
5 4 21 10
5 5 27 9
5 6 19 13
5 8 41 13
5 10 17 7
6 1 49 1
6 2 45 2
6 3 33 28
6 4 37 10
6 6 53 13
6 7 3 26
6 8 41 28
6 9 8 16
6 10 19 7
7 1 59 1
7 3 15 28
7 5 31 1
7 6 27 13
7 8 29 28
7 9 43 16
7 10 4 7
8 1 21 1
8 2 14 2
8 3 19 28
8 6 31 13
8 7 33 26
8 9 49 7
8 10 7 7
9 1 16 1
9 3 11 28
9 4 49 10
9 6 13 13
9 7 45 26
9 8 39 1
9 9 55 16
9 10 9 7
10 1 19 1
10 3 9 28
10 5 39 9
10 6 21 13
10 8 15 13
10 9 33 16
10 10 53 7
11 1 55 1
11 3 21 28
11 4 27 10
11 5 15 9
11 6 1 13
11 8 47 28
11 9 3 16
11 10 37 7
12 1 14 1
12 3 43 28
12 5 19 9
12 6 9 13
12 8 45 28
12 10 47 7
13 1 3 1
13 3 17 28
13 5 7 9
13 6 39 13
13 7 49 13
13 8 35 1
13 10 23 7
14 1 9 1
14 3 31 28
14 4 56 10
14 5 51 1
14 6 29 13
14 7 19 26
14 8 25 13
14 10 44 7
15 1 45 1
15 3 7 28
15 4 1 10
15 6 23 13
15 7 9 26
15 8 27 1
15 9 39 7
15 10 31 7
16 1 37 1
16 2 27 2
16 3 39 28
16 6 11 13
16 7 43 13
16 8 25 28
16 9 51 16
16 10 33 7
17 1 43 1
17 2 31 2
17 3 27 28
17 6 47 13
17 7 57 13
17 8 55 28
17 9 13 7
17 10 29 7
18 1 23 1
18 3 59 28
18 5 51 9
18 6 35 13
18 8 13 28
18 9 38 16
18 10 21 7
19 1 25 1
19 2 37 2
19 3 23 28
19 6 55 13
19 7 27 26
19 8 11 1
19 10 35 7
20 1 47 1
20 3 53 28
20 4 32 10
20 6 17 13
20 7 56 26
20 8 37 13
20 10 27 7
Điểm tối ưu: 158
Thời gian: 19.980248 giây
Trạng thái: VALID
