2025
1 1 4 1
1 3 26 203
1 5 13 181
1 6 1 169
1 14 7 15
1 18 49 17
1 22 23 211
1 26 16 82
1 28 46 96
1 30 38 112
1 49 55 154
1 52 43 57
1 55 10 113
1 56 31 212
1 60 19 78
2 1 31 1
2 5 16 181
2 11 5 69
2 15 1 172
2 19 7 178
2 20 26 134
2 22 29 161
2 29 10 133
2 36 13 150
2 43 35 12
2 48 20 83
2 50 41 199
2 52 37 57
2 57 43 192
2 59 23 202
3 1 52 1
3 4 37 221
3 5 4 181
3 7 1 42
3 10 25 18
3 18 40 17
3 21 11 89
3 24 19 53
3 28 22 76
3 30 13 112
3 37 27 24
3 38 31 220
3 40 43 51
3 54 7 198
3 57 17 192
4 1 7 1
4 8 21 25
4 19 1 178
4 27 16 11
4 29 13 133
4 32 56 16
4 35 25 129
4 43 28 156
4 44 11 37
4 46 37 183
4 47 59 33
4 48 34 83
4 49 31 154
4 58 4 3
4 59 19 202
5 11 7 69
5 16 17 194
5 22 25 211
5 27 27 130
5 29 15 133
5 33 13 139
5 34 19 148
5 36 31 150
5 37 38 208
5 38 45 220
5 39 2 158
5 41 33 102
5 45 9 120
5 53 51 28
5 57 59 192
6 2 1 115
6 9 29 147
6 11 11 69
6 13 7 118
6 20 38 134
6 27 20 11
6 29 5 133
6 32 43 16
6 43 23 156
6 46 31 183
6 51 25 217
6 52 46 201
6 54 56 122
6 55 13 113
6 59 16 162
7 3 37 203
7 5 19 181
7 12 14 23
7 14 5 15
7 17 11 14
7 18 22 17
7 28 49 96
7 30 55 128
7 38 32 107
7 39 7 158
7 40 28 167
7 47 40 33
7 48 25 83
7 54 43 198
7 55 1 113
8 5 10 181
8 7 4 42
8 9 13 147
8 10 40 18
8 11 1 69
8 17 35 14
8 28 31 96
8 31 37 99
8 33 25 139
8 34 7 148
8 37 45 208
8 46 15 183
8 50 49 136
8 54 20 198
8 60 27 78
9 1 14 1
9 3 32 203
9 4 55 190
9 5 25 181
9 12 19 23
9 17 37 14
9 22 17 211
9 26 10 95
9 29 8 133
9 30 43 112
9 47 28 33
9 48 4 83
9 49 40 108
9 57 23 192
9 58 1 3
10 11 3 69
10 16 11 194
10 17 33 14
10 18 55 17
10 19 19 178
10 20 13 186
10 21 47 209
10 22 28 211
10 24 25 68
10 27 7 137
10 33 5 139
10 35 16 44
10 45 1 120
10 47 31 45
10 50 23 219
11 1 19 1
11 2 7 115
11 8 38 31
11 10 33 18
11 16 35 194
11 23 3 79
11 26 22 82
11 35 13 56
11 36 17 150
11 43 25 12
11 44 1 37
11 46 43 183
11 48 10 83
11 55 28 113
11 57 31 192
12 1 22 1
12 11 13 69
12 15 7 172
12 18 43 84
12 22 19 211
12 26 5 82
12 28 37 76
12 29 1 133
12 37 49 208
12 44 57 37
12 45 3 120
12 46 25 183
12 47 11 33
12 54 15 198
12 60 31 78
13 1 25 1
13 3 7 203
13 8 43 25
13 17 47 14
13 18 16 84
13 24 10 68
13 29 3 133
13 31 31 152
13 38 20 220
13 42 33 124
13 48 39 83
13 49 28 108
13 50 1 199
13 52 13 73
13 58 49 3
14 4 31 151
14 6 7 169
14 18 34 84
14 19 4 178
14 31 29 152
14 33 19 30
14 35 13 129
14 36 1 150
14 38 39 220
14 44 46 37
14 50 25 199
14 51 9 98
14 55 16 113
14 56 21 212
14 57 27 192
15 2 34 115
15 4 2 151
15 15 13 172
15 16 53 194
15 24 8 74
15 28 25 81
15 39 19 158
15 42 55 85
15 43 5 12
15 44 39 37
15 48 49 83
15 49 28 154
15 50 11 136
15 53 43 28
15 55 31 113
16 9 19 147
16 10 23 18
16 11 21 69
16 12 45 23
16 13 1 118
16 20 7 186
16 34 10 148
16 37 31 24
16 40 27 51
16 43 17 156
16 46 49 183
16 49 58 154
16 52 13 144
16 56 39 82
16 59 5 202
17 1 28 1
17 10 43 18
17 15 19 172
17 16 41 194
17 20 4 134
17 21 25 89
17 22 17 161
17 26 2 95
17 43 35 156
17 45 7 120
17 46 9 183
17 52 37 73
17 54 31 198
17 57 45 192
17 60 13 78
18 7 7 42
18 8 25 31
18 10 17 18
18 11 15 69
18 12 1 23
18 17 5 14
18 22 13 161
18 24 22 68
18 27 10 130
18 30 51 112
18 31 58 99
18 34 39 148
18 41 31 216
18 55 19 113
18 56 43 212
19 2 10 115
19 4 16 221
19 10 5 18
19 11 19 69
19 18 50 84
19 19 13 178
19 30 31 128
19 32 7 16
19 33 1 30
19 41 25 102
19 43 47 156
19 44 3 37
19 51 21 98
19 53 56 28
19 56 39 212
20 2 13 115
20 7 19 42
20 12 49 23
20 13 16 118
20 15 25 172
20 20 31 186
20 24 43 68
20 26 47 65
20 29 23 133
20 41 37 216
20 42 1 85
20 47 34 33
20 56 55 212
20 58 7 3
21 1 37 1
21 3 55 203
21 7 10 42
21 11 17 69
21 12 31 23
21 17 29 14
21 18 19 84
21 22 7 161
21 24 22 53
21 31 1 99
21 32 13 16
21 33 3 139
21 38 49 220
21 39 25 158
21 56 43 82
22 7 13 42
22 8 43 31
22 11 26 69
22 15 32 172
22 18 28 17
22 19 10 178
22 24 19 74
22 25 5 200
22 33 1 139
22 36 3 150
22 37 37 24
22 43 56 156
22 55 22 113
22 56 49 212
22 57 7 192
23 3 13 203
23 8 9 25
23 10 7 18
23 14 1 15
23 18 34 17
23 19 16 178
23 28 31 76
23 30 25 112
23 31 3 152
23 36 5 150
23 38 45 107
23 41 37 102
23 46 20 183
23 49 55 108
23 56 49 82
24 1 40 1
24 2 16 115
24 3 10 203
24 4 13 221
24 5 50 181
24 9 25 147
24 10 29 18
24 17 43 14
24 21 47 89
24 22 5 161
24 29 19 133
24 32 21 16
24 34 2 148
24 36 7 150
24 42 56 124
25 2 55 115
25 9 5 147
25 14 3 15
25 16 51 194
25 17 31 14
25 20 14 134
25 28 25 96
25 29 17 133
25 30 20 128
25 38 37 107
25 40 46 51
25 43 49 156
25 46 7 182
25 50 1 136
25 59 34 162
26 2 19 115
26 3 43 203
26 8 1 25
26 13 22 118
26 15 37 172
26 16 29 194
26 21 5 209
26 28 32 81
26 37 50 24
26 38 9 80
26 39 13 158
26 43 41 156
26 52 46 57
26 56 55 82
26 58 25 3
27 2 22 115
27 12 7 23
27 18 40 84
27 23 43 79
27 31 29 99
27 32 16 16
27 39 31 158
27 46 55 183
27 51 2 98
27 52 19 201
27 53 25 28
27 55 37 113
27 57 11 192
27 58 13 3
27 60 50 78
28 1 46 1
28 3 16 203
28 4 10 151
28 6 3 169
28 12 27 23
28 18 31 84
28 23 7 79
28 29 25 133
28 33 50 139
28 34 13 148
28 37 55 24
28 45 5 120
28 52 22 201
28 55 34 113
28 57 52 192
29 5 1 181
29 9 35 147
29 10 13 18
29 14 9 15
29 15 43 172
29 16 59 194
29 20 16 186
29 25 7 200
29 27 22 137
29 38 25 220
29 39 37 158
29 42 31 85
29 43 11 156
29 44 5 37
29 52 51 144
30 10 35 18
30 13 43 118
30 18 13 84
30 20 7 134
30 24 10 53
30 29 27 133
30 33 47 139
30 34 16 148
30 37 31 208
30 38 49 107
30 40 37 167
30 46 19 182
30 47 23 33
30 51 3 217
30 57 1 192
31 1 49 1
31 5 57 181
31 9 16 147
31 13 13 118
31 14 11 15
31 19 25 178
31 22 4 211
31 31 35 99
31 35 1 56
31 36 9 150
31 38 19 107
31 43 7 156
31 46 31 182
31 55 43 113
31 60 37 78
32 15 49 172
32 16 37 58
32 21 17 209
32 25 35 200
32 26 4 95
32 27 1 11
32 30 20 112
32 36 11 150
32 37 55 208
32 39 44 158
32 41 7 102
32 42 31 123
32 46 13 182
32 52 27 201
32 55 40 113
33 2 25 115
33 4 34 151
33 12 37 23
33 13 19 118
33 22 53 161
33 23 49 79
33 24 22 74
33 33 7 139
33 38 55 107
33 40 31 167
33 41 13 102
33 48 1 83
33 52 4 57
33 56 9 212
33 57 29 192
34 1 55 1
34 5 22 181
34 8 31 31
34 10 37 18
34 12 7 168
34 13 25 118
34 16 49 194
34 17 45 14
34 18 19 17
34 19 40 178
34 23 13 79
34 29 47 133
34 37 1 208
34 58 16 3
34 59 11 202
35 4 34 173
35 13 28 118
35 24 19 68
35 27 1 130
35 29 31 133
35 32 25 16
35 33 4 30
35 37 43 24
35 38 50 179
35 43 17 12
35 50 22 199
35 54 9 7
35 56 13 212
35 59 7 202
36 8 56 25
36 13 31 118
36 14 13 15
36 19 28 178
36 26 47 95
36 27 40 137
36 33 7 30
36 37 19 208
36 45 15 120
36 47 37 33
36 49 25 108
36 53 43 38
36 55 49 113
36 56 9 63
36 60 1 78
37 5 28 181
37 9 33 147
37 12 55 23
37 22 31 211
37 23 10 79
37 26 1 82
37 28 19 76
37 31 26 99
37 34 22 148
37 39 49 158
37 40 39 51
37 42 43 85
37 46 3 183
37 48 7 83
37 56 15 87
38 5 7 181
38 6 5 169
38 9 39 147
38 14 17 15
38 18 25 84
38 25 19 200
38 28 49 81
38 30 13 128
38 33 10 139
38 39 55 158
38 53 33 28
38 55 52 113
38 56 1 212
38 57 21 192
39 3 1 203
39 4 43 221
39 18 46 17
39 22 11 161
39 23 16 79
39 25 14 200
39 26 8 82
39 35 4 56
39 37 33 157
39 38 38 187
39 41 21 102
39 43 19 12
39 44 25 37
39 50 31 219
39 54 27 198
40 3 4 203
40 8 51 31
40 9 11 147
40 13 34 118
40 22 56 211
40 23 19 79
40 27 46 130
40 30 37 128
40 32 1 16
40 41 7 216
40 45 13 120
40 49 15 154
40 56 25 212
41 9 43 147
41 11 9 69
41 14 15 15
41 17 13 14
41 28 40 81
41 30 32 112
41 32 28 16
41 34 46 148
41 35 56 129
41 43 38 12
41 44 7 37
41 47 17 45
41 54 2 198
41 56 20 87
42 5 31 181
42 13 37 118
42 15 55 172
42 17 17 14
42 26 4 65
42 27 1 137
42 29 29 133
42 31 19 99
42 35 8 56
42 38 25 107
42 42 21 124
42 43 11 12
42 47 13 33
42 59 15 202
43 2 28 115
43 12 1 168
43 20 33 134
43 24 25 74
43 27 7 11
43 31 11 152
43 33 19 139
43 41 50 102
43 42 21 85
43 45 17 120
43 51 13 217
43 55 55 113
43 56 38 87
43 60 43 78
44 2 31 115
44 4 43 190
44 9 7 147
44 11 23 69
44 16 57 194
44 20 19 134
44 28 28 76
44 32 34 16
44 38 38 171
44 41 13 216
44 44 9 37
44 46 1 182
44 52 25 57
44 53 49 65
45 10 46 18
45 11 28 69
45 13 40 118
45 14 19 15
45 21 17 89
45 30 56 112
45 31 25 152
45 32 4 16
45 35 1 129
45 37 21 24
45 48 13 83
45 51 8 217
45 54 49 198
45 56 31 87
46 2 37 115
46 7 22 42
46 9 45 147
46 19 31 178
46 22 9 211
46 23 25 79
46 25 1 200
46 26 7 95
46 31 11 99
46 32 40 16
46 36 19 150
46 40 50 167
46 42 13 124
46 57 5 192
46 59 3 162
47 5 37 181
47 11 31 69
47 13 49 118
47 18 4 84
47 19 34 178
47 23 28 79
47 25 41 200
47 36 21 150
47 38 57 220
47 42 13 85
47 49 25 154
47 52 1 144
47 53 7 28
47 58 46 3
48 5 40 181
48 7 25 42
48 8 7 31
48 20 49 134
48 22 15 161
48 26 1 65
48 29 33 133
48 32 37 16
48 35 52 44
48 37 55 157
48 38 3 19
48 43 13 12
48 46 44 182
48 51 19 217
48 52 28 73
49 2 40 115
49 3 46 203
49 8 31 25
49 14 21 15
49 29 35 133
49 31 13 99
49 32 10 16
49 35 7 129
49 41 1 216
49 46 27 182
49 47 19 45
49 48 16 83
49 50 5 199
49 56 49 63
50 4 46 221
50 5 34 181
50 8 25 25
50 9 3 147
50 14 23 15
50 16 55 194
50 19 43 178
50 22 7 211
50 23 31 79
50 25 29 2
50 26 20 95
50 33 10 30
50 35 38 129
50 51 14 98
50 59 1 162
51 11 41 69
51 16 2 59
51 17 39 14
51 19 49 178
51 23 22 79
51 25 11 200
51 26 13 82
51 32 31 16
51 43 5 156
51 45 20 120
51 48 28 83
51 54 15 7
51 57 25 192
51 59 45 202
51 60 7 78
52 3 20 203
52 7 28 42
52 17 7 14
52 21 55 89
52 23 34 79
52 26 16 95
52 28 1 81
52 29 58 133
52 36 23 150
52 37 43 157
52 44 13 37
52 47 26 45
52 50 4 219
52 54 37 198
52 57 9 192
53 3 52 203
53 4 46 190
53 5 43 181
53 14 25 15
53 17 19 14
53 23 38 79
53 25 31 200
53 27 4 137
53 30 8 128
53 31 13 152
53 36 27 150
53 41 21 216
53 42 55 123
53 44 16 37
53 52 1 39
54 6 9 169
54 7 31 42
54 9 47 147
54 14 29 15
54 16 5 59
54 27 14 137
54 31 7 99
54 34 34 148
54 36 25 150
54 37 1 24
54 41 43 216
54 45 22 120
54 53 37 28
54 55 58 113
54 60 49 168
55 2 43 115
55 3 40 203
55 11 35 69
55 14 27 15
55 16 7 59
55 17 22 14
55 35 16 56
55 44 55 37
55 48 31 83
55 50 9 199
55 52 1 73
55 57 14 192
55 58 19 3
56 6 11 169
56 11 37 69
56 12 2 184
56 13 55 118
56 14 31 15
56 28 16 76
56 30 7 112
56 31 21 152
56 32 46 16
56 34 27 148
56 36 33 150
56 43 14 156
56 48 43 83
57 5 3 111
57 7 34 42
57 10 15 18
57 13 58 118
57 19 46 178
57 20 19 186
57 22 1 161
57 23 52 79
57 25 17 200
57 29 39 133
57 34 31 148
57 41 27 216
57 57 37 192
57 60 8 49
58 10 19 18
58 11 39 69
58 16 9 59
58 18 4 17
58 24 1 53
58 26 11 82
58 29 37 133
58 31 7 152
58 43 21 156
58 47 16 33
58 49 34 154
58 50 14 219
58 58 55 3
59 4 28 151
59 8 14 31
59 10 52 18
59 11 43 69
59 13 46 118
59 21 7 89
59 24 25 53
59 28 21 96
59 29 41 133
59 34 49 148
59 43 3 156
59 44 19 37
59 51 31 217
59 56 9 87
59 59 1 202
60 9 37 147
60 20 10 186
60 24 7 53
60 33 44 139
60 38 15 220
60 43 1 156
60 44 21 37
60 45 25 120
60 47 5 45
60 50 51 199
60 51 31 98
60 55 46 113
60 57 19 192
60 59 3 202
60 60 55 78
61 5 1 121
61 11 47 69
61 18 25 17
61 22 11 211
61 24 16 53
61 26 7 65
61 28 28 96
61 32 4 93
61 33 14 30
61 34 43 148
61 41 49 216
61 46 37 182
61 49 21 154
61 50 19 199
61 57 33 192
62 3 49 203
62 5 46 181
62 6 13 169
62 12 7 184
62 16 11 59
62 18 1 84
62 27 19 137
62 38 15 107
62 47 22 45
62 51 25 98
62 52 4 39
62 53 37 38
62 54 32 122
62 56 55 63
63 2 46 115
63 5 4 121
63 7 37 42
63 11 49 69
63 14 33 15
63 16 13 59
63 22 15 211
63 24 1 74
63 32 51 16
63 33 17 30
63 36 41 150
63 38 9 220
63 42 25 124
63 45 29 120
63 54 57 198
64 3 19 180
64 6 15 169
64 7 43 42
64 8 2 31
64 9 31 147
64 16 17 59
64 23 46 79
64 25 26 200
64 28 28 81
64 29 50 133
64 46 55 182
64 51 38 98
64 58 22 3
64 59 9 202
65 2 49 115
65 6 19 169
65 8 13 25
65 23 55 79
65 27 39 130
65 30 3 112
65 35 21 56
65 40 58 51
65 42 9 124
65 43 1 12
65 56 43 87
65 57 35 192
65 58 28 3
66 4 25 221
66 6 17 169
66 7 46 42
66 10 11 18
66 12 13 184
66 16 20 59
66 17 41 14
66 21 7 209
66 22 9 161
66 32 22 93
66 41 57 216
66 45 31 120
66 54 1 7
67 9 21 147
67 10 27 18
67 17 25 14
67 20 46 186
67 24 13 53
67 25 9 200
67 28 16 96
67 34 52 148
67 41 55 102
67 44 37 37
67 45 35 120
67 46 1 91
67 47 7 33
67 58 31 3
68 3 58 203
68 7 49 42
68 12 19 184
68 17 53 14
68 24 7 68
68 29 43 133
68 41 1 102
68 45 37 120
68 49 10 154
68 51 39 217
68 53 13 28
68 54 26 7
68 58 34 3
69 2 52 115
69 5 37 121
69 7 55 42
69 18 31 17
69 20 1 186
69 25 28 200
69 27 4 130
69 28 40 96
69 29 45 133
69 32 19 93
69 41 14 215
69 48 58 83
69 51 7 36
69 52 22 57
70 4 33 190
70 8 39 25
70 12 8 90
70 17 55 14
70 19 58 178
70 25 37 200
70 26 13 95
70 27 25 137
70 29 52 133
70 30 20 149
70 32 28 9
70 40 49 51
70 42 15 123
70 54 2 122
70 60 43 168
71 5 4 32
71 9 41 147
71 21 32 209
71 27 58 130
71 33 15 139
71 35 10 129
71 41 43 102
71 42 25 85
71 44 23 37
71 46 49 182
71 49 1 108
71 57 39 192
72 12 1 90
72 18 37 84
72 25 23 200
72 27 7 130
72 30 56 93
72 32 43 93
72 40 33 51
72 44 27 37
72 48 46 83
72 49 40 154
72 51 49 217
72 52 10 57
72 54 13 122
72 56 19 63
73 3 1 180
73 5 7 111
73 6 21 169
73 9 23 147
73 10 31 18
73 11 51 69
73 12 13 168
73 18 37 17
73 20 58 134
73 22 19 161
73 26 10 65
73 29 56 133
73 44 34 37
73 50 17 219
73 51 43 217
74 8 19 31
74 14 35 15
74 19 52 178
74 22 13 211
74 28 58 76
74 30 43 128
74 32 1 93
74 38 15 19
74 40 4 167
74 46 8 91
74 48 55 83
74 53 25 38
75 3 4 180
75 6 23 169
75 7 52 42
75 11 55 69
75 26 25 95
75 31 15 99
75 33 17 139
75 38 7 107
75 40 34 167
75 45 11 120
75 48 1 224
75 59 58 202
76 4 13 151
76 8 55 31
76 9 50 147
76 18 16 17
76 35 26 56
76 38 7 187
76 40 19 51
76 44 32 37
76 45 59 120
76 46 1 116
76 48 52 83
76 49 45 108
77 8 50 25
77 14 37 15
77 18 7 84
77 23 58 79
77 24 1 68
77 27 10 137
77 34 55 148
77 40 43 167
77 46 14 91
77 48 4 224
77 53 32 197
77 54 20 7
77 56 25 63
77 58 40 3
78 6 26 169
78 14 39 15
78 20 22 134
78 28 16 81
78 34 58 148
78 36 37 150
78 41 32 215
78 46 8 116
78 47 28 45
78 53 49 197
78 58 43 3
78 59 13 202
78 60 1 49
79 6 29 169
79 7 58 42
79 22 33 211
79 26 19 82
79 31 17 99
79 33 27 139
79 34 1 138
79 38 8 19
79 42 43 124
79 45 39 120
79 46 21 91
79 50 4 136
79 57 41 192
79 60 50 90
80 5 10 111
80 6 38 169
80 9 1 147
80 10 49 18
80 17 51 14
80 20 4 186
80 22 21 161
80 24 31 53
80 28 13 81
80 32 7 93
80 40 16 51
80 45 41 120
80 46 25 91
81 4 4 221
81 10 55 18
81 14 47 15
81 18 52 17
81 20 1 134
81 25 33 200
81 35 16 129
81 36 57 150
81 41 7 215
81 44 29 37
81 52 13 57
81 53 25 65
81 59 21 202
82 3 7 180
82 6 31 169
82 10 21 18
82 14 43 15
82 18 46 84
82 21 27 89
82 31 1 152
82 36 39 150
82 47 10 45
82 54 55 7
82 57 3 192
83 4 16 190
83 25 3 200
83 33 23 139
83 40 13 167
83 45 43 120
83 48 8 224
83 49 37 108
83 51 56 217
83 53 31 65
83 54 19 122
83 57 47 192
84 11 53 69
84 12 19 168
84 14 45 15
84 23 1 27
84 24 4 74
84 27 55 130
84 35 49 129
84 38 32 19
84 41 25 215
84 48 13 224
84 50 11 219
84 54 7 122
84 57 16 222
85 5 14 111
85 12 27 168
85 14 49 15
85 17 59 14
85 18 22 84
85 24 37 68
85 27 4 11
85 28 1 96
85 34 8 138
85 36 45 150
85 42 55 171
85 49 52 154
85 56 31 63
86 4 19 173
86 5 7 32
86 8 1 174
86 11 59 69
86 22 35 211
86 30 31 149
86 31 5 152
86 33 22 30
86 34 46 138
86 40 55 51
86 54 26 122
86 56 13 63
86 59 17 202
86 60 49 49
87 3 10 180
87 5 56 121
87 17 29 179
87 21 13 89
87 23 4 27
87 31 23 99
87 37 15 24
87 38 19 19
87 42 38 85
87 49 49 154
87 52 1 57
87 56 25 87
87 59 7 162
88 4 40 221
88 5 28 121
88 10 59 18
88 17 57 14
88 22 3 161
88 23 8 27
88 24 13 74
88 25 21 200
88 36 43 150
88 42 45 171
88 47 1 33
88 50 53 199
88 54 31 141
88 57 49 192
89 1 58 1
89 10 14 46
89 16 23 59
89 20 10 134
89 24 28 68
89 43 19 156
89 44 41 37
89 47 5 33
89 48 16 224
89 49 7 154
89 52 1 201
89 57 56 192
89 59 25 202
90 18 58 84
90 20 52 134
90 22 35 161
90 26 22 95
90 33 56 30
90 37 13 208
90 38 1 220
90 40 25 167
90 42 31 117
90 43 9 156
90 44 43 37
90 51 45 98
90 54 38 122
91 4 28 173
91 9 55 147
91 14 53 15
91 16 43 59
91 20 40 186
91 22 21 211
91 27 10 11
91 30 1 128
91 42 45 123
91 43 26 156
91 49 50 108
91 53 13 38
91 54 31 7
91 59 5 162
92 5 10 32
92 6 33 169
92 16 15 59
92 21 20 89
92 22 57 161
92 37 25 208
92 45 45 120
92 46 37 91
92 49 22 108
92 53 3 28
92 54 50 122
92 57 1 222
93 5 7 121
93 10 19 46
93 18 1 17
93 23 14 27
93 31 17 152
93 34 4 138
93 41 38 215
93 44 49 37
93 51 57 98
93 52 21 39
93 53 27 197
93 57 10 222
94 6 35 169
94 12 25 184
94 16 29 59
94 22 23 161
94 23 19 27
94 31 9 152
94 40 13 51
94 43 3 12
94 44 51 37
94 45 49 120
94 49 16 108
94 50 37 136
94 57 5 222
95 2 4 115
95 4 16 173
95 8 8 174
95 14 57 15
95 17 27 14
95 18 43 17
95 25 46 200
95 32 13 93
95 33 29 139
95 35 31 56
95 46 19 116
95 50 2 219
95 53 37 197
95 56 49 87
95 57 23 222
96 1 34 1
96 3 22 180
96 4 9 173
96 6 40 169
96 8 25 174
96 14 55 15
96 25 44 200
96 27 15 130
96 35 19 129
96 36 47 150
96 49 37 154
96 51 50 98
96 56 1 63
96 58 58 3
97 6 43 169
97 10 47 46
97 14 59 15
97 17 2 14
97 28 4 81
97 34 13 138
97 36 51 150
97 37 27 157
97 42 55 117
97 48 19 224
97 52 7 57
97 57 25 222
97 60 39 90
98 5 10 121
98 6 45 169
98 16 27 59
98 22 58 211
98 26 29 65
98 27 13 11
98 34 16 138
98 35 22 129
98 38 32 187
98 45 47 120
98 47 1 45
98 51 3 36
98 53 38 65
99 2 58 115
99 3 15 180
99 10 1 18
99 17 9 14
99 28 4 96
99 40 55 167
99 45 51 120
99 46 25 116
99 49 19 108
99 54 37 7
99 56 43 63
99 57 7 222
100 3 50 180
100 8 38 174
100 21 3 209
100 27 19 130
100 31 5 99
100 34 22 138
100 40 46 167
100 46 31 116
100 47 9 33
100 51 15 36
100 53 56 224
100 55 25 113
101 3 34 180
101 8 14 174
101 12 45 184
101 22 37 211
101 24 31 68
101 25 39 200
101 30 25 128
101 38 19 187
101 47 41 45
101 49 8 44
101 52 4 73
101 53 57 65
102 8 44 174
102 17 49 14
102 20 55 134
102 27 28 137
102 40 40 167
102 46 31 91
102 48 22 224
102 49 58 108
102 52 8 39
102 60 13 49
103 5 13 32
103 8 31 174
103 16 25 59
103 17 5 179
103 23 22 27
103 25 51 200
103 26 27 82
103 30 7 149
103 33 46 30
103 36 49 150
103 41 1 215
103 42 39 124
103 45 53 120
103 57 20 222
104 8 20 174
104 14 51 15
104 27 31 137
104 28 7 96
104 32 10 93
104 40 58 167
104 41 44 215
104 44 53 37
104 45 55 120
104 46 38 116
104 48 27 224
104 52 34 57
104 56 13 121
105 4 4 173
105 16 32 59
105 17 23 179
105 27 34 137
105 30 49 128
105 38 15 187
105 40 19 4
105 43 37 156
105 44 59 37
105 47 55 45
105 48 1 194
105 49 9 108
105 57 13 222
106 4 8 190
106 9 52 147
106 10 57 18
106 16 35 59
106 17 11 179
106 23 26 27
106 26 29 95
106 28 43 96
106 30 14 149
106 31 19 152
106 36 59 150
106 44 3 51
106 48 32 224
107 4 56 151
107 6 47 169
107 8 49 174
107 17 17 179
107 18 13 17
107 20 43 134
107 21 1 209
107 23 31 27
107 24 40 68
107 28 9 81
108 3 28 180
108 5 20 111
108 9 23 38
108 13 52 118
108 16 37 59
108 23 34 27
108 28 10 96
108 34 25 138
108 35 45 56
108 37 14 157
108 43 7 12
108 48 4 194
108 60 56 49
109 1 10 1
109 5 33 111
109 25 49 200
109 26 31 95
109 27 22 130
109 40 16 167
109 44 2 87
109 47 20 33
109 51 25 36
109 54 45 7
109 56 37 63
109 57 29 222
110 18 58 17
110 20 25 186
110 23 38 27
110 25 53 200
110 40 13 4
110 42 49 85
110 43 33 156
110 47 35 45
110 52 4 144
110 53 8 38
110 56 19 121
111 18 37 175
111 21 1 89
111 22 25 161
111 23 44 27
111 30 3 149
111 34 19 138
111 36 53 150
111 47 49 45
111 48 8 194
111 49 13 108
111 50 11 199
111 53 57 38
111 59 27 202
111 60 31 90
112 13 10 118
112 17 41 79
112 22 27 161
112 23 49 27
112 25 5 2
112 30 57 149
112 31 31 99
112 36 55 150
112 40 52 51
112 46 45 91
112 48 38 224
112 49 34 108
112 52 15 201
112 53 20 28
112 54 1 141
113 8 55 174
113 12 13 90
113 16 39 59
113 17 35 179
113 26 27 95
113 31 9 99
113 32 32 93
113 43 43 156
113 47 7 45
113 50 46 199
113 53 1 197
113 59 29 202
114 8 1 179
114 12 31 168
114 18 10 84
114 22 37 161
114 24 39 53
114 26 35 95
114 27 43 130
114 31 53 99
114 34 28 138
114 36 15 150
114 40 7 4
114 41 21 215
114 45 57 120
115 5 20 32
115 9 27 147
115 11 45 69
115 17 37 179
115 18 55 84
115 21 9 209
115 24 58 68
115 31 15 152
115 44 1 51
115 58 52 3
116 5 56 111
116 6 49 169
116 8 13 179
116 9 59 147
116 16 41 59
116 18 20 175
116 28 37 96
116 30 25 149
116 31 23 152
116 49 1 154
116 56 31 121
116 59 9 162
117 19 37 178
117 23 52 27
117 28 13 96
117 32 27 93
117 35 34 56
117 41 56 215
117 44 25 51
117 51 19 36
117 53 7 197
117 54 45 122
117 56 2 35
117 57 31 222
118 4 16 151
118 5 25 32
118 8 57 179
118 10 7 46
118 17 55 179
118 21 9 89
118 24 13 68
118 26 29 82
118 30 37 149
118 34 32 138
118 41 2 175
118 54 49 7
118 56 44 121
119 1 1 1
119 17 47 179
119 21 22 89
119 30 43 149
119 31 33 99
119 40 26 4
119 41 49 215
119 42 37 123
119 43 9 12
119 44 4 87
119 47 31 33
119 48 14 194
120 4 13 190
120 6 51 169
120 10 1 46
120 17 17 90
120 18 25 175
120 25 55 200
120 27 37 137
120 28 57 96
120 35 28 129
120 48 19 194
120 49 44 154
120 51 31 36
120 56 9 35
120 57 3 222
121 8 19 179
121 9 57 147
121 25 59 200
121 28 2 76
121 31 27 152
121 35 37 56
121 40 34 4
121 42 44 117
121 43 23 12
121 46 50 91
121 49 31 108
121 54 7 141
121 56 13 35
122 10 11 46
122 16 45 59
122 24 32 74
122 27 25 11
122 30 1 21
122 42 7 85
122 43 39 156
122 44 5 51
122 53 13 197
122 56 49 121
122 60 20 90
123 5 25 111
123 6 53 169
123 8 7 179
123 12 31 184
123 17 5 90
123 19 55 178
123 21 37 209
123 22 59 161
123 33 28 30
123 41 14 175
123 44 23 51
123 50 3 199
123 51 44 36
123 52 39 39
123 60 19 49
124 4 1 190
124 8 43 179
124 9 9 147
124 16 47 59
124 21 11 209
124 24 37 74
124 27 28 11
124 36 35 150
124 54 13 141
124 55 4 113
124 59 31 202
125 4 22 173
125 5 28 111
125 6 55 169
125 8 7 97
125 9 17 38
125 12 38 184
125 17 35 90
125 27 52 137
125 30 13 21
125 33 33 139
125 34 43 138
125 38 1 107
125 40 46 4
125 49 25 44
126 5 37 111
126 6 57 169
126 9 47 38
126 16 49 59
126 22 41 211
126 26 25 82
126 27 44 11
126 33 31 30
126 40 8 167
126 56 20 35
126 57 33 222
126 59 11 162
126 60 27 49
127 5 40 111
127 16 51 59
127 22 49 161
127 25 1 2
127 26 31 82
127 28 13 76
127 30 7 21
127 34 56 138
127 38 27 171
127 45 33 120
127 47 43 33
127 49 4 154
127 59 25 162
128 10 16 46
128 16 53 59
128 20 22 186
128 21 4 89
128 23 56 27
128 27 49 11
128 40 10 4
128 46 43 116
128 51 37 36
128 56 25 35
128 57 35 222
129 4 25 190
129 16 55 59
129 34 38 138
129 35 32 129
129 43 15 12
129 44 7 51
129 51 50 36
129 53 2 38
129 54 20 141
130 3 31 180
130 10 9 18
130 12 49 184
130 16 59 59
130 22 39 211
130 27 55 137
130 28 34 96
130 30 2 4
130 33 21 139
130 47 47 33
130 48 44 224
130 52 16 57
130 60 25 90
131 3 44 180
131 24 16 74
131 26 33 95
131 28 50 76
131 33 25 30
131 35 40 56
131 43 31 156
131 44 57 87
131 48 22 194
131 51 2 171
131 55 7 113
132 3 37 180
132 8 25 179
132 17 17 49
132 18 7 17
132 38 2 187
132 46 50 116
132 51 55 36
132 52 13 39
132 56 31 35
132 57 40 222
133 18 10 17
133 22 47 211
133 25 57 200
133 26 53 65
133 30 49 149
133 31 33 152
133 35 44 129
133 40 22 4
133 46 13 116
133 50 7 219
133 51 1 97
133 54 25 141
133 58 37 3
134 1 43 1
134 5 28 32
134 12 38 168
134 16 57 59
134 18 31 175
134 21 15 89
134 24 4 53
134 26 13 65
134 31 35 152
134 41 8 175
134 52 22 144
134 57 55 222
134 59 19 162
135 3 25 180
135 10 5 46
135 12 56 184
135 28 52 96
135 31 43 152
135 33 31 139
135 42 19 123
135 43 45 156
135 47 3 45
135 50 14 199
135 57 37 222
135 59 40 162
136 4 52 151
136 5 43 111
136 14 41 15
136 21 29 89
136 26 15 65
136 28 20 81
136 32 46 93
136 34 49 138
136 45 27 120
136 49 4 108
136 51 31 171
136 54 37 141
136 56 55 35
137 18 28 84
137 25 3 2
137 27 37 11
137 29 21 133
137 40 16 4
137 44 9 51
137 46 55 116
137 48 43 194
137 56 49 35
137 59 13 162
138 3 40 180
138 6 59 169
138 16 1 58
138 18 49 175
138 19 22 178
138 24 28 74
138 25 7 2
138 26 34 82
138 28 37 81
138 34 52 138
138 54 43 141
138 56 14 125
138 60 55 90
139 3 21 167
139 9 19 38
139 18 40 175
139 20 46 134
139 26 37 82
139 27 31 11
139 34 1 9
139 43 29 12
139 44 7 87
139 46 55 91
139 48 26 194
139 54 50 141
139 58 10 3
139 59 35 202
140 4 4 190
140 18 28 175
140 22 49 211
140 24 46 74
140 25 10 2
140 27 43 137
140 28 57 81
140 32 52 93
140 33 35 139
140 49 13 44
140 53 19 197
140 56 38 35
140 60 31 49
141 4 1 173
141 16 4 58
141 20 28 186
141 25 16 2
141 32 37 93
141 34 13 9
141 43 53 156
141 48 49 224
141 51 7 171
141 52 19 57
141 53 43 197
141 54 56 141
142 3 55 180
142 4 13 173
142 16 7 58
142 20 58 186
142 30 19 21
142 32 40 93
142 35 50 56
142 48 32 194
142 50 16 199
142 52 4 201
142 59 37 202
142 60 43 90
143 10 35 46
143 16 9 58
143 22 1 211
143 26 17 65
143 27 50 130
143 28 43 81
143 31 41 152
143 43 58 156
143 49 28 44
143 50 26 136
143 52 21 73
143 54 3 77
143 60 37 49
144 4 22 151
144 21 31 89
144 30 26 21
144 33 33 30
144 37 1 157
144 38 49 19
144 40 55 4
144 46 39 179
144 50 20 219
144 53 13 77
144 54 7 77
144 60 43 49
145 4 7 151
145 11 33 69
145 17 1 79
145 23 16 32
145 28 46 81
145 32 49 93
145 42 37 117
145 43 31 12
145 49 4 44
145 51 20 171
145 53 56 197
145 59 28 162
146 3 1 167
146 10 23 46
146 12 57 168
146 13 4 118
146 21 13 209
146 33 35 30
146 36 29 150
146 47 25 33
146 51 15 97
146 60 7 9
147 4 19 151
147 9 55 38
147 21 15 209
147 22 44 211
147 23 1 32
147 31 46 99
147 33 41 30
147 35 58 56
147 40 31 4
147 44 35 87
147 47 13 45
147 48 38 194
147 50 7 199
147 52 49 57
148 3 58 180
148 5 46 111
148 7 16 42
148 10 3 18
148 18 55 175
148 22 43 161
148 27 40 11
148 35 52 129
148 40 49 4
148 46 31 179
148 52 37 201
148 59 23 162
149 5 49 111
149 7 40 42
149 10 9 46
149 16 11 58
149 17 15 14
149 35 55 56
149 38 25 19
149 43 21 12
149 48 46 194
149 49 31 44
149 56 3 125
150 5 52 111
150 11 57 69
150 17 23 49
150 25 13 2
150 28 10 76
150 34 4 9
150 35 1 44
150 42 15 171
150 43 27 12
150 44 31 51
150 52 7 73
150 53 33 38
150 56 43 35
150 60 19 9
Điểm tối ưu: 2025
Thời gian: 360.058475 giây
Trạng thái: VALID
