1200 800 320
130 163 66 204 174 49 145 146 115 53 150 22 313 315 93 0
192 33 100 135 106 75 13 142 305 147 276 311 216 93 190 0
37 293 8 106 107 139 299 205 207 306 274 148 118 125 31 0
164 8 72 176 210 212 309 118 244 94 217 88 124 29 254 0
128 97 224 195 37 135 136 298 300 81 308 119 88 89 222 0
288 319 102 232 303 241 145 50 309 120 283 124 157 126 95 0
64 297 298 44 14 111 79 241 179 276 181 86 216 187 254 0
224 2 259 170 298 11 45 142 303 239 209 22 247 153 220 0
97 1 167 264 73 299 174 14 112 307 93 309 119 282 29 0
194 2 102 294 230 106 267 76 80 277 117 313 218 124 191 0
291 67 38 77 238 210 275 20 149 277 55 152 83 61 255 0
128 38 199 297 301 220 180 309 54 119 25 186 251 156 95 0
163 100 229 36 40 74 206 303 17 82 212 151 157 190 191 0
192 193 226 161 292 166 8 218 47 81 149 213 311 118 250 0
256 258 215 130 165 38 71 40 168 6 46 19 277 55 122 0
160 225 97 65 265 238 14 240 177 61 117 246 87 182 29 0
227 164 69 292 166 109 46 78 80 112 210 23 54 183 249 0
128 227 35 101 295 265 137 301 304 178 211 62 315 93 286 0
5 230 8 218 42 299 265 47 243 180 307 186 92 61 190 0
96 260 166 201 218 268 240 81 211 181 280 154 252 61 126 0
1 34 226 68 230 295 74 140 206 143 305 20 313 317 287 0
129 35 228 165 167 233 203 47 176 308 118 151 317 60 189 0
97 2 98 199 172 302 14 175 174 16 308 86 23 54 24 0
291 292 139 141 13 15 304 270 18 181 151 250 59 61 318 0
195 35 5 165 236 12 302 174 208 238 147 181 213 251 191 0
128 224 194 131 134 103 199 235 110 112 48 180 117 216 125 0
193 35 132 134 201 45 143 210 147 308 179 118 89 154 63 0
258 37 297 234 266 174 271 177 179 148 277 216 122 222 286 0
69 167 155 78 206 304 238 146 82 83 120 249 59 31 287 0
225 294 8 201 169 112 114 179 212 214 120 285 61 318 95 0
34 99 122 154 296 11 300 205 269 79 203 17 178 218 29 0
64 224 2 290 163 165 49 114 51 211 84 22 56 60 158 0
70 166 298 75 282 207 315 273 150 311 185 58 283 252 222 0
128 33 264 170 269 173 111 144 177 113 116 54 312 249 123 0
35 5 199 12 78 240 177 242 179 213 86 152 60 317 222 0
99 229 103 200 295 123 143 146 116 21 246 247 152 151 59 0
161 130 35 4 133 70 233 73 205 45 13 176 301 123 286 0
165 102 70 9 10 233 300 75 305 220 309 218 252 126 95 0
33 225 166 167 169 268 144 240 212 53 151 120 251 317 319 0
280 226 231 135 44 79 82 85 309 150 120 58 123 253 31 0
224 5 295 201 298 140 110 302 80 82 307 310 248 155 284 0
132 198 268 141 174 111 145 276 212 86 84 120 26 155 126 0
256 194 37 38 270 208 240 210 307 243 213 246 144 314 157 0
162 2 292 260 258 39 231 168 7 147 21 86 153 27 62 0
165 169 170 107 206 239 174 81 177 112 308 248 89 316 29 0
224 134 9 235 44 173 141 269 176 210 182 119 186 247 95 0
224 191 96 7 295 206 270 272 50 22 151 89 59 63 95 0
290 258 2 167 264 9 269 149 309 247 150 249 122 92 255 0
248 225 312 35 165 166 136 297 110 112 274 117 152 156 191 0
32 33 66 99 194 5 108 269 270 112 273 19 57 251 95 0
288 191 98 96 69 202 81 146 82 189 57 26 187 157 255 0
96 225 153 259 99 161 298 299 108 144 17 114 279 249 60 0
128 289 160 26 70 231 186 50 61 276 313 90 219 220 93 0
259 172 141 78 270 112 108 82 116 53 182 55 125 254 319 0
34 294 135 72 12 269 270 144 209 242 252 183 219 60 189 0
162 66 132 166 71 9 234 42 169 266 171 243 19 120 221 0
99 132 90 169 234 138 143 115 243 180 84 149 282 94 159 0
98 234 140 174 271 50 211 306 245 278 87 248 94 222 190 0
258 259 162 68 290 249 69 298 238 79 283 179 121 58 59 0
128 227 255 137 240 144 147 148 309 183 26 155 156 286 159 0
131 132 218 43 171 299 14 176 81 211 310 119 184 122 124 0
224 227 36 262 135 73 107 16 114 178 148 125 184 123 189 0
257 107 173 238 13 112 304 179 19 310 184 62 90 316 318 0
64 257 196 293 265 10 139 298 76 206 15 78 111 173 95 0
133 134 7 166 250 43 299 301 303 47 81 146 22 154 283 0
320 33 66 228 294 77 78 179 115 180 275 211 312 190 95 0
160 129 65 267 268 109 302 269 241 29 51 183 58 123 157 0
64 37 198 200 105 74 314 108 303 116 279 218 316 157 94 0
257 289 10 141 45 271 113 51 276 150 215 182 314 283 28 0
288 1 165 262 43 172 301 269 207 47 274 180 52 248 155 0
192 33 3 132 259 73 77 92 80 273 179 20 26 124 221 0
195 131 197 73 79 304 50 211 53 310 55 216 217 186 27 0
3 133 134 295 103 264 109 176 112 304 310 118 153 250 157 0
257 4 234 235 299 239 305 308 311 280 217 90 283 60 318 0
64 35 106 236 238 79 81 305 114 213 53 22 281 284 285 0
162 165 70 198 104 74 203 268 176 208 308 53 85 311 283 0
227 196 294 7 137 75 204 178 147 308 117 307 23 183 190 0
261 167 9 267 238 302 17 18 274 275 114 278 59 60 159 0
160 259 4 99 3 102 142 175 222 50 85 88 125 254 287 0
71 168 10 202 43 45 141 109 110 17 20 116 119 215 220 0
256 65 98 99 133 230 73 77 177 83 277 86 118 25 314 0
195 164 101 7 232 296 297 300 205 238 211 308 213 148 216 0
289 1 68 38 235 173 14 143 82 116 183 216 313 252 254 0
32 226 259 164 229 70 200 266 302 46 147 84 247 91 61 0
36 261 165 230 200 201 235 203 79 176 80 81 241 190 287 0
232 137 10 8 108 169 48 49 114 148 86 119 56 26 59 0
293 39 202 237 272 51 244 147 246 93 22 150 155 61 62 0
97 2 291 258 8 174 49 210 81 276 120 122 219 252 157 0
1 2 170 141 46 173 112 209 243 116 150 279 284 95 255 0
288 290 260 292 299 142 270 48 49 118 55 248 317 253 62 0
224 163 133 101 138 46 111 208 177 114 182 184 281 95 255 0
1 2 255 228 70 232 270 48 178 245 23 248 250 28 287 0
224 193 290 6 232 170 270 78 16 81 146 118 121 252 31 0
258 36 69 262 37 168 59 173 302 187 305 241 82 244 123 0
256 320 97 163 153 261 232 264 200 267 236 177 115 149 249 0
133 27 41 43 204 301 205 303 15 48 304 84 117 311 155 0
128 32 37 136 105 268 272 304 113 19 309 214 311 184 28 0
256 195 228 90 294 199 103 9 105 143 17 21 88 249 218 0
163 99 197 69 38 105 298 155 205 219 145 310 123 124 223 0
2 163 133 7 9 13 47 113 145 147 307 183 216 187 124 0
192 65 225 6 71 73 169 299 141 302 304 306 277 125 126 0
192 289 66 34 260 134 235 204 141 114 277 87 59 284 29 0
65 161 130 292 194 6 197 168 136 202 300 239 208 116 127 0
256 130 131 74 10 77 303 15 209 81 177 273 120 152 190 0
292 102 39 313 265 297 174 240 49 54 280 217 26 189 286 0
160 195 228 132 230 263 38 206 145 84 148 182 86 30 191 0
132 261 263 202 75 107 13 43 177 19 275 150 217 250 318 0
65 35 132 135 104 9 42 107 177 274 310 248 281 56 60 0
96 163 36 71 73 75 139 31 175 16 214 26 315 127 95 0
257 98 193 5 295 173 238 48 50 277 310 247 249 186 29 0
164 69 4 170 107 106 10 142 245 182 87 246 26 254 95 0
193 196 232 299 140 28 145 51 179 88 185 188 152 222 223 0
160 265 202 138 16 113 178 116 149 213 248 186 59 95 63 0
256 291 68 197 195 295 73 266 46 175 15 208 81 20 245 0
160 96 258 294 40 41 42 13 303 188 115 50 123 284 31 0
191 66 67 133 200 138 234 80 209 18 181 310 216 60 159 0
162 228 197 72 105 298 172 302 79 240 307 216 89 88 191 0
161 1 2 70 233 139 172 111 271 241 306 189 214 22 221 0
97 294 102 27 110 175 207 142 179 84 118 185 283 92 319 0
192 97 131 99 229 100 264 172 175 176 117 311 186 27 317 0
162 67 100 131 135 74 108 172 305 145 179 21 183 57 28 0
256 128 131 164 231 107 76 43 142 208 242 308 278 122 287 0
191 132 71 135 233 10 267 103 277 245 21 150 182 218 287 0
58 296 234 108 110 47 16 273 177 147 309 217 186 252 126 0
100 37 230 167 297 202 111 144 315 82 179 59 317 30 191 0
132 37 262 70 5 108 300 301 271 272 173 243 247 313 318 0
192 32 66 292 196 281 199 301 14 251 46 177 272 25 315 0
224 193 258 132 229 101 263 238 239 79 18 147 154 61 222 0
192 1 199 136 72 12 109 304 17 49 211 153 282 123 223 0
289 34 1 98 293 10 237 188 220 276 182 186 219 252 221 0
289 195 4 215 134 7 72 205 144 50 23 217 218 279 157 0
89 65 298 106 170 205 279 175 80 212 180 182 149 57 124 0
192 4 203 140 109 12 76 301 269 274 147 149 86 221 159 0
128 67 292 231 168 80 49 156 147 278 248 25 26 124 157 0
1 296 136 104 172 140 174 15 239 242 212 245 310 28 127 0
96 129 130 195 100 165 230 232 296 204 238 80 25 127 287 0
32 1 129 259 99 262 41 49 146 51 118 152 285 252 93 0
288 100 37 71 296 295 237 79 176 148 278 57 186 60 94 0
292 167 136 199 9 266 173 47 146 118 311 248 123 221 255 0
318 65 26 165 197 170 173 46 273 147 276 119 218 157 126 0
320 196 104 267 300 46 78 176 272 271 86 121 314 284 93 0
129 130 229 106 75 269 144 240 210 84 212 215 89 91 191 0
97 1 259 100 296 171 205 207 274 84 216 315 120 184 287 0
197 229 135 296 139 302 271 240 208 50 276 181 85 284 189 0
192 33 193 130 196 3 9 201 268 305 178 277 25 61 223 0
256 320 98 4 137 297 171 300 78 273 274 82 277 181 286 0
65 225 35 100 103 9 299 44 46 117 184 185 90 91 28 0
133 230 135 8 40 106 107 206 81 242 279 281 123 221 126 0
256 65 132 102 107 303 16 113 21 152 26 155 221 94 216 0
98 9 201 59 109 205 271 46 211 308 310 183 94 315 30 0
96 129 289 226 100 229 265 298 43 175 85 285 27 29 95 0
318 290 66 5 10 43 60 241 178 147 309 214 124 222 286 0
258 290 34 68 262 281 110 145 84 213 86 54 121 123 95 0
153 5 102 9 47 304 146 178 52 116 180 312 57 222 127 0
192 131 166 10 299 44 113 210 307 316 280 123 124 93 222 0
6 8 77 15 143 19 115 211 150 21 125 121 29 24 63 0
289 164 102 7 138 269 240 283 21 277 184 218 123 252 31 0
224 320 161 99 167 201 13 17 181 117 183 248 58 125 190 0
227 5 8 175 272 18 179 125 151 221 185 28 311 183 159 0
1 258 3 228 129 289 8 9 10 207 176 20 218 188 159 0
320 64 291 132 259 37 131 264 233 79 304 112 242 26 316 0
160 3 37 296 141 109 81 19 277 21 151 24 250 283 127 0
132 37 299 75 267 206 111 47 147 52 149 118 87 283 317 0
192 260 293 228 103 297 203 236 14 207 111 305 87 89 159 0
96 260 7 169 76 108 236 78 82 116 181 183 154 124 287 0
1 268 110 15 48 207 49 211 84 17 22 54 56 154 287 0
192 37 6 266 107 302 78 144 177 274 210 151 249 188 285 0
224 132 136 200 296 11 12 268 207 83 215 248 249 251 191 0
224 319 265 234 141 207 143 306 19 311 56 155 286 95 159 0
159 258 261 281 298 43 204 299 238 12 52 215 121 126 191 0
162 98 260 293 103 297 298 299 305 53 125 86 216 253 221 0
288 65 98 227 164 132 259 33 35 74 176 275 309 310 277 0
225 130 38 198 231 218 301 52 279 120 313 122 220 152 126 0
130 101 74 123 76 112 273 178 50 244 182 246 187 190 191 0
256 65 163 68 260 6 38 250 241 279 153 90 123 158 191 0
73 233 235 172 301 206 12 29 308 93 56 187 316 253 63 0
193 98 139 204 205 272 112 82 211 242 247 152 121 124 127 0
96 192 1 260 101 294 104 139 237 109 82 307 184 157 30 0
1 130 263 71 234 75 142 16 307 24 94 250 123 29 158 0
257 162 130 225 5 102 295 264 82 147 245 22 283 317 62 0
160 134 102 71 11 236 299 15 304 305 21 150 185 28 287 0
192 193 290 229 71 11 171 49 213 281 123 188 221 62 255 0
33 2 26 292 261 199 232 142 174 21 54 57 154 156 190 0
192 289 295 232 297 108 204 47 241 274 118 152 58 93 287 0
225 2 260 43 44 301 75 240 20 214 153 286 61 62 95 0
96 257 4 69 164 200 265 170 239 306 246 311 88 121 158 0
193 5 134 103 105 43 75 173 175 117 311 313 283 62 127 0
224 129 256 263 265 12 268 111 47 176 50 179 147 53 19 0
99 227 101 262 69 83 84 278 86 152 121 26 155 253 158 0
259 227 229 215 136 76 173 251 275 150 119 216 58 187 95 0
320 66 293 105 234 44 77 208 210 178 61 118 119 152 317 0
256 290 258 165 201 205 206 18 83 210 53 54 51 313 284 0
225 257 130 218 268 13 174 303 305 83 147 148 55 215 157 0
3 185 202 42 108 173 143 207 240 177 85 217 186 283 157 0
289 130 67 104 149 182 118 216 57 117 123 284 253 95 255 0
265 108 14 175 112 156 306 114 275 240 316 218 284 189 287 0
194 195 261 9 201 299 237 240 212 20 279 282 155 30 63 0
35 287 294 230 73 80 306 276 157 86 120 89 186 29 319 0
224 97 129 163 100 262 265 235 76 112 306 180 248 281 59 0
288 161 35 195 196 102 264 171 268 46 111 308 282 27 284 0
288 258 73 10 105 13 48 208 82 307 279 281 122 254 63 0
320 65 193 292 165 102 197 107 301 270 110 210 19 213 216 0
164 197 229 166 261 169 266 71 287 269 11 209 117 121 159 0
128 67 201 299 13 111 272 51 213 214 311 281 123 316 285 0
64 159 259 71 167 201 211 119 54 311 217 186 61 254 127 0
32 33 194 289 165 108 237 238 19 116 20 94 222 318 191 0
40 269 14 111 176 209 212 245 149 151 148 253 215 311 95 0
256 224 100 199 136 137 301 174 243 21 182 214 248 118 317 0
257 102 198 264 39 74 237 141 13 315 210 177 56 282 155 0
130 69 197 27 9 207 48 112 283 19 52 212 23 123 126 0
98 290 228 131 169 233 204 110 271 18 115 275 22 93 190 0
130 132 168 137 297 11 302 239 78 52 85 30 154 286 287 0
227 260 72 74 42 142 79 238 119 245 22 53 58 315 189 0
99 131 68 102 201 234 239 79 272 84 54 315 28 286 31 0
261 40 169 298 43 107 174 270 114 149 181 25 253 158 31 0
65 255 101 43 300 270 111 149 246 215 280 217 218 151 223 0
293 70 262 74 13 46 15 81 179 20 181 151 56 156 31 0
289 199 40 263 203 267 237 206 205 141 273 146 241 220 30 0
96 32 2 100 135 136 200 265 279 179 20 86 183 28 318 0
195 228 133 199 42 139 204 270 306 211 117 214 55 124 223 0
194 163 3 230 103 169 170 266 47 207 114 214 183 157 94 0
291 4 101 262 232 266 298 78 271 272 144 152 26 27 222 0
224 193 290 291 225 165 34 298 145 209 21 182 54 314 159 0
97 130 162 33 229 134 9 201 299 47 49 215 123 189 191 0
292 260 230 199 197 267 300 273 179 245 278 119 216 249 254 0
290 194 132 68 227 296 138 106 45 119 154 123 316 317 31 0
2 34 133 261 70 73 202 46 174 277 25 219 316 93 159 0
101 199 203 303 113 82 220 307 277 85 183 123 188 317 223 0
1 130 99 36 137 266 106 297 141 173 81 310 59 188 127 0
159 225 34 226 132 65 41 207 305 52 244 55 312 88 223 0
133 102 262 75 238 144 176 116 246 311 88 281 250 284 286 0
320 97 294 199 72 9 10 105 8 114 274 310 88 156 63 0
32 192 3 132 169 233 267 141 79 115 244 276 280 25 120 0
162 197 39 158 269 49 273 83 180 81 182 184 152 123 254 0
292 168 264 237 207 80 209 210 176 86 152 249 124 61 255 0
64 128 35 259 296 138 234 176 147 244 214 188 157 318 95 0
256 37 42 75 10 13 142 237 272 271 173 141 53 182 126 0
259 231 186 44 46 16 81 124 307 276 176 154 155 28 189 0
161 102 11 12 14 15 208 145 53 21 119 221 314 253 286 0
97 67 102 9 297 15 112 304 116 52 88 153 186 91 188 0
292 197 101 136 74 108 114 84 149 21 248 217 27 95 127 0
65 67 292 131 7 72 169 8 44 178 147 210 52 154 318 0
97 34 259 100 249 134 270 208 177 116 181 55 121 59 61 0
64 33 167 107 270 206 144 273 302 311 57 315 60 189 31 0
96 1 289 154 168 8 268 206 47 305 50 210 88 122 29 0
289 66 290 165 197 200 136 267 11 147 311 184 249 250 316 0
96 68 103 167 7 16 17 241 61 216 121 126 59 221 30 0
259 165 199 7 137 13 46 47 77 179 219 124 189 30 191 0
224 227 260 6 296 44 239 176 20 149 85 279 58 254 127 0
320 1 34 185 100 194 7 40 299 304 49 120 313 220 222 0
97 100 68 37 168 304 17 241 115 21 87 55 185 155 311 0
256 2 163 228 100 292 104 168 138 212 277 55 121 92 191 0
96 160 101 263 137 234 43 11 178 117 22 30 62 29 318 0
128 289 195 132 69 102 196 138 234 310 23 22 182 218 127 0
64 225 66 109 270 303 141 49 142 180 20 24 28 221 126 0
1 193 98 75 44 205 173 143 176 308 150 215 56 220 189 0
288 289 1 3 292 103 138 300 77 174 113 209 54 188 30 0
225 292 319 199 234 267 172 43 178 115 120 121 187 61 127 0
160 258 229 261 296 233 10 14 175 241 152 313 187 220 191 0
256 137 106 143 16 207 306 148 117 278 25 126 187 124 94 0
288 290 2 99 37 39 232 104 236 173 110 210 178 248 250 0
160 64 98 294 70 104 134 202 108 177 117 150 312 187 188 0
32 64 98 101 263 264 9 74 200 175 278 119 120 57 220 0
192 225 259 228 9 201 73 265 60 305 213 54 184 120 94 0
228 293 292 69 169 266 299 141 78 207 272 111 81 311 24 0
248 64 256 99 68 100 165 40 107 172 111 79 53 88 126 0
159 34 162 292 170 203 12 143 207 81 85 150 214 25 31 0
224 32 129 165 229 6 137 138 13 305 241 84 53 88 186 0
318 162 131 319 104 265 45 114 147 307 213 312 123 190 63 0
280 100 261 106 171 44 45 238 74 302 81 115 53 312 61 0
64 192 131 195 104 137 47 240 211 254 185 282 29 158 191 0
291 249 262 39 138 300 45 46 302 146 307 310 247 281 59 0
163 259 73 75 108 45 174 80 315 82 212 91 252 190 287 0
128 312 36 6 167 111 305 181 152 281 315 60 189 126 191 0
32 290 319 171 44 109 46 143 304 308 53 87 279 30 223 0
258 66 165 293 10 139 267 49 222 179 214 23 280 125 318 0
289 290 163 258 227 167 266 303 81 51 180 277 116 254 318 0
96 193 58 5 196 295 186 74 236 173 175 209 218 62 95 0
4 265 105 302 49 145 113 276 21 20 52 123 190 189 222 0
160 97 96 199 297 9 11 269 141 48 209 278 57 59 221 0
320 196 229 102 263 7 137 105 109 80 305 120 27 318 255 0
129 68 167 168 265 42 43 45 302 86 247 218 251 222 287 0
96 99 40 170 75 303 17 82 210 84 213 307 24 28 158 0
64 257 1 225 228 66 169 201 176 241 243 314 27 284 94 0
32 263 40 313 138 75 203 172 302 111 48 104 21 217 253 0
256 191 101 165 229 6 265 105 139 298 269 78 201 49 319 0
64 227 295 202 203 236 299 205 143 234 17 141 47 251 317 0
318 2 100 230 198 266 141 111 274 306 308 149 151 252 62 0
257 98 291 100 198 73 202 139 205 79 82 23 151 251 62 0
1 98 5 231 234 267 140 236 16 209 212 181 24 281 94 0
121 163 260 202 268 76 314 146 114 181 87 153 282 279 93 0
225 129 193 71 15 207 145 274 179 243 273 54 217 218 31 0
289 98 129 292 9 138 267 105 48 148 277 212 23 151 155 0
1 226 227 289 297 106 236 77 205 207 147 277 311 316 125 0
192 97 26 229 70 199 269 239 80 82 179 148 213 90 158 0
98 132 103 73 268 13 80 177 114 23 277 119 248 90 157 0
231 73 266 107 44 141 110 269 176 49 242 146 118 119 59 0
66 37 265 235 204 238 207 206 273 19 248 314 216 222 159 0
194 163 68 198 39 6 79 207 181 277 215 249 251 156 127 0
33 164 197 7 40 169 11 13 80 307 182 86 185 251 286 0
192 289 259 262 263 298 314 271 49 52 309 58 59 29 30 0
89 97 227 69 6 7 8 281 174 81 52 20 116 217 286 0
192 33 162 100 261 170 11 113 241 145 215 184 183 314 27 0
261 232 104 10 236 172 143 315 274 53 246 247 152 155 191 0
98 5 231 40 266 173 273 146 20 182 118 24 310 58 158 0
320 194 259 58 133 36 137 170 201 49 18 212 280 89 250 0
65 98 163 196 73 297 107 108 206 175 177 308 20 190 223 0
89 129 228 229 68 200 273 19 149 214 215 280 185 254 319 0
193 266 203 171 145 209 51 84 309 22 83 215 251 94 191 0
32 2 34 109 207 272 113 274 243 303 18 183 151 58 216 0
288 34 227 134 298 107 271 240 176 275 181 86 311 182 27 0
32 160 9 299 172 171 45 268 81 83 88 57 251 317 62 0
129 130 35 226 197 229 281 8 243 118 87 249 188 29 254 0
258 131 38 6 262 158 303 113 18 83 87 311 27 188 94 0
288 194 223 233 10 59 302 175 47 144 214 23 27 60 319 0
96 312 75 44 300 174 239 207 209 219 307 83 275 24 315 0
64 165 198 70 266 171 235 142 211 276 85 179 88 121 26 0
98 126 122 70 198 135 170 270 243 21 215 94 186 30 319 0
32 97 102 198 8 281 12 142 239 241 179 246 312 153 93 0
225 226 137 172 300 238 148 149 214 22 52 57 285 55 157 0
65 70 8 296 77 45 47 15 111 116 120 24 58 92 189 0
224 4 319 198 7 9 298 46 177 82 55 280 25 90 95 0
164 90 154 139 235 205 109 13 78 241 51 117 215 218 220 0
162 319 134 103 9 250 173 145 244 309 120 26 221 190 127 0
192 100 71 138 109 111 283 315 50 143 180 91 190 61 318 0
257 291 99 6 105 138 266 267 41 237 17 221 249 27 125 0
32 66 195 68 298 138 77 143 18 276 310 95 317 158 286 0
259 4 165 262 37 198 10 43 80 147 51 312 187 317 95 0
64 289 132 38 43 171 111 112 207 47 84 245 214 122 95 0
1 131 69 71 72 9 91 302 207 209 180 277 22 123 190 0
288 289 99 134 73 123 171 219 79 304 49 246 119 283 222 0
256 65 2 163 164 101 295 73 47 210 179 310 313 126 31 0
96 65 2 295 135 297 177 51 125 22 246 217 186 221 191 0
32 129 262 6 266 44 237 173 124 273 54 88 217 283 284 0
224 320 226 33 4 293 106 266 44 237 46 81 180 88 185 0
248 97 226 227 199 168 171 206 80 50 244 310 312 314 255 0
161 226 195 38 103 233 234 12 140 244 20 55 87 252 190 0
33 215 292 137 78 272 149 214 55 53 58 247 189 95 255 0
195 102 103 235 236 78 273 61 85 279 120 123 28 93 319 0
289 98 227 259 6 265 106 109 142 304 51 180 153 154 27 0
128 65 291 133 168 137 42 169 207 239 146 243 149 21 251 0
32 130 10 11 155 206 244 245 118 212 312 186 123 222 31 0
225 98 35 130 165 97 39 41 298 73 12 267 16 211 212 0
258 132 293 171 111 95 247 221 89 218 187 156 253 190 31 0
225 99 36 133 231 71 297 75 172 109 176 184 57 122 251 0
37 294 201 203 172 205 267 176 275 212 314 123 220 221 223 0
290 229 166 8 9 176 222 115 179 53 182 24 26 157 126 0
64 97 225 101 38 165 70 201 299 273 210 213 278 247 314 0
256 129 320 163 261 165 263 104 137 105 134 250 315 253 254 0
224 153 185 194 170 236 28 177 178 244 24 57 123 92 222 0
225 35 185 99 294 41 205 241 82 275 20 310 216 94 254 0
160 163 122 104 105 75 301 206 303 239 142 29 215 154 61 0
165 261 233 75 190 211 307 220 95 216 217 283 92 254 255 0
129 227 228 287 230 71 109 45 144 48 29 309 118 221 159 0
163 292 134 166 9 138 14 302 78 176 208 50 244 117 94 0
320 291 262 103 8 137 266 15 177 146 50 209 149 184 93 0
288 2 5 199 296 265 11 173 207 92 113 186 187 156 254 0
160 289 293 199 72 169 136 171 265 205 80 24 283 221 319 0
34 99 68 264 41 233 76 111 175 112 18 315 282 155 287 0
64 97 2 290 260 132 302 239 114 51 148 55 25 190 191 0
195 133 168 202 266 236 141 174 207 142 61 20 216 317 254 0
289 260 171 268 301 173 15 48 209 274 211 213 315 316 63 0
226 72 9 296 137 268 13 239 210 51 147 22 58 61 255 0
230 71 10 107 268 269 238 15 112 42 211 249 59 221 95 0
35 68 165 231 204 140 173 303 209 18 211 83 180 54 286 0
225 258 132 69 134 40 44 206 208 81 273 147 276 279 123 0
162 45 14 271 176 17 146 141 246 215 216 187 188 158 287 0
192 130 290 98 261 153 293 230 41 207 23 310 247 89 183 0
225 289 165 69 137 12 173 14 13 116 181 313 28 126 223 0
257 97 37 249 295 296 203 28 303 18 179 55 313 282 124 0
96 161 7 135 107 173 269 49 178 211 20 310 23 283 93 0
320 1 33 97 260 5 2 135 41 74 172 109 79 50 182 0
289 195 68 4 105 205 206 144 179 244 180 252 307 28 30 0
131 4 37 198 229 197 105 76 141 269 240 90 283 126 319 0
128 102 199 75 172 139 142 19 84 117 247 88 90 286 255 0
96 7 71 168 140 301 173 239 147 148 212 246 86 251 188 0
320 224 294 46 303 271 49 81 174 239 215 253 314 219 189 0
128 163 102 135 73 265 77 13 15 304 242 115 181 91 287 0
291 259 249 11 44 301 302 123 49 307 184 185 187 156 317 0
160 36 229 167 135 138 268 13 270 174 243 183 250 155 316 0
288 196 166 295 102 171 76 14 47 272 176 211 119 215 126 0
99 228 101 71 39 186 298 123 175 114 51 310 184 282 155 0
161 293 133 201 43 171 12 175 80 114 275 85 88 187 30 0
193 134 41 74 141 80 145 210 307 51 85 242 62 217 190 0
257 2 6 231 136 105 42 140 269 213 55 60 317 286 287 0
98 163 67 202 235 142 238 17 146 178 54 214 57 125 159 0
192 257 26 134 74 43 10 143 176 145 275 54 278 58 285 0
194 258 166 169 170 43 76 74 208 244 246 312 58 27 286 0
2 164 169 138 140 141 110 270 17 242 50 252 281 316 254 0
161 262 263 186 233 265 251 304 18 51 279 215 219 95 223 0
97 226 228 70 233 73 235 201 170 79 208 275 119 123 191 0
196 228 198 40 169 269 174 240 81 48 214 151 310 281 247 0
288 34 3 99 194 264 105 75 107 19 276 275 115 154 30 0
64 67 164 39 9 266 267 75 205 240 274 179 248 188 222 0
32 67 70 39 232 9 6 172 173 305 178 87 183 186 287 0
67 99 101 198 302 207 16 271 145 180 53 150 88 314 187 0
289 291 137 41 204 173 111 49 241 22 186 251 188 29 319 0
99 229 166 167 200 201 12 13 302 316 150 151 124 221 286 0
192 289 64 227 133 69 265 44 12 238 146 19 117 183 58 0
64 167 201 138 170 109 46 141 240 49 77 244 25 251 254 0
225 261 107 11 119 244 118 279 24 183 154 283 120 61 62 0
192 224 295 72 42 202 143 271 84 149 118 246 52 89 282 0
130 34 58 294 110 303 270 240 51 180 213 212 25 26 127 0
256 289 4 165 9 10 11 108 114 115 20 217 218 91 222 0
65 257 4 36 198 201 282 267 279 147 181 214 182 314 284 0
256 224 196 102 104 73 42 202 175 275 52 247 313 156 30 0
295 266 75 268 11 270 139 112 235 269 53 54 182 313 317 0
292 6 71 267 15 81 146 19 148 85 118 183 56 244 156 0
34 38 168 265 74 11 109 269 79 60 28 252 245 124 95 0
64 223 5 101 201 78 142 178 147 148 23 55 120 311 255 0
161 97 163 228 38 72 106 272 210 147 181 245 183 185 253 0
320 256 33 196 197 295 73 205 110 206 240 181 92 95 287 0
160 161 193 229 7 200 40 271 209 275 148 214 247 90 255 0
288 197 9 272 177 305 243 180 116 214 19 57 187 252 61 0
131 36 165 167 46 142 16 178 19 213 22 151 313 156 125 0
96 162 196 37 6 199 59 42 43 172 170 117 186 251 317 0
99 7 169 74 298 76 172 201 239 79 274 83 85 187 124 0
3 36 38 40 171 272 208 273 189 310 150 24 187 316 221 0
224 35 36 296 108 172 207 144 305 18 86 118 154 123 61 0
192 3 292 230 7 296 43 203 48 16 306 244 248 281 318 0
101 38 72 9 268 206 143 52 284 311 216 121 154 187 252 0
192 223 260 230 265 108 174 114 309 214 26 316 29 158 63 0
256 4 263 106 171 267 49 179 21 183 152 57 31 62 287 0
3 198 140 173 207 241 82 178 87 24 249 186 253 254 319 0
280 67 99 229 101 26 196 71 240 211 216 217 122 88 220 0
66 296 234 139 140 173 110 79 78 241 74 278 183 314 190 0
225 162 291 165 198 42 138 76 13 237 308 86 185 188 127 0
289 26 296 9 173 110 80 81 20 181 150 152 282 220 286 0
160 230 169 170 299 75 48 178 275 179 284 153 26 60 319 0
128 97 1 261 101 37 45 273 146 50 84 61 178 88 125 0
192 1 193 291 196 37 199 73 75 268 13 299 116 21 31 0
192 3 133 261 201 108 268 47 303 113 53 88 25 154 189 0
259 68 167 73 112 176 178 245 54 181 186 92 189 222 159 0
32 65 33 64 192 103 72 105 202 138 74 81 147 315 95 0
192 66 292 37 6 265 11 143 307 213 53 154 251 28 222 0
160 163 228 68 230 206 238 178 149 119 120 27 284 318 319 0
128 97 226 2 34 320 8 264 73 206 238 15 305 302 279 0
227 164 197 69 71 9 236 109 13 111 270 180 247 280 92 0
89 258 56 197 122 237 145 147 275 213 215 184 121 218 156 0
288 293 230 6 107 139 204 219 271 305 178 309 278 155 284 0
32 1 258 261 6 39 16 208 276 148 184 218 88 61 216 0
32 98 100 266 171 44 28 12 271 76 273 83 220 118 156 0
257 199 263 40 266 170 268 301 175 208 181 246 118 122 60 0
32 34 37 70 166 40 15 144 50 51 280 28 221 318 319 0
291 5 262 71 7 231 107 44 269 314 78 179 312 218 120 0
97 33 35 291 7 138 107 238 81 275 244 189 221 185 61 0
161 193 135 297 298 139 235 268 304 177 82 84 117 119 154 0
128 161 197 69 76 301 269 270 17 243 214 152 313 253 286 0
192 33 68 36 198 196 9 106 301 143 177 278 246 252 126 0
193 34 259 164 261 68 103 267 142 210 84 215 251 61 190 0
194 290 292 3 38 103 71 70 205 275 276 213 310 155 222 0
191 258 163 4 132 106 44 109 174 241 20 181 26 61 223 0
288 33 226 66 2 5 102 11 108 208 80 309 58 155 31 0
194 227 195 71 199 176 114 242 276 181 150 86 184 58 216 0
256 193 99 36 3 39 138 234 145 273 51 117 312 58 123 0
34 291 164 231 137 108 142 176 241 307 276 86 118 24 317 0
225 258 196 133 41 109 206 239 111 80 181 316 251 60 318 0
129 131 197 42 268 174 17 152 83 308 24 89 58 283 125 0
64 34 131 36 38 134 295 71 77 206 21 23 280 126 319 0
258 98 297 298 235 12 300 110 50 147 179 18 247 284 29 0
32 257 228 7 168 105 268 206 78 147 308 21 85 187 319 0
225 99 5 231 298 46 78 50 55 54 278 56 122 62 95 0
65 34 194 164 290 37 39 8 266 172 176 211 313 315 25 0
160 290 229 294 230 232 41 40 11 267 270 51 148 244 116 0
1 2 161 34 139 236 174 189 86 87 123 284 285 94 191 0
89 99 203 236 300 49 241 82 181 21 183 151 249 156 157 0
96 74 139 11 205 270 207 144 51 20 19 246 90 315 124 0
258 227 4 231 296 170 13 46 269 14 52 309 56 123 318 0
193 101 198 296 9 171 139 270 110 146 181 278 59 157 30 0
163 36 104 75 268 301 47 241 114 113 115 309 122 220 254 0
128 130 35 5 40 173 238 205 208 241 306 151 152 215 216 0
256 167 265 169 207 48 124 211 117 22 118 310 53 252 93 0
133 6 70 106 203 47 272 113 145 144 148 149 278 150 27 0
1 66 68 36 295 296 72 107 206 177 18 51 281 26 221 0
128 256 163 262 294 41 234 218 300 115 61 214 280 285 253 0
65 257 227 230 39 186 265 136 44 141 245 58 315 92 31 0
225 200 250 139 300 173 108 267 304 210 52 148 314 157 62 0
65 164 70 199 6 169 267 11 45 302 238 46 120 123 159 0
258 131 102 232 264 104 43 44 77 74 304 19 120 153 31 0
38 9 266 77 14 175 240 239 156 78 20 119 90 219 92 0
129 58 249 287 72 138 76 271 177 116 214 25 282 318 31 0
1 97 200 297 91 267 204 44 47 50 277 122 283 220 286 0
67 134 39 6 45 302 283 49 242 22 119 312 123 284 29 0
32 266 13 206 239 175 274 115 114 157 58 91 220 317 223 0
34 226 228 154 171 82 115 308 213 118 119 24 245 186 61 0
260 266 106 299 205 204 146 307 117 278 30 315 188 29 318 0
226 263 296 170 234 106 142 60 209 150 189 220 61 94 95 0
32 34 99 5 135 295 105 43 48 208 52 21 248 252 222 0
96 67 228 263 168 270 80 112 211 84 246 119 57 122 30 0
320 288 34 99 230 235 173 13 15 80 146 275 116 313 221 0
290 66 27 201 234 155 173 46 143 243 245 313 90 91 158 0
67 5 165 7 297 233 267 314 77 206 79 244 313 154 188 0
35 197 261 296 8 266 40 270 47 52 244 214 126 124 158 0
163 259 101 167 232 43 205 144 274 84 244 282 28 157 126 0
192 5 71 314 48 305 240 243 145 309 306 25 218 92 31 0
161 226 67 290 264 169 235 268 238 305 148 21 246 26 30 0
159 192 130 40 265 170 91 204 12 11 147 246 121 59 63 0
96 289 64 137 138 233 236 207 272 305 114 22 281 156 253 0
226 101 38 167 201 138 271 208 51 212 147 118 217 61 30 0
65 161 105 74 75 172 43 238 143 202 305 83 84 158 159 0
288 2 126 68 41 265 43 270 175 243 183 248 218 251 158 0
33 259 37 134 40 265 106 74 139 203 114 87 183 154 252 0
256 130 101 296 136 269 78 270 16 275 115 214 88 127 255 0
65 39 295 263 267 270 82 148 245 54 279 313 58 155 191 0
33 195 217 230 271 79 145 178 84 277 281 122 219 188 159 0
192 32 320 163 96 197 72 304 113 145 275 21 184 57 314 0
291 69 166 294 296 106 45 240 276 245 86 183 153 91 30 0
128 193 258 1 164 295 73 265 208 52 312 121 59 124 184 0
68 6 134 168 264 43 139 300 78 15 47 210 309 315 285 0
67 68 166 27 298 124 272 316 152 153 154 251 220 95 319 0
165 199 27 105 202 267 203 46 80 177 277 118 247 59 124 0
3 36 229 227 7 137 44 80 112 19 116 277 278 151 319 0
130 67 133 230 231 76 143 272 220 150 24 121 28 317 95 0
226 2 228 133 167 135 299 11 139 80 242 213 246 155 60 0
291 100 197 39 297 42 142 272 179 20 150 87 285 28 93 0
98 259 260 294 71 135 107 172 48 305 307 213 214 90 31 0
288 96 162 131 292 34 9 106 299 44 142 302 278 87 25 0
2 130 292 228 262 137 143 144 241 18 83 180 283 29 222 0
128 129 200 170 45 205 144 81 114 244 215 217 92 125 94 0
319 135 73 106 139 301 237 45 175 239 211 56 59 28 255 0
100 164 132 72 297 302 16 146 307 180 150 54 184 250 286 0
97 130 258 230 39 137 234 202 298 268 274 147 278 183 28 0
96 130 131 4 167 171 11 301 50 308 148 56 27 158 95 0
33 262 6 136 9 266 75 15 180 148 25 58 91 125 30 0
289 225 291 294 7 301 270 47 112 176 243 244 211 278 126 0
164 134 74 204 44 176 113 146 177 84 181 150 121 220 30 0
64 165 101 263 313 233 200 271 144 274 309 153 218 91 157 0
195 231 104 233 8 139 269 283 146 83 246 248 121 250 59 0
99 4 132 295 298 172 301 270 303 47 277 150 21 312 252 0
256 34 68 135 43 172 107 60 243 308 309 249 251 284 222 0
159 65 290 131 257 197 320 267 171 175 93 247 60 29 191 0
224 257 98 294 168 107 269 113 82 19 52 252 54 23 188 0
320 258 131 228 260 200 208 307 276 310 278 88 57 91 286 0
65 68 39 103 233 206 18 188 276 53 148 249 314 284 190 0
194 293 6 267 204 80 305 211 180 212 275 92 253 190 255 0
1 34 195 193 262 232 73 200 172 13 17 115 20 51 286 0
97 40 235 44 176 145 50 304 306 245 54 279 248 155 92 0
288 163 260 263 12 173 207 48 47 147 117 278 55 217 251 0
35 293 198 262 232 105 266 267 172 173 174 210 244 156 222 0
2 36 262 137 299 236 142 115 244 54 22 310 281 317 191 0
32 288 227 67 197 294 263 73 42 170 173 237 272 243 117 0
192 1 162 197 103 11 13 78 47 176 144 18 49 207 154 0
121 102 39 40 73 297 313 236 199 167 140 310 278 217 220 0
66 2 68 260 102 231 8 236 206 15 254 120 315 158 63 0
128 33 66 65 197 314 205 241 145 182 248 122 91 157 159 0
225 5 40 9 234 109 110 145 242 51 215 218 220 61 287 0
261 38 170 123 237 238 142 304 47 243 246 281 187 220 159 0
58 39 41 172 12 112 274 51 146 181 215 122 28 221 31 0
294 7 263 41 104 143 207 305 179 54 23 56 153 190 319 0
128 228 263 10 74 140 46 143 86 120 218 317 31 189 191 0
192 191 228 197 293 135 231 233 283 305 24 218 59 254 95 0
3 165 262 199 168 202 268 177 17 246 248 121 251 126 159 0
2 5 38 7 230 9 77 110 273 209 53 22 311 57 59 0
99 164 69 296 10 110 302 46 49 242 21 280 155 30 286 0
194 196 101 165 43 44 14 177 84 54 26 92 61 95 159 0
288 1 98 35 3 102 168 9 11 270 303 240 206 247 153 0
96 257 167 170 298 43 138 42 276 215 185 218 315 124 29 0
162 291 131 197 102 44 271 316 30 120 249 218 156 61 190 0
192 98 291 292 268 14 92 79 307 51 309 277 219 284 61 0
66 99 6 230 104 14 304 273 114 274 52 307 145 215 279 0
192 2 163 260 262 103 17 213 182 118 152 310 250 245 189 0
280 99 70 103 250 203 44 272 275 83 149 151 312 282 279 0
97 292 71 265 170 173 207 274 83 244 252 254 219 316 222 0
160 195 227 36 296 11 45 283 83 213 53 249 251 253 319 0
35 132 133 7 13 303 47 116 22 279 216 153 58 27 158 0
256 130 163 291 68 259 35 296 34 170 205 245 117 246 317 0
153 66 261 70 72 8 77 112 17 115 119 120 89 29 63 0
96 294 199 267 273 82 177 116 188 278 248 57 314 252 127 0
192 97 37 232 9 297 141 219 272 81 211 125 310 187 253 0
258 260 197 76 44 303 240 306 51 276 245 86 184 153 95 0
256 280 259 67 43 109 142 270 239 208 211 246 118 184 94 0
128 4 69 37 263 38 137 42 41 166 29 276 183 222 30 0
96 39 231 267 268 237 302 112 241 179 245 121 125 254 191 0
289 2 35 227 195 259 104 297 27 18 308 20 277 55 283 0
32 226 99 100 297 203 45 15 81 145 211 244 153 61 319 0
3 68 165 199 296 138 46 208 179 309 310 215 185 252 61 0
163 71 106 91 268 238 143 272 114 115 182 186 155 125 318 0
121 186 106 268 207 111 275 284 118 87 184 24 250 190 62 0
320 71 299 203 109 76 48 113 274 83 308 117 282 284 127 0
289 227 133 7 265 237 45 15 208 274 178 20 247 249 154 0
257 290 37 104 314 46 111 17 115 213 245 153 58 286 159 0
161 6 71 298 123 172 303 240 144 84 152 185 219 284 318 0
98 228 294 265 202 14 80 241 210 146 117 279 312 28 287 0
289 162 300 237 175 272 209 82 179 243 245 277 246 27 158 0
66 131 196 123 139 237 142 143 208 241 178 20 53 280 59 0
56 294 6 103 173 110 143 216 313 250 187 120 317 221 191 0
89 64 68 228 36 297 59 46 82 116 182 311 217 26 91 0
160 289 1 131 34 293 263 138 116 52 212 278 122 189 223 0
101 133 8 300 301 219 49 17 180 21 120 314 59 284 222 0
68 37 75 142 79 29 149 157 151 25 90 187 124 285 95 0
288 128 130 256 100 38 236 141 140 80 305 18 117 215 183 0
36 200 72 28 109 207 124 188 114 214 88 25 284 189 255 0
160 289 258 132 197 135 168 169 177 277 118 181 88 316 95 0
320 33 312 67 35 261 71 297 13 208 118 184 283 189 95 0
194 8 14 303 80 178 115 180 213 87 311 25 27 279 125 0
225 258 99 265 171 268 76 267 109 272 177 178 275 57 284 0
248 164 260 39 297 233 141 271 48 311 243 247 120 59 93 0
291 69 197 101 10 173 143 305 19 115 214 22 248 89 316 0
33 226 195 165 230 167 296 231 235 76 205 238 177 22 253 0
225 66 33 36 8 73 234 265 109 180 181 212 150 214 255 0
320 3 5 7 168 9 203 207 272 273 243 54 281 60 253 0
97 68 105 10 76 143 16 144 272 211 85 118 151 220 317 0
32 298 75 108 299 79 176 276 53 310 120 25 154 219 124 0
133 199 73 10 107 273 306 49 180 279 151 217 156 189 159 0
192 191 290 98 102 72 265 43 299 237 17 185 186 315 159 0
312 2 131 297 139 204 49 53 246 117 280 90 283 124 94 0
320 159 153 291 229 134 102 40 110 29 214 57 317 189 63 0
64 33 34 35 262 75 171 109 206 173 48 49 21 282 157 0
320 66 106 47 303 273 81 52 117 93 280 281 61 126 255 0
1 296 297 106 43 75 175 50 210 20 309 86 280 314 152 0
196 200 265 75 76 45 14 240 305 50 18 119 117 189 93 0
129 193 37 43 47 143 177 84 278 151 88 185 91 93 94 0
65 100 70 297 75 43 77 302 143 47 114 61 28 125 255 0
66 292 73 234 76 241 274 242 50 85 278 280 249 186 159 0
65 194 226 132 3 68 39 130 38 175 147 119 121 27 94 0
128 160 282 203 301 302 299 113 84 279 88 58 252 254 159 0
160 4 100 71 201 45 175 50 116 181 278 55 248 316 31 0
97 98 131 227 228 60 305 145 241 276 181 310 152 156 319 0
32 162 6 231 296 233 136 266 44 267 174 182 185 186 223 0
288 291 260 4 296 136 76 141 237 143 240 213 184 285 286 0
227 249 103 263 136 169 235 7 45 115 84 307 25 316 31 0
320 134 103 294 141 270 110 80 156 274 20 280 187 284 184 0
320 226 259 37 166 296 234 138 11 273 54 24 122 63 287 0
68 39 72 105 266 135 236 13 206 112 81 307 155 188 190 0
130 296 168 298 140 143 15 116 52 157 279 152 118 29 31 0
256 224 258 37 106 139 205 239 84 150 120 314 88 220 286 0
3 164 102 39 234 107 108 15 240 51 52 309 282 94 159 0
128 100 101 134 70 106 205 79 48 83 148 279 248 92 127 0
32 130 6 44 14 210 180 276 278 23 88 313 250 28 319 0
65 100 70 72 186 266 40 300 267 110 238 237 177 282 30 0
195 100 14 111 80 241 18 78 83 85 23 251 317 318 319 0
97 290 34 100 231 12 60 219 277 54 87 91 316 286 255 0
153 68 263 172 45 268 236 274 54 150 280 22 317 24 255 0
128 103 40 41 46 211 308 181 180 244 21 246 26 155 20 0
289 35 166 263 170 42 205 142 78 47 113 178 307 244 190 0
98 3 132 131 168 204 110 239 79 272 208 147 181 21 216 0
163 292 262 75 269 303 81 50 179 180 85 54 184 155 61 0
290 67 58 7 264 12 269 108 79 242 118 23 152 90 30 0
256 257 58 36 7 138 108 13 182 23 24 118 218 156 29 0
97 131 36 133 198 100 293 139 204 79 15 305 50 151 250 0
97 228 69 104 105 42 267 15 175 273 274 51 114 179 254 0
64 291 196 185 264 234 139 45 110 239 180 309 184 217 284 0
320 65 289 290 99 225 134 91 239 50 116 119 216 215 315 0
320 65 35 292 139 11 45 206 119 150 311 217 156 221 223 0
67 104 201 235 205 206 175 240 112 113 308 150 279 250 156 0
192 34 103 169 11 175 243 252 21 309 84 55 85 124 93 0
257 168 266 314 77 242 84 245 213 311 21 250 92 189 127 0
288 295 269 173 15 305 81 156 148 85 275 60 253 318 159 0
2 27 298 11 14 15 208 16 82 115 213 277 283 28 189 0
258 3 196 262 71 168 233 171 47 18 180 281 90 156 285 0
225 67 249 232 75 300 270 207 16 145 275 115 22 280 24 0
226 249 198 9 106 43 78 143 272 49 53 313 221 158 319 0
128 37 73 74 299 202 75 48 304 178 276 84 283 316 317 0
195 69 101 295 71 170 142 80 315 275 181 56 25 91 284 0
130 168 106 11 111 176 49 82 51 53 150 88 28 286 159 0
32 226 163 70 168 73 106 45 302 271 16 86 88 313 24 0
233 265 171 140 237 47 303 111 307 119 312 153 220 158 127 0
195 134 7 296 281 313 303 208 113 48 243 121 28 61 31 0
96 128 196 168 301 49 177 113 81 183 217 31 157 30 223 0
98 69 9 269 174 15 272 209 241 243 118 215 248 316 93 0
200 265 106 11 141 205 15 272 242 19 308 50 311 217 220 0
288 258 165 103 313 297 267 270 16 146 242 20 309 306 185 0
161 97 4 296 264 76 12 236 116 277 85 152 121 155 30 0
97 290 260 71 265 297 201 91 210 117 215 248 89 155 120 0
320 162 195 67 37 70 140 237 271 240 306 147 218 283 29 0
71 295 137 74 297 301 174 311 308 180 182 118 154 284 61 0
1 229 232 233 201 299 106 146 19 157 215 89 29 318 287 0
260 249 202 77 302 175 145 146 115 284 277 185 122 28 126 0
128 130 4 133 294 261 200 108 237 83 308 88 282 219 253 0
160 32 193 288 68 165 101 233 11 173 210 50 116 149 90 0
163 10 269 302 79 240 174 270 148 244 279 313 58 93 94 0
1 195 233 91 238 14 124 114 52 184 250 123 156 126 95 0
289 225 291 68 65 6 166 232 49 308 21 150 85 120 30 0
1 131 229 231 109 46 175 205 113 246 278 216 217 155 62 0
161 231 264 136 139 235 273 254 23 54 182 89 58 62 287 0
131 100 261 259 218 14 47 270 180 308 215 282 247 220 287 0
256 164 261 168 169 74 42 46 82 50 21 23 184 57 91 0
98 68 9 137 141 14 46 271 146 243 184 249 220 95 191 0
320 3 164 103 72 8 44 237 16 176 274 20 245 216 249 0
193 291 131 229 69 135 40 265 261 236 45 300 143 17 63 0
1 291 164 249 168 106 203 206 304 247 121 286 311 318 287 0
153 259 36 133 231 263 105 137 284 278 279 217 60 253 95 0
192 256 2 164 14 304 156 18 213 311 280 94 188 126 287 0
198 297 41 201 204 307 52 20 84 57 26 251 28 190 191 0
161 130 259 102 168 104 169 206 305 55 312 217 218 28 29 0
96 164 135 39 74 139 111 145 307 244 52 22 212 185 126 0
96 161 194 3 195 298 139 108 109 299 148 57 91 285 255 0
33 35 99 5 294 199 71 233 170 201 6 174 82 247 280 0
163 100 37 39 40 232 7 301 174 303 145 274 241 281 125 0
227 134 263 264 294 202 172 44 146 307 22 121 283 221 159 0
100 295 104 140 237 78 219 187 15 239 310 216 155 127 319 0
281 168 267 57 173 303 145 276 213 249 283 188 29 286 31 0
162 195 132 260 36 262 199 293 173 115 180 213 87 187 126 0
224 225 162 5 103 235 77 47 276 149 22 184 249 316 157 0
255 165 232 234 171 74 237 143 79 178 51 280 123 125 319 0
288 129 96 260 168 269 177 17 20 116 214 23 312 313 219 0
129 133 295 264 169 298 234 42 77 238 11 80 205 188 126 0
98 3 39 136 313 299 237 78 209 82 147 183 89 314 91 0
257 194 258 8 10 139 76 47 305 274 148 84 23 253 29 0
32 67 231 200 10 13 45 271 273 20 182 55 246 250 286 0
290 197 262 7 140 45 13 239 113 114 149 88 217 186 61 0
96 33 89 3 132 71 264 167 138 11 235 57 59 220 189 0
96 100 37 41 42 43 145 50 243 148 277 88 158 316 254 0
66 196 165 198 71 230 170 267 45 78 147 53 90 27 285 0
71 8 137 106 170 42 301 46 238 13 242 275 185 154 126 0
288 289 292 132 166 154 39 168 250 239 148 309 20 314 253 0
37 38 7 136 137 202 237 269 110 207 315 213 122 283 157 0
194 99 261 197 296 168 232 40 236 111 241 178 185 187 157 0
319 38 40 91 171 141 112 19 245 181 123 31 285 62 95 0
161 34 67 5 293 263 8 6 139 146 306 84 183 61 254 0
320 257 228 101 294 199 102 10 140 272 178 242 308 245 182 0
129 226 3 292 7 106 78 118 311 184 121 91 188 189 30 0
291 163 137 12 14 143 144 81 83 85 213 86 124 286 255 0
64 97 293 40 91 203 301 174 51 117 118 247 24 283 156 0
194 4 133 11 12 251 175 113 276 284 120 126 315 156 94 0
58 165 72 105 234 46 175 145 307 183 216 154 285 94 31 0
32 66 99 132 229 263 10 44 206 111 144 178 312 249 93 0
99 259 101 72 41 296 202 12 205 302 175 185 158 318 223 0
129 3 291 298 299 77 109 114 178 310 121 90 283 220 254 0
66 69 6 38 296 101 10 75 12 113 275 244 309 150 95 0
2 131 99 229 37 8 42 176 148 117 182 281 92 317 158 0
96 4 72 168 171 108 207 116 24 150 311 280 121 155 254 0
32 259 230 168 201 234 203 267 237 13 14 275 181 24 186 0
226 36 293 294 106 108 173 174 82 306 309 118 149 312 153 0
161 291 100 104 171 172 142 207 16 112 305 87 121 252 25 0
318 289 261 249 72 186 237 77 144 22 311 185 90 316 62 0
248 225 312 132 100 198 299 268 15 304 308 118 120 187 222 0
96 227 169 266 106 75 205 241 213 22 183 88 89 58 123 0
64 129 260 165 104 106 299 107 238 15 22 248 282 219 222 0
66 104 297 74 169 204 301 78 19 20 53 57 90 124 30 0
131 229 69 167 197 88 176 241 16 18 120 281 251 29 62 0
256 32 162 164 102 103 124 113 210 246 151 314 316 29 95 0
259 4 90 164 263 8 202 205 302 78 21 56 218 91 287 0
162 227 6 294 296 137 74 111 176 49 92 18 88 219 188 0
161 98 231 168 104 170 76 45 172 47 82 50 210 245 189 0
32 192 36 265 106 12 303 17 307 184 25 91 57 190 191 0
128 235 300 238 206 304 210 242 284 316 87 57 315 156 63 0
193 227 132 197 200 41 175 111 81 178 55 312 57 315 189 0
32 320 260 166 230 203 304 83 310 281 26 251 60 93 126 0
194 230 200 73 136 43 137 206 175 80 82 149 310 220 125 0
194 67 99 263 296 9 104 176 208 213 118 88 27 317 126 0
35 228 58 38 135 186 218 227 276 53 52 316 248 314 284 0
288 257 130 227 197 43 44 301 238 271 240 156 148 277 124 0
259 133 293 40 298 301 141 270 45 113 119 85 278 87 314 0
194 281 186 201 266 299 43 274 87 152 183 122 125 254 191 0
96 257 129 262 281 41 139 172 271 16 118 119 25 154 31 0
195 196 101 70 4 40 298 237 208 17 147 181 311 121 282 0
32 4 230 108 79 112 17 178 145 213 182 119 248 318 223 0
262 233 299 76 267 47 208 79 220 118 90 123 252 29 318 0
224 288 160 65 135 218 10 300 207 276 84 56 58 283 255 0
128 224 6 9 270 206 79 145 306 112 54 152 284 158 159 0
69 8 268 77 238 79 176 273 110 149 248 56 63 158 223 0
280 290 35 36 5 232 79 241 315 242 119 23 120 283 279 0
131 196 165 198 201 106 19 221 85 215 184 121 315 189 30 0
96 290 197 38 167 168 187 146 94 22 311 313 91 30 95 0
226 39 232 104 27 237 174 46 86 119 217 26 283 156 189 0
33 290 99 260 199 298 171 236 300 203 50 242 219 284 61 0
288 97 227 295 200 233 234 204 47 111 83 51 118 249 29 0
257 66 37 72 297 170 41 46 143 80 308 180 150 120 121 0
66 260 230 103 12 204 44 79 143 146 115 22 87 278 27 0
256 297 107 76 78 15 17 116 52 310 189 57 285 286 223 0
261 232 72 75 76 301 208 17 241 276 310 311 280 190 159 0
97 99 227 165 198 136 138 219 270 113 244 21 212 283 222 0
191 34 68 229 38 9 298 201 242 115 180 246 313 188 159 0
130 226 228 101 197 131 103 194 162 102 141 272 177 246 92 0
289 194 198 232 28 79 143 242 274 147 213 22 121 315 252 0
194 38 202 204 236 48 240 208 51 214 23 22 57 316 253 0
131 227 90 230 199 228 75 235 173 113 211 243 312 121 186 0
4 69 166 186 9 237 110 303 114 244 148 118 310 314 315 0
64 257 67 291 198 264 201 300 49 83 22 278 58 123 253 0
65 196 294 39 166 167 265 204 173 273 178 281 250 251 60 0
101 293 231 203 109 142 79 52 181 86 151 153 59 220 319 0
164 135 235 268 269 17 82 179 116 49 81 90 123 190 287 0
193 226 3 5 44 210 50 211 243 182 117 244 281 20 191 0
193 2 65 4 225 195 296 108 110 206 144 242 312 284 127 0
192 66 163 102 41 174 207 210 117 181 183 280 121 87 216 0
191 99 164 196 37 171 172 127 13 80 208 57 28 158 223 0
192 258 131 260 229 294 233 138 13 179 278 280 25 221 287 0
320 226 163 292 100 167 43 75 140 303 15 210 310 313 190 0
258 164 319 39 167 297 106 235 141 302 176 145 86 29 191 0
128 288 40 73 203 140 141 142 46 146 211 118 219 252 30 0
260 122 103 200 10 44 172 142 76 241 115 221 154 125 254 0
64 33 26 68 101 103 107 204 175 18 115 22 313 154 285 0
191 3 259 5 261 264 11 43 45 146 82 278 216 217 95 0
224 193 225 5 11 205 269 16 146 210 88 249 90 189 30 0
320 102 38 171 269 175 16 304 277 22 119 216 314 284 95 0
293 70 134 73 155 274 242 20 21 22 211 88 219 31 191 0
257 163 167 201 138 44 236 45 303 272 240 305 248 57 152 0
228 294 201 202 137 270 271 207 178 147 85 23 187 316 190 0
257 66 99 289 165 70 106 171 204 237 42 315 180 282 219 0
164 232 200 236 142 175 14 241 309 54 30 277 26 316 222 0
35 229 198 40 91 235 107 45 204 155 241 117 213 315 28 0
257 33 228 261 43 141 78 177 145 61 184 217 317 318 159 0
292 36 40 105 265 239 145 178 243 275 280 24 186 187 29 0
192 256 66 293 268 144 178 50 279 281 26 286 222 126 191 0
128 160 66 228 168 297 78 60 146 120 89 88 31 253 255 0
128 36 133 69 7 236 271 304 241 211 51 117 179 56 281 0
97 164 293 200 232 11 44 305 18 241 116 311 88 217 58 0
64 163 35 101 91 204 176 241 244 246 215 56 187 28 29 0
192 1 96 193 130 38 170 107 12 236 49 29 115 278 285 0
229 142 143 49 209 88 125 0
193 66 226 37 234 237 181 186 284 285 0
195 228 108 145 114 307 117 218 188 125 190 0
71 104 111 306 277 214 183 90 219 286 0
256 291 10 234 48 54 215 155 157 0
7 140 78 207 81 17 245 0
65 217 165 75 110 117 120 89 58 91 0
256 211 243 22 26 189 95 0
225 140 236 303 149 55 216 282 284 0
65 69 167 267 18 19 210 310 58 251 30 0
96 287 203 283 179 86 215 27 63 0
98 226 263 15 177 312 121 318 159 0
128 72 298 172 302 211 247 0
1 294 202 75 43 177 50 274 21 248 220 285 223 0
288 264 113 276 58 253 0
97 135 107 141 251 48 243 279 282 27 28 317 223 0
72 111 83 212 21 181 217 91 0
35 259 301 174 180 20 244 55 311 0
290 137 235 236 109 53 312 187 0
39 72 264 47 16 247 56 154 0
161 290 259 102 199 200 296 298 12 304 17 283 0
164 273 82 214 58 157 0
64 226 227 260 230 282 108 268 174 269 210 242 84 58 60 63 0
197 37 106 152 190 0
289 38 72 43 109 14 241 53 21 149 277 122 159 0
96 33 74 266 172 47 276 245 150 89 218 315 254 0
165 172 12 121 58 319 0
35 5 232 202 44 144 178 116 21 245 246 120 25 279 287 0
258 7 297 202 115 52 189 0
32 129 320 37 261 263 294 266 238 272 21 245 26 0
129 291 229 136 13 219 274 52 86 91 0
66 227 37 199 72 11 204 301 270 302 17 145 245 22 57 154 0
193 2 67 133 38 141 205 117 217 92 189 0
262 263 264 138 299 49 309 150 219 0
198 137 147 212 279 315 189 0
97 290 73 106 151 312 156 0
163 100 291 167 74 80 178 276 213 26 316 29 159 0
288 259 133 6 201 147 22 122 0
64 261 202 172 140 78 204 308 248 282 0
248 320 101 102 231 72 9 75 140 46 303 17 116 117 23 88 158 30 0
33 130 131 260 102 75 43 47 241 146 178 243 0
129 133 202 236 173 47 48 15 175 147 303 281 0
32 34 164 297 235 76 305 114 19 306 254 0
130 290 7 204 143 241 86 153 315 156 61 0
40 112 23 151 91 0
258 102 166 262 234 171 251 304 17 248 90 91 92 0
1 136 46 241 210 22 246 313 0
129 134 264 269 25 284 160 306 54 75 211 87 90 127 111 112 244 252 126 255 0
64 6 294 104 299 143 242 274 27 29 159 0
67 10 44 112 146 117 56 121 252 0
164 198 294 235 44 204 299 48 184 219 92 0
257 196 73 233 238 112 210 278 216 252 0
74 76 78 239 208 277 278 23 280 153 126 31 0
271 48 147 148 89 219 0
43 314 306 21 54 282 286 287 0
128 36 166 308 117 315 29 0
256 67 197 45 14 237 112 18 245 309 216 281 93 94 0
98 4 10 235 299 16 304 309 0
96 194 292 200 42 172 116 119 249 26 95 0
288 289 194 290 260 38 295 168 12 145 18 210 148 279 217 59 93 0
66 110 145 150 55 281 123 93 0
258 35 260 230 76 77 314 215 26 28 29 63 0
96 129 160 224 164 229 291 200 298 78 238 221 27 28 93 222 0
1 38 6 294 283 309 123 94 0
64 67 163 227 166 231 8 10 109 143 18 253 159 0
96 39 11 238 307 181 125 0
227 164 166 267 80 112 178 89 283 93 159 0
66 258 249 44 177 57 186 0
281 168 74 170 236 45 308 150 215 217 92 0
160 130 134 79 114 120 283 0
35 281 12 113 211 181 280 121 91 62 0
193 225 261 42 11 74 16 116 309 118 214 58 155 60 61 0
129 263 12 13 14 142 174 207 209 308 123 221 94 0
132 5 133 136 139 273 25 291 170 301 178 306 311 317 62 65 82 222 249 0
97 99 163 102 299 236 300 20 222 190 0
224 168 202 236 269 16 49 242 274 52 306 278 313 0
259 70 297 266 270 151 24 185 0
100 5 199 44 311 120 188 0
186 267 48 179 277 86 183 246 26 254 0
256 196 231 43 204 302 112 147 180 20 189 0
192 197 134 38 238 213 316 279 281 124 0
288 191 34 100 269 301 18 114 115 86 57 251 286 63 0
33 193 260 42 305 307 182 190 286 0
103 135 169 233 11 302 48 308 23 280 122 187 0
65 100 6 12 15 208 305 84 88 157 0
195 70 137 203 241 184 287 0
97 290 232 172 141 80 113 305 307 221 0
195 58 167 24 56 255 0
257 36 292 134 265 14 207 176 240 302 20 24 29 254 0
193 257 67 294 206 79 113 83 275 22 118 313 187 253 254 0
65 97 38 71 40 104 46 208 52 116 87 30 223 0
3 164 140 270 241 114 147 180 54 88 90 91 152 0
132 38 170 113 209 275 148 307 119 58 0
32 131 68 137 82 274 85 28 0
293 296 265 19 147 149 151 120 125 0
130 71 237 111 304 49 275 116 184 58 283 222 0
129 33 67 195 233 138 238 209 179 243 244 185 58 187 255 0
34 261 262 103 247 9 174 208 273 114 19 245 183 59 188 286 319 0
226 317 78 215 25 315 93 318 0
134 263 265 37 167 308 186 61 190 198 77 207 223 226 234 114 245 247 126 0
67 132 39 265 170 304 209 82 148 22 218 253 0
35 16 276 85 150 218 190 253 62 0
99 102 39 267 108 174 111 177 243 117 151 281 154 60 223 0
96 129 37 170 305 245 119 183 122 188 287 0
66 290 260 105 282 204 19 119 88 154 315 125 0
96 320 259 36 295 232 107 206 239 211 187 191 0
96 3 108 79 18 277 60 158 0
130 258 135 50 83 157 0
33 129 260 5 43 140 112 244 308 309 56 121 122 0
257 3 230 231 264 201 207 112 114 57 287 0
71 201 234 108 302 156 0
257 289 68 103 236 173 207 112 248 187 0
167 41 265 298 279 125 158 0
102 40 201 139 21 155 157 0
166 39 40 296 110 274 51 282 317 0
160 226 68 104 137 201 140 205 146 24 187 120 222 0
1 199 75 303 51 116 310 120 281 221 0
225 68 201 107 78 15 80 208 18 83 153 159 0
2 162 195 197 167 10 239 17 28 125 0
130 110 85 23 57 154 0
3 41 138 266 44 141 78 181 57 283 316 158 255 0
166 42 203 235 143 208 278 119 157 255 0
68 165 77 14 274 245 0
132 133 267 76 173 19 21 309 183 282 283 189 0
162 260 237 143 47 239 50 271 22 247 316 63 0
192 33 194 291 314 15 251 179 20 117 154 91 0
200 9 10 205 143 176 240 114 147 90 29 62 0
128 197 10 266 46 14 151 251 62 0
193 163 164 6 71 48 273 188 20 117 276 122 156 286 0
75 142 238 22 280 185 191 0
130 290 229 38 41 81 17 177 20 306 0
129 66 98 223 69 225 265 203 241 210 214 249 123 159 0
224 2 169 266 11 300 304 51 118 22 184 319 0
66 6 168 14 142 239 305 52 117 118 215 276 284 253 127 0
229 268 304 53 153 124 126 319 0
225 101 6 166 107 46 208 50 307 188 285 126 0
34 226 167 111 176 209 283 305 245 215 219 0
128 14 22 153 29 295 296 173 307 54 182 184 183 188 196 202 109 113 246 249 0
285 101 197 104 42 80 146 83 282 157 0
97 264 172 77 236 79 22 157 182 58 29 0
135 72 167 142 147 276 27 254 287 0
36 103 298 12 45 209 306 148 280 282 0
292 106 43 204 15 79 49 19 20 246 217 186 283 284 0
165 38 197 201 78 219 49 311 121 314 123 0
130 200 138 270 49 113 210 150 314 317 31 0
320 290 37 201 219 79 274 308 184 313 26 59 0
3 263 301 176 247 285 155 220 29 31 0
164 229 261 263 297 44 14 112 28 0
288 217 104 201 75 111 176 145 212 312 89 123 189 190 0
100 139 44 79 207 310 121 219 252 189 0
98 72 170 202 251 240 146 279 122 123 188 159 0
97 163 9 268 55 0
102 198 72 105 43 299 143 239 216 316 221 0
193 257 99 227 6 233 265 13 77 15 144 113 50 125 61 0
65 194 196 170 268 110 15 271 178 115 212 53 309 252 29 255 0
199 269 279 120 126 0
258 133 201 43 108 45 173 52 85 248 26 28 127 0
318 69 74 108 173 93 151 92 29 94 63 0
97 66 292 69 38 264 265 266 48 272 182 24 190 0
263 105 139 82 83 118 279 0
128 320 293 27 80 315 50 84 280 59 0
228 6 105 77 237 180 91 284 0
217 18 51 180 210 242 244 252 153 219 156 61 30 255 0
318 100 292 199 140 268 301 275 152 62 0
129 163 195 37 202 107 298 13 49 306 276 214 312 92 0
288 161 226 289 42 138 237 16 279 312 25 91 319 0
162 163 258 72 45 205 238 16 112 152 285 126 31 0
192 193 130 134 135 203 172 205 283 49 56 153 88 158 0
102 137 203 237 144 276 251 124 253 254 127 0
163 100 207 209 146 215 91 125 0
224 34 67 194 196 226 297 170 235 44 141 142 47 15 236 242 214 123 0
129 194 293 274 20 316 185 154 187 124 29 0
196 37 134 167 104 170 110 179 247 254 0
193 66 295 272 146 182 150 125 0
68 294 295 305 117 277 23 316 121 220 311 63 0
257 295 264 105 296 205 82 114 276 245 249 155 62 0
65 98 161 132 193 194 39 203 236 173 305 21 216 153 154 0
97 194 36 297 172 109 115 212 90 283 0
263 268 45 15 112 176 18 244 0
2 36 294 39 237 270 48 308 248 61 0
3 200 9 265 298 244 181 247 94 287 0
280 292 71 169 81 305 117 56 156 63 0
224 133 233 14 210 149 181 56 25 29 0
291 164 298 111 112 245 150 247 310 279 191 0
312 132 51 308 88 187 316 216 0
36 261 202 299 44 114 21 118 90 92 285 0
224 97 228 165 70 201 138 11 76 141 46 212 278 0
295 141 273 83 277 182 248 281 63 127 0
128 320 2 3 105 106 137 270 305 52 310 247 217 0
194 291 292 135 264 43 185 29 318 0
256 228 197 198 137 74 235 76 116 21 247 216 25 62 0
129 34 3 165 263 75 139 303 144 84 21 0
66 71 72 41 107 44 16 82 149 310 151 253 63 0
2 133 143 112 186 317 95 0
288 293 295 296 205 238 249 61 0
199 42 14 111 17 241 181 213 313 60 0
32 186 112 211 148 85 311 90 0
97 130 229 6 264 41 236 269 272 51 250 0
66 68 197 228 264 175 144 271 50 82 119 22 87 61 0
191 66 6 107 139 235 207 209 82 275 277 121 251 95 0
98 37 295 138 266 298 47 271 17 119 182 87 24 153 282 188 222 0
236 303 51 53 187 94 0
227 38 198 40 13 304 83 181 309 153 155 0
34 3 195 38 236 274 53 185 218 125 190 31 0
100 166 10 237 81 146 86 28 0
64 256 292 5 232 43 267 270 240 179 148 53 243 276 184 90 222 0
195 228 236 237 47 81 85 119 312 28 0
194 255 5 38 233 108 236 315 19 20 244 277 183 251 159 0
162 226 108 144 49 178 276 53 120 127 0
33 289 291 4 132 72 104 109 237 176 52 184 26 61 0
6 8 9 235 111 275 246 151 0
288 35 273 307 308 185 253 191 0
196 228 74 138 89 0
134 78 271 49 209 149 122 158 0
193 230 11 45 141 305 90 0
100 168 172 48 176 185 252 221 287 0
304 290 59 197 0
228 260 135 263 155 314 27 221 0
161 195 103 180 53 313 317 62 0
1 163 42 44 205 20 214 60 223 0
234 145 116 186 219 253 223 0
291 42 140 302 16 113 178 274 304 149 215 93 0
196 269 174 143 15 183 0
6 103 136 231 141 240 81 147 87 56 223 0
292 84 22 316 62 0
132 133 229 230 287 297 235 76 302 240 147 21 118 23 56 218 95 0
101 139 172 299 111 155 190 287 0
319 264 109 271 244 276 54 216 281 92 254 63 0
227 164 198 73 10 137 170 201 205 20 87 216 124 94 0
256 2 165 71 39 106 299 141 81 146 51 180 21 86 155 223 0
225 163 227 133 134 167 250 140 13 116 309 54 254 26 283 93 94 0
160 67 37 165 205 112 86 217 314 0
110 209 181 312 281 188 0
256 101 39 233 202 265 12 91 28 317 0
225 6 136 108 140 14 112 150 56 281 283 317 0
256 1 293 167 298 269 174 176 49 178 116 84 285 63 0
192 208 200 0
293 140 209 214 184 221 29 0
192 259 230 266 139 47 48 240 146 241 52 213 220 0
64 193 133 37 167 201 202 314 78 144 147 150 250 63 0
227 8 301 46 143 115 20 52 119 0
293 135 27 83 283 0
256 194 259 293 263 11 173 52 56 157 0
231 168 264 204 277 89 314 30 319 0
70 10 205 207 112 185 91 252 0
133 103 296 269 110 46 112 241 116 118 27 60 159 0
161 6 230 115 212 186 123 316 0
320 99 133 231 15 176 306 215 0
2 100 197 260 201 300 273 180 93 0
98 261 293 71 7 144 0
96 33 290 101 199 298 140 238 271 306 119 24 281 0
299 177 275 247 90 156 285 0
224 312 67 11 271 51 243 118 280 25 125 0
65 69 72 298 11 206 80 18 87 222 0
64 257 98 162 195 69 287 137 74 266 47 207 273 185 28 159 0
226 100 38 43 173 143 273 88 218 124 0
194 8 168 76 46 181 23 216 319 0
217 104 150 57 187 156 0
64 228 295 136 267 269 94 283 190 0
162 70 144 315 24 27 63 0
137 235 45 211 117 278 189 122 91 252 29 0
32 100 231 232 295 74 297 44 119 23 281 219 28 253 63 0
225 223 58 228 42 107 174 209 146 179 84 212 247 26 29 95 0
128 1 97 227 289 37 232 105 0
1 34 133 9 206 15 240 113 241 21 23 59 0
160 257 162 195 68 255 287 288 40 75 236 49 179 148 182 152 217 63 0
162 259 166 7 198 73 109 48 115 116 278 55 91 0
259 229 78 306 115 155 63 0
101 261 7 263 264 202 297 44 205 206 304 243 181 118 63 0
131 259 103 202 171 208 51 52 244 150 29 318 0
89 47 86 31 0
225 35 3 100 71 145 86 219 252 0
159 192 66 249 6 73 205 81 245 119 153 189 95 0
160 293 231 297 315 210 21 90 283 0
131 68 133 106 172 313 0
196 74 234 204 13 208 151 24 58 0
168 9 142 16 93 281 27 61 62 0
98 51 277 150 26 123 29 94 0
191 226 165 105 16 308 86 215 312 63 158 95 0
192 66 291 261 59 75 139 91 255 0
131 36 264 173 47 275 118 250 317 286 0
200 42 13 14 269 212 24 281 27 29 0
72 107 237 179 21 57 250 315 157 0
129 291 134 103 105 265 43 302 207 115 123 189 0
4 293 15 87 95 191 0
3 261 7 9 140 277 31 291 39 168 300 174 48 56 204 206 209 220 101 114 248 0
292 134 71 51 219 0
160 161 318 133 295 301 83 220 158 0
289 258 6 230 173 14 142 239 304 82 87 249 95 0
97 225 135 270 15 61 0
66 3 134 41 298 210 147 150 0
131 228 198 41 180 152 155 29 191 0
69 172 140 83 276 149 186 284 0
192 224 98 163 288 7 13 240 22 218 286 93 190 31 0
320 36 107 174 111 152 315 0
129 162 9 151 280 0
259 36 69 71 200 233 139 108 54 0
132 302 48 243 150 125 0
192 197 102 72 236 112 273 210 243 117 92 287 0
161 227 166 232 138 205 51 245 251 0
261 293 43 271 48 177 210 283 309 154 219 124 0
192 288 259 165 39 298 76 270 117 53 23 246 247 191 0
289 101 5 279 121 154 318 127 0
226 291 68 71 263 105 301 48 120 93 216 0
96 320 36 293 199 265 144 209 275 213 184 0
289 166 138 140 176 210 182 214 310 249 0
262 8 200 273 114 84 22 246 251 0
289 69 37 70 293 175 114 247 155 126 223 0
205 174 147 212 244 246 280 185 125 0
280 135 237 206 239 241 222 56 26 29 126 0
96 257 289 9 282 299 82 114 275 85 280 122 61 0
1 164 308 309 87 119 121 90 247 0
89 67 132 228 261 138 155 204 175 17 242 276 22 55 56 87 88 0
288 257 194 102 263 104 168 268 269 110 14 119 153 314 316 61 0
165 166 135 266 76 47 81 116 309 92 157 0
135 202 10 238 302 144 240 243 0
130 99 104 13 46 153 26 190 0
255 38 262 299 175 48 80 210 19 147 28 191 0
160 224 194 108 77 316 0
134 9 265 144 51 20 149 217 218 124 0
2 99 68 195 258 103 273 315 316 0
261 293 297 76 179 53 284 309 252 0
98 4 133 196 139 173 110 49 276 55 312 313 63 0
129 135 8 265 235 300 17 81 121 218 252 0
33 164 169 106 267 44 297 21 87 122 220 317 0
288 264 169 296 303 48 242 51 277 220 0
162 133 24 218 187 159 0
107 282 240 185 26 251 0
97 34 206 271 277 182 283 221 0
129 193 67 5 74 15 79 208 24 281 186 187 190 127 0
193 226 99 266 314 144 307 55 313 90 28 0
2 195 226 37 7 9 106 138 141 272 211 308 120 121 0
292 5 165 264 297 107 269 110 206 208 50 317 29 0
68 73 112 49 115 243 181 309 120 27 189 127 0
162 5 138 44 237 240 49 209 210 116 180 308 310 0
256 65 293 109 13 79 239 86 0
130 263 75 171 241 149 245 280 123 254 95 0
37 283 49 19 84 243 151 152 186 219 62 0
256 217 197 300 45 238 210 53 213 278 121 0
65 97 5 106 172 78 304 51 54 55 222 190 0
288 258 259 292 137 107 243 180 310 248 0
135 169 43 270 274 156 255 0
96 225 199 233 45 84 149 23 217 63 0
262 39 167 232 294 297 237 113 308 214 152 89 93 0
224 161 193 194 71 40 201 172 205 175 251 82 243 87 59 127 0
70 9 41 76 54 280 153 125 253 0
65 290 67 292 165 72 169 235 12 306 277 150 185 282 123 0
162 291 132 234 75 140 141 146 149 279 316 0
230 267 140 236 180 316 318 0
234 77 206 239 112 306 316 0
264 202 207 306 275 22 87 153 311 159 0
69 7 232 314 114 243 116 249 282 283 189 127 0
130 290 69 170 148 221 188 61 0
229 198 166 199 137 74 267 281 240 312 185 0
288 6 111 180 182 55 183 31 0
33 164 72 203 50 147 210 156 285 286 0
38 204 207 49 148 21 214 184 313 190 319 0
69 238 272 304 287 0
100 165 229 40 296 170 143 112 208 209 148 149 252 253 0
2 36 37 101 228 8 266 300 13 50 252 89 155 220 0
67 291 8 9 41 43 207 16 208 54 280 187 29 127 0
102 39 134 169 74 112 50 51 244 23 91 252 0
320 195 255 5 41 105 266 141 238 51 21 118 249 26 127 0
192 162 293 198 206 15 209 241 84 151 88 91 63 0
2 259 228 69 70 138 242 53 22 117 159 0
96 267 48 179 87 151 29 0
153 83 173 0
194 201 75 83 22 280 0
160 224 133 71 50 183 216 154 286 62 255 0
33 196 182 0
264 106 170 145 83 23 60 0
263 267 237 90 189 222 0
32 143 261 7 0
164 133 315 317 318 0
257 47 241 50 82 308 88 0
6 39 43 172 109 300 302 115 54 89 283 0
223 271 53 199 0
280 66 6 134 231 250 176 19 52 148 24 56 285 286 0
196 287 167 137 138 202 78 175 80 57 95 0
289 9 108 283 86 279 219 190 0
71 139 235 13 15 207 179 54 246 59 316 0
290 133 165 71 299 205 113 178 211 250 91 28 0
64 289 258 102 10 267 78 239 272 178 242 181 311 184 316 318 0
100 6 105 297 299 76 205 142 15 146 306 313 0
32 2 72 232 140 87 314 283 0
35 293 250 77 46 112 124 188 83 116 210 247 218 92 0
37 6 134 273 116 247 280 218 124 126 0
259 37 73 138 51 243 244 55 280 250 319 0
100 37 230 109 219 273 50 308 54 215 120 249 218 59 60 0
164 7 138 43 314 305 311 248 154 158 63 0
96 262 39 235 111 82 19 213 0
320 194 167 74 310 184 0
5 167 73 203 173 303 242 147 274 88 29 62 0
70 103 179 20 180 254 59 126 0
192 163 70 6 169 155 48 276 89 58 91 317 0
160 227 36 9 12 13 141 243 214 183 89 59 0
128 224 195 76 0
179 292 93 246 0
232 161 6 23 0
160 133 262 263 105 266 11 44 204 270 16 176 18 50 56 155 127 0
67 259 70 135 180 149 150 308 312 251 0
161 197 102 74 144 49 241 51 84 243 272 88 89 29 0
32 192 34 292 295 218 237 57 90 0
66 4 168 169 76 204 300 115 20 252 280 281 188 0
257 2 134 8 137 170 12 13 206 210 215 184 57 58 0
164 5 43 204 314 153 26 0
132 36 137 202 206 279 24 88 0
289 7 136 75 109 278 315 223 0
225 295 168 109 13 110 206 211 21 85 314 125 255 0
71 265 138 203 236 77 273 29 0
129 197 199 41 204 205 175 208 179 246 24 313 317 0
44 209 245 91 190 0
225 226 202 300 111 208 209 51 84 308 54 118 184 91 62 0
96 224 67 218 234 265 267 78 145 306 315 276 23 215 91 284 253 254 0
258 266 139 78 175 283 84 182 56 91 220 0
258 70 296 13 78 146 253 222 0
33 130 3 164 135 295 81 177 115 148 308 57 188 0
36 265 109 306 115 311 30 127 0
292 134 262 232 11 238 80 149 186 222 0
89 225 72 137 240 20 57 59 62 0
280 166 71 137 300 304 119 24 154 95 0
121 194 255 169 152 25 31 0
97 102 139 145 274 85 222 0
65 4 260 16 85 58 284 63 0
64 259 260 69 292 7 167 10 175 21 86 249 31 0
289 98 296 297 123 76 238 304 82 83 27 0
288 193 163 17 188 211 52 117 305 23 185 187 156 189 0
191 289 264 233 265 75 11 140 141 188 159 0
193 98 229 170 205 304 53 87 216 59 311 0
1 134 206 117 280 125 0
162 131 107 271 114 243 23 56 93 62 0
164 292 198 72 137 13 242 84 22 279 57 314 61 30 0
256 135 175 16 85 24 281 0
1 225 137 170 300 209 51 148 85 54 89 0
161 68 5 229 45 77 174 206 50 55 252 0
64 35 38 137 106 110 206 19 220 243 275 311 90 60 125 94 0
290 229 230 167 73 9 42 204 13 92 223 0
227 259 6 40 13 212 154 94 0
133 71 137 44 210 115 310 55 183 0
167 109 302 175 143 179 211 150 312 186 221 0
131 104 297 268 47 208 211 84 310 24 251 0
257 163 196 292 265 106 43 267 173 305 146 210 242 213 311 216 249 282 0
64 290 250 110 49 151 186 30 0
224 130 132 108 178 245 23 317 285 158 0
129 130 194 4 132 255 265 106 13 80 242 19 60 318 127 0
229 230 200 265 13 141 237 112 17 311 188 285 94 0
33 297 10 82 307 84 53 119 120 218 315 29 126 0
69 105 77 269 239 304 211 183 184 316 0
131 133 8 297 301 80 241 179 216 249 318 0
186 3 269 247 0
320 97 98 99 4 230 263 104 178 124 221 0
64 101 165 7 170 203 47 150 221 123 29 287 0
104 266 268 14 176 273 149 86 215 278 252 30 0
134 135 72 295 303 80 272 243 212 245 58 255 0
103 71 73 266 278 254 29 30 159 0
96 263 10 171 203 13 240 307 116 183 216 255 0
136 232 138 108 141 15 112 143 18 178 21 151 30 0
128 225 195 133 138 203 268 14 272 21 213 311 0
38 262 72 266 269 301 80 145 209 282 0
256 65 295 12 77 273 211 95 0
32 33 257 293 296 76 141 247 24 91 28 0
165 295 73 201 45 48 309 278 281 186 28 62 0
98 35 100 266 115 213 151 120 58 219 221 0
39 41 11 302 189 244 119 186 315 156 61 0
256 9 204 178 56 0
227 263 75 76 60 239 272 50 275 148 87 28 0
270 302 177 51 180 118 94 57 126 59 29 30 0
193 290 227 260 249 295 300 45 302 316 25 28 93 0
227 101 69 231 82 179 21 277 216 217 122 319 0
288 130 139 209 217 314 220 317 0
290 292 117 279 24 215 88 0
129 67 37 42 82 21 153 285 0
128 138 240 83 218 219 252 0
288 154 296 202 299 79 283 209 311 182 279 26 219 189 0
98 3 195 171 79 91 124 286 0
318 35 100 164 198 135 170 140 14 78 238 17 119 24 59 158 0
96 97 233 298 270 305 87 253 61 0
128 66 36 74 46 144 145 146 209 244 149 150 272 315 218 283 0
289 262 219 110 240 178 309 91 284 31 0
66 163 36 76 303 179 148 308 314 252 125 318 0
257 68 228 199 109 174 303 49 50 273 276 189 285 91 124 29 0
195 292 135 9 111 208 305 310 254 314 190 0
288 289 35 40 9 201 79 176 275 276 213 118 310 88 62 0
38 104 301 47 176 146 87 61 0
41 202 267 172 302 212 87 281 156 318 0
65 100 37 38 71 81 19 213 22 214 152 57 91 92 221 0
131 5 51 180 86 219 0
132 9 272 146 27 156 29 288 291 55 189 190 194 202 203 210 217 228 238 112 241 251 255 0
173 301 148 119 248 220 318 287 0
161 98 5 230 39 293 13 78 239 153 0
99 101 249 231 44 173 112 18 178 21 277 55 57 316 0
2 40 265 12 48 242 19 21 283 92 0
258 227 228 229 6 297 140 274 181 151 313 285 0
98 4 100 166 292 297 139 203 314 274 51 84 279 285 29 0
265 12 76 143 242 83 51 85 86 179 152 250 124 0
160 65 192 100 262 107 12 139 300 16 156 0
35 68 102 136 76 174 15 305 306 315 309 118 88 283 28 189 190 31 0
192 130 40 43 206 238 48 150 252 0
129 99 38 137 171 18 306 60 190 319 0
33 129 131 48 80 208 242 215 253 0
259 41 91 43 139 270 116 22 278 88 218 27 319 0
96 66 258 292 38 265 51 220 88 185 282 120 189 222 0
1 129 72 105 138 118 250 189 0
162 194 40 107 235 207 150 279 25 283 28 0
64 33 66 130 224 106 177 314 0
128 6 297 12 236 142 79 239 113 242 271 311 277 150 278 121 91 221 0
320 291 68 133 9 110 206 207 88 0
301 178 216 123 286 0
237 16 308 316 220 221 0
101 40 139 173 178 52 86 279 120 0
291 292 166 236 142 79 50 146 189 126 0
96 3 10 13 275 246 316 123 124 223 0
128 130 258 4 6 264 16 287 161 55 58 196 70 199 80 103 233 239 242 244 118 120 0
200 170 11 269 81 218 92 126 255 0
163 122 75 267 147 213 58 127 0
197 101 77 206 17 59 253 0
228 37 40 104 204 304 182 88 26 252 0
225 257 136 265 298 139 17 118 56 57 186 284 191 0
129 228 277 313 0
227 133 169 269 78 146 53 149 55 58 91 124 0
164 68 228 167 40 232 264 171 293 269 296 309 214 23 248 282 219 62 0
2 293 166 40 108 44 210 314 315 316 222 158 0
224 200 264 74 49 123 0
234 107 267 237 142 219 19 244 187 31 0
96 229 8 268 47 82 309 22 86 87 182 26 187 316 0
320 65 225 3 58 132 301 271 82 147 24 56 316 285 0
2 70 200 268 238 241 309 118 87 0
288 257 195 68 167 296 208 50 147 87 217 26 27 0
256 226 4 300 177 49 53 59 222 190 255 0
99 13 81 305 20 86 0
160 162 163 291 5 74 14 51 57 0
312 228 5 169 271 113 50 88 249 187 316 95 0
96 100 297 266 14 240 210 248 29 127 0
167 109 142 240 242 275 118 312 314 220 63 0
32 35 68 99 106 111 144 17 210 271 23 0
192 193 288 106 175 49 307 84 91 221 95 0
199 136 114 277 247 153 0
33 166 230 137 233 139 204 251 245 214 24 57 123 253 30 287 0
228 143 271 152 313 218 61 286 0
130 69 6 230 169 12 15 114 51 243 306 189 89 26 155 156 93 0
121 162 166 11 78 176 240 247 153 26 159 0
6 103 105 201 43 236 247 58 219 60 255 0
193 285 164 235 172 205 46 118 150 87 153 282 279 221 0
100 294 296 266 43 305 117 247 216 157 287 0
291 295 169 138 266 239 117 21 311 314 283 0
72 170 270 111 306 181 310 25 92 94 0
291 5 197 135 11 60 81 312 153 28 0
320 98 42 139 203 268 15 144 304 180 217 94 0
224 289 290 136 269 219 244 87 218 27 92 287 0
34 98 40 236 285 0
103 8 72 44 209 243 53 21 149 121 58 254 0
69 295 104 136 170 108 300 17 242 212 181 0
258 198 230 138 299 78 273 117 53 151 313 316 126 191 0
65 162 260 165 136 42 143 144 145 50 82 116 86 23 88 278 152 0
41 76 110 175 0
66 99 104 74 238 274 306 180 54 23 151 247 317 0
256 1 260 197 72 9 136 171 172 114 126 0
32 161 137 297 203 108 142 111 280 153 123 63 0
39 247 41 235 155 112 113 304 215 88 27 124 0
320 133 165 230 105 170 173 88 26 0
224 65 69 70 102 134 205 15 304 145 55 218 283 94 0
33 161 227 38 104 219 208 187 0
64 71 72 77 16 48 178 280 90 317 30 0
102 231 136 262 265 176 117 186 31 0
288 131 69 41 170 234 303 83 121 250 0
103 265 240 115 86 87 88 58 28 93 62 255 0
137 204 174 271 147 217 27 253 190 0
65 165 199 200 140 304 21 181 309 313 28 0
160 260 40 169 272 276 181 283 0
259 227 262 47 275 24 313 123 0
193 227 197 75 111 79 18 242 182 184 0
192 262 264 12 314 303 242 120 249 26 187 0
288 319 13 283 115 52 150 155 255 0
65 196 261 171 303 117 310 122 155 156 286 31 0
64 297 12 173 269 178 308 87 189 62 0
64 225 194 70 45 238 183 215 315 30 0
193 69 262 265 78 206 49 210 148 222 0
130 99 36 230 106 202 12 21 246 312 317 255 0
2 69 71 8 234 111 177 241 214 0
196 235 272 273 50 210 244 22 183 188 30 0
101 165 7 266 50 244 277 88 25 127 221 94 63 0
192 256 68 298 47 146 22 312 187 94 0
320 289 259 294 231 172 48 189 0
256 33 226 289 166 231 250 79 212 58 283 0
3 135 241 307 85 216 254 0
161 134 168 234 107 139 110 14 155 0
256 165 69 111 307 314 155 0
36 263 14 309 26 0
64 293 154 201 171 300 13 142 16 176 273 117 310 26 59 0
96 36 69 133 20 86 278 91 221 0
289 103 202 146 150 55 312 186 95 0
130 226 72 299 140 80 304 148 182 184 153 155 0
194 249 199 41 105 298 76 80 17 157 182 121 219 93 0
139 145 152 154 27 28 32 165 38 297 177 55 56 314 69 214 226 104 105 113 251 0
35 100 163 70 199 262 295 266 274 179 246 123 221 190 287 0
235 268 142 15 210 252 187 156 30 31 0
164 204 79 182 188 126 0
101 229 169 29 146 275 316 313 90 283 188 125 0
288 121 297 275 94 62 89 186 283 126 319 0
34 271 177 241 185 0
281 108 30 0
32 131 195 230 39 265 269 14 18 246 151 56 153 0
64 224 130 229 18 83 61 276 221 125 0
65 131 195 228 104 138 174 273 308 153 283 63 0
163 99 70 53 86 0
69 295 139 205 142 269 242 274 20 150 87 248 183 31 0
161 258 227 36 217 90 0
257 67 100 303 208 147 56 89 26 29 0
225 168 9 42 267 304 24 156 0
97 208 113 178 305 278 30 31 0
227 319 135 105 279 48 146 87 252 222 126 286 0
191 290 137 302 144 182 151 60 285 31 0
97 67 228 168 232 172 269 83 54 23 0
37 133 297 234 48 212 282 155 222 0
256 36 6 167 72 264 237 114 146 181 310 285 221 0
64 192 34 237 269 15 176 155 252 223 0
71 136 137 299 44 141 177 50 51 310 155 318 0
35 100 132 293 108 13 14 16 211 117 182 246 280 94 63 0
320 97 259 260 70 40 268 80 113 304 277 183 159 0
64 267 13 24 92 127 0
225 66 312 197 295 210 181 213 120 89 218 188 0
34 37 133 230 263 141 20 54 254 94 0
227 228 106 202 301 277 309 57 186 253 0
160 320 228 296 299 52 86 313 250 317 254 319 0
259 196 233 298 207 220 120 187 124 62 0
132 229 104 169 10 42 264 15 251 116 85 316 27 252 29 94 0
97 258 289 4 296 219 146 274 248 282 155 31 0
97 241 274 310 56 122 125 0
32 71 231 10 170 51 20 53 154 0
67 69 167 264 75 267 175 20 22 151 59 0
260 10 81 273 54 247 0
72 264 44 78 143 212 86 279 249 58 123 0
131 230 231 294 173 273 29 0
289 260 165 261 39 265 78 111 279 223 0
64 34 131 239 53 152 92 0
35 37 165 43 271 117 119 158 0
162 292 198 232 169 43 22 122 27 28 0
256 131 236 82 84 120 90 152 0
64 35 261 168 202 77 45 174 207 179 181 311 127 0
288 129 196 37 6 229 266 301 240 18 86 23 278 250 27 285 63 0
159 167 298 254 287 0
6 230 17 113 214 183 120 90 255 0
226 131 274 246 153 0
161 11 108 77 14 268 81 147 312 249 186 155 190 95 0
160 288 130 293 38 39 232 201 264 187 318 0
33 2 35 43 157 0
68 167 42 298 108 302 283 18 245 87 59 0
288 98 285 198 263 42 314 247 253 90 189 222 0
318 4 196 295 107 44 47 112 145 305 180 212 316 57 26 190 62 0
292 76 113 148 24 58 157 0
289 255 235 109 46 49 242 147 153 316 61 191 0
101 5 47 271 146 274 212 117 244 285 191 0
160 133 39 232 109 208 115 179 277 87 216 185 60 0
288 258 38 168 15 79 303 50 274 305 149 247 56 249 120 29 0
161 257 35 163 9 106 107 171 206 207 240 304 311 124 157 191 0
98 99 132 5 165 230 104 231 43 110 112 273 152 90 61 0
320 97 34 163 193 258 292 199 235 110 239 302 148 309 119 285 30 0
162 3 203 242 147 220 252 119 155 28 0
166 71 231 262 74 295 173 142 301 113 242 245 123 63 0
223 132 6 40 138 171 266 176 114 19 277 86 280 95 0
65 228 134 167 200 9 74 301 175 16 274 253 191 0
256 275 163 169 47 175 306 307 184 71 90 222 105 108 114 115 118 123 254 0
97 260 105 170 171 204 297 301 49 178 276 216 0
128 98 260 169 170 218 13 142 304 50 306 121 26 0
33 134 298 142 119 253 0
6 198 105 202 43 265 207 112 17 181 250 283 28 0
34 226 297 140 236 300 82 54 123 0
225 259 5 203 240 53 246 216 250 219 30 0
290 132 7 263 265 234 108 76 13 205 208 181 317 0
128 192 37 166 301 19 245 311 156 0
295 204 81 83 307 27 0
258 296 41 109 251 189 127 0
291 136 300 240 272 305 278 280 61 0
64 160 7 44 238 271 49 177 274 245 279 27 92 63 31 0
89 160 193 261 317 240 52 116 57 158 28 93 62 0
36 260 300 48 209 273 215 184 247 222 0
224 3 228 197 229 10 42 274 25 253 0
129 166 201 178 274 284 316 87 92 190 319 0
224 66 40 105 173 187 246 278 249 154 158 61 30 0
289 163 195 291 166 262 42 139 268 270 181 123 0
3 291 101 5 261 114 147 188 150 120 28 0
248 161 162 288 197 169 42 268 113 210 211 88 221 154 123 124 189 0
96 129 194 133 103 73 239 208 304 90 253 0
164 102 200 143 305 182 0
224 98 3 131 299 14 273 147 307 314 251 0
64 256 163 100 101 249 291 73 13 111 176 153 187 127 190 31 0
35 195 260 40 105 239 148 23 0
96 69 198 39 297 267 50 178 149 278 24 314 92 223 0
129 34 35 196 289 166 233 141 78 47 16 206 147 181 186 283 317 0
230 135 264 11 142 306 23 283 221 30 0
96 132 281 236 47 15 49 144 84 55 185 125 0
164 232 169 139 140 15 176 315 210 115 84 187 29 158 223 0
106 202 298 279 300 156 180 284 246 119 308 153 90 60 285 318 0
161 3 105 106 233 234 205 16 80 82 115 176 214 27 92 0
135 80 309 311 216 222 0
167 122 35 103 0
163 68 263 233 12 141 144 210 179 119 59 286 0
257 99 292 11 207 18 254 0
66 134 7 9 50 312 29 0
261 262 9 271 147 21 149 150 281 36 174 180 308 61 190 63 77 221 110 240 0
97 129 130 197 137 170 79 52 0
160 1 226 68 168 232 75 13 175 112 308 24 157 0
162 313 233 50 147 213 248 253 222 190 0
130 281 41 76 270 79 16 176 208 209 217 219 188 159 0
35 195 295 8 298 108 14 16 81 113 209 246 186 125 0
230 103 264 41 44 14 78 16 246 28 0
64 289 36 228 169 238 303 144 147 53 55 314 155 279 0
32 135 236 177 273 93 0
121 225 249 40 137 139 45 173 273 53 57 123 28 93 0
128 69 70 295 9 137 141 149 22 59 285 254 0
68 72 232 234 171 237 283 273 213 183 251 0
65 67 36 229 261 154 199 203 271 216 58 123 0
257 197 74 107 282 271 274 148 157 90 28 61 254 223 0
160 289 264 235 236 109 240 242 276 85 183 124 0
192 66 166 39 264 294 46 240 28 29 159 0
224 4 137 171 76 52 314 95 0
161 195 166 140 206 178 248 187 317 0
96 161 193 68 168 19 217 0
130 6 12 13 143 16 146 24 154 37 53 57 206 94 95 99 232 238 240 243 250 0
292 299 109 115 216 187 252 0
40 41 73 297 144 308 309 152 90 285 0
64 99 36 70 313 200 107 139 205 46 110 270 115 311 120 185 93 0
161 227 133 39 141 142 302 112 50 146 91 0
131 134 204 300 206 301 274 284 316 88 221 124 152 191 0
196 261 71 206 15 303 50 308 58 284 286 223 0
88 218 92 152 255 0
2 164 200 78 48 209 304 22 26 0
258 131 312 103 106 203 175 149 54 22 246 122 125 255 0
226 260 7 177 242 94 121 311 126 0
260 42 75 179 22 56 250 188 0
129 67 36 102 135 137 169 140 15 17 51 147 243 118 150 124 126 0
64 167 298 77 269 15 239 283 210 275 246 59 0
160 131 196 40 108 44 147 148 55 312 153 218 0
194 227 290 133 293 294 201 13 145 178 315 311 216 91 285 318 0
291 293 232 296 138 299 268 174 113 213 57 156 221 287 0
225 258 131 100 6 170 111 49 113 211 241 244 280 0
192 290 264 297 203 172 143 84 59 30 127 0
32 163 102 270 157 0
217 197 12 146 216 153 284 0
225 35 196 135 40 266 171 77 82 215 0
160 1 134 296 73 169 268 271 179 307 117 214 309 123 62 0
256 225 69 108 206 175 26 0
258 259 262 298 277 154 124 0
193 226 9 205 181 88 281 90 59 317 216 0
35 291 199 169 206 273 178 213 26 283 252 191 0
297 307 149 14 0
164 229 73 41 75 76 137 82 83 274 151 89 250 183 0
129 161 291 135 313 9 17 252 22 183 249 28 158 0
258 67 3 36 295 296 11 139 267 307 21 310 155 220 317 0
255 104 298 77 272 209 118 57 91 126 31 0
126 101 261 154 212 24 56 123 62 0
192 130 131 261 167 74 14 111 16 210 306 255 0
65 289 205 110 208 52 184 126 0
2 154 233 206 274 182 121 186 317 285 0
162 111 207 146 23 25 27 0
70 235 80 176 306 212 150 31 0
298 139 235 46 274 187 188 0
290 67 5 166 73 202 203 269 303 113 85 183 155 125 159 0
96 225 162 198 172 13 14 208 283 315 85 310 183 126 123 93 30 223 0
64 192 130 7 268 124 209 210 116 21 284 92 0
193 37 38 43 78 174 208 238 52 26 283 0
132 69 197 229 231 109 142 146 179 252 287 0
129 261 137 173 241 94 57 30 0
4 145 24 25 28 157 33 169 314 187 315 62 196 202 204 208 220 239 112 245 0
32 162 227 198 106 147 151 187 124 0
228 264 73 202 46 174 219 113 315 279 122 27 92 0
258 38 108 236 84 213 311 248 313 124 30 0
320 194 198 104 11 55 187 93 0
225 103 265 311 244 53 118 308 253 127 0
194 35 6 42 77 308 189 152 27 61 0
196 200 268 45 46 79 112 49 148 278 218 93 0
97 292 27 172 210 55 88 91 279 61 0
66 294 169 176 209 307 55 28 318 127 0
96 312 35 170 237 274 55 88 127 0
131 287 293 294 71 191 0
256 230 139 268 144 241 210 148 280 283 0
4 142 15 48 17 253 220 61 287 0
193 104 233 14 238 213 118 214 248 277 254 319 0
224 261 12 306 115 211 247 217 284 127 0
33 2 98 232 41 10 233 265 272 281 314 0
193 197 71 234 266 172 141 207 272 285 219 157 0
65 2 164 111 17 185 283 92 31 0
248 225 162 258 320 231 41 43 111 18 152 285 158 216 0
97 101 122 272 146 147 212 55 58 311 0
320 225 290 84 184 313 29 0
261 39 108 17 52 85 118 181 214 90 188 0
160 129 66 193 195 226 262 288 202 299 268 77 78 47 177 305 148 156 0
193 167 7 173 85 187 220 317 0
98 230 74 147 275 151 280 123 156 93 0
102 106 78 47 119 149 55 216 191 0
194 163 263 74 78 245 183 0
160 1 288 165 294 135 199 106 114 178 24 314 0
36 198 135 136 305 52 244 25 26 253 0
97 193 131 6 173 271 86 25 186 251 221 254 0
64 129 132 167 264 205 112 177 210 315 59 318 255 0
227 197 109 240 181 182 183 245 286 0
65 232 171 80 62 0
131 134 297 46 207 273 149 246 311 89 57 0
66 69 71 172 238 178 181 151 156 222 0
248 130 69 140 204 239 144 208 306 88 253 0
153 229 76 209 306 117 149 121 187 0
229 7 105 201 298 140 237 208 50 181 311 185 251 156 0
166 199 74 240 283 147 308 281 314 27 220 0
98 165 103 8 201 77 45 301 302 82 178 151 154 220 0
101 37 199 264 298 268 143 82 254 120 57 94 0
224 162 198 199 272 305 19 217 187 253 0
65 259 262 74 138 13 141 15 173 205 303 277 214 0
97 258 36 103 295 296 139 203 174 270 209 30 190 61 62 0
40 232 302 239 80 271 272 278 92 94 286 0
138 143 80 304 182 278 56 26 159 0
256 264 106 175 215 184 250 286 0
1 135 109 47 243 20 85 60 0
71 203 302 143 16 175 253 0
99 134 198 168 199 200 274 51 180 247 186 187 93 31 0
230 71 112 119 53 55 279 222 63 0
98 7 77 113 306 180 188 255 0
161 194 289 290 7 167 263 170 235 297 110 238 274 149 119 58 254 0
67 77 206 275 56 0
36 39 7 143 304 275 148 54 279 221 313 29 95 0
96 256 162 67 260 197 288 167 267 140 206 176 20 84 120 90 251 0
128 67 165 72 41 106 169 12 270 240 56 185 0
225 70 235 216 190 223 0
99 4 291 166 136 138 141 15 178 222 280 313 92 157 190 191 0
67 3 228 204 79 113 52 247 248 311 190 0
165 40 144 116 152 282 0
35 132 4 195 297 202 236 305 213 254 120 217 126 0
37 165 293 266 43 140 53 280 127 0
161 290 69 91 266 179 252 182 123 92 287 0
135 72 105 296 13 302 80 311 28 157 0
257 227 36 134 198 314 78 302 21 309 55 250 188 0
162 131 262 135 138 171 234 109 77 52 283 0
164 267 274 115 154 31 159 0
288 259 228 230 262 41 233 76 239 242 286 95 0
160 225 194 35 264 169 16 18 114 115 179 182 213 89 252 191 0
256 2 170 75 302 315 311 117 213 215 27 285 30 95 0
160 288 320 134 135 230 263 301 48 273 84 183 190 0
97 6 295 168 139 44 79 113 145 219 0
35 293 204 236 219 176 216 123 28 0
192 224 66 294 8 40 236 82 282 254 0
66 262 232 137 266 203 173 29 179 85 246 61 126 0
64 129 10 203 172 13 206 302 178 83 282 317 0
6 73 204 47 113 50 53 183 280 247 127 0
290 67 3 69 166 262 294 10 108 268 177 287 0
162 131 75 143 114 210 62 315 317 126 0
192 224 290 291 261 313 73 82 274 252 85 182 120 217 188 0
204 133 0
288 98 196 40 233 42 250 140 172 142 181 154 222 0
192 236 269 15 48 304 117 149 24 0
163 37 134 136 278 55 0
196 200 265 74 106 171 77 179 252 88 120 0
36 134 10 13 143 146 246 23 57 284 0
97 37 198 236 81 146 23 90 126 0
195 100 228 76 113 114 22 247 311 127 0
197 166 265 106 267 297 269 206 79 56 285 152 94 255 0
65 38 173 142 271 21 120 314 0
192 200 113 147 279 217 282 286 0
129 195 102 143 16 112 147 148 214 281 0
97 163 101 266 305 117 23 57 0
162 267 108 21 309 62 90 158 284 253 94 0
226 103 172 304 81 17 18 309 182 120 0
160 288 227 259 104 108 44 205 246 215 0
39 201 211 213 55 90 189 318 255 0
196 104 41 314 77 173 301 208 184 26 0
256 3 227 71 41 298 77 109 143 190 49 116 22 246 60 253 62 0
256 230 77 81 50 243 276 150 0
99 67 291 137 12 175 148 182 126 0
5 75 50 245 309 56 284 0
37 236 216 154 29 319 0
96 259 42 300 109 239 15 0
263 112 81 49 315 126 0
170 108 173 111 16 212 53 0
39 302 176 243 213 181 182 311 0
166 73 14 47 112 243 116 150 152 125 0
225 291 297 204 174 82 114 146 21 246 276 27 61 0
96 294 171 204 300 146 19 213 182 215 280 217 254 0
162 99 100 204 85 57 59 188 61 286 287 0
289 4 36 198 200 107 299 80 81 27 0
128 225 98 295 74 76 304 215 251 319 0
132 229 6 71 201 241 83 307 213 155 61 0
257 2 131 34 137 156 277 248 124 0
129 193 163 132 227 198 290 42 109 15 176 239 304 180 118 119 221 0
230 200 264 42 44 79 176 304 305 52 53 244 313 0
280 99 236 45 184 218 127 0
288 2 36 7 105 235 12 239 214 119 154 0
163 264 112 244 246 57 62 0
137 81 17 146 21 187 287 0
129 133 167 202 236 304 307 316 0
100 73 46 209 146 83 84 274 307 91 285 0
64 197 297 266 110 273 252 63 0
196 228 200 204 205 14 179 275 276 54 152 154 0
165 230 39 168 234 270 271 112 84 213 252 248 249 92 255 0
97 225 163 205 142 16 82 247 28 0
224 197 233 203 268 53 186 124 0
2 260 6 281 77 248 185 93 0
160 34 4 39 12 273 147 52 308 155 159 0
98 228 261 166 44 314 21 149 312 153 154 188 255 0
160 4 102 6 230 264 313 212 121 218 189 0
34 264 169 235 15 83 179 53 189 119 250 123 61 159 0
248 230 201 43 109 173 238 305 51 20 56 90 88 30 159 0
10 267 12 18 87 89 283 61 0
33 130 200 13 302 47 176 81 18 177 243 86 89 282 283 93 287 0
96 129 198 220 223 0
229 267 242 189 157 0
131 36 37 72 81 306 51 22 182 152 89 254 286 0
68 90 269 238 47 270 241 21 118 26 283 255 0
33 99 74 236 209 305 307 244 55 156 158 0
289 109 81 19 57 154 251 62 0
226 104 105 202 234 267 20 310 183 250 30 0
288 67 123 171 13 299 303 81 52 148 150 151 57 250 27 0
163 195 281 71 233 144 156 29 212 55 25 123 124 61 0
169 107 82 22 183 184 279 253 216 0
224 162 132 74 140 141 173 174 306 245 22 279 217 284 93 319 0
129 290 68 71 295 267 110 113 179 86 151 60 0
256 235 237 272 278 253 0
100 261 8 137 46 273 117 149 188 0
160 65 35 70 296 9 137 12 270 209 316 0
99 294 104 180 213 215 217 250 59 0
196 261 102 105 203 142 305 83 180 309 310 25 156 126 0
89 162 163 164 196 6 262 137 300 237 48 275 149 278 312 57 0
32 129 35 293 166 10 298 78 174 147 308 215 0
65 39 73 180 21 246 247 57 279 0
101 69 104 269 274 244 185 316 0
131 4 229 38 71 122 219 16 214 88 90 59 252 63 31 0
167 43 235 46 47 272 121 317 0
248 161 34 130 261 6 263 234 205 50 83 54 152 253 0
160 65 130 3 261 293 200 41 201 144 244 55 217 59 316 127 0
66 194 296 265 81 82 116 313 220 0
224 135 40 104 42 111 239 113 0
256 258 167 15 144 209 18 210 155 29 0
130 261 104 138 14 15 142 174 271 274 245 216 249 255 0
67 4 227 263 169 74 238 240 246 183 120 153 253 94 159 0
4 271 279 29 30 31 32 34 298 300 175 311 185 186 194 195 73 81 231 127 255 0
220 248 139 188 0
97 164 106 171 202 82 54 150 93 0
66 293 234 206 111 270 81 18 218 191 0
2 299 92 318 0
228 198 264 105 138 233 265 173 178 277 311 189 0
195 39 232 75 139 77 78 15 176 271 85 22 149 150 156 0
34 163 291 231 104 170 234 300 205 239 113 145 149 182 120 0
66 99 229 44 211 58 27 0
264 42 139 77 207 112 114 115 274 308 86 89 93 30 0
66 196 292 265 47 16 175 177 241 242 243 86 215 305 60 0
131 230 234 111 144 276 0
320 129 257 3 37 264 172 56 0
67 292 5 169 73 139 204 213 311 222 0
224 66 98 164 101 271 209 115 52 84 148 179 248 61 223 0
175 48 240 176 283 222 0
98 133 40 264 74 140 79 146 184 126 191 0
226 100 166 7 262 10 271 309 24 219 60 184 0
195 69 7 235 172 315 212 87 187 62 255 0
1 257 196 139 16 17 306 244 245 55 151 282 0
112 224 66 314 0
224 290 133 134 165 231 242 243 20 152 121 314 219 125 0
99 259 39 265 170 173 307 244 181 22 25 0
102 12 173 207 272 211 247 120 315 0
7 232 233 42 75 302 176 18 118 214 121 123 223 0
257 133 13 307 21 117 190 94 223 0
4 197 110 175 177 220 84 26 28 95 0
160 225 99 39 147 151 220 126 287 0
149 279 152 25 282 287 164 167 297 43 46 177 52 185 192 214 90 226 238 0
2 260 263 8 73 138 201 45 205 111 144 241 55 217 157 95 0
33 257 163 262 103 40 107 145 247 153 0
228 269 271 113 20 150 188 189 255 0
167 307 181 120 249 0
163 255 101 7 48 50 19 244 181 58 93 191 0
297 108 205 268 145 179 152 57 222 94 0
161 257 102 299 108 273 274 27 252 62 159 0
266 153 286 32 42 299 307 310 59 191 195 73 80 214 100 102 112 115 120 0
256 33 35 259 5 45 145 277 55 152 155 284 223 0
7 106 145 308 182 150 0
168 296 298 75 78 314 187 30 0
5 73 10 106 173 270 210 307 244 249 28 62 159 0
121 197 135 9 46 111 48 156 178 188 241 157 310 89 28 125 0
261 200 267 118 216 59 287 0
33 36 72 169 206 209 83 179 310 185 94 0
227 229 102 14 84 247 153 0
258 201 298 269 78 240 212 57 93 254 0
193 163 6 108 173 16 245 152 284 253 95 0
35 227 293 267 15 21 285 0
96 129 225 294 295 296 250 15 213 24 89 186 315 188 253 255 0
320 34 104 44 208 221 255 0
65 121 291 5 261 74 77 142 239 80 210 274 148 125 215 89 29 126 0
1 258 197 73 108 78 83 84 183 56 188 0
224 131 168 41 105 78 176 305 180 182 0
289 6 266 171 208 151 219 0
260 233 44 141 81 153 91 92 222 0
37 231 108 114 211 223 0
295 140 184 282 127 0
64 164 40 136 75 203 14 82 311 248 187 62 0
2 35 132 291 167 169 78 178 184 89 250 124 0
256 199 297 107 108 282 206 239 149 151 280 218 219 0
194 258 133 6 166 41 178 117 54 213 89 253 31 0
34 101 38 166 230 174 273 309 120 91 216 253 191 0
225 196 72 106 14 283 18 279 27 0
198 174 149 26 287 0
130 35 290 198 201 20 85 285 126 0
200 142 143 241 210 305 149 156 0
66 297 10 238 111 113 84 245 22 90 254 0
97 163 228 39 42 271 112 113 177 53 181 31 0
101 198 72 74 86 189 157 0
64 261 43 45 237 301 18 252 309 89 60 0
161 98 162 164 196 197 307 20 309 88 0
290 35 313 13 113 83 25 286 0
257 162 185 37 197 261 171 267 303 178 275 248 25 188 0
163 100 140 112 178 89 250 155 31 0
4 287 39 72 75 77 109 269 48 305 20 249 122 29 286 191 0
33 130 131 266 235 21 149 285 319 0
193 163 293 103 9 235 236 174 302 54 188 286 0
160 33 289 3 42 298 299 269 276 22 92 0
161 134 202 266 141 179 118 151 215 0
33 265 110 314 317 31 0
130 67 132 232 9 108 142 240 49 272 273 85 279 248 59 60 0
7 16 273 19 276 149 278 280 152 160 292 83 218 222 228 125 249 122 253 0
162 267 155 302 303 58 123 93 255 0
64 6 233 172 175 177 276 313 188 191 0
96 290 164 196 167 206 238 240 53 57 318 0
166 136 13 269 239 305 147 120 26 59 220 157 190 0
196 38 240 304 51 251 156 0
130 198 71 262 264 14 146 51 275 0
260 37 5 141 173 16 80 18 84 213 88 0
9 301 52 213 53 245 283 0
194 196 134 141 251 147 20 244 312 59 93 0
130 227 7 135 41 199 200 109 269 241 29 273 117 61 0
64 98 102 10 145 19 182 279 25 0
293 42 108 174 270 125 318 0
161 196 295 104 108 12 110 172 243 212 119 0
35 137 211 53 117 25 58 28 93 0
130 102 13 275 311 125 318 0
32 318 38 140 270 82 147 278 58 156 61 62 0
64 34 98 215 38 9 105 80 179 307 151 152 253 58 123 125 159 0
34 200 105 204 269 80 153 159 0
33 37 133 263 265 76 238 207 148 25 155 0
257 130 199 43 12 235 176 178 123 124 222 255 0
256 161 164 229 202 178 154 219 284 127 0
259 265 91 141 0
224 130 167 107 110 116 53 0
161 231 109 277 278 249 283 317 0
131 38 295 40 171 173 205 302 209 50 273 274 245 0
132 146 212 278 88 153 250 223 0
291 68 101 218 282 15 304 113 122 0
300 241 82 84 87 59 0
160 257 292 165 294 39 72 73 169 295 49 52 56 154 0
32 130 35 261 264 9 234 107 108 77 298 147 275 276 182 119 157 127 0
4 70 141 110 303 52 215 59 159 0
99 294 299 242 20 59 31 0
193 67 195 39 40 147 285 283 93 0
292 165 198 261 136 138 202 178 183 58 187 0
285 132 260 262 201 234 77 177 305 214 153 186 123 157 63 0
11 236 111 151 88 95 0
64 135 300 303 81 83 84 219 222 0
320 196 5 263 172 180 280 28 221 0
64 97 128 163 280 229 302 80 49 22 120 218 28 0
320 97 129 162 37 133 203 16 0
64 130 295 138 76 173 83 214 218 0
33 34 101 134 103 232 137 170 139 261 299 176 240 185 90 252 95 0
198 103 50 309 30 0
64 195 202 81 155 157 95 0
69 10 42 314 115 150 182 186 0
288 1 203 109 270 114 211 274 182 215 221 0
128 227 134 166 41 13 303 17 113 180 59 159 0
128 3 70 262 218 203 208 308 58 124 93 318 0
233 26 12 94 0
225 99 69 293 199 270 306 84 250 187 156 62 286 0
161 261 77 112 208 51 85 91 0
192 129 161 3 231 267 143 120 0
1 4 164 169 108 209 306 21 92 29 286 0
32 96 162 248 6 232 138 12 145 211 88 26 60 94 63 0
67 177 308 21 56 185 250 284 127 0
36 293 232 20 215 220 30 0
66 196 70 136 232 47 303 84 87 88 151 156 317 30 63 0
129 195 102 38 297 238 79 16 303 157 318 0
129 267 302 241 18 179 281 123 0
295 136 137 204 140 307 310 125 0
257 130 163 194 133 260 108 77 210 115 317 221 254 0
64 2 3 162 37 165 290 9 43 301 49 146 249 0
98 226 259 5 101 103 8 167 169 201 232 310 27 156 94 0
128 264 43 108 206 279 216 251 223 0
195 233 235 268 303 180 52 181 153 123 62 0
223 292 199 295 142 48 149 311 217 95 0
258 37 169 170 110 175 147 116 180 309 185 284 0
193 255 38 138 111 241 219 31 222 63 0
33 195 292 199 203 172 173 174 207 21 185 154 159 0
226 263 204 142 14 17 82 53 309 311 253 222 0
33 99 265 19 147 281 58 60 95 0
1 194 67 259 290 111 15 248 316 61 158 0
195 139 205 79 63 0
66 260 38 216 249 125 190 223 0
292 261 233 10 106 46 51 88 313 127 0
4 293 111 20 85 185 91 285 30 0
68 229 11 268 45 147 307 149 155 127 0
225 3 7 283 17 18 82 212 85 56 249 90 219 28 152 318 0
320 162 99 3 165 255 319 233 235 112 83 284 152 126 156 62 223 0
296 297 172 214 311 0
225 194 291 38 71 43 171 300 209 148 253 63 0
297 301 206 50 83 274 250 93 0
256 163 196 73 75 299 13 173 300 278 88 153 0
65 72 265 238 83 20 115 153 92 126 0
70 73 267 206 79 243 313 157 0
3 132 37 43 240 178 216 155 221 0
34 6 105 74 218 108 247 154 92 253 0
33 97 134 41 76 81 18 150 152 313 123 318 0
161 257 197 199 169 50 51 243 276 56 185 315 317 184 0
194 5 197 296 235 12 204 210 54 189 91 157 158 0
198 300 306 117 249 218 60 95 0
34 290 100 37 164 201 43 206 17 83 281 59 252 0
224 135 9 108 306 219 188 127 0
318 98 3 261 239 85 150 245 30 0
34 99 67 163 102 7 106 141 78 177 181 152 121 316 158 0
101 41 299 12 300 56 121 90 30 0
130 99 134 263 42 280 156 0
288 2 34 171 236 237 177 282 0
290 295 10 12 208 155 156 0
32 64 297 143 112 149 26 284 0
292 293 232 210 244 214 30 319 0
290 67 100 101 70 77 79 85 23 183 284 127 0
161 260 167 73 25 27 0
64 33 228 296 143 307 148 283 60 254 0
161 164 296 78 273 311 125 0
192 1 295 202 236 205 18 277 246 152 221 0
8 172 304 218 315 60 318 0
130 226 291 70 71 232 106 314 302 111 114 118 23 58 95 0
38 208 274 85 58 0
229 263 104 13 252 284 187 92 125 0
224 288 68 167 138 268 271 52 53 25 0
97 103 158 174 111 283 155 30 159 0
64 1 66 67 289 263 313 202 282 183 94 89 26 28 30 0
32 33 170 12 142 21 85 250 30 159 0
257 260 69 6 103 200 262 295 270 81 273 243 307 151 0
196 260 233 266 43 315 189 182 118 219 92 125 190 0
121 210 292 277 0
257 131 197 7 236 14 15 47 207 208 211 52 239 218 286 0
34 264 105 106 238 48 80 81 176 213 57 90 0
192 320 35 3 101 41 141 217 250 93 0
131 229 12 302 239 210 52 181 155 0
192 129 98 320 139 207 55 152 0
320 99 163 45 141 47 206 271 50 114 84 307 184 126 187 316 62 0
1 33 3 133 6 165 251 304 146 180 21 57 219 93 319 0
97 264 80 50 52 181 54 212 58 317 254 127 0
64 291 307 280 124 318 0
131 103 42 74 85 185 124 0
107 236 46 174 49 114 84 311 216 122 319 0
134 300 13 239 51 52 152 0
66 301 112 181 186 0
226 38 44 79 114 243 149 281 253 254 286 0
256 66 131 227 23 94 255 0
160 168 268 111 144 209 220 92 157 0
217 166 73 140 141 240 49 178 116 213 185 58 287 0
258 3 195 5 7 137 42 43 12 76 46 79 305 246 283 189 191 0
160 13 110 14 206 271 218 59 159 0
228 200 265 187 207 116 20 308 184 90 123 0
161 193 227 198 236 79 274 88 59 92 31 0
33 257 291 9 267 273 22 247 285 62 0
129 257 319 198 107 174 47 240 271 243 215 313 29 127 0
256 33 297 10 112 305 53 152 94 62 0
128 163 205 144 210 151 121 126 0
32 161 289 163 134 7 295 75 81 178 51 148 22 310 26 93 0
160 192 100 69 164 14 79 176 85 117 149 185 122 315 220 29 0
65 261 169 20 84 182 212 312 29 319 0
1 228 133 6 247 42 138 108 110 113 180 278 55 218 91 158 0
1 194 4 196 74 11 207 179 52 310 23 154 125 0
97 34 200 10 75 152 93 184 0
260 165 38 199 295 268 109 45 52 212 59 285 0
194 319 43 139 109 315 243 116 182 120 27 127 0
288 33 70 169 83 148 188 125 0
318 4 10 171 298 301 239 48 181 182 279 188 317 286 0
318 98 37 70 10 45 222 275 180 53 157 215 123 61 158 0
128 65 160 195 320 12 52 117 217 91 126 0
290 136 233 241 117 190 0
163 132 231 266 302 306 279 126 0
64 66 131 39 41 139 118 183 154 155 125 127 0
32 273 82 147 55 25 190 0
198 237 117 247 185 283 93 0
293 39 264 234 171 139 173 141 0
9 201 271 124 305 150 220 0
99 131 37 43 12 123 302 272 81 244 247 27 0
97 2 99 68 130 134 162 231 292 303 276 27 0
68 136 169 170 11 44 45 241 20 22 54 284 0
129 194 228 43 16 208 114 308 149 310 215 153 282 285 0
195 196 11 205 81 22 62 287 0
73 106 12 77 110 48 17 244 309 31 0
35 227 197 230 110 78 117 152 283 0
256 162 295 298 299 303 114 251 0
34 133 165 71 319 204 19 147 119 88 287 0
162 131 227 69 7 286 146 83 179 149 151 284 30 127 0
96 320 36 69 260 295 296 80 113 127 0
3 68 196 199 111 53 121 282 124 93 223 0
135 11 270 18 23 34 36 294 39 43 175 311 187 316 72 81 84 215 118 0
64 129 67 4 266 237 80 81 86 246 313 0
40 41 203 141 271 49 310 316 0
100 106 84 53 181 246 248 121 159 0
161 4 229 41 201 171 268 18 115 150 151 88 246 90 315 60 30 0
194 230 136 297 250 282 17 82 178 243 150 151 183 186 155 316 125 255 0
160 130 162 292 297 140 80 283 318 63 0
48 23 189 318 63 0
33 36 261 39 265 116 88 123 255 0
288 257 259 168 209 146 308 87 248 90 124 0
162 101 165 294 73 139 17 177 210 53 181 119 58 59 191 0
257 259 132 5 200 218 264 179 122 251 125 287 0
258 135 15 18 276 151 159 160 45 303 178 228 229 237 111 115 245 249 122 124 0
160 4 197 104 114 307 52 181 247 313 122 283 0
2 2 2 2 2 2 3 4 4 3 3 3 4 4 3 3 3 2 2 3 2 3 2 3 3 4 2 4 3 2 3 3 4 2 3 3 2 2 2 3 4 3 2 3 3 3 4 2 4 3 3 2 3 3 4 2 2 3 2 4 4 2 3 2 2 2 4 3 2 2 4 3 4 3 4 4 4 3 4 2 4 3 2 4 2 2 3 3 3 3 3 3 3 4 3 4 3 2 2 2 3 3 3 2 4 2 4 2 3 2 4 2 2 3 2 2 2 2 2 4 3 3 3 3 2 4 2 3 4 3 3 3 2 2 4 3 2 3 4 3 3 4 4 3 3 2 3 4 2 4 3 4 2 3 2 3 4 4 3 2 2 2 3 2 2 3 4 2 3 4 2 2 4 4 4 4 3 4 4 2 2 2 2 3 3 4 4 4 4 3 2 2 4 4 3 2 4 4 2 2 3 3 4 3 4 4 2 3 3 2 3 4 4 3 3 3 2 2 4 2 3 4 3 3 2 4 3 3 4 2 4 2 3 4 3 2 4 2 3 4 3 3 4 3 2 4 2 2 4 2 2 4 3 2 4 2 3 2 2 2 3 2 2 2 2 4 3 4 3 3 2 4 3 3 2 4 4 2 4 2 3 4 3 3 4 4 4 3 2 3 4 2 2 3 2 4 3 4 4 2 4 3 3 4 4 4 3 4 3 4 4 3 4 3 3 4 4 4 4 4
