150 100 40
32 1 5 37 7 8 38 10 11 12 17 18 23 28 30 0
32 36 5 4 39 10 11 15 16 17 21 27 28 30 31 0
1 33 38 7 6 8 11 12 13 14 17 21 22 24 26 0
2 35 4 5 6 39 3 10 11 18 20 24 26 28 31 0
33 2 37 6 13 14 16 17 18 19 21 24 25 27 31 0
34 5 37 39 38 8 10 9 15 19 20 24 25 26 27 0
1 3 36 39 8 40 11 16 21 24 25 27 28 30 31 0
32 2 4 5 6 36 11 13 16 18 19 23 24 25 26 0
32 1 35 6 40 11 13 14 16 19 20 21 22 25 26 0
1 2 3 34 33 38 35 40 11 14 21 22 25 27 31 0
32 1 34 3 4 33 7 11 12 13 19 22 23 25 29 0
32 34 36 40 12 14 17 19 20 22 24 25 28 30 31 0
33 2 1 4 36 6 39 40 10 18 20 22 24 25 26 0
33 2 36 5 38 7 8 40 6 15 16 17 22 30 31 0
32 1 2 33 36 39 11 16 17 18 19 23 26 28 29 0
33 34 1 7 8 12 13 16 17 19 20 21 25 26 27 0
1 33 2 36 38 6 39 9 40 11 16 20 25 29 30 0
32 33 2 35 7 39 9 10 40 19 23 24 27 29 30 0
2 36 37 38 6 8 10 11 13 15 21 22 23 27 28 0
2 3 4 37 6 9 11 12 13 14 19 20 24 28 31 0
34 4 37 6 38 8 11 17 20 21 23 24 27 28 30 0
33 2 3 6 39 8 10 12 15 16 18 20 24 27 31 0
37 39 7 9 11 12 13 16 18 21 22 25 28 30 31 0
35 3 6 7 8 39 9 11 13 15 18 23 26 27 30 0
3 4 5 36 40 9 8 11 12 15 19 21 26 27 30 0
1 34 36 5 8 9 40 17 18 19 22 23 26 29 30 0
32 33 3 4 5 37 7 8 39 14 17 18 20 27 31 0
32 36 4 38 5 7 37 10 11 12 15 18 21 22 25 0
32 1 2 36 5 39 7 40 10 12 14 18 20 25 31 0
1 33 34 4 37 6 39 8 13 17 18 22 24 28 29 0
33 35 3 37 38 7 39 40 10 14 16 19 24 26 27 0
32 34 2 35 5 3 7 36 9 10 11 12 13 30 31 0
32 1 34 33 4 5 36 8 9 10 14 15 20 30 31 0
1 33 3 37 5 38 8 11 12 14 15 17 19 20 26 0
1 33 4 37 7 8 9 14 16 19 22 23 26 27 28 0
1 34 35 33 5 38 39 40 12 15 20 21 28 29 30 0
1 34 36 37 6 39 40 14 15 17 20 21 23 29 31 0
1 35 36 4 6 40 8 11 13 14 16 21 22 25 26 0
1 34 35 4 33 2 7 10 11 12 20 24 25 30 31 0
2 35 34 6 39 40 9 12 14 15 19 20 24 28 30 0
1 33 3 4 38 7 39 6 8 14 15 17 23 29 30 0
1 34 35 36 5 38 37 39 9 7 2 20 27 28 30 0
32 2 35 3 36 8 9 10 12 14 17 19 21 24 31 0
1 34 36 5 6 4 40 39 7 16 17 18 24 30 31 0
33 1 35 36 5 6 4 37 9 11 14 17 19 24 28 0
32 1 2 37 38 9 10 11 12 15 17 18 21 22 27 0
32 2 3 36 35 10 17 18 19 21 22 23 24 26 30 0
1 3 35 4 38 40 14 17 19 21 22 24 26 28 31 0
37 7 40 12 13 14 16 20 22 23 24 25 26 27 31 0
5 6 7 39 9 10 14 17 19 20 21 23 24 25 28 0
32 33 2 35 4 3 6 7 40 9 37 39 18 20 24 0
32 33 34 2 7 39 12 14 16 19 23 24 28 30 31 0
32 33 35 4 37 6 40 11 12 14 19 25 26 27 30 0
32 1 2 35 34 4 6 7 11 13 14 16 19 23 28 0
33 34 35 36 1 39 40 15 16 21 23 27 28 30 31 0
32 33 4 39 8 9 10 11 16 22 23 28 29 30 31 0
33 3 4 37 35 14 16 17 19 22 23 25 26 27 31 0
32 35 37 6 7 8 5 40 14 19 23 24 26 29 31 0
2 35 38 7 40 6 14 16 19 21 22 24 26 27 31 0
3 36 5 35 39 9 10 13 14 15 17 18 20 26 31 0
32 4 5 36 7 6 10 15 17 19 20 21 24 29 31 0
1 2 4 37 7 9 12 13 14 18 20 24 25 26 29 0
2 34 4 35 7 11 12 13 15 16 18 25 26 28 30 0
32 33 2 35 4 37 3 39 34 14 20 22 26 27 30 0
32 33 2 3 34 37 38 39 40 7 8 9 16 22 23 0
1 35 36 5 7 39 17 18 21 22 23 25 26 28 31 0
2 3 4 37 7 9 11 12 13 14 16 20 22 23 29 0
1 4 39 40 9 10 12 13 15 18 20 24 25 26 28 0
32 1 34 35 38 8 9 11 12 14 15 17 23 25 29 0
32 35 37 6 7 40 39 13 16 18 19 20 24 29 31 0
34 36 7 8 9 11 14 15 17 21 23 25 26 28 29 0
2 34 35 37 38 7 40 3 14 15 17 20 28 29 31 0
34 3 35 36 6 7 40 11 17 21 22 24 28 29 30 0
32 1 3 36 6 39 8 7 14 16 18 21 23 24 29 0
33 35 36 6 38 40 17 18 19 23 24 25 26 29 31 0
32 1 34 2 37 39 40 9 13 15 16 18 23 25 29 0
32 33 1 3 4 5 38 39 37 15 17 20 24 25 28 0
33 2 34 36 5 38 7 4 9 6 14 28 29 30 31 0
32 33 35 4 38 7 40 10 17 18 21 23 26 27 28 0
1 34 35 3 2 38 6 39 9 10 12 16 20 25 31 0
32 1 2 35 36 5 37 40 8 11 13 20 25 26 31 0
32 33 2 37 40 9 12 15 16 18 19 20 26 27 28 0
32 34 35 2 5 6 39 10 13 17 20 24 25 27 29 0
2 34 36 4 39 8 9 10 15 16 17 22 24 27 29 0
33 35 38 7 40 9 39 11 12 6 20 22 23 28 29 0
32 33 35 38 7 8 9 10 14 18 20 23 24 26 27 0
1 34 3 4 38 6 8 11 12 13 14 15 23 29 30 0
33 2 3 5 39 40 9 16 17 18 20 21 22 24 26 0
33 4 37 6 7 40 8 11 15 18 21 22 28 30 31 0
32 1 34 6 8 12 13 17 19 21 24 26 27 28 31 0
32 1 35 4 38 7 6 9 11 18 20 26 27 28 30 0
1 34 4 36 38 13 17 18 19 20 23 25 27 29 31 0
32 1 36 5 6 9 10 14 16 19 24 26 28 30 31 0
33 2 34 5 38 7 9 11 15 16 19 21 23 27 31 0
33 34 3 36 37 5 2 11 15 17 21 24 26 28 29 0
32 33 34 35 36 3 6 11 12 13 15 17 20 22 23 0
4 36 6 38 8 37 11 14 18 20 22 25 27 28 29 0
1 33 3 35 5 38 39 8 10 11 12 13 18 23 26 0
33 2 1 4 37 9 10 11 13 18 20 24 25 29 30 0
1 33 5 37 7 39 10 11 16 17 20 23 24 26 31 0
0
17 15 0
24 17 23 0
0
40 39 0
0
0
32 35 0
16 0
36 13 14 15 0
0
16 26 5 0
36 0
0
4 0
6 14 0
7 0
0
29 0
8 19 0
17 20 28 0
0
12 5 0
10 26 22 0
25 0
12 0
1 10 22 7 0
40 21 0
21 0
19 6 0
0
23 0
8 17 0
8 0
0
19 14 0
21 22 31 0
0
32 26 35 0
21 0
2 27 0
17 37 0
0
8 0
0
9 12 0
33 37 0
28 0
22 37 6 14 0
0
0
39 0
0
16 0
4 0
24 36 13 0
32 37 29 6 0
11 36 0
0
25 0
0
14 0
0
0
0
13 0
0
10 0
34 0
31 0
10 0
36 0
0
5 38 0
19 39 0
29 38 39 0
37 0
19 0
8 17 0
35 21 15 0
4 0
39 7 0
4 37 0
20 0
17 30 0
17 19 15 0
0
21 0
29 0
0
23 0
25 0
31 30 7 0
0
6 39 0
9 2 0
0
27 0
11 16 24 26 27 0
24 33 27 0
0
27 31 0
19 11 0
26 4 0
0
1 12 0
15 0
0
11 5 31 0
0
28 0
10 39 0
0
0
16 40 0
20 0
39 0
0
0
0
33 0
0
10 18 30 0
0
26 39 0
19 0
40 38 0
25 22 0
0
27 35 2 18 0
10 0
19 2 3 0
19 0
28 0
24 17 0
35 0
0
22 0
24 11 0
33 0
28 0
0
36 0
8 34 36 30 0
24 11 0
0
35 0
19 12 0
23 0
0
4 4 2 2 4 2 3 2 3 2 2 2 3 3 3 2 4 3 2 2 2 2 4 4 3 4 2 3 3 2 4 3 3 2 3 3 3 4 4 2
