2986
1 2 1 199
1 4 40 198
1 13 58 163
1 21 43 104
1 23 13 4
1 30 47 50
1 31 7 14
1 37 31 233
1 40 3 77
1 42 10 35
1 54 19 223
1 55 38 65
1 68 50 250
1 75 25 222
2 3 31 221
2 4 25 198
2 5 49 100
2 10 13 117
2 17 1 71
2 21 3 272
2 33 38 74
2 41 28 122
2 52 16 52
2 55 52 65
2 57 7 207
2 68 55 273
2 69 43 87
2 75 19 219
2 80 11 80
3 3 20 221
3 7 37 72
3 11 16 32
3 19 29 128
3 29 1 253
3 35 52 81
3 42 3 98
3 48 5 144
3 54 55 59
3 58 34 101
3 59 31 42
3 63 25 137
3 65 13 286
3 68 7 8
3 75 43 53
4 22 46 223
4 26 59 55
4 39 49 191
4 46 13 130
4 49 19 139
4 50 44 79
4 52 37 78
4 62 55 67
4 66 53 190
4 71 3 244
4 72 29 88
4 75 8 222
4 76 25 69
4 77 31 235
4 78 15 284
5 3 25 209
5 4 4 271
5 10 40 117
5 13 37 163
5 23 33 197
5 31 10 14
5 33 50 74
5 39 19 191
5 53 1 34
5 54 15 180
5 59 43 51
5 64 56 282
5 74 7 97
5 78 13 287
5 80 47 198
6 1 7 67
6 4 49 198
6 5 34 205
6 13 52 220
6 18 16 156
6 22 56 55
6 31 31 14
6 47 37 15
6 59 19 258
6 62 10 67
6 67 13 30
6 70 2 266
6 72 27 170
6 73 22 6
6 79 44 178
7 4 55 198
7 5 50 270
7 9 35 84
7 10 31 117
7 12 43 148
7 16 58 38
7 17 9 68
7 21 38 126
7 31 13 54
7 35 22 285
7 38 1 40
7 61 11 18
7 64 25 282
7 66 7 190
7 80 27 247
8 4 31 218
8 6 4 171
8 19 51 35
8 20 29 151
8 29 17 165
8 35 19 285
8 36 38 234
8 38 55 80
8 43 25 78
8 46 43 130
8 51 9 298
8 52 1 143
8 53 14 275
8 65 22 63
8 69 45 83
9 3 7 209
9 8 47 175
9 16 45 38
9 22 1 215
9 24 37 246
9 46 15 130
9 48 13 133
9 55 27 65
9 60 55 202
9 61 11 47
9 64 17 128
9 66 59 190
9 69 51 39
9 79 19 178
9 80 4 247
10 1 46 228
10 2 1 70
10 14 9 132
10 18 50 229
10 20 27 151
10 24 43 146
10 25 55 48
10 27 53 165
10 40 19 166
10 41 16 80
10 43 31 118
10 53 13 297
10 60 29 202
10 68 38 273
10 80 3 283
11 7 9 72
11 20 7 211
11 28 40 26
11 31 37 14
11 35 56 81
11 37 27 135
11 50 23 79
11 52 1 193
11 66 25 190
11 69 31 112
11 72 4 263
11 75 49 111
11 76 19 243
11 77 14 203
11 79 45 73
12 2 51 199
12 10 7 117
12 13 4 163
12 14 34 132
12 25 20 184
12 27 37 242
12 37 45 290
12 52 13 52
12 54 26 59
12 60 16 202
12 62 55 213
12 66 41 190
12 67 1 30
12 73 31 280
12 78 43 125
13 3 49 209
13 4 4 198
13 12 44 10
13 13 34 163
13 15 13 195
13 19 58 186
13 20 55 237
13 27 53 188
13 32 15 236
13 33 25 259
13 44 31 113
13 65 1 204
13 72 37 170
13 75 8 31
13 80 19 247
14 2 22 70
14 6 34 171
14 9 53 73
14 13 15 163
14 20 10 211
14 27 47 242
14 30 13 110
14 34 25 94
14 36 43 244
14 52 7 52
14 53 28 34
14 58 1 42
14 60 4 202
14 62 19 213
14 75 37 111
15 3 13 268
15 10 7 46
15 16 21 38
15 20 37 237
15 24 28 146
15 35 25 285
15 36 56 290
15 41 3 122
15 48 17 133
15 52 46 52
15 57 49 99
15 60 11 202
15 63 39 215
15 66 33 190
15 72 19 246
16 7 3 211
16 9 13 230
16 10 58 53
16 29 19 253
16 33 37 259
16 34 33 94
16 47 9 57
16 49 55 200
16 55 45 65
16 59 28 258
16 61 7 47
16 65 16 63
16 69 21 232
16 78 31 284
16 79 49 73
17 1 7 228
17 2 5 199
17 3 37 209
17 14 59 132
17 15 29 99
17 17 13 16
17 30 52 50
17 35 43 81
17 36 31 244
17 40 19 120
17 45 15 147
17 46 27 130
17 47 55 265
17 61 3 18
17 65 10 63
18 8 49 175
18 9 17 73
18 10 10 279
18 11 37 183
18 17 33 16
18 18 25 156
18 28 40 252
18 31 52 14
18 48 7 133
18 49 44 200
18 57 19 207
18 58 1 217
18 60 4 60
18 66 29 124
18 78 13 125
19 1 13 88
19 23 55 4
19 27 33 242
19 29 2 151
19 34 16 177
19 46 29 130
19 50 41 79
19 52 43 78
19 53 10 34
19 55 49 65
19 58 22 42
19 65 19 204
19 69 25 112
19 72 31 170
19 73 4 87
20 4 34 271
20 5 10 100
20 8 31 175
20 10 16 279
20 14 25 241
20 20 41 151
20 27 56 242
20 36 49 290
20 40 37 77
20 43 20 43
20 45 3 270
20 53 7 34
20 55 1 65
20 62 43 213
20 64 27 282
21 3 19 268
21 4 16 198
21 11 31 183
21 15 23 195
21 18 13 156
21 19 25 186
21 28 49 252
21 37 55 292
21 39 2 191
21 45 38 277
21 46 53 113
21 58 7 42
21 60 27 220
21 62 10 213
21 76 43 161
22 1 25 228
22 2 59 199
22 8 1 93
22 10 3 46
22 15 44 66
22 16 37 38
22 20 40 237
22 25 55 294
22 40 19 218
22 41 10 122
22 55 23 65
22 57 13 37
22 64 51 282
22 68 31 278
22 78 7 287
23 2 7 199
23 3 31 209
23 16 13 200
23 17 9 16
23 18 52 179
23 23 56 197
23 27 11 230
23 28 28 17
23 34 37 94
23 38 1 91
23 40 43 166
23 58 49 84
23 65 25 63
23 71 5 118
23 74 22 153
24 1 34 88
24 6 29 171
24 7 15 211
24 8 13 93
24 13 31 82
24 17 19 68
24 19 27 186
24 40 38 120
24 45 49 277
24 50 5 11
24 54 1 59
24 60 58 202
24 69 21 39
24 72 55 88
24 73 10 280
25 11 3 32
25 22 13 215
25 24 31 292
25 28 34 20
25 30 37 281
25 31 19 54
25 33 7 74
25 35 25 119
25 37 43 233
25 44 11 113
25 51 29 298
25 64 55 128
25 67 16 296
25 70 22 266
25 72 50 88
26 1 19 228
26 4 25 271
26 8 37 93
26 13 46 163
26 18 7 179
26 19 43 186
26 32 28 236
26 33 32 74
26 36 39 244
26 43 1 124
26 46 5 130
26 49 52 139
26 52 10 52
26 58 13 217
26 60 22 202
27 6 13 171
27 9 31 230
27 11 28 93
27 15 15 195
27 18 10 156
27 19 17 186
27 20 19 211
27 24 34 292
27 31 46 14
27 42 7 98
27 47 2 15
27 49 25 239
27 63 21 21
27 78 37 287
27 80 51 247
28 16 5 38
28 20 13 264
28 22 10 196
28 24 37 211
28 29 32 253
28 36 1 234
28 43 20 124
28 46 40 113
28 48 59 133
28 49 7 273
28 50 56 79
28 54 49 59
28 65 28 63
28 73 25 280
29 4 45 271
29 5 25 205
29 9 11 73
29 18 28 179
29 20 40 211
29 25 7 95
29 26 37 55
29 27 1 242
29 40 13 166
29 51 3 298
29 54 56 102
29 62 19 248
29 68 31 71
29 70 22 157
29 72 51 170
30 10 19 53
30 13 31 163
30 15 5 66
30 19 11 186
30 24 43 246
30 31 46 66
30 35 34 119
30 38 13 258
30 45 1 277
30 53 25 275
30 54 49 223
30 63 37 21
30 66 9 190
30 67 28 296
30 68 55 71
31 29 34 151
31 31 37 54
31 33 1 259
31 35 19 119
31 36 44 260
31 37 15 107
31 42 49 35
31 43 55 43
31 44 13 113
31 46 32 264
31 50 51 79
31 58 28 217
31 64 23 282
31 68 7 278
31 78 26 284
32 5 13 27
32 7 9 56
32 9 5 230
32 15 37 99
32 16 39 38
32 20 7 28
32 25 44 184
32 28 20 252
32 32 17 236
32 42 35 35
32 43 55 118
32 53 26 297
32 56 31 289
32 63 1 21
32 66 50 190
33 12 31 10
33 19 41 186
33 22 19 55
33 23 1 299
33 29 13 253
33 33 37 245
33 38 15 114
33 43 49 43
33 47 55 15
33 56 7 227
33 58 25 101
33 62 28 67
33 67 22 30
33 75 44 31
33 80 35 247
34 9 41 135
34 12 55 10
34 16 51 38
34 26 35 68
34 32 21 236
34 40 9 120
34 42 27 35
34 43 1 300
34 46 19 130
34 51 13 172
34 52 38 143
34 56 15 45
34 66 45 190
34 72 33 170
34 80 7 283
35 1 22 228
35 6 37 171
35 7 26 72
35 10 16 53
35 24 43 131
35 29 7 151
35 31 58 14
35 41 46 212
35 43 49 124
35 51 31 298
35 52 40 52
35 60 1 202
35 62 19 67
35 67 10 30
35 77 33 152
36 1 22 88
36 2 35 199
36 7 49 72
36 9 11 84
36 21 13 40
36 28 55 252
36 31 7 54
36 33 25 245
36 35 37 119
36 38 43 91
36 39 31 214
36 57 1 174
36 64 19 128
36 70 58 157
36 71 29 118
37 9 53 135
37 11 7 183
37 18 49 179
37 29 47 151
37 40 1 255
37 46 29 113
37 47 31 57
37 55 13 65
37 59 16 51
37 63 43 68
37 66 20 229
37 69 55 206
37 73 10 6
37 77 25 152
37 80 22 283
38 3 55 27
38 8 21 175
38 15 1 32
38 20 17 28
38 21 31 224
38 24 52 131
38 32 23 208
38 45 3 147
38 48 10 133
38 51 8 172
38 54 39 223
38 57 43 207
38 63 13 21
38 73 49 280
38 75 25 111
39 4 19 198
39 15 31 32
39 19 53 35
39 25 13 294
39 27 37 230
39 31 22 54
39 35 49 119
39 48 11 144
39 54 43 180
39 56 25 289
39 58 8 101
39 59 39 51
39 73 34 280
39 76 57 161
39 79 1 167
40 1 26 88
40 20 31 151
40 25 49 48
40 28 57 20
40 30 11 265
40 37 37 135
40 49 33 139
40 54 21 180
40 59 4 51
40 64 43 282
40 65 1 63
40 68 15 109
40 69 7 39
40 75 45 154
41 1 4 88
41 4 10 271
41 8 1 175
41 11 25 183
41 30 16 265
41 32 55 236
41 44 35 237
41 53 31 275
41 58 44 84
41 59 40 42
41 60 51 60
41 63 19 137
41 65 7 286
41 74 13 153
41 78 28 287
42 1 4 228
42 6 25 171
42 9 58 84
42 29 11 151
42 37 27 292
42 38 37 80
42 41 46 122
42 43 13 118
42 46 17 264
42 50 35 11
42 53 51 275
42 54 31 180
42 63 7 164
42 73 43 6
42 76 20 125
43 6 45 171
43 13 10 220
43 19 8 186
43 20 1 28
43 24 34 105
43 25 37 184
43 27 27 242
43 29 55 253
43 32 14 208
43 37 20 233
43 61 16 18
43 62 58 213
43 66 47 124
43 70 49 266
43 76 3 243
44 5 52 100
44 10 13 46
44 14 11 132
44 15 16 66
44 18 32 179
44 19 19 186
44 30 49 110
44 36 25 234
44 37 43 292
44 44 9 113
44 49 22 239
44 52 4 52
44 62 37 213
44 63 55 21
44 71 1 5
45 17 11 16
45 19 13 186
45 24 7 131
45 25 43 48
45 28 4 26
45 32 16 208
45 46 37 130
45 49 1 239
45 53 31 167
45 58 19 84
45 66 53 229
45 70 56 266
45 78 59 287
45 79 25 167
46 2 22 199
46 6 59 171
46 10 49 279
46 12 7 148
46 19 52 186
46 24 15 292
46 31 3 54
46 37 43 179
46 44 13 237
46 46 38 113
46 47 55 57
46 51 19 298
46 66 1 190
46 69 31 206
46 71 35 118
47 6 57 171
47 12 1 240
47 13 13 82
47 17 52 16
47 20 25 151
47 23 27 4
47 27 5 242
47 28 37 127
47 43 43 118
47 46 23 130
47 58 34 217
47 62 40 67
47 66 16 190
47 71 7 251
47 72 9 114
48 10 7 279
48 16 26 38
48 19 13 182
48 20 1 264
48 32 3 236
48 44 57 237
48 49 31 239
48 59 28 51
48 61 5 18
48 67 22 296
48 68 43 8
48 70 40 266
48 71 19 244
48 72 11 170
48 74 16 153
49 2 1 49
49 11 9 282
49 22 43 223
49 31 55 14
49 33 19 165
49 37 37 179
49 38 13 210
49 39 25 185
49 42 23 98
49 44 17 237
49 49 46 239
49 51 29 172
49 57 32 188
49 66 3 190
49 78 50 139
50 2 5 221
50 9 29 73
50 12 32 240
50 13 10 82
50 24 21 105
50 27 58 230
50 30 19 265
50 35 43 119
50 40 25 166
50 67 7 30
50 68 37 53
50 71 13 244
50 77 49 152
50 79 1 178
50 80 15 247
51 10 13 53
51 13 40 163
51 20 21 211
51 32 23 236
51 36 50 260
51 37 3 292
51 46 1 130
51 50 7 79
51 51 55 298
51 52 46 78
51 62 43 67
51 66 27 190
51 71 11 118
51 73 37 280
51 78 9 125
52 2 53 199
52 10 46 117
52 12 37 148
52 13 7 163
52 19 29 186
52 22 34 215
52 23 49 157
52 37 25 233
52 43 1 43
52 49 58 239
52 52 10 71
52 55 43 65
52 65 13 204
52 72 56 170
52 77 19 203
53 2 11 70
53 5 31 27
53 26 49 55
53 39 7 185
53 45 21 123
53 49 55 239
53 51 1 298
53 52 34 143
53 53 16 34
53 58 40 217
53 68 45 109
53 73 58 280
53 74 3 97
53 78 37 125
53 79 25 73
54 1 4 67
54 3 19 172
54 10 46 279
54 14 17 69
54 17 7 68
54 18 1 179
54 24 52 146
54 31 56 54
54 34 9 94
54 39 39 185
54 54 13 102
54 59 49 42
54 69 31 39
54 78 26 287
54 80 43 247
55 1 1 88
55 6 53 171
55 8 43 175
55 18 22 156
55 28 28 252
55 33 32 259
55 34 19 177
55 39 13 238
55 40 49 120
55 54 45 231
55 56 7 45
55 63 38 164
55 70 25 157
55 72 57 88
55 80 11 247
56 3 7 268
56 6 23 117
56 9 1 230
56 10 52 279
56 17 13 68
56 21 33 272
56 27 39 230
56 31 15 287
56 32 37 82
56 38 19 91
56 42 3 35
56 49 25 139
56 62 28 213
56 66 31 190
56 72 5 246
57 20 5 28
57 23 19 299
57 25 7 294
57 26 11 55
57 30 37 110
57 33 13 74
57 35 28 285
57 37 49 135
57 42 31 35
57 45 56 147
57 51 53 172
57 53 46 167
57 60 34 202
57 62 43 117
57 65 39 204
58 4 1 218
58 6 49 171
58 9 11 184
58 10 31 46
58 11 34 93
58 19 51 128
58 20 9 264
58 24 55 126
58 27 59 165
58 37 38 233
58 43 13 124
58 49 4 239
58 53 46 275
58 56 25 227
58 79 19 167
59 5 49 205
59 7 7 121
59 12 13 10
59 15 58 100
59 16 23 38
59 18 2 156
59 21 19 126
59 28 34 17
59 34 55 177
59 35 31 81
59 36 43 234
59 43 25 118
59 59 52 51
59 76 39 125
59 80 37 283
60 3 13 209
60 7 56 211
60 9 7 135
60 11 28 183
60 17 41 68
60 19 23 182
60 27 45 242
60 36 19 260
60 42 38 35
60 62 31 213
60 64 1 128
60 69 3 112
60 70 34 266
60 77 9 203
60 80 17 247
61 4 52 271
61 7 31 237
61 25 19 48
61 31 43 14
61 40 2 166
61 41 58 212
61 44 11 237
61 50 56 11
61 51 16 172
61 54 27 102
61 60 25 202
61 64 13 128
61 69 37 112
61 72 8 170
61 80 49 247
62 2 13 199
62 12 15 240
62 13 10 163
62 15 35 195
62 16 43 38
62 24 32 246
62 30 23 110
62 32 45 236
62 44 7 237
62 49 4 273
62 51 49 298
62 52 37 52
62 53 1 275
62 66 41 124
62 79 26 178
63 4 43 28
63 7 31 56
63 17 3 68
63 27 40 242
63 29 15 165
63 31 10 287
63 35 25 81
63 41 37 212
63 46 51 130
63 49 7 139
63 58 46 42
63 63 55 116
63 66 21 190
63 73 28 280
63 78 49 284
64 9 29 230
64 20 4 264
64 22 25 224
64 23 50 4
64 28 1 127
64 30 10 110
64 32 35 236
64 38 37 91
64 40 31 166
64 41 13 122
64 48 16 144
64 49 19 239
64 55 7 65
64 66 22 229
64 67 46 296
65 5 49 27
65 12 55 148
65 14 19 241
65 20 27 264
65 23 21 101
65 27 11 242
65 35 4 81
65 40 15 218
65 47 31 158
65 56 39 45
65 60 45 202
65 61 25 18
65 65 7 204
65 66 13 190
65 73 1 280
66 5 13 100
66 6 21 171
66 12 27 10
66 13 55 163
66 17 47 68
66 26 25 55
66 30 34 110
66 46 23 264
66 48 19 144
66 49 16 273
66 52 7 78
66 68 37 250
66 71 10 251
66 73 3 6
66 78 1 139
67 11 21 93
67 13 4 220
67 14 37 69
67 22 49 178
67 28 52 17
67 29 19 151
67 33 44 160
67 46 31 130
67 51 34 298
67 60 29 220
67 63 57 215
67 65 13 63
67 68 25 8
67 70 39 157
67 79 7 73
68 1 1 67
68 5 28 100
68 6 43 171
68 9 25 135
68 19 11 182
68 24 49 292
68 27 21 230
68 33 15 259
68 42 13 35
68 44 19 237
68 57 7 37
68 58 34 42
68 75 45 111
68 78 5 287
68 80 23 247
69 3 43 172
69 10 26 53
69 16 17 38
69 17 7 71
69 28 1 20
69 33 13 160
69 54 38 102
69 60 23 60
69 63 55 104
69 65 32 63
69 67 4 30
69 68 50 273
69 69 19 206
69 76 9 161
70 4 1 271
70 18 34 156
70 22 4 223
70 24 52 292
70 25 56 184
70 28 49 26
70 29 16 151
70 33 37 107
70 38 43 210
70 47 25 158
70 50 20 79
70 59 7 258
70 66 22 222
70 70 31 266
70 78 11 139
71 1 43 228
71 3 38 268
71 10 25 279
71 22 22 224
71 28 19 17
71 32 5 236
71 38 55 114
71 44 28 237
71 47 1 57
71 48 33 144
71 55 11 65
71 56 7 289
71 57 13 99
71 68 50 278
71 78 17 139
72 3 19 209
72 19 41 128
72 21 37 272
72 31 1 89
72 33 26 74
72 34 4 94
72 36 32 260
72 40 13 120
72 43 56 124
72 52 10 78
72 57 43 188
72 63 50 68
72 64 47 123
72 73 7 160
73 4 1 198
73 13 7 82
73 22 31 215
73 25 43 294
73 31 34 54
73 41 4 212
73 50 22 11
73 54 56 13
73 56 37 227
73 59 10 136
73 60 17 60
73 63 51 104
73 72 14 170
73 73 19 280
73 74 28 97
74 2 5 137
74 14 17 132
74 22 33 196
74 26 31 68
74 28 25 127
74 29 47 253
74 37 55 179
74 38 49 80
74 43 43 43
74 54 19 13
74 60 59 220
74 67 1 296
74 68 13 8
74 69 8 112
74 77 37 251
75 2 10 199
75 3 50 268
75 4 25 141
75 7 37 22
75 33 55 160
75 48 41 144
75 52 28 143
75 55 17 65
75 57 13 207
75 58 4 42
75 68 43 273
75 70 7 266
75 76 21 161
75 79 31 73
75 80 2 247
76 4 22 271
76 11 1 183
76 19 34 186
76 22 37 178
76 26 28 105
76 30 4 265
76 31 25 54
76 34 49 177
76 41 31 122
76 45 15 123
76 52 19 52
76 55 9 65
76 67 46 30
76 68 55 8
76 80 13 247
77 7 13 22
77 8 58 93
77 10 19 46
77 19 46 186
77 23 39 3
77 26 22 55
77 27 7 49
77 41 43 212
77 45 50 147
77 53 55 34
77 56 31 45
77 69 25 39
77 75 3 31
77 77 9 235
77 80 1 283
78 3 43 27
78 4 55 271
78 6 7 158
78 8 47 93
78 11 4 183
78 20 25 28
78 38 9 210
78 39 38 214
78 50 33 79
78 66 17 124
78 68 19 278
78 76 13 243
78 77 27 6
78 79 50 233
78 80 31 247
79 2 52 49
79 5 46 100
79 7 19 72
79 14 59 69
79 19 25 182
79 23 33 4
79 26 31 50
79 29 23 253
79 42 17 35
79 43 7 124
79 53 40 34
79 61 27 18
79 65 1 286
79 70 14 157
79 75 55 222
80 3 1 268
80 7 25 121
80 12 37 240
80 24 10 146
80 29 41 165
80 35 7 81
80 37 32 135
80 38 56 91
80 49 50 239
80 54 19 102
80 55 29 65
80 64 53 282
80 71 17 118
80 77 43 203
80 80 13 283
81 4 19 141
81 12 9 10
81 14 49 132
81 20 7 264
81 27 29 242
81 30 41 110
81 32 13 236
81 33 31 245
81 39 1 36
81 41 55 212
81 50 15 79
81 51 51 298
81 58 26 84
81 69 43 206
81 72 53 88
82 6 9 171
82 8 45 175
82 12 37 10
82 13 49 220
82 17 22 16
82 19 32 186
82 20 29 211
82 27 15 242
82 40 56 120
82 42 11 98
82 47 25 57
82 53 1 297
82 59 52 42
82 71 7 5
82 73 4 280
83 7 3 72
83 9 17 39
83 12 49 240
83 16 32 38
83 26 53 105
83 29 29 253
83 30 1 265
83 31 34 14
83 47 19 57
83 55 15 65
83 63 7 19
83 68 25 278
83 72 46 88
83 73 57 87
83 77 38 203
84 4 58 218
84 15 31 100
84 21 43 126
84 23 33 299
84 28 55 127
84 29 21 253
84 30 7 265
84 32 11 236
84 35 3 119
84 44 1 237
84 50 9 11
84 58 14 101
84 62 37 67
84 75 49 154
84 77 25 203
85 10 56 279
85 18 31 156
85 21 26 126
85 23 37 299
85 34 1 177
85 36 15 234
85 39 7 36
85 45 49 123
85 46 53 130
85 50 11 11
85 63 43 21
85 67 19 296
85 72 22 170
85 74 4 153
86 1 19 88
86 9 11 39
86 10 2 279
86 19 5 182
86 23 7 197
86 27 49 242
86 31 40 54
86 33 55 165
86 34 52 177
86 38 31 91
86 41 28 212
86 44 17 113
86 48 15 133
86 64 44 128
86 67 37 296
87 3 33 172
87 13 28 82
87 16 56 38
87 20 23 151
87 24 25 131
87 27 21 242
87 48 50 133
87 49 10 239
87 50 3 79
87 55 7 284
87 58 45 217
87 64 31 282
87 65 37 63
87 66 43 190
87 67 13 296
88 4 37 271
88 16 49 38
88 25 31 48
88 44 9 237
88 45 25 123
88 46 45 130
88 50 1 79
88 51 5 298
88 54 15 13
88 55 47 284
88 65 22 204
88 69 55 112
88 70 19 15
88 71 13 251
88 72 40 88
89 2 3 137
89 8 58 175
89 13 28 163
89 21 7 126
89 25 44 291
89 27 13 242
89 36 50 234
89 42 25 98
89 48 1 133
89 52 55 78
89 54 19 59
89 70 16 266
89 73 40 280
89 76 31 69
89 78 5 139
90 10 19 279
90 14 29 132
90 23 7 299
90 24 49 131
90 29 41 253
90 30 53 110
90 39 37 191
90 45 25 147
90 47 13 57
90 50 1 11
90 56 56 227
90 58 22 84
90 69 3 232
90 75 32 31
90 77 44 152
91 5 37 196
91 17 11 68
91 25 1 291
91 26 46 55
91 31 49 14
91 33 31 165
91 39 13 191
91 44 19 113
91 50 17 79
91 55 40 65
91 61 29 18
91 62 22 213
91 69 25 206
91 71 7 244
91 72 5 114
92 8 3 93
92 10 22 53
92 17 1 16
92 28 43 26
92 29 17 253
92 36 25 244
92 38 49 114
92 41 10 212
92 51 13 298
92 54 31 13
92 61 7 18
92 67 19 30
92 69 37 206
92 72 53 170
92 78 41 139
93 4 31 271
93 5 7 27
93 10 50 117
93 15 25 32
93 20 1 211
93 21 19 40
93 26 11 105
93 29 13 165
93 31 34 66
93 35 16 119
93 41 56 122
93 44 3 237
93 51 27 298
93 62 46 213
93 72 59 88
94 1 10 228
94 3 39 285
94 4 31 198
94 6 2 171
94 12 19 10
94 20 23 211
94 21 43 272
94 28 55 26
94 30 5 50
94 31 28 54
94 37 13 290
94 41 25 212
94 61 37 18
94 66 47 190
94 73 7 6
95 2 19 199
95 4 22 198
95 9 47 135
95 10 9 53
95 13 1 163
95 15 4 100
95 22 28 196
95 26 17 55
95 37 43 135
95 54 31 223
95 61 13 47
95 62 25 67
95 69 49 112
95 74 55 97
95 75 37 31
96 4 28 198
96 6 11 171
96 11 3 282
96 17 25 16
96 21 31 126
96 27 47 230
96 35 19 81
96 48 35 144
96 49 43 239
96 53 7 275
96 69 38 39
96 70 22 15
96 72 1 246
96 75 55 154
96 79 13 178
97 3 49 253
97 5 25 100
97 7 44 22
97 10 16 117
97 17 58 16
97 20 11 264
97 24 31 105
97 29 4 151
97 32 53 208
97 39 19 214
97 41 40 122
97 43 7 44
97 50 35 79
97 60 38 202
97 72 1 114
98 1 37 88
98 2 55 199
98 14 21 132
98 15 1 195
98 27 23 242
98 41 40 212
98 43 57 300
98 47 49 15
98 48 27 133
98 56 13 289
98 61 17 47
98 62 34 213
98 67 7 296
98 72 43 88
98 73 31 160
99 7 49 211
99 15 53 99
99 19 4 186
99 25 7 291
99 30 55 110
99 42 21 35
99 45 31 123
99 48 29 133
99 51 11 134
99 52 1 52
99 57 13 188
99 63 25 21
99 77 57 251
99 78 19 287
99 80 46 247
100 4 19 28
100 5 10 27
100 7 38 56
100 11 16 282
100 13 7 220
100 15 29 32
100 23 1 197
100 25 25 184
100 32 31 236
100 42 23 35
100 44 5 113
100 53 55 275
100 59 13 51
100 60 43 202
100 77 49 251
101 6 5 158
101 12 50 224
101 17 7 16
101 22 25 196
101 23 43 197
101 24 20 292
101 28 15 26
101 32 40 236
101 45 31 147
101 48 13 144
101 50 10 79
101 55 59 65
101 58 37 84
101 62 1 213
101 70 28 266
102 1 37 228
102 2 21 246
102 4 7 141
102 32 19 208
102 39 56 191
102 40 31 120
102 43 13 43
102 46 17 130
102 49 10 200
102 54 25 180
102 56 49 45
102 58 40 84
102 70 45 266
102 72 4 170
102 73 1 160
103 2 29 199
103 4 19 271
103 8 7 93
103 20 22 28
103 26 41 55
103 27 51 242
103 28 37 17
103 35 43 285
103 44 3 113
103 46 33 130
103 50 15 11
103 55 31 65
103 64 13 282
103 66 25 229
103 70 10 15
104 11 33 32
104 15 11 32
104 23 43 4
104 25 7 48
104 28 28 20
104 33 49 160
104 37 55 135
104 41 1 212
104 47 13 15
104 53 4 34
104 74 25 97
104 75 19 154
104 76 37 243
104 80 31 283
105 9 59 135
105 15 44 32
105 22 3 224
105 24 10 246
105 27 41 188
105 35 7 119
105 36 13 260
105 42 1 35
105 43 26 43
105 47 37 158
105 55 21 65
105 60 31 202
105 61 19 18
105 66 34 229
105 69 49 87
106 5 16 100
106 9 29 84
106 11 49 32
106 24 34 131
106 28 22 17
106 29 5 253
106 30 46 110
106 39 1 185
106 42 19 35
106 43 37 124
106 45 8 270
106 51 57 298
106 55 44 284
106 58 13 84
106 70 52 266
107 14 2 132
107 18 10 179
107 25 37 294
107 26 52 55
107 31 46 54
107 34 28 177
107 41 19 212
107 55 25 65
107 58 31 217
107 61 23 18
107 62 4 248
107 66 41 229
107 68 55 162
107 73 14 280
107 74 43 153
108 5 40 196
108 10 34 117
108 31 19 14
108 45 43 277
108 54 13 223
108 57 1 56
108 58 37 42
108 60 17 220
108 62 25 213
108 63 49 21
108 64 59 282
108 65 10 204
108 74 22 97
108 77 55 203
108 80 7 247
109 6 23 171
109 7 13 72
109 13 4 82
109 14 11 241
109 16 1 38
109 19 56 186
109 38 49 210
109 40 7 218
109 43 19 78
109 50 27 79
109 61 53 18
109 65 43 286
109 68 37 278
109 76 31 243
109 80 25 283
110 5 16 205
110 9 13 135
110 15 23 66
110 16 31 60
110 22 33 55
110 31 46 287
110 34 43 94
110 37 56 138
110 43 25 124
110 45 38 270
110 47 2 245
110 54 8 13
110 64 29 282
110 68 19 250
110 69 50 206
111 10 32 279
111 14 23 69
111 15 10 195
111 17 37 16
111 18 7 156
111 24 16 246
111 25 39 95
111 35 46 119
111 37 19 22
111 46 3 130
111 51 43 298
111 54 49 102
111 57 25 188
111 62 58 67
111 65 55 204
112 4 10 198
112 10 2 53
112 13 25 82
112 15 47 99
112 17 41 16
112 32 33 236
112 34 7 177
112 36 55 244
112 38 43 114
112 40 19 77
112 41 49 212
112 62 13 213
112 64 5 128
112 74 52 153
112 80 39 283
113 4 37 218
113 6 31 171
113 10 40 46
113 13 52 163
113 14 1 69
113 30 57 110
113 33 43 259
113 35 28 119
113 37 13 92
113 39 19 238
113 42 55 35
113 51 25 298
113 54 33 102
113 57 7 174
113 58 4 84
114 10 13 279
114 11 34 183
114 33 21 259
114 34 46 94
114 41 16 122
114 43 8 43
114 60 49 202
114 65 4 63
114 68 25 273
114 69 37 83
114 73 31 6
114 75 51 31
114 76 55 125
114 80 19 283
115 2 17 199
115 13 49 163
115 30 19 110
115 33 55 74
115 34 52 134
115 43 43 124
115 53 33 34
115 57 25 99
115 62 7 213
115 63 37 68
115 64 47 128
115 68 21 273
115 76 13 69
115 77 1 203
116 5 3 196
116 8 11 93
116 11 33 282
116 15 23 32
116 20 21 151
116 21 43 224
116 25 25 48
116 28 40 20
116 29 1 165
116 35 14 81
116 39 7 191
116 50 31 79
116 60 51 202
116 74 37 97
116 80 53 247
117 3 19 27
117 8 3 175
117 11 52 183
117 14 43 132
117 22 45 196
117 28 16 20
117 35 10 81
117 51 38 172
117 52 7 143
117 58 13 42
117 68 55 291
117 71 59 122
117 76 25 161
117 77 31 203
117 80 35 283
118 5 40 205
118 11 13 183
118 17 17 16
118 22 9 215
118 28 19 127
118 31 43 54
118 42 7 35
118 45 31 277
118 52 22 52
118 55 35 65
118 56 1 45
118 66 53 124
118 67 25 30
118 72 29 246
118 74 37 153
119 2 37 199
119 12 1 10
119 21 25 40
119 26 7 105
119 27 53 242
119 36 21 244
119 38 13 91
119 45 43 123
119 48 9 144
119 49 39 200
119 53 58 275
119 54 49 180
119 55 5 284
119 61 19 47
119 63 32 137
120 4 7 198
120 5 25 27
120 18 46 229
120 21 49 126
120 22 19 215
120 25 1 48
120 26 5 105
120 34 38 177
120 51 41 134
120 53 34 275
120 59 28 42
120 60 10 60
120 63 14 137
120 66 23 190
120 77 56 152
121 7 31 121
121 12 7 240
121 16 28 38
121 22 58 196
121 24 13 246
121 27 35 49
121 28 22 20
121 30 39 110
121 31 16 14
121 34 25 177
121 39 43 36
121 47 49 57
121 52 19 143
121 61 1 18
121 77 3 33
122 2 3 199
122 6 17 171
122 8 28 175
122 9 43 73
122 13 19 220
122 19 1 186
122 23 49 197
122 28 34 26
122 39 7 214
122 40 38 166
122 54 13 59
122 61 32 18
122 64 25 128
122 66 11 124
122 68 45 250
123 6 40 171
123 7 25 56
123 10 10 117
123 15 5 195
123 24 7 146
123 25 49 294
123 32 53 236
123 39 43 214
123 54 1 102
123 55 29 284
123 57 55 99
123 59 16 42
123 67 31 30
123 75 20 111
123 78 59 284
124 1 28 70
124 2 33 199
124 4 13 271
124 6 55 117
124 7 43 211
124 12 7 224
124 20 57 28
124 39 1 214
124 41 25 122
124 53 20 34
124 61 23 47
124 65 16 204
124 71 53 122
124 77 49 235
124 79 38 167
125 2 27 199
125 4 13 198
125 9 55 84
125 21 1 126
125 35 31 119
125 39 38 238
125 41 43 122
125 42 29 35
125 46 21 130
125 51 5 134
125 52 52 52
125 59 46 51
125 67 34 30
125 71 16 244
125 77 7 152
126 1 16 67
126 2 25 199
126 4 58 198
126 5 40 100
126 6 19 171
126 16 13 38
126 18 21 179
126 24 49 146
126 25 1 184
126 33 27 165
126 35 10 119
126 42 5 35
126 69 31 87
126 77 43 235
126 80 37 247
127 15 35 99
127 19 31 182
127 23 37 197
127 34 4 177
127 37 55 22
127 38 44 258
127 51 59 298
127 53 52 34
127 54 7 59
127 55 2 284
127 60 25 220
127 68 20 8
127 69 27 232
127 75 13 31
127 80 33 247
128 3 44 209
128 6 55 171
128 8 40 175
128 15 7 195
128 17 49 16
128 25 26 294
128 26 58 68
128 27 13 49
128 28 10 20
128 31 51 54
128 51 21 298
128 60 15 220
128 61 4 47
128 65 32 286
128 71 1 122
129 21 55 40
129 22 37 224
129 34 16 94
129 35 13 119
129 37 25 22
129 40 1 120
129 47 19 245
129 51 47 298
129 56 43 227
129 57 49 188
129 60 33 220
129 64 23 128
129 66 59 229
129 70 7 157
129 73 10 160
130 6 7 171
130 7 44 237
130 16 53 38
130 17 31 16
130 24 4 146
130 31 1 66
130 35 10 285
130 54 49 13
130 56 55 45
130 57 39 99
130 65 25 286
130 67 28 30
130 74 33 97
130 76 19 69
130 77 13 235
131 2 49 199
131 5 22 196
131 14 39 132
131 22 16 196
131 26 29 68
131 37 51 92
131 41 19 122
131 47 45 265
131 49 13 273
131 53 58 34
131 57 1 188
131 58 7 217
131 62 31 67
131 70 25 266
131 73 10 87
132 15 59 99
132 22 7 196
132 24 37 131
132 27 55 230
132 31 10 54
132 34 40 94
132 38 49 258
132 43 43 300
132 44 21 237
132 51 5 172
132 54 31 59
132 55 19 65
132 59 1 51
132 63 25 104
132 75 13 111
133 2 8 246
133 9 17 135
133 11 39 93
133 12 50 10
133 14 23 132
133 17 27 16
133 18 43 229
133 29 25 253
133 34 20 94
133 39 13 214
133 46 59 113
133 57 31 207
133 62 46 67
133 67 4 296
133 77 55 6
134 4 13 141
134 11 16 183
134 20 53 211
134 26 43 55
134 28 31 26
134 33 19 74
134 41 7 281
134 53 10 275
134 54 55 250
134 56 49 227
134 62 34 67
134 63 45 215
134 75 1 111
134 76 25 243
134 77 38 103
135 2 43 199
135 12 1 140
135 15 23 100
135 36 55 260
135 39 19 185
135 41 32 212
135 42 28 98
135 46 11 130
135 47 7 134
135 53 37 34
135 54 45 102
135 58 25 42
135 61 14 18
135 76 50 243
135 78 35 287
136 10 37 117
136 13 19 163
136 14 51 132
136 17 22 68
136 25 1 95
136 27 16 230
136 29 10 253
136 38 31 258
136 40 25 120
136 44 7 113
136 49 13 239
136 55 55 65
136 68 57 109
136 71 5 249
136 74 46 97
137 4 40 271
137 5 20 205
137 10 10 46
137 18 46 156
137 21 25 83
137 25 50 184
137 27 35 165
137 30 5 110
137 34 31 177
137 36 55 159
137 37 1 92
137 45 14 270
137 51 23 134
137 65 7 63
137 74 43 97
138 16 41 38
138 17 15 16
138 24 46 146
138 30 25 110
138 31 10 66
138 35 7 285
138 36 31 234
138 46 39 130
138 53 22 275
138 56 55 289
138 63 49 137
138 66 37 229
138 68 1 278
138 70 19 266
138 71 27 251
139 2 41 199
139 3 57 285
139 8 11 175
139 10 31 53
139 11 20 282
139 14 5 132
139 26 15 55
139 33 1 74
139 44 23 237
139 45 25 270
139 57 37 188
139 59 7 51
139 60 13 202
139 73 43 280
139 77 49 6
140 3 31 268
140 8 13 175
140 10 4 117
140 24 1 146
140 27 35 242
140 30 21 110
140 42 9 98
140 48 43 144
140 49 28 239
140 60 41 220
140 63 37 104
140 64 11 128
140 67 16 30
140 73 25 160
140 78 7 125
141 5 52 196
141 7 25 9
141 15 41 32
141 16 34 38
141 23 13 299
141 28 31 252
141 32 1 236
141 36 7 234
141 43 37 43
141 44 21 113
141 52 58 52
141 59 55 51
141 65 4 286
141 77 43 251
141 78 11 125
142 1 13 67
142 11 38 282
142 21 31 40
142 26 7 55
142 30 23 281
142 32 25 236
142 36 19 234
142 37 1 233
142 38 9 91
142 50 46 79
142 58 16 84
142 70 43 157
142 76 27 125
142 77 50 203
142 79 56 167
143 9 41 184
143 11 37 217
143 14 46 132
143 17 19 16
143 18 4 179
143 28 50 127
143 30 7 110
143 34 25 136
143 35 34 81
143 39 21 36
143 50 13 11
143 52 10 143
143 69 56 193
143 70 28 15
143 73 15 6
144 4 34 218
144 5 31 270
144 6 28 117
144 23 19 197
144 24 43 105
144 27 25 242
144 28 58 26
144 29 11 165
144 31 39 287
144 32 37 236
144 34 13 177
144 52 49 52
144 57 2 99
144 69 7 206
144 71 16 5
145 22 52 178
145 27 17 188
145 28 19 20
145 30 1 50
145 32 22 241
145 41 7 122
145 45 43 147
145 47 13 158
145 60 41 202
145 66 50 141
145 69 3 206
145 71 47 118
145 74 10 97
145 76 55 243
145 80 59 283
146 19 39 186
146 21 13 272
146 27 29 188
146 29 5 165
146 36 25 290
146 38 49 91
146 40 44 218
146 45 7 147
146 47 1 134
146 59 22 51
146 63 55 137
146 71 11 5
146 72 59 246
146 76 32 125
147 7 25 211
147 8 17 93
147 11 46 282
147 15 1 100
147 21 37 40
147 26 3 55
147 31 31 54
147 42 13 98
147 43 50 78
147 48 22 144
147 51 15 298
147 59 43 42
147 65 19 63
147 73 7 87
147 74 34 153
148 21 13 224
148 26 1 55
148 29 7 165
148 35 40 119
148 39 25 36
148 42 47 35
148 46 9 130
148 48 53 144
148 56 43 289
148 59 33 51
148 62 49 67
148 63 56 164
148 66 5 124
148 70 37 266
148 79 20 73
149 1 16 88
149 7 43 72
149 11 19 183
149 17 35 16
149 20 3 28
149 23 37 4
149 37 9 135
149 39 49 214
149 41 22 212
149 50 53 79
149 66 56 190
149 73 13 87
149 74 31 153
149 80 29 283
150 5 16 233
150 9 1 135
150 11 46 183
150 12 20 240
150 16 11 38
150 21 25 272
150 22 4 215
150 26 9 105
150 30 44 110
150 55 13 284
150 57 57 188
150 61 34 18
150 64 7 128
150 66 29 229
150 72 49 170
151 2 29 137
151 4 7 271
151 12 49 148
151 16 3 38
151 20 19 264
151 39 31 191
151 42 17 98
151 45 55 277
151 46 35 130
151 53 43 275
151 56 13 227
151 59 25 51
151 61 21 18
151 66 5 190
151 78 1 125
152 11 43 183
152 14 19 132
152 19 37 186
152 26 39 55
152 34 31 134
152 37 49 107
152 48 1 144
152 52 28 52
152 53 34 167
152 57 14 174
152 58 10 217
152 61 21 47
152 69 3 39
152 73 7 280
152 75 57 111
153 4 34 198
153 20 13 211
153 23 49 299
153 28 15 17
153 31 22 14
153 46 29 264
153 49 31 200
153 51 7 298
153 54 55 223
153 65 25 204
153 71 9 244
153 74 19 97
153 76 45 125
153 77 39 152
153 79 2 73
154 24 58 146
154 25 1 294
154 27 51 165
154 32 47 236
154 33 7 259
154 43 19 118
154 44 23 113
154 45 31 174
154 50 37 79
154 52 40 78
154 53 25 34
154 58 28 101
154 67 43 296
154 68 13 278
154 74 55 153
155 2 1 137
155 11 40 183
155 26 27 55
155 27 17 242
155 30 32 110
155 32 51 236
155 35 3 285
155 41 14 212
155 44 25 113
155 50 49 79
155 63 43 137
155 66 35 190
155 74 7 153
155 75 19 31
155 79 55 73
156 2 31 199
156 9 5 135
156 14 53 132
156 21 49 272
156 26 13 55
156 28 46 26
156 30 28 110
156 31 16 54
156 32 43 236
156 37 56 92
156 44 26 237
156 45 19 277
156 63 33 21
156 77 1 152
156 79 7 178
157 2 39 199
157 3 43 221
157 6 47 171
157 7 56 72
157 8 35 175
157 27 11 49
157 34 13 136
157 38 7 80
157 47 26 134
157 57 20 188
157 60 1 60
157 63 49 215
157 65 16 286
157 76 3 69
157 79 31 178
158 1 15 228
158 18 4 229
158 19 49 186
158 26 13 105
158 28 7 26
158 33 45 245
158 38 37 13
158 41 52 212
158 45 25 277
158 46 41 172
158 49 31 273
158 58 1 84
158 59 10 258
158 69 19 112
158 75 57 31
159 1 40 228
159 5 43 100
159 18 28 156
159 22 22 215
159 31 25 14
159 37 51 138
159 39 15 185
159 48 31 144
159 49 46 139
159 50 37 11
159 52 33 29
159 54 1 180
159 68 55 278
159 72 19 170
159 76 7 243
160 11 49 183
160 19 22 186
160 21 13 126
160 30 1 110
160 43 3 78
160 46 43 113
160 59 19 51
160 65 39 286
160 67 32 296
160 71 35 251
160 72 8 263
160 75 26 31
160 78 37 139
160 79 57 178
160 80 10 283
161 7 32 211
161 14 27 132
161 17 29 16
161 21 43 40
161 22 16 215
161 31 40 14
161 32 7 236
161 39 49 36
161 55 47 65
161 56 1 289
161 59 56 42
161 74 13 97
161 75 9 154
161 77 19 103
161 78 5 125
162 3 43 268
162 17 33 68
162 18 19 156
162 23 25 299
162 29 39 253
162 31 49 287
162 37 55 233
162 40 7 166
162 48 31 133
162 58 4 217
162 60 22 220
162 71 1 251
162 72 59 170
162 79 13 167
162 80 17 283
163 4 1 141
163 7 32 72
163 17 39 16
163 18 13 229
163 21 56 259
163 34 10 177
163 39 25 214
163 48 37 133
163 49 7 239
163 57 43 99
163 65 20 286
163 71 5 251
163 72 17 170
163 76 49 161
163 80 29 247
164 13 22 163
164 14 11 69
164 20 59 237
164 28 44 252
164 29 3 165
164 31 13 14
164 43 7 118
164 46 41 130
164 52 25 52
164 53 49 34
164 57 55 207
164 68 31 250
164 69 37 87
164 71 1 244
164 74 28 153
165 2 38 49
165 10 25 117
165 17 56 16
165 21 19 272
165 26 31 55
165 28 1 252
165 29 9 165
165 37 33 290
165 43 51 118
165 47 13 134
165 53 4 275
165 56 43 45
165 64 49 282
165 65 28 204
165 80 58 247
166 1 57 228
166 2 47 199
166 17 43 16
166 24 4 131
166 25 19 294
166 27 45 230
166 28 52 252
166 41 37 122
166 48 7 144
166 51 23 172
166 56 31 227
166 63 25 215
166 66 10 229
166 72 2 170
166 78 40 284
167 2 15 199
167 3 56 268
167 5 19 100
167 12 44 240
167 14 7 132
167 17 5 68
167 23 9 3
167 38 37 210
167 42 41 35
167 52 32 52
167 58 25 217
167 71 23 118
167 72 35 170
167 74 1 153
167 79 51 167
168 10 16 46
168 12 25 148
168 22 1 223
168 24 46 131
168 28 9 252
168 29 23 165
168 31 4 89
168 33 37 165
168 35 13 285
168 36 56 234
168 41 50 122
168 51 35 134
168 54 31 7
168 56 19 45
168 64 7 282
169 2 57 199
169 11 52 217
169 15 7 32
169 18 16 229
169 23 2 4
169 25 31 294
169 34 28 94
169 37 19 290
169 44 50 237
169 49 13 139
169 51 11 298
169 55 35 284
169 61 9 18
169 69 43 112
169 74 40 97
170 3 27 268
170 4 49 271
170 5 33 100
170 8 5 175
170 11 56 183
170 15 17 99
170 18 37 156
170 24 52 246
170 33 7 245
170 38 1 210
170 52 22 143
170 61 40 18
170 69 13 39
170 73 46 280
170 78 31 139
171 1 22 67
171 5 37 100
171 13 25 163
171 24 10 292
171 25 13 48
171 32 35 82
171 40 31 77
171 42 1 98
171 52 40 71
171 53 19 275
171 55 17 284
171 61 28 47
171 62 52 213
171 70 7 15
171 71 5 244
172 12 43 140
172 17 23 71
172 25 7 184
172 33 39 160
172 39 56 185
172 42 25 35
172 43 1 118
172 44 5 237
172 47 19 158
172 49 34 239
172 71 31 251
172 73 52 280
172 74 49 153
172 76 27 210
172 77 14 152
173 4 44 198
173 8 15 175
173 10 28 279
173 14 13 241
173 25 37 48
173 30 5 154
173 37 50 22
173 46 7 130
173 47 32 15
173 50 25 79
173 57 1 207
173 59 10 51
173 61 55 18
173 70 19 157
173 80 41 283
174 1 31 88
174 4 58 271
174 11 19 32
174 28 34 252
174 37 37 292
174 40 49 116
174 41 7 212
174 42 15 35
174 50 3 11
174 54 25 223
174 70 10 266
174 71 22 251
174 72 29 170
174 75 43 222
175 4 16 271
175 23 55 101
175 24 13 131
175 31 2 14
175 35 28 81
175 41 22 122
175 57 8 99
175 58 19 42
175 60 31 220
175 64 37 128
175 66 39 229
175 67 52 30
175 74 49 97
175 75 33 111
175 76 43 243
176 3 37 27
176 4 28 271
176 8 25 175
176 11 31 93
176 16 9 38
176 19 15 186
176 26 5 55
176 38 19 80
176 40 49 218
176 41 34 122
176 46 56 130
176 50 13 79
176 69 45 170
176 70 2 157
176 72 43 170
177 2 3 70
177 5 7 100
177 8 17 175
177 10 19 117
177 24 49 246
177 26 1 105
177 27 31 242
177 28 52 26
177 38 25 91
177 42 33 35
177 46 35 264
177 57 13 56
177 63 37 137
177 68 44 278
177 69 56 39
178 9 3 135
178 12 21 140
178 15 31 195
178 17 46 16
178 19 33 128
178 32 19 236
178 39 37 36
178 42 5 98
178 44 1 113
178 45 7 123
178 53 43 34
178 57 49 207
178 67 25 296
178 73 55 280
178 75 14 222
179 3 31 285
179 14 41 132
179 20 52 237
179 27 25 165
179 30 59 110
179 32 20 82
179 41 1 80
179 45 37 123
179 48 28 144
179 49 43 139
179 52 13 143
179 55 57 65
179 59 10 42
179 60 7 60
179 65 4 204
180 9 47 84
180 17 5 16
180 21 8 272
180 23 27 197
180 32 58 236
180 34 50 94
180 45 20 270
180 46 25 130
180 51 37 298
180 52 55 52
180 55 33 65
180 61 15 47
180 62 40 213
180 68 1 109
180 76 43 69
181 1 34 228
181 3 55 209
181 6 15 171
181 7 49 9
181 13 43 163
181 14 13 132
181 21 25 103
181 35 22 119
181 48 20 133
181 54 7 223
181 55 11 284
181 57 37 207
181 58 31 84
181 59 46 136
181 76 2 161
182 12 55 140
182 25 31 184
182 29 27 253
182 44 15 237
182 46 47 130
182 47 43 15
182 50 29 79
182 51 41 298
182 56 37 289
182 57 20 99
182 65 49 204
182 66 11 190
182 68 7 250
182 72 25 170
182 75 1 222
183 8 7 175
183 9 35 73
183 10 40 279
183 12 25 140
183 13 1 82
183 21 31 103
183 23 9 4
183 25 49 95
183 35 55 119
183 47 44 57
183 48 22 133
183 50 58 79
183 58 4 101
183 60 53 202
183 70 13 266
184 3 1 209
184 7 43 56
184 8 23 175
184 24 31 131
184 34 13 94
184 35 16 285
184 38 55 258
184 40 49 166
184 45 37 147
184 46 47 113
184 57 25 207
184 60 21 60
184 66 29 190
184 78 53 125
184 80 9 247
185 5 55 100
185 19 35 182
185 34 58 177
185 40 49 77
185 50 47 11
185 51 23 298
185 52 43 52
185 54 37 59
185 56 19 289
185 61 2 47
185 62 4 213
185 65 10 286
185 69 13 206
185 71 27 5
185 78 17 125
186 3 39 221
186 4 9 28
186 5 34 270
186 8 19 175
186 10 22 279
186 12 25 240
186 16 7 38
186 23 13 197
186 28 31 20
186 29 37 151
186 33 44 165
186 54 1 13
186 55 52 284
186 58 55 217
186 62 49 213
187 2 20 49
187 8 56 175
187 9 59 73
187 11 10 183
187 17 16 68
187 27 4 49
187 29 8 253
187 46 49 130
187 48 25 144
187 51 39 298
187 53 13 34
187 59 1 258
187 69 43 39
187 78 22 284
187 80 33 283
188 8 33 175
188 12 56 245
188 13 1 220
188 15 19 66
188 16 47 38
188 25 13 184
188 28 4 252
188 34 22 177
188 40 43 120
188 47 37 57
188 49 28 139
188 51 17 298
188 60 7 202
188 63 9 21
188 70 25 15
189 6 33 281
189 8 5 93
189 10 43 279
189 15 27 32
189 17 25 68
189 18 7 229
189 27 29 49
189 28 20 26
189 39 1 238
189 41 13 80
189 44 35 113
189 49 39 239
189 71 16 251
189 74 10 153
189 78 23 287
190 2 1 221
190 12 31 148
190 14 37 132
190 21 55 224
190 22 40 178
190 26 29 55
190 30 13 154
190 32 49 236
190 39 43 191
190 52 7 29
190 62 16 213
190 71 3 251
190 73 22 280
190 75 51 53
190 80 27 283
191 13 16 82
191 31 55 66
191 35 1 81
191 39 25 238
191 42 59 35
191 43 32 43
191 54 43 13
191 56 19 227
191 66 38 190
191 68 49 109
191 72 40 170
191 73 4 160
191 78 53 287
191 79 8 167
191 80 47 283
192 1 1 228
192 14 29 69
192 16 19 38
192 23 55 299
192 30 11 50
192 33 43 74
192 37 21 135
192 38 37 258
192 54 7 102
192 55 4 65
192 56 25 45
192 57 31 99
192 63 49 19
192 79 13 73
193 2 5 70
193 34 28 136
193 39 7 238
193 42 43 35
193 43 13 78
193 46 59 130
193 47 1 158
193 52 49 193
193 53 39 275
193 54 55 180
193 58 20 217
193 73 25 87
193 74 52 97
193 75 45 219
193 76 33 161
194 6 5 281
194 9 52 84
194 11 49 217
194 12 55 9
194 19 1 182
194 27 43 242
194 30 3 110
194 34 46 177
194 36 37 290
194 39 13 36
194 43 31 78
194 63 9 137
194 69 25 193
194 77 21 152
194 78 19 284
195 7 21 56
195 8 19 93
195 9 5 184
195 12 55 240
195 18 31 229
195 35 37 81
195 40 25 218
195 45 1 123
195 54 43 59
195 60 13 220
195 63 50 143
195 68 15 71
195 71 11 244
195 75 7 111
195 80 40 247
196 10 1 117
196 11 46 32
196 12 21 148
196 27 19 242
196 28 25 26
196 40 13 77
196 43 37 118
196 48 4 133
196 56 49 289
196 57 7 188
196 59 58 51
196 60 35 220
196 64 41 282
196 70 28 157
196 78 56 139
197 1 7 88
197 23 19 4
197 27 59 242
197 36 49 244
197 39 25 191
197 40 55 166
197 43 32 124
197 51 53 298
197 53 10 297
197 56 1 227
197 60 47 202
197 63 13 116
197 76 43 37
197 79 38 73
197 80 5 283
198 14 56 132
198 15 7 66
198 18 14 179
198 19 35 128
198 24 58 126
198 30 17 110
198 36 1 290
198 37 9 233
198 50 5 79
198 62 52 67
198 66 19 190
198 69 21 87
198 74 25 153
198 75 31 222
198 77 37 6
199 1 10 88
199 5 13 233
199 8 38 175
199 9 35 230
199 22 49 196
199 27 7 242
199 30 1 154
199 33 21 160
199 39 31 36
199 48 3 144
199 49 16 239
199 52 58 78
199 53 28 275
199 59 25 258
199 60 19 202
200 6 1 281
200 8 53 175
200 12 3 148
200 19 27 128
200 24 7 292
200 27 49 165
200 39 56 36
200 45 19 147
200 53 46 34
200 58 37 101
200 65 33 204
200 67 10 296
200 69 13 112
200 71 41 118
200 80 25 247
Điểm tối ưu: 2986
Thời gian: 359.912843 giây
Trạng thái: VALID
