148
1 1 22 2
1 3 17 10
1 4 52 24
1 7 25 3
1 8 31 25
1 9 10 23
1 10 1 14
2 1 15 2
2 3 1 10
2 4 4 24
2 6 45 13
2 7 10 3
2 8 7 25
2 9 19 23
3 1 2 2
3 3 51 10
3 4 55 24
3 5 21 17
3 8 25 25
3 9 17 23
4 1 4 5
4 3 13 10
4 4 37 24
4 5 50 17
4 7 46 3
4 8 55 25
4 9 41 23
5 1 58 2
5 3 21 10
5 4 7 24
5 5 26 17
5 6 14 13
5 8 1 25
5 9 39 23
5 10 44 14
6 1 14 5
6 3 19 10
6 4 28 24
6 7 37 3
6 8 40 25
6 9 21 23
6 10 8 14
7 1 19 2
7 3 32 10
7 4 34 24
7 6 7 13
7 7 49 3
7 8 37 25
7 9 15 23
7 10 57 14
8 1 38 5
8 3 41 10
8 4 25 24
8 5 43 17
8 6 55 13
8 7 22 3
8 8 19 25
8 9 1 23
8 10 32 14
9 1 31 5
9 3 35 10
9 4 16 24
9 5 56 17
9 6 25 13
9 7 7 3
9 8 43 25
9 9 3 23
9 10 20 14
10 1 34 2
10 3 49 10
10 4 22 24
10 7 19 3
10 8 13 25
10 9 59 23
11 1 26 2
11 3 15 10
11 4 58 24
11 5 3 17
11 6 19 13
11 7 40 3
11 8 52 25
11 9 35 23
12 1 21 5
12 2 31 3
12 3 43 10
12 4 40 24
12 6 50 13
12 7 55 3
12 8 46 25
12 9 8 23
12 10 25 14
13 1 1 5
13 3 37 10
13 4 13 24
13 6 39 13
13 7 28 3
13 8 34 25
13 9 56 23
13 10 49 14
14 1 55 5
14 3 23 10
14 4 43 24
14 7 1 3
14 8 10 25
14 9 5 23
15 1 7 5
15 3 57 10
15 4 46 24
15 5 31 17
15 6 2 13
15 7 52 3
15 8 16 25
15 9 13 23
15 10 37 14
16 1 44 5
16 3 26 10
16 4 1 24
16 7 4 3
16 8 58 25
16 9 33 23
17 1 50 5
17 2 14 3
17 3 11 10
17 4 31 24
17 5 7 17
17 8 4 25
17 9 44 23
18 1 31 2
18 3 8 10
18 4 10 24
18 5 38 17
18 7 43 3
18 8 49 25
18 9 29 23
19 1 10 5
19 3 4 10
19 4 49 24
19 5 15 17
19 6 33 13
19 8 28 25
19 9 47 23
20 1 8 2
20 3 28 10
20 4 19 24
20 7 58 3
20 8 22 25
20 9 50 23
20 10 14 14
Điểm tối ưu: 148
Thời gian: 19.975743 giây
Trạng thái: VALID
