4498
1 3 27 14
1 6 55 397
1 12 37 276
1 23 35 297
1 26 43 272
1 30 22 415
1 41 16 58
1 55 39 181
1 69 29 45
1 72 10 73
1 80 13 330
1 86 20 421
1 108 5 163
1 109 49 257
1 113 1 76
2 4 8 406
2 17 40 120
2 35 49 36
2 39 22 337
2 70 19 106
2 74 34 204
2 81 25 445
2 86 56 421
2 90 28 390
2 96 3 304
2 101 58 384
2 103 5 239
2 111 43 41
2 113 16 191
2 120 13 157
3 5 55 369
3 13 49 360
3 15 4 178
3 28 41 216
3 33 11 161
3 35 37 177
3 37 19 144
3 38 31 334
3 39 53 337
3 54 46 413
3 75 7 117
3 85 25 281
3 111 58 209
3 114 43 250
3 119 1 17
4 16 1 306
4 40 49 195
4 42 13 39
4 44 34 146
4 48 28 47
4 55 5 133
4 68 37 315
4 71 22 430
4 78 10 188
4 79 51 377
4 87 45 332
4 96 19 29
4 97 17 440
4 110 55 82
4 118 7 183
5 11 31 132
5 24 5 317
5 30 11 405
5 33 45 45
5 46 55 286
5 48 13 47
5 58 26 25
5 62 7 34
5 66 19 223
5 71 9 42
5 87 49 386
5 91 16 176
5 106 23 170
5 116 1 301
5 117 38 204
6 5 47 85
6 33 19 32
6 40 3 404
6 43 10 263
6 45 13 158
6 49 28 296
6 75 37 117
6 92 16 348
6 95 57 42
6 97 1 36
6 100 7 424
6 101 50 378
6 105 25 201
6 107 31 186
6 117 22 448
7 3 29 232
7 8 19 358
7 10 13 142
7 25 57 371
7 32 10 277
7 47 38 272
7 49 16 296
7 55 47 181
7 60 31 283
7 61 43 132
7 66 49 247
7 68 1 231
7 86 53 326
7 92 34 65
7 107 25 295
8 6 32 99
8 9 25 12
8 10 16 75
8 17 13 399
8 26 58 122
8 37 51 270
8 44 1 206
8 45 23 177
8 60 38 26
8 68 10 315
8 75 19 433
8 80 55 61
8 81 43 246
8 82 41 380
8 93 7 264
9 9 13 343
9 16 19 306
9 24 59 317
9 27 41 168
9 38 37 72
9 40 35 195
9 41 28 258
9 48 1 83
9 54 9 194
9 68 4 231
9 79 51 195
9 90 55 18
9 96 23 29
9 102 31 17
9 119 46 192
10 3 11 65
10 19 1 211
10 20 27 180
10 34 55 119
10 39 59 337
10 46 49 218
10 61 37 359
10 67 44 316
10 69 57 91
10 77 19 409
10 79 21 293
10 80 7 61
10 86 31 421
10 87 13 227
10 99 33 257
11 11 1 345
11 18 28 20
11 23 38 297
11 30 23 405
11 31 10 153
11 36 26 223
11 70 31 184
11 82 13 392
11 94 19 60
11 97 7 440
11 100 40 231
11 112 55 203
11 117 34 448
11 119 45 325
11 120 52 157
12 3 15 14
12 30 3 405
12 43 46 165
12 51 32 253
12 62 25 387
12 79 49 437
12 81 10 81
12 83 37 200
12 92 40 242
12 97 7 135
12 109 23 281
12 110 19 350
12 112 35 8
12 117 28 204
12 118 43 183
13 2 17 398
13 6 13 408
13 17 31 120
13 51 44 253
13 65 49 285
13 70 40 158
13 74 22 222
13 82 29 380
13 92 7 442
13 98 5 116
13 104 55 389
13 105 3 108
13 106 25 320
13 114 47 35
13 120 10 441
14 23 22 280
14 28 1 233
14 36 47 247
14 44 13 146
14 53 9 32
14 56 37 108
14 61 28 132
14 70 4 294
14 73 25 184
14 74 32 222
14 76 51 240
14 86 11 421
14 88 19 215
14 103 17 383
14 116 43 13
15 1 37 18
15 7 33 33
15 9 55 12
15 13 19 82
15 18 44 365
15 24 35 317
15 28 47 253
15 37 1 270
15 45 41 177
15 46 26 214
15 47 49 226
15 63 7 306
15 98 9 137
15 109 4 257
15 112 14 57
16 5 1 85
16 9 7 367
16 20 23 180
16 30 29 415
16 42 49 39
16 48 40 47
16 71 11 42
16 75 3 252
16 84 27 224
16 93 45 264
16 101 13 384
16 109 25 286
16 114 16 250
16 115 31 355
16 120 19 157
17 16 39 322
17 24 27 317
17 25 43 374
17 43 15 263
17 48 10 47
17 50 5 203
17 57 52 1
17 66 55 247
17 87 21 248
17 97 19 135
17 98 25 137
17 102 1 123
17 106 13 320
17 110 32 82
17 119 49 17
18 3 19 14
18 7 11 33
18 10 31 228
18 32 4 277
18 34 9 119
18 42 7 130
18 44 43 146
18 49 37 412
18 55 27 181
18 63 34 429
18 68 40 315
18 79 56 130
18 84 21 224
18 85 13 38
18 107 49 110
19 4 25 335
19 13 55 292
19 16 14 322
19 28 20 216
19 36 29 223
19 41 43 258
19 44 31 146
19 49 4 89
19 55 2 181
19 62 39 387
19 77 35 129
19 80 10 61
19 96 37 29
19 103 22 425
19 120 46 157
20 3 49 232
20 8 37 156
20 9 43 367
20 23 1 46
20 25 13 159
20 35 51 161
20 58 31 363
20 64 27 23
20 65 19 147
20 79 57 195
20 103 41 383
20 105 47 201
20 106 9 320
20 108 11 252
20 118 4 183
21 40 27 158
21 53 33 307
21 61 43 342
21 64 39 110
21 66 57 8
21 78 19 50
21 79 13 377
21 88 23 196
21 89 49 107
21 93 37 264
21 97 31 135
21 104 5 115
21 108 7 266
21 118 3 133
21 120 10 287
22 4 13 62
22 14 19 276
22 17 55 120
22 23 9 297
22 24 43 317
22 38 49 334
22 39 29 153
22 44 1 124
22 46 45 183
22 79 32 130
22 89 38 87
22 92 4 334
22 93 58 250
22 107 25 322
22 118 53 183
23 5 10 369
23 20 53 180
23 35 43 255
23 42 3 39
23 47 49 51
23 53 1 32
23 73 23 184
23 78 7 50
23 83 13 435
23 85 37 38
23 90 28 149
23 93 25 250
23 94 19 69
23 96 33 29
23 112 16 57
24 4 38 335
24 10 58 228
24 31 49 93
24 37 19 28
24 40 17 404
24 49 43 296
24 50 22 203
24 56 31 127
24 61 25 132
24 74 1 222
24 76 15 118
24 80 46 330
24 81 28 445
24 99 5 374
24 113 55 136
25 4 19 406
25 5 7 369
25 16 31 125
25 22 16 437
25 36 27 247
25 64 43 382
25 73 13 23
25 77 4 409
25 78 1 234
25 87 56 386
25 91 35 31
25 92 52 348
25 93 11 264
25 97 39 135
25 99 29 374
26 12 35 139
26 25 25 333
26 27 33 73
26 28 13 175
26 32 10 19
26 33 16 32
26 45 47 177
26 46 19 115
26 54 41 194
26 57 7 40
26 71 1 42
26 78 4 50
26 84 31 224
26 86 55 326
26 99 29 55
27 8 31 442
27 13 1 360
27 15 19 353
27 20 21 180
27 29 27 215
27 42 5 99
27 71 17 42
27 73 11 184
27 78 14 56
27 81 37 428
27 87 43 78
27 91 25 176
27 95 40 167
27 96 9 29
27 98 53 156
28 12 5 276
28 22 22 72
28 45 26 177
28 48 19 47
28 51 28 253
28 61 46 342
28 70 37 158
28 71 35 430
28 78 7 56
28 93 17 169
28 99 13 55
28 105 10 201
28 106 15 320
28 107 31 322
28 108 1 414
29 1 49 18
29 5 17 161
29 8 33 156
29 13 37 159
29 21 13 163
29 29 3 414
29 58 22 97
29 73 56 57
29 76 29 72
29 78 43 188
29 84 1 224
29 91 27 176
29 92 46 65
29 106 7 320
29 116 9 13
30 24 55 317
30 27 10 327
30 44 13 124
30 47 49 169
30 51 16 187
30 55 35 181
30 57 1 35
30 62 22 34
30 68 19 315
30 74 26 9
30 82 43 380
30 84 59 224
30 113 37 125
30 114 5 250
30 120 7 441
31 4 31 406
31 5 19 85
31 6 21 225
31 14 15 362
31 27 37 327
31 31 1 286
31 35 43 207
31 43 7 263
31 47 51 182
31 51 40 253
31 67 25 316
31 93 13 141
31 102 55 353
31 106 4 320
31 118 49 383
32 14 31 294
32 29 25 213
32 33 4 14
32 34 11 119
32 38 56 334
32 52 35 425
32 61 49 242
32 62 13 387
32 68 1 352
32 76 7 118
32 79 43 130
32 93 29 264
32 95 20 309
32 105 15 201
32 110 38 121
33 14 32 276
33 16 15 143
33 22 58 141
33 25 43 333
33 29 26 338
33 30 13 415
33 46 1 122
33 57 52 40
33 68 55 352
33 87 37 227
33 93 5 169
33 94 7 354
33 101 19 417
33 113 22 434
34 7 47 33
34 12 3 338
34 17 44 412
34 20 13 180
34 28 25 216
34 34 31 175
34 48 37 47
34 57 40 63
34 68 19 352
34 71 15 430
34 79 27 195
34 82 1 392
34 86 17 421
34 98 23 156
34 116 49 13
35 8 32 126
35 13 43 292
35 29 56 139
35 43 22 263
35 45 8 82
35 64 13 382
35 71 19 42
35 80 4 330
35 84 53 114
35 95 1 444
35 111 10 192
35 114 17 35
35 115 49 33
35 116 25 49
35 120 40 157
36 3 46 232
36 8 13 126
36 14 25 140
36 17 1 399
36 21 19 209
36 27 53 168
36 32 4 350
36 33 17 14
36 65 8 285
36 72 40 278
36 80 34 330
36 84 23 224
36 94 55 354
36 115 49 191
36 120 31 287
37 10 4 228
37 27 49 73
37 37 38 378
37 39 41 118
37 47 7 51
37 57 25 63
37 67 19 316
37 69 46 91
37 82 15 380
37 84 35 114
37 85 56 281
37 90 1 226
37 92 28 348
37 105 13 108
37 110 31 151
38 6 19 364
38 8 7 358
38 20 33 160
38 22 4 423
38 57 16 63
38 60 1 26
38 61 49 359
38 62 25 34
38 67 39 316
38 68 13 352
38 70 28 106
38 72 37 278
38 93 58 264
38 101 55 127
38 118 23 133
39 1 44 384
39 2 17 390
39 11 4 345
39 20 25 180
39 21 19 56
39 22 31 376
39 28 9 216
39 43 13 117
39 49 1 259
39 58 27 97
39 64 49 23
39 80 37 61
39 82 53 380
39 91 23 31
39 118 11 183
40 9 25 367
40 17 49 399
40 28 10 93
40 37 58 26
40 44 16 206
40 47 1 419
40 48 55 83
40 53 13 307
40 58 19 97
40 60 31 89
40 61 52 132
40 81 22 445
40 92 37 65
40 100 40 413
40 102 43 123
41 14 7 276
41 23 11 273
41 27 25 327
41 36 13 247
41 41 21 58
41 52 37 119
41 54 19 194
41 62 27 387
41 63 1 51
41 68 16 315
41 73 41 23
41 83 33 435
41 102 3 388
41 114 29 266
41 118 51 183
42 3 37 232
42 20 57 180
42 23 5 273
42 25 50 159
42 30 21 405
42 45 29 303
42 60 10 26
42 65 43 285
42 71 55 42
42 73 7 184
42 78 1 56
42 95 31 42
42 103 47 383
42 105 23 201
42 107 39 295
43 29 26 139
43 38 45 72
43 39 35 153
43 51 1 240
43 55 15 133
43 76 23 190
43 78 50 188
43 89 8 7
43 91 5 176
43 94 31 69
43 98 17 280
43 101 37 127
43 106 43 320
43 108 13 266
43 111 19 397
44 1 43 18
44 9 14 12
44 22 10 423
44 26 55 122
44 41 7 258
44 46 25 134
44 49 40 296
44 52 53 425
44 53 51 32
44 58 22 417
44 83 32 396
44 91 29 31
44 94 1 431
44 100 19 413
44 118 35 133
45 1 19 21
45 6 55 450
45 7 49 19
45 18 52 20
45 20 59 160
45 27 23 168
45 30 7 415
45 36 15 247
45 70 40 106
45 71 17 430
45 75 1 44
45 76 9 118
45 80 28 330
45 83 43 410
45 89 31 295
46 3 7 232
46 23 25 280
46 32 31 40
46 46 27 350
46 52 39 425
46 60 1 283
46 69 13 91
46 96 15 304
46 100 9 413
46 102 49 123
46 103 5 383
46 106 23 104
46 107 19 110
46 108 17 142
46 110 43 121
47 10 10 228
47 11 40 345
47 20 31 160
47 22 19 205
47 35 57 201
47 42 29 39
47 49 52 135
47 67 49 316
47 68 14 231
47 70 46 158
47 72 55 278
47 101 7 127
47 111 1 192
47 115 25 103
47 120 4 287
48 28 32 216
48 29 13 414
48 35 49 177
48 37 4 28
48 58 43 417
48 60 28 26
48 63 8 429
48 68 34 315
48 85 56 173
48 91 41 176
48 92 22 348
48 93 47 169
48 98 10 145
48 112 39 57
48 120 1 287
49 5 11 85
49 23 58 200
49 51 4 240
49 58 51 25
49 64 19 114
49 65 13 246
49 75 31 303
49 82 17 380
49 87 7 386
49 89 25 87
49 93 23 264
49 106 55 320
49 108 1 142
49 113 44 136
49 119 37 192
50 4 19 244
50 5 7 85
50 9 14 441
50 14 25 109
50 23 40 297
50 29 31 414
50 48 45 83
50 62 5 387
50 65 49 398
50 72 11 278
50 74 37 63
50 75 1 433
50 86 23 421
50 100 58 413
50 111 55 41
51 9 43 441
51 16 13 144
51 30 17 415
51 42 20 39
51 45 5 71
51 47 49 196
51 81 22 81
51 85 57 11
51 88 7 196
51 94 37 60
51 95 25 167
51 101 1 417
51 106 11 320
51 114 41 250
51 120 31 157
52 1 13 21
52 3 58 232
52 9 1 367
52 21 43 209
52 22 25 437
52 36 22 247
52 37 37 28
52 42 55 47
52 45 41 71
52 50 29 285
52 84 35 224
52 94 31 354
52 95 52 42
52 104 5 389
52 116 7 438
53 7 1 33
53 33 11 14
53 64 25 100
53 66 13 223
53 67 55 316
53 84 23 307
53 89 44 7
53 91 49 176
53 92 58 442
53 97 4 440
53 98 7 280
53 107 37 410
53 116 31 301
53 117 52 448
53 120 19 287
54 2 5 390
54 5 53 369
54 7 7 255
54 18 16 105
54 21 33 163
54 41 10 258
54 42 40 99
54 46 19 134
54 53 27 32
54 64 43 110
54 87 55 332
54 89 49 7
54 95 13 309
54 110 1 121
54 118 38 133
55 7 1 255
55 11 43 178
55 15 10 353
55 24 8 317
55 42 15 130
55 52 27 425
55 67 31 214
55 73 55 417
55 82 5 380
55 90 21 149
55 91 19 176
55 94 57 60
55 97 13 135
55 108 17 252
55 114 39 250
56 1 37 21
56 12 55 276
56 23 21 297
56 24 11 160
56 33 5 45
56 37 25 28
56 46 1 214
56 54 33 194
56 58 52 417
56 70 58 106
56 87 7 248
56 95 13 167
56 105 49 201
56 109 31 257
56 115 45 369
57 6 55 408
57 14 19 140
57 18 25 20
57 31 4 93
57 34 33 175
57 51 49 253
57 58 37 97
57 59 28 355
57 69 31 45
57 84 17 114
57 85 45 173
57 99 11 340
57 109 9 257
57 113 52 136
57 117 13 204
58 12 27 91
58 17 49 120
58 18 46 61
58 25 55 125
58 29 31 139
58 36 35 247
58 49 52 412
58 55 41 181
58 56 37 85
58 67 4 316
58 87 13 166
58 95 7 208
58 100 1 424
58 116 19 104
58 119 10 17
59 12 10 91
59 33 51 14
59 36 3 247
59 37 25 270
59 47 31 196
59 61 7 359
59 62 41 387
59 67 13 316
59 85 44 239
59 92 19 442
59 96 5 304
59 104 39 389
59 107 55 148
59 109 22 257
59 111 16 397
60 6 26 397
60 9 31 343
60 21 43 163
60 27 47 168
60 28 9 233
60 52 7 425
60 60 14 450
60 62 41 34
60 63 5 429
60 72 17 73
60 76 57 118
60 87 37 332
60 93 11 169
60 96 1 304
60 101 19 378
61 1 49 187
61 4 25 62
61 8 31 182
61 20 37 180
61 24 4 160
61 25 13 374
61 27 39 73
61 31 7 286
61 46 43 350
61 50 47 223
61 57 55 40
61 63 17 51
61 77 59 409
61 105 10 108
61 119 19 17
62 3 39 232
62 4 55 229
62 8 49 358
62 33 47 14
62 45 11 177
62 49 4 296
62 67 28 316
62 83 43 200
62 85 19 173
62 92 31 65
62 95 13 444
62 99 17 374
62 106 59 320
62 108 23 278
62 109 7 257
63 12 17 338
63 31 7 93
63 33 13 14
63 38 37 35
63 49 31 412
63 68 1 64
63 69 53 91
63 74 55 204
63 77 15 409
63 85 43 281
63 86 10 326
63 87 49 332
63 92 34 348
63 100 4 424
63 117 22 204
64 1 25 344
64 17 4 399
64 20 46 180
64 25 15 125
64 27 35 168
64 31 10 286
64 38 49 72
64 51 21 256
64 56 38 404
64 67 1 316
64 69 19 91
64 71 7 268
64 77 13 409
64 87 55 227
64 113 31 76
65 8 19 126
65 26 9 1
65 39 29 384
65 40 7 158
65 42 15 39
65 52 47 425
65 56 49 140
65 62 17 34
65 74 55 222
65 76 23 295
65 83 31 200
65 84 59 114
65 101 2 127
65 102 43 388
65 108 5 142
66 17 14 120
66 32 28 40
66 39 1 337
66 51 25 240
66 59 21 355
66 67 46 345
66 71 43 430
66 72 19 73
66 73 9 57
66 97 17 135
66 99 51 55
66 103 57 383
66 114 3 97
66 116 31 13
66 118 39 383
67 6 37 364
67 7 17 255
67 39 29 337
67 45 23 71
67 48 25 47
67 51 7 187
67 59 4 275
67 64 31 382
67 77 11 129
67 86 21 326
67 93 50 250
67 98 1 267
67 101 52 127
67 106 57 320
67 117 13 448
68 11 34 132
68 29 19 139
68 31 4 286
68 32 25 40
68 35 55 36
68 36 17 27
68 38 13 71
68 55 51 181
68 57 10 40
68 71 39 430
68 76 28 118
68 96 31 304
68 101 7 378
68 110 44 27
68 113 1 136
69 5 45 85
69 13 37 82
69 18 31 365
69 20 51 180
69 37 19 26
69 47 55 272
69 53 47 32
69 60 13 89
69 61 25 359
69 63 1 147
69 68 22 352
69 69 35 45
69 87 3 62
69 93 49 264
69 113 16 76
70 16 55 306
70 20 53 8
70 22 16 205
70 26 49 272
70 41 28 86
70 48 25 83
70 67 22 214
70 76 35 295
70 77 37 409
70 79 45 195
70 87 31 386
70 94 8 60
70 101 13 378
70 102 39 17
70 110 1 151
71 23 47 297
71 26 40 122
71 35 1 161
71 40 11 195
71 41 19 86
71 43 22 165
71 50 43 399
71 59 37 275
71 64 7 148
71 65 32 285
71 66 55 48
71 68 49 315
71 73 45 184
71 75 25 117
71 110 14 134
72 5 3 85
72 19 57 407
72 20 21 160
72 24 19 160
72 51 25 253
72 55 43 181
72 60 10 283
72 75 49 303
72 83 16 200
72 84 23 114
72 108 1 266
72 111 13 192
72 115 45 241
72 116 37 403
72 119 7 17
73 4 43 244
73 5 35 85
73 16 31 306
73 20 7 180
73 27 29 168
73 32 25 277
73 43 1 342
73 58 56 25
73 61 19 132
73 63 41 429
73 67 16 214
73 68 22 231
73 76 11 118
73 95 37 42
73 115 49 340
74 3 22 232
74 6 25 364
74 20 33 180
74 22 7 141
74 26 46 1
74 28 37 216
74 33 13 161
74 34 17 119
74 36 11 247
74 37 4 270
74 44 19 146
74 54 59 194
74 62 29 34
74 77 1 409
74 110 55 151
75 42 25 99
75 45 13 303
75 49 1 296
75 63 58 429
75 69 15 91
75 74 51 222
75 84 49 307
75 86 8 421
75 98 11 137
75 99 37 374
75 101 32 378
75 109 39 257
75 111 22 41
75 113 4 76
75 120 28 441
76 3 31 232
76 15 7 178
76 19 43 99
76 25 33 374
76 34 39 119
76 38 9 334
76 44 25 124
76 48 22 83
76 57 16 40
76 75 1 303
76 78 50 50
76 80 13 230
76 111 19 41
76 114 59 97
76 116 55 104
77 12 21 91
77 13 44 360
77 40 41 195
77 42 53 99
77 44 16 124
77 47 37 51
77 50 59 285
77 63 13 429
77 64 8 382
77 66 49 87
77 73 23 23
77 80 31 330
77 87 26 386
77 100 55 413
77 112 3 8
78 1 1 333
78 4 31 229
78 6 49 408
78 7 20 33
78 27 41 209
78 35 13 177
78 39 39 118
78 47 7 236
78 54 11 194
78 66 43 107
78 86 47 421
78 95 22 444
78 106 5 104
78 115 55 33
78 120 25 157
79 37 7 26
79 41 37 86
79 42 23 99
79 43 16 165
79 55 59 181
79 59 31 233
79 75 19 117
79 76 45 118
79 80 13 61
79 85 1 239
79 94 55 431
79 107 25 186
79 111 40 41
79 113 10 136
79 119 34 192
80 2 43 390
80 18 55 365
80 20 35 180
80 24 23 160
80 32 37 277
80 41 58 86
80 44 50 124
80 47 19 169
80 65 1 285
80 79 31 437
80 83 40 200
80 86 45 421
80 92 8 242
80 110 25 121
80 117 13 249
81 6 14 99
81 7 29 33
81 15 1 173
81 21 7 209
81 24 22 317
81 31 31 286
81 41 34 258
81 45 41 104
81 47 37 169
81 49 51 89
81 59 4 355
81 60 19 89
81 69 55 91
81 79 25 126
81 109 43 257
82 3 27 232
82 18 19 365
82 22 37 423
82 24 1 160
82 32 22 19
82 38 13 334
82 46 33 183
82 55 44 233
82 64 49 100
82 71 11 430
82 83 46 410
82 85 7 281
82 86 58 326
82 95 40 42
82 110 3 82
83 2 53 390
83 6 25 408
83 9 31 367
83 24 39 317
83 26 4 1
83 31 13 153
83 42 9 184
83 46 19 183
83 50 45 203
83 68 55 315
83 76 37 240
83 90 49 277
83 92 16 442
83 95 58 167
83 103 7 383
84 17 4 120
84 25 55 374
84 26 31 272
84 43 40 342
84 44 10 124
84 49 7 296
84 52 53 38
84 64 49 114
84 85 25 173
84 88 17 196
84 92 1 442
84 98 14 280
84 99 34 55
84 104 47 389
84 115 19 103
85 4 8 335
85 6 39 225
85 16 43 306
85 17 22 120
85 25 1 374
85 34 5 175
85 44 49 146
85 70 52 158
85 73 28 57
85 86 25 326
85 95 34 167
85 99 37 55
85 105 31 201
85 113 13 77
85 115 55 355
86 8 26 358
86 14 55 294
86 24 32 317
86 28 11 216
86 30 1 415
86 34 39 175
86 38 19 71
86 40 9 195
86 43 34 44
86 58 46 97
86 82 3 380
86 101 13 222
86 103 37 425
86 107 49 322
86 111 16 192
87 6 37 81
87 8 7 182
87 12 17 266
87 14 13 149
87 18 1 365
87 29 33 215
87 42 23 130
87 44 25 206
87 45 11 303
87 51 19 240
87 53 57 307
87 96 29 29
87 98 4 267
87 116 49 301
87 119 43 17
88 19 21 211
88 29 51 215
88 43 34 165
88 44 13 206
88 47 55 343
88 49 25 89
88 51 16 256
88 68 28 231
88 78 1 50
88 81 39 445
88 88 9 215
88 96 46 304
88 97 4 36
88 105 19 108
88 117 31 208
89 3 33 232
89 14 45 294
89 16 7 144
89 23 11 297
89 26 15 1
89 28 35 216
89 43 25 263
89 50 31 223
89 74 57 9
89 76 43 295
89 77 41 409
89 79 19 130
89 98 1 145
89 109 13 257
89 117 37 448
90 3 9 232
90 11 46 178
90 13 26 292
90 17 49 412
90 28 22 175
90 29 31 213
90 31 1 153
90 39 11 120
90 45 35 303
90 47 56 169
90 51 4 253
90 74 19 222
90 89 13 87
90 115 37 103
90 117 43 448
91 19 27 376
91 20 31 180
91 29 8 213
91 32 33 19
91 34 2 119
91 42 5 39
91 44 55 146
91 49 19 296
91 56 13 127
91 63 53 429
91 71 25 430
91 84 17 224
91 86 40 421
91 91 38 176
91 93 43 264
92 1 50 21
92 23 7 46
92 26 39 1
92 32 22 277
92 39 43 327
92 42 57 47
92 44 19 124
92 53 55 32
92 71 37 430
92 74 25 222
92 76 9 52
92 81 16 28
92 82 11 380
92 85 32 38
92 111 1 41
93 4 37 244
93 33 41 14
93 36 53 247
93 47 31 77
93 48 22 47
93 58 16 417
93 61 1 359
93 72 4 278
93 84 43 270
93 87 8 227
93 92 13 442
93 102 57 123
93 107 25 420
93 109 51 257
93 110 45 151
94 13 20 292
94 27 55 73
94 30 9 415
94 33 1 45
94 41 16 258
94 43 13 165
94 46 31 218
94 50 35 203
94 56 44 108
94 65 3 446
94 67 50 326
94 87 25 78
94 93 53 169
94 97 57 135
94 99 39 55
95 6 43 397
95 20 17 180
95 27 35 327
95 29 49 213
95 31 22 153
95 37 37 270
95 43 40 77
95 45 25 158
95 64 7 110
95 86 15 421
95 91 53 303
95 98 1 280
95 101 3 378
95 102 56 388
95 108 27 278
96 2 34 390
96 5 13 85
96 7 4 33
96 26 19 1
96 36 58 223
96 39 31 337
96 41 40 258
96 52 45 425
96 57 1 40
96 66 25 80
96 67 37 214
96 81 15 445
96 83 55 200
96 111 52 41
96 116 8 403
97 3 55 232
97 14 43 276
97 16 37 144
97 20 53 160
97 25 19 125
97 41 16 86
97 45 1 177
97 52 5 425
97 77 57 409
97 80 7 330
97 82 47 380
97 99 3 55
97 100 13 413
97 103 51 383
97 108 10 266
98 18 7 365
98 20 55 180
98 29 37 215
98 36 41 247
98 37 1 242
98 48 52 83
98 57 4 35
98 73 31 57
98 77 44 409
98 87 19 227
98 89 13 168
98 90 28 187
98 95 25 309
98 104 17 389
98 111 10 41
99 2 29 398
99 8 7 126
99 16 14 306
99 22 22 423
99 29 25 414
99 35 37 161
99 37 1 28
99 56 55 300
99 90 52 277
99 95 34 42
99 102 43 105
99 111 49 41
99 113 31 370
99 117 19 448
99 119 4 192
100 1 9 344
100 5 39 369
100 12 7 91
100 14 49 276
100 19 27 99
100 21 43 443
100 35 21 161
100 44 34 206
100 57 55 63
100 58 13 417
100 61 58 359
100 86 5 326
100 93 1 37
100 103 3 383
100 120 16 157
101 1 14 18
101 6 55 364
101 12 29 276
101 17 9 412
101 38 19 334
101 41 52 86
101 47 43 77
101 61 1 132
101 66 33 223
101 73 7 57
101 87 25 248
101 91 4 31
101 100 37 413
101 101 49 384
101 113 40 136
102 8 51 126
102 16 19 363
102 19 3 48
102 20 23 117
102 28 17 216
102 40 43 195
102 45 35 177
102 76 1 118
102 78 10 50
102 81 7 81
102 89 13 295
102 99 31 55
102 102 37 388
102 112 45 57
102 120 58 157
103 8 43 156
103 9 19 343
103 11 7 132
103 36 5 247
103 37 13 225
103 39 47 327
103 50 31 399
103 53 3 32
103 55 1 133
103 64 27 382
103 69 51 91
103 74 55 31
103 77 25 409
103 82 23 392
103 117 10 2
104 16 25 306
104 19 37 205
104 20 5 180
104 30 19 405
104 32 7 277
104 35 31 161
104 40 29 158
104 42 13 130
104 63 49 429
104 84 55 430
104 86 1 326
104 97 3 135
104 109 17 257
104 114 15 97
104 119 10 325
105 1 55 129
105 34 15 119
105 36 17 223
105 42 37 99
105 47 19 77
105 67 51 330
105 71 13 42
105 73 59 417
105 75 39 252
105 76 49 240
105 85 43 11
105 102 25 388
105 103 33 383
105 108 1 252
105 113 4 77
106 7 15 255
106 15 17 353
106 24 9 160
106 30 29 405
106 38 49 35
106 63 5 51
106 64 19 46
106 70 55 106
106 75 25 303
106 93 3 264
106 100 37 424
106 101 40 127
106 103 59 383
106 109 1 31
106 118 23 183
107 4 32 358
107 18 38 365
107 20 23 246
107 21 1 163
107 47 55 226
107 48 16 83
107 53 21 307
107 67 25 345
107 75 43 252
107 76 53 118
107 82 5 392
107 83 7 396
107 88 13 215
107 101 28 378
107 120 10 157
108 2 13 390
108 15 23 173
108 19 31 211
108 21 15 443
108 23 43 297
108 32 46 40
108 46 55 183
108 51 28 240
108 68 49 352
108 90 7 18
108 91 10 176
108 102 37 325
108 114 19 250
108 117 4 448
108 119 52 325
109 2 17 239
109 9 1 12
109 19 37 407
109 24 29 317
109 33 9 45
109 39 5 337
109 43 58 263
109 49 55 216
109 55 7 233
109 62 33 34
109 77 27 409
109 87 13 332
109 91 35 176
109 100 46 335
109 104 21 389
110 1 19 333
110 3 31 14
110 15 7 353
110 19 9 407
110 32 56 19
110 51 34 240
110 52 17 38
110 56 1 27
110 59 40 275
110 63 51 429
110 69 15 45
110 89 25 107
110 90 45 187
110 95 37 167
110 108 43 201
111 8 55 126
111 10 37 228
111 27 25 73
111 32 28 19
111 37 34 28
111 39 11 384
111 44 22 206
111 47 43 343
111 58 13 25
111 68 52 315
111 79 1 377
111 82 19 380
111 84 40 307
111 88 9 196
111 96 31 29
112 7 29 182
112 11 37 178
112 12 5 139
112 13 1 292
112 16 25 244
112 23 7 273
112 34 15 281
112 46 21 218
112 64 31 114
112 66 9 48
112 69 51 45
112 75 55 117
112 76 53 240
112 78 45 50
112 112 19 57
113 6 51 450
113 10 43 228
113 15 47 123
113 17 28 120
113 19 19 99
113 20 3 180
113 21 32 209
113 26 7 272
113 46 37 115
113 59 10 141
113 70 16 106
113 82 49 380
113 91 13 342
113 102 56 17
113 118 25 183
114 17 25 399
114 30 17 405
114 39 15 337
114 43 56 342
114 49 28 412
114 57 7 35
114 65 2 168
114 72 35 73
114 75 43 117
114 85 19 239
114 89 31 7
114 94 37 354
114 104 10 389
114 107 50 148
114 109 41 286
115 5 21 369
115 9 51 367
115 15 5 165
115 47 1 169
115 79 55 377
115 86 15 326
115 87 31 248
115 88 41 215
115 90 10 187
115 97 49 135
115 106 27 320
115 108 17 414
115 114 13 97
115 115 43 103
115 120 7 287
116 2 29 239
116 3 19 232
116 4 55 335
116 15 22 353
116 21 31 56
116 39 17 107
116 43 25 165
116 44 10 206
116 55 7 181
116 61 37 342
116 73 35 26
116 81 52 445
116 83 4 435
116 111 1 397
116 120 49 157
117 13 31 360
117 28 4 216
117 29 21 213
117 36 1 247
117 42 28 130
117 51 16 240
117 53 7 32
117 67 55 345
117 69 41 91
117 79 37 195
117 82 9 392
117 96 25 29
117 106 19 320
117 108 43 278
117 114 45 250
118 15 3 353
118 20 15 180
118 23 49 297
118 38 33 72
118 42 23 39
118 44 46 146
118 50 1 223
118 69 37 45
118 70 43 376
118 76 39 240
118 79 7 377
118 81 58 445
118 92 19 348
118 102 25 325
118 112 31 203
119 7 11 255
119 13 27 360
119 25 49 374
119 36 20 247
119 38 56 71
119 39 40 337
119 42 25 130
119 63 47 429
119 64 1 382
119 79 7 229
119 90 37 390
119 93 31 264
119 100 13 347
119 108 53 201
119 120 43 157
120 2 45 390
120 20 47 160
120 27 40 327
120 33 29 32
120 37 13 270
120 39 56 327
120 46 32 115
120 48 16 47
120 51 22 240
120 63 5 306
120 79 51 130
120 86 19 326
120 99 43 340
120 115 25 369
120 120 37 287
121 5 25 85
121 7 40 33
121 17 52 120
121 26 49 122
121 28 45 216
121 29 1 213
121 41 10 58
121 42 7 99
121 62 43 387
121 68 28 352
121 71 5 42
121 75 56 252
121 83 13 200
121 93 19 264
121 120 22 287
122 1 1 18
122 5 43 369
122 7 23 182
122 21 7 172
122 43 37 165
122 51 16 253
122 56 25 108
122 59 40 233
122 64 49 296
122 69 5 91
122 75 31 252
122 89 19 168
122 101 55 384
122 119 46 17
122 120 58 441
123 5 41 369
123 14 13 109
123 25 19 371
123 28 10 175
123 34 4 119
123 48 31 83
123 53 49 32
123 59 7 275
123 63 43 429
123 69 53 45
123 75 45 433
123 79 37 126
123 98 2 137
123 106 29 320
123 116 25 403
124 1 1 21
124 3 35 232
124 21 55 443
124 31 25 153
124 32 19 19
124 34 17 281
124 53 5 307
124 54 15 194
124 62 31 387
124 65 37 398
124 71 43 42
124 72 8 73
124 85 49 38
124 106 22 320
124 120 28 287
125 3 35 14
125 5 25 161
125 12 47 276
125 16 55 322
125 20 29 160
125 37 13 28
125 42 53 47
125 43 7 165
125 52 19 425
125 63 27 429
125 67 32 316
125 69 3 91
125 80 22 61
125 115 38 340
125 117 10 448
126 3 15 232
126 16 31 144
126 18 26 365
126 30 37 415
126 36 29 247
126 46 45 115
126 56 3 300
126 77 1 129
126 96 21 304
126 98 13 137
126 105 19 201
126 107 50 433
126 109 56 257
126 112 43 203
126 116 7 104
127 8 2 182
127 10 43 75
127 12 37 91
127 26 19 272
127 29 13 213
127 44 55 206
127 57 10 63
127 61 22 132
127 69 7 45
127 76 17 118
127 84 25 224
127 87 27 332
127 100 39 39
127 107 31 420
127 120 51 287
128 7 13 33
128 8 25 182
128 13 7 30
128 18 58 365
128 19 31 407
128 21 49 443
128 32 4 19
128 50 53 223
128 59 16 275
128 63 39 429
128 64 19 382
128 77 29 409
128 88 1 196
128 95 46 167
128 100 43 424
129 2 11 398
129 3 23 14
129 9 49 441
129 10 40 228
129 17 34 399
129 22 37 141
129 38 7 72
129 39 5 384
129 58 16 25
129 65 25 398
129 81 19 445
129 87 1 386
129 92 13 348
129 103 31 383
129 114 57 97
130 4 43 229
130 7 35 255
130 27 3 327
130 41 28 58
130 64 55 110
130 72 13 278
130 74 40 9
130 78 37 56
130 89 31 168
130 94 49 60
130 95 25 444
130 106 11 104
130 113 15 136
130 117 7 448
130 120 22 157
131 12 11 276
131 13 44 82
131 17 56 412
131 25 51 125
131 41 31 58
131 43 16 117
131 51 13 253
131 57 1 1
131 61 22 242
131 65 37 285
131 69 59 91
131 74 19 118
131 94 25 60
131 101 4 417
131 102 7 123
132 2 23 398
132 4 26 90
132 6 7 76
132 19 49 407
132 20 59 180
132 21 1 209
132 33 35 161
132 39 57 337
132 65 31 246
132 66 43 437
132 89 37 107
132 110 19 408
132 112 41 57
132 113 16 236
132 117 13 282
133 17 8 120
133 22 13 72
133 30 41 415
133 39 3 337
133 60 25 450
133 62 23 387
133 64 31 62
133 66 43 230
133 79 37 377
133 83 28 435
133 93 1 264
133 96 5 29
133 102 19 123
133 108 11 75
133 113 16 77
134 6 55 50
134 11 13 132
134 16 1 322
134 21 25 56
134 29 43 213
134 32 31 277
134 37 34 225
134 48 7 47
134 56 37 147
134 64 49 382
134 70 22 171
134 81 16 81
134 83 19 410
134 95 10 319
134 109 29 257
135 4 55 62
135 13 31 292
135 29 43 338
135 37 13 26
135 49 10 89
135 51 28 256
135 53 7 307
135 61 40 132
135 63 1 429
135 80 3 61
135 104 23 389
135 107 19 322
135 112 35 57
135 117 49 204
135 120 25 287
136 23 15 297
136 44 22 146
136 46 31 364
136 55 45 181
136 59 52 275
136 61 37 132
136 69 20 45
136 74 40 245
136 75 57 385
136 76 49 295
136 87 3 78
136 98 1 116
136 100 25 151
136 103 29 383
136 115 7 103
137 23 5 297
137 24 53 317
137 25 8 371
137 30 43 415
137 54 46 194
137 58 22 25
137 62 31 34
137 70 49 158
137 72 1 73
137 74 34 300
137 80 19 61
137 88 15 196
137 109 27 31
137 113 40 125
137 120 37 157
138 3 9 14
138 7 25 33
138 28 16 93
138 54 1 194
138 55 37 181
138 57 13 63
138 71 7 42
138 73 23 26
138 79 27 426
138 88 5 215
138 89 31 87
138 90 58 18
138 110 19 151
138 112 11 8
138 115 45 340
139 3 25 14
139 7 13 182
139 25 32 371
139 27 27 327
139 32 49 40
139 37 43 28
139 42 41 130
139 62 39 34
139 66 15 65
139 72 29 73
139 75 7 303
139 81 46 445
139 89 55 168
139 105 21 108
139 109 59 257
140 8 56 156
140 20 41 160
140 22 38 437
140 27 53 73
140 31 1 93
140 43 28 342
140 57 20 63
140 64 44 114
140 70 4 171
140 81 34 445
140 83 25 200
140 87 13 78
140 91 17 31
140 112 9 203
140 116 49 104
141 6 19 78
141 9 37 441
141 19 32 205
141 22 13 437
141 39 43 337
141 40 25 195
141 41 7 86
141 42 10 99
141 56 45 147
141 58 28 417
141 66 2 65
141 77 53 409
141 82 56 392
141 85 49 11
141 90 16 226
142 2 47 390
142 5 53 85
142 6 37 76
142 16 1 143
142 31 16 153
142 47 25 169
142 56 43 404
142 67 13 214
142 74 50 63
142 81 55 445
142 88 7 215
142 90 10 18
142 94 31 431
142 101 58 222
142 113 22 136
143 11 16 178
143 21 25 209
143 27 29 327
143 45 53 177
143 51 13 240
143 55 11 233
143 58 40 25
143 67 34 326
143 70 31 106
143 83 46 200
143 84 4 224
143 89 56 107
143 95 19 167
143 100 1 335
143 117 7 204
144 1 25 18
144 14 43 149
144 20 57 160
144 26 19 122
144 27 15 327
144 42 11 39
144 61 4 359
144 74 49 31
144 75 7 252
144 92 52 421
144 94 31 60
144 95 1 235
144 96 13 304
144 102 37 123
144 106 41 320
145 6 49 225
145 10 31 75
145 32 1 19
145 45 35 71
145 47 27 51
145 65 43 398
145 69 25 45
145 80 37 330
145 81 19 81
145 98 4 137
145 99 15 55
145 111 22 397
145 112 13 8
145 114 7 97
145 117 9 249
146 2 41 239
146 3 13 232
146 6 1 364
146 17 58 120
146 28 45 93
146 33 43 45
146 42 5 130
146 44 19 206
146 47 25 272
146 52 29 425
146 69 47 45
146 70 52 209
146 73 15 23
146 92 55 65
146 113 10 77
147 3 53 14
147 10 1 228
147 43 34 263
147 48 10 83
147 51 58 253
147 52 49 425
147 53 31 307
147 62 21 387
147 79 43 377
147 87 38 62
147 93 23 169
147 95 7 167
147 106 47 320
147 113 4 236
147 114 29 250
148 22 28 446
148 24 20 317
148 26 46 272
148 32 25 19
148 42 4 184
148 44 22 124
148 51 10 253
148 53 17 307
148 54 55 194
148 60 1 450
148 71 52 430
148 82 15 392
148 84 7 224
148 100 31 424
148 101 34 417
149 6 55 76
149 25 19 159
149 26 25 1
149 34 53 119
149 36 8 247
149 56 31 108
149 74 28 222
149 75 1 117
149 79 37 130
149 85 49 134
149 91 59 303
149 93 17 264
149 98 10 280
149 116 13 13
149 119 43 192
150 7 15 182
150 18 4 365
150 22 1 72
150 23 26 297
150 33 45 14
150 39 13 118
150 59 21 233
150 62 9 387
150 63 17 147
150 70 58 158
150 76 43 118
150 88 11 196
150 90 28 226
150 93 41 169
150 112 7 203
151 13 19 30
151 14 39 140
151 19 49 205
151 21 55 56
151 40 3 195
151 53 46 175
151 56 31 85
151 60 14 283
151 66 7 65
151 68 28 309
151 73 17 23
151 76 1 190
151 91 59 342
151 97 37 135
151 100 25 413
152 18 50 365
152 28 22 216
152 35 33 36
152 40 11 404
152 45 28 177
152 49 25 296
152 65 55 398
152 67 16 316
152 68 43 352
152 81 1 81
152 86 41 326
152 89 7 168
152 91 19 303
152 99 37 257
152 118 31 183
153 21 37 163
153 29 56 338
153 33 41 161
153 43 1 263
153 48 34 83
153 65 25 285
153 67 31 345
153 77 47 409
153 81 13 81
153 82 23 380
153 87 49 78
153 92 43 65
153 101 8 384
153 111 4 397
153 119 19 325
154 21 32 443
154 42 1 184
154 49 19 412
154 58 4 25
154 67 22 316
154 76 51 118
154 78 13 50
154 81 25 81
154 95 46 42
154 96 7 29
154 107 9 322
154 110 37 350
154 113 28 136
154 117 58 204
154 119 16 325
155 17 37 399
155 21 7 163
155 27 1 327
155 34 47 119
155 36 51 223
155 52 25 38
155 53 53 307
155 74 13 31
155 76 49 118
155 84 11 114
155 85 19 38
155 99 45 55
155 100 40 424
155 102 33 123
155 117 3 191
156 10 46 228
156 17 19 399
156 33 17 45
156 45 41 144
156 51 10 240
156 56 25 127
156 59 22 275
156 60 7 450
156 62 1 387
156 65 13 285
156 67 38 326
156 73 33 57
156 77 4 129
156 96 35 29
156 113 49 136
157 4 20 229
157 7 17 33
157 14 31 235
157 15 15 353
157 20 10 180
157 23 13 297
157 55 25 181
157 59 46 233
157 61 49 132
157 65 1 398
157 68 52 352
157 75 27 433
157 90 37 106
157 112 7 8
157 116 55 403
158 6 25 76
158 23 23 297
158 32 37 19
158 35 8 298
158 41 46 258
158 43 40 165
158 50 44 223
158 51 55 253
158 56 50 147
158 62 35 387
158 81 31 445
158 90 4 149
158 100 19 424
158 117 16 204
158 120 1 157
159 4 45 62
159 5 5 85
159 12 23 338
159 29 33 338
159 40 17 195
159 41 7 58
159 50 51 203
159 55 31 181
159 72 21 278
159 90 1 390
159 95 25 42
159 100 28 413
159 107 13 186
159 111 55 209
159 119 40 192
160 5 19 161
160 8 2 126
160 14 25 294
160 20 37 160
160 32 7 19
160 46 39 218
160 53 14 32
160 64 57 382
160 73 10 23
160 76 29 295
160 77 23 409
160 82 17 392
160 87 31 227
160 92 43 348
160 105 51 201
161 2 47 404
161 13 14 292
161 22 28 437
161 25 37 371
161 28 3 233
161 48 33 47
161 53 53 32
161 67 43 326
161 68 58 315
161 76 22 118
161 98 31 156
161 102 49 105
161 111 7 192
161 112 1 8
161 118 19 133
162 2 23 239
162 4 49 244
162 8 1 358
162 19 25 211
162 29 7 139
162 46 13 183
162 57 55 1
162 59 58 275
162 77 17 409
162 79 31 195
162 91 45 176
162 94 37 431
162 97 41 135
162 105 5 201
162 107 19 186
163 5 17 369
163 20 19 180
163 32 43 167
163 33 40 32
163 35 21 36
163 41 55 258
163 49 7 89
163 53 38 307
163 66 49 8
163 72 13 73
163 78 10 56
163 90 25 149
163 92 1 348
163 112 47 203
163 119 4 17
164 4 13 406
164 9 9 343
164 35 43 177
164 37 4 225
164 52 23 38
164 57 1 63
164 58 52 97
164 65 19 446
164 83 25 396
164 85 31 281
164 102 37 105
164 110 56 27
164 114 7 250
164 119 49 325
165 1 25 21
165 5 29 369
165 11 58 178
165 16 9 306
165 34 44 175
165 38 49 64
165 41 55 86
165 56 21 85
165 62 3 34
165 85 33 239
165 89 37 168
165 93 41 264
165 98 19 280
165 100 46 424
165 102 13 388
166 6 51 76
166 14 3 351
166 34 19 119
166 38 43 64
166 39 27 337
166 45 29 71
166 56 55 147
166 60 37 89
166 61 10 342
166 68 7 64
166 75 31 117
166 89 21 7
166 90 40 390
166 91 1 176
166 107 13 410
167 5 27 85
167 19 50 211
167 23 33 297
167 26 43 1
167 38 7 71
167 40 4 158
167 52 11 425
167 54 13 194
167 69 29 91
167 83 22 200
167 91 57 176
167 96 19 304
167 101 16 222
167 108 35 278
167 116 37 13
168 3 23 65
168 13 31 133
168 14 43 351
168 22 37 446
168 29 9 245
168 32 28 428
168 34 53 175
168 47 19 51
168 56 49 300
168 58 40 97
168 70 25 106
168 75 13 252
168 87 56 78
168 91 7 176
168 115 1 340
169 1 43 129
169 6 13 364
169 16 49 144
169 24 41 317
169 27 37 73
169 35 25 36
169 45 17 71
169 59 55 233
169 67 19 345
169 82 1 380
169 87 31 78
169 89 7 295
169 90 22 187
169 105 5 108
169 114 3 250
170 16 37 306
170 17 15 412
170 29 44 215
170 39 13 337
170 42 49 130
170 45 55 9
170 47 7 169
170 52 2 425
170 74 4 222
170 92 58 348
170 97 11 440
170 100 25 39
170 102 19 388
170 116 31 104
170 119 28 192
171 20 49 180
171 21 19 163
171 27 11 168
171 45 5 303
171 48 40 83
171 50 47 285
171 52 43 425
171 54 16 413
171 83 1 435
171 85 27 11
171 100 52 413
171 104 25 389
171 107 56 420
171 113 31 136
171 116 7 301
172 1 31 18
172 3 3 232
172 10 58 75
172 19 43 407
172 33 55 45
172 34 13 281
172 36 39 247
172 46 25 115
172 71 49 430
172 73 19 184
172 75 15 303
172 82 21 380
172 95 52 444
172 104 41 389
172 113 7 77
173 26 22 1
173 27 47 73
173 32 14 19
173 35 43 36
173 41 19 142
173 53 5 32
173 61 40 359
173 65 8 246
173 70 28 184
173 84 57 430
173 92 37 348
173 97 26 135
173 102 51 388
173 108 49 278
173 120 32 441
174 13 37 360
174 14 7 109
174 17 43 120
174 31 22 93
174 35 49 267
174 38 31 71
174 51 19 253
174 54 17 194
174 55 57 181
174 58 46 417
174 59 13 275
174 93 5 264
174 106 2 320
174 117 26 448
174 118 41 133
175 3 1 14
175 12 49 91
175 28 7 216
175 38 43 35
175 40 29 404
175 43 19 342
175 52 34 325
175 59 10 275
175 69 58 45
175 80 40 61
175 86 23 326
175 92 55 348
175 100 31 413
175 106 52 320
175 112 47 57
176 1 43 21
176 5 13 369
176 29 21 215
176 32 28 277
176 48 4 83
176 53 10 307
176 57 7 63
176 62 19 387
176 64 39 46
176 72 59 73
176 76 37 118
176 79 55 399
176 84 15 114
176 92 25 348
176 105 1 108
177 5 5 369
177 6 25 50
177 10 13 228
177 26 22 122
177 43 55 263
177 52 41 425
177 57 58 40
177 58 49 417
177 60 16 26
177 62 3 387
177 74 7 222
177 83 10 435
177 87 43 227
177 103 1 383
177 107 37 433
178 12 46 266
178 17 37 120
178 26 31 122
178 28 25 175
178 41 4 58
178 56 27 300
178 57 43 63
178 61 34 242
178 67 19 214
178 71 13 430
178 92 40 442
178 94 8 431
178 98 22 145
178 99 53 340
178 119 15 17
179 11 10 132
179 26 33 1
179 28 53 216
179 49 7 259
179 52 58 119
179 64 37 23
179 65 13 398
179 66 1 80
179 76 46 240
179 77 55 409
179 86 31 326
179 94 49 431
179 102 19 105
179 103 23 383
179 119 25 17
180 4 7 244
180 5 31 369
180 7 59 19
180 25 33 11
180 29 13 139
180 42 1 99
180 50 41 285
180 54 49 194
180 55 21 181
180 77 17 129
180 85 37 239
180 89 43 168
180 90 56 149
180 91 51 176
180 112 4 57
181 13 49 133
181 26 28 1
181 32 46 19
181 41 13 58
181 42 31 47
181 57 4 63
181 60 7 283
181 63 37 429
181 65 55 246
181 80 1 330
181 93 21 264
181 97 19 440
181 98 41 156
181 99 35 257
181 114 25 266
182 6 7 225
182 8 38 182
182 23 31 297
182 37 45 270
182 40 1 195
182 47 19 196
182 52 55 425
182 57 28 63
182 60 34 283
182 76 25 118
182 85 50 173
182 87 3 227
182 100 57 424
182 104 43 389
182 116 14 403
183 7 15 33
183 40 7 195
183 41 39 58
183 50 33 203
183 67 10 316
183 81 49 445
183 86 13 326
183 88 31 215
183 95 55 167
183 97 22 135
183 104 37 389
183 105 28 201
183 111 4 41
183 117 19 204
183 120 25 441
184 8 38 358
184 18 19 20
184 22 25 423
184 53 43 32
184 57 14 35
184 59 28 275
184 62 59 387
184 64 45 100
184 80 56 330
184 89 1 7
184 96 53 29
184 107 32 148
184 110 49 121
184 111 22 192
184 115 7 355
185 3 29 14
185 6 49 364
185 9 14 367
185 14 57 276
185 15 5 123
185 16 45 144
185 33 11 45
185 66 25 65
185 71 21 42
185 76 41 240
185 77 38 129
185 96 3 29
185 99 43 55
185 114 1 97
185 115 31 340
186 24 7 160
186 25 27 371
186 32 46 277
186 35 3 255
186 37 20 270
186 40 1 404
186 58 43 97
186 60 34 352
186 63 25 429
186 64 37 114
186 74 31 31
186 75 9 44
186 89 13 107
186 90 51 149
186 99 49 55
187 6 56 225
187 22 22 437
187 23 8 200
187 30 1 405
187 42 34 39
187 46 49 214
187 53 43 307
187 66 3 87
187 68 31 352
187 75 45 303
187 88 11 76
187 89 25 7
187 109 15 257
187 117 40 448
187 118 13 133
188 13 56 133
188 23 1 273
188 28 27 175
188 39 7 337
188 51 37 253
188 70 13 106
188 72 3 73
188 73 21 184
188 82 9 380
188 90 43 277
188 92 49 421
188 93 47 264
188 97 34 135
188 111 40 397
188 117 31 448
189 5 19 369
189 19 37 211
189 30 11 415
189 32 43 40
189 35 26 255
189 40 9 158
189 41 49 258
189 50 17 203
189 57 46 63
189 69 33 91
189 76 3 52
189 92 52 242
189 94 13 354
189 104 1 389
189 115 21 340
190 11 10 178
190 15 53 353
190 18 7 20
190 19 37 48
190 36 43 247
190 38 25 72
190 50 5 285
190 61 45 359
190 69 22 45
190 80 16 61
190 91 13 176
190 99 19 55
190 110 49 350
190 113 34 76
190 116 1 13
191 11 28 345
191 25 37 333
191 28 5 233
191 39 47 337
191 42 1 130
191 51 7 256
191 53 3 307
191 57 31 35
191 65 19 246
191 67 43 345
191 68 10 352
191 70 34 106
191 88 13 196
191 117 25 204
191 120 16 287
192 6 49 397
192 14 37 294
192 20 29 180
192 22 19 376
192 45 59 177
192 50 3 223
192 58 10 25
192 61 16 132
192 70 43 158
192 80 26 61
192 92 46 348
192 101 31 417
192 106 7 170
192 113 13 76
192 120 34 157
193 4 49 229
193 21 9 443
193 32 40 19
193 33 25 32
193 34 7 119
193 43 31 263
193 59 34 275
193 68 13 315
193 70 22 106
193 73 53 23
193 83 19 200
193 85 27 38
193 105 17 108
193 112 37 57
193 120 4 157
194 6 43 450
194 15 11 173
194 18 31 20
194 35 19 177
194 36 59 247
194 37 7 28
194 38 37 71
194 50 13 203
194 63 3 429
194 70 52 106
194 81 28 28
194 88 1 215
194 90 25 226
194 109 55 123
194 118 17 133
195 2 10 390
195 8 43 182
195 14 31 23
195 18 13 20
195 43 51 342
195 56 55 108
195 59 25 355
195 61 19 359
195 67 22 345
195 68 7 315
195 75 37 153
195 88 49 215
195 94 1 60
195 95 28 167
195 100 16 110
196 1 37 187
196 19 55 211
196 27 50 327
196 33 59 14
196 38 25 71
196 46 13 115
196 47 45 226
196 56 19 300
196 66 7 223
196 69 35 91
196 91 29 176
196 97 43 135
196 106 3 170
196 107 31 410
196 114 11 250
197 6 43 76
197 12 11 338
197 13 49 292
197 14 25 276
197 37 31 225
197 44 4 146
197 53 15 307
197 56 37 27
197 58 1 25
197 62 29 387
197 66 55 80
197 78 20 188
197 96 13 29
197 99 53 55
197 110 7 121
198 3 43 232
198 25 19 374
198 32 1 277
198 39 53 153
198 40 7 404
198 52 4 38
198 58 49 97
198 65 13 446
198 68 45 231
198 71 29 430
198 87 38 248
198 99 27 55
198 107 33 433
198 112 11 203
198 114 9 250
199 3 11 232
199 21 49 56
199 22 43 126
199 35 55 255
199 48 19 83
199 58 1 334
199 72 46 278
199 75 7 433
199 88 40 196
199 93 33 264
199 106 31 320
199 108 37 201
199 109 27 257
199 111 16 41
199 119 13 325
200 8 19 156
200 12 44 91
200 15 1 353
200 21 37 443
200 23 55 297
200 31 31 153
200 43 57 77
200 68 4 352
200 83 10 200
200 89 25 168
200 90 50 390
200 99 17 55
200 101 34 384
200 108 7 278
200 110 13 121
201 7 23 33
201 24 47 317
201 27 32 327
201 34 25 119
201 48 43 47
201 72 51 278
201 74 58 63
201 84 37 224
201 89 9 87
201 90 4 106
201 91 55 176
201 94 19 431
201 97 16 36
201 99 7 55
201 104 14 389
202 14 1 276
202 30 19 415
202 32 43 19
202 39 23 384
202 54 21 194
202 58 37 417
202 60 28 283
202 61 33 359
202 68 8 231
202 74 46 31
202 77 50 409
202 79 55 437
202 88 11 215
202 101 52 384
202 116 14 104
203 18 22 20
203 27 13 327
203 28 47 216
203 40 9 404
203 43 31 342
203 45 4 177
203 46 55 378
203 47 43 51
203 55 7 133
203 59 1 275
203 60 19 283
203 72 17 278
203 74 37 9
203 83 28 200
203 103 11 239
204 12 40 276
204 17 16 399
204 29 45 139
204 37 4 26
204 38 55 64
204 43 49 165
204 45 19 9
204 46 9 115
204 49 1 412
204 81 13 428
204 82 7 380
204 90 31 390
204 100 22 413
204 101 25 378
204 104 43 115
205 6 25 225
205 9 31 12
205 10 7 142
205 11 58 345
205 15 41 353
205 19 43 205
205 20 5 246
205 29 37 213
205 31 13 286
205 43 16 44
205 50 3 203
205 56 49 27
205 57 19 40
205 70 10 106
205 82 55 380
206 5 29 448
206 11 10 345
206 34 35 175
206 46 50 286
206 47 1 272
206 53 33 32
206 60 25 352
206 62 7 387
206 69 31 91
206 76 21 190
206 84 19 224
206 86 5 421
206 87 14 248
206 89 43 87
206 101 58 127
207 4 31 335
207 23 52 200
207 48 13 83
207 75 38 303
207 81 9 445
207 91 43 176
207 93 55 250
207 99 5 55
207 103 25 425
207 104 7 389
207 106 16 170
207 108 23 163
207 110 19 121
207 111 28 41
207 116 1 104
208 5 46 448
208 20 43 160
208 43 40 263
208 47 49 77
208 54 57 194
208 63 23 147
208 64 27 114
208 70 1 106
208 73 35 23
208 77 10 409
208 93 25 264
208 97 55 135
208 100 37 231
208 103 15 383
208 107 19 295
209 7 13 255
209 10 16 228
209 13 27 133
209 15 23 123
209 37 55 270
209 45 53 71
209 48 37 83
209 52 33 425
209 55 11 181
209 60 19 450
209 75 49 252
209 78 7 188
209 81 46 28
209 82 58 380
209 89 1 107
210 5 41 85
210 9 7 12
210 25 31 159
210 31 4 153
210 34 37 175
210 40 11 158
210 51 1 253
210 62 17 387
210 66 20 48
210 78 55 429
210 80 50 61
210 85 25 239
210 103 35 383
210 112 29 203
210 115 13 340
211 6 19 398
211 25 7 159
211 28 13 93
211 39 45 337
211 43 28 77
211 46 32 134
211 52 47 38
211 58 1 112
211 59 55 275
211 63 16 429
211 73 23 57
211 85 49 281
211 86 25 421
211 92 4 242
211 110 38 151
212 17 10 399
212 35 39 36
212 37 22 28
212 38 26 334
212 50 37 223
212 53 59 307
212 73 57 417
212 77 34 409
212 79 13 195
212 86 17 326
212 92 52 65
212 98 7 145
212 112 45 8
212 114 55 97
212 117 4 204
213 17 45 399
213 30 35 405
213 41 2 86
213 46 7 214
213 50 59 203
213 58 40 417
213 60 56 283
213 65 25 246
213 85 31 173
213 93 14 250
213 100 16 424
213 109 38 286
213 111 49 209
213 112 53 203
213 116 19 301
214 13 13 82
214 19 39 376
214 25 7 333
214 35 31 255
214 39 37 337
214 40 11 98
214 51 1 187
214 56 25 404
214 71 4 430
214 74 57 358
214 89 20 87
214 94 43 431
214 95 49 42
214 98 53 267
214 118 17 183
215 3 41 232
215 25 1 125
215 26 52 122
215 28 15 216
215 41 25 258
215 45 35 144
215 47 43 169
215 57 22 35
215 62 19 34
215 69 17 91
215 70 10 294
215 74 7 31
215 78 28 188
215 100 49 424
215 104 31 389
216 12 23 91
216 19 15 376
216 28 13 216
216 30 27 405
216 34 7 175
216 36 25 247
216 39 9 337
216 65 50 246
216 72 31 278
216 81 44 81
216 88 4 196
216 91 33 176
216 92 40 348
216 114 21 250
216 115 57 369
217 1 25 384
217 4 21 62
217 7 47 255
217 8 13 358
217 14 55 235
217 44 40 146
217 72 19 278
217 94 1 354
217 98 29 280
217 100 7 282
217 102 31 388
217 110 49 151
217 112 43 57
217 117 10 204
217 118 37 383
218 10 22 228
218 22 19 437
218 23 45 297
218 24 14 317
218 26 52 272
218 37 8 270
218 44 16 146
218 53 37 32
218 56 32 404
218 66 27 230
218 73 25 57
218 98 11 116
218 104 3 389
218 107 39 186
218 108 57 278
219 2 23 390
219 4 14 335
219 5 29 85
219 22 1 205
219 29 19 414
219 35 37 255
219 38 57 72
219 49 34 296
219 60 25 283
219 76 32 118
219 95 10 167
219 97 45 135
219 100 4 335
219 105 7 201
219 115 49 103
220 8 1 156
220 17 7 399
220 26 34 272
220 28 52 253
220 32 39 40
220 39 11 355
220 52 59 425
220 70 19 294
220 75 55 433
220 79 25 361
220 88 37 196
220 92 22 442
220 114 5 97
220 117 16 448
220 119 31 325
221 7 41 255
221 12 23 276
221 13 55 360
221 19 43 48
221 21 14 209
221 37 25 26
221 40 2 158
221 49 34 412
221 54 7 194
221 57 4 40
221 66 19 8
221 84 11 224
221 92 31 348
221 114 9 97
221 120 28 157
222 5 2 369
222 12 25 91
222 16 7 125
222 24 13 160
222 42 17 39
222 49 37 296
222 50 19 203
222 55 15 181
222 70 34 158
222 71 47 430
222 72 59 278
222 95 22 167
222 96 27 29
222 98 4 280
222 114 11 97
223 8 26 156
223 11 50 345
223 24 57 317
223 36 23 223
223 37 31 270
223 43 37 77
223 54 43 194
223 67 40 214
223 72 15 73
223 73 1 23
223 90 7 149
223 98 34 280
223 101 10 127
223 103 13 383
223 118 45 383
224 1 19 344
224 9 37 367
224 12 53 276
224 43 34 37
224 46 43 214
224 49 49 216
224 51 31 240
224 54 25 194
224 61 28 242
224 86 3 421
224 102 7 388
224 103 55 383
224 104 57 389
224 112 41 203
224 116 14 301
225 5 58 448
225 18 4 20
225 19 25 205
225 29 7 338
225 36 37 247
225 43 52 263
225 61 1 102
225 63 11 147
225 65 39 246
225 68 55 231
225 72 21 73
225 82 19 392
225 112 15 8
225 115 31 241
225 117 44 2
226 7 17 182
226 12 23 266
226 16 3 144
226 25 43 371
226 36 31 247
226 46 55 115
226 62 11 387
226 86 1 421
226 87 13 386
226 88 35 196
226 89 7 107
226 90 20 226
226 94 37 69
226 100 28 151
226 112 47 8
227 3 33 14
227 14 13 140
227 15 27 353
227 28 29 175
227 41 20 258
227 42 35 184
227 52 51 119
227 54 31 194
227 56 43 300
227 64 7 114
227 79 3 361
227 89 55 7
227 90 40 149
227 96 11 29
227 111 37 41
228 7 35 182
228 20 41 180
228 24 16 317
228 36 39 223
228 44 31 206
228 48 58 83
228 51 7 253
228 62 37 387
228 81 4 445
228 83 49 200
228 97 28 135
228 99 47 55
228 107 19 100
228 109 25 257
228 115 43 33
229 2 19 390
229 10 13 75
229 17 22 399
229 27 41 73
229 29 55 213
229 30 7 405
229 49 4 259
229 53 51 307
229 56 43 127
229 66 31 8
229 67 37 345
229 74 16 9
229 83 1 200
229 113 10 370
229 116 25 104
230 4 31 244
230 12 35 266
230 19 13 211
230 25 39 374
230 47 57 51
230 49 10 296
230 50 53 285
230 56 49 85
230 64 43 283
230 70 22 158
230 73 55 23
230 90 25 187
230 95 19 444
230 98 3 145
230 113 7 136
231 24 3 317
231 29 33 350
231 39 5 136
231 40 52 404
231 47 13 169
231 52 17 425
231 64 7 62
231 69 39 45
231 74 44 222
231 79 20 195
231 84 11 270
231 109 41 257
231 113 25 125
231 114 31 250
231 120 55 157
232 2 23 404
232 4 37 229
232 14 13 276
232 16 49 306
232 42 17 130
232 44 7 124
232 54 55 181
232 57 19 35
232 61 25 342
232 73 47 23
232 87 43 386
232 90 57 277
232 101 10 378
232 109 28 286
232 120 2 441
233 6 49 99
233 24 45 317
233 26 37 122
233 34 15 175
233 35 27 161
233 44 4 124
233 45 7 218
233 48 1 47
233 59 19 275
233 62 33 387
233 84 23 270
233 91 47 176
233 93 13 264
233 104 53 389
233 106 17 320
234 4 43 406
234 5 23 369
234 7 7 33
234 10 25 228
234 18 34 365
234 21 19 443
234 23 28 297
234 25 13 371
234 42 1 39
234 44 4 206
234 46 9 350
234 50 17 285
234 74 49 9
234 76 47 118
234 116 37 301
235 3 1 232
235 6 9 364
235 14 19 23
235 17 34 120
235 18 46 20
235 39 15 355
235 58 43 25
235 68 58 352
235 77 7 129
235 89 38 7
235 90 25 390
235 102 3 325
235 103 13 425
235 115 49 369
235 118 28 183
236 10 37 338
236 13 7 292
236 28 17 175
236 38 44 71
236 39 55 337
236 55 13 181
236 63 11 450
236 66 19 65
236 85 3 173
236 105 1 201
236 110 31 121
236 111 58 41
236 115 25 340
236 116 49 403
236 120 40 287
237 12 39 91
237 15 25 123
237 33 35 32
237 38 1 71
237 39 58 327
237 42 10 130
237 57 55 35
237 66 49 48
237 77 8 409
237 85 13 239
237 100 27 424
237 102 43 353
237 109 37 31
237 111 31 397
237 116 19 403
238 15 25 353
238 18 16 20
238 23 3 297
238 47 49 343
238 54 1 229
238 64 55 114
238 71 41 430
238 74 31 300
238 82 53 392
238 85 7 239
238 100 22 424
238 107 45 298
238 109 43 31
238 114 27 250
238 116 37 104
239 1 31 129
239 9 37 12
239 37 44 26
239 41 1 58
239 47 25 343
239 49 19 259
239 52 35 119
239 62 13 34
239 72 9 278
239 76 4 118
239 82 7 392
239 92 49 348
239 109 11 123
239 112 15 203
239 116 55 301
240 1 32 21
240 15 59 353
240 21 1 443
240 25 7 11
240 27 17 327
240 34 19 175
240 41 52 258
240 46 37 183
240 47 25 196
240 53 55 307
240 65 13 147
240 80 22 330
240 88 47 196
240 100 43 413
240 106 5 170
241 19 7 211
241 20 55 160
241 25 38 11
241 26 26 122
241 30 49 405
241 35 20 255
241 42 47 99
241 43 34 342
241 44 1 146
241 46 51 115
241 47 43 196
241 73 11 57
241 80 16 330
241 100 4 413
241 117 31 204
242 22 7 437
242 25 19 11
242 49 13 296
242 50 49 223
242 57 31 63
242 62 5 34
242 63 45 429
242 67 34 345
242 80 58 61
242 84 25 114
242 85 1 281
242 89 37 444
242 96 17 29
242 112 23 8
242 119 52 17
243 5 55 448
243 14 33 149
243 26 13 122
243 31 16 286
243 35 49 255
243 46 43 134
243 52 7 38
243 53 31 32
243 54 5 194
243 70 25 171
243 71 1 430
243 79 19 377
243 86 37 421
243 91 23 176
243 97 9 440
244 25 7 374
244 26 15 272
244 31 22 286
244 35 43 161
244 40 13 404
244 48 4 47
244 49 58 216
244 80 19 330
244 81 40 28
244 87 49 62
244 96 11 304
244 101 31 384
244 108 29 414
244 109 1 257
244 116 25 301
245 15 13 353
245 33 11 32
245 46 1 115
245 56 55 85
245 58 46 25
245 72 23 73
245 73 21 57
245 83 15 396
245 95 52 167
245 109 19 257
245 110 7 151
245 113 37 136
245 114 41 35
245 118 25 133
245 119 28 17
246 21 37 143
246 23 17 297
246 26 34 122
246 27 22 327
246 28 27 216
246 33 3 45
246 58 19 25
246 70 43 440
246 71 32 430
246 73 52 57
246 90 7 106
246 96 1 29
246 103 10 383
246 104 29 389
246 107 13 433
247 1 19 18
247 13 55 248
247 24 25 160
247 33 41 45
247 45 11 71
247 47 31 226
247 54 39 194
247 61 4 342
247 71 9 430
247 73 7 23
247 81 43 445
247 84 52 224
247 97 13 36
247 101 49 127
247 113 1 77
248 5 34 369
248 6 21 76
248 8 13 156
248 12 10 165
248 15 7 173
248 20 39 180
248 27 17 168
248 54 4 229
248 63 19 429
248 73 25 23
248 97 2 440
248 102 49 353
248 104 29 115
248 115 55 103
248 118 59 183
249 7 17 19
249 18 10 20
249 29 51 139
249 30 3 415
249 44 7 146
249 57 34 35
249 63 21 429
249 64 37 382
249 68 13 64
249 70 31 84
249 73 49 26
249 93 27 264
249 97 1 135
249 103 43 383
249 109 46 257
250 1 8 21
250 5 16 85
250 14 44 143
250 16 55 144
250 25 1 11
250 32 19 277
250 33 27 45
250 59 31 275
250 61 22 359
250 64 50 283
250 87 37 386
250 88 25 215
250 104 34 389
250 109 41 31
250 111 13 41
251 21 50 163
251 30 13 405
251 42 38 184
251 45 4 9
251 49 40 412
251 61 28 359
251 66 57 87
251 76 55 118
251 83 1 410
251 88 16 215
251 93 35 250
251 99 22 55
251 112 9 8
251 115 31 319
251 116 43 403
252 2 15 390
252 10 40 338
252 11 51 178
252 12 13 338
252 19 19 407
252 26 44 122
252 33 57 32
252 55 49 181
252 64 2 114
252 91 31 176
252 92 37 242
252 93 55 264
252 94 25 431
252 114 33 250
252 117 7 2
253 17 25 412
253 28 43 216
253 30 9 405
253 33 55 14
253 51 58 240
253 56 19 404
253 60 46 352
253 62 35 34
253 77 31 409
253 85 51 239
253 90 40 277
253 94 13 69
253 100 1 413
253 108 33 278
253 112 49 203
254 4 37 50
254 13 7 360
254 15 43 173
254 27 59 168
254 32 51 19
254 35 31 177
254 60 4 283
254 63 23 429
254 70 55 158
254 79 25 377
254 84 29 224
254 96 17 304
254 99 41 55
254 100 45 39
254 101 19 127
255 11 15 345
255 13 19 360
255 16 27 144
255 34 13 119
255 37 10 28
255 43 58 165
255 51 55 240
255 58 34 97
255 60 31 26
255 78 1 188
255 82 25 380
255 83 7 435
255 94 51 69
255 107 43 186
255 115 37 191
256 3 7 14
256 20 50 160
256 29 55 414
256 39 25 337
256 42 47 130
256 58 40 334
256 75 27 44
256 80 34 61
256 84 14 224
256 87 21 332
256 95 4 167
256 96 44 29
256 103 9 425
256 104 19 389
256 106 37 320
257 4 25 229
257 8 19 182
257 13 13 298
257 19 55 99
257 20 43 180
257 22 1 294
257 43 4 263
257 45 17 177
257 56 37 300
257 65 7 147
257 70 49 106
257 81 31 28
257 92 46 442
257 105 35 108
257 117 52 204
258 5 15 369
258 17 25 120
258 24 10 317
258 33 37 14
258 34 28 119
258 37 34 270
258 45 19 158
258 53 1 307
258 55 13 233
258 57 58 35
258 61 52 359
258 71 23 42
258 107 3 295
258 112 17 8
258 118 41 183
259 1 49 129
259 4 13 244
259 11 31 147
259 12 17 276
259 18 1 20
259 30 5 415
259 49 22 296
259 52 11 38
259 53 35 307
259 61 19 242
259 75 27 252
259 77 9 129
259 80 43 61
259 85 55 239
259 112 39 8
260 30 5 405
260 31 19 286
260 37 16 270
260 41 1 258
260 48 28 83
260 55 33 181
260 67 52 316
260 74 13 300
260 85 56 38
260 87 7 78
260 92 40 65
260 93 35 264
260 114 37 250
260 117 45 204
260 118 49 183
261 24 17 160
261 27 8 327
261 38 19 64
261 42 46 47
261 47 55 196
261 50 26 203
261 68 43 315
261 72 5 73
261 82 35 380
261 97 15 440
261 99 1 55
261 100 49 231
261 110 38 134
261 114 52 250
261 115 31 103
262 5 59 85
262 12 52 165
262 21 31 172
262 40 55 195
262 53 19 307
262 73 13 184
262 75 21 303
262 85 38 281
262 92 4 348
262 95 16 167
262 97 10 36
262 103 27 383
262 105 8 108
262 111 46 41
262 117 1 204
263 5 9 85
263 8 44 358
263 17 19 120
263 28 1 175
263 30 39 415
263 35 25 207
263 54 37 194
263 55 53 181
263 62 15 34
263 63 29 429
263 68 32 231
263 87 49 248
263 97 59 135
263 98 3 116
263 105 13 201
264 23 1 297
264 29 37 139
264 46 27 218
264 55 9 181
264 63 32 429
264 74 13 424
264 85 43 38
264 89 55 295
264 91 59 176
264 93 23 250
264 94 19 354
264 96 25 304
264 98 5 145
264 106 50 320
264 109 53 257
265 9 43 12
265 10 7 228
265 14 15 294
265 25 1 371
265 30 35 415
265 36 41 223
265 37 58 28
265 49 55 296
265 65 31 398
265 68 38 352
265 74 10 300
265 84 13 114
265 89 49 168
265 90 19 187
265 94 26 69
266 1 25 129
266 23 19 297
266 24 49 317
266 28 39 216
266 39 11 337
266 45 17 158
266 46 7 134
266 62 47 387
266 64 1 100
266 72 15 278
266 74 31 9
266 75 55 153
266 81 51 28
266 83 21 435
266 116 43 104
267 39 34 337
267 43 49 263
267 47 55 182
267 59 1 355
267 68 4 64
267 70 39 171
267 71 15 42
267 72 25 278
267 73 17 184
267 74 52 9
267 80 31 61
267 95 28 42
267 104 59 389
267 116 44 301
267 119 22 17
268 2 59 390
268 23 5 46
268 24 17 56
268 29 55 215
268 34 32 119
268 35 7 177
268 38 49 30
268 43 44 263
268 61 14 359
268 77 29 129
268 89 37 235
268 101 20 384
268 106 34 320
268 113 25 77
268 115 1 103
269 3 25 232
269 4 49 335
269 8 8 156
269 11 4 132
269 21 55 163
269 32 14 277
269 52 41 38
269 53 28 307
269 63 23 306
269 73 59 23
269 86 47 326
269 94 43 60
269 95 1 167
269 104 17 115
269 110 19 27
270 11 31 178
270 24 37 317
270 38 43 334
270 42 59 47
270 57 13 40
270 65 55 285
270 71 7 430
270 76 5 52
270 84 41 114
270 89 20 107
270 94 1 69
270 101 16 384
270 105 34 201
270 111 9 397
270 119 25 192
271 5 5 161
271 11 13 178
271 25 1 159
271 28 29 216
271 31 19 153
271 39 45 327
271 43 22 342
271 47 32 169
271 58 37 25
271 65 7 398
271 76 11 295
271 87 25 227
271 96 50 29
271 105 17 201
271 120 55 441
272 2 55 390
272 19 43 211
272 21 37 209
272 28 35 253
272 37 58 270
272 39 17 337
272 51 22 253
272 56 49 108
272 80 10 330
272 90 4 187
272 97 47 135
272 111 13 397
272 116 25 13
272 117 1 448
272 120 7 157
273 1 1 344
273 2 31 239
273 8 49 156
273 11 34 178
273 34 57 175
273 36 17 247
273 44 7 206
273 61 25 242
273 73 59 57
273 77 21 409
273 78 40 56
273 86 13 421
273 94 43 69
273 103 53 383
273 109 11 257
274 9 55 367
274 12 19 338
274 16 43 322
274 19 25 407
274 20 1 180
274 27 5 327
274 33 59 32
274 41 13 258
274 58 37 334
274 64 31 46
274 73 3 23
274 74 22 9
274 78 16 50
274 94 7 69
274 107 51 295
275 7 31 33
275 11 40 178
275 41 34 58
275 43 19 263
275 58 7 25
275 67 27 326
275 72 1 278
275 74 10 31
275 75 55 303
275 78 13 188
275 84 25 307
275 86 3 326
275 95 16 284
275 112 37 8
275 115 49 355
276 10 34 228
276 22 19 72
276 26 22 272
276 33 13 45
276 48 50 47
276 54 7 413
276 65 3 147
276 68 31 315
276 81 9 428
276 91 25 31
276 92 27 421
276 97 15 135
276 106 1 170
276 112 41 8
276 114 47 250
277 4 20 335
277 15 34 353
277 17 40 399
277 19 13 407
277 28 2 216
277 35 55 161
277 44 37 146
277 46 43 286
277 63 25 147
277 78 4 56
277 91 49 342
277 98 47 156
277 100 10 424
277 104 27 389
277 111 7 41
278 2 7 390
278 3 5 232
278 4 15 229
278 9 1 343
278 26 9 122
278 29 51 414
278 30 31 405
278 33 49 45
278 43 19 165
278 62 27 34
278 68 22 315
278 82 13 380
278 93 39 264
278 100 43 335
278 103 25 383
279 10 55 228
279 40 5 195
279 41 43 86
279 51 7 240
279 53 46 307
279 60 34 89
279 65 20 285
279 68 26 315
279 73 41 26
279 75 49 117
279 93 29 169
279 96 15 29
279 101 2 384
279 115 37 355
279 119 31 192
280 2 5 398
280 14 49 294
280 17 46 120
280 24 25 317
280 38 27 35
280 41 57 58
280 43 37 263
280 56 31 140
280 57 22 40
280 68 16 352
280 74 10 222
280 77 13 129
280 96 44 304
280 113 19 136
280 116 1 403
281 1 19 129
281 3 17 232
281 15 47 353
281 20 39 160
281 36 33 247
281 37 28 270
281 39 52 327
281 48 49 83
281 50 11 223
281 52 31 425
281 59 25 233
281 77 15 129
281 101 43 378
281 115 55 340
281 118 9 183
282 9 21 12
282 16 43 125
282 22 51 141
282 44 28 124
282 55 19 181
282 63 10 429
282 76 35 118
282 81 1 445
282 84 49 270
282 92 58 421
282 94 14 60
282 98 5 156
282 102 37 353
282 111 25 41
282 116 31 403
283 7 47 182
283 50 1 203
283 54 29 194
283 60 38 283
283 67 7 316
283 72 31 73
283 88 53 196
283 91 3 176
283 97 10 135
283 100 34 413
283 101 22 127
283 102 14 123
283 110 55 134
283 112 43 8
283 113 25 136
284 13 37 292
284 17 4 412
284 22 31 423
284 24 1 317
284 34 22 119
284 48 7 83
284 55 19 233
284 66 27 8
284 67 55 214
284 98 17 156
284 99 10 55
284 100 34 424
284 103 15 425
284 106 45 320
284 112 25 8
285 27 19 327
285 35 31 298
285 43 43 165
285 52 49 119
285 60 22 283
285 61 10 359
285 68 2 315
285 73 5 23
285 81 46 246
285 85 13 173
285 87 37 78
285 93 51 264
285 96 7 304
285 107 25 110
285 110 55 350
286 5 43 85
286 7 31 19
286 13 37 343
286 15 1 165
286 19 3 407
286 21 25 163
286 31 50 153
286 46 9 218
286 54 23 194
286 56 45 140
286 58 33 25
286 73 7 417
286 91 53 176
286 94 14 431
286 116 56 13
287 22 10 437
287 23 58 297
287 30 25 415
287 40 55 404
287 41 31 258
287 47 37 226
287 50 5 223
287 61 7 342
287 62 15 387
287 63 27 147
287 64 43 23
287 69 1 91
287 83 34 200
287 87 49 227
287 105 21 201
288 1 37 384
288 8 27 155
288 9 49 12
288 27 43 73
288 30 41 405
288 55 17 181
288 61 55 242
288 66 45 225
288 69 33 45
288 71 3 42
288 75 19 252
288 89 13 7
288 92 58 65
288 114 25 97
288 115 7 340
289 6 37 450
289 11 28 178
289 21 7 143
289 25 49 371
289 47 33 51
289 55 11 133
289 59 25 275
289 62 1 34
289 68 46 315
289 82 31 380
289 83 3 396
289 92 43 442
289 94 56 69
289 110 13 151
289 116 19 13
290 4 25 406
290 47 7 226
290 52 1 38
290 66 31 230
290 72 53 278
290 76 5 190
290 84 59 430
290 88 29 196
290 101 22 378
290 103 20 383
290 105 3 201
290 112 39 203
290 115 13 103
290 117 49 448
290 119 56 192
291 15 31 353
291 17 52 399
291 39 19 337
291 44 10 146
291 49 1 89
291 50 37 203
291 52 43 119
291 53 22 32
291 54 27 194
291 59 49 275
291 89 45 295
291 99 56 55
291 108 29 278
291 111 34 397
291 113 58 136
292 20 35 160
292 22 3 437
292 23 41 280
292 24 15 160
292 25 25 374
292 35 55 177
292 39 50 337
292 55 29 181
292 65 7 446
292 71 45 430
292 74 52 31
292 78 32 50
292 85 19 281
292 92 37 442
292 112 1 57
293 3 49 14
293 9 20 441
293 17 28 399
293 26 16 122
293 33 43 14
293 34 11 281
293 40 58 404
293 49 31 296
293 59 45 275
293 80 25 330
293 93 53 264
293 96 40 29
293 107 1 148
293 111 37 397
293 112 55 8
294 5 37 369
294 15 29 353
294 21 25 443
294 23 7 297
294 39 17 120
294 51 9 190
294 54 52 194
294 55 23 181
294 57 34 63
294 61 56 132
294 76 59 118
294 83 4 200
294 106 39 320
294 109 47 281
294 118 1 183
295 1 55 21
295 13 45 133
295 34 5 281
295 35 39 201
295 45 43 303
295 53 1 178
295 54 3 194
295 62 11 34
295 79 31 377
295 90 13 187
295 92 8 348
295 100 49 413
295 102 27 123
295 104 23 115
295 119 19 192
296 7 11 182
296 14 7 140
296 17 1 120
296 18 14 365
296 33 39 14
296 55 4 181
296 59 49 233
296 68 27 64
296 70 44 106
296 76 17 52
296 87 20 386
296 99 25 55
296 100 52 424
296 106 35 104
296 110 55 121
297 11 7 345
297 31 44 153
297 38 49 71
297 40 5 404
297 44 26 146
297 58 10 417
297 61 15 342
297 66 55 230
297 74 38 222
297 89 31 107
297 91 21 176
297 96 23 304
297 97 13 440
297 109 19 31
297 114 1 250
298 5 8 161
298 13 13 360
298 15 5 353
298 23 52 297
298 26 10 272
298 27 22 440
298 43 28 263
298 61 55 359
298 65 1 246
298 71 20 430
298 74 58 31
298 75 39 331
298 112 50 57
298 114 17 97
298 115 43 355
299 3 53 232
299 21 43 56
299 30 15 405
299 35 38 267
299 43 28 165
299 52 9 38
299 56 1 140
299 67 58 316
299 77 23 129
299 79 19 361
299 86 34 421
299 92 49 65
299 97 5 135
299 101 25 417
299 111 31 41
300 9 21 367
300 20 27 160
300 33 7 412
300 41 10 86
300 45 15 158
300 49 46 296
300 52 41 119
300 54 35 194
300 56 55 140
300 70 31 158
300 73 49 184
300 85 37 173
300 99 59 55
300 107 1 298
300 112 5 8
Điểm tối ưu: 4498
Thời gian: 360.082883 giây
Trạng thái: VALID
