1946
1 8 43 28
1 11 32 32
1 17 3 67
1 22 13 184
1 36 22 155
1 38 50 100
1 41 55 160
1 45 7 14
1 49 37 35
1 52 28 140
1 54 47 202
1 55 19 77
1 59 25 62
2 1 15 44
2 6 10 7
2 17 7 67
2 19 3 122
2 24 55 141
2 39 20 154
2 42 37 16
2 51 29 153
2 56 40 89
3 4 55 63
3 7 11 177
3 10 27 198
3 11 1 111
3 14 43 166
3 15 13 74
3 23 7 216
3 29 19 194
3 32 39 39
3 39 25 120
3 46 4 191
3 49 49 218
3 52 32 223
3 55 9 77
4 1 25 142
4 3 44 4
4 5 55 185
4 6 16 40
4 13 49 8
4 15 1 33
4 19 13 122
4 22 8 128
4 32 59 145
4 34 19 86
4 46 23 215
4 52 34 140
4 57 39 20
5 3 19 4
5 5 8 147
5 8 25 28
5 9 16 21
5 10 51 2
5 15 43 74
5 19 32 122
5 20 13 159
5 22 55 143
5 24 3 141
5 40 49 96
5 42 39 16
5 43 34 197
5 54 23 202
6 2 15 22
6 3 33 183
6 35 1 23
6 36 9 99
6 37 55 175
6 38 37 100
6 40 7 163
6 48 13 46
6 51 19 153
6 56 40 31
6 57 49 20
6 58 52 182
6 60 3 134
7 1 10 109
7 5 33 156
7 6 3 7
7 12 15 51
7 19 49 122
7 32 19 145
7 35 7 189
7 38 25 53
7 40 58 96
7 43 22 30
7 45 37 149
7 46 27 110
7 51 31 153
7 56 46 89
8 5 13 132
8 9 1 21
8 10 19 54
8 14 43 61
8 15 7 33
8 16 40 45
8 28 4 196
8 32 32 39
8 36 34 155
8 38 11 100
8 40 27 96
8 56 37 31
8 59 49 62
9 1 4 142
9 2 13 205
9 9 19 117
9 13 22 8
9 16 37 121
9 18 16 80
9 22 7 143
9 23 33 129
9 24 25 141
9 25 28 95
9 35 1 172
9 36 58 99
9 44 49 210
9 59 43 62
10 1 9 44
10 2 28 22
10 3 43 36
10 10 13 193
10 14 37 164
10 26 7 208
10 28 55 43
10 32 53 39
10 38 58 100
10 40 32 96
10 41 49 162
10 42 47 16
10 51 3 153
10 53 34 219
10 56 22 22
11 2 10 205
11 3 1 36
11 8 13 28
11 16 43 121
11 25 7 95
11 34 19 69
11 37 37 175
11 39 35 120
11 41 31 222
11 42 41 16
11 53 25 224
11 59 28 62
11 60 56 134
12 16 34 45
12 19 1 122
12 21 4 11
12 26 19 208
12 28 7 43
12 31 39 171
12 32 13 39
12 35 49 189
12 38 27 100
12 45 31 149
12 49 43 85
12 51 15 174
12 55 41 77
12 56 10 89
12 57 21 20
13 3 7 183
13 10 3 198
13 13 40 8
13 17 1 67
13 21 55 11
13 23 15 216
13 24 43 141
13 29 49 194
13 48 11 46
13 49 31 218
13 56 46 31
14 1 43 145
14 4 1 63
14 7 32 136
14 37 9 175
14 40 20 163
14 42 5 16
14 47 16 180
14 56 25 89
15 14 9 135
15 15 3 97
15 18 37 80
15 23 1 129
15 24 34 141
15 40 21 96
15 42 49 16
15 46 47 215
15 51 45 153
15 53 52 103
15 57 7 20
15 58 55 182
16 2 34 205
16 11 38 32
16 12 49 51
16 21 58 11
16 23 40 129
16 24 21 141
16 25 52 95
16 37 5 183
16 39 56 120
16 41 43 162
16 42 13 16
16 44 25 181
16 51 15 153
16 57 9 46
17 15 31 65
17 19 43 122
17 24 10 167
17 26 3 208
17 27 25 106
17 28 58 43
17 37 35 175
17 45 40 149
17 49 13 35
17 54 55 202
17 56 7 89
17 60 19 134
18 1 56 142
18 4 25 84
18 7 11 136
18 10 2 54
18 24 39 141
18 27 13 106
18 28 19 43
18 43 17 30
18 44 31 133
18 48 41 46
18 49 7 218
18 55 51 77
19 4 1 84
19 9 16 117
19 10 19 198
19 18 7 80
19 20 47 159
19 29 55 66
19 32 41 39
19 36 38 99
19 37 27 175
19 51 11 153
19 52 43 140
19 55 13 77
19 60 33 134
20 3 25 183
20 4 19 84
20 7 4 94
20 10 32 112
20 12 10 51
20 26 15 208
20 32 49 145
20 37 17 70
20 44 37 102
20 46 13 110
20 52 7 140
20 53 1 224
20 54 51 202
20 56 43 89
21 1 49 44
21 3 2 179
21 4 37 84
21 10 19 2
21 16 52 107
21 20 9 159
21 22 43 128
21 30 55 42
21 35 13 82
21 36 31 155
21 38 15 53
21 42 7 16
21 44 25 102
21 48 35 46
22 12 17 51
22 14 19 166
22 17 5 213
22 24 10 141
22 28 38 43
22 30 56 55
22 32 15 39
22 35 13 23
22 36 28 99
22 42 31 16
22 46 1 191
22 51 51 153
22 53 7 219
22 54 41 202
23 2 52 205
23 4 7 192
23 7 19 115
23 9 49 117
23 10 1 158
23 11 57 32
23 20 45 159
23 23 31 129
23 28 28 196
23 32 55 39
23 36 34 99
23 38 17 100
23 52 22 209
23 60 13 134
24 2 40 205
24 4 31 84
24 9 37 117
24 10 43 198
24 15 1 113
24 29 55 1
24 31 5 171
24 38 19 53
24 41 14 162
24 42 9 16
24 46 23 110
24 54 21 202
24 58 25 182
25 1 43 44
25 13 19 8
25 14 37 61
25 15 26 65
25 18 10 80
25 21 49 11
25 25 4 95
25 26 33 208
25 32 17 145
25 41 13 160
25 45 52 92
25 55 7 77
25 56 1 89
26 3 7 26
26 6 5 119
26 10 31 198
26 11 55 32
26 14 45 79
26 23 38 129
26 35 15 23
26 40 2 163
26 48 53 46
26 57 57 20
26 59 22 62
27 10 49 193
27 15 37 74
27 16 22 107
27 22 1 184
27 29 7 1
27 30 14 55
27 41 25 162
27 42 29 16
27 45 31 92
27 49 55 214
27 54 5 202
27 59 46 62
28 11 1 32
28 16 25 121
28 25 13 95
28 26 11 208
28 31 19 74
28 35 37 82
28 37 3 175
28 39 17 120
28 50 43 19
28 57 9 20
28 58 58 182
29 3 1 26
29 10 50 54
29 12 33 51
29 22 21 184
29 30 43 55
29 32 7 145
29 36 55 99
29 44 9 133
29 45 28 149
29 50 15 19
29 54 19 202
29 57 17 20
30 5 45 185
30 7 7 136
30 8 55 28
30 10 1 193
30 26 23 157
30 28 34 43
30 30 13 173
30 38 43 100
30 44 19 133
30 48 5 46
30 49 9 35
30 50 17 19
30 52 25 207
30 56 37 22
31 2 44 205
31 8 34 28
31 12 59 51
31 14 13 135
31 15 49 33
31 31 53 74
31 34 37 69
31 37 47 175
31 43 5 197
31 50 10 19
31 56 55 89
31 58 22 182
32 6 3 119
32 7 11 124
32 12 27 51
32 15 7 74
32 17 5 151
32 19 34 122
32 22 43 143
32 39 29 120
32 40 15 96
32 44 55 102
32 47 52 180
32 49 19 85
32 51 1 153
32 60 37 134
33 5 39 132
33 9 31 185
33 10 13 158
33 13 34 8
33 14 25 164
33 15 2 74
33 16 58 45
33 18 49 80
33 21 43 11
33 32 37 39
33 38 22 53
33 42 55 16
33 46 8 191
34 3 31 26
34 15 21 74
34 16 14 45
34 17 1 213
34 22 7 48
34 24 3 75
34 29 49 66
34 35 25 23
34 44 55 133
34 48 27 46
34 56 43 31
34 58 40 182
35 1 22 44
35 6 20 40
35 12 45 51
35 13 28 8
35 14 49 166
35 17 3 151
35 21 7 11
35 31 1 171
35 42 59 16
35 45 16 92
35 46 10 215
35 51 33 153
35 52 13 207
36 12 13 51
36 14 1 135
36 19 21 122
36 20 15 159
36 23 25 129
36 26 27 208
36 32 58 39
36 39 40 120
36 42 53 16
36 46 5 110
36 48 56 46
36 52 37 140
36 58 46 182
37 2 40 157
37 17 9 151
37 19 51 122
37 23 25 216
37 26 56 208
37 30 1 42
37 31 7 171
37 37 21 175
37 43 49 197
37 53 14 224
37 57 23 20
38 9 40 21
38 10 14 54
38 12 19 51
38 16 34 107
38 20 4 159
38 29 44 66
38 31 10 171
38 32 29 39
38 47 37 180
38 53 31 103
38 56 22 31
38 60 56 15
39 3 49 36
39 5 9 176
39 9 22 117
39 10 13 198
39 11 5 111
39 16 55 107
39 17 7 213
39 20 25 159
39 24 32 141
39 26 35 144
39 29 27 194
39 30 43 42
39 32 1 39
39 51 3 174
39 54 39 202
40 2 56 205
40 4 25 192
40 9 52 224
40 15 9 65
40 21 37 11
40 23 7 129
40 26 46 208
40 39 16 154
40 40 44 96
40 43 29 197
40 49 20 218
40 52 1 207
40 56 31 89
41 1 4 44
41 5 25 176
41 6 7 40
41 19 40 122
41 21 1 11
41 26 11 144
41 29 49 1
41 44 13 170
41 45 19 149
41 46 37 215
41 50 57 19
41 51 22 153
42 7 28 136
42 17 15 67
42 22 19 48
42 33 43 118
42 34 1 86
42 36 25 99
42 44 7 170
42 51 5 153
42 53 31 219
42 54 49 202
42 57 13 20
43 4 33 192
43 9 49 21
43 11 25 32
43 13 10 8
43 19 23 122
43 22 19 143
43 26 13 144
43 29 15 66
43 30 38 42
43 39 58 120
43 44 1 210
43 52 7 223
43 57 27 20
44 20 52 159
44 26 7 144
44 28 49 43
44 31 37 171
44 32 9 39
44 35 15 189
44 38 35 53
44 41 31 160
44 44 57 210
44 46 13 191
44 49 1 139
44 51 55 153
44 56 19 89
45 1 28 44
45 2 7 157
45 3 13 26
45 6 1 7
45 10 37 54
45 11 19 32
45 18 22 80
45 37 25 175
45 44 31 210
45 48 17 46
45 51 49 153
45 52 10 207
45 53 4 103
45 57 59 20
46 3 19 26
46 5 31 147
46 9 52 21
46 14 3 164
46 15 43 65
46 17 17 105
46 22 57 184
46 30 37 173
46 32 23 145
46 49 13 218
46 55 1 77
46 56 28 89
46 60 8 15
47 1 28 142
47 4 2 10
47 18 58 80
47 23 43 129
47 28 22 43
47 31 25 171
47 32 11 39
47 36 50 155
47 38 13 100
47 47 19 180
47 56 16 89
47 59 8 62
47 60 31 15
48 14 37 166
48 16 34 121
48 17 9 213
48 22 27 184
48 23 55 129
48 24 57 141
48 28 1 43
48 35 13 189
48 38 25 100
48 39 7 120
48 43 15 30
48 44 19 210
48 51 17 153
49 4 50 60
49 16 1 121
49 17 7 151
49 22 13 128
49 25 25 95
49 29 37 59
49 30 19 55
49 34 31 86
49 40 29 96
49 44 45 210
49 45 55 149
49 55 43 77
49 56 58 31
50 3 7 179
50 11 21 32
50 22 1 48
50 23 11 129
50 24 5 91
50 36 25 155
50 40 57 163
50 46 19 110
50 47 28 180
50 49 37 218
50 52 16 209
50 53 31 224
50 56 49 89
50 59 13 62
51 2 19 22
51 3 13 179
51 16 7 45
51 20 39 159
51 23 53 129
51 29 3 194
51 34 44 69
51 36 31 99
51 42 27 16
51 45 22 149
51 47 10 180
51 54 37 202
52 1 58 44
52 2 55 22
52 3 45 26
52 4 13 60
52 10 7 198
52 11 5 32
52 13 2 8
52 14 19 79
52 30 25 173
52 32 43 39
52 34 49 86
52 46 34 215
52 49 37 13
52 57 53 20
53 9 28 21
53 16 31 45
53 19 45 122
53 22 13 48
53 31 17 126
53 35 4 23
53 38 7 100
53 40 2 96
53 41 55 162
53 45 37 14
53 49 9 139
53 58 49 182
53 60 19 15
54 8 22 28
54 9 7 21
54 28 37 196
54 29 55 194
54 35 17 82
54 40 53 96
54 45 13 149
54 46 25 191
54 50 35 19
54 51 43 153
54 53 40 219
54 57 3 20
55 4 2 60
55 6 13 40
55 16 7 107
55 23 44 216
55 26 49 208
55 31 21 171
55 44 31 102
55 45 16 149
55 50 41 19
55 52 10 140
55 53 46 224
55 54 27 202
56 6 21 119
56 15 37 33
56 24 5 131
56 25 49 95
56 28 52 196
56 30 7 42
56 37 43 175
56 38 31 53
56 40 41 96
56 42 19 16
56 44 1 102
56 54 25 202
56 57 33 20
57 2 1 205
57 4 13 192
57 5 25 185
57 7 17 124
57 9 43 21
57 12 47 51
57 17 7 105
57 34 55 69
57 37 5 85
57 38 33 100
57 40 29 163
57 49 9 13
57 59 52 62
58 7 51 124
58 17 3 213
58 22 31 48
58 25 22 95
58 28 16 196
58 29 37 1
58 39 25 154
58 40 56 96
58 41 7 222
58 48 45 46
58 53 13 103
59 1 7 109
59 2 46 157
59 9 34 21
59 11 59 32
59 26 43 208
59 29 38 194
59 30 55 173
59 31 10 126
59 32 3 145
59 34 25 69
59 37 5 175
59 38 1 100
59 45 50 149
59 50 53 19
60 3 1 183
60 5 45 156
60 16 7 121
60 25 37 95
60 28 13 43
60 31 43 171
60 38 5 53
60 39 19 120
60 40 17 96
60 41 32 162
60 46 21 191
60 55 11 77
61 5 25 132
61 9 56 21
61 12 35 51
61 23 23 216
61 24 1 141
61 30 50 42
61 36 16 155
61 37 7 175
61 38 3 53
61 40 10 163
61 46 20 215
61 48 31 46
61 51 13 174
61 53 37 103
62 1 52 44
62 9 4 21
62 11 9 32
62 19 57 122
62 20 2 159
62 23 19 129
62 24 7 123
62 38 23 100
62 39 11 62
62 44 39 133
62 45 34 92
62 51 13 153
63 1 31 142
63 5 13 147
63 7 23 177
63 8 4 28
63 9 25 117
63 13 58 8
63 23 21 216
63 24 19 141
63 31 17 74
63 35 1 82
63 36 10 155
63 37 41 175
63 53 7 103
63 54 29 202
64 2 31 22
64 3 1 37
64 5 8 156
64 6 15 7
64 14 55 164
64 16 43 45
64 23 5 129
64 36 19 155
64 39 27 120
64 40 35 96
64 49 39 41
64 51 37 153
64 52 22 140
65 3 19 137
65 6 15 119
65 16 50 45
65 21 25 11
65 22 7 184
65 24 28 141
65 26 17 144
65 38 47 53
65 44 2 133
65 48 58 46
65 49 43 218
65 51 35 153
65 55 32 77
65 59 37 62
66 4 27 10
66 5 7 185
66 11 40 32
66 12 1 51
66 16 19 107
66 19 59 122
66 20 34 159
66 22 55 48
66 26 31 208
66 37 50 175
66 40 25 96
66 44 14 4
66 45 46 92
66 50 3 19
66 57 11 20
67 4 27 63
67 6 25 40
67 7 2 94
67 9 37 21
67 15 13 113
67 16 10 107
67 17 4 18
67 29 45 194
67 37 59 175
67 39 33 120
67 41 49 160
67 45 22 92
67 50 31 19
68 6 1 119
68 12 5 51
68 13 43 8
68 22 31 143
68 32 15 145
68 41 37 222
68 43 3 197
68 45 7 149
68 50 19 19
68 51 25 153
68 53 49 224
68 57 29 20
69 5 55 132
69 10 21 112
69 16 13 121
69 18 43 80
69 24 5 123
69 25 31 95
69 32 37 145
69 35 39 82
69 39 50 120
69 44 25 170
69 52 7 209
69 53 10 219
69 54 1 202
69 55 3 77
69 57 47 20
70 5 27 14
70 9 3 117
70 14 13 148
70 15 19 65
70 18 52 80
70 20 37 159
70 26 25 144
70 29 39 66
70 31 45 171
70 39 57 154
70 46 1 215
70 51 9 153
70 52 31 140
71 3 37 4
71 4 49 84
71 6 29 40
71 11 23 32
71 15 19 113
71 16 55 45
71 24 17 141
71 36 46 155
71 43 1 30
71 49 25 218
71 53 13 219
71 54 43 202
71 56 4 89
71 60 8 134
72 2 31 157
72 4 19 10
72 11 9 111
72 20 27 159
72 24 7 91
72 26 43 144
72 29 3 59
72 31 59 171
72 37 11 70
72 42 1 16
72 43 41 197
72 46 25 110
72 53 16 103
72 56 49 31
73 3 19 36
73 11 47 32
73 12 40 51
73 16 16 121
73 26 29 144
73 28 55 196
73 35 7 82
73 36 13 155
73 41 1 222
73 43 9 197
73 46 5 215
73 50 51 19
73 53 58 219
73 57 45 20
74 1 34 44
74 2 52 157
74 3 19 37
74 9 40 117
74 11 15 32
74 21 10 11
74 26 3 144
74 36 43 99
74 40 13 163
74 45 28 92
74 51 57 153
74 55 23 77
74 56 25 22
75 5 55 156
75 10 31 54
75 12 29 51
75 29 13 59
75 34 50 69
75 35 11 23
75 40 37 96
75 41 39 160
75 47 4 180
75 48 47 46
75 49 19 214
75 53 25 219
75 54 7 202
76 7 7 94
76 9 43 117
76 12 55 51
76 13 37 8
76 14 25 79
76 23 5 216
76 25 40 95
76 31 59 126
76 34 13 69
76 40 22 163
76 45 10 92
76 46 3 215
77 1 51 145
77 9 10 21
77 14 31 79
77 23 23 129
77 31 19 171
77 35 26 82
77 39 46 120
77 40 39 96
77 44 1 181
77 45 55 92
77 46 29 191
77 48 21 46
77 49 14 85
78 4 31 10
78 8 16 28
78 9 52 117
78 10 19 193
78 11 7 32
78 21 40 11
78 24 23 141
78 32 5 145
78 34 25 86
78 42 3 16
78 47 43 180
78 48 1 46
78 52 9 125
79 4 15 63
79 6 19 119
79 11 43 32
79 19 53 122
79 23 13 216
79 26 5 144
79 32 27 39
79 42 25 16
79 43 23 197
79 46 9 110
79 48 33 46
79 56 37 89
79 59 57 202
80 3 37 26
80 5 44 147
80 6 17 119
80 11 13 32
80 19 55 122
80 22 25 48
80 29 9 59
80 37 23 175
80 40 4 96
80 42 15 16
80 53 1 219
80 59 19 62
81 2 19 205
81 4 13 10
81 6 23 119
81 8 49 28
81 11 27 32
81 26 29 157
81 27 7 106
81 37 31 175
81 40 11 96
81 47 46 180
81 51 5 174
81 54 53 202
82 1 55 44
82 2 1 157
82 12 7 51
82 14 31 135
82 15 14 33
82 23 35 129
82 24 37 141
82 28 44 196
82 32 4 39
82 39 9 154
82 45 58 92
82 51 27 153
82 53 21 219
82 57 51 20
83 2 57 157
83 5 39 156
83 7 13 136
83 14 25 166
83 25 43 95
83 29 31 194
83 39 37 120
83 40 51 96
83 43 10 30
83 44 19 170
83 56 16 31
83 59 4 62
84 4 56 192
84 5 1 156
84 12 21 51
84 15 31 33
84 16 49 107
84 20 7 159
84 26 9 144
84 28 40 196
84 37 45 175
84 39 11 120
84 46 16 215
84 54 35 202
84 58 13 182
85 5 33 176
85 16 4 107
85 20 43 159
85 22 56 128
85 33 49 118
85 36 40 155
85 37 1 12
85 41 25 222
85 50 37 19
85 53 19 224
85 54 31 202
85 57 15 20
86 7 23 136
86 8 31 28
86 12 25 51
86 26 9 208
86 32 19 39
86 35 1 189
86 37 7 70
86 38 21 100
86 40 16 163
86 41 3 160
86 43 11 197
86 48 43 46
86 50 13 19
86 53 28 224
86 54 45 202
87 5 37 147
87 13 52 8
87 18 28 80
87 20 55 159
87 22 44 48
87 25 58 95
87 30 31 42
87 31 13 171
87 38 41 53
87 44 9 102
87 46 7 110
87 49 15 41
87 52 4 207
88 1 46 44
88 9 19 185
88 21 28 11
88 23 3 216
88 24 1 131
88 26 15 144
88 28 43 43
88 29 55 59
88 30 49 173
88 36 7 132
88 39 31 120
88 58 34 182
88 60 37 15
89 1 1 44
89 6 35 40
89 19 5 122
89 26 55 157
89 28 25 43
89 31 47 74
89 33 19 118
89 41 13 222
89 44 49 133
89 47 7 180
89 50 23 19
89 52 57 207
89 53 38 224
89 60 43 15
90 2 31 205
90 15 25 33
90 20 11 159
90 23 49 129
90 26 17 208
90 30 13 42
90 31 19 126
90 32 23 39
90 43 5 30
90 44 43 133
90 45 1 34
90 46 38 110
90 50 21 19
90 58 7 182
91 5 57 147
91 7 17 136
91 9 31 21
91 18 4 80
91 24 13 141
91 26 1 208
91 28 49 196
91 37 15 70
91 43 8 30
91 47 22 180
91 50 39 19
91 55 45 77
91 57 25 20
92 3 3 4
92 4 31 60
92 5 19 147
92 7 1 136
92 9 13 21
92 12 23 51
92 15 7 113
92 17 11 18
92 31 28 171
92 34 37 86
92 35 35 23
92 40 25 163
92 53 16 219
93 1 19 142
93 2 13 157
93 3 37 183
93 8 52 28
93 18 31 80
93 22 1 143
93 25 46 95
93 34 57 86
93 37 11 175
93 38 9 100
93 45 25 149
93 48 23 46
93 50 55 19
93 51 17 174
94 1 46 145
94 2 26 157
94 5 57 14
94 9 32 117
94 11 3 32
94 14 51 148
94 25 10 95
94 28 13 196
94 29 19 66
94 37 1 175
94 43 16 197
94 53 7 224
95 2 49 157
95 3 32 179
95 6 38 119
95 9 10 117
95 13 7 8
95 16 22 45
95 26 52 208
95 27 1 106
95 28 25 196
95 31 55 171
95 32 17 39
95 37 13 70
95 38 40 100
95 49 43 214
96 1 9 142
96 10 50 198
96 11 7 111
96 24 15 141
96 27 55 106
96 29 21 1
96 30 26 55
96 36 37 155
96 38 17 53
96 40 13 96
96 44 31 181
96 50 5 19
96 57 19 20
96 58 43 182
96 59 1 62
97 5 44 132
97 6 11 40
97 17 14 213
97 26 35 208
97 28 4 43
97 30 19 42
97 34 7 86
97 38 55 100
97 46 28 215
97 47 1 180
97 49 31 13
97 52 16 223
98 2 37 157
98 10 7 112
98 15 25 113
98 26 1 144
98 35 17 189
98 37 29 175
98 49 31 214
98 51 11 174
98 52 40 223
98 54 15 202
98 56 4 22
99 1 40 44
99 3 51 183
99 6 7 119
99 7 9 124
99 16 31 107
99 18 34 80
99 29 27 66
99 30 1 55
99 31 15 126
99 36 55 155
99 37 5 70
99 42 45 16
99 48 25 46
99 58 19 182
100 4 49 10
100 8 7 28
100 15 43 33
100 17 16 18
100 18 1 80
100 29 25 1
100 31 41 74
100 32 34 39
100 39 22 120
100 52 4 125
100 53 37 219
100 54 11 202
100 56 13 31
101 23 13 129
101 26 40 208
101 31 17 171
101 32 21 39
101 33 7 118
101 38 4 100
101 39 15 120
101 40 19 96
101 41 49 222
101 44 25 133
101 47 31 180
101 56 34 89
101 59 58 62
102 4 55 10
102 11 45 32
102 16 4 121
102 18 19 80
102 23 40 216
102 36 22 99
102 43 32 197
102 44 13 102
102 45 25 92
102 49 49 214
102 50 8 19
102 52 1 125
102 53 10 103
102 55 34 77
103 1 39 145
103 9 46 117
103 14 13 164
103 16 1 45
103 17 9 67
103 20 17 159
103 24 58 131
103 28 31 196
103 32 25 39
103 37 53 175
103 41 19 160
103 46 11 110
103 48 49 46
103 53 27 103
104 2 27 205
104 10 49 112
104 12 43 51
104 16 19 121
104 17 13 67
104 22 32 184
104 28 10 196
104 40 47 96
104 45 7 92
104 46 1 110
104 53 4 219
104 55 39 77
104 59 16 62
105 2 16 157
105 6 1 40
105 9 22 21
105 26 20 144
105 29 26 59
105 34 7 69
105 35 31 82
105 39 11 154
105 41 44 222
105 43 37 197
105 52 4 140
105 55 57 77
105 56 13 89
106 2 4 157
106 6 13 7
106 7 11 115
106 8 1 28
106 12 38 51
106 20 22 159
106 23 9 129
106 24 47 141
106 26 25 208
106 31 31 171
106 32 7 39
106 38 27 53
106 48 29 46
106 57 35 20
107 5 37 176
107 11 51 32
107 15 3 65
107 16 46 121
107 19 10 122
107 23 15 129
107 24 8 141
107 28 58 196
107 30 26 42
107 31 13 126
107 32 1 145
107 38 31 100
107 41 19 162
108 5 20 132
108 15 32 74
108 18 40 80
108 23 11 216
108 24 49 141
108 27 44 106
108 37 3 85
108 41 25 160
108 43 13 197
108 48 7 46
108 49 15 214
108 56 55 31
108 57 1 20
109 1 31 44
109 5 1 147
109 6 13 119
109 15 19 33
109 19 16 122
109 23 57 129
109 24 5 141
109 26 38 208
109 31 23 171
109 35 34 82
109 44 26 210
109 45 7 34
109 46 10 191
110 1 19 44
110 2 4 205
110 4 8 10
110 6 22 7
110 14 55 148
110 15 15 65
110 16 1 214
110 26 13 208
110 30 43 173
110 31 52 171
110 33 31 118
110 35 29 82
110 41 37 162
110 45 49 92
110 49 25 214
111 1 37 44
111 5 25 147
111 10 9 2
111 13 31 8
111 22 43 184
111 28 34 196
111 31 7 126
111 33 13 118
111 44 49 102
111 45 4 149
111 46 17 191
111 52 19 223
112 3 25 26
112 4 8 63
112 8 37 28
112 14 55 166
112 16 44 107
112 17 1 18
112 20 29 159
112 22 13 143
112 23 3 129
112 30 21 173
112 47 34 180
112 51 40 153
112 58 31 182
112 60 49 15
113 7 5 124
113 10 15 2
113 11 11 32
113 16 31 121
113 24 7 131
113 28 52 43
113 32 9 145
113 33 1 118
113 35 22 82
113 36 19 99
113 39 13 120
113 42 43 16
113 60 27 15
114 7 5 136
114 16 19 45
114 20 59 159
114 22 31 128
114 28 22 196
114 30 37 55
114 33 55 118
114 38 9 53
114 39 35 62
114 42 51 16
114 43 3 30
114 53 28 219
114 58 16 182
115 7 19 177
115 14 31 164
115 20 50 159
115 21 46 11
115 22 37 184
115 43 7 197
115 44 13 210
115 45 9 98
115 47 25 180
115 49 21 179
115 50 1 19
115 54 17 202
115 55 59 77
115 56 3 31
116 2 10 157
116 4 43 192
116 7 25 94
116 17 17 213
116 19 7 122
116 20 20 159
116 21 31 11
116 28 28 43
116 37 39 175
116 47 58 180
116 48 15 46
116 50 49 19
116 53 34 224
116 54 13 202
117 1 25 109
117 14 31 166
117 15 49 74
117 17 43 67
117 21 21 11
117 24 59 141
117 29 3 1
117 39 1 120
117 45 45 149
117 46 13 215
117 47 40 180
117 49 55 218
117 51 7 153
117 55 15 77
117 58 10 182
118 1 14 142
118 6 4 40
118 9 43 224
118 14 25 135
118 15 55 33
118 22 49 48
118 23 29 216
118 30 31 173
118 35 7 23
118 39 9 120
118 41 19 222
118 48 37 46
118 50 47 19
118 52 40 140
118 53 1 103
119 2 1 22
119 3 26 179
119 5 49 185
119 6 39 40
119 14 55 61
119 17 4 105
119 23 21 129
119 28 46 43
119 29 7 194
119 36 13 99
119 40 23 96
119 42 33 16
119 51 59 153
120 1 31 145
120 2 22 205
120 4 14 84
120 10 25 158
120 23 19 216
120 29 7 66
120 30 1 173
120 31 34 171
120 43 58 30
120 48 39 46
120 50 45 19
120 52 49 140
120 56 52 89
121 13 25 8
121 14 13 79
121 16 49 121
121 20 41 159
121 22 55 88
121 23 38 216
121 32 29 145
121 37 19 175
121 41 43 160
121 45 1 149
121 51 9 174
121 55 21 77
121 59 32 62
122 1 1 109
122 2 20 157
122 4 7 60
122 12 53 51
122 18 13 80
122 21 16 11
122 22 49 184
122 23 27 129
122 24 11 123
122 27 31 106
122 35 4 82
122 44 43 102
122 45 40 92
122 46 23 191
123 8 19 28
123 9 46 21
123 10 7 193
123 14 25 61
123 22 50 143
123 25 16 95
123 35 3 189
123 37 23 12
123 44 37 210
123 45 58 149
123 52 13 223
123 55 55 77
124 13 13 8
124 23 59 129
124 29 49 59
124 30 7 55
124 31 11 74
124 41 55 222
124 42 17 16
124 45 34 149
124 52 25 140
124 53 19 103
124 54 3 202
124 55 29 77
125 8 46 28
125 12 51 51
125 16 1 107
125 23 9 216
125 38 15 100
125 43 39 197
125 45 19 92
125 49 25 41
125 57 31 20
125 58 4 182
126 8 58 28
126 13 55 8
126 17 11 213
126 19 47 122
126 23 45 129
126 24 3 91
126 31 1 126
126 32 49 39
126 41 7 162
126 43 13 30
126 48 51 46
126 52 19 209
126 55 5 77
126 56 34 31
126 57 43 20
127 7 5 177
127 16 27 107
127 19 25 122
127 21 34 11
127 23 1 216
127 29 14 1
127 36 7 155
127 38 19 100
127 43 43 197
127 48 3 46
127 49 38 214
127 56 58 89
128 3 25 36
128 5 51 176
128 6 22 40
128 10 13 112
128 14 55 79
128 16 37 107
128 18 46 80
128 31 49 171
128 32 11 145
128 38 7 53
128 46 19 191
128 49 32 85
128 60 1 15
129 5 25 156
129 24 41 141
129 25 34 95
129 28 10 43
129 29 15 194
129 32 13 145
129 35 7 172
129 36 43 155
129 39 5 154
129 41 1 162
129 43 19 197
129 50 29 19
129 52 31 125
129 53 22 103
129 57 55 20
130 3 31 4
130 7 19 124
130 13 46 8
130 15 27 74
130 17 1 151
130 18 55 80
130 26 21 208
130 32 25 145
130 42 35 16
130 45 10 149
130 55 37 77
130 56 7 22
130 57 5 20
131 10 37 2
131 16 22 121
131 18 25 80
131 20 57 159
131 34 1 69
131 38 47 100
131 39 5 120
131 40 9 96
131 45 13 14
131 54 33 202
131 55 53 77
131 57 41 20
132 2 7 205
132 11 49 32
132 12 3 51
132 16 40 107
132 17 5 67
132 24 11 131
132 29 45 1
132 31 15 171
132 37 19 183
132 39 43 120
132 53 22 224
132 55 27 77
133 2 43 157
133 4 26 60
133 6 40 119
133 9 7 117
133 15 49 65
133 34 32 69
133 35 17 23
133 39 3 120
133 46 15 110
133 51 1 176
133 57 37 20
134 8 40 28
134 10 25 54
134 24 29 70
134 25 55 95
134 26 23 208
134 27 19 106
134 29 1 66
134 31 35 126
134 35 5 172
134 45 13 92
134 52 7 207
134 56 10 22
135 6 9 119
135 10 1 112
135 21 52 11
135 28 31 43
135 35 11 82
135 37 40 12
135 42 21 16
135 43 34 30
135 50 59 19
135 51 7 174
135 52 15 140
136 5 49 147
136 6 8 7
136 10 21 158
136 11 29 32
136 16 10 121
136 22 25 143
136 26 58 208
136 31 47 171
136 37 33 175
136 38 13 53
136 44 15 133
136 48 19 46
136 58 1 182
137 1 25 44
137 3 31 36
137 6 11 119
137 15 56 65
137 25 1 95
137 26 5 208
137 29 43 59
137 33 38 118
137 38 29 53
137 39 52 120
137 54 9 202
137 56 22 89
138 3 13 36
138 11 17 32
138 12 31 51
138 24 23 91
138 28 7 196
138 34 44 86
138 44 19 102
138 46 25 215
138 49 1 218
138 53 10 224
138 58 28 182
139 4 32 63
139 7 29 177
139 11 53 32
139 14 3 148
139 16 58 121
139 22 37 128
139 23 17 216
139 25 19 95
139 41 8 160
139 43 1 197
139 50 27 19
139 51 22 174
139 59 55 62
139 60 13 15
140 6 5 7
140 9 13 117
140 13 16 8
140 16 37 45
140 17 19 105
140 30 7 173
140 31 47 126
140 37 21 183
140 38 11 53
140 46 31 215
140 52 1 140
140 56 52 31
140 60 25 134
141 3 7 36
141 4 1 192
141 5 43 14
141 8 28 28
141 9 25 21
141 14 49 164
141 29 32 59
141 34 13 86
141 35 53 172
141 42 23 16
141 45 37 92
141 56 19 31
142 7 5 115
142 28 16 43
142 30 31 55
142 38 35 100
142 39 3 154
142 42 57 16
142 45 43 92
142 49 7 41
142 51 1 174
142 55 25 77
142 56 27 31
142 60 49 134
143 8 10 28
143 11 34 32
143 19 29 122
143 20 32 159
143 27 37 106
143 31 57 171
143 33 25 118
143 39 1 154
143 43 59 197
143 46 43 110
143 52 4 223
143 55 47 77
144 16 58 107
144 17 7 18
144 19 38 122
144 23 47 129
144 31 3 171
144 32 21 145
144 35 15 82
144 38 1 53
144 43 45 197
144 44 9 4
144 47 49 180
144 50 33 19
145 6 25 119
145 12 57 51
145 14 31 61
145 16 46 45
145 19 19 122
145 23 17 129
145 24 27 70
145 29 21 59
145 35 9 82
145 40 4 163
145 45 1 92
145 47 13 180
145 55 49 77
146 2 49 205
146 14 7 164
146 21 13 11
146 22 1 128
146 26 22 144
146 28 19 196
146 32 27 145
146 35 5 189
146 37 16 175
146 38 29 100
146 42 11 16
146 43 25 197
146 51 47 153
146 59 40 62
147 2 16 205
147 14 19 164
147 22 37 48
147 24 52 141
147 26 29 208
147 28 1 196
147 29 31 66
147 31 41 171
147 37 13 175
147 40 7 96
147 43 27 197
147 47 55 180
147 51 58 174
147 53 4 224
147 56 9 31
148 1 1 142
148 2 34 157
148 5 26 137
148 9 19 21
148 10 14 217
148 15 56 74
148 16 4 45
148 27 49 106
148 40 47 163
148 44 7 181
148 51 53 153
148 52 22 223
148 58 37 182
148 60 43 134
149 10 26 193
149 16 52 121
149 24 45 141
149 29 31 1
149 35 19 23
149 43 21 197
149 44 7 210
149 45 4 92
149 46 15 191
149 49 37 85
149 52 1 223
149 55 17 77
150 5 13 185
150 6 9 40
150 17 11 67
150 19 27 122
150 22 37 143
150 23 29 129
150 30 49 55
150 31 5 126
150 32 34 145
150 37 57 175
150 46 3 110
150 50 25 19
150 56 31 31
Điểm tối ưu: 1946
Thời gian: 360.051831 giây
Trạng thái: VALID
