381
1 3 38 43
1 4 1 10
1 7 13 64
1 9 51 53
1 10 45 24
1 13 16 16
1 15 57 69
1 16 21 68
2 1 31 72
2 6 56 29
2 7 28 64
2 8 2 54
2 9 17 53
2 13 14 16
2 18 10 41
2 20 23 5
3 1 40 72
3 4 33 10
3 5 4 62
3 9 9 53
3 13 31 16
3 19 1 30
4 5 19 62
4 7 34 64
4 9 47 53
4 13 37 16
4 14 7 54
4 15 25 11
4 16 58 68
5 1 58 72
5 4 47 10
5 9 22 53
5 12 31 23
5 13 45 16
5 16 11 68
5 19 52 30
6 4 31 10
6 5 1 62
6 8 19 54
6 10 33 24
6 12 13 23
6 13 25 16
6 14 49 54
6 16 7 68
6 18 4 41
6 19 40 30
7 7 10 64
7 13 3 16
7 15 14 27
7 16 33 68
7 18 46 41
8 4 35 10
8 5 13 62
8 7 4 64
8 10 31 15
8 12 1 23
8 13 27 16
8 15 9 11
8 16 37 68
8 18 49 41
9 1 22 72
9 4 17 10
9 5 7 62
9 6 32 29
9 9 27 53
9 10 56 15
9 13 39 16
9 14 45 54
9 16 29 68
10 4 39 10
10 5 34 62
10 7 1 64
10 10 13 15
10 11 19 37
10 17 10 5
11 7 31 64
11 8 28 54
11 9 20 53
11 10 13 24
11 12 55 23
11 13 49 16
11 15 43 27
11 16 52 68
11 18 40 41
12 1 1 72
12 2 49 65
12 4 41 10
12 10 43 15
12 13 11 16
12 15 57 27
12 18 7 41
12 19 4 30
13 2 19 65
13 3 14 43
13 4 57 10
13 6 39 9
13 9 7 53
13 10 9 15
13 11 1 37
13 13 43 16
13 15 49 27
13 17 25 5
13 20 37 5
14 4 37 10
14 6 43 9
14 11 25 37
14 12 40 23
14 15 33 11
14 16 31 68
14 18 13 41
15 1 16 72
15 4 43 10
15 5 25 62
15 9 55 53
15 10 1 24
15 12 46 23
16 1 55 72
16 4 59 10
16 5 28 62
16 7 25 64
16 11 38 37
16 13 35 16
16 16 45 68
16 17 52 5
16 19 49 30
16 20 47 5
17 3 1 43
17 5 16 62
17 7 7 64
17 11 45 37
17 12 37 23
17 15 26 69
17 18 31 41
17 19 55 30
18 1 43 72
18 6 38 29
18 7 19 64
18 8 22 54
18 12 25 23
18 15 8 69
18 17 1 5
18 20 57 5
19 1 46 72
19 6 25 29
19 7 43 64
19 9 11 53
19 10 1 15
19 13 5 16
19 15 56 11
19 16 39 68
19 17 49 5
19 18 22 41
19 20 17 5
20 2 14 65
20 3 21 43
20 5 43 62
20 8 58 54
20 9 37 53
20 10 50 24
20 13 41 16
20 14 47 54
20 16 25 68
20 17 28 5
20 20 55 5
21 1 25 72
21 4 29 10
21 6 7 29
21 9 39 53
21 11 56 37
21 12 4 23
21 15 49 11
21 19 19 30
22 7 52 64
22 10 20 15
22 12 10 23
22 13 57 16
22 16 43 68
22 19 46 30
23 1 52 72
23 4 9 10
23 5 58 62
23 7 16 64
23 9 49 53
23 13 19 16
23 15 27 27
23 18 1 41
23 19 13 30
24 2 2 65
24 5 10 62
24 7 37 64
24 10 57 24
24 13 7 16
24 14 25 54
24 18 34 41
25 1 37 72
25 4 23 10
25 9 57 53
25 11 32 37
25 12 43 23
25 13 51 16
25 14 53 54
25 15 7 27
25 16 5 68
25 20 41 5
26 1 19 72
26 9 59 53
26 10 25 15
26 11 13 37
26 12 52 23
26 15 43 69
26 16 41 68
27 2 56 65
27 4 25 10
27 5 40 62
27 9 45 53
27 11 50 37
27 12 28 23
27 13 23 16
27 15 19 11
27 16 1 68
28 1 4 72
28 3 26 43
28 4 45 10
28 6 55 9
28 10 49 15
28 15 31 69
28 16 16 68
28 19 37 30
29 4 3 10
29 6 7 9
29 7 40 64
29 8 55 54
29 13 1 16
29 14 51 54
29 15 13 69
29 18 19 41
29 20 59 5
30 4 11 10
30 6 14 29
30 9 41 53
30 12 7 23
30 15 32 27
30 17 4 5
31 1 7 72
31 2 27 65
31 4 15 10
31 13 21 16
31 18 37 41
31 20 13 5
32 1 49 72
32 4 21 10
32 6 2 29
32 8 31 54
32 10 38 24
32 16 19 68
32 19 25 30
33 2 8 65
33 4 27 10
33 6 31 9
33 9 3 53
33 12 49 23
33 15 20 69
33 18 43 41
33 20 35 5
34 4 52 10
34 7 46 64
34 15 38 27
34 18 16 41
35 8 9 54
35 9 15 53
35 15 49 69
35 16 3 68
36 3 55 43
36 6 13 9
36 12 19 23
36 13 53 16
36 14 41 54
36 17 44 5
36 19 10 30
37 4 7 10
37 5 37 62
37 6 49 9
37 9 25 53
37 12 34 23
37 19 16 30
38 2 31 65
38 10 25 24
38 13 47 16
38 14 39 54
38 15 15 11
38 16 50 68
38 20 21 5
39 5 52 62
39 6 19 29
39 10 7 24
39 14 5 54
39 15 38 11
39 16 47 68
39 18 55 41
40 1 34 72
40 2 39 65
40 5 22 62
40 9 13 53
40 15 1 69
40 16 56 68
40 18 52 41
40 19 7 30
41 6 43 29
41 9 1 53
41 10 37 15
41 13 33 16
41 20 31 5
42 3 44 43
42 4 13 10
42 7 55 64
42 9 31 53
42 12 22 23
42 15 1 11
42 16 27 68
42 18 58 41
42 20 33 5
43 1 13 72
43 2 45 65
43 5 49 62
43 13 59 16
43 14 43 54
43 16 23 68
43 17 7 5
44 1 10 72
44 4 19 10
44 6 21 9
44 9 34 53
44 15 44 11
44 18 28 41
44 19 58 30
44 20 15 5
45 1 28 72
45 3 7 43
45 4 55 10
45 5 31 62
45 6 49 29
45 14 17 54
45 16 14 68
45 19 34 30
46 3 49 43
46 4 5 10
46 5 55 62
46 7 22 64
46 13 29 16
46 14 37 54
46 19 31 30
46 20 19 5
47 5 46 62
47 6 2 9
47 7 49 64
47 9 29 53
47 13 9 16
47 19 22 30
48 4 50 10
48 9 43 53
48 10 19 24
48 11 7 37
48 15 37 69
48 16 35 68
49 7 58 64
49 9 53 53
49 12 16 23
49 14 35 54
49 15 1 27
49 18 25 41
49 19 28 30
50 3 33 43
50 6 25 9
50 8 14 54
50 9 5 53
50 12 58 23
50 13 55 16
50 15 20 27
50 16 9 68
50 19 43 30
50 20 39 5
Điểm tối ưu: 381
Thời gian: 89.890389 giây
Trạng thái: VALID
