190
1 1 5 5
1 2 1 29
1 3 7 4
1 4 39 6
1 5 13 24
1 6 25 1
1 7 10 11
1 8 15 27
1 9 17 6
1 10 19 16
2 1 11 5
2 2 7 29
2 3 1 4
2 4 59 29
2 5 15 24
2 6 21 1
2 7 4 11
2 8 13 27
2 9 19 6
2 10 25 16
3 1 7 5
3 2 13 29
3 3 4 4
3 4 45 6
3 5 9 24
3 6 37 1
3 7 1 11
3 8 11 27
3 9 21 6
3 10 31 16
4 1 1 5
4 2 19 29
4 3 10 4
4 4 47 6
4 5 3 24
4 6 31 1
4 7 7 11
4 8 5 27
4 9 13 6
4 10 15 16
5 1 3 5
5 2 25 29
5 3 13 4
5 4 49 6
5 5 1 24
5 6 43 1
5 7 16 11
5 8 7 27
5 9 5 6
5 10 55 28
6 1 9 5
6 2 31 29
6 3 16 4
6 4 51 6
6 5 5 24
6 6 55 1
6 7 13 11
6 8 1 27
6 9 3 6
6 10 37 16
7 1 13 5
7 2 37 29
7 3 19 4
7 4 53 6
7 5 7 24
7 6 9 1
7 7 22 11
7 8 3 27
7 9 1 6
7 10 43 16
8 1 15 5
8 2 43 29
8 3 22 4
8 4 55 6
8 5 11 24
8 6 49 1
8 7 19 11
8 8 9 27
8 9 7 6
8 10 1 16
9 1 17 5
9 2 49 29
9 3 25 4
9 4 59 6
9 5 19 24
9 6 1 1
9 7 28 11
9 8 21 27
9 9 9 6
9 10 55 16
10 1 19 5
10 2 55 29
10 3 28 4
10 4 5 29
10 5 17 24
10 6 13 1
10 7 25 11
10 8 23 27
10 9 11 6
10 10 49 16
11 1 21 5
11 3 31 4
11 4 57 6
11 5 23 24
11 6 7 13
11 7 34 11
11 8 17 27
11 9 15 6
11 10 1 28
12 1 23 5
12 3 34 4
12 4 11 29
12 5 21 24
12 6 1 13
12 7 31 11
12 8 19 27
12 9 25 6
12 10 7 28
13 1 25 5
13 3 37 4
13 4 17 29
13 5 27 24
13 6 19 13
13 7 40 11
13 8 29 27
13 9 23 6
13 10 13 28
14 1 27 5
14 3 40 4
14 4 23 29
14 5 25 24
14 6 13 13
14 7 37 11
14 8 31 27
14 9 29 6
14 10 19 28
15 1 29 5
15 3 43 4
15 4 41 29
15 5 31 24
15 6 37 13
15 7 46 11
15 8 25 27
15 9 27 6
15 10 33 28
16 1 31 5
16 3 46 4
16 4 35 29
16 5 29 24
16 6 49 13
16 7 43 11
16 8 27 27
16 9 33 6
16 10 37 28
17 1 33 5
17 3 49 4
17 4 29 29
17 5 35 24
17 6 43 13
17 7 52 11
17 8 37 27
17 9 31 6
17 10 25 28
18 1 35 5
18 3 52 4
18 4 47 29
18 5 33 24
18 6 25 13
18 7 49 11
18 8 39 27
18 9 37 6
18 10 43 28
19 1 37 5
19 3 55 4
19 4 53 29
19 5 39 24
19 6 1 21
19 7 58 11
19 8 33 27
19 9 35 6
19 10 49 28
20 1 39 5
20 3 58 4
20 4 43 6
20 5 37 24
20 6 31 13
20 7 55 11
20 8 35 27
20 9 41 6
20 10 7 16
Điểm tối ưu: 190
Thời gian: 20.005240 giây
Trạng thái: VALID
