763
1 3 55 13
1 4 8 49
1 6 37 52
1 9 28 116
1 12 26 80
1 14 31 85
1 15 17 106
1 16 19 25
1 21 13 91
1 26 35 13
1 29 39 118
1 32 1 43
2 9 25 116
2 12 51 80
2 14 4 85
2 15 41 106
2 17 1 62
2 18 46 47
2 22 32 76
2 28 10 117
2 31 43 67
3 5 26 75
3 6 47 28
3 9 40 116
3 11 34 45
3 14 37 85
3 28 13 117
4 1 49 15
4 4 19 49
4 9 5 64
4 15 23 106
4 26 51 13
4 27 37 98
4 28 31 117
4 30 58 79
4 32 27 43
5 5 1 54
5 6 5 52
5 11 19 45
5 13 7 108
5 15 57 106
5 16 43 25
5 21 10 91
5 23 53 7
5 28 40 117
5 30 22 94
5 32 49 43
6 1 37 15
6 6 35 28
6 9 59 116
6 12 33 80
6 18 22 47
6 27 25 98
6 28 55 117
6 29 1 102
7 1 23 63
7 5 19 54
7 7 15 23
7 11 10 45
7 13 5 37
7 16 49 25
7 27 55 98
7 28 43 117
7 29 31 81
7 30 26 94
7 31 46 67
8 1 7 63
8 9 46 116
8 10 52 24
8 13 10 37
8 14 34 8
8 15 55 106
8 21 13 53
8 28 58 117
8 29 26 102
8 30 49 94
9 6 41 52
9 9 13 64
9 12 4 95
9 13 1 37
9 20 37 77
9 23 45 7
9 25 10 103
9 30 52 79
10 1 41 63
10 3 28 56
10 8 19 6
10 9 23 116
10 10 31 24
10 12 9 80
10 15 15 106
10 17 52 64
10 19 37 111
10 21 25 53
11 11 13 45
11 14 10 8
11 16 37 25
11 22 21 76
11 28 1 117
11 30 4 94
11 31 52 67
12 5 49 54
12 7 5 23
12 9 31 64
12 18 1 47
12 20 33 77
12 21 22 91
12 27 7 28
12 28 46 117
12 29 13 118
12 30 43 79
13 1 5 15
13 2 31 23
13 4 26 49
13 9 38 116
13 17 22 73
13 24 1 59
13 26 11 13
13 29 7 83
13 30 19 94
13 31 41 67
14 1 19 15
14 3 45 56
14 9 3 116
14 14 28 8
14 15 51 106
14 16 22 25
14 23 14 7
14 24 8 59
14 25 34 103
15 1 11 15
15 2 37 23
15 3 17 56
15 6 51 52
15 7 1 23
15 9 19 116
15 12 15 80
15 17 4 73
15 19 7 111
15 31 13 67
16 3 39 56
16 8 13 6
16 9 17 116
16 13 3 37
16 14 22 8
16 17 58 62
16 18 7 47
17 1 22 15
17 3 31 56
17 6 59 28
17 7 17 23
17 11 25 45
17 13 8 96
17 15 13 106
17 30 52 94
17 31 28 67
18 3 33 56
18 6 49 28
18 10 7 24
18 12 3 80
18 15 53 106
18 17 22 62
18 21 19 91
18 26 17 13
18 27 13 98
18 31 59 67
19 3 1 56
19 5 43 75
19 7 3 23
19 9 23 64
19 13 17 51
19 17 55 62
19 23 39 7
19 24 13 59
19 26 21 13
19 28 7 117
20 1 16 63
20 4 3 49
20 12 7 95
20 14 13 85
20 15 1 106
20 23 29 7
20 24 19 59
20 25 55 103
20 28 37 117
20 29 25 69
20 30 31 94
21 1 17 15
21 3 13 56
21 5 38 75
21 6 9 52
21 15 7 106
21 22 26 76
21 29 1 118
21 30 31 79
21 31 5 67
22 1 15 15
22 6 17 52
22 8 1 6
22 12 23 95
22 17 32 73
22 19 25 111
22 20 43 77
22 27 19 98
23 3 49 56
23 6 3 52
23 13 9 51
23 17 13 10
23 28 34 117
23 29 25 83
23 30 43 94
23 31 31 67
24 1 25 15
24 6 49 52
24 9 52 116
24 12 39 80
24 14 1 8
24 25 31 103
24 27 43 98
24 29 13 83
24 31 7 67
25 6 27 52
25 8 7 6
25 9 35 116
25 13 11 51
25 17 14 73
25 21 32 91
25 25 40 103
25 26 3 13
26 1 3 15
26 6 23 28
26 9 21 116
26 11 49 45
26 12 43 80
26 13 1 96
26 17 25 62
26 18 34 47
26 21 28 91
26 29 7 5
26 30 55 79
27 1 29 63
27 3 19 56
27 4 43 49
27 6 59 52
27 9 57 116
27 12 5 80
27 13 10 96
27 14 25 8
27 17 7 73
27 18 52 47
27 20 13 77
28 5 43 54
28 11 31 45
28 13 19 37
28 14 34 85
28 17 57 73
28 18 10 47
28 21 37 53
28 23 51 7
28 26 5 13
28 29 13 81
28 31 55 67
29 1 21 63
29 6 35 52
29 8 43 6
29 9 5 116
29 14 40 85
29 15 9 106
29 25 1 103
29 26 33 13
29 28 49 117
30 1 1 15
30 3 47 56
30 4 31 49
30 7 13 23
30 9 43 64
30 11 52 45
30 12 35 80
30 15 3 106
30 17 25 64
30 23 37 7
30 29 19 81
31 1 43 63
31 6 17 28
31 9 47 64
31 10 49 24
31 12 45 80
31 14 19 85
31 15 11 106
31 18 58 47
31 21 40 53
31 26 25 13
31 29 27 118
31 30 34 79
31 31 37 67
32 3 51 56
32 6 7 52
32 11 58 45
32 16 34 25
32 21 1 53
32 28 4 117
32 31 17 67
32 32 13 43
33 1 51 15
33 6 29 52
33 7 35 23
33 10 10 24
33 12 59 95
33 15 37 106
33 16 13 25
33 21 4 91
33 26 39 13
33 32 43 43
34 3 41 56
34 6 31 52
34 9 15 64
34 11 7 45
34 14 22 85
34 16 1 25
34 17 28 62
34 18 19 47
34 23 11 7
34 31 26 67
35 6 1 52
35 12 17 80
35 13 19 96
35 18 49 47
35 21 52 53
35 23 23 7
35 26 27 13
35 29 7 81
35 30 40 79
36 5 55 75
36 7 47 23
36 10 13 24
36 12 49 80
36 21 19 53
36 22 43 76
36 23 7 7
36 25 52 103
36 26 59 13
36 28 16 117
36 29 2 5
37 1 33 15
37 3 9 56
37 9 7 64
37 10 19 24
37 11 37 45
37 12 25 95
37 13 13 37
37 14 46 85
37 23 49 7
37 26 41 13
37 29 1 83
38 1 10 63
38 3 26 56
38 8 31 6
38 11 16 45
38 14 19 8
38 18 4 47
38 21 55 53
38 25 7 103
38 26 13 13
38 28 22 117
38 29 38 83
38 30 1 79
39 1 32 63
39 2 25 23
39 3 43 56
39 10 4 24
39 12 57 95
39 13 7 51
39 15 29 106
39 19 19 111
39 22 13 76
39 31 1 67
40 6 25 52
40 11 28 45
40 12 31 80
40 13 13 51
40 14 10 85
40 15 5 106
40 23 19 7
40 29 1 81
40 30 55 94
41 2 55 23
41 4 49 49
41 5 13 75
41 6 53 52
41 14 28 85
41 17 43 62
41 22 7 76
41 25 19 103
41 27 1 98
41 31 22 67
42 1 9 15
42 3 15 56
42 6 11 52
42 13 1 108
42 14 4 8
42 17 37 73
42 21 28 53
42 26 31 13
43 9 11 116
43 17 33 64
43 20 7 77
43 21 1 91
43 29 21 102
43 30 16 79
43 31 19 67
44 8 26 6
44 11 46 45
44 17 40 62
44 18 31 47
44 26 9 13
44 30 4 79
45 2 7 23
45 10 1 24
45 12 19 80
45 13 4 51
45 14 55 85
45 15 39 106
45 21 43 53
45 26 37 13
45 30 15 94
45 31 33 67
46 2 49 23
46 6 55 52
46 7 41 23
46 12 28 80
46 23 59 7
46 24 45 59
46 25 16 103
46 26 7 13
46 29 9 118
47 1 35 15
47 5 39 54
47 8 55 6
47 14 13 8
47 15 43 106
47 17 45 73
47 19 31 111
47 21 16 91
47 22 49 76
47 29 25 81
47 30 22 79
47 32 7 43
48 1 27 63
48 11 22 45
48 12 29 95
48 16 55 25
48 23 43 7
48 26 1 13
48 30 37 79
49 9 19 64
49 10 28 24
49 14 1 85
49 15 31 106
49 17 50 62
49 23 47 7
49 27 55 28
49 29 43 118
50 1 5 63
50 3 11 56
50 12 21 80
50 14 16 85
50 19 1 111
50 24 31 59
50 25 28 103
50 26 45 13
50 27 7 98
50 29 49 118
50 30 38 94
51 6 45 52
51 10 37 24
51 11 1 45
51 12 10 95
51 16 25 25
51 21 7 91
51 23 5 7
51 29 19 118
51 31 15 67
52 1 44 15
52 4 13 49
52 5 31 54
52 10 46 24
52 16 58 25
52 18 55 47
52 28 52 117
52 30 1 94
52 31 7 10
52 32 19 43
53 1 25 63
53 3 37 56
53 6 57 52
53 9 21 64
53 11 40 45
53 12 47 80
53 14 7 85
53 17 1 73
54 3 59 56
54 5 19 75
54 7 11 23
54 12 55 80
54 13 7 37
54 14 25 85
54 15 47 106
54 18 40 47
54 23 1 7
54 24 50 59
54 29 3 69
54 31 35 67
55 1 55 15
55 6 41 28
55 9 10 64
55 12 1 80
55 16 4 25
55 17 49 64
55 23 33 7
55 25 43 103
55 27 25 28
55 28 19 117
55 29 57 118
55 30 7 94
55 31 39 67
56 1 46 15
56 6 21 52
56 9 3 64
56 12 23 80
56 13 1 51
56 15 49 106
56 17 14 62
56 21 40 91
56 23 27 7
56 25 37 103
57 1 3 63
57 2 43 23
57 9 37 64
57 11 55 45
57 12 11 80
57 13 13 96
57 15 33 106
57 17 16 10
57 19 50 111
57 26 29 13
57 30 58 94
58 6 23 52
58 12 17 95
58 13 5 108
58 14 31 8
58 17 19 62
58 20 55 77
58 21 34 53
58 23 41 7
58 27 13 28
58 30 7 79
59 3 35 56
59 12 43 95
59 21 45 91
59 27 1 28
59 31 5 10
60 1 35 63
60 8 49 6
60 9 14 116
60 12 53 80
60 16 46 25
60 17 4 62
60 19 56 111
60 20 21 77
60 21 7 53
60 23 25 7
60 30 28 79
61 1 29 15
61 5 55 54
61 9 31 116
61 10 16 24
61 13 39 37
61 24 25 59
61 26 43 13
61 29 19 83
61 31 50 67
62 3 21 56
62 6 29 28
62 10 55 24
62 13 5 96
62 16 7 25
62 17 50 73
62 18 25 47
62 23 35 7
62 30 46 79
63 1 13 15
63 3 5 56
63 5 7 75
63 6 19 52
63 7 53 23
63 9 28 64
63 12 37 80
63 15 21 106
63 17 25 73
63 29 31 83
63 30 49 79
63 31 3 67
64 1 31 15
64 9 33 116
64 13 3 96
64 14 37 8
64 16 28 25
64 17 40 73
64 19 13 111
65 1 1 63
65 5 13 54
65 6 43 52
65 9 49 116
65 10 25 24
65 17 7 62
65 21 22 53
65 22 37 76
65 23 31 7
65 25 4 103
65 28 28 117
65 30 10 79
65 32 55 43
66 10 40 24
66 11 43 45
66 12 1 95
66 13 16 96
66 17 32 62
66 20 49 77
66 23 9 7
66 25 13 103
66 27 19 28
66 31 57 67
67 1 7 15
67 3 3 56
67 5 31 75
67 6 47 52
67 13 15 37
67 18 37 47
67 26 19 13
68 1 27 15
68 3 57 56
68 8 38 6
68 9 55 116
68 10 34 24
68 14 43 8
68 21 46 53
68 25 49 103
68 26 53 13
69 3 53 56
69 6 5 28
69 10 58 24
69 12 41 80
69 14 50 85
69 18 28 47
69 30 34 94
70 5 1 75
70 12 7 80
70 13 20 51
70 16 16 25
70 18 13 47
70 25 25 103
70 27 37 28
70 29 45 102
70 32 31 43
71 5 49 75
71 11 4 45
71 12 58 80
71 15 35 106
71 16 40 25
71 17 28 73
71 19 43 111
71 25 22 103
71 26 15 13
71 30 25 79
71 31 2 10
72 1 41 15
72 5 25 54
72 17 19 73
72 18 43 47
72 21 10 53
72 23 16 7
72 25 58 103
72 26 49 13
72 27 31 28
72 29 37 81
72 30 46 94
73 6 11 28
73 9 17 64
73 12 27 95
73 14 7 8
73 16 52 25
73 21 4 53
73 23 21 7
73 24 57 59
73 25 46 103
74 1 13 63
74 3 55 56
74 6 33 52
74 9 41 64
74 12 15 95
74 14 43 85
74 15 59 106
74 21 25 91
74 23 3 7
74 26 47 13
74 27 51 28
74 32 37 43
75 2 19 23
75 5 7 54
75 6 39 52
75 7 23 23
75 9 44 116
75 14 16 8
75 20 26 77
75 22 55 76
75 29 49 81
75 30 13 79
76 3 7 56
76 4 38 49
76 7 59 23
76 12 19 95
76 13 3 108
76 15 45 106
76 16 31 25
76 17 25 10
76 26 23 13
76 31 10 67
77 9 8 116
77 10 22 24
77 12 13 95
77 15 19 106
77 17 10 62
77 20 1 77
77 21 49 53
77 24 37 59
77 27 43 28
78 1 19 63
78 3 57 13
78 12 13 80
78 15 25 106
78 16 10 25
78 17 37 62
78 18 16 47
78 29 21 5
79 4 55 49
79 6 15 52
79 7 29 23
79 9 1 116
79 12 21 95
79 15 27 106
79 17 46 62
79 21 31 53
79 27 50 98
79 30 10 94
80 3 23 56
80 6 13 52
80 10 43 24
80 17 10 73
80 21 16 53
80 22 2 76
80 27 31 98
80 28 25 117
80 30 19 79
Điểm tối ưu: 763
Thời gian: 180.035437 giây
Trạng thái: VALID
