2027
1 3 25 21
1 5 19 111
1 6 39 169
1 14 7 15
1 18 28 84
1 22 1 211
1 26 32 95
1 28 13 76
1 30 43 93
1 49 52 154
1 52 16 201
1 55 4 113
1 56 9 63
1 60 55 9
2 1 22 1
2 5 10 32
2 11 5 69
2 20 46 186
2 22 35 211
2 29 19 133
2 36 13 150
2 43 33 156
2 48 43 83
2 50 15 219
2 52 7 201
2 57 3 192
2 59 17 202
3 1 46 1
3 4 7 173
3 5 4 121
3 7 58 42
3 10 20 18
3 18 55 17
3 21 41 89
3 24 43 53
3 28 22 76
3 30 25 112
3 37 49 24
3 38 37 220
3 40 14 51
3 54 33 141
3 57 31 192
4 1 10 1
4 8 31 174
4 19 37 178
4 27 13 137
4 29 25 133
4 32 16 16
4 35 22 129
4 43 57 12
4 44 7 37
4 46 27 116
4 47 5 33
4 48 19 83
4 49 49 154
4 58 43 3
4 59 3 162
5 11 21 69
5 16 49 59
5 22 51 161
5 27 10 11
5 33 27 139
5 34 40 148
5 36 55 150
5 37 31 24
5 38 13 215
5 41 43 4
5 53 1 38
5 57 57 192
6 9 38 147
6 13 58 118
6 20 13 134
6 27 4 137
6 32 55 16
6 43 16 156
6 46 31 182
6 51 19 217
6 52 26 39
6 54 43 77
6 55 52 113
6 59 9 202
7 3 4 203
7 5 13 111
7 12 43 184
7 14 27 15
7 17 55 14
7 18 31 17
7 28 10 81
7 30 37 93
7 38 50 179
7 40 7 4
7 47 25 45
7 48 58 83
7 54 19 122
7 55 1 113
8 5 25 111
8 9 17 147
8 10 23 18
8 17 35 14
8 28 4 81
8 31 55 99
8 33 41 30
8 34 19 9
8 37 31 208
8 46 37 183
8 50 2 136
8 54 13 122
8 60 7 138
9 3 43 203
9 4 4 173
9 5 1 111
9 12 37 23
9 17 59 179
9 22 49 161
9 26 51 65
9 30 19 4
9 47 15 33
9 48 46 83
9 49 55 154
9 57 53 222
9 58 25 3
10 11 35 69
10 16 3 194
10 17 5 14
10 18 22 84
10 19 19 178
10 20 26 134
10 21 32 209
10 22 9 211
10 24 37 74
10 27 40 137
10 33 11 30
10 35 16 129
10 45 1 120
10 47 29 45
10 50 7 199
11 2 16 115
11 8 25 179
11 10 3 18
11 16 37 59
11 23 8 27
11 26 35 65
11 35 31 56
11 36 57 150
11 43 1 156
11 44 5 51
11 46 43 183
11 48 49 83
11 57 19 222
12 11 13 69
12 15 26 172
12 18 34 84
12 22 41 211
12 26 31 65
12 28 46 96
12 29 1 133
12 37 20 157
12 44 3 51
12 45 5 120
12 46 7 182
12 47 15 45
12 54 37 77
12 60 57 138
13 1 49 1
13 3 7 21
13 8 15 31
13 17 23 14
13 18 10 84
13 24 31 74
13 29 13 133
13 31 28 152
13 38 55 179
13 42 19 85
13 48 2 83
13 49 34 108
13 50 38 219
13 52 25 57
14 4 49 173
14 6 25 169
14 18 1 17
14 19 4 178
14 31 52 152
14 33 27 30
14 35 34 129
14 36 31 150
14 38 7 215
14 44 43 87
14 50 29 219
14 51 37 36
14 55 46 113
14 56 20 82
14 57 41 222
15 2 34 115
15 4 1 221
15 16 45 194
15 24 19 68
15 28 4 76
15 39 49 158
15 42 13 123
15 43 17 12
15 44 10 37
15 48 55 83
15 49 58 154
15 50 25 136
15 53 39 28
15 55 7 113
16 9 10 147
16 10 40 18
16 11 57 69
16 12 25 23
16 20 34 186
16 34 1 148
16 37 13 208
16 40 49 51
16 43 23 12
16 46 43 179
16 49 7 154
16 52 31 73
16 56 19 212
16 59 37 202
17 10 25 46
17 15 49 172
17 16 23 59
17 20 1 186
17 21 7 209
17 22 9 161
17 26 17 95
17 43 13 12
17 45 15 120
17 46 19 116
17 52 4 73
17 54 31 122
17 57 11 192
17 60 43 78
18 8 25 31
18 10 13 18
18 11 47 69
18 12 31 168
18 17 15 14
18 22 35 161
18 24 37 68
18 27 19 130
18 30 7 128
18 31 29 99
18 34 22 148
18 41 55 4
18 55 40 113
18 56 1 82
19 2 10 115
19 4 13 151
19 10 7 18
19 11 41 69
19 18 25 17
19 19 28 178
19 30 49 21
19 32 22 19
19 33 20 30
19 41 1 175
19 43 53 12
19 44 39 37
19 51 55 97
19 53 31 197
19 56 44 141
20 12 1 168
20 13 22 118
20 20 7 134
20 24 46 74
20 26 10 65
20 38 26 107
20 41 55 102
20 42 50 85
20 47 41 33
20 56 32 212
21 3 46 180
21 11 3 69
21 12 7 90
21 17 39 14
21 18 31 84
21 22 43 161
21 24 57 68
21 31 55 152
21 32 21 97
21 33 19 139
21 38 13 220
21 39 25 158
21 56 49 212
22 7 49 42
22 8 1 25
22 18 37 218
22 19 58 178
22 24 27 74
22 25 5 2
22 33 53 30
22 36 45 150
22 37 19 208
22 43 9 156
22 56 13 141
22 57 55 192
23 3 43 180
23 8 31 31
23 10 47 18
23 14 23 15
23 18 49 84
23 19 52 178
23 28 7 96
23 30 55 93
23 31 17 99
23 36 1 150
23 38 25 220
23 41 37 216
23 46 13 91
23 49 4 154
23 56 19 121
24 3 55 203
24 4 3 151
24 5 58 32
24 9 1 147
24 10 35 18
24 17 46 14
24 21 39 89
24 22 53 161
24 29 17 133
24 32 25 16
24 34 10 9
24 36 19 150
24 42 13 85
25 2 22 115
25 9 41 31
25 14 9 15
25 16 19 59
25 17 47 179
25 20 16 134
25 28 34 81
25 30 37 112
25 38 1 179
25 40 27 167
25 43 50 156
25 46 43 91
25 50 13 219
25 59 25 162
26 3 52 203
26 8 1 174
26 16 55 194
26 21 10 89
26 28 25 76
26 37 37 24
26 38 32 220
26 43 19 12
26 52 21 201
26 56 14 87
26 58 7 3
27 12 19 23
27 18 4 84
27 23 37 27
27 31 23 152
27 32 1 184
27 39 7 158
27 46 25 183
27 51 31 36
27 52 40 57
27 53 13 28
27 57 17 222
27 58 52 3
27 60 56 90
28 3 1 203
28 4 31 173
28 6 35 169
28 12 45 111
28 18 7 218
28 23 16 79
28 29 57 133
28 33 13 30
28 34 19 138
28 37 37 208
28 45 43 120
28 52 10 144
28 57 4 222
29 5 22 32
29 9 1 31
29 10 53 18
29 14 17 15
29 15 43 172
29 16 31 194
29 20 4 186
29 25 25 2
29 27 49 137
29 38 55 220
29 39 13 158
29 42 7 171
29 43 11 156
29 44 59 37
29 52 19 144
30 10 17 18
30 18 52 84
30 20 25 186
30 24 49 74
30 29 15 133
30 33 29 30
30 34 44 148
30 37 56 157
30 38 20 220
30 40 10 149
30 46 37 116
30 47 7 45
30 51 3 36
30 57 1 222
31 5 37 121
31 9 21 147
31 13 25 118
31 14 13 15
31 19 43 178
31 22 16 161
31 31 33 152
31 35 1 129
31 38 8 220
31 43 31 156
31 46 55 116
31 60 49 49
32 16 25 59
32 21 16 209
32 25 56 200
32 26 41 65
32 27 10 137
32 30 37 149
32 36 59 150
32 37 27 157
32 39 1 158
32 41 32 216
32 42 43 124
32 46 19 182
32 52 7 144
33 4 25 173
33 12 37 90
33 13 43 118
33 22 55 161
33 23 34 27
33 24 57 53
33 33 9 30
33 38 1 19
33 40 28 149
33 41 19 175
33 48 16 204
33 52 13 144
33 56 49 82
33 57 5 192
34 5 16 111
34 8 31 179
34 10 13 46
34 12 7 184
34 16 1 194
34 17 11 179
34 18 19 84
34 23 50 27
34 37 43 208
34 59 3 202
35 1 52 1
35 4 19 173
35 24 4 53
35 27 13 11
35 29 49 133
35 32 22 93
35 33 11 139
35 37 7 208
35 38 31 107
35 43 57 156
35 50 16 136
35 54 25 198
35 56 37 63
35 59 29 202
36 8 7 25
36 14 53 15
36 26 29 82
36 27 22 130
36 33 5 30
36 37 25 24
36 45 11 120
36 47 3 45
36 49 49 108
36 53 57 28
36 55 31 113
36 56 43 212
36 60 14 78
37 5 7 181
37 9 13 38
37 12 38 168
37 22 51 211
37 23 56 27
37 26 5 95
37 28 10 96
37 31 31 152
37 34 16 148
37 40 19 149
37 42 1 85
37 46 25 182
37 48 34 224
37 56 43 121
38 1 34 1
38 5 4 111
38 6 31 169
38 9 23 38
38 18 58 180
38 25 7 2
38 28 52 81
38 30 14 128
38 33 2 139
38 53 25 38
38 56 9 141
38 57 49 192
39 3 20 203
39 4 25 190
39 18 7 84
39 22 29 161
39 23 10 79
39 25 35 200
39 26 41 95
39 35 44 56
39 37 1 208
39 38 56 215
39 41 14 216
39 43 5 12
39 44 23 37
39 50 31 219
39 54 37 198
40 3 49 203
40 8 56 25
40 9 19 147
40 13 37 118
40 22 11 161
40 23 43 79
40 27 21 137
40 30 1 93
40 32 40 184
40 41 25 175
40 49 16 154
40 56 7 82
41 9 53 147
41 17 58 59
41 28 46 81
41 30 1 21
41 32 10 16
41 34 55 148
41 35 31 129
41 43 5 156
41 44 17 37
41 47 13 33
41 54 25 7
41 56 49 63
42 5 1 181
42 13 34 118
42 17 53 59
42 26 57 95
42 27 25 137
42 29 37 133
42 31 13 152
42 35 16 56
42 38 21 179
42 42 49 124
42 43 39 156
42 47 19 45
42 59 7 202
43 12 50 32
43 20 28 186
43 24 25 53
43 27 1 11
43 31 32 99
43 33 17 139
43 41 37 175
43 42 7 124
43 45 34 120
43 51 43 171
43 56 13 82
43 60 19 78
44 2 43 115
44 4 37 221
44 9 13 147
44 11 49 69
44 16 27 59
44 20 34 134
44 28 31 76
44 32 40 16
44 38 15 107
44 39 55 158
44 41 51 4
44 44 46 37
44 46 8 91
44 52 2 57
44 53 19 224
45 1 28 1
45 10 55 18
45 13 16 118
45 21 13 209
45 30 31 21
45 31 35 152
45 32 1 16
45 35 25 129
45 37 43 24
45 48 4 204
45 51 49 217
45 54 7 7
45 56 19 63
46 7 40 42
46 9 27 147
46 22 17 211
46 23 22 27
46 25 7 200
46 26 20 95
46 31 25 99
46 32 31 16
46 36 15 150
46 40 4 149
46 42 56 124
46 57 47 222
46 59 11 202
47 5 7 32
47 11 27 69
47 13 4 118
47 18 19 17
47 23 14 27
47 25 1 200
47 36 51 150
47 38 37 19
47 42 32 85
47 49 22 154
47 52 10 201
47 53 43 28
48 5 43 32
48 7 7 42
48 8 19 31
48 20 31 134
48 22 37 161
48 26 53 82
48 29 3 133
48 32 34 16
48 35 25 56
48 37 56 24
48 38 49 19
48 43 28 12
48 46 13 183
48 51 39 98
48 52 10 73
49 2 1 115
49 3 7 180
49 8 13 25
49 29 35 133
49 31 40 99
49 32 28 16
49 35 19 129
49 41 44 175
49 46 31 91
49 47 25 33
49 48 10 83
49 50 5 219
49 56 55 141
50 4 1 173
50 5 31 32
50 8 9 31
50 9 7 147
50 16 25 194
50 22 21 161
50 23 37 79
50 25 52 200
50 26 15 95
50 33 4 139
50 35 49 129
50 51 27 98
50 59 13 162
51 16 5 194
51 17 51 14
51 23 2 27
51 25 17 200
51 26 29 95
51 32 40 9
51 43 37 12
51 45 19 120
51 48 7 83
51 54 31 198
51 57 11 222
51 59 15 162
51 60 25 78
52 3 37 180
52 7 25 42
52 17 35 179
52 21 7 89
52 23 20 79
52 26 13 95
52 28 43 81
52 29 51 133
52 36 23 150
52 37 2 24
52 44 55 37
52 47 53 45
52 50 29 136
52 54 15 198
52 57 33 192
53 3 1 180
53 4 38 173
53 5 46 32
53 14 29 15
53 17 21 59
53 23 58 79
53 25 31 200
53 27 7 11
53 30 49 128
53 31 15 152
53 36 33 150
53 41 25 216
53 44 53 37
53 52 4 39
54 6 51 169
54 9 5 38
54 14 55 15
54 16 47 194
54 27 7 137
54 31 49 99
54 34 13 9
54 36 11 150
54 37 26 208
54 41 57 216
54 45 23 120
54 53 19 28
54 60 1 49
55 2 7 115
55 3 16 203
55 11 33 69
55 15 19 172
55 16 51 194
55 17 49 14
55 35 10 56
55 44 2 87
55 48 26 204
55 50 58 199
55 52 13 39
55 57 23 222
55 58 46 3
56 1 25 1
56 6 17 169
56 11 7 69
56 12 13 184
56 13 28 118
56 28 37 76
56 30 9 112
56 31 19 99
56 32 4 16
56 34 32 9
56 36 47 150
56 43 21 12
56 48 1 204
57 5 52 181
57 7 55 42
57 10 50 18
57 13 13 118
57 19 22 178
57 20 37 134
57 22 33 161
57 23 28 79
57 25 19 200
57 34 7 9
57 41 43 102
57 57 16 192
57 60 1 138
58 10 1 46
58 15 37 172
58 16 13 59
58 18 10 17
58 24 22 74
58 26 59 82
58 29 7 133
58 31 47 152
58 43 41 156
58 47 3 33
58 49 43 154
58 50 5 199
58 58 49 3
59 4 13 190
59 8 25 25
59 10 9 18
59 21 44 209
59 24 34 68
59 28 16 81
59 29 39 133
59 34 49 148
59 43 46 156
59 44 29 51
59 51 1 217
59 56 55 82
59 59 32 162
60 9 5 147
60 20 22 186
60 24 9 74
60 33 25 139
60 38 31 215
60 43 3 12
60 44 13 37
60 45 27 120
60 47 41 45
60 50 1 219
60 51 15 98
60 57 7 192
60 59 20 202
60 60 37 49
61 5 9 111
61 11 43 69
61 18 15 175
61 22 41 161
61 24 31 53
61 26 2 95
61 28 4 96
61 32 46 16
61 33 23 139
61 34 19 148
61 41 50 102
61 46 37 91
61 49 27 108
61 50 7 219
61 57 13 222
62 3 20 180
62 5 1 32
62 12 56 184
62 16 35 59
62 18 14 84
62 27 4 130
62 38 37 107
62 47 29 33
62 51 51 36
62 52 31 57
62 53 7 197
62 54 43 122
62 56 25 212
63 2 19 115
63 5 16 181
63 11 51 69
63 14 2 15
63 16 11 59
63 22 22 211
63 24 13 74
63 32 43 16
63 33 33 139
63 38 37 215
63 42 7 85
63 54 25 77
64 3 4 180
64 6 23 169
64 8 55 31
64 9 35 38
64 15 31 172
64 16 37 194
64 23 25 27
64 25 11 2
64 28 1 96
64 29 43 133
64 46 14 182
64 51 7 98
64 58 19 3
64 59 28 162
65 8 13 174
65 13 52 118
65 23 2 79
65 27 34 130
65 30 21 21
65 35 46 129
65 39 37 158
65 40 55 149
65 42 25 124
65 43 7 12
65 56 9 87
65 57 19 192
65 58 31 3
66 1 37 1
66 4 58 190
66 6 15 169
66 7 34 42
66 10 5 18
66 12 26 168
66 16 9 194
66 17 7 14
66 21 31 89
66 22 13 161
66 32 19 93
66 41 43 218
66 54 1 7
66 55 49 113
67 9 50 147
67 10 27 18
67 17 5 179
67 20 13 186
67 24 16 68
67 25 29 2
67 28 19 76
67 34 22 9
67 41 1 216
67 44 33 37
67 46 7 116
67 47 35 45
67 55 55 113
68 3 32 180
68 12 13 90
68 13 1 118
68 17 37 14
68 24 10 53
68 41 49 175
68 45 25 120
68 49 7 108
68 51 27 36
68 53 57 224
68 54 43 198
68 55 19 113
68 58 4 3
69 2 37 115
69 5 10 181
69 7 31 42
69 18 49 17
69 20 56 134
69 25 5 200
69 27 25 11
69 28 16 96
69 29 41 133
69 32 13 16
69 41 19 102
69 48 43 224
69 51 1 97
69 52 28 144
70 4 25 151
70 8 13 49
70 12 43 23
70 17 56 59
70 19 10 178
70 25 23 2
70 26 7 65
70 27 28 137
70 30 31 93
70 32 58 16
70 40 4 167
70 42 37 85
70 54 19 198
70 60 49 117
71 2 25 115
71 5 28 32
71 9 35 147
71 21 11 209
71 27 37 137
71 33 23 30
71 35 4 56
71 41 7 102
71 42 13 124
71 44 51 37
71 46 19 183
71 49 1 154
71 55 58 113
71 57 44 192
72 12 55 23
72 18 43 84
72 25 13 200
72 27 25 130
72 30 20 112
72 32 52 16
72 40 8 51
72 44 35 37
72 48 49 204
72 49 31 154
72 51 1 171
72 52 28 57
72 54 37 122
72 56 15 63
73 3 7 203
73 5 19 181
73 6 43 169
73 9 3 147
73 10 11 46
73 12 31 184
73 18 13 17
73 20 37 186
73 22 58 161
73 26 22 95
73 29 47 133
73 44 25 37
73 50 1 199
73 51 27 217
74 2 52 115
74 8 7 179
74 22 33 211
74 28 13 96
74 29 29 133
74 30 56 21
74 32 37 184
74 38 43 107
74 40 19 167
74 46 1 182
74 48 22 83
74 53 25 197
75 1 31 1
75 3 58 203
75 6 45 169
75 7 10 42
75 11 29 69
75 26 13 65
75 31 5 152
75 33 43 139
75 38 1 107
75 39 19 158
75 40 34 149
75 45 41 120
75 48 38 224
75 59 7 162
76 2 13 115
76 4 28 173
76 8 1 35
76 9 31 147
76 18 55 84
76 35 34 56
76 38 49 220
76 40 58 149
76 44 20 37
76 45 45 120
76 46 38 182
76 48 25 83
76 49 22 108
77 2 28 115
77 8 37 31
77 18 43 17
77 23 13 79
77 24 19 74
77 27 1 130
77 34 16 138
77 40 22 149
77 48 46 204
77 53 56 197
77 54 7 77
77 56 49 87
77 58 34 3
78 6 20 169
78 20 49 186
78 28 28 76
78 34 25 148
78 36 3 150
78 41 14 102
78 46 31 116
78 47 37 33
78 53 8 28
78 58 22 3
78 59 39 202
78 60 43 9
79 6 13 169
79 22 15 211
79 26 7 95
79 31 23 99
79 33 17 30
79 34 34 148
79 38 19 107
79 42 37 123
79 45 59 120
79 46 3 183
79 50 9 136
79 55 28 113
79 57 1 192
79 60 51 138
80 5 58 181
80 6 49 169
80 9 44 147
80 10 7 46
80 17 3 14
80 20 40 186
80 22 27 161
80 24 19 53
80 28 10 76
80 32 37 16
80 40 16 149
80 45 55 120
80 46 31 183
81 1 40 1
81 4 10 173
81 10 15 18
81 18 37 17
81 20 45 134
81 25 43 200
81 35 28 129
81 41 2 102
81 44 34 87
81 52 31 144
81 53 49 38
81 59 13 202
82 3 16 180
82 6 3 169
82 7 13 42
82 10 32 18
82 14 59 15
82 18 37 84
82 21 23 89
82 29 9 133
82 31 21 152
82 36 5 150
82 47 43 33
82 54 49 7
82 57 34 222
82 58 28 3
83 4 46 151
83 19 40 178
83 25 1 2
83 29 31 133
83 33 13 139
83 40 43 149
83 45 37 120
83 48 34 83
83 49 19 154
83 51 57 36
83 53 49 197
83 54 27 122
83 57 9 222
84 6 57 169
84 11 19 69
84 12 13 23
84 14 21 15
84 23 25 32
84 24 43 68
84 27 10 130
84 35 40 56
84 38 49 215
84 41 31 102
84 48 28 83
84 50 23 136
84 54 1 122
84 57 38 192
85 5 16 121
85 12 1 23
85 14 46 15
85 17 39 59
85 18 22 17
85 24 43 74
85 27 31 130
85 28 49 81
85 34 9 148
85 36 7 150
85 42 57 85
85 49 52 108
85 56 25 141
86 4 13 221
86 5 16 32
86 8 19 25
86 11 23 69
86 19 49 178
86 22 31 161
86 30 33 128
86 31 1 99
86 33 9 139
86 34 28 148
86 40 58 167
86 54 43 7
86 56 38 82
86 59 47 162
86 60 3 78
87 3 10 180
87 5 49 181
87 17 16 179
87 21 1 209
87 23 13 32
87 31 27 99
87 37 19 24
87 38 3 215
87 42 37 171
87 49 34 154
87 52 7 39
87 56 55 63
87 59 31 202
88 4 4 221
88 5 28 181
88 10 35 46
88 17 59 14
88 22 1 161
88 23 43 27
88 24 55 74
88 25 33 200
88 36 39 150
88 42 21 124
88 47 19 33
88 50 17 219
88 54 13 7
88 57 7 222
88 58 10 3
89 1 13 1
89 10 19 46
89 13 49 118
89 16 16 194
89 20 10 134
89 24 7 53
89 43 37 156
89 44 57 37
89 47 23 45
89 48 4 224
89 49 46 154
89 52 25 73
89 57 21 192
89 59 35 202
90 11 25 69
90 18 16 17
90 20 2 134
90 22 29 211
90 26 5 65
90 33 39 30
90 37 31 157
90 38 44 220
90 40 13 167
90 42 49 171
90 43 35 156
90 44 41 37
90 51 19 36
90 54 7 198
91 4 31 190
91 9 25 147
91 14 51 15
91 16 46 59
91 20 7 186
91 22 27 211
91 27 37 130
91 29 53 133
91 30 56 128
91 42 13 171
91 43 34 12
91 49 40 44
91 53 1 187
91 54 20 7
91 59 17 162
92 1 1 1
92 2 58 115
92 5 34 32
92 6 29 169
92 16 53 194
92 21 21 209
92 22 11 211
92 37 49 208
92 45 39 120
92 46 43 116
92 49 4 44
92 53 25 28
92 54 7 122
92 57 15 222
93 5 38 32
93 10 43 18
93 18 52 180
93 23 46 79
93 31 25 152
93 34 4 148
93 39 31 158
93 41 56 175
93 44 27 37
93 51 7 217
93 52 19 73
93 53 13 197
93 57 35 192
93 58 1 3
94 6 53 169
94 12 20 168
94 16 59 194
94 22 7 161
94 23 40 79
94 31 17 152
94 40 13 149
94 43 25 12
94 44 1 37
94 45 3 120
94 49 10 108
94 50 5 136
94 57 27 192
95 4 46 173
95 8 7 174
95 14 33 15
95 17 41 59
95 18 19 218
95 25 3 200
95 32 16 9
95 33 31 30
95 35 43 129
95 46 55 182
95 50 13 199
95 53 51 28
95 56 37 212
95 57 25 192
96 3 13 203
96 4 16 151
96 6 7 169
96 8 49 31
96 14 44 15
96 25 9 2
96 27 32 137
96 35 37 56
96 36 53 150
96 49 40 154
96 51 55 217
96 56 1 141
97 6 1 169
97 10 29 46
97 14 49 15
97 17 33 14
97 28 22 96
97 34 58 148
97 36 9 150
97 37 13 24
97 42 25 123
97 48 52 83
97 52 19 57
97 57 40 192
97 60 3 90
98 5 22 181
98 6 55 169
98 11 37 69
98 15 13 172
98 16 17 59
98 22 4 211
98 26 59 95
98 27 49 130
98 34 40 138
98 35 52 56
98 38 25 215
98 45 9 120
98 47 11 33
98 51 43 217
98 53 33 28
99 2 55 115
99 3 37 203
99 10 1 18
99 17 21 14
99 28 40 81
99 40 31 167
99 45 17 120
99 46 49 116
99 49 58 108
99 54 13 77
99 56 43 82
99 57 9 192
100 3 40 203
100 7 22 42
100 8 49 174
100 21 13 89
100 27 1 137
100 31 7 152
100 34 37 138
100 40 19 51
100 46 43 182
100 47 27 45
100 51 31 98
100 53 15 65
101 1 4 1
101 3 55 180
101 8 43 25
101 12 50 23
101 22 23 161
101 24 34 74
101 25 10 200
101 30 37 128
101 38 19 215
101 47 8 33
101 49 13 108
101 52 16 39
101 53 25 224
102 1 16 1
102 7 46 42
102 8 25 174
102 17 31 14
102 20 19 186
102 27 43 130
102 29 33 133
102 40 22 167
102 46 7 183
102 48 40 204
102 49 37 154
102 52 1 73
102 60 49 78
103 5 34 111
103 8 43 31
103 16 15 59
103 17 19 14
103 23 31 79
103 25 13 2
103 26 23 65
103 30 1 112
103 33 21 139
103 41 7 175
103 42 25 171
103 45 57 120
103 57 47 192
104 8 55 174
104 14 4 15
104 27 40 130
104 28 13 81
104 32 52 184
104 40 1 167
104 41 8 216
104 44 23 51
104 45 21 120
104 46 25 91
104 48 46 224
104 52 16 57
104 56 32 82
104 58 37 3
105 4 3 190
105 16 57 194
105 17 41 14
105 27 28 11
105 29 11 133
105 30 13 112
105 38 7 107
105 40 46 167
105 43 1 12
105 44 44 37
105 47 17 33
105 48 50 224
105 49 31 108
105 57 21 222
106 1 19 1
106 4 49 151
106 9 58 147
106 10 16 46
106 16 29 194
106 17 43 14
106 23 40 27
106 26 3 65
106 28 31 96
106 30 25 128
106 31 10 99
106 36 35 150
106 44 5 87
106 48 7 224
106 55 13 113
107 1 43 1
107 2 46 115
107 4 22 151
107 6 27 169
107 7 19 42
107 8 49 25
107 17 25 14
107 18 40 17
107 20 10 186
107 21 3 209
107 23 55 79
107 24 58 74
107 28 37 96
107 58 13 3
108 3 31 203
108 5 34 181
108 9 46 147
108 11 1 69
108 13 55 118
108 16 27 194
108 23 4 32
108 28 43 96
108 34 50 9
108 35 19 44
108 37 7 24
108 43 59 156
108 48 14 83
108 55 22 113
108 60 37 78
109 5 46 181
109 11 15 69
109 25 21 200
109 26 11 95
109 27 37 11
109 40 43 167
109 44 4 37
109 47 13 45
109 51 31 217
109 54 55 7
109 56 7 212
109 57 52 192
110 18 46 84
110 19 31 178
110 20 43 186
110 23 7 79
110 25 50 200
110 40 16 167
110 42 19 123
110 43 3 156
110 47 10 45
110 52 13 201
110 53 37 65
110 56 25 82
111 11 17 69
111 18 7 17
111 21 19 209
111 22 13 211
111 23 31 27
111 30 49 149
111 34 28 27
111 47 53 33
111 48 40 83
111 49 10 154
111 50 25 219
111 53 2 197
111 59 22 162
111 60 44 49
112 13 40 118
112 17 17 14
112 22 7 211
112 23 34 79
112 25 23 200
112 30 43 112
112 31 37 152
112 36 21 150
112 40 25 149
112 46 51 91
112 48 31 204
112 49 13 154
112 52 10 57
112 53 1 28
112 54 55 77
113 8 38 174
113 11 55 69
113 12 7 168
113 16 34 194
113 17 19 179
113 26 46 65
113 31 3 152
113 32 49 184
113 43 52 156
113 47 21 45
113 50 11 136
113 53 57 38
113 58 16 3
113 59 1 162
114 8 7 49
114 12 43 168
114 18 34 17
114 22 39 161
114 24 16 74
114 26 11 82
114 27 20 11
114 29 5 133
114 31 53 99
114 34 31 148
114 36 29 150
114 40 55 167
114 41 25 102
114 45 51 120
115 5 22 111
115 9 56 147
115 11 39 69
115 14 15 15
115 15 7 172
115 17 51 59
115 18 46 17
115 21 25 89
115 24 2 74
115 29 59 133
115 31 5 99
115 44 19 87
116 5 55 181
116 6 47 169
116 8 33 25
116 9 29 147
116 14 31 15
116 16 8 59
116 18 10 218
116 28 26 81
116 29 21 133
116 30 1 128
116 31 15 99
116 49 37 108
116 56 43 63
116 59 5 202
117 19 46 178
117 23 52 79
117 28 1 76
117 32 4 184
117 35 38 129
117 36 27 150
117 41 33 175
117 44 31 37
117 51 15 36
117 53 7 38
117 54 19 77
117 56 55 87
117 57 59 192
118 4 7 190
118 5 25 181
118 8 51 168
118 10 57 46
118 17 28 14
118 21 5 89
118 24 10 68
118 26 44 65
118 30 31 112
118 34 13 148
118 41 20 216
118 54 38 141
118 55 16 113
118 56 1 212
119 1 7 1
119 7 37 42
119 17 1 14
119 21 3 89
119 30 51 93
119 31 49 152
119 40 31 149
119 41 43 216
119 42 25 85
119 43 20 156
119 44 29 37
119 47 5 45
119 48 10 224
119 58 55 3
120 4 16 173
120 6 5 169
120 10 11 18
120 17 29 179
120 18 1 84
120 25 37 200
120 27 58 11
120 28 25 96
120 35 8 129
120 45 49 120
120 48 31 83
120 49 43 108
120 51 19 171
120 56 39 87
120 57 23 192
121 8 19 174
121 9 15 147
121 25 58 200
121 28 28 96
121 31 10 152
121 35 7 56
121 40 34 167
121 42 37 117
121 43 55 156
121 46 1 91
121 49 25 44
121 54 49 198
121 56 45 87
122 7 4 42
122 10 57 18
122 11 11 69
122 16 29 59
122 24 1 53
122 27 7 130
122 30 20 128
122 42 37 124
122 43 43 156
122 44 35 51
122 45 13 120
122 53 15 224
122 56 25 87
122 60 31 138
123 5 31 181
123 8 27 49
123 12 19 90
123 17 57 14
123 19 16 178
123 21 37 89
123 22 25 161
123 33 3 30
123 41 51 216
123 44 1 51
123 50 23 199
123 51 7 97
123 52 13 73
123 60 45 90
124 4 19 151
124 8 3 31
124 9 29 38
124 13 46 118
124 16 49 194
124 19 7 178
124 21 16 89
124 24 22 68
124 27 13 130
124 29 55 133
124 54 31 7
124 55 10 113
124 59 1 202
125 4 31 151
125 5 37 181
125 6 41 169
125 8 19 49
125 9 23 147
125 12 25 184
125 17 10 14
125 27 55 11
125 30 43 128
125 33 29 139
125 34 52 148
125 38 1 220
125 40 49 167
125 49 16 108
126 2 4 115
126 5 13 181
126 6 9 169
126 9 40 147
126 16 43 194
126 19 1 178
126 22 25 211
126 26 27 65
126 27 16 130
126 33 7 30
126 40 37 51
126 56 19 141
126 57 29 222
126 59 23 202
126 60 31 90
127 5 13 121
127 7 28 42
127 16 7 194
127 22 31 211
127 25 3 2
127 26 9 95
127 28 19 96
127 30 49 112
127 34 37 9
127 38 55 107
127 45 53 120
127 47 1 33
127 49 40 108
127 55 43 113
127 59 5 162
128 10 45 18
128 16 20 194
128 20 22 134
128 21 34 89
128 23 25 79
128 27 40 11
128 40 52 51
128 45 32 120
128 46 56 91
128 51 7 36
128 56 1 63
128 57 29 192
129 4 43 221
129 7 52 42
129 11 31 69
129 13 19 118
129 15 56 172
129 16 4 59
129 29 23 133
129 34 27 9
129 35 1 56
129 43 25 156
129 44 15 37
129 51 37 217
129 53 7 78
129 54 33 77
130 3 13 180
130 6 37 169
130 10 29 18
130 12 31 23
130 16 11 194
130 22 45 161
130 27 4 11
130 28 7 76
130 30 55 112
130 33 1 30
130 47 35 33
130 48 19 204
130 52 16 144
130 60 25 138
131 2 49 115
131 3 25 180
131 24 40 74
131 26 5 82
131 28 31 81
131 33 15 30
131 35 19 56
131 43 9 12
131 44 37 37
131 45 29 120
131 48 22 204
131 51 55 98
131 55 34 113
132 1 55 1
132 3 34 203
132 8 38 25
132 15 1 172
132 17 53 14
132 18 58 17
132 38 49 107
132 46 13 116
132 51 19 98
132 52 10 39
132 56 25 63
132 57 31 222
133 18 58 84
133 22 37 211
133 25 16 2
133 26 25 65
133 30 27 4
133 31 21 99
133 35 13 56
133 40 7 149
133 46 49 182
133 50 10 219
133 51 43 36
133 54 1 198
133 58 40 3
134 5 1 121
134 12 8 23
134 16 43 59
134 18 52 17
134 19 55 178
134 21 21 89
134 24 15 53
134 26 33 65
134 31 19 152
134 41 37 102
134 52 28 73
134 57 13 192
134 59 25 202
135 3 46 203
135 6 59 169
135 10 5 46
135 12 15 168
135 13 10 118
135 14 40 15
135 28 7 81
135 31 1 152
135 33 37 30
135 42 31 124
135 43 13 156
135 47 21 33
135 50 3 219
135 57 25 222
135 59 19 162
136 2 31 115
136 4 34 151
136 5 40 181
136 14 57 15
136 21 19 89
136 26 1 65
136 28 43 76
136 32 9 93
136 34 22 138
136 45 7 120
136 49 46 108
136 51 50 98
136 54 25 121
136 56 13 212
137 1 58 1
137 7 43 42
137 18 4 17
137 25 46 200
137 27 31 11
137 29 27 133
137 40 38 167
137 44 7 87
137 46 19 91
137 48 13 204
137 56 51 141
137 59 41 202
138 3 49 180
138 6 11 169
138 11 45 69
138 16 13 194
138 18 28 17
138 19 34 178
138 24 1 68
138 25 25 200
138 26 17 82
138 28 40 96
138 34 37 148
138 54 55 122
138 56 21 87
138 60 7 117
139 3 40 180
139 9 7 31
139 18 22 218
139 20 19 134
139 26 47 82
139 27 16 11
139 34 13 138
139 36 43 150
139 43 11 12
139 44 49 37
139 46 2 116
139 48 31 224
139 54 55 198
139 59 9 162
140 4 10 151
140 18 25 84
140 22 19 161
140 24 13 68
140 25 28 200
140 27 16 137
140 28 40 76
140 32 7 16
140 33 33 30
140 49 2 108
140 53 43 38
140 55 37 113
140 56 57 121
140 60 49 90
141 4 10 190
141 13 7 118
141 14 35 15
141 16 40 194
141 20 31 186
141 25 15 200
141 32 26 93
141 34 4 9
141 43 47 12
141 48 37 83
141 51 43 98
141 52 1 201
141 53 19 38
141 54 49 122
141 58 58 3
142 3 10 203
142 4 19 221
142 16 32 59
142 19 13 178
142 20 16 186
142 30 37 21
142 32 49 16
142 35 22 56
142 36 41 150
142 39 44 158
142 48 34 204
142 50 7 136
142 52 1 39
142 59 27 202
142 60 56 168
143 10 25 18
143 14 38 15
143 16 1 59
143 22 19 211
143 26 29 65
143 27 51 11
143 28 21 81
143 31 40 152
143 43 32 12
143 49 55 108
143 50 13 136
143 52 7 73
143 54 3 77
143 60 43 138
144 4 7 151
144 11 53 69
144 21 29 89
144 30 13 93
144 33 25 30
144 36 37 150
144 37 55 208
144 38 43 215
144 40 1 149
144 46 49 183
144 50 23 219
144 53 19 197
144 54 39 7
144 60 31 78
145 4 22 173
145 11 9 69
145 14 25 15
145 17 5 79
145 23 49 79
145 28 34 96
145 32 19 16
145 42 43 85
145 43 7 156
145 49 27 154
145 51 1 98
145 53 55 65
145 59 15 202
146 2 40 115
146 3 28 180
146 10 38 18
146 12 20 184
146 13 31 118
146 14 11 15
146 19 25 178
146 21 5 209
146 29 45 133
146 33 7 139
146 36 17 150
146 47 1 45
146 51 13 217
146 60 55 49
147 4 38 151
147 9 33 147
147 21 1 89
147 22 47 161
147 23 19 27
147 31 13 99
147 33 15 139
147 35 28 56
147 36 25 150
147 40 7 167
147 44 17 51
147 47 23 33
147 48 56 204
147 50 10 199
147 52 3 144
148 3 26 203
148 5 43 181
148 7 1 42
148 10 59 18
148 14 19 15
148 18 40 84
148 22 4 161
148 27 34 11
148 35 13 129
148 36 49 150
148 40 46 149
148 46 55 183
148 52 7 57
148 59 11 162
149 5 4 181
149 6 33 169
149 7 16 42
149 10 31 46
149 16 22 194
149 17 13 14
149 35 49 56
149 38 38 179
149 43 28 156
149 45 47 120
149 48 8 204
149 49 19 108
149 55 25 113
149 56 55 212
150 5 7 121
150 11 59 69
150 17 13 179
150 25 40 200
150 28 1 81
150 34 46 27
150 35 4 129
150 42 25 90
150 43 23 156
150 44 11 51
150 52 52 201
150 53 19 65
150 56 31 63
150 60 55 78
Điểm tối ưu: 2027
Thời gian: 360.067849 giây
Trạng thái: VALID
