2951
1 5 43 276
1 10 20 116
1 13 25 179
1 17 7 94
1 18 58 210
1 19 31 74
1 20 10 6
1 21 13 246
1 26 34 159
1 31 37 293
1 51 1 287
1 59 49 143
1 61 28 48
1 63 55 108
1 72 5 32
2 3 21 182
2 8 13 17
2 10 7 116
2 14 27 110
2 18 33 233
2 27 25 271
2 32 1 24
2 36 4 161
2 39 49 278
2 48 11 25
2 56 56 118
2 58 31 63
2 72 23 52
2 75 16 203
3 14 1 137
3 16 37 281
3 18 49 233
3 21 25 7
3 22 43 160
3 33 41 22
3 34 23 289
3 36 10 4
3 40 15 14
3 46 52 252
3 53 55 267
3 65 35 198
3 67 19 28
3 74 31 265
3 75 7 203
4 3 1 179
4 11 22 100
4 17 19 244
4 21 38 7
4 23 7 240
4 30 44 138
4 36 55 47
4 39 52 278
4 43 9 201
4 61 31 48
4 62 14 130
4 63 26 108
4 71 58 273
4 75 4 8
5 1 4 90
5 3 37 179
5 4 50 172
5 6 39 59
5 12 32 30
5 17 9 286
5 22 46 210
5 25 1 269
5 36 14 4
5 53 19 290
5 59 25 130
5 60 58 95
5 62 55 170
5 68 43 153
5 69 7 188
6 3 40 179
6 8 46 268
6 9 1 191
6 10 49 136
6 23 38 51
6 32 28 266
6 34 33 289
6 44 19 295
6 58 5 63
6 63 13 234
6 71 55 263
6 73 17 81
6 76 31 152
6 79 7 135
6 80 10 258
7 2 19 256
7 4 4 172
7 5 25 208
7 8 58 101
7 9 49 272
7 13 16 179
7 18 43 151
7 25 55 87
7 32 46 81
7 38 35 229
7 45 23 1
7 53 31 122
7 54 7 192
7 63 1 234
7 73 11 199
8 1 1 90
8 5 7 1
8 16 13 281
8 18 19 233
8 28 25 250
8 31 49 21
8 36 55 205
8 45 11 1
8 56 27 207
8 57 4 223
8 63 46 108
8 64 33 251
8 65 23 211
8 69 31 200
8 72 35 95
9 13 58 170
9 20 43 74
9 28 20 250
9 33 5 22
9 39 14 9
9 42 52 239
9 48 11 133
9 49 7 226
9 52 49 285
9 55 22 235
9 60 1 58
9 62 40 169
9 70 25 144
9 77 32 38
9 80 37 202
10 1 40 90
10 10 13 11
10 11 10 270
10 18 56 128
10 19 44 35
10 20 21 263
10 33 53 139
10 43 19 201
10 45 31 66
10 47 49 83
10 50 25 128
10 64 1 251
10 73 47 152
10 75 7 8
10 76 3 152
11 5 13 286
11 9 25 272
11 12 7 30
11 23 31 240
11 26 33 169
11 33 59 139
11 35 43 69
11 39 1 278
11 45 4 66
11 46 55 252
11 50 41 116
11 52 22 149
11 64 20 251
11 69 53 200
11 71 37 263
12 3 41 133
12 5 55 1
12 22 46 160
12 24 8 228
12 37 19 14
12 44 4 265
12 55 1 56
12 56 49 89
12 59 25 245
12 64 37 251
12 65 29 211
12 68 31 153
12 75 43 203
12 76 39 168
12 79 14 121
13 10 43 116
13 11 19 100
13 22 49 210
13 25 22 87
13 26 28 159
13 28 38 250
13 31 7 180
13 41 5 211
13 42 15 98
13 46 40 104
13 55 56 255
13 63 32 234
13 67 1 176
13 68 25 29
13 76 13 152
14 14 49 212
14 18 10 233
14 21 44 193
14 29 55 261
14 36 40 205
14 38 31 229
14 39 28 186
14 41 1 252
14 42 34 239
14 50 38 128
14 58 5 119
14 60 7 220
14 64 22 251
14 67 14 86
14 68 19 29
15 7 32 162
15 9 7 191
15 10 1 116
15 13 52 84
15 20 46 6
15 23 17 40
15 25 25 269
15 40 5 216
15 50 11 116
15 56 19 125
15 61 43 48
15 66 57 231
15 68 13 29
15 70 37 159
16 5 37 286
16 16 8 157
16 23 41 40
16 34 55 84
16 35 14 190
16 54 57 153
16 59 44 130
16 66 23 94
16 69 51 200
16 71 25 295
16 73 3 199
16 75 28 203
16 76 1 152
16 78 19 124
16 80 34 258
17 1 26 90
17 2 31 3
17 15 1 103
17 16 19 12
17 17 4 259
17 21 44 7
17 23 11 240
17 25 40 269
17 31 51 88
17 34 37 289
17 35 56 36
17 36 7 4
17 41 29 76
17 53 13 267
17 69 17 188
18 1 1 174
18 5 45 208
18 9 7 151
18 11 31 270
18 21 13 7
18 40 27 216
18 41 43 76
18 44 49 29
18 45 52 66
18 51 19 287
18 52 4 285
18 58 11 75
18 63 37 234
18 76 41 168
19 5 15 118
19 6 26 231
19 15 10 293
19 19 55 74
19 28 43 250
19 29 31 115
19 33 46 39
19 38 13 5
19 39 4 278
19 57 7 223
19 61 37 48
19 64 35 251
19 68 40 212
19 73 1 199
20 2 9 254
20 5 55 208
20 26 25 159
20 27 35 136
20 29 19 261
20 33 53 22
20 40 23 84
20 41 13 76
20 42 49 98
20 49 1 123
20 53 37 122
20 64 7 47
20 67 31 176
20 70 43 187
20 76 16 168
21 1 31 90
21 7 25 204
21 17 40 161
21 23 35 51
21 28 7 250
21 41 1 149
21 48 17 254
21 49 19 123
21 55 55 235
21 59 13 125
21 63 4 108
21 71 58 186
21 77 44 206
21 78 50 9
21 79 9 121
22 1 57 26
22 2 2 44
22 4 50 280
22 7 25 34
22 14 43 96
22 22 31 263
22 23 34 40
22 34 41 84
22 44 13 295
22 49 37 226
22 51 19 54
22 64 53 251
22 68 10 147
22 72 29 52
22 80 16 258
23 1 1 26
23 10 19 136
23 17 58 222
23 26 4 291
23 45 33 1
23 47 28 83
23 48 23 133
23 52 46 5
23 58 13 266
23 63 10 108
23 64 31 251
23 67 49 176
23 69 7 200
23 73 39 81
23 78 15 183
24 3 1 182
24 4 56 51
24 5 49 286
24 6 19 183
24 10 7 136
24 15 28 268
24 19 25 147
24 24 37 199
24 27 5 287
24 28 3 155
24 39 14 278
24 48 35 254
24 58 23 226
24 67 31 28
24 78 43 283
25 1 4 26
25 9 7 222
25 13 45 179
25 15 55 17
25 18 28 155
25 26 25 25
25 29 14 115
25 32 1 61
25 35 49 36
25 52 19 149
25 54 58 42
25 62 22 130
25 72 40 24
25 73 37 81
25 77 31 206
26 20 7 74
26 27 47 271
26 31 13 21
26 33 49 39
26 34 27 84
26 35 37 220
26 37 55 56
26 42 52 98
26 45 43 66
26 57 34 223
26 58 25 63
26 62 10 262
26 65 3 211
26 67 19 228
26 69 1 188
27 12 13 30
27 19 34 43
27 24 43 144
27 28 47 250
27 38 10 5
27 40 5 14
27 41 1 76
27 44 55 295
27 58 19 235
27 62 31 130
27 67 25 228
27 71 52 186
27 74 21 126
27 78 37 145
27 80 7 258
28 6 51 161
28 13 55 179
28 20 16 6
28 36 58 47
28 41 49 152
28 45 34 66
28 46 43 246
28 48 3 101
28 54 10 192
28 57 40 176
28 61 13 48
28 67 19 176
28 73 31 81
28 78 25 145
28 80 46 202
29 1 37 90
29 2 19 254
29 6 57 2
29 9 25 222
29 17 52 94
29 32 16 61
29 34 40 289
29 43 29 201
29 53 2 267
29 60 46 166
29 67 9 176
29 72 7 24
29 73 35 81
29 75 31 8
30 1 7 26
30 7 37 34
30 9 1 272
30 12 43 30
30 15 58 17
30 17 55 222
30 25 28 269
30 30 49 138
30 35 19 36
30 36 25 205
30 55 16 255
30 70 31 75
30 75 13 25
30 76 10 152
31 7 37 162
31 8 4 17
31 9 44 191
31 13 1 170
31 22 13 160
31 23 33 51
31 24 55 264
31 32 52 81
31 33 9 150
31 35 19 190
31 46 25 265
31 48 41 101
31 57 28 6
31 64 49 47
31 73 17 152
32 6 25 195
32 10 56 136
32 12 20 77
32 24 49 264
32 26 10 291
32 30 37 71
32 36 7 205
32 40 53 216
32 41 4 149
32 45 29 166
32 50 13 128
32 55 44 235
32 60 1 166
32 61 34 48
32 79 16 135
33 3 49 182
33 4 13 280
33 10 25 105
33 15 16 195
33 23 19 40
33 27 46 169
33 31 55 234
33 39 4 186
33 44 43 265
33 52 1 285
33 56 51 223
33 60 10 220
33 62 7 130
33 70 31 187
33 75 38 203
34 6 55 72
34 14 44 137
34 15 13 103
34 23 41 240
34 34 11 272
34 36 31 205
34 38 26 229
34 43 38 201
34 44 28 133
34 46 16 252
34 54 4 42
34 65 34 79
34 69 2 35
34 76 21 168
34 78 7 283
35 12 49 102
35 14 19 245
35 18 37 233
35 21 43 291
35 25 10 87
35 27 17 271
35 30 3 138
35 33 23 139
35 40 13 84
35 43 31 201
35 51 25 287
35 54 34 192
35 68 7 29
35 69 15 35
35 76 1 168
36 3 47 182
36 6 43 59
36 14 55 96
36 20 7 154
36 32 10 266
36 35 37 69
36 37 25 19
36 47 22 83
36 48 5 101
36 52 49 5
36 57 19 223
36 59 14 143
36 62 1 169
36 70 31 282
36 72 53 24
37 4 16 280
37 15 10 17
37 17 37 262
37 19 19 78
37 22 52 28
37 23 13 40
37 26 1 291
37 28 31 155
37 36 34 4
37 38 44 229
37 39 40 9
37 57 4 6
37 62 22 262
37 71 49 273
37 77 25 38
38 10 14 210
38 14 8 96
38 21 50 193
38 27 47 136
38 38 57 229
38 41 20 76
38 42 1 239
38 45 26 66
38 56 43 157
38 62 34 130
38 65 41 79
38 66 29 94
38 73 22 199
38 74 37 213
38 80 4 258
39 1 28 26
39 4 14 172
39 8 52 40
39 12 31 97
39 20 25 74
39 25 49 87
39 29 8 261
39 31 1 55
39 34 17 272
39 40 23 14
39 48 35 207
39 49 44 226
39 53 38 290
39 70 55 78
39 77 19 206
40 2 25 139
40 5 20 286
40 6 49 231
40 14 37 96
40 15 31 103
40 26 10 159
40 28 45 250
40 32 3 80
40 43 1 201
40 45 17 282
40 52 7 285
40 58 58 235
40 60 55 220
40 69 13 57
41 4 34 172
41 8 52 17
41 10 37 105
41 12 43 97
41 17 31 262
41 23 22 51
41 29 13 60
41 33 20 150
41 34 55 289
41 61 10 48
41 62 57 130
41 65 7 198
41 68 1 147
41 75 4 203
41 77 26 240
42 7 19 34
42 19 38 43
42 21 13 193
42 22 58 108
42 23 1 40
42 35 3 36
42 40 27 14
42 48 41 25
42 50 29 246
42 54 7 42
42 55 10 198
42 57 31 223
42 58 51 235
42 65 17 211
43 4 51 51
43 5 13 27
43 8 19 180
43 15 1 293
43 20 34 74
43 23 10 51
43 36 44 205
43 39 37 278
43 51 56 287
43 57 31 6
43 58 47 235
43 63 40 234
43 64 5 251
43 72 25 52
43 80 28 202
44 9 31 151
44 14 55 275
44 23 17 51
44 27 29 169
44 29 25 53
44 35 7 69
44 42 46 239
44 52 43 149
44 53 19 267
44 56 13 241
44 57 1 223
44 58 59 278
44 59 49 245
44 72 53 52
44 74 37 265
45 9 1 97
45 10 13 105
45 13 45 170
45 24 56 192
45 30 49 71
45 37 9 238
45 48 7 101
45 52 31 109
45 56 27 183
45 60 38 166
45 64 17 47
45 65 43 79
45 70 19 282
45 71 34 273
45 76 25 168
46 2 7 139
46 15 32 70
46 26 28 79
46 28 13 250
46 32 1 266
46 33 59 22
46 36 25 161
46 48 4 207
46 50 21 128
46 52 15 285
46 54 37 42
46 69 55 200
46 72 19 24
46 74 50 213
47 3 40 295
47 11 34 110
47 12 55 77
47 20 31 88
47 29 20 53
47 42 37 98
47 45 15 66
47 48 13 101
47 59 7 125
47 70 2 282
47 72 17 95
47 74 25 213
47 75 49 8
47 76 59 168
47 78 44 9
48 1 19 90
48 4 28 172
48 5 43 286
48 11 22 270
48 31 13 293
48 32 33 24
48 34 53 272
48 35 1 69
48 37 37 19
48 44 58 133
48 50 7 128
48 56 49 157
48 57 25 223
48 68 55 150
48 74 9 213
49 2 13 254
49 3 33 182
49 16 43 281
49 23 40 51
49 29 1 290
49 32 19 81
49 42 22 98
49 44 49 295
49 49 7 123
49 56 55 223
49 69 29 200
49 71 52 273
49 72 37 52
49 73 35 152
49 76 47 168
50 1 7 90
50 6 3 288
50 9 13 272
50 10 31 105
50 14 43 212
50 17 40 94
50 25 19 87
50 26 10 79
50 29 56 115
50 31 49 180
50 36 37 205
50 40 35 14
50 53 25 290
50 73 1 81
51 11 7 270
51 12 37 73
51 13 49 80
51 15 10 103
51 30 27 71
51 33 25 39
51 34 33 84
51 36 22 205
51 37 43 238
51 39 19 278
51 44 4 208
51 56 13 72
51 69 2 57
51 75 55 8
51 76 52 168
52 4 40 280
52 10 49 116
52 23 55 240
52 26 31 79
52 32 58 81
52 34 53 289
52 37 19 19
52 40 1 84
52 43 25 216
52 44 44 295
52 54 16 117
52 62 13 169
52 69 5 200
52 74 27 63
52 78 7 145
53 11 46 270
53 16 21 281
53 17 40 262
53 37 7 19
53 41 38 76
53 48 11 101
53 51 14 287
53 55 31 235
53 60 56 166
53 61 1 48
53 64 28 47
53 69 25 200
53 71 50 100
53 73 19 152
53 76 5 152
54 3 41 182
54 9 44 272
54 13 28 179
54 14 1 212
54 29 37 115
54 33 59 39
54 41 11 76
54 44 34 295
54 52 31 285
54 53 49 267
54 57 7 262
54 65 19 211
54 70 55 159
54 77 13 22
54 78 21 283
55 8 43 17
55 12 1 102
55 13 25 170
55 16 55 207
55 23 53 240
55 40 35 84
55 46 19 246
55 47 7 83
55 52 46 149
55 55 10 235
55 56 37 150
55 60 32 166
55 64 28 251
55 68 22 147
55 77 14 38
56 2 55 139
56 4 28 280
56 7 9 34
56 8 46 17
56 14 21 137
56 18 16 233
56 24 1 264
56 25 34 87
56 32 25 24
56 38 7 229
56 63 43 108
56 65 49 79
56 76 13 168
56 78 37 124
57 6 49 2
57 8 34 180
57 16 38 12
57 22 31 86
57 23 59 240
57 32 4 24
57 33 21 39
57 40 1 14
57 42 7 239
57 47 43 83
57 48 15 101
57 60 10 95
57 62 28 262
57 78 55 145
57 80 25 202
58 18 40 233
58 24 49 144
58 25 16 87
58 27 31 169
58 32 37 266
58 39 25 9
58 47 58 83
58 51 7 80
58 55 34 235
58 57 28 223
58 58 5 226
58 60 46 58
58 73 21 152
58 77 1 22
58 79 43 39
59 5 19 208
59 15 10 70
59 16 56 281
59 31 51 293
59 34 2 289
59 41 40 76
59 42 13 239
59 48 37 101
59 52 4 5
59 53 43 122
59 56 25 157
59 64 49 251
59 71 7 273
59 75 32 203
60 4 20 172
60 14 9 137
60 17 31 94
60 23 28 51
60 26 3 79
60 28 41 261
60 30 43 201
60 32 25 266
60 40 7 14
60 43 23 201
60 51 13 54
60 54 52 42
60 56 37 2
60 69 17 200
60 72 35 52
61 1 43 90
61 2 19 3
61 4 46 51
61 11 16 270
61 17 28 238
61 24 55 119
61 28 40 250
61 38 32 5
61 40 13 14
61 45 59 66
61 48 52 101
61 53 7 267
61 63 49 234
61 77 1 38
61 80 25 258
62 1 13 174
62 6 1 2
62 9 25 191
62 10 37 11
62 12 31 102
62 16 21 239
62 27 7 169
62 29 43 261
62 32 55 81
62 33 5 139
62 35 50 69
62 43 19 216
62 44 10 295
62 68 16 153
63 6 43 21
63 10 1 105
63 12 37 97
63 14 26 275
63 16 49 67
63 22 19 59
63 27 41 136
63 33 32 39
63 45 10 66
63 47 13 83
63 50 53 116
63 55 22 121
63 57 16 223
63 67 55 58
63 80 34 188
64 1 4 174
64 2 31 254
64 7 14 162
64 11 19 185
64 19 58 97
64 23 2 240
64 31 7 294
64 34 35 289
64 39 22 9
64 43 11 201
64 56 25 77
64 71 40 263
64 75 46 203
64 77 49 240
64 79 37 39
65 5 7 208
65 13 49 84
65 17 43 14
65 24 25 256
65 27 52 271
65 28 1 155
65 29 37 261
65 40 4 84
65 43 35 216
65 44 16 295
65 50 33 128
65 52 22 198
65 61 46 48
65 62 19 130
65 75 57 203
66 5 26 286
66 7 55 204
66 12 43 77
66 14 7 245
66 20 19 88
66 26 31 252
66 32 22 81
66 33 47 139
66 36 51 47
66 40 1 216
66 57 37 176
66 68 34 29
66 69 13 35
66 74 15 126
66 77 3 15
67 8 46 103
67 12 56 30
67 22 43 86
67 23 2 51
67 24 13 264
67 26 4 252
67 30 33 138
67 31 25 21
67 32 19 80
67 35 7 36
67 36 22 4
67 42 49 239
67 44 52 210
67 49 37 123
67 73 11 81
68 9 19 191
68 10 25 210
68 11 14 100
68 23 49 51
68 28 34 250
68 30 7 133
68 35 37 190
68 36 1 205
68 39 43 186
68 46 52 233
68 54 31 192
68 60 4 95
68 62 46 262
68 67 56 244
68 73 41 152
69 2 9 3
69 9 37 191
69 11 55 110
69 12 13 102
69 33 1 150
69 35 31 220
69 44 3 29
69 45 19 138
69 48 35 101
69 49 25 226
69 50 41 128
69 53 50 122
69 59 21 195
69 70 45 282
69 79 58 121
70 5 44 1
70 6 13 159
70 12 31 77
70 20 1 213
70 21 39 246
70 24 49 119
70 35 25 36
70 47 4 83
70 48 53 254
70 50 17 246
70 68 10 153
70 74 56 63
70 75 7 202
70 77 19 240
71 5 49 34
71 11 10 100
71 15 1 89
71 16 26 41
71 18 19 207
71 19 4 43
71 25 7 87
71 37 55 19
71 40 47 216
71 41 13 149
71 55 44 255
71 57 22 223
71 72 31 95
71 74 15 265
71 79 40 39
72 1 34 90
72 2 19 44
72 12 51 73
72 14 13 212
72 29 2 53
72 42 7 70
72 51 44 287
72 58 29 226
72 61 10 43
72 70 37 75
72 74 25 126
72 78 55 124
73 1 16 26
73 8 49 103
73 15 7 171
73 22 40 86
73 24 25 199
73 29 19 115
73 39 10 9
73 46 13 252
73 48 29 4
73 50 5 19
73 52 37 5
73 53 31 16
73 70 1 187
73 72 56 24
73 76 35 168
74 4 7 280
74 9 50 191
74 10 37 136
74 14 1 110
74 17 34 12
74 18 46 86
74 19 10 78
74 25 58 269
74 28 32 250
74 31 19 293
74 32 13 61
74 54 55 42
74 58 29 119
74 65 17 198
74 72 27 52
75 2 13 256
75 5 37 27
75 8 34 103
75 12 19 102
75 19 55 97
75 22 1 59
75 27 17 136
75 30 8 292
75 41 29 152
75 42 31 125
75 49 43 123
75 50 23 128
75 60 26 166
75 70 50 282
75 75 4 25
76 1 37 174
76 4 46 280
76 13 58 84
76 15 40 17
76 19 49 43
76 23 20 51
76 28 23 250
76 29 1 115
76 31 32 225
76 34 29 272
76 52 10 285
76 53 25 122
76 57 43 223
76 61 7 43
76 70 13 282
77 2 49 3
77 15 43 147
77 21 1 7
77 22 7 59
77 25 20 269
77 39 25 278
77 47 34 83
77 49 55 123
77 51 38 54
77 56 13 89
77 57 31 135
77 63 46 234
77 73 23 152
77 76 59 152
77 79 10 39
78 2 45 3
78 6 37 72
78 8 58 268
78 23 31 51
78 26 7 79
78 30 19 71
78 43 17 25
78 46 10 85
78 49 25 123
78 64 41 251
78 67 33 228
78 71 55 273
78 74 1 126
78 77 13 206
78 78 49 145
79 3 22 179
79 11 10 110
79 12 1 30
79 15 28 103
79 20 7 88
79 27 35 271
79 38 55 5
79 42 16 239
79 46 57 246
79 48 47 101
79 56 31 207
79 58 53 235
79 64 44 251
79 69 13 200
79 77 38 38
80 14 26 96
80 29 43 115
80 31 13 180
80 34 31 289
80 36 1 161
80 41 52 76
80 42 7 98
80 44 37 151
80 50 35 246
80 57 58 176
80 59 19 61
80 65 47 198
80 66 17 231
80 71 4 273
80 73 33 152
81 1 49 26
81 3 5 182
81 4 22 280
81 13 34 170
81 23 57 240
81 24 45 192
81 28 20 41
81 31 1 294
81 34 27 289
81 39 16 186
81 41 59 76
81 45 55 66
81 54 37 192
81 67 7 28
81 68 31 29
82 2 49 254
82 3 14 182
82 8 40 103
82 15 25 103
82 17 31 161
82 25 44 87
82 26 28 291
82 29 1 60
82 32 16 32
82 42 34 98
82 50 5 128
82 56 9 241
82 63 37 108
82 74 19 265
82 78 56 283
83 2 37 254
83 5 51 208
83 10 13 116
83 13 25 67
83 30 57 201
83 40 55 216
83 52 1 5
83 53 31 267
83 60 43 95
83 69 7 35
83 71 10 273
83 72 47 52
83 75 19 202
83 79 4 39
83 80 22 202
84 10 27 116
84 12 37 30
84 13 52 80
84 15 49 268
84 21 14 71
84 23 4 240
84 27 2 271
84 37 19 238
84 38 25 79
84 39 46 186
84 63 43 234
84 68 34 217
84 69 9 57
84 74 55 126
84 76 7 62
85 3 39 182
85 9 7 272
85 19 28 147
85 24 21 264
85 32 25 80
85 35 13 36
85 36 4 205
85 37 32 238
85 40 58 216
85 60 1 95
85 65 17 79
85 68 52 222
85 69 11 104
85 71 45 273
85 76 50 168
86 1 49 90
86 10 37 210
86 26 46 40
86 28 53 250
86 29 26 115
86 33 15 150
86 38 35 5
86 43 31 216
86 45 41 66
86 46 1 246
86 52 43 198
86 54 4 192
86 61 55 48
86 64 33 47
86 72 17 52
87 2 32 256
87 9 27 151
87 12 43 11
87 15 37 103
87 22 10 86
87 23 15 40
87 30 49 201
87 39 7 9
87 48 59 254
87 54 1 42
87 55 19 121
87 61 40 171
87 63 22 108
87 64 13 251
87 70 55 187
88 11 16 110
88 15 4 293
88 16 43 252
88 19 25 78
88 22 13 59
88 27 58 271
88 32 28 24
88 40 33 216
88 44 55 211
88 58 35 266
88 59 38 61
88 64 11 47
88 67 21 35
88 68 52 29
88 72 19 52
89 2 31 139
89 3 11 179
89 17 13 94
89 20 7 6
89 22 16 263
89 30 57 125
89 35 49 220
89 38 55 229
89 41 47 76
89 42 22 70
89 61 25 48
89 62 19 262
89 67 1 78
89 70 38 144
89 74 43 105
90 3 26 182
90 7 31 34
90 11 1 100
90 14 13 96
90 19 28 78
90 28 23 41
90 31 19 292
90 47 55 83
90 52 39 285
90 60 4 166
90 66 10 231
90 67 49 244
90 71 58 100
90 74 43 213
90 79 7 39
91 10 32 116
91 12 55 241
91 15 13 195
91 24 25 264
91 29 7 60
91 32 40 80
91 39 37 186
91 54 21 192
91 61 4 48
91 65 11 211
91 69 1 200
91 70 50 187
91 74 43 126
91 75 16 8
92 2 1 256
92 3 5 295
92 4 9 167
92 5 37 1
92 9 56 191
92 14 20 275
92 22 25 86
92 24 15 134
92 37 50 19
92 58 13 235
92 68 28 273
92 74 31 126
92 76 7 168
92 77 43 38
93 1 55 174
93 12 25 97
93 19 37 74
93 26 16 291
93 28 5 41
93 31 21 215
93 35 7 173
93 40 29 14
93 48 33 101
93 51 49 54
93 53 1 122
93 55 13 255
93 66 59 94
93 69 19 200
93 77 44 240
94 1 25 174
94 3 58 179
94 5 3 1
94 12 49 97
94 17 37 14
94 18 40 151
94 22 10 263
94 23 8 51
94 31 19 21
94 37 13 19
94 38 33 229
94 43 35 201
94 56 43 2
94 64 55 251
94 69 47 200
95 1 22 90
95 2 37 3
95 4 25 280
95 5 43 129
95 8 7 217
95 21 3 118
95 24 32 119
95 28 51 250
95 32 57 266
95 36 10 205
95 39 19 9
95 45 1 1
95 50 47 128
95 60 14 166
95 80 28 258
96 1 43 26
96 13 9 170
96 15 26 17
96 17 4 238
96 18 19 134
96 23 7 40
96 24 31 264
96 25 13 87
96 28 55 250
96 48 22 101
96 52 16 149
96 59 57 245
96 75 1 202
96 77 50 38
96 79 38 135
97 2 55 3
97 11 52 270
97 12 19 73
97 22 40 28
97 26 43 169
97 28 13 155
97 29 7 53
97 32 37 24
97 35 25 69
97 46 46 265
97 54 15 42
97 56 31 183
97 61 49 48
97 67 1 107
97 73 5 199
98 2 7 256
98 10 43 136
98 16 57 12
98 21 37 193
98 23 29 40
98 25 26 87
98 27 55 271
98 30 14 133
98 35 1 190
98 41 11 222
98 49 31 226
98 60 19 166
98 66 53 231
98 67 49 58
99 19 7 78
99 23 13 240
99 24 37 264
99 36 16 205
99 46 46 246
99 53 55 122
99 55 49 255
99 56 19 157
99 58 23 266
99 59 33 195
99 64 26 251
99 66 31 138
99 75 10 203
99 78 1 183
100 2 8 21
100 7 43 204
100 14 1 96
100 33 17 22
100 35 25 190
100 37 55 14
100 38 53 5
100 39 32 9
100 42 40 98
100 43 50 216
100 50 35 128
100 54 13 153
100 58 19 63
100 60 22 220
100 80 37 258
101 4 1 172
101 8 16 103
101 10 8 11
101 14 31 212
101 16 49 281
101 19 58 43
101 24 43 264
101 26 13 291
101 27 4 271
101 30 25 138
101 38 37 79
101 53 19 16
101 59 39 125
102 7 43 34
102 8 34 17
102 13 37 84
102 16 26 239
102 22 16 59
102 30 49 225
102 33 47 22
102 34 23 2
102 36 40 4
102 46 31 208
102 67 19 58
102 69 9 200
102 74 55 105
102 75 13 8
102 78 2 283
103 6 51 59
103 10 31 11
103 13 57 80
103 19 40 74
103 28 15 250
103 34 49 289
103 36 7 161
103 42 37 217
103 49 19 226
103 63 28 234
103 67 43 28
103 68 25 150
103 72 10 24
103 73 4 81
103 75 1 203
104 2 1 139
104 5 55 286
104 12 51 30
104 15 22 89
104 21 32 193
104 25 10 269
104 35 14 220
104 36 19 205
104 37 37 238
104 41 27 76
104 54 43 100
104 57 46 223
104 58 49 235
104 66 59 231
104 68 7 72
105 4 37 172
105 12 49 77
105 20 25 88
105 23 23 240
105 25 58 87
105 27 29 271
105 28 5 250
105 29 13 290
105 34 19 289
105 37 43 19
105 38 17 229
105 42 1 98
105 55 32 255
105 61 7 48
106 3 37 182
106 12 45 73
106 14 2 245
106 28 57 250
106 38 28 5
106 54 25 42
106 55 14 198
106 56 31 157
106 58 8 63
106 62 10 130
106 65 59 198
106 66 17 94
106 71 22 273
106 72 43 24
106 80 52 258
107 3 4 179
107 13 34 179
107 15 20 268
107 16 55 239
107 22 43 263
107 24 38 134
107 28 9 155
107 36 1 4
107 39 49 186
107 43 17 216
107 48 29 101
107 50 25 116
107 58 7 75
107 72 13 24
107 80 31 202
108 5 44 118
108 11 13 110
108 23 33 240
108 26 58 169
108 27 11 287
108 36 19 4
108 43 9 216
108 48 7 254
108 50 17 128
108 53 25 267
108 57 40 223
108 58 29 235
108 68 37 161
108 70 1 244
108 80 49 258
109 2 26 3
109 10 1 11
109 21 55 291
109 26 34 291
109 29 7 290
109 43 17 201
109 57 13 223
109 64 20 47
109 69 11 57
109 73 45 199
109 75 22 8
109 76 5 168
109 79 49 121
110 6 1 231
110 13 7 177
110 21 27 193
110 23 25 51
110 31 43 88
110 41 31 76
110 42 22 217
110 43 13 216
110 46 37 104
110 47 19 83
110 52 34 285
110 59 49 61
110 63 10 234
110 67 55 86
110 68 15 217
111 4 31 172
111 6 43 161
111 15 9 268
111 19 19 43
111 31 37 21
111 33 17 139
111 40 25 84
111 46 4 246
111 47 1 83
111 56 56 157
111 59 13 230
111 64 22 47
111 68 28 29
111 74 49 105
111 79 34 135
112 1 16 174
112 2 21 57
112 3 7 182
112 5 50 256
112 11 40 270
112 12 45 102
112 19 55 43
112 25 31 87
112 31 2 225
112 55 34 121
112 62 9 169
112 71 13 273
112 78 27 283
112 80 58 258
113 11 2 270
113 21 31 246
113 27 29 287
113 28 47 155
113 30 14 138
113 35 49 190
113 38 41 229
113 39 8 278
113 43 22 216
113 54 19 42
113 58 26 235
113 60 43 220
113 69 5 188
113 74 56 265
113 77 37 240
114 9 37 272
114 13 31 179
114 18 1 207
114 25 46 269
114 28 23 261
114 39 43 278
114 50 29 128
114 51 55 54
114 52 7 5
114 59 19 143
114 60 49 95
114 63 16 108
114 72 41 52
114 75 26 8
114 79 4 121
115 9 55 151
115 14 1 275
115 16 21 67
115 25 52 87
115 27 13 271
115 34 19 84
115 39 10 186
115 47 38 83
115 51 43 54
115 55 28 255
115 60 49 166
115 68 16 273
115 69 31 35
115 70 33 144
115 73 7 81
116 1 46 90
116 12 55 11
116 14 7 275
116 16 38 252
116 19 13 74
116 26 19 159
116 27 31 287
116 37 1 19
116 38 50 229
116 39 22 186
116 42 28 98
116 58 35 226
116 62 52 130
116 65 59 211
116 79 16 39
117 7 7 204
117 10 19 210
117 11 43 270
117 12 57 102
117 19 34 153
117 24 1 119
117 32 13 80
117 38 28 229
117 45 11 282
117 48 17 101
117 52 31 149
117 56 49 150
117 58 55 266
117 62 25 262
117 66 5 231
118 1 56 90
118 4 10 280
118 9 1 222
118 15 26 293
118 17 49 222
118 19 7 147
118 20 38 88
118 34 13 289
118 42 31 239
118 48 5 133
118 58 21 63
118 63 16 234
118 66 46 231
118 68 34 100
118 76 44 168
119 3 35 182
119 6 25 2
119 7 43 162
119 9 50 151
119 10 8 105
119 16 31 41
119 20 1 88
119 25 55 269
119 32 21 24
119 42 4 98
119 44 58 295
119 53 37 267
119 58 17 75
119 66 47 94
119 78 13 145
120 3 43 182
120 7 49 162
120 14 37 275
120 16 25 281
120 24 21 32
120 29 31 53
120 33 11 150
120 40 29 84
120 41 45 76
120 50 19 128
120 54 14 192
120 57 1 262
120 75 4 202
120 77 7 206
120 80 55 258
121 6 19 2
121 18 55 262
121 23 9 40
121 25 37 269
121 28 5 155
121 29 25 60
121 32 40 266
121 34 47 266
121 37 31 14
121 40 7 84
121 44 43 210
121 50 11 128
121 56 13 2
121 65 1 79
121 78 49 283
122 3 58 182
122 13 55 76
122 19 28 74
122 20 22 88
122 28 11 250
122 29 51 115
122 32 15 266
122 40 31 84
122 41 33 76
122 42 4 239
122 43 7 216
122 52 25 149
122 68 38 273
122 80 19 258
123 15 43 103
123 20 28 88
123 28 1 250
123 51 31 54
123 58 11 63
123 60 13 58
123 66 23 231
123 68 25 273
123 69 3 200
123 70 39 187
123 73 17 199
123 74 50 63
123 76 57 152
123 77 7 38
123 78 19 145
124 5 57 251
124 12 38 102
124 17 1 286
124 26 7 291
124 32 31 80
124 36 34 205
124 41 22 76
124 55 25 255
124 59 49 125
124 62 19 75
124 63 13 108
124 64 16 251
124 69 4 35
124 72 29 95
124 74 44 63
125 1 52 26
125 5 37 214
125 12 31 241
125 18 58 262
125 21 19 193
125 24 25 119
125 27 23 271
125 29 13 53
125 30 7 127
125 31 1 229
125 32 49 81
125 42 55 98
125 61 46 135
125 68 43 29
125 69 11 200
126 1 20 174
126 2 2 254
126 12 57 73
126 28 47 261
126 33 35 150
126 34 11 289
126 36 28 205
126 40 25 14
126 45 43 282
126 49 14 226
126 51 7 54
126 52 49 149
126 54 40 42
126 69 23 200
126 80 31 258
127 17 43 94
127 21 51 118
127 23 59 51
127 28 7 155
127 35 14 173
127 39 40 278
127 57 34 6
127 60 46 95
127 64 2 47
127 65 21 211
127 66 31 231
127 69 49 200
127 73 55 152
127 74 9 126
127 78 26 124
128 3 56 182
128 6 1 159
128 11 26 100
128 15 58 57
128 26 22 291
128 29 7 115
128 31 15 294
128 32 44 266
128 38 37 229
128 46 34 104
128 60 19 220
128 61 40 48
128 71 31 273
128 73 13 81
128 78 49 124
129 8 49 40
129 10 26 11
129 17 43 262
129 19 1 153
129 23 4 40
129 26 31 291
129 29 38 53
129 33 22 150
129 38 46 229
129 54 52 192
129 60 14 95
129 68 34 161
129 70 7 187
129 74 55 61
129 75 19 203
130 3 16 182
130 8 31 198
130 22 55 210
130 23 11 40
130 32 20 266
130 34 8 289
130 37 1 171
130 48 49 101
130 52 52 285
130 60 43 166
130 62 13 75
130 67 26 176
130 68 38 29
130 75 58 8
130 80 34 202
131 4 34 280
131 10 26 136
131 21 49 7
131 26 37 40
131 29 13 261
131 30 19 133
131 39 56 278
131 40 17 84
131 44 7 295
131 46 10 67
131 52 40 198
131 58 1 63
131 62 4 130
131 72 31 24
131 79 44 121
132 2 9 44
132 7 2 34
132 14 13 275
132 30 56 71
132 33 7 150
132 35 45 36
132 39 28 278
132 43 41 216
132 44 22 295
132 45 39 66
132 52 52 198
132 58 17 119
132 61 19 48
132 62 49 130
132 78 32 145
133 1 13 26
133 6 37 195
133 13 49 170
133 26 22 159
133 29 2 261
133 33 35 22
133 34 16 289
133 39 7 186
133 44 52 133
133 47 10 83
133 49 56 226
133 66 20 94
133 74 43 61
133 76 27 168
133 77 31 22
134 2 25 254
134 3 14 179
134 17 10 94
134 25 7 219
134 28 19 155
134 31 56 293
134 34 43 84
134 35 31 190
134 41 35 76
134 43 45 216
134 47 16 83
134 59 1 143
134 62 49 75
134 70 21 144
134 75 38 8
135 8 37 180
135 11 57 270
135 17 40 244
135 19 22 43
135 24 31 134
135 26 25 291
135 28 3 250
135 29 51 290
135 30 43 293
135 33 11 139
135 45 20 66
135 53 7 122
135 58 17 63
135 61 14 52
136 5 31 52
136 8 16 17
136 16 39 239
136 17 46 14
136 19 4 117
136 27 37 271
136 28 52 41
136 32 49 266
136 35 7 190
136 53 55 290
136 55 1 198
136 61 13 268
136 62 25 75
136 66 43 231
136 74 19 213
137 1 10 26
137 2 37 139
137 17 4 286
137 18 7 233
137 22 46 263
137 48 55 101
137 49 49 226
137 50 1 128
137 52 34 149
137 53 25 16
137 56 13 157
137 63 22 234
137 65 20 79
137 69 59 200
137 71 31 295
138 7 7 162
138 15 40 268
138 18 49 134
138 20 1 74
138 25 4 269
138 27 45 271
138 31 55 21
138 33 35 139
138 38 11 229
138 39 22 278
138 42 19 98
138 44 52 295
138 53 13 16
138 76 31 168
138 77 27 22
139 4 43 280
139 7 13 34
139 19 46 43
139 21 49 246
139 24 7 119
139 30 37 138
139 31 55 225
139 33 35 39
139 34 41 272
139 35 31 69
139 54 1 192
139 55 20 255
139 58 53 226
139 70 25 282
140 7 25 162
140 8 43 217
140 9 37 222
140 11 7 100
140 14 31 245
140 20 16 88
140 34 29 289
140 37 49 275
140 38 21 229
140 39 56 9
140 41 5 222
140 64 46 251
140 69 10 35
140 75 13 203
140 76 3 168
141 1 10 90
141 5 19 118
141 8 55 198
141 11 46 110
141 16 49 207
141 30 26 125
141 37 31 19
141 42 40 6
141 52 7 149
141 57 37 6
141 61 1 268
141 65 4 198
141 66 23 138
141 75 43 8
141 78 13 124
142 4 1 280
142 9 31 191
142 12 19 97
142 14 56 212
142 20 7 263
142 22 13 263
142 32 4 61
142 46 28 265
142 48 17 4
142 59 37 130
142 68 10 72
142 73 43 152
142 78 45 145
142 79 51 39
143 1 14 90
143 4 4 280
143 9 31 222
143 10 8 210
143 11 25 270
143 19 28 117
143 21 49 291
143 33 41 139
143 48 39 101
143 50 53 128
143 54 22 42
143 69 1 104
143 75 19 8
143 77 56 206
143 80 43 268
144 4 10 172
144 6 1 195
144 7 55 162
144 13 49 76
144 14 31 96
144 25 16 269
144 37 21 56
144 38 19 229
144 43 25 201
144 50 37 246
144 52 39 149
144 56 27 241
144 60 7 166
144 61 52 135
144 75 46 8
145 3 43 179
145 12 27 73
145 22 4 86
145 25 7 269
145 27 19 271
145 33 25 22
145 34 21 289
145 36 45 4
145 39 1 186
145 54 49 42
145 57 56 6
145 58 14 63
145 74 37 126
145 76 52 152
145 79 31 121
146 7 19 162
146 8 46 180
146 11 7 110
146 23 23 40
146 29 25 261
146 39 32 278
146 45 29 138
146 51 2 54
146 52 10 149
146 55 40 255
146 62 43 5
146 66 13 231
146 67 49 228
146 77 15 240
146 79 37 121
147 2 13 139
147 3 11 182
147 6 26 59
147 13 37 80
147 14 19 212
147 17 56 94
147 19 52 43
147 21 7 193
147 22 1 263
147 26 40 291
147 30 33 133
147 48 31 101
147 58 23 63
147 61 4 268
147 70 44 233
148 12 7 102
148 19 13 177
148 21 55 7
148 32 16 80
148 37 37 170
148 43 11 216
148 44 45 133
148 50 43 128
148 51 33 287
148 64 31 47
148 65 51 211
148 66 5 94
148 70 25 233
148 75 1 8
148 77 19 38
149 9 56 272
149 12 7 97
149 13 22 177
149 19 43 117
149 20 46 74
149 23 5 51
149 32 32 266
149 39 1 9
149 43 15 216
149 46 28 134
149 53 38 16
149 69 26 35
149 71 19 1
149 77 49 206
150 2 13 3
150 8 37 17
150 11 43 110
150 17 55 161
150 18 49 128
150 20 52 6
150 22 28 263
150 25 32 269
150 36 25 4
150 41 5 76
150 45 17 66
150 52 20 5
150 71 1 295
150 72 58 24
150 76 9 168
151 6 7 183
151 10 2 210
151 13 52 108
151 16 55 41
151 17 13 238
151 19 49 74
151 32 16 24
151 46 19 252
151 48 29 254
151 54 40 192
151 62 31 170
151 69 45 200
151 70 25 187
151 72 11 52
151 73 43 199
152 2 43 139
152 17 49 94
152 18 13 207
152 27 21 271
152 28 29 261
152 39 4 9
152 42 25 98
152 47 52 83
152 48 9 101
152 55 39 235
152 56 31 150
152 58 7 235
152 61 16 48
152 74 55 213
152 79 1 39
153 8 7 17
153 10 49 11
153 14 13 245
153 29 44 60
153 32 28 80
153 33 17 150
153 38 5 229
153 46 37 212
153 53 31 290
153 55 25 56
153 58 11 119
153 63 40 108
153 70 55 256
153 75 22 203
153 78 1 145
154 3 9 182
154 22 25 263
154 25 39 87
154 36 28 161
154 38 52 229
154 41 3 76
154 43 15 201
154 45 47 66
154 46 49 252
154 53 43 16
154 57 55 176
154 63 34 108
154 72 21 52
154 76 37 168
155 8 55 268
155 9 1 151
155 12 49 241
155 20 15 213
155 27 31 271
155 35 27 220
155 39 37 9
155 45 8 66
155 46 22 252
155 52 19 285
155 55 40 121
155 57 34 262
155 60 46 220
155 68 58 161
155 79 10 135
156 4 25 172
156 10 2 136
156 12 38 228
156 13 28 170
156 22 50 263
156 30 56 138
156 42 10 98
156 50 47 116
156 52 15 5
156 53 43 290
156 55 7 255
156 65 13 79
156 66 35 231
156 70 19 187
156 78 31 283
157 1 25 26
157 5 45 256
157 20 10 74
157 27 15 271
157 30 32 71
157 37 1 73
157 45 28 66
157 55 55 121
157 60 52 95
157 62 58 75
157 64 8 114
157 65 43 211
157 70 37 282
157 77 19 22
157 79 49 135
158 9 19 272
158 12 43 228
158 14 31 137
158 16 1 281
158 17 9 259
158 18 55 233
158 20 49 6
158 23 13 51
158 30 15 225
158 48 41 254
158 61 58 48
158 68 28 153
158 75 52 8
158 77 37 22
158 80 25 268
159 7 49 204
159 11 37 270
159 12 19 30
159 16 25 12
159 22 43 53
159 24 1 228
159 28 9 250
159 29 32 261
159 44 57 29
159 50 5 116
159 58 23 75
159 64 46 47
159 71 40 100
159 76 29 168
159 77 13 15
160 1 46 26
160 10 37 116
160 14 49 96
160 27 11 136
160 32 26 81
160 39 55 186
160 46 8 252
160 54 32 42
160 57 22 6
160 58 41 226
160 67 14 244
160 68 58 150
160 73 43 81
160 77 1 206
161 5 50 1
161 8 1 17
161 9 43 222
161 10 13 136
161 11 19 110
161 17 40 14
161 22 4 28
161 40 17 14
161 41 9 76
161 45 22 66
161 48 25 101
161 54 28 42
161 66 38 231
161 71 58 263
161 77 32 15
162 2 1 3
162 3 7 179
162 16 25 154
162 26 55 169
162 29 20 60
162 37 45 56
162 38 41 5
162 39 58 34
162 41 9 211
162 47 31 83
162 51 49 287
162 58 11 278
162 59 13 228
162 64 39 251
162 69 43 200
163 3 19 182
163 5 37 208
163 9 14 97
163 10 31 136
163 11 49 270
163 17 52 262
163 23 21 40
163 24 55 199
163 33 23 22
163 39 25 186
163 40 10 84
163 54 1 241
163 60 7 95
163 61 4 135
163 79 28 135
164 2 25 57
164 4 58 172
164 22 22 59
164 25 1 87
164 30 7 138
164 39 46 278
164 48 44 101
164 53 50 16
164 56 39 183
164 58 37 235
164 59 32 61
164 62 4 169
164 68 19 273
164 71 55 100
164 75 14 202
165 2 1 21
165 4 55 280
165 10 19 105
165 13 44 80
165 15 37 268
165 19 58 74
165 37 49 171
165 43 47 201
165 49 13 123
165 57 10 223
165 59 25 143
165 64 5 47
165 73 29 81
165 74 31 213
165 80 40 258
166 5 32 118
166 8 19 17
166 33 29 139
166 45 57 66
166 55 7 56
166 56 37 207
166 58 1 75
166 63 4 234
166 64 13 47
166 68 22 222
166 69 15 200
166 74 49 265
166 75 25 203
166 76 11 168
166 77 43 22
167 4 7 172
167 8 31 180
167 14 27 137
167 18 49 108
167 19 52 74
167 32 10 61
167 38 59 229
167 39 40 186
167 44 16 29
167 45 13 66
167 48 19 101
167 50 45 128
167 53 1 16
167 76 23 168
168 4 19 280
168 8 55 103
168 9 13 151
168 13 52 170
168 16 9 281
168 18 22 207
168 26 34 25
168 32 4 266
168 41 7 76
168 42 31 98
168 45 45 66
168 54 28 192
168 59 37 245
168 66 25 94
168 80 58 202
169 3 23 182
169 4 40 172
169 5 25 1
169 12 13 73
169 13 51 179
169 14 19 96
169 17 37 94
169 18 4 262
169 21 32 7
169 24 43 119
169 36 56 4
169 45 49 66
169 61 1 43
169 78 8 124
170 3 3 182
170 9 19 151
170 10 31 210
170 17 25 238
170 27 43 271
170 33 45 150
170 38 47 79
170 52 28 149
170 59 8 143
170 61 13 43
170 64 39 47
170 67 49 86
170 70 55 282
170 80 16 41
171 5 37 118
171 15 58 103
171 16 43 41
171 19 16 78
171 23 35 240
171 25 4 87
171 27 53 287
171 28 49 250
171 39 32 186
171 55 28 121
171 61 7 71
171 62 13 170
171 63 1 108
171 75 10 202
171 80 22 258
172 2 49 139
172 5 14 1
172 9 32 272
172 19 19 74
172 30 7 225
172 43 4 201
172 44 28 295
172 45 37 66
172 50 11 19
172 52 44 285
172 59 55 143
172 68 22 29
172 69 59 35
172 74 39 63
172 80 1 258
173 1 38 26
173 7 2 162
173 8 46 275
173 21 19 7
173 24 49 199
173 25 43 269
173 33 23 39
173 40 11 14
173 47 25 83
173 50 59 128
173 53 7 16
173 56 14 77
173 67 55 35
173 78 32 199
173 80 28 188
174 8 49 17
174 9 13 191
174 34 58 289
174 41 25 76
174 42 45 98
174 49 1 226
174 50 31 128
174 56 8 2
174 58 17 278
174 60 22 166
174 62 37 169
174 64 43 47
174 69 40 200
174 71 34 263
174 80 52 202
175 12 27 30
175 15 31 17
175 31 2 180
175 35 13 69
175 38 23 229
175 44 10 29
175 46 34 208
175 52 57 5
175 64 37 47
175 67 39 35
175 68 19 147
175 69 17 35
175 70 49 159
175 72 45 24
175 73 25 152
176 4 43 172
176 6 31 59
176 13 46 84
176 15 40 57
176 19 16 43
176 27 49 271
176 32 7 266
176 42 58 98
176 44 55 133
176 52 19 198
176 54 10 42
176 55 52 255
176 56 1 72
176 73 38 152
176 77 27 15
177 7 39 204
177 8 52 103
177 15 16 268
177 16 31 281
177 32 27 61
177 38 13 229
177 48 49 25
177 53 43 267
177 56 21 241
177 60 58 220
177 61 1 135
177 69 19 57
177 72 47 24
177 77 8 22
177 80 55 202
178 2 44 254
178 3 53 182
178 5 9 118
178 6 19 231
178 20 1 6
178 31 25 180
178 36 4 4
178 43 13 201
178 46 58 252
178 50 23 19
178 57 15 262
178 62 49 262
178 64 7 251
178 67 33 35
178 73 41 81
179 1 32 26
179 4 55 172
179 7 1 204
179 19 49 35
179 20 58 88
179 22 16 160
179 27 23 287
179 28 28 250
179 31 7 215
179 39 13 186
179 40 39 216
179 52 25 285
179 53 19 122
179 61 52 48
179 78 44 124
180 11 22 110
180 13 34 80
180 14 7 212
180 15 40 89
180 16 43 207
180 25 13 269
180 26 49 169
180 33 5 150
180 36 31 4
180 52 37 198
180 60 2 220
180 61 55 135
180 63 19 108
180 69 16 57
180 77 25 206
181 4 46 172
181 10 26 185
181 15 7 293
181 18 22 233
181 22 4 59
181 27 11 271
181 31 31 293
181 33 19 39
181 37 49 14
181 40 15 84
181 43 37 216
181 44 1 265
181 65 41 83
181 66 35 94
182 8 19 103
182 11 49 110
182 13 31 67
182 15 22 17
182 20 34 88
182 21 7 246
182 40 3 216
182 57 13 6
182 62 16 169
182 64 25 47
182 68 52 72
182 70 44 244
182 73 27 152
182 79 56 39
182 80 40 202
183 6 31 2
183 10 19 11
183 14 37 137
183 15 7 103
183 17 1 238
183 19 26 43
183 28 17 250
183 36 50 205
183 37 13 56
183 40 43 216
183 50 23 246
183 60 4 58
183 62 46 75
183 66 11 138
183 77 55 22
184 4 43 51
184 5 13 208
184 8 22 103
184 14 49 137
184 19 40 117
184 33 3 150
184 34 5 272
184 50 17 116
184 56 8 207
184 58 19 119
184 60 37 95
184 63 31 108
184 70 25 244
184 77 55 38
184 80 46 258
185 5 55 52
185 8 25 198
185 18 46 151
185 21 7 7
185 25 51 269
185 27 33 271
185 33 13 150
185 34 23 272
185 55 37 255
185 56 2 157
185 64 11 251
185 66 40 231
185 72 43 52
185 76 19 168
186 3 29 182
186 14 38 110
186 20 4 88
186 22 56 59
186 26 52 169
186 38 25 5
186 46 1 233
186 47 46 83
186 50 11 246
186 54 49 192
186 58 35 278
186 60 19 95
186 61 22 48
186 63 7 108
186 78 14 283
187 3 31 182
187 7 19 204
187 18 13 233
187 23 25 40
187 35 57 69
187 37 50 56
187 49 33 123
187 50 3 128
187 52 28 198
187 60 10 166
187 62 43 75
187 65 23 79
187 66 8 231
187 77 38 206
188 5 26 118
188 9 14 222
188 18 34 86
188 20 19 6
188 29 49 53
188 32 22 80
188 35 55 190
188 42 43 239
188 43 53 201
188 51 39 287
188 66 1 94
188 67 7 244
188 68 46 29
188 69 4 57
188 71 31 100
189 5 49 52
189 7 13 204
189 12 57 228
189 18 37 4
189 21 25 246
189 22 4 263
189 24 7 264
189 30 43 300
189 31 33 21
189 34 47 289
189 43 40 201
189 62 20 170
189 71 1 273
190 1 20 26
190 3 45 182
190 4 31 280
190 8 52 268
190 11 34 270
190 13 4 170
190 21 55 193
190 27 41 271
190 35 37 36
190 43 29 216
190 45 1 66
190 52 49 198
190 60 26 95
190 64 9 251
190 70 13 187
191 6 43 195
191 8 22 180
191 16 27 252
191 26 19 291
191 27 25 169
191 28 7 41
191 46 37 67
191 48 1 101
191 55 4 235
191 58 13 119
191 60 55 95
191 62 16 170
191 72 33 95
191 73 9 81
191 74 50 126
192 4 37 280
192 8 31 40
192 11 13 270
192 12 25 102
192 16 55 67
192 34 4 289
192 35 19 69
192 36 10 161
192 41 16 76
192 50 29 19
192 55 1 121
192 57 43 6
192 63 7 234
192 64 41 47
192 69 34 200
193 3 49 179
193 5 32 286
193 15 37 57
193 17 16 238
193 18 4 233
193 32 52 266
193 34 43 289
193 37 57 238
193 38 23 5
193 48 1 25
193 54 45 245
193 58 11 226
193 60 40 95
193 66 55 231
193 74 7 265
194 2 37 256
194 8 43 40
194 14 13 137
194 21 2 193
194 22 10 59
194 39 19 186
194 45 17 166
194 51 25 54
194 52 56 285
194 62 22 169
194 65 59 79
194 71 7 282
194 75 50 203
194 78 31 124
195 2 19 139
195 12 7 73
195 14 56 137
195 19 31 43
195 28 11 155
195 46 34 252
195 53 13 122
195 54 25 192
195 55 46 183
195 58 5 75
195 59 1 68
195 77 49 22
195 78 37 283
195 79 28 39
195 80 43 258
196 2 55 254
196 8 40 180
196 12 31 73
196 20 25 6
196 24 13 199
196 35 43 190
196 36 21 161
196 44 37 295
196 49 50 123
196 55 10 255
196 66 1 138
196 68 28 150
196 70 3 144
196 76 8 152
197 1 7 174
197 3 19 179
197 6 43 159
197 11 4 100
197 19 31 104
197 20 10 88
197 24 21 119
197 25 1 219
197 27 27 271
197 34 25 289
197 36 58 205
197 57 37 223
197 58 16 235
197 64 35 47
197 79 13 39
198 7 31 204
198 10 55 116
198 14 25 212
198 16 39 41
198 29 49 261
198 30 1 71
198 36 14 161
198 51 7 287
198 63 19 234
198 67 43 176
198 69 37 200
198 79 22 155
199 1 10 174
199 11 31 110
199 17 19 222
199 18 49 4
199 24 37 119
199 43 7 201
199 56 43 143
199 60 22 95
199 63 25 234
199 72 5 52
199 73 15 81
199 76 56 168
199 78 1 124
199 79 52 121
200 11 19 270
200 20 4 74
200 27 7 271
200 31 55 180
200 35 31 36
200 37 51 238
200 46 28 85
200 48 1 133
200 52 22 285
200 54 45 42
200 56 38 157
200 59 9 195
200 67 13 176
200 72 49 24
200 79 25 121
Điểm tối ưu: 2951
Thời gian: 359.984840 giây
Trạng thái: VALID
