4331
1 7 7 401
1 46 52 205
1 60 16 153
1 61 37 382
1 73 25 400
1 78 20 291
1 98 31 153
1 102 43 253
1 105 5 7
1 107 1 95
1 113 55 70
1 114 14 347
1 115 49 230
2 2 58 7
2 3 13 250
2 16 47 55
2 35 25 348
2 37 15 213
2 48 31 282
2 60 37 167
2 63 3 439
2 64 43 354
2 67 22 121
2 68 55 139
2 101 41 49
2 111 49 211
2 113 8 24
2 120 19 310
3 7 38 380
3 14 5 99
3 15 47 258
3 32 32 191
3 41 58 373
3 46 55 147
3 67 1 52
3 72 45 388
3 74 28 15
3 77 8 297
3 80 13 357
3 84 25 215
3 88 49 267
3 114 3 49
4 12 31 254
4 15 41 294
4 22 49 63
4 30 56 306
4 56 11 321
4 64 20 111
4 71 1 367
4 73 43 104
4 83 35 379
4 88 25 267
4 90 13 100
4 99 37 161
4 102 52 97
4 107 7 95
5 4 3 378
5 15 35 258
5 16 29 221
5 23 7 252
5 27 57 342
5 32 13 373
5 51 22 204
5 57 11 37
5 60 46 240
5 75 53 316
5 78 49 411
5 88 25 127
5 90 37 434
5 107 31 419
5 110 19 431
6 7 20 401
6 24 49 201
6 30 31 311
6 34 44 429
6 51 38 22
6 53 29 342
6 54 35 319
6 68 55 407
6 74 58 438
6 79 52 226
6 85 4 413
6 107 13 75
6 109 26 138
6 114 10 49
7 22 52 63
7 23 19 252
7 31 7 94
7 45 3 82
7 55 25 316
7 57 5 308
7 59 49 123
7 80 31 368
7 89 14 315
7 106 35 285
7 109 16 278
7 112 28 170
7 113 38 24
7 114 59 415
7 117 55 380
8 29 40 262
8 34 49 235
8 35 55 280
8 42 43 308
8 54 25 103
8 60 34 167
8 72 52 388
8 87 28 122
8 93 1 295
8 97 31 97
8 100 13 433
8 105 10 266
8 113 19 15
8 115 37 171
9 5 1 302
9 6 25 183
9 7 14 27
9 24 21 201
9 27 43 422
9 28 31 39
9 50 55 376
9 57 29 308
9 61 3 353
9 76 7 105
9 80 49 368
9 90 37 100
9 97 10 292
9 115 58 69
10 31 49 381
10 34 33 178
10 45 1 82
10 54 31 437
10 60 19 167
10 70 3 100
10 82 41 59
10 83 17 39
10 87 13 142
10 91 45 140
10 92 26 398
10 98 37 344
10 105 10 256
10 116 58 29
10 118 22 264
11 29 55 120
11 30 25 311
11 38 46 7
11 44 37 272
11 45 31 351
11 47 1 343
11 62 58 346
11 66 19 386
11 69 7 398
11 70 50 44
11 93 43 295
11 96 33 369
11 102 14 354
11 111 3 8
12 5 8 303
12 10 5 253
12 16 23 221
12 25 40 191
12 31 13 265
12 40 1 431
12 43 31 315
12 53 10 162
12 58 46 379
12 70 26 334
12 78 19 120
12 89 35 210
12 101 17 434
12 118 52 264
13 13 49 269
13 15 17 342
13 18 15 320
13 25 4 178
13 27 32 289
13 34 19 429
13 39 37 277
13 44 44 346
13 53 55 275
13 54 11 265
13 74 8 107
13 75 27 316
13 115 1 255
13 119 51 76
14 11 33 412
14 18 55 320
14 23 57 239
14 39 4 132
14 46 1 391
14 52 31 50
14 65 19 330
14 73 43 232
14 85 22 413
14 87 28 263
14 98 49 232
14 101 15 446
14 103 37 327
15 2 13 279
15 4 25 378
15 20 20 371
15 21 11 81
15 22 27 63
15 25 8 116
15 29 49 351
15 32 43 88
15 38 16 423
15 49 31 404
15 53 47 275
15 55 35 279
15 65 5 391
15 67 53 210
15 73 1 211
16 14 17 349
16 25 31 27
16 33 25 117
16 61 49 113
16 65 47 440
16 66 1 432
16 70 19 61
16 72 35 205
16 74 10 45
16 86 29 127
16 90 13 46
16 100 57 73
16 101 5 434
16 106 39 285
16 115 43 171
17 8 29 187
17 21 23 81
17 25 10 178
17 36 43 158
17 39 1 103
17 47 7 343
17 57 47 308
17 64 25 111
17 74 37 45
17 78 13 268
17 84 34 333
17 85 52 112
17 98 57 325
17 118 4 264
18 6 37 323
18 19 58 376
18 25 52 330
18 26 25 140
18 39 28 132
18 41 1 351
18 48 4 51
18 61 8 55
18 72 41 85
18 81 43 163
18 94 49 426
18 99 13 185
18 102 55 150
18 115 31 69
18 117 19 172
19 1 19 414
19 25 46 27
19 32 37 388
19 49 13 99
19 57 52 323
19 61 25 303
19 71 2 118
19 83 17 183
19 85 43 382
19 88 7 312
19 89 41 315
19 103 49 415
19 112 32 170
19 115 55 171
20 8 41 129
20 11 58 333
20 20 1 371
20 26 50 3
20 27 21 289
20 28 43 39
20 40 25 60
20 56 19 321
20 57 35 323
20 69 10 398
20 71 37 440
20 75 17 294
20 85 55 289
20 113 13 169
21 5 50 302
21 15 41 258
21 19 13 35
21 23 3 377
21 30 37 306
21 35 7 147
21 47 11 343
21 57 1 37
21 58 25 379
21 62 22 346
21 70 43 100
21 75 33 316
21 94 20 426
21 107 56 259
22 11 37 435
22 20 14 168
22 27 25 41
22 42 49 33
22 44 7 450
22 51 20 199
22 61 1 382
22 66 43 432
22 67 40 121
22 83 55 379
22 88 31 127
22 94 5 95
22 106 11 14
22 119 57 226
23 2 37 181
23 7 49 348
23 10 53 253
23 13 27 269
23 16 19 315
23 25 58 107
23 28 13 39
23 30 7 57
23 46 34 402
23 56 43 321
23 74 46 187
23 85 55 437
23 89 3 376
23 106 23 169
24 7 37 79
24 16 5 180
24 23 43 377
24 25 51 27
24 31 1 94
24 39 57 103
24 46 19 185
24 65 47 358
24 72 55 388
24 80 7 258
24 86 11 449
24 93 13 206
24 102 26 253
24 108 31 445
25 28 50 231
25 31 19 381
25 40 10 60
25 43 7 404
25 61 1 303
25 70 43 10
25 71 25 420
25 78 38 411
25 85 31 112
25 86 55 49
25 94 17 76
25 102 57 97
25 103 34 350
25 114 23 347
25 119 13 129
26 7 44 404
26 13 5 281
26 16 25 315
26 28 20 390
26 35 37 78
26 45 41 172
26 47 33 444
26 49 27 142
26 66 15 261
26 72 13 388
26 94 57 284
26 97 1 420
26 99 49 214
26 100 7 433
26 106 53 344
27 12 13 256
27 20 2 168
27 25 25 107
27 31 49 439
27 33 20 117
27 41 43 373
27 47 31 343
27 55 9 316
27 59 7 361
27 63 56 439
27 69 28 48
27 74 39 15
27 82 11 82
27 91 33 449
27 101 46 320
28 18 55 183
28 28 57 39
28 31 13 94
28 32 7 313
28 33 1 415
28 34 22 162
28 38 11 61
28 40 33 60
28 55 17 222
28 65 41 358
28 66 37 205
28 92 25 298
28 110 49 431
28 111 44 288
28 116 52 29
29 6 1 393
29 8 59 187
29 15 19 430
29 17 55 113
29 18 25 230
29 26 49 7
29 35 27 78
29 45 31 82
29 46 40 430
29 56 37 418
29 64 14 81
29 70 43 61
29 84 10 333
29 94 35 368
29 108 21 211
30 16 11 221
30 33 25 425
30 35 43 147
30 38 23 133
30 43 58 417
30 47 5 343
30 49 7 174
30 79 1 188
30 83 14 183
30 94 17 426
30 98 49 325
30 100 19 190
30 106 35 169
30 108 31 391
30 109 55 138
31 11 1 412
31 12 13 422
31 26 19 5
31 35 7 125
31 38 17 7
31 40 38 60
31 48 4 282
31 49 43 142
31 54 29 265
31 60 57 105
31 69 22 48
31 83 51 380
31 87 31 355
31 100 25 190
31 105 41 22
32 7 1 401
32 10 51 316
32 22 10 72
32 30 25 57
32 51 19 192
32 56 5 389
32 59 29 361
32 67 15 121
32 68 7 139
32 87 40 223
32 98 33 270
32 101 59 49
32 106 55 284
32 115 22 69
32 119 43 129
33 7 43 344
33 13 11 281
33 40 28 277
33 48 1 282
33 56 22 321
33 67 47 121
33 73 7 104
33 75 35 187
33 76 19 107
33 77 13 275
33 82 5 159
33 85 55 382
33 105 52 7
33 111 37 260
33 119 31 212
34 2 58 191
34 4 41 378
34 18 44 320
34 33 13 425
34 52 35 39
34 56 49 418
34 61 31 353
34 78 8 366
34 80 37 357
34 97 46 310
34 103 4 350
34 108 51 391
34 109 27 1
34 116 1 62
34 117 19 196
35 20 15 400
35 24 57 201
35 25 4 116
35 33 7 425
35 38 47 133
35 44 25 430
35 60 51 153
35 62 34 259
35 67 13 240
35 69 39 48
35 80 19 368
35 87 1 223
35 95 43 436
35 114 11 347
36 13 22 269
36 19 40 122
36 21 29 257
36 26 49 417
36 28 43 231
36 30 7 311
36 35 1 348
36 42 31 33
36 46 26 404
36 56 59 321
36 60 16 167
36 65 35 330
36 87 37 142
36 90 55 186
36 103 19 350
37 8 35 311
37 17 25 222
37 20 1 400
37 34 52 235
37 55 41 279
37 61 57 303
37 72 19 103
37 78 8 280
37 91 44 319
37 99 15 369
37 105 13 266
37 118 28 264
37 120 33 299
38 5 53 95
38 8 47 311
38 24 7 201
38 29 25 262
38 40 1 344
38 41 4 373
38 56 31 321
38 71 43 420
38 77 9 299
38 80 13 368
38 81 49 314
38 105 59 299
38 107 19 95
38 110 56 216
38 113 33 70
39 11 46 412
39 14 9 349
39 19 13 402
39 25 22 27
39 30 33 26
39 37 16 443
39 47 1 444
39 48 50 374
39 53 53 310
39 67 44 121
39 69 3 36
39 72 11 205
39 88 25 14
39 102 56 253
39 107 37 95
40 9 31 188
40 28 56 231
40 41 43 289
40 50 22 142
40 68 37 57
40 73 1 232
40 75 46 316
40 80 26 261
40 89 49 366
40 96 52 91
40 103 19 327
40 108 13 164
40 111 7 288
40 112 40 170
40 114 35 415
41 11 46 333
41 40 2 60
41 46 56 404
41 48 19 51
41 53 59 366
41 55 44 316
41 61 31 434
41 64 13 111
41 73 25 211
41 86 9 449
41 93 51 295
41 98 38 70
41 116 22 62
42 25 9 27
42 32 44 426
42 39 55 277
42 49 37 404
42 57 7 308
42 63 31 130
42 84 1 182
42 88 13 127
42 95 25 282
42 100 49 279
42 101 53 434
42 103 58 327
42 106 23 285
42 107 19 241
43 3 20 250
43 4 29 378
43 9 49 188
43 11 52 412
43 21 1 238
43 27 13 342
43 30 33 57
43 34 7 328
43 40 10 344
43 43 25 417
43 44 55 430
43 51 43 416
43 57 3 37
43 59 22 123
43 90 38 275
44 22 22 63
44 24 33 201
44 25 19 27
44 31 7 265
44 34 44 162
44 47 35 444
44 59 41 37
44 69 25 48
44 73 15 221
44 85 28 112
44 88 37 14
44 94 47 180
44 105 3 7
44 109 13 278
44 119 50 416
45 10 17 327
45 19 44 122
45 22 1 154
45 23 19 239
45 28 33 231
45 29 58 120
45 42 25 147
45 55 47 354
45 56 7 389
45 59 49 361
45 83 13 181
45 92 37 218
45 102 10 150
45 112 52 170
45 115 4 255
46 8 17 311
46 18 29 230
46 25 43 27
46 32 25 373
46 37 55 213
46 39 34 132
46 42 38 235
46 60 10 167
46 65 31 1
46 74 52 438
46 76 1 284
46 78 13 291
46 82 5 171
46 83 47 183
46 105 19 256
47 8 49 187
47 9 34 5
47 14 37 349
47 15 39 90
47 29 51 138
47 34 16 235
47 43 1 199
47 44 55 272
47 53 19 159
47 67 10 121
47 82 5 371
47 102 46 97
47 103 28 327
47 106 13 285
48 1 25 414
48 2 45 178
48 14 43 349
48 31 31 94
48 37 56 443
48 49 13 3
48 55 41 445
48 56 17 321
48 65 11 440
48 77 19 299
48 78 37 120
48 88 7 14
48 106 3 285
48 114 52 415
49 11 49 412
49 15 47 88
49 19 40 249
49 32 56 88
49 37 52 443
49 47 5 435
49 48 9 374
49 58 2 197
49 67 37 121
49 90 20 99
49 104 25 126
49 105 17 266
49 109 13 426
49 118 34 112
49 120 7 85
50 10 17 355
50 12 50 254
50 13 2 269
50 15 4 342
50 25 25 330
50 46 28 450
50 68 37 139
50 71 7 420
50 73 44 44
50 81 13 314
50 85 58 382
50 92 20 298
50 99 31 59
50 115 55 330
51 4 10 378
51 11 37 412
51 12 19 210
51 13 45 30
51 14 4 349
51 38 1 423
51 44 31 346
51 58 40 379
51 73 57 221
51 74 25 438
51 89 47 315
51 97 50 310
51 101 8 320
51 107 13 419
51 120 17 299
52 4 1 378
52 11 49 333
52 12 27 422
52 31 3 381
52 39 10 103
52 42 45 397
52 47 43 444
52 61 19 303
52 76 34 223
52 79 31 226
52 94 17 353
52 95 55 374
52 97 52 154
52 113 13 70
52 115 7 69
53 9 52 90
53 16 7 221
53 43 49 199
53 44 43 370
53 47 29 444
53 50 55 438
53 54 41 153
53 61 31 113
53 77 25 159
53 81 13 163
53 85 9 112
53 94 59 284
53 97 22 97
53 115 4 230
53 116 1 29
54 7 13 404
54 14 4 301
54 18 35 90
54 20 51 371
54 41 7 238
54 46 31 430
54 48 1 51
54 81 19 361
54 85 10 437
54 86 23 91
54 100 25 433
54 111 37 288
54 115 56 230
54 117 43 172
55 16 9 180
55 29 1 262
55 44 19 370
55 49 55 302
55 50 51 418
55 60 34 220
55 69 13 36
55 70 25 116
55 75 59 90
55 83 5 183
55 87 16 437
55 88 37 312
55 94 49 284
55 95 45 266
55 110 31 216
56 3 46 250
56 6 57 104
56 14 11 44
56 19 1 122
56 25 32 330
56 48 19 374
56 59 53 123
56 78 25 411
56 82 55 311
56 83 29 183
56 93 4 98
56 100 14 73
56 111 37 211
56 117 7 196
57 1 43 414
57 5 10 302
57 10 31 230
57 22 13 72
57 30 33 267
57 38 22 423
57 50 16 87
57 51 37 254
57 60 40 442
57 69 7 36
57 77 49 10
57 98 56 180
57 101 1 446
57 117 3 196
58 35 37 125
58 42 25 33
58 45 15 82
58 46 45 50
58 48 58 282
58 49 50 402
58 50 3 418
58 57 34 282
58 62 19 346
58 69 31 36
58 84 55 215
58 85 22 112
58 97 8 97
58 114 11 277
59 17 40 278
59 33 7 117
59 34 13 429
59 38 11 423
59 43 20 404
59 55 5 445
59 56 1 418
59 57 50 323
59 66 44 85
59 75 53 294
59 82 3 159
59 85 31 413
59 100 55 433
59 105 35 266
59 111 25 129
60 3 31 250
60 15 11 430
60 22 52 79
60 26 33 7
60 32 19 245
60 38 55 423
60 46 46 174
60 55 15 316
60 58 57 379
60 62 49 169
60 82 1 171
60 86 7 91
60 93 4 200
61 7 19 79
61 9 1 440
61 25 37 178
61 35 43 78
61 51 52 199
61 52 29 50
61 57 17 282
61 68 14 139
61 71 25 440
61 79 32 221
61 94 41 353
61 108 7 232
61 120 35 299
62 3 51 250
62 4 14 378
62 11 43 151
62 12 25 254
62 15 23 258
62 21 49 216
62 29 55 262
62 37 4 213
62 39 40 103
62 50 31 418
62 54 19 442
62 62 16 346
62 88 7 267
62 89 47 210
62 106 37 285
63 5 23 303
63 6 31 104
63 21 1 81
63 30 25 306
63 42 43 272
63 45 35 153
63 56 55 321
63 57 41 323
63 61 57 222
63 74 3 15
63 84 52 333
63 109 13 138
63 118 37 264
63 119 19 384
63 120 29 299
64 4 47 378
64 8 11 129
64 10 13 327
64 25 32 272
64 37 7 213
64 46 49 174
64 49 3 142
64 55 53 279
64 72 35 164
64 81 43 361
64 87 37 355
64 90 25 46
64 109 15 426
64 114 29 218
65 19 43 402
65 44 1 450
65 45 53 82
65 53 47 162
65 56 40 204
65 59 17 361
65 80 13 173
65 89 5 376
65 92 56 359
65 97 37 310
65 104 19 126
65 117 49 172
65 119 8 257
66 11 8 412
66 16 19 226
66 32 15 388
66 33 37 425
66 42 25 308
66 43 34 417
66 47 52 444
66 48 31 374
66 60 44 167
66 61 1 416
66 70 57 61
66 81 21 314
66 85 49 289
66 106 29 285
67 13 7 30
67 23 37 227
67 32 51 426
67 39 46 132
67 46 4 174
67 56 29 204
67 64 25 81
67 69 43 48
67 72 20 388
67 76 16 107
67 83 41 183
67 90 9 106
67 93 22 195
67 118 1 264
68 15 41 88
68 26 4 420
68 28 19 157
68 41 13 351
68 53 47 366
68 56 1 321
68 85 43 437
68 95 51 129
68 105 25 7
68 108 9 445
68 109 35 4
68 116 37 62
68 117 31 380
68 119 56 76
69 2 10 376
69 3 39 250
69 10 5 327
69 22 1 47
69 32 21 373
69 33 43 425
69 49 25 402
69 54 19 150
69 78 51 366
69 81 31 314
69 86 17 417
69 104 13 126
69 105 47 218
69 118 7 264
69 119 55 255
70 17 31 220
70 21 3 81
70 58 7 197
70 67 1 240
70 79 19 423
70 81 13 361
70 86 11 91
70 88 56 127
70 91 39 320
70 93 46 295
70 98 26 121
70 111 50 206
70 116 22 29
71 6 1 323
71 11 13 412
71 26 40 45
71 28 43 157
71 29 16 223
71 33 55 117
71 43 37 353
71 44 19 272
71 52 23 79
71 73 49 221
71 75 47 90
71 91 26 449
71 99 7 3
71 104 31 126
72 16 22 315
72 30 26 26
72 31 31 145
72 35 13 125
72 42 7 235
72 43 19 347
72 46 2 430
72 48 43 51
72 80 55 136
72 85 50 413
72 87 46 63
72 94 41 426
72 98 37 88
73 13 13 269
73 15 41 342
73 23 19 377
73 29 34 262
73 57 5 37
73 74 10 4
73 76 46 284
73 85 57 413
73 86 55 235
73 87 31 63
73 93 28 295
73 94 1 353
73 107 15 259
73 110 37 216
74 22 58 79
74 34 52 429
74 43 4 404
74 56 11 204
74 57 23 323
74 58 43 379
74 62 25 236
74 78 7 120
74 92 37 160
74 96 55 91
74 98 19 153
74 100 31 190
74 105 49 266
74 112 14 170
75 5 17 303
75 7 55 27
75 9 40 188
75 11 22 412
75 17 37 222
75 33 13 415
75 50 46 418
75 60 50 167
75 78 1 120
75 81 8 163
75 83 29 380
75 91 25 257
75 94 19 353
75 101 35 434
75 105 31 266
76 2 40 181
76 13 10 30
76 16 38 55
76 20 19 400
76 38 57 153
76 50 7 142
76 55 17 445
76 61 13 303
76 68 4 139
76 80 50 261
76 82 27 171
76 83 1 183
76 101 23 434
76 102 31 354
76 112 44 170
77 4 55 378
77 8 19 187
77 18 3 171
77 35 49 52
77 44 21 353
77 45 33 82
77 47 1 435
77 50 44 185
77 56 9 321
77 62 25 259
77 74 28 88
77 79 13 226
77 80 37 261
77 90 57 106
77 110 16 146
78 4 51 378
78 5 41 302
78 8 13 187
78 28 8 231
78 35 55 348
78 51 4 22
78 55 17 316
78 61 26 353
78 65 15 1
78 69 19 36
78 79 22 226
78 86 31 449
78 94 35 95
78 105 43 266
78 119 37 76
79 18 59 230
79 26 49 22
79 28 25 231
79 30 19 267
79 33 37 360
79 34 13 235
79 38 57 423
79 46 43 174
79 69 46 48
79 75 16 63
79 80 7 368
79 96 52 350
79 106 35 284
79 107 3 241
79 111 31 245
80 5 35 303
80 6 31 139
80 26 25 45
80 28 38 39
80 29 46 262
80 40 43 277
80 58 28 197
80 59 15 123
80 61 7 220
80 64 19 354
80 86 17 265
80 88 49 132
80 94 11 353
80 95 56 129
80 98 1 270
81 6 31 183
81 15 5 258
81 20 50 400
81 25 40 330
81 26 10 140
81 27 1 422
81 35 55 338
81 45 38 82
81 78 14 120
81 82 46 69
81 87 25 263
81 96 28 91
81 101 35 320
81 113 19 358
82 13 31 30
82 15 11 411
82 16 17 226
82 29 14 262
82 35 19 22
82 40 28 60
82 44 2 35
82 62 33 236
82 64 43 111
82 72 23 85
82 106 41 76
82 112 7 387
82 113 50 358
82 115 58 119
82 120 37 299
83 4 7 378
83 11 37 333
83 47 9 444
83 48 16 374
83 49 43 255
83 54 35 442
83 57 23 282
83 60 2 167
83 69 13 398
83 84 20 333
83 94 5 76
83 99 31 214
83 109 29 1
83 113 25 24
84 3 41 250
84 5 52 302
84 17 19 222
84 23 1 239
84 44 31 133
84 48 22 429
84 62 13 346
84 65 39 1
84 80 43 368
84 85 8 413
84 93 25 295
84 109 37 278
84 120 5 310
85 13 28 281
85 26 25 332
85 34 52 60
85 35 31 162
85 40 49 277
85 50 1 87
85 63 19 268
85 69 4 48
85 75 55 63
85 92 7 359
85 97 46 154
85 98 57 270
85 100 37 73
85 116 43 62
85 117 13 406
86 26 34 22
86 38 29 61
86 45 19 82
86 48 49 51
86 53 17 162
86 55 53 445
86 66 37 386
86 88 13 132
86 96 43 369
86 102 46 253
86 106 7 7
86 114 41 415
86 116 4 62
86 118 1 438
86 119 25 384
87 8 29 129
87 10 35 125
87 13 10 269
87 22 16 79
87 29 46 417
87 44 37 450
87 60 31 78
87 75 22 187
87 76 7 384
87 83 55 39
87 84 13 215
87 93 19 295
87 111 3 288
87 113 25 70
88 5 41 297
88 12 7 210
88 24 17 201
88 38 5 133
88 41 31 373
88 42 37 408
88 52 53 39
88 53 49 162
88 69 34 48
88 71 21 49
88 72 11 388
88 93 14 295
88 95 26 294
88 113 1 358
89 6 20 393
89 10 56 327
89 23 2 227
89 30 37 267
89 40 58 431
89 43 14 417
89 65 7 1
89 85 25 112
89 90 9 448
89 92 49 298
89 96 28 214
89 97 31 310
89 111 43 245
90 7 25 79
90 30 51 26
90 32 1 426
90 33 55 415
90 41 19 351
90 58 22 197
90 77 31 275
90 78 43 411
90 83 49 183
90 85 13 307
90 95 37 294
90 107 7 419
90 115 16 230
90 120 29 85
91 7 43 401
91 11 1 151
91 12 19 254
91 24 15 201
91 27 25 289
91 44 7 430
91 45 5 172
91 53 17 127
91 56 29 321
91 76 37 284
91 84 58 30
91 92 49 160
91 97 40 420
91 98 33 180
91 110 55 146
92 18 31 320
92 26 40 417
92 38 17 218
92 41 46 373
92 43 22 417
92 44 13 133
92 49 56 3
92 62 52 169
92 67 29 368
92 76 43 284
92 81 25 314
92 83 10 183
92 94 37 180
92 105 33 266
92 110 4 431
93 19 46 402
93 32 19 191
93 34 55 119
93 46 7 205
93 49 1 402
93 54 14 319
93 69 10 36
93 70 38 116
93 74 58 450
93 79 16 188
93 84 43 215
93 95 32 129
93 99 49 161
93 113 25 52
94 2 27 191
94 9 4 90
94 13 23 30
94 14 11 349
94 21 17 238
94 35 19 78
94 53 1 275
94 73 38 232
94 80 55 368
94 88 49 114
94 91 43 449
94 92 13 160
94 100 31 433
94 115 7 230
95 6 19 323
95 14 47 349
95 15 13 294
95 19 57 122
95 31 43 265
95 41 52 351
95 58 49 379
95 74 28 4
95 81 37 361
95 84 31 333
95 89 1 376
95 95 3 436
95 97 34 97
95 105 41 266
95 111 15 288
96 9 43 325
96 27 1 289
96 30 19 311
96 34 34 235
96 46 46 270
96 64 37 119
96 75 11 391
96 79 25 226
96 80 56 258
96 81 7 314
96 93 31 295
96 102 28 97
96 106 15 285
96 111 49 288
97 11 7 151
97 12 44 254
97 37 2 443
97 44 14 370
97 49 39 255
97 55 35 222
97 72 22 388
97 76 10 284
97 78 31 291
97 80 49 258
97 83 5 181
97 85 27 437
97 89 37 376
97 108 55 445
98 3 27 250
98 8 41 398
98 13 19 30
98 14 17 44
98 16 13 221
98 18 5 82
98 27 32 41
98 38 25 423
98 56 15 389
98 60 10 78
98 65 59 358
98 82 57 311
98 87 7 355
98 113 43 358
98 117 1 410
99 3 33 250
99 28 13 390
99 31 57 94
99 41 4 351
99 43 10 417
99 53 35 275
99 78 25 328
99 88 19 127
99 94 1 76
99 95 49 242
99 98 37 153
99 105 44 256
99 106 55 285
100 3 59 250
100 11 1 333
100 15 17 88
100 20 55 371
100 32 32 24
100 40 25 431
100 41 46 351
100 43 4 199
100 53 11 342
100 86 29 235
100 87 37 63
100 88 20 114
100 103 7 214
100 114 41 347
100 119 49 105
101 5 5 303
101 15 49 138
101 46 38 402
101 48 55 51
101 53 41 127
101 55 53 354
101 57 13 323
101 64 25 5
101 85 58 437
101 98 7 325
101 99 1 3
101 100 32 73
101 103 43 350
101 112 22 387
101 120 15 299
102 2 1 164
102 6 25 355
102 13 47 269
102 19 4 271
102 20 7 397
102 22 49 154
102 27 19 270
102 28 55 157
102 43 52 417
102 53 11 127
102 64 37 111
102 67 59 210
102 80 13 258
102 90 43 275
102 117 32 196
103 19 2 44
103 21 37 257
103 25 55 107
103 29 58 138
103 33 44 117
103 35 51 162
103 38 29 133
103 45 23 82
103 52 20 50
103 55 41 371
103 63 31 194
103 65 17 440
103 94 7 426
103 105 25 256
103 107 9 241
104 12 44 181
104 27 7 342
104 34 37 350
104 35 13 162
104 66 19 85
104 85 40 289
104 88 31 114
104 92 55 298
104 93 4 295
104 97 1 28
104 106 11 285
104 107 25 241
104 118 49 438
104 120 52 299
105 8 7 187
105 27 25 342
105 36 32 158
105 38 29 319
105 47 23 435
105 65 5 358
105 67 17 210
105 70 19 261
105 72 50 388
105 77 39 299
105 85 46 382
105 86 37 437
105 90 56 390
105 97 13 97
105 116 10 29
106 11 28 412
106 12 55 422
106 19 22 44
106 24 37 201
106 43 43 113
106 44 39 370
106 48 13 51
106 53 5 162
106 54 26 442
106 77 1 10
106 89 19 338
106 92 31 298
106 94 7 180
106 99 9 446
106 106 59 285
107 3 17 250
107 17 13 161
107 21 7 81
107 30 1 57
107 35 55 162
107 57 5 323
107 74 28 45
107 82 51 82
107 88 9 114
107 89 33 210
107 94 23 368
107 96 20 369
107 103 46 327
107 120 53 85
108 9 43 90
108 15 21 90
108 21 53 81
108 22 28 72
108 26 37 7
108 50 4 185
108 53 55 310
108 72 41 388
108 84 31 215
108 89 17 376
108 102 7 253
108 113 13 24
108 116 50 62
108 120 59 310
109 9 49 90
109 12 43 59
109 16 1 180
109 19 28 376
109 31 37 381
109 71 31 263
109 73 57 211
109 77 3 275
109 89 11 338
109 92 19 218
109 105 55 266
109 109 53 1
109 111 7 245
109 112 13 387
110 8 23 311
110 11 16 412
110 12 1 254
110 22 13 79
110 32 32 388
110 61 19 434
110 66 45 205
110 72 43 388
110 77 55 154
110 90 50 70
110 104 38 126
110 107 25 75
110 110 7 216
111 5 23 302
111 19 44 376
111 29 52 120
111 31 31 265
111 42 19 308
111 51 13 416
111 60 16 347
111 67 35 121
111 71 55 440
111 74 25 187
111 76 28 284
111 95 8 294
111 102 40 354
111 111 3 129
112 2 10 7
112 3 49 250
112 5 3 302
112 18 29 245
112 22 43 154
112 31 32 381
112 61 38 113
112 62 25 346
112 69 13 48
112 70 19 100
112 76 7 284
112 93 16 206
112 109 5 426
112 113 56 15
112 114 23 218
113 19 52 271
113 22 49 79
113 23 2 252
113 31 37 265
113 32 21 177
113 35 13 78
113 38 47 444
113 42 25 235
113 52 8 50
113 66 55 205
113 70 31 100
113 100 43 73
113 106 17 344
113 116 10 62
113 120 41 310
114 11 13 151
114 17 55 196
114 20 19 444
114 22 1 79
114 23 45 387
114 44 7 353
114 54 33 442
114 55 17 354
114 59 25 123
114 69 49 48
114 75 59 316
114 82 53 249
114 91 27 369
114 94 23 426
114 98 37 10
115 5 59 302
115 18 11 422
115 20 13 208
115 22 4 154
115 43 1 315
115 62 37 236
115 66 25 432
115 69 8 48
115 81 19 163
115 82 29 171
115 90 55 46
115 91 31 319
115 96 49 205
115 110 43 114
116 9 4 440
116 24 25 201
116 33 55 425
116 39 52 103
116 40 31 344
116 43 10 113
116 46 34 430
116 61 37 303
116 64 43 328
116 88 13 114
116 93 19 98
116 96 7 350
116 109 23 4
116 112 1 38
117 10 23 125
117 13 13 30
117 19 16 402
117 25 7 272
117 30 56 26
117 32 45 450
117 63 1 268
117 67 33 121
117 73 37 194
117 86 41 449
117 109 43 1
117 116 26 62
117 118 52 61
118 2 19 164
118 18 37 230
118 29 43 262
118 30 1 337
118 31 7 31
118 40 22 60
118 68 49 407
118 80 31 258
118 88 13 312
118 91 56 28
118 100 26 279
118 103 52 222
118 106 5 285
118 119 39 257
119 6 19 355
119 16 23 55
119 22 13 63
119 23 49 227
119 33 2 117
119 46 16 147
119 57 53 308
119 63 25 439
119 65 34 1
119 92 43 298
119 98 7 88
119 105 31 299
119 106 57 285
119 111 37 206
119 120 11 85
120 1 37 414
120 3 41 161
120 23 25 239
120 35 56 125
120 43 10 404
120 52 52 4
120 60 31 167
120 66 43 285
120 79 7 226
120 81 1 314
120 90 19 70
120 99 15 214
120 101 50 446
120 102 34 150
120 114 13 49
121 4 27 378
121 14 10 208
121 15 29 430
121 32 1 249
121 42 43 235
121 48 49 429
121 54 23 442
121 55 41 316
121 62 7 236
121 71 55 263
121 100 37 190
121 106 59 14
121 108 31 164
121 114 52 277
122 2 25 164
122 22 16 154
122 27 38 41
122 30 56 267
122 52 47 79
122 55 23 279
122 59 10 123
122 60 7 78
122 71 49 420
122 78 43 366
122 83 3 183
122 88 33 312
122 89 31 210
122 119 19 129
123 4 5 378
123 11 20 151
123 18 13 82
123 26 43 45
123 32 55 269
123 41 16 351
123 46 49 147
123 53 35 342
123 64 25 319
123 69 31 48
123 74 10 350
123 77 37 252
123 104 1 126
123 106 7 285
124 2 55 7
124 4 19 378
124 8 59 398
124 17 25 278
124 24 43 201
124 57 53 282
124 62 40 346
124 63 32 439
124 66 49 285
124 67 5 368
124 68 22 407
124 70 7 100
124 74 1 4
124 78 45 120
124 86 38 91
125 5 17 302
125 18 43 230
125 22 19 63
125 23 9 239
125 28 1 390
125 42 13 308
125 45 25 82
125 56 23 418
125 68 52 407
125 77 27 297
125 85 33 437
125 88 37 127
125 95 55 83
125 113 45 335
125 120 31 85
126 7 49 382
126 9 27 37
126 18 11 230
126 26 22 5
126 27 14 41
126 55 53 288
126 56 33 204
126 58 37 379
126 63 56 194
126 74 40 4
126 81 43 314
126 84 4 333
126 105 19 7
126 111 7 206
127 11 52 435
127 12 43 4
127 13 14 281
127 16 2 221
127 28 25 39
127 39 16 103
127 43 4 417
127 58 32 379
127 60 49 442
127 71 19 263
127 77 37 59
127 92 8 298
127 101 29 434
127 117 55 410
128 4 53 378
128 5 47 297
128 15 5 430
128 19 8 122
128 38 55 153
128 39 37 103
128 41 43 112
128 42 49 308
128 50 40 142
128 52 15 50
128 61 19 382
128 102 28 354
128 111 1 206
128 112 25 170
128 118 32 264
129 2 16 178
129 12 31 386
129 18 47 235
129 20 9 168
129 25 4 330
129 34 1 235
129 35 43 22
129 48 38 429
129 53 59 162
129 78 19 366
129 99 55 446
129 107 50 419
129 109 7 28
129 115 13 69
129 117 26 410
130 9 31 440
130 16 41 55
130 29 25 351
130 48 28 374
130 61 55 416
130 62 1 346
130 73 15 104
130 85 20 437
130 92 7 218
130 101 13 320
130 102 50 253
130 108 43 17
130 109 4 138
130 113 37 372
130 116 34 29
131 3 9 250
131 8 47 398
131 24 27 201
131 42 55 297
131 52 5 4
131 59 51 123
131 64 19 319
131 65 59 440
131 74 37 107
131 76 14 384
131 88 43 267
131 93 34 206
131 94 53 180
131 107 1 75
131 110 31 32
132 7 15 217
132 14 3 99
132 27 19 342
132 30 49 306
132 45 35 351
132 48 37 51
132 50 7 185
132 53 41 366
132 56 59 418
132 68 25 139
132 75 13 316
132 83 23 183
132 92 45 359
132 109 31 138
132 111 55 169
133 9 55 5
133 23 33 252
133 26 50 45
133 35 27 397
133 40 19 307
133 64 43 216
133 65 25 216
133 67 7 121
133 74 37 187
133 79 58 188
133 91 9 369
133 97 1 310
133 105 5 256
133 110 22 431
133 118 14 264
134 13 41 281
134 20 37 444
134 27 31 342
134 31 20 265
134 33 25 360
134 40 7 344
134 49 13 428
134 71 43 440
134 73 1 146
134 85 10 19
134 105 17 22
134 107 49 95
134 114 5 49
134 119 57 257
135 1 49 414
135 46 26 50
135 48 37 282
135 56 35 321
135 61 7 434
135 66 2 386
135 67 53 368
135 70 31 410
135 74 19 4
135 100 43 433
135 102 40 97
135 107 55 241
135 108 13 232
135 109 59 4
136 12 49 59
136 13 1 30
136 17 19 180
136 29 7 262
136 36 25 158
136 56 33 321
136 57 31 37
136 58 3 379
136 68 43 139
136 78 55 436
136 87 46 355
136 94 13 76
136 112 10 38
136 116 37 29
136 119 15 257
137 5 40 216
137 12 55 254
137 13 25 269
137 19 37 249
137 35 45 348
137 37 28 213
137 38 53 133
137 56 17 418
137 67 43 240
137 70 19 116
137 75 4 316
137 78 31 328
137 85 13 112
137 100 7 279
137 101 11 434
138 6 19 104
138 12 15 181
138 29 31 34
138 32 56 349
138 44 1 133
138 49 50 404
138 50 34 376
138 64 25 119
138 75 23 294
138 81 9 361
138 96 44 188
138 101 7 446
138 105 47 256
138 106 5 169
138 108 38 391
139 29 31 262
139 36 3 158
139 38 11 218
139 54 47 153
139 59 1 123
139 63 43 439
139 66 7 432
139 76 13 284
139 81 56 361
139 91 19 28
139 96 16 350
139 97 34 28
139 112 25 38
139 117 49 406
139 118 37 61
140 20 55 444
140 25 13 116
140 29 1 428
140 33 37 415
140 34 4 235
140 56 10 418
140 57 17 37
140 64 31 119
140 68 52 139
140 70 25 10
140 73 44 221
140 84 7 260
140 90 19 186
140 106 29 76
140 112 49 170
141 4 49 378
141 6 55 355
141 13 7 281
141 19 16 271
141 28 25 157
141 44 43 430
141 51 13 254
141 90 1 186
141 91 21 257
141 92 37 398
141 94 11 368
141 99 31 76
141 109 19 138
141 111 51 332
141 120 9 85
142 1 3 414
142 14 1 208
142 15 17 258
142 22 25 154
142 30 43 26
142 40 40 431
142 49 50 255
142 51 28 22
142 60 34 78
142 66 56 332
142 73 13 211
142 80 7 357
142 93 31 195
142 117 21 72
143 25 15 330
143 33 7 415
143 40 4 307
143 48 28 51
143 51 1 22
143 52 13 50
143 76 45 107
143 79 31 423
143 83 11 39
143 87 37 263
143 89 23 210
143 91 49 449
143 96 19 91
143 118 55 264
144 5 13 178
144 8 55 187
144 16 28 226
144 17 39 220
144 20 1 397
144 32 43 24
144 57 25 37
144 58 52 379
144 60 22 105
144 67 49 121
144 72 7 431
144 74 32 4
144 80 9 261
144 96 58 91
144 106 17 285
145 13 35 269
145 32 51 269
145 50 4 33
145 54 1 319
145 59 55 123
145 61 31 303
145 73 19 221
145 77 26 275
145 89 57 315
145 92 37 298
145 106 41 169
145 108 7 391
145 110 13 146
145 115 45 230
146 5 35 297
146 11 32 151
146 14 29 44
146 15 11 258
146 17 13 220
146 19 56 33
146 23 25 387
146 27 37 342
146 39 7 132
146 50 16 142
146 55 5 279
146 75 51 187
146 86 1 449
146 109 46 138
146 119 20 255
147 13 4 269
147 26 55 417
147 27 39 157
147 38 11 133
147 39 19 132
147 42 31 147
147 43 43 199
147 51 52 280
147 54 9 442
147 66 25 85
147 75 37 90
147 98 14 180
147 103 22 327
147 116 46 62
148 18 17 422
148 30 37 311
148 35 1 125
148 47 29 343
148 48 20 282
148 61 13 382
148 62 7 346
148 68 34 407
148 79 10 226
148 84 31 260
148 92 51 359
148 108 25 391
148 109 49 1
148 118 46 264
149 6 25 210
149 11 19 412
149 14 46 99
149 29 58 262
149 43 43 417
149 61 1 434
149 74 37 4
149 87 32 122
149 89 23 376
149 90 51 100
149 97 8 154
149 103 40 222
149 116 55 29
149 117 13 196
150 11 49 151
150 12 55 256
150 15 53 258
150 16 59 315
150 35 7 52
150 43 34 347
150 45 46 82
150 46 26 185
150 60 31 347
150 62 13 236
150 63 38 130
150 67 11 210
150 84 16 52
150 98 1 325
150 117 19 410
151 7 13 401
151 11 46 239
151 24 29 201
151 26 31 5
151 27 49 124
151 73 25 221
151 85 34 382
151 97 40 295
151 100 7 190
151 101 19 320
151 103 1 214
151 107 21 135
151 108 55 411
151 109 4 28
151 120 43 299
152 19 4 122
152 24 9 201
152 26 31 103
152 30 13 311
152 56 7 321
152 58 28 379
152 66 21 205
152 74 25 88
152 93 56 206
152 96 37 188
152 99 45 161
152 100 49 433
153 7 31 199
153 10 29 125
153 29 10 223
153 33 1 425
153 46 20 147
153 59 59 123
153 64 49 111
153 80 38 368
153 91 55 449
153 92 43 398
153 102 7 150
153 110 26 146
153 119 13 251
154 9 1 90
154 34 40 162
154 35 13 22
154 36 50 158
154 37 37 213
154 38 5 423
154 59 35 123
154 64 19 119
154 73 25 382
154 80 7 136
154 85 44 413
154 92 31 218
154 98 57 121
154 114 17 277
155 14 21 349
155 17 4 161
155 18 19 171
155 20 37 400
155 25 43 330
155 49 7 402
155 61 13 434
155 70 55 281
155 74 49 4
155 75 29 316
155 77 31 154
155 84 1 215
155 85 52 289
155 100 25 73
155 102 46 150
156 10 23 253
156 22 10 79
156 25 1 107
156 42 49 122
156 51 7 199
156 54 41 319
156 66 13 386
156 77 55 10
156 98 32 88
156 101 53 446
156 106 5 289
156 115 19 69
156 117 37 196
156 118 45 159
157 7 56 344
157 18 23 245
157 22 16 72
157 25 10 272
157 37 37 443
157 45 35 82
157 52 5 50
157 59 31 123
157 60 7 167
157 63 49 194
157 73 25 104
157 79 13 188
157 81 1 361
157 114 29 347
157 118 40 328
158 8 23 129
158 10 53 327
158 12 19 181
158 18 43 82
158 21 5 238
158 22 13 154
158 39 10 132
158 51 16 280
158 71 31 420
158 74 46 350
158 89 7 376
158 101 41 78
158 105 3 256
158 111 25 206
159 10 23 355
159 17 28 222
159 46 58 402
159 47 17 435
159 55 11 288
159 62 1 236
159 69 4 398
159 70 44 116
159 72 41 164
159 78 31 280
159 86 14 449
159 88 7 127
159 96 25 91
159 101 53 320
159 119 19 76
160 1 33 414
160 5 10 303
160 24 55 201
160 41 40 373
160 47 5 444
160 50 20 376
160 60 13 167
160 69 16 36
160 78 51 328
160 80 43 136
160 82 58 171
160 86 23 235
160 94 47 353
160 102 25 354
160 119 1 384
161 7 25 199
161 27 7 270
161 34 46 168
161 39 21 103
161 40 34 344
161 42 13 408
161 64 50 119
161 74 43 187
161 80 56 357
161 85 31 382
161 92 1 218
161 109 19 1
161 113 37 358
162 2 25 181
162 7 21 344
162 24 5 201
162 43 28 370
162 44 51 272
162 46 56 174
162 74 13 438
162 86 16 449
162 100 1 279
162 107 37 419
162 110 32 431
162 112 43 38
162 114 8 49
162 118 10 438
163 21 5 81
163 25 25 27
163 27 44 41
163 35 1 162
163 47 59 444
163 48 7 51
163 54 17 150
163 60 55 442
163 66 37 432
163 78 13 328
163 79 34 423
163 97 19 154
163 100 49 190
163 110 10 32
164 2 7 354
164 12 55 210
164 24 31 201
164 45 28 82
164 46 25 205
164 54 5 214
164 58 52 204
164 69 49 398
164 80 19 173
164 81 37 163
164 84 34 30
164 92 13 359
164 95 45 294
164 108 1 445
164 112 10 170
165 4 43 378
165 8 5 311
165 15 41 90
165 30 7 306
165 34 57 235
165 45 17 82
165 55 22 288
165 60 45 442
165 68 1 407
165 69 34 398
165 82 49 371
165 102 25 150
165 108 37 445
165 110 13 216
165 118 19 112
166 12 19 59
166 16 4 221
166 25 1 330
166 29 7 417
166 31 43 381
166 32 55 249
166 38 25 133
166 44 50 430
166 70 31 116
166 82 29 311
166 86 37 449
166 96 10 188
166 105 59 256
166 108 39 17
166 113 13 335
167 25 50 191
167 29 28 351
167 37 43 443
167 40 19 60
167 52 41 79
167 60 25 347
167 61 13 113
167 62 38 259
167 63 8 194
167 66 31 285
167 80 1 261
167 82 22 171
167 93 46 200
167 99 56 161
167 109 35 426
168 1 7 414
168 27 26 270
168 32 55 245
168 42 37 33
168 43 31 192
168 49 20 174
168 61 2 113
168 68 14 407
168 79 51 423
168 107 45 419
168 115 34 230
169 42 25 272
169 53 5 127
169 57 56 308
169 58 7 379
169 74 31 45
169 78 13 366
169 81 37 314
169 83 35 183
169 89 51 315
169 105 41 7
169 108 20 445
169 109 29 138
169 114 17 415
169 117 1 72
170 3 11 255
170 9 43 138
170 21 19 257
170 26 46 5
170 38 40 423
170 41 22 351
170 56 38 321
170 58 14 204
170 61 1 55
170 62 25 169
170 77 7 10
170 88 55 132
170 95 51 266
170 117 32 72
171 9 34 440
171 23 49 252
171 25 58 178
171 37 25 443
171 38 17 133
171 39 14 277
171 52 10 50
171 56 40 418
171 57 29 282
171 65 23 1
171 74 55 450
171 77 1 59
171 80 19 357
171 99 44 3
171 105 8 266
172 2 43 164
172 4 31 378
172 29 22 262
172 36 7 158
172 38 59 133
172 43 1 404
172 46 46 391
172 53 35 127
172 59 41 361
172 62 19 236
172 66 13 332
172 67 4 121
172 70 49 410
172 92 25 359
172 101 29 320
173 8 9 187
173 10 5 125
173 14 7 349
173 27 49 41
173 31 37 439
173 37 33 213
173 50 13 418
173 55 23 354
173 71 1 263
173 76 56 384
173 84 43 333
173 87 25 370
173 97 16 28
173 115 28 69
174 7 21 217
174 9 55 188
174 10 11 125
174 28 1 157
174 45 17 172
174 50 52 215
174 60 58 167
174 62 49 346
174 63 13 130
174 64 31 438
174 65 41 1
174 66 7 332
174 85 38 413
175 14 34 349
175 15 23 342
175 43 58 113
175 48 55 282
175 51 16 254
175 68 40 407
175 75 11 90
175 85 19 413
175 90 2 106
175 100 43 190
175 107 7 259
175 110 37 431
175 116 31 62
175 117 25 172
175 119 49 303
176 3 56 250
176 8 1 187
176 18 13 230
176 28 7 390
176 31 43 145
176 33 31 117
176 47 23 343
176 57 37 37
176 59 4 123
176 65 11 1
176 67 39 210
176 78 19 280
176 84 28 215
176 113 15 15
176 120 47 299
177 7 50 401
177 9 13 90
177 22 4 79
177 27 20 89
177 46 16 430
177 65 47 347
177 74 7 438
177 85 34 413
177 93 55 295
177 100 43 279
177 105 1 7
177 106 11 289
177 117 37 172
178 7 26 344
178 10 37 253
178 42 13 397
178 44 19 450
178 45 53 303
178 52 5 393
178 60 31 105
178 65 41 440
178 86 3 449
178 87 7 370
178 96 34 249
178 106 17 169
178 108 49 445
178 113 43 70
179 15 23 90
179 21 51 81
179 23 13 227
179 32 8 249
179 41 46 289
179 59 44 123
179 67 5 421
179 70 1 61
179 76 40 105
179 81 56 163
179 84 37 52
179 87 25 4
179 98 31 325
179 100 19 279
180 3 35 161
180 12 31 256
180 14 17 335
180 23 55 252
180 27 50 342
180 30 13 26
180 34 7 119
180 46 37 430
180 51 25 22
180 64 44 438
180 76 22 284
180 79 28 423
180 91 2 257
180 94 11 76
180 112 19 387
181 5 5 302
181 6 55 251
181 39 49 103
181 43 10 315
181 45 23 172
181 46 31 402
181 48 34 429
181 64 37 438
181 74 25 15
181 80 1 258
181 88 13 14
181 96 7 188
181 99 45 446
181 100 19 73
182 3 11 250
182 13 20 269
182 14 1 99
182 25 58 330
182 27 32 422
182 29 4 262
182 40 25 307
182 45 49 82
182 46 43 270
182 48 7 282
182 62 55 346
182 67 53 121
182 92 14 298
182 93 37 295
182 120 23 299
183 7 55 401
183 33 9 360
183 52 7 393
183 60 25 167
183 65 1 1
183 66 43 386
183 70 13 10
183 71 19 420
183 84 49 215
183 100 3 433
183 103 32 327
183 110 52 431
183 114 35 218
183 117 38 410
184 8 41 311
184 10 29 253
184 18 5 422
184 23 31 239
184 30 9 337
184 36 37 158
184 49 14 255
184 53 7 162
184 61 25 113
184 79 43 423
184 92 1 298
184 106 47 285
184 107 56 95
184 112 22 170
184 119 49 384
185 3 43 250
185 11 55 151
185 19 50 249
185 28 7 157
185 55 11 279
185 56 34 418
185 62 31 259
185 65 46 1
185 66 14 205
185 78 25 366
185 93 22 295
185 96 58 147
185 99 3 446
185 102 39 253
185 116 19 343
186 3 11 161
186 5 19 178
186 6 43 210
186 8 53 187
186 15 47 430
186 25 13 107
186 31 55 381
186 40 4 344
186 43 1 417
186 64 7 319
186 69 16 398
186 82 40 171
186 94 35 353
186 109 28 278
187 4 37 378
187 6 13 355
187 16 28 315
187 40 43 431
187 42 19 397
187 44 7 133
187 54 23 153
187 55 59 279
187 71 32 49
187 76 46 105
187 79 39 226
187 87 55 370
187 101 2 320
187 119 49 268
188 24 59 201
188 31 13 145
188 43 10 424
188 63 55 268
188 77 49 386
188 80 44 357
188 83 23 333
188 90 25 434
188 94 5 284
188 97 7 310
188 98 39 180
188 99 19 161
188 117 1 172
188 119 31 255
188 120 35 310
189 9 52 37
189 20 55 208
189 28 7 39
189 37 49 443
189 63 13 194
189 65 21 1
189 67 11 52
189 70 31 61
189 71 43 49
189 76 37 105
189 84 40 30
189 86 35 265
189 97 4 97
189 105 1 256
189 119 25 76
190 13 9 281
190 14 11 335
190 35 25 162
190 40 43 60
190 45 29 172
190 60 40 167
190 63 32 268
190 74 16 4
190 81 50 163
190 86 4 91
190 98 55 232
190 103 1 222
190 110 13 431
190 113 19 24
190 120 7 299
191 6 55 393
191 21 13 257
191 23 25 252
191 25 7 178
191 27 37 270
191 28 32 390
191 45 41 82
191 47 3 343
191 58 46 204
191 62 10 236
191 66 19 432
191 87 43 355
191 96 15 60
191 114 1 49
191 119 50 257
192 12 50 256
192 14 5 208
192 30 1 26
192 44 37 133
192 66 56 432
192 82 17 319
192 98 13 325
192 99 26 446
192 112 7 170
192 115 46 171
192 117 31 172
192 119 19 416
193 8 17 129
193 16 43 55
193 29 37 351
193 40 9 431
193 41 3 243
193 53 23 357
193 55 47 279
193 56 1 389
193 59 7 123
193 81 27 163
193 82 25 171
193 85 49 112
193 93 34 295
193 100 55 190
193 103 13 350
194 5 29 302
194 6 19 183
194 7 25 401
194 12 1 210
194 14 23 349
194 23 31 377
194 26 58 140
194 36 14 158
194 44 49 133
194 71 37 49
194 108 44 302
194 117 7 172
194 118 55 328
195 1 13 414
195 8 59 311
195 13 29 269
195 22 34 79
195 25 37 330
195 43 52 347
195 54 1 153
195 77 21 159
195 87 10 370
195 89 41 210
195 92 25 218
195 95 3 266
195 99 55 185
195 105 8 22
195 106 19 289
196 11 25 333
196 16 3 180
196 22 31 79
196 26 14 45
196 27 49 270
196 50 28 438
196 55 59 354
196 59 40 123
196 65 53 440
196 72 35 431
196 75 38 316
196 87 10 355
196 100 19 433
196 104 44 126
196 114 1 347
197 17 20 278
197 26 49 243
197 30 1 306
197 42 27 341
197 57 7 323
197 59 57 123
197 70 9 410
197 85 14 413
197 94 17 284
197 98 31 232
197 115 39 230
197 117 43 287
197 118 52 22
198 9 19 302
198 11 58 412
198 25 28 330
198 27 13 289
198 28 49 39
198 46 55 50
198 47 17 343
198 54 5 69
198 66 37 85
198 68 25 407
198 70 31 11
198 77 7 59
198 92 43 218
198 100 1 190
198 101 47 49
199 14 1 349
199 18 53 230
199 22 43 63
199 25 33 107
199 26 37 136
199 37 7 443
199 40 46 277
199 71 49 440
199 76 10 186
199 80 25 368
199 82 5 249
199 84 13 182
199 99 19 3
199 104 56 126
199 105 29 266
200 10 59 33
200 16 5 55
200 23 55 387
200 26 20 140
200 28 1 39
200 32 43 249
200 34 10 328
200 40 7 60
200 45 35 172
200 61 38 112
200 66 25 243
200 74 16 438
200 78 31 120
200 80 50 173
201 2 10 191
201 40 31 277
201 42 13 272
201 43 7 315
201 76 40 416
201 78 19 411
201 84 34 52
201 90 56 99
201 95 49 294
201 96 4 188
201 98 26 180
201 103 44 222
201 120 2 85
202 11 43 239
202 17 7 278
202 20 13 444
202 34 49 5
202 38 3 423
202 48 10 429
202 55 35 316
202 65 29 440
202 71 20 440
202 77 25 299
202 78 31 335
202 82 17 249
202 94 59 368
202 100 37 433
202 110 46 114
203 8 15 187
203 13 25 30
203 14 31 349
203 17 10 222
203 25 4 272
203 37 22 213
203 41 55 112
203 48 7 429
203 60 28 167
203 71 49 263
203 95 33 436
203 97 19 97
203 101 17 446
203 103 40 327
203 120 13 85
204 5 31 297
204 17 16 161
204 20 56 397
204 22 13 47
204 29 37 262
204 41 46 238
204 63 7 268
204 64 19 438
204 78 33 106
204 87 40 63
204 90 25 390
204 98 49 334
204 113 1 70
204 118 43 264
205 6 50 251
205 11 40 412
205 20 31 400
205 41 10 373
205 42 43 297
205 64 1 111
205 66 56 85
205 70 13 61
205 82 35 371
205 89 23 366
205 93 7 295
205 103 25 327
205 107 19 259
205 112 37 38
205 120 28 310
206 10 17 125
206 16 53 315
206 23 43 227
206 31 7 381
206 39 37 132
206 50 49 376
206 51 55 22
206 53 1 342
206 55 13 288
206 81 25 361
206 85 40 437
206 110 31 146
206 111 19 206
206 112 3 387
206 115 34 69
207 6 37 393
207 14 49 349
207 31 2 265
207 37 51 213
207 39 7 103
207 41 55 373
207 45 33 351
207 56 46 321
207 68 19 407
207 72 58 164
207 73 25 323
207 90 13 106
207 94 11 180
207 97 43 97
208 8 50 311
208 14 5 335
208 33 19 425
208 34 37 162
208 48 45 374
208 52 59 50
208 53 17 275
208 56 29 418
208 70 55 100
208 71 1 34
208 102 10 354
208 111 31 169
208 116 7 29
208 118 40 264
208 120 15 85
209 19 16 33
209 32 7 388
209 38 5 61
209 40 13 344
209 48 40 282
209 49 25 3
209 69 37 36
209 71 43 389
209 81 31 163
209 95 55 294
209 97 22 154
209 98 1 88
209 101 19 49
209 107 50 135
209 114 47 415
210 11 4 151
210 18 11 320
210 27 19 41
210 38 17 61
210 40 8 277
210 48 1 429
210 69 46 36
210 91 25 320
210 100 37 279
210 101 35 346
210 105 15 266
210 113 50 24
210 114 57 49
210 115 32 171
211 8 5 300
211 17 22 222
211 22 25 72
211 23 33 387
211 32 50 245
211 51 40 254
211 58 10 379
211 64 1 119
211 83 59 380
211 98 43 153
211 103 7 327
211 109 47 278
211 110 16 216
211 113 55 358
212 12 25 59
212 15 47 342
212 28 1 231
212 29 7 400
212 30 19 26
212 33 49 117
212 35 43 52
212 38 59 423
212 52 40 50
212 53 53 178
212 70 55 116
212 84 37 182
212 102 15 253
212 118 10 264
212 119 31 426
213 2 25 376
213 12 56 59
213 13 3 281
213 38 35 37
213 39 40 132
213 46 13 430
213 54 11 442
213 64 19 81
213 77 7 275
213 82 43 311
213 108 31 411
213 110 28 216
213 115 16 171
213 120 5 85
214 14 17 407
214 26 43 133
214 40 49 60
214 45 11 172
214 47 55 435
214 66 32 281
214 71 7 440
214 76 1 105
214 77 13 59
214 87 46 437
214 88 57 114
214 94 39 426
214 95 19 294
214 105 23 256
215 9 9 5
215 26 46 103
215 33 31 415
215 41 43 351
215 42 37 308
215 50 51 34
215 56 49 321
215 66 19 422
215 77 3 297
215 83 7 183
215 95 13 282
215 106 23 76
215 107 26 135
215 109 1 138
215 120 57 310
216 4 39 378
216 13 17 269
216 25 7 186
216 26 20 45
216 34 10 142
216 56 57 321
216 62 28 346
216 63 43 194
216 64 31 81
216 71 50 49
216 79 1 226
216 100 13 190
216 105 37 256
216 116 4 29
217 5 11 95
217 7 37 401
217 10 35 327
217 37 31 443
217 39 22 132
217 46 19 402
217 47 7 444
217 65 58 1
217 84 16 333
217 91 25 120
217 94 47 76
217 101 41 434
217 103 2 327
217 106 9 285
217 116 13 62
218 8 47 129
218 13 16 281
218 16 53 221
218 17 50 196
218 19 1 33
218 20 31 208
218 30 7 26
218 34 55 142
218 45 59 153
218 48 22 51
218 50 4 438
218 59 28 123
218 62 40 236
218 85 13 437
218 112 19 170
219 2 4 164
219 3 37 250
219 10 59 253
219 11 43 412
219 18 23 320
219 20 31 371
219 38 35 133
219 48 46 51
219 52 17 50
219 63 49 182
219 74 40 107
219 80 19 258
219 83 53 183
219 84 55 30
219 99 26 161
220 5 55 303
220 14 19 349
220 19 31 249
220 23 13 377
220 26 7 140
220 28 49 390
220 49 1 104
220 54 53 69
220 57 10 308
220 60 22 167
220 78 38 212
220 85 28 413
220 97 25 97
220 118 58 264
221 6 13 191
221 9 25 90
221 18 55 82
221 30 1 311
221 47 41 444
221 55 5 222
221 57 59 323
221 58 49 204
221 79 52 188
221 88 33 14
221 90 19 46
221 108 37 164
221 110 28 431
221 113 44 15
221 116 7 62
222 11 25 151
222 19 22 402
222 22 37 72
222 41 46 112
222 42 1 251
222 43 28 417
222 49 49 142
222 50 43 418
222 76 34 384
222 82 11 311
222 84 58 215
222 101 5 78
222 108 13 445
222 109 17 138
222 114 8 347
223 7 37 199
223 19 25 249
223 25 7 191
223 33 31 425
223 34 19 162
223 44 49 450
223 48 10 51
223 54 58 442
223 55 41 288
223 84 4 182
223 85 1 112
223 101 17 320
223 106 43 14
223 109 22 138
223 120 13 299
224 10 35 33
224 17 49 222
224 24 19 201
224 46 31 206
224 57 17 308
224 68 4 407
224 71 13 440
224 73 7 211
224 84 39 215
224 88 55 14
224 109 23 278
224 114 29 415
224 117 43 72
224 118 26 61
225 3 23 161
225 14 13 349
225 23 55 227
225 27 19 124
225 75 25 63
225 76 15 105
225 79 8 423
225 86 11 235
225 88 45 14
225 103 1 350
225 106 53 285
225 112 37 170
225 113 31 15
225 115 49 330
226 4 16 378
226 18 58 183
226 19 10 33
226 34 37 328
226 43 49 120
226 57 43 323
226 63 19 182
226 64 45 282
226 67 31 121
226 72 23 196
226 74 7 4
226 76 28 107
226 98 33 334
226 108 1 411
226 114 56 347
227 8 1 129
227 16 17 315
227 34 45 119
227 42 20 297
227 48 4 429
227 57 59 308
227 63 8 439
227 64 49 282
227 71 55 118
227 79 34 188
227 88 38 114
227 89 29 366
227 93 25 200
227 115 31 87
227 117 13 172
228 5 41 178
228 8 11 187
228 23 49 239
228 24 35 201
228 25 1 116
228 57 43 282
228 62 38 169
228 82 59 446
228 85 4 437
228 89 47 376
228 100 31 279
228 107 7 75
228 111 26 288
228 113 19 52
229 3 1 250
229 14 25 349
229 17 4 278
229 23 27 377
229 40 37 307
229 41 57 351
229 57 55 37
229 58 14 379
229 65 51 1
229 82 11 371
229 88 20 14
229 93 31 200
229 111 43 206
229 113 7 15
230 4 23 378
230 8 49 129
230 30 37 26
230 49 25 302
230 52 3 50
230 53 53 275
230 56 7 418
230 65 17 358
230 70 13 410
230 71 57 420
230 76 31 384
230 83 5 39
230 97 10 28
230 101 47 434
230 108 43 445
231 18 1 230
231 29 39 428
231 38 46 423
231 39 19 277
231 50 7 87
231 51 57 199
231 52 37 50
231 76 10 384
231 78 13 411
231 95 3 294
231 97 43 28
231 98 49 180
231 102 34 354
231 110 22 216
231 117 25 196
232 11 46 151
232 32 57 388
232 33 25 415
232 38 23 61
232 41 37 373
232 44 3 220
232 54 1 442
232 73 31 211
232 76 10 105
232 77 19 275
232 80 50 136
232 85 16 112
232 93 7 200
232 103 43 327
232 110 40 146
233 6 15 323
233 11 40 333
233 21 9 81
233 41 33 238
233 53 47 127
233 57 23 308
233 63 49 130
233 64 55 354
233 68 37 124
233 73 25 232
233 80 43 258
233 89 29 210
233 101 31 446
233 114 20 415
233 117 1 380
234 2 22 7
234 16 35 55
234 25 1 272
234 28 14 231
234 29 37 138
234 53 29 162
234 63 25 194
234 64 55 81
234 66 31 432
234 69 52 48
234 72 46 164
234 76 43 105
234 79 19 188
234 99 7 161
234 106 41 14
235 5 41 303
235 10 13 253
235 22 7 63
235 33 15 360
235 55 47 445
235 59 35 361
235 65 5 1
235 80 31 357
235 83 23 380
235 91 1 140
235 103 49 327
235 112 37 387
235 115 10 119
235 120 57 299
236 2 28 181
236 22 7 79
236 26 15 5
236 28 19 39
236 33 50 425
236 38 13 423
236 56 35 204
236 60 25 153
236 71 37 34
236 74 2 45
236 81 55 314
236 90 43 186
236 94 33 95
236 101 5 320
236 115 10 171
237 5 23 95
237 25 55 178
237 39 27 103
237 42 1 308
237 46 52 185
237 73 9 323
237 84 19 215
237 95 37 266
237 105 7 256
237 108 13 243
237 109 41 138
237 111 32 288
237 112 58 170
237 117 43 406
237 118 49 264
238 9 32 90
238 14 27 349
238 17 7 222
238 24 13 201
238 25 40 27
238 40 46 60
238 43 43 353
238 46 15 391
238 50 19 33
238 67 51 121
238 78 1 366
238 79 22 188
238 94 49 76
238 95 57 266
238 105 29 62
239 4 21 378
239 18 27 230
239 20 44 371
239 24 41 201
239 32 49 313
239 40 55 60
239 47 7 435
239 55 31 316
239 60 58 347
239 62 10 346
239 63 1 130
239 68 37 407
239 76 34 105
239 86 19 449
239 98 14 270
240 2 1 354
240 15 17 90
240 19 21 249
240 20 7 371
240 25 55 191
240 26 37 221
240 37 40 213
240 48 25 374
240 76 46 416
240 82 59 371
240 83 51 183
240 110 4 216
240 113 13 358
240 114 35 277
240 115 28 255
241 24 51 201
241 25 4 191
241 35 55 78
241 37 19 213
241 48 16 51
241 50 13 376
241 55 2 316
241 62 37 346
241 65 29 358
241 70 25 182
241 90 31 46
241 107 44 95
241 111 7 129
242 14 41 99
242 15 11 88
242 23 32 227
242 39 22 277
242 43 4 370
242 58 7 204
242 60 49 78
242 62 28 169
242 65 55 1
242 71 15 49
242 72 26 388
242 88 57 312
242 99 37 3
242 109 52 278
242 113 43 169
243 5 41 95
243 17 1 161
243 19 28 249
243 20 37 371
243 22 58 63
243 23 13 252
243 46 34 174
243 48 25 429
243 61 8 182
243 68 20 139
243 76 45 384
243 84 55 260
243 89 51 210
243 102 4 354
244 2 50 15
244 5 32 302
244 9 25 188
244 13 7 269
244 26 40 5
244 30 1 267
244 31 15 381
244 59 13 123
244 61 9 416
244 64 43 347
244 70 56 334
244 79 37 423
244 99 20 446
244 112 34 38
244 116 28 29
245 6 26 280
245 21 37 81
245 23 39 377
245 27 7 289
245 44 33 370
245 47 31 435
245 57 47 37
245 61 20 113
245 63 13 439
245 75 17 187
245 82 45 311
245 90 49 275
245 92 56 160
245 114 53 62
245 120 2 299
246 2 1 191
246 18 37 320
246 25 22 178
246 28 43 390
246 43 19 417
246 47 50 444
246 56 26 321
246 60 4 347
246 68 28 407
246 93 7 98
246 94 52 284
246 107 55 419
246 112 16 38
246 117 39 406
246 119 31 251
247 2 16 279
247 22 37 154
247 26 34 45
247 31 43 94
247 43 31 417
247 52 56 79
247 57 41 308
247 68 10 139
247 78 19 328
247 80 26 258
247 83 5 380
247 86 59 449
247 88 1 127
247 108 50 164
248 8 9 300
248 18 23 230
248 35 19 125
248 37 28 443
248 48 34 374
248 57 14 37
248 60 52 78
248 67 1 121
248 71 56 386
248 75 7 316
248 77 37 297
248 94 31 180
248 95 3 242
248 102 16 97
248 109 43 278
249 11 25 412
249 17 49 278
249 33 13 117
249 37 43 213
249 48 32 51
249 51 46 199
249 52 22 50
249 54 29 153
249 60 55 167
249 71 39 367
249 74 58 350
249 75 19 316
249 87 1 355
249 117 7 406
249 120 4 299
250 2 25 178
250 3 22 250
250 4 59 378
250 8 53 311
250 26 10 22
250 34 55 429
250 43 46 113
250 49 39 104
250 57 7 37
250 61 13 353
250 76 19 105
250 84 34 215
250 87 31 142
250 106 17 289
250 114 2 277
251 13 21 30
251 46 10 185
251 49 31 300
251 53 35 162
251 55 23 316
251 69 55 48
251 88 2 14
251 90 49 434
251 91 14 140
251 93 58 295
251 96 37 214
251 107 26 95
251 108 43 211
251 109 8 138
251 114 40 277
252 2 37 191
252 5 29 303
252 8 57 187
252 32 13 249
252 51 31 22
252 63 25 268
252 65 11 330
252 67 55 121
252 78 1 280
252 86 46 91
252 89 43 315
252 96 22 350
252 100 49 73
252 116 19 29
252 119 7 255
253 6 43 183
253 11 37 151
253 12 27 256
253 16 4 315
253 17 31 278
253 31 49 265
253 50 22 33
253 54 53 442
253 56 40 321
253 65 25 1
253 86 9 91
253 87 1 370
253 98 13 88
253 102 34 253
253 115 19 230
254 6 44 251
254 22 1 63
254 32 51 349
254 43 37 417
254 49 25 174
254 50 19 418
254 59 5 361
254 60 13 153
254 62 22 236
254 75 40 187
254 82 59 249
254 89 16 338
254 99 33 446
254 108 8 164
254 116 56 343
255 5 53 297
255 6 43 191
255 7 13 199
255 37 34 443
255 38 5 153
255 48 10 282
255 52 29 79
255 54 38 442
255 68 58 407
255 72 55 103
255 85 50 437
255 86 31 91
255 88 1 114
255 107 25 419
255 120 17 310
256 7 43 79
256 18 5 3
256 35 37 147
256 39 13 103
256 43 10 199
256 45 8 82
256 47 52 343
256 50 25 418
256 52 1 50
256 57 21 37
256 75 19 90
256 83 17 380
256 91 31 140
256 94 3 76
256 111 55 62
257 5 25 297
257 19 31 376
257 35 3 147
257 44 19 133
257 53 23 127
257 54 11 214
257 63 7 130
257 74 50 107
257 86 53 449
257 90 43 46
257 93 13 195
257 98 37 325
257 106 35 76
257 109 1 278
257 112 16 387
258 12 39 256
258 30 20 306
258 32 43 281
258 35 50 125
258 37 10 213
258 50 7 33
258 52 47 4
258 55 1 288
258 62 56 236
258 67 37 210
258 70 31 10
258 87 4 355
258 89 35 366
258 103 14 222
259 5 15 302
259 9 49 37
259 36 20 158
259 42 44 33
259 54 37 319
259 68 1 139
259 70 25 100
259 82 53 171
259 83 29 39
259 84 55 333
259 85 58 289
259 94 31 95
259 111 7 8
259 113 33 358
260 4 35 378
260 14 40 349
260 38 11 319
260 61 31 416
260 68 44 407
260 82 19 249
260 85 58 112
260 86 17 91
260 90 7 169
260 102 37 354
260 103 22 415
260 109 15 138
260 110 51 216
260 117 25 380
261 2 55 164
261 5 17 297
261 7 31 401
261 21 29 81
261 23 7 377
261 33 43 415
261 47 23 444
261 53 11 275
261 57 47 323
261 70 19 10
261 78 37 366
261 96 49 91
261 97 13 310
261 106 26 285
261 113 2 372
262 25 37 27
262 31 50 94
262 38 27 133
262 54 7 442
262 57 29 323
262 61 9 382
262 67 17 121
262 72 1 388
262 82 35 171
262 88 43 127
262 97 3 321
262 99 31 185
262 102 20 253
262 103 40 350
262 109 14 4
263 5 34 302
263 6 50 355
263 29 10 262
263 30 19 57
263 32 37 245
263 35 44 125
263 39 31 132
263 45 55 351
263 76 25 284
263 89 5 366
263 92 13 218
263 96 28 205
263 112 2 170
263 119 57 426
264 8 17 173
264 23 44 252
264 25 21 330
264 31 55 265
264 38 5 218
264 43 7 113
264 59 19 123
264 65 13 330
264 66 51 432
264 85 1 437
264 91 37 140
264 106 29 289
264 109 10 138
264 118 25 264
265 3 7 250
265 13 17 30
265 14 1 335
265 17 26 409
265 25 4 107
265 26 37 5
265 29 52 262
265 42 13 297
265 44 55 133
265 82 21 82
265 83 11 380
265 86 23 437
265 87 34 355
265 102 31 253
265 115 49 171
266 3 29 250
266 4 45 378
266 10 10 253
266 17 58 278
266 38 4 319
266 43 37 315
266 47 31 444
266 50 52 174
266 65 40 69
266 67 19 121
266 97 25 310
266 107 14 95
266 110 1 216
266 116 34 62
267 6 55 323
267 9 26 325
267 11 10 151
267 14 47 407
267 32 51 373
267 42 32 308
267 49 13 300
267 59 17 123
267 63 19 194
267 95 43 242
267 102 1 150
267 115 7 171
267 117 37 231
268 5 39 302
268 10 41 33
268 16 17 55
268 41 7 373
268 54 10 69
268 72 28 388
268 74 46 45
268 80 2 357
268 88 49 14
268 92 55 398
268 96 13 91
268 98 20 325
268 105 53 218
268 115 25 255
269 6 27 251
269 13 15 30
269 21 35 81
269 49 37 44
269 52 49 50
269 59 33 123
269 69 1 48
269 76 4 105
269 77 57 275
269 86 13 159
269 87 7 437
269 99 20 214
269 102 51 150
269 117 43 380
270 6 37 280
270 12 57 181
270 24 3 201
270 39 25 132
270 53 55 342
270 66 19 285
270 84 9 215
270 90 43 434
270 94 7 76
270 102 28 150
270 117 13 380
270 118 49 61
270 119 31 257
271 12 7 386
271 14 11 407
271 19 25 122
271 22 4 63
271 45 47 172
271 46 1 185
271 55 35 445
271 70 43 410
271 87 19 142
271 88 50 127
271 91 56 319
271 96 28 188
271 102 37 97
271 109 13 28
271 114 41 218
272 14 29 349
272 21 47 216
272 27 37 422
272 35 25 125
272 40 10 307
272 53 23 275
272 56 31 204
272 58 19 379
272 64 56 111
272 66 49 85
272 68 7 407
272 75 15 294
272 96 43 91
272 101 33 320
272 107 1 419
273 3 3 250
273 13 37 269
273 16 9 221
273 24 39 201
273 32 26 426
273 38 41 133
273 49 32 3
273 66 13 432
273 68 46 139
273 86 5 449
273 92 55 218
273 101 17 78
273 106 1 285
273 118 19 264
273 120 22 310
274 6 43 280
274 9 33 138
274 19 13 122
274 48 2 374
274 54 28 442
274 76 37 384
274 82 40 446
274 87 58 370
274 92 49 218
274 94 11 426
274 95 20 266
274 96 16 372
274 110 55 431
274 114 25 49
274 118 8 61
275 8 23 398
275 14 7 335
275 24 45 201
275 31 19 439
275 36 56 158
275 48 40 51
275 54 43 442
275 66 33 85
275 69 1 398
275 71 13 263
275 83 17 379
275 84 4 215
275 86 47 449
275 108 26 445
275 115 37 69
276 9 52 116
276 47 11 444
276 57 23 37
276 67 15 210
276 68 58 139
276 85 37 289
276 86 7 449
276 88 25 312
276 92 31 359
276 93 43 98
276 94 9 76
276 98 19 232
276 107 1 259
276 112 40 387
276 114 5 415
277 9 46 325
277 17 58 196
277 22 10 63
277 24 23 201
277 30 31 306
277 49 37 174
277 51 26 416
277 71 15 420
277 88 51 312
277 89 49 315
277 93 43 200
277 100 1 73
277 101 13 446
277 107 19 419
277 112 55 170
278 2 28 164
278 9 49 116
278 20 56 400
278 26 34 103
278 40 16 431
278 44 21 430
278 69 31 398
278 74 25 350
278 75 4 187
278 78 7 411
278 94 44 76
278 97 1 97
278 111 37 129
278 115 13 171
279 3 5 250
279 15 23 88
279 19 20 122
279 28 49 157
279 32 55 24
279 40 33 307
279 49 13 174
279 63 1 194
279 76 26 105
279 98 8 153
279 107 44 241
279 109 17 1
279 114 59 277
279 116 40 62
280 16 44 180
280 27 8 41
280 29 28 34
280 52 53 50
280 55 59 445
280 59 46 123
280 69 25 36
280 72 17 164
280 73 13 44
280 80 37 258
280 81 1 163
280 90 55 434
280 91 49 320
280 92 19 398
280 96 33 91
281 13 4 30
281 16 35 221
281 20 25 371
281 22 49 72
281 23 13 239
281 37 1 213
281 58 57 204
281 61 44 303
281 65 37 1
281 76 31 284
281 96 52 147
281 100 7 73
281 110 19 216
281 113 39 335
282 16 29 55
282 17 10 278
282 21 43 257
282 23 37 239
282 37 58 213
282 41 1 373
282 44 49 370
282 45 41 351
282 46 31 174
282 51 25 204
282 61 19 55
282 67 13 210
282 85 4 112
282 87 34 63
282 115 46 330
283 9 55 90
283 20 49 397
283 21 41 81
283 30 13 267
283 40 4 277
283 46 22 185
283 55 20 288
283 58 58 197
283 66 25 386
283 92 37 359
283 104 7 126
283 107 31 135
283 117 43 196
284 4 57 378
284 12 8 254
284 16 55 315
284 20 25 444
284 21 59 81
284 35 31 125
284 42 19 235
284 46 1 174
284 47 13 435
284 62 4 236
284 79 40 221
284 80 50 357
284 84 16 215
284 90 45 106
284 109 23 28
285 12 13 55
285 15 59 430
285 19 39 376
285 23 19 227
285 37 46 213
285 58 2 204
285 59 37 123
285 69 43 36
285 71 9 34
285 75 7 90
285 78 55 366
285 81 31 361
285 91 25 28
285 97 52 398
285 112 49 387
286 2 27 7
286 11 55 412
286 24 1 201
286 30 43 306
286 51 37 416
286 54 4 442
286 55 21 316
286 64 49 354
286 76 40 384
286 77 8 159
286 80 13 136
286 94 47 368
286 106 59 169
286 109 34 278
287 13 39 281
287 16 23 180
287 22 7 72
287 26 55 140
287 32 32 450
287 33 1 360
287 39 25 277
287 59 41 91
287 67 13 121
287 82 37 446
287 98 19 88
287 101 58 320
287 104 50 126
287 106 17 14
287 120 10 310
288 25 8 330
288 26 43 103
288 31 25 381
288 37 20 443
288 51 15 192
288 55 11 316
288 56 13 389
288 67 49 210
288 68 40 139
288 81 51 361
288 83 47 39
288 88 1 312
288 95 32 294
288 97 37 420
288 111 56 288
289 4 33 378
289 13 1 281
289 32 3 388
289 35 37 397
289 51 16 416
289 54 14 442
289 56 55 418
289 88 25 114
289 93 10 295
289 95 57 52
289 97 52 321
289 102 49 97
289 106 29 14
289 113 19 169
290 2 22 164
290 12 55 4
290 24 53 201
290 28 37 390
290 30 43 57
290 32 1 24
290 37 25 213
290 50 13 33
290 54 16 442
290 66 31 205
290 71 7 263
290 91 49 140
290 116 19 62
291 17 32 161
291 27 7 422
291 29 49 262
291 35 1 78
291 37 40 443
291 47 11 435
291 50 52 376
291 65 23 358
291 67 5 210
291 71 43 263
291 82 29 371
291 97 13 321
291 105 17 256
291 113 25 358
291 117 19 231
292 2 56 279
292 5 13 302
292 18 41 422
292 31 25 265
292 39 4 103
292 46 38 185
292 59 23 361
292 67 17 368
292 73 31 323
292 90 49 99
292 92 19 359
292 105 1 266
292 106 15 7
292 113 8 358
293 6 37 183
293 11 52 151
293 15 9 90
293 16 35 315
293 21 55 257
293 23 25 227
293 43 49 347
293 48 31 429
293 52 43 50
293 75 1 294
293 79 4 226
293 91 45 257
293 106 41 285
293 108 19 391
293 111 13 245
294 5 37 302
294 13 21 281
294 21 39 81
294 48 58 429
294 55 55 316
294 59 19 344
294 64 44 81
294 76 1 403
294 78 31 366
294 85 25 413
294 89 17 366
294 97 28 154
294 98 50 88
294 105 35 256
294 106 41 284
295 1 56 414
295 21 49 81
295 23 8 227
295 27 43 342
295 44 13 450
295 47 17 444
295 51 37 204
295 65 31 358
295 71 27 49
295 72 47 388
295 73 51 104
295 83 23 39
295 87 40 263
295 90 1 169
295 119 19 408
296 3 25 250
296 7 1 27
296 16 45 55
296 20 21 168
296 38 49 423
296 43 51 353
296 56 19 204
296 57 43 37
296 68 31 407
296 87 40 355
296 90 7 70
296 106 11 169
296 112 13 38
296 116 16 62
296 117 56 172
297 3 15 250
297 5 8 302
297 6 19 251
297 7 49 344
297 20 43 400
297 33 37 117
297 41 34 373
297 45 10 351
297 56 17 389
297 74 31 187
297 80 55 261
297 95 25 266
297 109 13 1
297 111 1 245
298 12 55 55
298 21 35 257
298 24 11 201
298 30 13 306
298 31 37 94
298 62 4 346
298 63 43 130
298 64 7 111
298 83 2 181
298 101 53 346
298 103 32 222
298 107 49 259
298 111 25 245
298 117 19 380
298 120 17 85
299 21 59 216
299 22 40 154
299 29 28 262
299 46 33 50
299 50 46 215
299 54 31 442
299 56 17 204
299 64 13 119
299 67 2 368
299 69 19 48
299 74 56 45
299 76 22 107
299 107 51 241
299 114 11 415
300 10 41 125
300 12 51 422
300 14 45 349
300 17 55 278
300 20 14 371
300 24 47 201
300 45 58 82
300 55 49 316
300 56 5 204
300 80 26 357
300 87 37 122
300 91 21 449
300 101 43 446
300 117 7 380
300 119 32 111
Điểm tối ưu: 4331
Thời gian: 360.149350 giây
Trạng thái: VALID
