653
1 1 16 2
1 2 44 36
1 3 57 1
1 4 53 19
1 5 19 31
1 7 35 61
1 9 7 14
1 12 49 24
1 13 46 46
1 14 13 51
1 15 25 22
1 17 38 5
1 18 31 26
1 19 29 28
1 20 22 15
2 1 49 2
2 2 25 18
2 3 13 1
2 7 11 67
2 8 44 33
2 9 7 30
2 10 21 4
2 11 31 9
2 13 40 46
2 14 1 7
2 15 4 39
2 16 27 72
2 19 17 55
2 20 37 60
3 1 46 2
3 3 37 65
3 6 10 44
3 8 32 13
3 9 13 49
3 10 8 4
3 11 56 17
3 12 28 26
3 14 25 51
3 16 49 72
3 17 3 5
3 18 19 42
3 19 1 35
3 20 43 56
4 1 13 47
4 3 25 1
4 4 40 19
4 5 37 31
4 8 1 33
4 10 47 4
4 13 55 46
4 14 50 7
4 15 7 22
4 17 21 5
4 19 17 35
4 20 34 60
5 1 15 40
5 2 27 36
5 3 20 65
5 4 7 19
5 5 43 31
5 7 9 67
5 8 55 33
5 13 1 46
5 14 49 51
5 15 46 22
5 17 13 5
5 19 4 35
5 20 31 56
6 1 4 47
6 2 31 36
6 3 20 1
6 4 11 19
6 5 1 31
6 7 26 67
6 9 44 30
6 12 16 24
6 13 28 46
6 14 52 51
6 15 13 12
6 17 57 5
6 18 7 42
6 20 38 56
7 1 37 47
7 2 1 36
7 3 7 1
7 4 43 19
7 5 4 31
7 7 40 67
7 8 45 68
7 9 32 30
7 10 59 4
7 11 27 9
7 14 19 51
7 15 55 39
7 16 53 72
7 18 14 63
8 1 34 2
8 2 11 18
8 3 1 41
8 4 5 19
8 5 40 31
8 6 43 44
8 7 17 61
8 8 55 13
8 10 27 4
8 11 21 9
8 12 13 26
8 15 8 12
8 16 19 72
8 18 49 63
9 1 55 47
9 5 28 31
9 6 10 25
9 7 15 67
9 8 37 33
9 9 49 30
9 10 3 4
9 11 44 9
9 13 7 46
9 14 19 7
9 16 25 72
9 17 17 5
9 19 1 55
9 20 31 60
10 1 21 40
10 2 19 36
10 4 51 19
10 5 10 31
10 6 7 25
10 10 43 4
10 11 13 17
10 13 4 46
10 14 55 7
10 15 25 12
10 17 59 5
10 19 17 28
10 20 1 56
11 1 39 2
11 2 15 36
11 4 25 19
11 7 17 67
11 8 31 33
11 9 55 30
11 10 13 4
11 11 7 9
11 12 22 24
11 14 4 7
11 15 43 45
11 16 29 72
11 19 19 55
11 20 1 15
12 2 13 18
12 4 45 19
12 5 22 31
12 6 1 44
12 8 49 33
12 9 37 30
12 10 10 4
12 12 25 24
12 13 4 44
12 14 16 51
12 17 19 5
12 18 32 42
12 19 41 28
12 20 7 56
13 1 16 47
13 2 23 18
13 3 2 68
13 4 32 19
13 6 40 44
13 7 37 67
13 8 25 59
13 9 19 14
13 11 55 71
13 14 13 7
13 16 46 72
13 18 7 63
13 19 11 35
13 20 34 15
14 1 31 47
14 2 5 18
14 3 1 65
14 6 49 44
14 7 7 67
14 9 13 30
14 10 55 4
14 11 26 71
14 13 10 46
14 14 58 7
14 15 22 10
14 16 35 72
14 17 53 5
14 19 38 55
14 20 19 56
15 2 38 36
15 3 56 65
15 4 9 19
15 5 16 31
15 6 50 25
15 8 26 33
15 11 43 17
15 12 4 26
15 13 22 46
15 15 1 39
15 17 40 5
15 18 31 63
15 19 35 35
15 20 13 15
16 1 43 47
16 3 7 68
16 5 49 31
16 6 25 25
16 7 15 61
16 8 20 59
16 9 56 14
16 11 31 17
16 12 40 24
16 14 37 51
16 15 46 10
16 18 2 42
16 19 13 35
16 20 28 56
17 1 28 2
17 2 5 36
17 3 7 41
17 4 23 19
17 5 58 31
17 6 15 25
17 7 33 67
17 8 1 13
17 9 19 30
17 10 37 4
17 12 25 26
17 15 39 22
17 16 13 72
17 20 46 56
18 3 43 65
18 4 37 19
18 5 7 31
18 7 3 67
18 8 14 33
18 9 27 14
18 10 1 4
18 13 31 46
18 14 34 7
18 15 10 39
18 16 21 72
18 17 5 5
18 19 19 35
18 20 49 56
19 1 40 47
19 3 43 1
19 4 55 19
19 6 25 44
19 7 7 61
19 8 57 59
19 9 19 49
19 10 29 4
19 11 1 17
19 12 52 24
19 14 16 26
19 19 9 28
20 1 34 47
20 2 19 18
20 3 13 65
20 4 21 19
20 5 25 31
20 6 55 25
20 9 3 30
20 10 53 4
20 11 7 71
20 12 40 26
20 15 46 45
20 17 1 5
20 19 58 35
20 20 28 60
21 1 43 2
21 2 55 36
21 6 7 44
21 7 5 67
21 8 20 33
21 10 57 4
21 11 51 9
21 12 46 24
21 14 34 51
21 15 10 10
21 16 17 72
21 18 38 42
21 19 2 28
21 20 13 56
22 1 28 47
22 2 38 18
22 4 11 71
22 6 34 25
22 9 7 49
22 10 15 4
22 12 1 26
22 14 58 51
22 15 31 22
22 16 55 72
22 17 45 5
22 19 22 28
23 2 35 36
23 3 19 41
23 4 5 71
23 6 13 44
23 7 26 61
23 9 55 49
23 11 1 71
23 12 37 26
23 13 49 46
23 15 16 12
23 16 33 72
23 17 23 5
23 19 7 28
24 1 8 2
24 2 17 18
24 3 31 1
24 4 35 19
24 6 38 25
24 8 19 68
24 10 23 4
24 11 1 9
24 12 58 24
24 13 52 46
24 14 43 51
24 19 15 55
24 20 25 15
25 1 25 40
25 3 7 65
25 6 19 44
25 7 23 67
25 11 43 71
25 12 34 24
25 14 31 51
25 15 28 39
25 17 11 5
25 18 1 63
25 19 15 28
25 20 52 56
26 1 25 47
26 2 1 18
26 4 57 19
26 9 43 14
26 10 33 4
26 12 13 24
26 14 40 7
26 15 16 22
26 16 11 72
26 17 29 5
26 18 49 42
26 19 3 55
27 1 52 2
27 2 15 18
27 4 1 19
27 6 34 44
27 8 9 33
27 9 3 14
27 12 55 24
27 13 43 46
27 15 19 39
27 16 38 72
27 17 7 5
27 19 13 28
28 1 43 40
28 3 50 41
28 4 17 19
28 6 31 44
28 7 55 67
28 8 8 13
28 10 35 4
28 11 37 17
28 12 1 24
28 16 59 72
28 18 25 42
28 20 14 60
29 1 1 47
29 2 25 36
29 3 31 41
29 4 13 19
29 5 52 31
29 7 19 61
29 8 38 59
29 9 27 49
29 12 46 26
29 14 8 7
29 15 22 22
29 17 15 5
29 20 56 56
30 1 10 47
30 2 17 36
30 3 55 41
30 4 29 19
30 5 46 31
30 9 32 14
30 10 5 4
30 11 13 71
30 15 2 22
30 17 49 5
30 18 51 26
30 19 19 28
30 20 7 15
31 1 58 47
31 2 53 18
31 3 25 41
31 7 29 67
31 8 31 59
31 10 39 4
31 11 49 71
31 14 22 7
31 15 19 22
31 18 43 42
31 19 5 55
31 20 7 60
32 1 57 40
32 2 53 36
32 3 37 68
32 6 16 44
32 7 19 67
32 8 44 59
32 11 49 17
32 12 4 24
32 13 34 46
32 14 22 51
32 18 25 63
32 19 9 35
33 1 55 2
33 2 7 36
33 3 31 68
33 5 13 31
33 6 58 25
33 7 29 61
33 9 49 49
33 12 10 24
33 13 37 46
33 14 25 7
33 15 1 12
33 16 5 72
33 18 20 63
33 19 40 35
34 1 22 47
34 2 31 18
34 4 47 19
34 6 28 25
34 7 5 61
34 8 49 13
34 9 1 49
34 11 14 9
34 12 19 24
34 15 10 22
34 17 41 25
34 19 7 35
34 20 56 60
35 1 22 2
35 2 49 36
35 4 47 71
35 6 28 44
35 9 33 49
35 11 55 9
35 14 43 7
35 15 51 22
35 16 40 72
35 17 31 5
35 18 14 42
35 19 25 28
36 1 7 47
36 4 17 71
36 5 55 31
36 6 37 44
36 7 35 67
36 9 26 30
36 10 41 4
36 12 31 24
36 14 3 51
36 15 19 10
36 16 1 72
36 17 47 5
36 19 10 55
37 1 25 2
37 2 47 36
37 3 43 41
37 7 3 61
37 8 50 59
37 9 37 14
37 11 19 17
37 12 28 24
37 13 13 46
37 14 7 51
37 15 10 45
37 17 34 5
37 19 32 28
37 20 16 15
38 2 29 36
38 3 37 1
38 4 23 71
38 6 4 25
38 7 13 61
38 8 49 68
38 12 19 26
38 14 31 7
38 15 7 39
38 16 15 72
38 17 27 5
38 18 43 63
38 20 56 15
39 1 19 2
39 2 13 36
39 7 1 61
39 8 56 68
39 12 22 26
39 13 46 44
39 14 28 7
39 15 15 39
39 16 9 72
39 17 53 25
39 20 3 60
40 1 1 2
40 2 51 36
40 3 13 41
40 4 19 19
40 5 34 31
40 8 44 13
40 10 49 4
40 11 8 17
40 13 25 46
40 15 4 10
40 16 31 72
40 18 37 63
40 20 21 60
41 1 31 2
41 2 23 36
41 3 15 68
41 6 1 25
41 7 9 61
41 8 19 13
41 9 37 49
41 11 26 17
41 14 46 7
41 16 57 72
41 17 13 25
41 20 4 15
42 2 41 36
42 3 50 65
42 7 11 61
42 10 17 4
42 11 31 71
42 12 43 26
42 13 22 44
42 14 37 7
42 16 3 72
42 17 55 5
42 18 57 26
42 19 15 35
42 20 28 15
43 1 46 47
43 2 3 36
43 4 27 19
43 6 22 25
43 7 44 67
43 8 37 13
43 9 13 14
43 10 51 4
43 13 19 46
43 15 34 22
43 16 7 72
43 17 9 5
43 20 31 15
44 1 19 47
44 2 9 36
44 3 50 1
44 6 31 25
44 8 13 13
44 9 43 49
44 12 37 24
44 14 40 51
44 17 25 5
44 18 57 42
44 19 22 35
44 20 34 56
45 1 52 47
45 2 3 18
45 3 37 41
45 4 49 19
45 5 31 31
45 6 45 25
45 7 13 67
45 8 25 68
45 11 19 71
45 14 55 51
45 15 34 39
45 16 23 72
45 19 7 55
46 1 49 47
46 2 21 36
46 3 25 65
46 4 59 19
46 7 1 67
46 13 52 44
46 14 16 7
46 16 44 72
46 18 55 63
46 19 4 28
46 20 10 15
47 1 4 2
47 2 56 18
47 4 35 71
47 7 31 67
47 8 13 59
47 10 25 4
47 11 37 9
47 12 7 24
47 13 58 46
47 14 28 51
47 15 22 39
47 17 43 25
48 2 11 36
48 3 2 1
48 4 15 19
48 7 22 61
48 8 7 59
48 10 19 4
48 12 43 24
48 13 58 44
48 14 46 51
48 15 28 12
48 17 51 5
48 19 13 55
48 20 25 56
49 1 13 2
49 3 33 65
49 4 3 19
49 6 55 44
49 7 21 67
49 8 25 13
49 9 50 14
49 10 45 4
49 11 37 71
49 12 10 26
49 13 16 46
49 15 7 45
49 20 58 75
50 1 58 2
50 2 33 36
50 6 19 25
50 7 53 67
50 8 2 59
50 10 31 4
50 12 7 26
50 14 10 51
50 15 13 10
50 16 51 72
50 17 43 5
50 20 25 60
Điểm tối ưu: 653
Thời gian: 89.897274 giây
Trạng thái: VALID
