2158
1 5 29 210
1 6 21 162
1 17 1 123
1 18 19 103
1 20 31 165
1 22 40 175
1 24 49 4
1 25 59 135
1 33 33 212
1 42 13 33
1 45 55 208
1 49 10 79
1 51 37 107
1 56 43 215
1 59 25 143
2 5 19 87
2 8 21 50
2 10 52 197
2 13 32 131
2 15 55 207
2 20 7 165
2 22 58 74
2 31 37 161
2 34 17 40
2 35 43 20
2 36 10 126
2 41 2 181
2 45 25 68
2 47 23 96
2 59 13 59
3 2 43 225
3 9 26 146
3 15 4 207
3 24 45 196
3 25 32 135
3 29 13 198
3 32 59 64
3 34 2 40
3 35 55 20
3 37 19 222
3 38 17 61
3 40 10 178
3 44 51 68
3 51 7 194
3 58 49 185
4 4 55 209
4 5 23 67
4 11 32 14
4 12 41 32
4 13 3 131
4 14 1 157
4 15 38 176
4 20 17 166
4 21 7 67
4 25 11 135
4 26 51 223
4 40 46 178
4 45 25 102
4 49 19 95
4 60 13 182
5 14 59 201
5 17 43 72
5 20 34 166
5 23 51 80
5 26 16 223
5 28 10 112
5 31 19 210
5 32 38 140
5 35 55 119
5 37 7 195
5 44 3 71
5 51 28 160
5 58 1 175
5 60 31 62
6 3 25 147
6 5 49 87
6 9 47 152
6 10 13 197
6 16 43 31
6 17 7 123
6 19 59 106
6 20 51 165
6 24 19 196
6 27 1 10
6 40 16 151
6 44 55 68
6 47 33 96
6 52 5 45
7 4 43 44
7 8 7 134
7 9 17 146
7 20 15 166
7 27 51 32
7 28 13 41
7 33 57 27
7 40 1 178
7 41 31 181
7 42 40 77
7 47 37 129
7 50 9 153
7 51 4 107
7 53 28 117
7 60 19 148
8 1 4 144
8 3 39 205
8 8 23 134
8 12 37 95
8 14 49 192
8 17 19 38
8 18 25 103
8 26 7 223
8 32 51 140
8 38 47 61
8 39 27 191
8 43 31 105
8 50 43 43
8 53 34 78
8 57 13 11
9 1 13 144
9 5 17 87
9 9 40 146
9 18 49 52
9 24 55 196
9 29 25 198
9 30 1 104
9 31 19 183
9 33 8 212
9 37 10 222
9 45 43 184
9 53 37 209
9 55 33 15
9 56 3 8
9 60 51 52
10 2 3 225
10 3 37 7
10 9 25 152
10 13 13 116
10 15 49 207
10 19 7 193
10 23 31 155
10 27 43 32
10 39 5 191
10 40 52 97
10 41 27 220
10 44 55 13
10 48 19 99
10 58 11 185
11 1 16 144
11 4 2 16
11 13 31 49
11 15 7 207
11 18 28 103
11 20 20 165
11 22 10 44
11 33 13 212
11 40 22 178
11 41 37 34
11 48 49 99
11 53 43 151
11 55 46 1
11 60 25 182
12 11 19 48
12 14 53 192
12 22 40 13
12 30 3 104
12 40 58 167
12 41 31 220
12 42 26 77
12 44 15 6
12 45 44 37
12 47 51 96
12 50 1 43
12 52 35 45
12 55 37 15
12 60 7 182
13 1 52 81
13 3 55 39
13 6 43 219
13 9 50 146
13 15 13 98
13 16 25 31
13 19 47 106
13 22 19 205
13 36 1 83
13 40 4 178
13 41 37 113
13 45 7 115
13 46 31 186
13 51 22 4
13 55 28 15
14 2 15 225
14 14 59 192
14 16 55 28
14 24 27 9
14 25 37 135
14 32 19 140
14 39 33 191
14 40 43 178
14 41 49 181
14 43 1 105
14 44 39 68
14 48 21 200
14 50 25 43
14 51 10 194
14 53 7 69
15 1 7 144
15 4 3 209
15 5 1 210
15 6 55 219
15 13 25 131
15 15 45 176
15 22 13 13
15 30 19 57
15 35 31 2
15 37 16 222
15 41 21 221
15 42 40 33
15 43 49 137
15 49 52 79
15 58 35 185
16 1 46 144
16 9 7 152
16 14 3 157
16 16 58 28
16 17 13 123
16 18 1 35
16 20 31 166
16 27 37 10
16 30 9 57
16 38 41 49
16 39 35 6
16 40 55 151
16 49 28 79
16 53 43 78
16 59 19 36
17 2 28 225
17 5 38 87
17 14 13 192
17 17 15 38
17 18 10 103
17 25 44 135
17 26 4 223
17 28 50 112
17 30 21 57
17 33 46 27
17 40 7 90
17 49 31 79
17 53 40 69
17 58 1 185
17 60 25 62
18 5 43 210
18 8 11 50
18 11 45 5
18 13 32 64
18 17 7 72
18 19 52 106
18 20 25 166
18 23 37 207
18 27 15 90
18 33 13 27
18 42 58 33
18 48 19 201
18 49 1 79
18 51 4 4
18 60 28 182
19 2 58 87
19 8 32 134
19 11 49 82
19 18 41 52
19 28 19 112
19 32 7 64
19 40 46 171
19 41 9 181
19 42 22 77
19 44 1 6
19 47 53 129
19 50 13 43
19 52 39 45
19 57 26 11
20 9 21 152
20 12 1 32
20 18 4 103
20 19 32 61
20 20 28 166
20 22 34 205
20 23 49 113
20 26 46 223
20 32 11 170
20 35 14 20
20 44 38 170
20 47 58 96
20 49 43 103
20 51 25 107
20 52 9 45
21 2 7 225
21 3 37 147
21 5 49 210
21 18 51 103
21 22 58 175
21 25 13 224
21 29 43 173
21 33 33 27
21 34 26 40
21 41 1 220
21 42 55 33
21 43 22 137
21 48 9 105
21 51 19 4
21 54 5 78
22 3 25 179
22 4 19 44
22 14 46 192
22 18 23 52
22 19 16 106
22 27 31 108
22 28 3 41
22 32 5 64
22 39 13 6
22 41 37 181
22 49 10 184
22 50 57 43
22 52 1 45
23 2 56 87
23 6 49 216
23 10 34 74
23 12 59 95
23 29 7 157
23 32 32 140
23 35 20 2
23 37 25 195
23 40 3 151
23 42 28 33
23 47 1 96
23 55 16 178
23 59 43 129
23 60 40 223
24 1 43 93
24 2 56 97
24 6 49 162
24 13 15 135
24 18 31 52
24 20 41 165
24 22 1 205
24 23 37 78
24 26 34 167
24 27 19 90
24 35 7 58
24 36 4 126
24 37 25 222
24 52 53 45
25 2 9 225
25 7 43 70
25 11 38 5
25 19 21 61
25 24 14 9
25 27 49 10
25 33 5 212
25 34 47 40
25 36 55 126
25 42 31 33
25 44 26 170
25 52 7 45
25 53 34 151
25 54 11 123
25 59 1 36
26 4 31 193
26 9 17 152
26 12 49 127
26 16 2 31
26 25 22 135
26 36 19 83
26 38 5 61
26 40 25 178
26 41 43 221
26 46 52 187
26 54 15 78
26 56 28 118
26 58 11 175
26 59 7 143
27 2 43 87
27 3 45 7
27 4 31 209
27 6 1 216
27 16 28 31
27 25 19 135
27 26 16 167
27 28 23 112
27 33 39 27
27 34 59 40
27 35 8 108
27 42 52 33
27 47 35 129
27 50 55 43
27 58 5 175
28 1 1 144
28 9 52 152
28 13 38 64
28 15 25 219
28 22 28 44
28 23 55 155
28 29 8 173
28 35 13 100
28 45 19 102
28 51 4 160
28 53 49 117
28 55 31 1
28 59 43 60
28 60 34 182
29 3 25 7
29 12 11 171
29 14 17 192
29 16 49 31
29 17 55 195
29 19 1 106
29 20 53 166
29 23 13 177
29 26 19 223
29 27 7 10
29 30 22 104
29 35 3 119
29 49 37 103
29 56 31 215
29 58 45 185
30 1 40 144
30 4 19 16
30 12 53 95
30 13 56 49
30 26 1 223
30 28 34 112
30 32 46 140
30 36 16 83
30 42 10 77
30 49 43 79
30 52 4 34
30 56 7 215
30 58 31 185
31 6 1 142
31 10 25 197
31 12 57 95
31 13 43 149
31 16 34 31
31 19 14 106
31 23 51 78
31 24 37 9
31 33 21 212
31 40 28 178
31 42 7 77
31 50 23 43
31 52 19 45
31 54 47 123
31 55 16 15
32 4 38 16
32 6 13 216
32 8 17 50
32 10 4 197
32 28 25 112
32 29 27 173
32 32 47 170
32 38 11 176
32 39 31 191
32 42 19 33
32 45 56 184
32 49 34 79
32 50 1 153
32 52 22 160
32 60 43 62
33 8 29 50
33 10 55 106
33 17 43 123
33 18 1 174
33 19 21 106
33 24 13 4
33 25 3 224
33 26 34 105
33 33 26 27
33 41 7 220
33 42 31 77
33 52 41 45
33 56 58 83
33 58 5 20
34 12 26 95
34 16 7 28
34 17 1 195
34 22 58 44
34 31 37 210
34 35 49 2
34 36 55 83
34 44 19 13
34 45 43 208
34 46 31 187
34 49 13 79
34 51 10 107
34 56 16 215
35 9 37 146
35 13 20 133
35 16 31 31
35 17 55 38
35 23 25 207
35 27 13 108
35 29 39 93
35 31 44 57
35 32 59 140
35 46 49 187
35 48 1 200
35 49 34 184
35 51 52 160
35 54 29 78
35 59 8 129
36 2 1 97
36 4 55 16
36 5 51 210
36 6 45 162
36 13 13 64
36 14 7 192
36 22 9 13
36 33 3 27
36 38 5 176
36 41 25 181
36 47 43 96
36 50 35 43
36 58 33 185
36 60 37 62
37 2 13 225
37 3 45 199
37 14 55 192
37 15 1 39
37 16 19 31
37 18 49 103
37 20 43 165
37 21 25 67
37 22 58 205
37 31 15 179
37 36 37 126
37 44 7 170
37 46 34 187
37 51 40 107
37 55 22 15
38 1 31 144
38 3 38 39
38 8 3 50
38 11 25 82
38 17 50 38
38 19 1 193
38 20 43 166
38 28 8 112
38 34 22 80
38 38 59 61
38 39 10 191
38 44 13 170
38 48 55 201
38 49 19 184
38 56 34 8
39 3 19 194
39 4 43 193
39 8 7 50
39 12 55 95
39 15 34 176
39 18 1 66
39 19 25 106
39 26 4 167
39 27 27 133
39 33 17 212
39 37 14 195
39 43 10 37
39 45 49 171
39 46 37 187
39 55 57 15
40 1 22 144
40 4 55 193
40 8 27 134
40 11 44 206
40 12 32 95
40 13 13 133
40 22 19 175
40 23 8 26
40 26 37 167
40 29 1 77
40 34 17 80
40 46 34 186
40 52 50 45
40 60 40 62
41 4 49 16
41 17 8 38
41 25 55 135
41 31 43 127
41 34 29 80
41 35 31 20
41 37 2 222
41 43 20 105
41 44 25 18
41 45 13 115
41 50 5 43
41 51 57 4
41 56 39 149
41 58 37 185
42 4 25 16
42 5 4 87
42 7 55 70
42 10 31 197
42 12 2 95
42 14 37 192
42 16 21 28
42 19 9 106
42 25 7 135
42 31 50 100
42 34 29 40
42 39 47 6
42 40 13 178
42 43 16 137
42 51 43 160
43 11 43 82
43 15 16 219
43 20 11 165
43 21 19 67
43 23 55 177
43 24 37 196
43 35 1 58
43 40 13 151
43 46 52 186
43 48 26 201
43 54 35 123
43 55 7 1
43 56 31 8
43 58 23 185
43 60 49 62
44 11 19 82
44 12 4 171
44 19 27 106
44 20 55 165
44 23 31 26
44 29 49 157
44 32 7 140
44 33 11 27
44 39 25 191
44 43 40 137
44 50 9 43
44 51 1 107
44 58 58 185
44 59 13 36
45 1 49 144
45 2 4 180
45 3 56 194
45 6 19 142
45 7 7 70
45 8 11 134
45 10 46 197
45 19 23 106
45 20 28 165
45 23 33 207
45 36 37 148
45 49 1 184
45 54 31 78
45 58 25 185
45 59 13 60
46 15 52 176
46 16 37 28
46 18 19 52
46 19 23 61
46 23 15 155
46 25 13 135
46 27 1 90
46 29 44 157
46 30 5 104
46 40 40 97
46 43 7 37
46 46 55 187
46 47 21 96
46 53 32 117
46 58 27 185
47 1 49 93
47 2 39 225
47 22 31 205
47 27 3 32
47 34 7 40
47 35 19 108
47 36 26 148
47 42 58 77
47 43 13 137
47 44 44 13
47 45 9 208
47 49 16 184
47 50 23 153
47 56 34 215
48 1 14 93
48 2 21 225
48 3 37 194
48 5 53 67
48 8 41 134
48 10 1 197
48 13 7 133
48 24 32 196
48 35 55 2
48 36 43 58
48 37 49 195
48 44 25 149
48 54 11 89
48 56 4 215
48 60 46 62
49 5 41 210
49 16 49 28
49 23 37 48
49 25 7 47
49 31 19 100
49 38 25 49
49 39 1 191
49 41 56 181
49 53 10 151
49 57 43 11
49 58 29 185
49 59 31 129
49 60 52 62
50 2 7 97
50 11 9 5
50 15 15 176
50 27 32 32
50 28 27 112
50 31 55 57
50 35 44 2
50 36 19 58
50 39 3 191
50 45 49 102
50 47 13 96
50 49 40 79
50 52 23 198
51 1 34 81
51 2 25 225
51 4 50 44
51 6 21 125
51 15 55 176
51 16 13 31
51 22 31 175
51 25 40 135
51 26 37 223
51 33 19 212
51 43 4 37
51 46 8 186
51 55 43 1
51 56 28 215
52 4 49 193
52 13 43 64
52 18 16 52
52 23 25 177
52 24 7 196
52 33 1 212
52 36 13 58
52 39 37 191
52 45 56 37
52 49 4 79
52 51 39 160
52 52 21 45
52 57 31 11
52 58 47 185
53 1 57 144
53 2 1 225
53 8 44 50
53 14 39 192
53 18 3 35
53 23 50 177
53 26 32 223
53 29 9 198
53 32 5 170
53 45 25 208
53 46 46 186
53 47 17 129
53 53 13 117
53 54 21 89
54 1 1 81
54 4 43 118
54 11 7 14
54 15 19 176
54 31 49 179
54 32 41 140
54 36 34 126
54 39 17 191
54 42 22 33
54 43 31 37
54 45 37 145
54 46 28 187
54 53 58 200
54 55 4 1
54 59 13 129
55 3 31 7
55 9 10 152
55 13 25 135
55 17 19 123
55 23 49 48
55 27 38 59
55 32 53 140
55 33 16 27
55 35 55 108
55 43 13 37
55 44 43 190
55 50 29 43
55 52 47 45
55 57 1 11
56 2 5 225
56 14 1 218
56 18 29 52
56 27 25 10
56 32 23 170
56 34 11 40
56 35 7 20
56 38 3 49
56 43 13 105
56 50 33 43
56 53 20 117
56 54 17 123
56 57 55 11
56 59 49 129
57 2 17 180
57 3 31 147
57 5 7 87
57 17 1 72
57 18 41 103
57 20 10 166
57 32 15 140
57 44 55 170
57 51 49 107
57 52 44 45
57 53 46 151
57 54 13 78
57 59 37 36
58 6 19 219
58 7 25 70
58 9 49 152
58 13 45 49
58 20 23 165
58 23 51 155
58 45 32 68
58 46 40 186
58 49 56 79
58 50 43 153
58 53 16 69
58 56 37 215
58 58 9 185
58 60 3 52
59 1 7 81
59 4 15 209
59 9 29 152
59 10 10 197
59 12 13 171
59 17 39 72
59 22 31 74
59 30 3 57
59 38 23 49
59 39 58 191
59 49 51 184
59 51 55 107
59 54 37 123
59 59 43 143
60 1 52 29
60 3 1 147
60 15 16 207
60 21 43 67
60 23 25 155
60 26 13 167
60 27 32 90
60 30 41 104
60 31 19 127
60 33 5 27
60 36 7 126
60 41 55 220
60 43 10 137
60 53 38 117
60 55 49 1
61 1 25 93
61 4 3 132
61 5 1 7
61 7 13 70
61 10 28 197
61 12 7 171
61 13 9 64
61 15 49 176
61 19 19 193
61 25 52 135
61 28 21 112
61 36 43 83
61 38 57 61
61 47 37 96
61 59 33 59
62 2 38 97
62 9 11 146
62 11 13 82
62 16 1 28
62 25 19 47
62 26 44 105
62 35 50 20
62 43 22 37
62 47 26 96
62 49 7 184
62 52 17 45
62 53 55 117
62 55 40 1
62 60 4 62
63 1 52 144
63 9 3 152
63 10 37 106
63 13 19 49
63 16 40 28
63 23 32 177
63 25 1 224
63 36 58 126
63 38 49 61
63 43 46 137
63 48 7 201
63 54 29 123
63 58 11 30
64 3 50 147
64 5 23 87
64 11 55 82
64 15 1 219
64 18 21 52
64 19 16 193
64 20 33 165
64 29 25 157
64 39 5 6
64 42 10 33
64 49 13 184
64 51 44 107
64 52 59 45
65 1 27 144
65 3 43 205
65 10 37 197
65 14 23 192
65 21 1 67
65 24 19 9
65 31 55 161
65 33 9 27
65 37 32 195
65 38 7 49
65 42 52 77
65 45 13 208
65 51 40 4
65 56 49 215
66 1 4 81
66 3 49 104
66 22 55 205
66 23 37 177
66 25 16 224
66 29 19 157
66 34 11 80
66 42 46 33
66 43 34 37
66 46 13 186
66 48 7 99
66 49 58 60
66 53 1 117
66 55 43 15
66 59 25 129
67 5 51 87
67 16 58 31
67 17 31 72
67 18 13 52
67 25 1 47
67 32 10 140
67 33 21 27
67 38 17 49
67 39 41 6
67 43 28 37
67 47 56 96
67 48 37 201
67 49 4 184
67 53 46 117
67 56 7 8
68 2 51 225
68 4 7 209
68 11 55 5
68 22 25 205
68 25 13 47
68 28 11 41
68 33 23 27
68 35 1 20
68 37 28 195
68 39 15 191
68 44 43 6
68 52 17 34
68 53 31 151
68 58 21 185
68 59 38 143
69 9 13 146
69 17 44 38
69 23 55 26
69 26 28 105
69 27 19 32
69 28 23 41
69 29 7 180
69 35 37 2
69 42 16 98
69 43 33 137
69 47 49 96
69 48 51 18
69 49 25 79
69 52 5 198
69 59 1 129
70 11 2 5
70 13 27 53
70 14 25 192
70 18 53 108
70 20 19 166
70 22 13 74
70 23 33 80
70 26 22 167
70 38 11 61
70 39 46 191
70 42 16 77
70 47 8 96
70 53 43 69
70 58 39 185
71 1 10 93
71 5 29 87
71 10 49 74
71 11 13 14
71 17 25 38
71 18 17 108
71 20 46 166
71 22 4 44
71 27 37 90
71 35 32 100
71 36 1 126
71 41 55 34
71 43 43 137
71 46 7 187
71 49 22 95
72 3 1 179
72 4 43 209
72 12 10 95
72 16 7 31
72 18 23 108
72 22 28 205
72 32 25 140
72 34 55 40
72 41 50 221
72 45 37 115
72 47 5 96
72 53 19 69
72 56 16 8
72 59 31 60
73 1 19 144
73 2 5 97
73 6 7 142
73 7 37 70
73 22 22 74
73 23 43 48
73 26 55 167
73 31 25 80
73 39 29 175
73 44 49 170
73 51 16 160
73 52 3 45
73 60 31 182
74 2 45 97
74 5 11 87
74 13 49 49
74 15 58 207
74 17 14 72
74 20 39 165
74 22 4 74
74 23 21 177
74 26 1 167
74 28 19 41
74 36 8 83
74 43 55 202
74 47 35 96
74 48 31 75
74 53 27 69
75 12 7 95
75 20 23 166
75 25 49 135
75 27 9 32
75 33 37 27
75 38 43 61
75 44 31 6
75 46 55 186
75 47 29 129
75 49 16 79
75 53 20 151
75 54 3 89
75 55 25 1
75 58 1 30
75 60 13 62
76 3 25 39
76 8 9 50
76 11 49 5
76 16 4 28
76 18 53 103
76 29 13 173
76 32 29 140
76 36 38 83
76 37 45 195
76 38 7 61
76 42 22 81
76 49 34 95
76 54 57 78
76 56 19 8
77 1 58 81
77 2 31 225
77 6 14 142
77 16 52 31
77 20 1 166
77 22 22 205
77 31 37 179
77 37 55 222
77 38 10 49
77 39 50 191
77 40 43 171
77 44 33 13
77 49 7 103
77 50 27 43
77 54 5 123
78 6 31 219
78 7 19 70
78 10 55 74
78 18 15 103
78 19 11 106
78 21 37 67
78 31 7 200
78 33 25 212
78 36 28 126
78 38 53 49
78 45 49 208
78 48 43 201
78 54 3 78
78 55 58 1
79 2 46 225
79 5 58 210
79 10 22 197
79 15 1 207
79 18 11 35
79 19 19 106
79 25 5 135
79 28 29 112
79 36 43 126
79 38 53 61
79 41 13 221
79 44 25 6
79 49 7 79
79 50 49 43
79 60 38 52
80 5 1 87
80 7 50 70
80 14 43 192
80 15 16 39
80 16 10 31
80 19 29 193
80 20 14 165
80 22 7 74
80 28 3 112
80 31 25 183
80 44 32 18
80 45 37 184
80 46 46 187
80 49 22 184
80 55 55 1
81 3 45 147
81 11 8 82
81 12 43 95
81 23 1 155
81 25 35 135
81 29 37 157
81 34 14 80
81 46 19 187
81 47 16 96
81 48 49 201
81 50 5 153
81 52 32 198
81 53 58 117
81 58 41 20
82 1 52 93
82 3 7 205
82 6 19 216
82 8 1 50
82 9 13 152
82 16 55 31
82 19 3 106
82 21 31 67
82 29 37 198
82 31 15 127
82 45 43 102
82 46 25 187
82 49 49 79
82 50 47 43
82 53 28 151
83 3 32 179
83 5 53 210
83 6 7 216
83 9 27 152
83 13 37 116
83 15 13 207
83 18 59 52
83 19 29 61
83 26 22 223
83 32 55 140
83 36 49 83
83 39 47 175
83 45 1 208
83 47 11 96
84 5 47 210
84 6 31 216
84 14 19 192
84 17 56 123
84 20 9 165
84 29 49 198
84 35 21 119
84 38 43 176
84 42 16 33
84 50 53 43
84 53 4 117
84 54 7 78
84 56 13 8
84 60 1 182
85 5 29 67
85 8 5 134
85 18 35 108
85 19 1 61
85 20 41 166
85 23 14 26
85 24 31 153
85 25 3 135
85 31 19 179
85 42 25 33
85 44 37 217
85 45 7 102
85 49 45 95
85 51 57 160
86 1 16 81
86 3 21 73
86 6 37 142
86 15 4 39
86 18 47 108
86 19 19 61
86 20 58 165
86 22 10 74
86 26 25 167
86 28 41 112
86 30 13 104
86 40 7 151
86 51 34 194
86 56 55 215
86 58 43 185
87 3 13 147
87 5 45 210
87 10 58 197
87 11 31 5
87 12 47 32
87 20 37 165
87 23 7 155
87 30 19 104
87 32 21 140
87 45 25 145
87 48 1 201
87 53 52 117
87 54 11 78
87 56 49 8
88 1 10 144
88 8 25 134
88 13 57 131
88 14 51 192
88 15 22 176
88 16 40 31
88 24 2 9
88 26 28 167
88 29 43 198
88 33 35 27
88 38 15 61
88 39 55 191
88 53 7 117
88 59 31 36
89 5 15 87
89 8 17 134
89 12 31 171
89 14 23 157
89 18 5 35
89 27 1 133
89 29 19 173
89 38 13 61
89 43 7 137
89 47 39 96
89 52 41 8
89 53 46 69
89 55 25 15
89 56 52 83
89 60 10 52
90 6 39 125
90 14 13 157
90 19 37 61
90 20 16 165
90 25 1 135
90 29 43 77
90 31 31 161
90 36 28 58
90 41 19 181
90 42 49 33
90 45 56 171
90 46 3 186
90 49 25 184
90 51 10 160
90 54 8 89
91 3 19 7
91 14 27 192
91 20 25 165
91 21 49 67
91 22 37 13
91 26 7 167
91 29 31 173
91 31 55 80
91 32 4 140
91 39 11 6
91 41 43 34
91 45 14 102
91 54 23 123
91 58 53 185
92 3 7 179
92 8 13 134
92 14 5 192
92 31 37 200
92 33 41 27
92 36 46 83
92 39 35 191
92 40 55 178
92 49 28 95
92 51 31 107
92 52 59 8
92 53 50 209
92 54 1 78
93 6 55 216
93 14 41 192
93 15 28 176
93 17 31 38
93 19 39 61
93 24 50 196
93 27 43 108
93 28 37 112
93 30 1 57
93 31 3 161
93 34 9 40
93 41 13 34
93 49 19 79
93 56 25 215
94 19 55 61
94 22 52 74
94 23 1 177
94 25 5 224
94 27 25 32
94 34 19 80
94 37 10 195
94 41 57 113
94 42 43 33
94 44 21 149
94 45 15 171
94 49 37 79
94 50 41 43
94 60 33 52
95 10 43 106
95 14 15 192
95 15 19 207
95 23 49 26
95 24 33 9
95 28 17 112
95 33 31 27
95 34 9 80
95 35 2 108
95 37 46 222
95 44 55 6
95 48 38 99
95 53 25 151
95 56 22 215
96 6 7 162
96 18 55 103
96 38 43 49
96 40 37 151
96 43 1 37
96 44 45 18
96 48 25 200
96 50 11 153
96 53 32 69
96 55 13 1
96 56 40 215
96 57 50 11
96 58 4 185
96 59 19 143
96 60 58 62
97 1 7 93
97 3 57 7
97 4 32 132
97 5 11 67
97 12 1 171
97 13 49 131
97 31 3 210
97 34 37 40
97 38 45 61
97 43 19 37
97 45 26 171
97 48 13 201
97 50 39 43
97 58 23 20
98 4 25 193
98 9 3 146
98 12 23 171
98 23 13 48
98 27 43 90
98 28 1 112
98 31 49 183
98 37 31 222
98 40 34 97
98 41 37 221
98 50 5 147
98 55 19 15
98 56 56 8
98 60 10 182
99 1 34 144
99 5 25 87
99 11 19 5
99 13 1 64
99 14 59 218
99 17 27 72
99 20 45 165
99 28 31 112
99 29 37 173
99 32 57 140
99 33 23 212
99 46 10 187
99 48 15 99
99 58 13 185
100 2 34 225
100 4 9 168
100 13 55 116
100 24 1 15
100 26 31 167
100 34 13 40
100 45 38 171
100 46 43 187
100 49 46 103
100 50 19 43
100 54 52 137
100 55 28 1
100 58 7 185
100 60 16 182
101 8 5 50
101 9 59 152
101 10 34 106
101 12 7 32
101 16 37 31
101 17 25 28
101 19 49 106
101 21 55 67
101 23 13 113
101 30 29 57
101 34 1 80
101 37 52 195
101 39 23 6
101 40 10 90
102 3 43 39
102 5 35 210
102 8 29 134
102 9 31 146
102 13 37 49
102 17 50 72
102 25 11 47
102 27 13 32
102 29 1 173
102 32 17 140
102 43 19 137
102 51 25 160
102 54 5 89
102 56 22 8
102 60 56 52
103 11 8 48
103 14 35 218
103 15 25 176
103 18 22 103
103 22 43 66
103 26 19 167
103 29 31 157
103 31 15 210
103 39 13 175
103 49 50 95
103 51 1 4
103 52 29 45
103 53 4 69
103 57 37 11
103 59 57 143
104 3 20 147
104 8 15 50
104 10 40 106
104 11 25 48
104 12 17 32
104 14 35 192
104 17 31 28
104 25 29 135
104 34 43 40
104 40 7 178
104 41 1 113
104 42 55 77
104 44 49 6
104 53 10 69
104 56 58 215
105 1 45 81
105 2 56 225
105 3 25 194
105 14 33 192
105 15 58 176
105 16 16 28
105 19 21 193
105 22 37 74
105 26 10 167
105 28 5 112
105 35 1 2
105 39 19 191
105 51 13 160
105 52 7 198
105 59 49 143
106 1 20 93
106 2 17 225
106 3 3 194
106 9 38 152
106 11 32 82
106 12 23 32
106 15 8 176
106 20 49 165
106 28 1 41
106 32 13 140
106 34 15 40
106 36 26 83
106 37 58 222
106 51 46 160
106 60 40 182
107 2 11 225
107 4 31 44
107 6 49 219
107 11 25 5
107 13 7 116
107 15 13 39
107 22 16 44
107 24 55 9
107 35 37 20
107 36 22 58
107 44 43 170
107 56 19 215
107 59 1 59
108 1 28 93
108 2 11 97
108 4 37 44
108 5 31 87
108 9 57 152
108 14 9 192
108 17 19 195
108 18 7 52
108 19 23 193
108 23 43 26
108 31 1 13
108 42 34 33
108 50 59 43
108 51 13 107
108 58 25 175
109 2 41 225
109 5 9 87
109 6 43 125
109 14 11 157
109 17 37 195
109 20 4 166
109 22 1 74
109 25 47 135
109 34 31 40
109 36 25 126
109 41 13 220
109 46 28 186
109 55 34 1
109 59 19 129
110 6 57 162
110 7 1 70
110 9 28 146
110 16 22 31
110 17 37 38
110 19 5 106
110 28 55 112
110 33 43 27
110 36 32 83
110 43 16 202
110 45 50 37
110 46 19 186
110 52 11 45
110 53 13 69
110 57 7 11
111 6 26 142
111 9 5 146
111 10 46 74
111 15 7 39
111 21 13 67
111 22 19 74
111 25 57 135
111 26 10 223
111 32 17 170
111 37 22 222
111 39 52 191
111 44 1 170
111 45 31 102
111 56 38 8
111 60 43 52
112 2 49 225
112 3 13 205
112 8 1 134
112 23 37 26
112 24 33 4
112 28 25 41
112 29 51 173
112 30 17 104
112 36 19 126
112 41 27 34
112 43 3 137
112 48 43 99
112 52 11 34
112 58 56 185
112 59 7 36
113 1 31 81
113 3 15 7
113 8 19 50
113 11 21 14
113 13 37 131
113 14 29 192
113 28 13 112
113 30 34 57
113 32 27 140
113 34 52 40
113 45 1 102
113 56 10 8
113 58 5 30
113 59 57 129
113 60 7 62
114 4 45 16
114 5 41 87
114 6 37 216
114 10 31 106
114 11 55 48
114 13 9 131
114 26 13 223
114 30 7 104
114 31 2 183
114 32 34 140
114 34 21 40
114 44 49 13
114 55 16 84
114 56 28 8
115 4 9 16
115 6 49 142
115 8 13 50
115 9 5 152
115 10 43 74
115 13 1 116
115 22 55 175
115 30 7 57
115 34 31 80
115 35 38 108
115 46 16 187
115 53 25 117
115 58 35 20
115 59 19 60
116 6 43 216
116 12 49 32
116 15 33 39
116 30 9 104
116 33 28 27
116 34 57 40
116 36 4 83
116 41 38 220
116 44 19 170
116 45 13 68
116 50 31 43
116 51 25 4
116 53 51 151
116 55 1 1
117 11 37 82
117 17 43 28
117 20 47 165
117 32 2 140
117 35 19 20
117 39 41 191
117 40 50 167
117 48 55 99
117 49 31 184
117 51 16 107
117 55 7 15
117 56 4 149
117 59 25 59
117 60 34 62
118 3 49 39
118 5 56 210
118 9 1 146
118 11 3 48
118 12 17 95
118 13 45 131
118 18 35 103
118 24 13 196
118 32 43 140
118 44 37 6
118 48 31 201
118 51 28 107
118 53 58 151
118 54 9 78
118 60 22 182
119 1 10 81
119 2 47 87
119 11 56 14
119 13 31 116
119 19 7 106
119 24 25 153
119 27 43 59
119 29 19 198
119 34 23 40
119 39 13 191
119 42 1 33
119 46 4 187
119 50 16 43
119 53 49 69
119 59 39 129
120 2 55 143
120 3 13 194
120 5 21 87
120 9 8 146
120 12 4 95
120 13 26 116
120 16 10 28
120 27 57 10
120 33 49 27
120 34 34 40
120 38 1 49
120 43 40 37
120 50 37 43
120 52 23 45
121 3 43 194
121 13 15 131
121 19 9 193
121 20 21 166
121 22 1 44
121 24 49 9
121 30 11 57
121 34 19 40
121 35 25 20
121 36 31 126
121 39 7 191
121 43 58 137
121 45 37 208
121 50 13 153
121 60 4 182
122 1 43 144
122 3 49 7
122 6 37 219
122 8 47 134
122 13 20 155
122 35 13 2
122 38 1 176
122 39 29 6
122 41 3 101
122 42 34 77
122 45 56 102
122 47 53 96
122 48 25 99
122 56 31 118
122 59 8 60
123 3 51 194
123 14 2 192
123 20 49 166
123 23 43 177
123 30 25 57
123 33 7 27
123 34 4 80
123 41 55 221
123 44 37 18
123 46 22 187
123 51 19 107
123 54 31 137
123 58 41 185
123 60 16 62
124 2 58 225
124 10 16 197
124 14 5 218
124 23 20 113
124 27 37 32
124 28 44 112
124 29 31 93
124 30 14 57
124 31 7 210
124 34 41 40
124 36 51 126
124 38 3 176
124 41 26 221
124 53 46 78
124 54 1 137
125 9 31 152
125 10 49 197
125 13 20 64
125 18 17 103
125 20 3 165
125 27 13 10
125 28 52 41
125 33 10 212
125 34 41 80
125 41 44 181
125 43 28 137
125 45 33 171
125 52 1 198
125 59 37 60
126 3 55 179
126 8 15 134
126 19 25 61
126 23 1 26
126 25 9 135
126 34 46 80
126 35 49 108
126 41 31 221
126 47 5 129
126 51 22 107
126 52 27 45
126 53 43 117
126 55 19 131
127 6 8 219
127 13 31 133
127 15 46 207
127 17 50 123
127 19 35 61
127 40 22 97
127 43 37 137
127 46 58 187
127 52 15 45
127 53 1 69
127 54 17 78
127 56 25 8
127 60 19 182
128 5 13 210
128 9 23 146
128 13 26 64
128 15 43 207
128 23 19 26
128 26 37 105
128 38 41 176
128 44 32 170
128 46 16 186
128 48 7 174
128 53 56 69
128 55 52 1
128 56 46 8
128 59 1 143
129 3 43 179
129 6 56 142
129 9 40 152
129 10 19 197
129 20 7 166
129 31 25 13
129 33 1 27
129 36 22 126
129 38 13 176
129 39 29 191
129 50 3 43
129 51 31 194
129 52 34 160
129 55 16 1
129 60 10 62
130 3 7 147
130 5 53 87
130 7 31 70
130 9 19 146
130 11 25 14
130 13 44 116
130 14 21 192
130 19 11 193
130 22 16 74
130 31 56 183
130 33 3 212
130 54 1 89
130 55 40 15
130 56 13 215
131 5 17 67
131 9 33 146
131 10 7 197
131 12 29 32
131 18 57 103
131 27 43 133
131 28 15 41
131 37 51 222
131 38 35 49
131 40 21 62
131 43 25 137
131 52 13 45
131 56 10 149
131 58 19 185
131 59 2 60
132 2 53 225
132 4 37 193
132 5 23 210
132 6 31 142
132 9 35 146
132 18 1 52
132 27 49 90
132 30 16 57
132 31 25 210
132 41 3 221
132 44 7 6
132 45 19 208
132 46 13 187
132 56 46 215
132 60 43 223
133 16 52 28
133 17 1 38
133 22 26 74
133 28 17 41
133 30 11 104
133 32 49 140
133 34 7 80
133 36 14 126
133 38 29 49
133 41 43 220
133 42 37 33
133 47 23 129
133 49 31 103
133 51 34 107
133 55 20 1
134 1 37 144
134 9 34 152
134 13 13 49
134 17 19 72
134 22 43 175
134 25 5 47
134 26 40 167
134 27 55 90
134 28 59 112
134 32 17 64
134 35 1 100
134 37 7 222
134 43 25 37
134 53 10 117
135 4 31 16
135 8 19 134
135 14 11 192
135 16 16 31
135 19 29 106
135 30 5 57
135 31 49 161
135 32 23 140
135 37 43 222
135 38 3 61
135 46 37 186
135 50 21 43
135 52 25 45
135 54 27 78
135 58 47 20
136 2 37 225
136 3 50 205
136 4 55 71
136 10 34 197
136 13 8 29
136 17 25 123
136 28 5 41
136 31 43 200
136 39 39 191
136 40 19 97
136 42 31 57
136 45 1 115
136 48 13 200
136 53 22 69
136 58 17 175
137 2 19 225
137 8 58 50
137 22 55 44
137 24 44 9
137 28 7 41
137 35 26 108
137 36 13 83
137 38 5 49
137 39 53 6
137 51 37 4
137 52 1 8
137 58 16 185
137 59 9 59
138 2 23 143
138 5 11 210
138 8 21 134
138 11 55 36
138 18 1 103
138 20 5 165
138 22 16 13
138 35 7 100
138 37 13 222
138 45 44 68
138 47 3 96
138 48 25 174
138 51 52 107
138 52 37 45
139 2 47 143
139 6 25 216
139 9 55 152
139 11 43 14
139 14 57 192
139 19 4 193
139 27 32 10
139 33 19 27
139 38 41 61
139 39 22 191
139 46 1 187
139 53 52 69
139 55 10 1
139 58 29 20
139 59 14 143
140 8 35 134
140 10 55 197
140 11 49 14
140 12 15 95
140 24 7 9
140 26 25 223
140 30 23 57
140 36 4 148
140 40 1 62
140 46 58 186
140 48 31 99
140 56 43 8
140 59 19 59
140 60 28 62
141 1 28 81
141 4 50 118
141 11 13 5
141 19 35 193
141 23 43 155
141 26 56 223
141 36 22 83
141 42 19 81
141 45 37 102
141 48 1 99
141 51 7 160
141 55 10 15
141 59 31 143
141 60 25 52
142 5 13 87
142 8 23 50
142 9 43 152
142 11 1 206
142 22 7 175
142 26 28 223
142 31 15 161
142 39 35 175
142 46 40 187
142 47 31 96
142 51 58 107
142 57 19 11
142 58 51 185
142 60 45 182
143 2 45 87
143 3 7 7
143 10 40 197
143 11 33 48
143 13 51 64
143 15 21 39
143 23 25 26
143 41 13 181
143 42 37 77
143 47 19 96
143 49 2 154
143 50 11 43
143 52 31 45
143 54 17 89
144 1 13 81
144 8 43 134
144 13 49 116
144 20 53 165
144 23 38 155
144 27 26 90
144 29 57 173
144 31 31 210
144 42 4 33
144 43 10 202
144 44 19 6
144 47 46 96
144 51 7 107
144 52 55 45
144 56 1 215
145 4 27 209
145 5 33 87
145 9 19 152
145 10 40 74
145 14 31 192
145 16 46 31
145 17 56 72
145 20 13 166
145 22 4 205
145 27 21 10
145 33 15 212
145 34 50 40
145 39 43 191
145 53 37 69
145 56 10 215
146 5 35 87
146 8 25 50
146 9 1 152
146 10 43 197
146 11 37 14
146 13 55 64
146 17 31 123
146 28 41 41
146 34 4 40
146 40 46 167
146 45 19 171
146 47 28 96
146 48 7 18
146 55 13 15
146 59 49 59
147 2 13 180
147 6 25 162
147 8 52 134
147 9 23 152
147 11 1 14
147 18 59 103
147 20 35 165
147 29 15 157
147 34 39 40
147 41 7 221
147 42 49 81
147 48 43 10
147 60 55 62
148 1 2 93
148 2 23 225
148 4 19 209
148 15 52 207
148 18 13 103
148 23 7 177
148 24 15 153
148 27 56 32
148 29 31 180
148 30 41 57
148 31 25 127
148 36 46 126
148 42 49 77
148 43 37 37
149 3 55 147
149 11 1 82
149 13 19 116
149 16 13 28
149 24 25 196
149 31 37 80
149 35 7 2
149 45 31 208
149 46 49 186
149 47 41 96
149 51 43 4
149 53 16 117
149 54 35 89
149 58 23 175
150 4 15 16
150 6 43 142
150 12 13 95
150 17 39 123
150 20 1 165
150 24 3 196
150 28 9 41
150 32 47 64
150 35 25 2
150 39 59 6
150 42 19 77
150 43 55 137
150 46 22 186
150 50 7 43
150 56 52 8
Điểm tối ưu: 2158
Thời gian: 359.851761 giây
Trạng thái: VALID
