120 80 32
2 3 4 6 13 19 20 22 23 26 27 28 29 30 31 0
32 1 3 7 8 11 15 16 17 21 22 24 26 28 30 0
32 5 8 10 11 13 19 20 21 22 24 26 28 30 31 0
32 1 3 9 12 13 15 17 18 19 20 21 24 25 31 0
32 1 3 6 8 10 12 14 19 20 21 23 25 27 29 0
1 2 5 6 8 11 12 13 14 15 16 18 21 27 28 0
32 1 2 7 9 13 15 16 17 18 19 28 29 30 31 0
1 7 8 9 11 12 16 17 19 21 23 27 28 30 31 0
3 5 6 7 12 15 16 17 18 19 20 21 23 29 31 0
5 6 9 10 13 14 15 19 21 22 23 25 26 27 30 0
32 1 4 5 9 10 11 12 13 17 18 19 21 23 29 0
1 2 3 6 7 11 13 14 16 20 23 24 25 27 31 0
1 2 5 7 9 12 15 16 18 20 22 23 26 27 30 0
32 4 5 7 8 9 12 15 18 19 22 23 26 28 30 0
32 2 3 6 7 9 11 12 13 21 23 25 27 29 31 0
2 3 4 5 7 8 9 10 11 12 14 24 27 28 29 0
2 4 11 12 15 17 18 20 21 22 24 25 29 30 31 0
32 4 6 7 9 10 11 15 17 19 21 23 26 30 31 0
1 2 4 11 13 16 17 19 21 22 23 25 27 28 31 0
32 1 3 4 5 6 15 17 20 22 24 26 27 29 30 0
6 11 14 15 16 19 20 21 22 23 24 25 27 28 29 0
32 2 3 5 7 11 12 14 15 16 18 23 26 27 28 0
2 4 8 9 12 14 19 20 22 23 24 26 27 28 31 0
1 5 6 10 11 14 15 17 21 22 24 25 27 28 29 0
1 2 3 4 5 7 8 10 13 15 17 21 26 27 28 0
32 3 5 6 7 13 14 15 16 19 23 25 26 27 28 0
1 5 6 8 9 10 11 12 14 16 18 21 23 25 30 0
1 4 5 6 7 9 10 14 17 21 26 27 28 30 31 0
32 3 5 7 9 12 14 15 16 17 21 23 25 27 31 0
32 1 3 5 6 9 10 15 16 18 21 24 28 30 31 0
32 2 3 4 5 10 11 13 15 19 21 23 24 26 29 0
32 1 5 8 9 13 15 19 20 24 25 28 29 30 31 0
32 3 5 6 9 10 13 14 17 19 21 23 28 29 30 0
3 6 8 9 10 13 14 18 19 20 24 26 28 30 31 0
32 1 2 6 8 9 10 12 16 17 20 21 26 28 29 0
32 1 2 4 7 8 12 18 20 21 22 23 24 25 26 0
32 2 3 6 7 10 13 17 20 21 22 24 25 27 29 0
32 1 5 7 9 13 15 17 18 21 22 24 28 29 31 0
1 4 5 7 10 14 16 20 21 22 23 24 29 30 31 0
32 1 2 3 4 10 12 13 14 15 16 22 26 30 31 0
3 4 6 8 9 10 16 18 19 22 23 25 26 27 29 0
32 2 3 5 9 12 18 19 21 22 23 24 27 28 29 0
1 3 7 8 14 17 19 22 23 24 25 27 28 30 31 0
1 2 5 6 8 11 13 15 16 23 25 26 27 30 31 0
1 2 3 4 8 12 14 17 18 20 21 23 27 28 30 0
32 3 4 5 6 9 10 13 15 19 20 24 26 27 30 0
2 3 6 7 8 12 14 16 17 19 20 21 23 25 27 0
1 4 8 9 11 13 14 16 18 20 21 22 25 29 30 0
1 2 3 4 5 8 11 16 18 20 23 25 26 27 30 0
6 7 9 10 13 14 16 17 18 21 22 24 25 26 30 0
1 4 5 7 8 9 10 11 12 13 17 19 20 21 26 0
1 2 5 7 10 12 13 15 16 17 18 19 24 26 28 0
32 4 6 7 10 12 14 15 16 17 18 19 23 25 31 0
32 4 9 10 11 13 16 17 18 19 20 21 27 30 31 0
2 3 6 9 12 17 18 20 22 24 27 28 29 30 31 0
2 3 4 6 7 8 10 12 13 18 19 25 27 29 31 0
3 4 6 7 11 13 17 18 19 20 21 22 23 24 28 0
2 7 8 9 10 12 13 16 17 23 24 25 27 28 29 0
32 6 9 10 11 12 13 15 16 20 21 23 28 29 31 0
1 2 4 5 6 7 10 11 14 17 22 25 26 27 29 0
32 2 3 5 6 8 11 12 16 17 20 22 23 25 31 0
1 3 5 6 9 12 13 14 20 23 24 25 27 29 31 0
32 2 3 6 8 10 11 14 16 18 24 26 27 28 30 0
1 6 8 9 11 13 15 17 19 22 24 25 26 27 31 0
32 1 3 4 5 7 12 14 16 17 22 25 28 29 31 0
1 4 5 6 7 8 9 11 12 16 22 23 24 25 27 0
1 2 4 5 9 13 15 16 17 22 23 26 27 30 31 0
1 2 4 5 11 13 14 15 19 21 24 27 28 29 31 0
4 7 9 11 13 14 18 19 21 22 23 25 27 28 29 0
32 1 2 4 6 7 11 13 17 20 21 24 26 28 29 0
1 3 4 5 7 10 11 13 17 18 20 21 26 29 31 0
32 1 3 4 6 9 11 12 14 16 20 23 24 26 30 0
32 1 9 10 13 16 17 18 20 21 22 25 27 28 31 0
1 3 5 8 13 14 16 17 19 21 22 25 26 30 31 0
32 6 7 10 13 14 15 20 21 22 23 25 26 28 29 0
4 9 10 11 15 16 17 18 19 21 22 26 27 29 30 0
3 4 5 7 9 10 13 15 16 17 20 23 24 27 28 0
1 5 7 8 9 10 13 17 18 19 23 25 26 28 31 0
1 7 8 10 11 14 15 18 19 20 23 24 25 26 29 0
32 2 3 4 10 14 16 17 21 23 25 26 27 28 31 0
1 12 23 0
8 0
0
0
27 0
32 0
0
0
10 0
8 24 0
14 0
4 0
0
0
25 0
0
12 29 0
3 6 31 0
6 9 14 23 25 30 31 0
32 3 15 18 31 0
32 3 11 15 16 29 30 0
0
0
0
25 0
13 5 0
0
11 21 0
2 6 9 13 23 26 29 0
10 11 12 18 20 0
0
32 5 6 19 20 0
4 5 6 13 15 17 24 28 30 31 0
14 0
16 25 0
5 0
32 6 13 15 19 20 21 26 31 0
0
0
5 8 12 13 14 16 20 21 28 0
0
21 0
0
32 0
31 0
0
0
0
19 0
25 0
8 27 28 15 0
11 19 23 24 26 29 30 31 0
32 6 9 10 16 18 23 25 0
18 13 0
8 0
10 13 5 0
26 0
3 8 14 24 25 27 0
30 0
0
0
0
29 0
0
0
29 0
0
32 5 6 15 16 20 21 22 31 0
6 0
0
24 0
13 0
4 9 10 21 25 28 0
20 0
19 3 0
32 4 5 9 10 15 21 29 0
0
0
21 0
0
0
0
32 25 11 0
27 0
6 0
0
20 0
11 0
0
21 0
0
0
3 6 10 12 14 16 21 26 31 0
0
5 8 14 25 26 0
29 0
0
0
16 0
0
8 0
0
0
32 11 16 18 21 25 0
7 8 12 13 25 27 28 31 0
29 0
0
4 16 18 19 20 29 31 0
32 0
3 9 10 15 16 20 23 24 26 28 29 31 0
24 0
0
9 20 0
13 0
10 0
5 0
0
4 5 8 9 10 11 12 13 15 16 21 27 30 0
23 0
0
3 3 2 3 2 3 4 2 3 4 3 4 2 4 2 3 4 4 3 2 3 3 3 4 2 2 4 4 2 3 2 4
