49 46 43
32 1 33 37 5 40 41 10 43 13 14 15 18 23 27 28 29 0
34 2 36 5 35 39 9 10 42 12 13 14 43 20 21 23 29 31 0
33 35 36 3 38 7 40 41 4 11 39 8 13 16 17 18 19 28 0
1 2 7 9 13 14 16 17 18 19 21 25 27 31 32 34 37 38 40 0
32 35 4 36 6 7 37 11 12 14 16 21 22 26 28 29 0
32 33 1 2 4 5 38 37 40 8 10 11 12 15 16 19 28 0
32 3 4 37 6 39 9 11 17 19 20 23 24 27 28 31 0
32 34 37 6 8 9 42 40 41 13 11 16 18 22 25 27 28 0
32 33 36 5 7 40 9 10 12 13 16 17 18 19 20 22 23 30 0
32 33 34 3 36 37 5 2 4 10 43 12 42 16 20 22 0
1 3 36 4 6 40 41 9 8 12 10 14 42 20 23 24 29 31 0
2 4 5 38 39 8 41 10 43 11 6 13 9 15 16 18 19 23 0
35 36 37 6 40 41 42 9 12 16 17 18 19 24 29 30 0
33 2 34 5 6 9 12 13 14 16 17 19 22 23 24 27 31 0
1 3 6 7 9 11 12 15 16 20 21 25 27 32 36 38 40 42 43 0
2 3 36 37 6 40 8 42 11 17 19 20 24 25 26 27 28 0
32 1 2 3 33 37 38 40 8 10 11 12 13 16 17 23 28 29 0
34 3 5 6 41 42 43 12 13 17 19 22 23 25 30 31 0
2 4 37 6 39 8 40 42 15 20 21 22 25 28 29 30 0
35 36 37 6 39 7 40 10 11 42 13 16 18 26 27 28 29 0
32 1 2 35 4 5 3 39 42 14 16 17 20 21 25 27 28 0
32 1 34 3 4 35 37 39 8 41 9 15 17 18 23 29 31 0
32 33 1 37 39 40 8 12 13 14 17 18 19 21 24 28 29 0
33 34 35 36 5 6 8 40 10 42 12 41 15 17 19 20 21 31 0
4 6 39 8 41 11 13 17 19 20 21 24 25 26 29 30 0
33 2 36 4 37 39 8 9 14 15 17 21 22 23 24 26 29 0
34 3 2 4 7 8 41 9 11 12 13 14 10 16 43 21 29 0
33 34 35 3 6 7 38 9 10 13 15 18 19 25 27 30 31 0
32 1 34 35 37 8 9 40 41 11 10 14 15 17 18 21 24 28 0
1 3 4 7 10 13 15 17 20 21 23 25 26 27 30 31 35 40 41 0
2 34 4 3 6 9 43 14 16 21 22 24 25 26 29 31 0
32 35 4 37 38 7 8 42 13 14 19 20 22 26 28 30 0
2 3 5 8 9 13 15 17 18 20 23 27 29 33 35 36 37 38 39 0
34 2 38 8 41 42 11 12 13 18 22 24 25 26 27 29 31 0
1 33 35 4 5 7 8 10 11 43 13 14 15 16 17 18 22 24 0
34 3 4 37 39 40 9 10 41 12 16 17 22 23 25 28 0
32 33 1 3 36 37 6 5 8 41 9 10 14 17 18 26 27 31 0
1 2 36 37 6 38 42 14 16 17 18 22 23 24 28 30 31 0
34 35 4 3 38 2 36 41 40 11 17 18 19 20 22 23 28 0
32 34 36 5 6 7 8 9 11 43 14 15 18 21 24 25 26 29 0
33 35 4 5 38 41 9 42 13 14 16 18 20 22 26 27 30 0
2 4 37 36 39 8 9 10 41 16 17 20 21 22 26 29 30 0
1 33 3 37 6 39 40 9 10 43 16 17 20 23 25 28 30 31 0
2 6 7 8 9 10 13 21 23 24 26 27 29 33 36 37 40 41 43 0
32 33 34 35 4 39 40 10 43 13 15 22 24 25 29 30 0
33 34 36 6 40 9 42 43 12 11 14 15 19 28 29 30 0
16 17 32 0
1 0
15 0
39 19 21 26 31 0
32 27 6 0
42 13 6 0
38 23 0
40 7 0
9 20 0
29 0
4 6 15 28 31 0
26 11 36 0
7 0
10 0
9 36 39 0
24 7 0
8 0
14 0
26 35 0
1 0
1 36 5 0
9 12 0
42 43 0
29 5 23 0
10 38 0
0
25 26 28 0
23 0
41 37 21 0
34 37 4 20 0
34 37 13 14 15 0
5 22 0
9 43 38 0
34 42 11 27 30 0
18 0
32 4 0
0
1 3 35 5 12 17 20 25 0
0
0
20 0
33 4 37 23 0
27 22 0
29 0
40 34 0
21 38 0
16 2 40 0
42 11 15 16 29 0
8 0
2 3 4 4 3 3 2 2 2 3 3 4 3 4 4 4 2 3 4 3 2 4 2 4 3 4 2 4 4 4 3 4 3 4 3 2 4 2 4 2 3 4 2
