75 50 20
2 3 5 6 7 8 9 10 11 13 14 16 17 18 20 0
2 3 4 5 6 8 10 11 12 13 14 15 18 19 20 0
1 2 4 5 6 8 10 12 13 14 15 16 17 19 20 0
1 3 5 6 7 8 9 10 11 12 13 15 16 18 20 0
1 4 6 7 8 9 10 11 12 14 15 16 18 19 20 0
1 4 6 8 9 10 11 12 13 15 16 17 18 19 20 0
3 5 6 7 8 9 10 11 14 15 16 17 18 19 20 0
1 3 4 5 7 9 10 12 13 15 16 17 18 19 20 0
1 4 5 6 7 8 9 10 11 13 15 16 18 19 20 0
1 2 5 6 7 8 9 10 11 12 14 16 18 19 20 0
1 3 4 5 7 9 10 12 13 14 16 17 18 19 20 0
1 2 4 6 9 10 11 12 13 14 15 17 18 19 20 0
1 2 3 4 6 7 9 10 12 14 15 16 18 19 20 0
1 2 4 5 6 8 9 10 11 12 15 16 17 19 20 0
1 2 3 4 5 6 7 8 9 10 11 12 15 16 19 0
1 3 6 7 8 9 10 11 12 13 14 15 18 19 20 0
2 3 4 5 8 9 10 12 13 14 15 17 18 19 20 0
1 3 4 5 7 8 9 10 11 12 13 15 16 17 19 0
2 4 5 6 7 8 9 10 11 12 13 17 18 19 20 0
1 4 5 6 8 9 10 11 14 15 16 17 18 19 20 0
1 2 3 4 6 7 8 12 13 14 15 16 17 19 20 0
1 2 3 6 7 9 10 12 13 14 16 17 18 19 20 0
1 2 4 5 6 7 8 9 10 12 15 17 18 19 20 0
1 2 3 4 6 9 10 13 14 15 16 17 18 19 20 0
1 3 4 5 6 9 10 11 12 13 15 16 17 19 20 0
1 2 5 6 7 8 9 10 11 12 14 16 17 18 20 0
2 3 4 5 6 7 8 9 11 12 13 14 15 18 20 0
1 2 3 5 6 7 8 9 13 14 15 16 17 18 20 0
1 2 3 4 6 7 8 10 11 12 13 15 16 18 19 0
1 2 3 6 7 8 9 10 11 12 13 14 15 17 19 0
2 3 4 5 6 7 9 10 11 12 13 14 15 16 18 0
1 2 3 4 5 7 8 9 12 13 16 17 18 19 20 0
1 2 3 6 8 9 10 11 13 14 15 16 17 19 20 0
3 4 6 7 8 9 10 11 12 13 14 16 18 19 20 0
1 2 3 4 5 8 9 10 12 13 14 15 16 19 20 0
1 2 3 4 5 6 8 9 10 11 12 13 16 17 18 0
1 2 3 4 5 7 9 10 11 12 13 15 17 18 19 0
1 2 4 5 6 7 8 9 10 11 12 13 15 16 18 0
1 2 3 4 6 7 8 9 12 13 15 16 17 18 20 0
1 3 5 6 7 8 9 10 11 13 15 16 17 18 19 0
1 3 4 5 6 7 8 9 13 14 15 16 18 19 20 0
1 3 4 5 6 8 10 12 14 15 16 17 18 19 20 0
1 3 4 5 7 8 9 10 13 14 15 16 17 19 20 0
1 3 4 5 6 7 8 9 10 12 14 15 17 19 20 0
1 2 4 5 6 7 8 9 10 11 12 13 14 17 19 0
1 4 5 6 7 8 9 10 11 12 14 16 17 19 20 0
1 2 3 5 6 7 9 10 11 12 14 15 18 19 20 0
1 4 5 7 8 10 11 12 13 14 15 16 17 19 20 0
1 2 3 4 5 6 7 8 9 10 11 12 13 16 18 0
1 2 4 5 7 9 10 11 12 13 14 15 17 19 20 0
1 0
0
0
0
10 18 0
0
12 0
19 0
0
0
0
0
18 0
10 4 6 0
8 3 0
0
5 0
0
12 6 15 0
0
0
0
10 20 7 0
0
0
19 20 13 7 0
0
0
15 0
0
0
17 0
2 7 11 14 16 17 0
3 4 5 6 10 13 15 17 0
12 0
0
0
0
0
0
0
0
0
0
0
0
7 0
4 0
0
19 0
0
13 0
0
0
4 11 17 19 0
5 0
0
2 5 11 16 18 20 0
0
4 5 13 18 20 0
19 11 0
2 13 5 0
0
0
0
10 15 0
16 0
3 4 16 19 0
2 7 15 17 19 0
9 0
3 0
0
0
0
10 4 0
3 4 4 4 2 4 3 3 2 4 3 4 3 3 4 2 4 4 3 3
