210 219 145
67 100 136 9 74 8 42 78 112 50 84 55 86 119 124 94 127 0
102 38 8 73 137 43 107 77 70 75 144 141 49 51 53 85 88 94 0
98 35 99 4 133 39 5 70 138 42 34 77 80 115 21 89 59 0
6 9 11 142 14 144 20 29 30 34 55 59 66 69 89 91 104 122 125 0
136 137 13 145 37 49 50 53 55 57 62 66 71 72 84 89 92 96 106 0
89 1 34 33 4 73 9 107 142 47 18 19 86 87 56 57 91 95 0
32 97 131 5 71 136 137 9 141 52 125 118 86 21 26 92 61 95 0
3 9 107 140 13 110 139 48 145 112 22 86 25 27 31 29 63 0
128 33 98 67 36 130 70 68 72 138 43 107 74 145 84 88 90 29 0
128 101 134 135 107 76 80 113 17 114 19 145 24 121 58 60 29 0
32 101 70 71 69 107 76 14 15 79 114 120 57 88 29 94 0
128 4 7 8 12 142 19 27 49 65 66 67 85 95 98 114 118 122 123 0
121 35 99 100 102 138 140 78 80 49 82 115 52 53 89 91 29 31 0
96 97 1 35 36 101 39 136 137 76 50 115 52 88 93 95 0
67 132 5 99 41 106 139 44 76 110 95 23 87 24 25 62 127 0
132 68 70 5 137 138 43 139 145 82 81 54 59 63 95 0
34 35 132 101 70 135 10 138 12 14 47 115 55 26 127 95 0
64 98 70 71 72 9 44 77 45 15 30 85 119 122 123 28 62 31 0
1 130 33 38 75 76 109 78 14 124 115 117 57 28 62 127 0
33 34 101 102 71 9 105 123 76 45 15 50 20 86 27 63 0
3 10 139 14 16 22 32 37 42 46 55 67 74 80 87 104 107 115 125 0
32 66 3 100 5 38 7 11 13 78 114 83 20 21 53 118 124 126 0
33 130 65 133 42 106 12 110 112 49 51 115 22 119 27 61 94 0
64 130 3 4 38 16 144 82 114 115 83 51 23 25 125 126 95 0
1 131 132 99 69 134 74 140 81 52 21 87 23 116 57 29 24 127 0
32 133 7 73 107 13 16 17 114 61 82 21 86 85 49 29 31 0
1 66 99 67 35 5 135 40 137 8 107 44 9 65 15 18 59 29 0
33 66 35 5 105 107 46 15 144 111 115 51 55 122 60 61 0
1 130 3 132 6 138 30 33 47 50 57 58 71 74 82 109 112 123 126 0
4 101 102 38 8 40 105 11 139 49 20 21 118 27 28 125 30 31 0
129 130 136 142 23 27 30 38 46 51 55 67 70 87 90 91 98 107 108 124 126 0
99 3 133 6 71 103 11 76 141 47 16 81 82 15 20 21 55 88 0
33 130 68 36 135 72 71 74 43 42 136 142 41 39 120 28 29 31 0
7 8 139 18 30 32 36 43 46 52 54 58 62 65 67 78 87 89 108 116 0
35 132 74 75 12 13 78 45 42 82 83 52 85 53 120 24 0
128 130 3 133 11 142 143 17 28 31 49 53 54 67 87 97 100 105 108 113 0
1 34 99 3 130 100 103 8 74 44 14 112 118 88 122 27 29 63 0
131 101 70 37 40 77 110 16 144 18 51 20 50 22 55 57 62 63 0
67 36 38 7 70 134 109 78 17 50 82 21 55 88 26 62 95 0
33 2 131 38 9 107 112 81 18 19 115 51 86 87 113 58 27 126 0
37 72 41 143 47 92 82 83 116 81 87 55 54 52 27 124 94 31 0
67 5 38 6 37 74 43 13 110 18 52 118 88 25 59 125 95 0
129 130 5 137 12 142 15 144 19 20 23 65 72 73 91 112 116 121 122 0
96 97 99 101 102 107 140 13 141 47 17 114 115 20 94 63 0
121 35 70 138 107 141 78 46 113 51 118 54 89 123 28 93 62 0
128 131 136 9 16 144 22 26 29 32 36 37 43 49 102 105 107 117 126 0
2 99 102 39 72 42 75 109 82 61 22 120 88 28 29 127 0
129 98 33 100 133 137 10 139 76 80 50 83 25 53 87 88 121 62 0
2 131 68 5 67 104 75 108 77 112 17 20 86 23 120 28 30 31 0
128 17 24 25 28 37 40 49 54 63 72 73 77 86 90 97 103 106 107 0
128 142 26 54 60 75 76 77 78 81 82 90 96 97 98 104 118 120 123 0
98 9 138 140 45 109 111 16 145 50 116 85 52 23 26 91 28 31 0
2 4 102 38 122 106 10 12 140 112 80 18 21 88 57 58 123 95 0
89 2 69 7 71 135 42 11 43 60 46 52 86 56 25 58 124 0
133 70 107 13 142 141 48 113 114 49 15 117 22 86 25 60 31 0
64 1 97 103 137 73 75 107 138 15 17 82 115 21 25 90 124 0
3 8 137 136 9 12 16 24 25 38 47 59 78 80 91 101 108 112 122 0
33 34 3 132 134 104 41 138 11 105 109 46 75 16 9 19 118 63 0
1 132 101 7 8 39 10 103 140 45 111 48 86 24 57 90 91 30 0
128 129 2 3 5 135 9 10 11 27 41 53 56 77 88 91 93 101 112 118 0
128 1 130 35 6 41 10 108 76 78 47 48 46 50 84 61 0
129 33 35 1 3 38 6 10 78 115 84 117 24 25 58 88 0
128 64 66 89 103 8 9 73 14 49 115 84 54 22 118 121 58 63 0
129 133 9 12 17 23 29 34 62 65 76 86 90 95 103 104 107 109 114 119 0
37 101 71 8 103 139 44 28 60 143 144 17 141 88 56 124 62 0
11 21 29 30 38 51 52 58 63 72 87 94 95 99 103 106 119 120 126 0
33 130 3 132 102 103 137 10 44 79 114 115 20 83 22 87 60 0
11 140 21 22 30 39 65 69 71 73 74 75 83 84 86 88 97 99 119 0
32 1 67 100 132 70 134 8 10 110 47 124 115 51 60 30 0
65 97 3 101 7 136 73 10 142 78 80 14 18 50 88 59 124 95 0
129 131 11 13 143 37 49 50 54 55 57 68 71 77 80 86 101 105 111 0
36 69 134 8 27 9 43 77 46 14 47 145 83 20 119 56 59 0
1 4 132 137 11 142 21 28 30 35 52 66 67 74 87 90 93 114 121 0
89 130 35 98 68 102 38 101 138 11 43 16 84 25 60 95 0
96 3 99 5 105 106 41 140 44 110 46 78 29 61 56 28 93 0
32 129 65 26 9 137 139 10 45 41 12 82 19 30 90 123 61 126 0
66 3 68 98 6 136 9 10 12 110 115 116 86 57 123 124 93 62 0
97 2 58 5 132 136 11 108 77 76 81 113 20 53 88 90 28 95 0
1 3 36 68 133 73 139 141 78 81 18 52 117 54 23 88 123 63 0
2 100 5 27 9 106 75 72 76 104 81 18 50 114 25 26 123 124 0
130 35 69 134 39 72 71 138 11 76 15 20 117 26 60 93 126 0
36 102 103 8 137 10 76 77 142 46 18 50 114 53 117 20 126 127 0
1 133 138 18 21 22 28 31 36 47 51 56 71 74 80 84 105 107 117 0
64 3 4 131 134 135 73 137 45 60 144 86 56 62 57 30 95 0
141 17 19 37 38 53 57 61 62 74 77 88 92 95 114 119 120 121 124 0
129 142 143 22 23 34 35 42 56 71 72 74 77 82 93 98 104 115 120 126 0
5 134 39 38 108 141 45 78 113 18 50 52 19 55 91 124 93 127 0
33 98 99 35 3 4 40 138 43 44 77 17 19 56 91 29 30 95 0
129 132 140 14 15 21 22 26 29 38 40 57 58 80 81 86 90 98 103 110 0
97 35 4 133 6 39 104 44 46 49 115 19 85 55 26 91 94 0
5 134 103 136 104 135 76 110 14 81 18 113 52 122 28 29 62 0
96 33 97 6 104 77 28 109 48 114 50 117 56 57 58 60 25 0
129 3 5 137 26 34 48 57 65 69 76 80 90 93 98 101 116 121 124 0
35 135 39 74 12 78 111 112 80 143 15 115 79 120 60 31 0
2 98 100 37 102 99 103 44 111 48 18 51 20 22 56 57 59 62 0
128 132 6 8 138 13 16 21 27 29 34 46 52 59 71 73 89 102 118 0
33 3 103 104 9 39 10 105 45 59 108 115 83 84 55 56 123 0
8 9 14 15 144 19 23 28 30 34 41 59 65 69 73 85 97 103 110 0
65 97 99 132 72 41 138 140 110 15 17 115 19 85 54 119 120 95 0
64 97 1 4 69 101 103 72 73 138 113 50 52 85 54 122 91 61 0
32 36 38 39 11 143 16 81 83 51 21 88 89 90 27 125 30 63 0
135 136 138 17 145 23 25 58 59 67 73 84 89 90 98 100 104 105 116 0
32 129 67 132 36 101 7 8 139 45 14 79 144 92 115 89 122 124 0
4 5 134 106 138 11 76 14 50 20 22 57 26 28 61 127 0
34 100 36 70 71 40 41 42 14 15 49 81 50 53 118 89 28 127 0
32 129 4 39 72 10 120 110 92 80 116 85 21 54 24 23 60 29 0
33 98 66 67 102 71 104 10 142 47 143 115 84 21 118 56 121 57 0
128 135 18 19 24 26 27 30 38 39 45 61 63 68 70 77 93 116 118 0
100 5 134 7 68 73 42 91 139 141 78 49 81 117 22 59 29 0
3 131 4 141 144 18 30 31 32 38 50 56 60 65 67 85 92 105 124 0
96 128 67 68 5 134 103 104 75 141 14 111 13 23 56 26 88 29 0
97 34 100 39 139 75 14 111 83 116 84 119 87 121 60 126 127 0
32 65 34 67 99 3 103 73 74 63 84 118 25 27 60 125 62 31 0
65 66 35 68 7 39 71 8 43 76 108 113 115 90 123 60 125 30 0
97 70 105 42 13 79 49 18 83 20 86 54 56 57 26 28 25 0
130 35 36 70 38 136 41 139 45 111 16 50 19 115 51 54 22 63 0
64 33 34 26 132 66 134 71 136 103 43 139 108 14 23 121 126 94 0
129 2 3 4 131 68 98 40 8 73 105 46 78 145 117 87 120 89 0
96 32 102 39 135 139 76 43 15 113 83 115 87 27 29 31 0
97 2 35 69 73 75 13 78 79 48 17 114 85 117 57 29 63 0
2 130 41 107 13 46 77 48 145 29 141 80 119 56 24 124 61 63 0
64 65 34 106 75 44 45 110 143 108 12 82 19 18 21 119 24 29 0
129 34 131 36 33 132 8 72 10 74 110 92 124 51 88 26 120 125 0
132 138 140 141 18 23 29 32 48 56 57 64 92 97 107 109 115 125 127 0
129 130 3 9 12 13 15 17 29 30 44 47 59 73 93 98 102 104 123 0
34 98 36 69 70 133 38 105 44 111 81 21 22 119 57 28 61 95 0
128 131 35 5 3 88 10 77 114 83 20 53 56 27 120 93 95 0
132 6 136 139 144 145 19 23 27 42 48 50 62 72 91 92 95 107 108 0
96 97 134 39 40 73 138 75 77 109 143 15 115 52 27 94 0
3 69 70 136 137 106 11 141 16 113 85 120 57 123 60 30 31 0
32 96 130 66 4 69 5 73 143 49 18 82 52 94 90 91 93 126 0
65 66 99 33 71 136 59 106 75 105 77 47 82 53 85 122 91 29 0
128 129 132 5 14 15 16 19 29 38 40 43 50 51 69 93 117 120 126 0
3 68 37 132 39 134 5 40 75 77 110 46 142 60 89 27 28 0
128 130 3 132 2 13 14 24 27 34 53 75 77 90 106 112 121 122 124 0
8 13 19 25 29 36 41 43 61 65 68 69 71 90 93 98 102 121 123 126 0
128 129 10 140 14 143 16 18 22 32 34 36 40 51 69 98 100 117 120 0
131 68 100 38 74 76 109 13 111 15 44 50 115 48 122 92 94 0
96 131 5 102 73 9 139 45 46 15 18 83 52 118 23 89 123 0
3 8 27 106 74 140 12 14 138 48 81 79 116 20 55 59 63 0
128 131 3 35 70 39 37 10 107 43 42 14 11 144 16 19 21 93 0
67 68 133 3 4 137 106 76 140 46 45 81 126 93 95 127 0
129 5 104 11 107 13 46 141 113 145 115 114 21 54 25 58 29 30 0
4 144 145 19 23 35 36 52 65 67 76 79 88 89 96 103 104 112 127 0
65 98 39 71 41 109 46 111 110 48 18 84 20 117 24 123 124 30 0
96 100 68 101 104 72 105 107 76 78 47 79 81 21 23 27 60 31 0
37 38 7 47 16 144 113 83 115 23 56 62 90 88 57 125 30 63 0
65 66 130 4 129 134 132 72 40 7 140 46 80 19 20 88 122 94 0
64 97 129 131 68 134 103 6 106 107 79 112 48 92 118 119 120 28 0
6 11 139 142 143 26 36 44 55 57 60 64 66 86 91 97 112 121 123 0
4 141 145 21 41 45 55 57 58 67 74 77 80 97 105 112 114 115 117 0
64 96 6 71 140 46 79 49 145 83 51 20 118 119 21 28 93 95 0
1 136 9 140 142 143 25 27 38 41 61 65 66 70 75 80 97 108 127 0
66 34 69 41 105 11 42 113 82 115 84 51 49 114 145 122 126 0
64 33 126 103 138 12 13 110 143 114 118 55 25 26 92 125 30 0
67 131 133 102 7 72 41 42 46 80 145 115 118 88 90 123 60 61 0
142 24 26 27 31 47 50 52 54 65 66 69 83 87 91 93 99 125 126 0
128 129 34 132 40 137 10 127 113 17 83 115 145 89 26 57 31 0
34 102 72 10 139 141 46 81 19 21 22 119 86 25 122 59 29 0
98 67 35 5 70 58 42 12 140 110 16 18 20 90 60 62 127 0
6 136 140 14 15 22 24 37 42 47 53 64 75 79 103 105 108 118 122 0
64 1 130 66 132 69 34 135 8 109 14 79 110 81 142 84 52 86 0
129 3 6 7 144 19 22 23 27 54 57 62 68 71 72 77 89 97 101 108 123 0
33 36 134 40 41 10 45 82 115 20 53 22 23 56 27 124 125 0
129 70 134 59 108 141 111 47 51 20 21 86 56 27 61 62 0
128 68 5 8 137 74 106 42 141 78 15 123 52 117 87 91 30 95 0
130 132 6 136 8 11 145 27 31 58 65 66 75 84 89 92 103 108 109 117 0
8 138 15 22 28 45 50 74 75 89 91 92 94 98 100 104 111 112 120 0
33 131 5 71 59 139 140 110 50 51 116 85 84 56 27 62 0
65 98 67 36 4 138 140 47 143 49 81 51 50 85 120 28 29 0
96 69 6 8 138 106 139 108 142 15 81 82 20 118 119 59 92 61 0
66 68 134 7 72 105 111 48 114 51 82 84 118 19 56 120 0
33 129 99 41 9 57 142 14 77 81 49 19 84 86 23 25 92 127 0
32 130 101 70 38 75 43 141 48 113 17 51 18 54 57 122 93 31 0
2 39 136 41 9 108 78 14 111 49 113 144 116 55 124 30 127 0
34 3 4 101 122 6 10 107 12 76 46 77 81 114 52 116 90 123 0
96 1 130 67 6 72 42 79 47 145 82 19 85 25 58 93 63 0
3 9 138 16 21 25 30 31 36 37 51 60 62 70 100 101 108 114 119 0
130 132 140 21 26 53 55 62 65 67 70 75 77 112 118 121 123 124 125 0
4 133 135 105 74 41 75 14 111 80 117 118 119 54 25 60 62 63 0
64 99 68 100 6 71 72 75 46 111 80 113 78 119 120 57 93 30 0
32 64 100 135 72 139 12 108 14 115 85 25 88 89 124 24 127 0
128 1 140 143 144 24 27 29 34 36 47 55 71 75 76 79 116 123 125 0
128 129 131 141 143 16 22 27 34 36 68 78 79 81 91 96 100 103 118 120 0
130 4 138 145 17 18 34 38 55 59 66 84 98 102 107 116 121 122 126 0
64 34 4 38 102 40 137 136 75 142 79 110 113 52 85 28 31 0
96 1 33 133 38 70 8 42 108 46 15 145 17 83 119 115 23 90 0
33 34 4 37 8 138 44 144 112 114 86 55 24 57 58 59 127 0
98 35 69 39 9 106 42 74 15 145 93 21 120 57 59 124 29 0
96 130 98 66 101 133 39 135 41 2 139 17 52 21 55 63 94 95 0
2 133 135 136 9 139 21 22 27 31 50 56 60 67 84 87 119 121 125 0
129 58 133 38 104 137 106 139 76 43 138 113 117 119 120 90 123 125 0
3 10 139 19 27 30 36 37 45 66 69 70 71 87 93 97 105 116 125 0
64 33 100 135 71 41 105 103 28 14 79 144 49 111 80 60 29 126 0
32 33 68 90 135 73 75 139 141 47 143 79 87 26 91 92 61 63 0
2 35 7 137 9 106 44 77 107 17 114 81 52 54 24 89 125 0
1 35 100 136 44 142 110 18 50 114 51 52 23 25 124 62 63 0
7 136 135 142 17 30 35 37 41 54 64 76 79 85 86 96 98 122 127 0
132 6 140 16 23 30 35 61 70 71 73 76 77 78 90 99 104 120 121 0
131 35 69 135 41 108 110 143 16 48 144 21 22 88 25 122 92 61 0
97 3 37 71 135 10 141 78 47 80 77 20 86 119 88 26 59 95 0
96 97 67 68 71 106 76 77 113 49 51 115 54 89 59 92 63 0
129 4 134 135 9 27 37 38 54 64 71 72 74 75 81 85 103 111 116 0
133 134 138 142 15 17 36 39 55 75 77 78 79 91 92 94 100 103 109 125 0
3 4 16 21 22 26 36 46 53 58 65 66 79 84 102 104 112 113 119 121 0
129 99 8 138 44 77 110 79 49 18 17 84 93 54 21 60 125 127 0
64 69 103 72 106 139 109 14 111 16 48 53 54 22 58 28 93 62 0
33 69 134 133 135 8 105 46 143 14 80 114 17 21 55 24 90 94 0
38 71 40 137 9 106 44 13 39 15 19 20 117 60 62 127 0
131 136 8 143 17 20 28 33 36 37 55 65 72 74 87 93 121 124 125 0
96 1 130 65 64 133 6 8 137 11 109 14 142 24 88 60 127 0
96 2 35 133 136 40 42 107 111 79 19 84 117 89 58 123 60 0
32 65 35 69 38 135 137 12 46 144 50 83 85 23 56 121 92 25 0
32 96 100 101 36 39 105 138 108 124 17 18 56 24 60 29 127 0
1 3 141 13 16 21 24 36 43 45 51 91 93 96 101 107 110 117 122 0
102 39 104 41 44 13 79 16 17 80 19 115 53 88 89 123 120 125 0
96 1 4 133 5 135 71 42 144 81 17 83 116 84 55 57 125 126 0
99 4 100 134 71 39 137 138 43 140 107 48 17 50 23 90 123 29 0
132 4 5 138 12 23 27 54 65 66 75 79 80 83 95 96 97 117 127 0
32 67 68 6 43 76 14 142 86 26 60 61 63 0
67 100 140 86 28 62 0
16 20 53 55 124 61 94 0
74 142 143 89 30 0
96 8 11 140 14 110 121 124 62 63 0
3 104 107 12 46 55 59 61 0
36 132 38 73 74 112 115 20 93 62 0
68 69 9 13 115 93 94 0
132 135 138 112 86 123 0
129 139 142 18 50 88 126 63 0
9 139 16 53 86 87 0
67 46 47 16 48 88 89 59 62 0
132 70 6 103 88 29 0
38 72 13 79 145 50 56 121 0
32 65 130 70 140 110 19 60 0
32 132 73 44 82 20 125 57 29 0
68 140 142 79 84 87 59 31 0
129 73 14 16 49 62 0
131 7 136 81 53 55 0
6 105 11 46 113 23 60 63 0
32 100 70 7 14 49 82 23 89 59 28 30 31 0
130 4 69 73 75 13 110 47 16 117 126 0
100 72 60 55 91 28 0
34 77 143 86 88 0
38 41 140 78 54 23 0
133 72 15 16 79 111 51 19 60 0
4 5 132 137 75 145 82 24 56 91 92 126 0
130 136 73 75 13 111 143 51 52 116 117 56 28 0
135 73 139 140 109 77 0
129 132 11 109 46 142 17 21 117 56 120 0
75 139 17 56 91 0
65 36 103 136 140 0
34 67 6 72 137 107 44 142 50 122 27 0
4 135 105 78 112 17 86 121 30 95 0
9 137 44 14 79 48 143 20 94 0
132 69 70 7 139 76 140 19 59 0
100 70 102 76 78 47 16 84 88 123 125 62 0
132 7 135 107 76 13 139 0
128 11 139 48 28 63 0
131 135 141 115 116 87 0
32 67 100 72 106 143 144 113 88 25 122 124 0
10 35 117 141 0
130 131 68 101 139 27 93 0
131 70 137 76 113 22 87 88 121 122 0
129 68 78 20 22 23 92 93 95 63 0
39 110 15 112 113 142 115 22 57 92 0
32 106 107 47 55 122 27 30 0
2 104 60 17 21 59 28 125 0
4 102 135 72 137 48 19 21 26 93 126 63 0
64 132 11 44 109 143 20 116 0
129 132 105 139 88 89 0
3 36 107 77 142 49 82 87 88 94 0
97 5 9 43 28 0
32 128 131 5 106 112 25 125 0
100 71 107 12 49 82 113 54 86 62 0
40 41 72 74 13 47 115 20 55 28 125 0
67 69 41 12 44 144 49 84 117 29 0
98 5 104 13 142 15 124 49 89 92 29 0
4 95 6 87 0
67 131 72 10 43 44 106 78 110 20 59 29 0
32 34 4 36 70 9 105 78 15 52 0
129 98 3 133 77 117 125 126 0
4 133 70 7 10 17 49 145 54 86 0
66 5 39 41 12 112 23 62 30 63 0
98 130 132 38 42 52 25 0
32 129 68 43 76 77 141 15 125 25 27 29 95 0
133 38 70 139 45 13 46 16 49 113 51 117 25 60 0
131 14 142 143 49 20 58 126 0
135 136 44 47 145 87 125 31 0
36 73 41 109 143 117 54 123 124 0
32 133 38 105 11 13 47 81 50 53 122 28 0
4 68 7 103 73 105 14 112 53 22 125 88 124 93 95 0
128 41 10 11 43 110 93 87 23 27 28 61 0
32 64 66 41 140 13 112 61 93 22 25 27 29 126 0
89 128 2 131 36 6 70 74 49 51 20 86 57 122 92 0
81 43 124 0
34 67 131 43 19 20 0
128 136 137 140 111 54 58 91 124 0
89 34 3 130 39 103 41 59 22 57 27 0
100 76 82 55 56 0
67 102 38 13 112 0
68 133 103 44 46 78 93 85 27 29 62 0
68 5 69 103 104 9 105 46 23 124 0
65 2 98 100 135 78 17 52 118 122 31 0
34 104 106 21 55 122 0
34 3 38 78 17 55 23 0
36 141 142 112 51 53 22 23 91 29 0
104 43 107 109 116 89 92 57 0
3 8 9 104 111 16 0
35 132 90 6 39 72 73 58 0
34 73 11 75 13 46 116 62 63 0
32 129 130 5 76 141 144 87 30 88 62 0
130 4 45 145 54 91 0
34 3 130 136 137 74 43 140 46 16 48 112 88 91 61 31 0
32 36 7 72 48 84 27 124 0
68 38 102 105 74 52 93 0
70 143 113 115 20 55 0
68 14 111 51 55 59 0
130 68 9 109 79 112 144 53 88 123 126 0
98 3 68 103 74 107 109 143 55 56 88 0
67 74 140 144 50 0
129 136 137 143 145 115 57 63 0
6 74 110 19 52 92 61 0
138 76 49 50 52 89 29 0
64 34 140 142 15 50 87 60 0
102 103 9 78 61 0
2 34 130 69 102 76 110 123 63 0
96 5 133 72 76 45 50 60 30 0
98 4 72 104 13 77 47 16 51 125 126 0
98 73 41 75 105 13 106 119 55 29 0
3 42 106 107 77 15 143 125 22 88 93 0
2 3 135 75 77 141 49 23 59 0
135 74 110 142 19 53 123 28 0
2 69 135 41 107 44 143 48 117 22 87 94 0
7 104 44 109 47 111 52 54 25 30 57 0
32 4 122 104 13 109 94 87 89 58 28 29 30 0
64 129 103 12 76 109 19 53 60 61 95 0
66 141 78 48 125 121 123 29 0
4 75 17 82 86 122 127 0
128 102 39 41 13 78 109 141 55 23 58 31 0
34 98 102 104 46 49 30 0
37 102 39 12 141 145 20 121 91 124 30 63 0
128 65 66 67 139 45 113 116 53 0
123 99 128 0
66 5 72 106 16 81 112 115 87 91 29 31 0
65 4 137 75 44 145 116 89 27 125 0
132 69 38 133 141 110 52 27 127 0
64 2 36 69 39 72 137 11 19 84 116 0
32 106 11 78 22 87 88 0
1 2 11 76 111 144 52 22 86 60 0
130 36 72 9 11 12 79 16 28 94 95 0
3 68 41 106 44 46 22 62 0
129 45 111 80 82 50 27 95 0
122 105 137 12 45 46 19 20 55 89 58 125 31 0
36 77 79 115 53 21 122 61 0
64 76 47 112 50 93 116 117 55 28 61 0
32 2 34 4 66 70 75 44 78 49 20 121 93 0
98 91 44 5 0
4 39 73 50 58 62 31 0
6 41 74 109 79 48 54 22 0
3 39 12 46 125 61 0
2 38 73 75 15 0
100 5 69 103 74 140 109 46 112 50 53 54 56 89 63 0
67 74 11 76 13 54 55 122 29 62 0
128 65 103 10 81 89 0
130 5 44 19 20 0
10 27 52 135 0
100 36 135 73 139 54 94 0
64 4 36 7 9 107 16 87 28 125 30 0
3 4 36 68 7 133 137 142 81 20 52 53 0
64 129 66 74 12 44 109 50 114 56 57 0
72 19 96 103 0
32 140 46 111 16 83 52 62 91 30 0
64 67 9 15 48 124 145 84 53 21 123 92 0
32 33 4 5 70 109 46 78 141 81 52 29 31 0
129 98 132 5 38 102 105 75 144 21 54 0
96 2 67 132 6 73 116 53 22 88 124 0
65 38 76 143 19 85 91 28 126 0
68 38 70 135 41 10 74 107 108 143 19 89 29 63 0
129 130 3 7 9 14 82 116 25 58 95 0
68 7 11 47 19 21 23 122 29 0
98 130 102 74 107 79 144 145 20 52 116 89 122 0
132 5 137 77 17 82 124 0
104 41 75 107 13 78 109 112 49 50 139 143 53 22 58 29 126 95 0
3 36 68 9 73 106 110 47 79 49 82 53 22 87 121 0
4 72 41 10 76 28 0
128 102 134 43 107 48 17 49 51 56 58 0
3 131 135 72 110 142 19 0
76 16 51 21 60 0
38 103 107 140 122 123 29 63 0
131 68 7 79 17 49 91 30 63 0
98 130 131 133 136 105 25 27 92 0
96 33 6 47 144 91 61 0
2 135 74 76 17 50 19 23 95 0
41 12 140 14 15 78 144 19 86 121 58 126 0
124 69 87 0
129 68 69 100 135 136 137 43 81 93 0
96 97 38 103 104 9 52 53 0
130 5 70 105 137 107 12 142 52 84 22 86 87 58 30 0
66 67 45 13 78 145 84 53 22 0
32 128 67 5 11 15 115 117 0
2 3 34 7 72 73 104 143 145 88 63 0
65 133 102 39 140 144 88 124 0
64 65 34 135 105 10 11 44 75 144 113 83 84 22 25 30 0
39 135 41 137 141 16 115 84 53 92 93 31 0
132 103 139 144 87 121 122 27 95 0
2 137 81 116 117 89 0
96 133 7 107 79 82 19 86 55 28 0
65 129 4 7 107 45 77 109 110 112 113 25 93 63 0
66 36 6 13 109 48 21 87 23 60 0
2 67 98 100 134 9 137 139 78 79 94 122 91 62 0
129 38 43 11 53 91 93 0
34 75 77 79 89 126 62 63 0
4 5 44 45 15 16 81 112 116 117 87 59 0
32 96 44 143 49 82 51 145 28 0
65 36 132 38 7 123 51 52 115 116 126 59 62 0
113 36 5 126 0
128 137 74 107 50 57 31 0
69 19 94 93 62 63 0
65 41 144 81 20 84 0
96 2 100 6 113 54 58 63 0
129 36 69 73 10 140 78 122 125 0
129 5 70 43 45 15 143 82 22 125 30 0
128 100 132 39 135 105 77 46 117 58 0
2 68 13 78 143 22 123 30 0
67 69 142 0
34 132 10 139 48 57 91 29 62 0
136 111 115 52 58 0
32 64 66 105 109 142 79 145 117 60 0
96 121 131 102 107 52 57 0
4 3 2 3 3 3 2 2 3 4 3 2 3 4 3 2 3 2 3 4 2 2 2 3 4 3 3 4 3 2 3 4 4 2 4 2 2 2 4 4 2 4 3 4 4 4 4 4 3 3 3 3 2 3 2 3 2 3 4 4 3 3 4 4 2 3 3 4 3 4 2 2 3 3 3 4 2 4 2 2 4 4 4 4 4 4 2 4 3 2 2 2 2 4 4 3 2 2 3 2 4 4 2 2 3 4 2 2 3 4 4 3 4 4 4 3 3 3 2 4 3 3 2 4 3 3 4 2 2 3 3 2 3 4 2 3 4 3 3 3 3 2 4 3 3
