139 145 131
2 4 69 102 37 72 59 46 47 112 80 114 51 52 87 122 123 28 0
6 12 14 17 27 34 52 60 71 78 83 85 88 92 99 103 106 116 120 124 0
130 8 26 38 41 52 55 60 62 64 78 83 96 109 110 119 121 123 127 0
64 33 35 68 36 77 80 113 49 50 84 51 86 119 56 61 30 127 0
121 99 3 72 17 114 82 116 21 22 86 24 62 122 123 124 30 0
128 33 2 3 4 5 38 69 72 98 106 43 32 48 17 87 25 126 0
3 9 14 20 30 48 51 52 54 56 76 77 79 81 89 91 96 107 113 0
97 129 99 67 5 73 105 106 108 77 18 52 118 87 120 56 93 0
96 2 3 35 130 102 38 11 75 46 23 21 22 119 57 91 93 126 0
1 8 27 31 46 53 60 62 64 66 68 69 91 107 109 113 116 118 125 0
2 17 23 27 31 38 50 51 61 68 70 71 81 82 98 101 107 108 124 0
129 4 12 19 30 32 46 49 51 54 60 67 72 76 84 91 112 113 121 0
10 11 13 16 29 30 37 42 47 49 54 59 62 77 80 81 89 96 109 122 0
8 9 13 18 20 42 45 50 52 53 62 66 67 85 89 98 99 113 119 0
4 70 40 10 75 77 14 111 112 16 95 86 23 87 57 29 94 31 0
131 4 19 22 25 37 54 61 65 73 78 86 96 103 107 115 122 124 125 0
5 14 37 52 53 55 56 59 69 72 77 81 86 98 106 108 112 114 122 0
36 102 104 41 107 78 48 17 82 114 52 55 54 87 86 90 59 63 0
2 6 20 26 37 39 50 62 64 65 74 87 88 93 105 109 112 117 119 120 0
131 4 16 22 23 25 34 41 74 79 95 98 101 102 103 107 113 116 119 0
3 6 9 19 27 52 54 59 60 71 87 93 98 107 111 115 116 118 126 127 0
96 99 36 40 10 107 43 109 44 13 77 45 86 120 58 123 126 63 0
22 29 30 31 34 38 40 42 46 47 54 55 58 66 84 87 96 97 110 0
33 129 69 38 73 10 123 107 13 14 47 80 118 23 120 121 59 126 0
4 20 31 35 39 45 53 64 80 83 84 89 97 100 102 112 116 120 122 0
98 69 5 6 8 10 43 44 42 47 15 17 82 22 118 60 125 0
121 66 1 68 5 38 105 76 77 81 82 53 62 89 91 125 126 0
32 1 33 99 35 42 45 110 112 113 82 52 86 122 59 29 0
89 99 4 6 41 10 42 76 46 111 112 14 52 25 26 124 61 62 0
128 2 3 12 32 38 42 48 49 52 54 57 61 70 84 92 94 100 123 0
128 9 12 14 15 26 30 31 33 34 39 40 42 80 98 102 103 116 121 0
6 12 13 23 24 27 31 38 43 47 54 57 65 79 85 88 101 110 119 0
64 2 67 69 38 103 91 75 108 46 79 115 55 22 87 21 59 63 0
96 97 2 36 27 105 40 45 15 18 125 118 120 25 91 92 61 24 0
96 128 100 5 68 37 105 43 76 11 15 18 117 86 125 21 28 93 0
128 3 6 15 18 23 31 37 42 44 45 59 64 70 75 92 98 118 119 0
32 130 3 4 101 99 105 44 12 14 16 113 82 21 55 89 26 93 0
10 18 20 25 27 39 45 50 60 65 76 94 102 103 105 108 113 115 125 0
129 3 4 7 9 10 12 21 40 50 64 74 89 95 98 104 105 108 116 0
130 7 18 24 26 34 36 41 42 51 56 60 61 64 71 85 96 102 107 120 0
56 69 102 101 104 77 15 20 53 118 24 57 90 91 61 30 0
2 35 100 131 102 39 40 75 15 81 117 85 88 57 56 59 124 95 0
128 2 4 8 9 10 11 13 17 20 36 42 46 57 58 75 103 108 113 0
33 130 129 3 10 75 44 13 43 111 114 53 54 23 120 117 63 0
97 99 7 40 76 108 46 15 111 49 84 52 22 121 60 61 126 95 0
129 131 21 32 35 39 41 42 51 52 58 61 71 73 75 96 98 100 118 119 0
2 9 13 14 21 22 36 39 43 45 58 71 79 87 90 91 92 93 104 106 120 0
28 30 34 37 43 44 54 57 59 72 76 79 81 88 90 105 114 121 122 124 0
1 5 7 15 19 22 29 35 55 60 66 69 87 89 97 105 108 113 125 0
34 99 39 40 106 75 12 109 46 47 42 17 114 81 74 120 126 31 0
10 15 16 20 26 32 37 47 50 52 63 66 71 82 85 105 113 114 121 0
32 26 122 103 12 77 110 48 112 82 18 20 84 86 23 116 58 93 0
64 97 5 101 38 104 42 74 108 16 50 61 89 26 60 125 126 0
129 2 17 21 32 33 35 39 41 52 57 58 70 77 78 81 86 96 98 121 0
89 99 67 37 5 40 105 9 77 109 18 83 62 87 56 57 58 25 0
6 10 17 20 24 34 47 50 51 54 56 66 71 72 76 84 93 105 118 122 0
89 3 131 101 106 45 81 63 53 118 56 24 122 27 125 30 95 0
17 21 22 23 47 49 51 68 69 72 74 75 79 80 84 101 118 120 127 0
27 35 44 50 54 56 60 61 68 85 88 94 96 98 100 102 104 121 127 0
8 14 25 35 40 43 51 56 57 64 70 71 75 80 87 95 107 108 117 127 0
5 8 15 18 19 31 38 46 50 54 56 64 65 76 86 93 97 108 109 0
129 8 41 43 16 80 50 83 48 54 87 22 24 86 27 124 29 62 0
67 4 70 39 73 105 75 107 77 12 16 114 22 120 88 28 126 0
3 99 5 6 38 131 75 112 50 19 53 22 85 122 123 61 62 0
33 97 67 68 5 35 105 10 75 11 46 78 81 51 116 23 25 94 0
96 26 40 41 45 78 47 80 17 82 116 56 25 90 91 92 125 30 0
4 23 28 31 40 42 46 47 74 76 81 83 85 86 91 96 104 106 120 0
97 98 3 67 101 38 71 11 12 16 17 113 84 55 25 58 124 57 0
69 72 10 107 75 15 81 115 20 53 117 87 88 122 91 124 125 31 0
65 129 131 68 5 102 34 107 45 80 48 82 117 21 89 124 93 127 0
64 97 3 5 102 39 105 13 110 47 111 17 46 84 116 22 58 0
33 65 37 69 5 107 112 82 51 21 30 57 90 123 125 62 95 0
97 67 5 103 107 44 45 20 118 88 90 91 29 62 63 0
128 121 67 4 39 45 60 111 15 113 114 119 23 57 124 61 127 0
33 68 37 70 39 74 12 76 112 48 82 115 22 123 92 29 95 0
96 33 65 130 5 6 71 110 78 81 83 84 115 118 27 28 125 94 0
129 65 37 107 31 14 47 82 50 84 118 121 26 91 92 94 95 0
8 10 12 21 31 33 44 49 57 62 72 80 85 101 106 108 113 120 127 0
64 65 70 73 43 75 108 77 45 20 21 53 119 125 121 123 124 29 0
128 97 129 67 39 40 71 10 107 13 47 112 113 83 88 60 29 0
2 10 23 34 39 48 54 60 74 76 78 80 84 89 90 92 99 100 114 120 0
5 6 8 13 42 44 45 53 57 63 68 76 78 91 92 93 97 98 122 0
128 66 35 34 5 130 8 46 111 79 49 83 119 56 57 58 124 30 0
64 33 2 3 68 37 73 75 12 110 51 95 59 28 93 94 31 0
67 99 36 102 39 4 131 42 74 13 46 77 14 49 84 23 90 30 0
98 131 99 36 9 73 43 42 77 80 113 119 53 23 122 91 95 127 0
3 36 104 9 76 13 109 111 112 113 18 82 19 48 22 118 81 60 0
2 68 5 73 42 43 13 110 51 115 56 57 26 123 125 30 127 0
10 11 18 22 23 26 34 40 44 46 51 56 62 72 83 113 119 124 127 0
128 35 99 131 3 8 105 77 47 92 80 82 83 55 120 124 61 0
1 2 3 6 14 20 24 31 32 43 46 48 52 59 69 70 78 90 111 0
33 3 37 6 7 40 72 12 46 79 117 22 23 88 121 123 92 95 0
128 2 8 14 27 35 40 41 43 45 54 69 77 85 86 101 107 115 125 0
34 131 102 71 9 45 46 111 47 17 18 79 83 22 88 89 90 92 0
6 10 11 15 20 27 35 40 48 49 56 60 64 65 66 70 73 78 92 100 0
130 3 66 37 9 42 75 14 112 17 114 83 118 22 27 94 127 0
64 65 129 67 97 72 41 9 10 44 8 47 84 20 119 94 92 30 0
96 129 32 97 6 7 73 11 45 109 13 16 20 22 86 88 121 123 0
2 4 9 10 15 19 66 68 75 84 87 88 97 109 117 119 121 123 124 0
6 12 19 24 31 42 47 51 57 61 81 87 90 92 94 96 104 114 123 0
1 2 6 17 20 36 37 38 49 59 64 66 73 93 98 106 108 115 119 122 0
128 1 33 4 104 73 27 11 52 116 118 86 121 91 125 25 31 0
128 4 13 22 50 52 65 68 78 82 85 91 92 93 98 110 113 121 122 124 0
128 7 10 17 34 41 55 60 61 62 68 72 74 84 90 98 102 106 107 121 0
66 3 4 131 5 2 10 107 43 127 80 113 114 115 59 92 62 31 0
128 65 34 3 107 109 14 47 28 81 82 117 88 121 26 127 30 63 0
34 99 67 69 4 9 12 109 110 47 16 113 50 77 84 55 24 61 0
89 67 100 35 69 8 111 15 81 124 115 20 85 114 62 57 60 25 0
5 27 8 10 123 44 47 16 17 50 20 85 118 24 90 59 92 0
1 5 19 25 26 27 54 56 62 72 90 91 92 94 95 113 117 119 124 0
65 1 68 101 103 76 77 47 112 113 15 125 22 59 29 63 0
3 131 36 39 7 9 8 76 110 82 115 52 117 54 30 29 126 63 0
65 33 97 99 6 72 105 74 81 114 116 53 117 120 91 125 31 0
129 131 6 13 21 23 30 31 32 47 60 74 75 90 92 101 107 111 120 0
96 131 39 73 41 108 77 110 50 115 20 85 21 87 24 90 60 94 0
129 33 69 101 39 37 9 75 111 113 116 85 54 23 24 59 125 95 0
131 36 101 6 39 10 43 44 110 113 19 117 118 53 24 58 27 31 0
2 131 5 13 18 25 26 34 36 38 39 45 66 67 84 90 103 113 125 0
64 32 5 71 104 9 108 45 77 113 54 119 56 57 58 125 62 63 0
2 14 19 20 29 47 49 57 63 66 70 74 75 83 84 85 90 98 106 0
6 7 20 23 28 32 37 39 40 44 45 58 67 73 78 80 81 90 93 112 0
32 1 96 131 101 28 60 15 111 50 21 87 55 57 92 93 94 31 0
2 13 15 25 32 34 43 46 48 64 72 89 93 94 99 103 108 118 119 0
129 1 3 7 9 16 19 21 33 45 55 59 60 72 81 83 84 88 122 0
20 23 32 35 38 46 50 52 60 64 71 72 106 108 109 113 123 126 127 0
12 18 25 36 37 38 52 54 60 62 65 66 72 74 80 85 88 97 102 127 0
128 5 77 28 79 49 114 83 84 117 54 87 56 27 124 29 63 0
129 12 16 19 33 38 41 42 43 47 57 58 74 98 100 102 109 115 123 0
129 98 99 68 3 41 106 76 12 110 92 52 85 22 93 127 61 31 0
129 36 37 104 9 111 48 17 18 51 52 116 119 120 121 61 94 95 0
1 131 4 31 40 41 43 52 60 63 72 92 93 97 102 107 108 116 121 0
130 99 41 110 15 14 49 82 83 116 81 86 24 121 58 29 126 0
131 7 12 17 18 19 25 36 40 54 66 69 74 77 93 116 118 124 125 127 0
2 6 8 14 18 27 44 59 63 65 68 85 88 106 110 112 113 121 122 123 0
130 36 39 71 9 43 77 112 16 50 114 52 80 90 60 61 62 63 0
131 68 70 27 73 42 107 44 110 79 16 17 86 25 123 93 126 95 0
33 3 68 101 102 6 45 78 111 15 83 52 84 55 91 28 93 0
129 7 15 27 32 35 37 44 67 80 85 87 92 97 98 116 119 120 123 0
98 130 68 37 67 6 9 73 107 106 45 81 82 85 119 90 91 0
1 16 17 18 27 32 37 40 44 48 49 50 62 66 97 103 104 106 116 120 0
6 16 24 26 32 36 37 41 53 54 71 74 75 78 87 92 93 112 116 122 0
35 131 39 41 106 11 76 108 73 112 82 53 86 88 24 92 127 0
4 9 28 36 37 39 41 44 47 48 64 78 79 96 108 109 116 117 126 0
64 1 98 3 38 39 104 105 75 44 77 47 111 115 21 119 90 31 0
128 11 29 34 48 52 54 57 68 70 71 74 96 104 106 113 115 116 117 127 0
34 74 83 52 54 0
33 38 73 18 54 0
96 107 76 7 0
10 131 0
64 34 36 69 110 17 117 0
97 6 42 11 76 111 53 0
33 97 4 8 104 108 81 114 51 52 83 93 95 63 0
79 16 48 116 55 120 28 30 0
35 70 78 115 87 24 0
70 11 76 77 15 79 49 50 51 52 80 111 26 94 0
65 131 106 46 47 81 50 83 121 122 28 0
32 37 69 103 75 18 50 25 126 123 125 94 0
64 33 67 102 39 116 117 25 28 93 95 57 0
64 42 11 16 48 52 87 58 127 0
1 40 75 78 48 50 58 93 95 0
107 79 15 51 19 126 92 94 0
72 105 74 53 121 122 0
98 38 46 47 19 117 88 61 0
68 102 103 107 21 58 93 94 0
121 42 131 79 0
89 34 41 73 75 106 77 78 108 111 50 115 22 87 25 61 94 0
64 70 78 110 111 113 87 0
64 65 102 40 44 81 50 51 0
97 104 42 11 12 82 53 117 56 120 93 94 0
2 67 68 101 40 105 74 82 114 92 0
93 61 30 15 0
104 45 79 18 21 22 88 62 0
39 104 82 24 88 62 31 0
100 103 8 9 73 14 83 116 27 0
128 1 102 103 74 45 114 53 25 59 94 127 0
41 18 101 47 0
33 2 69 102 39 10 110 18 83 56 0
3 37 105 49 87 27 31 0
128 100 37 74 12 44 14 111 16 61 84 117 24 123 29 126 0
97 103 109 56 90 120 0
131 90 8 42 45 78 21 120 26 0
97 100 114 60 126 0
4 68 104 11 22 87 0
33 131 40 104 107 110 21 126 28 30 0
118 89 123 60 93 31 0
32 41 107 78 16 114 26 30 0
97 99 73 11 19 0
130 100 101 7 110 82 125 0
120 9 45 39 0
33 36 110 117 23 122 59 29 31 0
97 10 76 106 0
7 10 47 113 50 82 118 87 59 29 0
96 65 70 16 83 86 28 0
32 96 0
32 39 15 16 118 122 29 62 0
34 102 9 10 106 76 109 118 29 127 0
4 107 114 51 87 57 0
4 37 70 75 110 19 84 28 63 0
73 42 12 50 116 60 94 31 0
67 38 39 82 115 116 53 119 122 59 60 0
34 101 70 73 74 106 95 28 29 30 63 0
96 102 79 15 17 18 120 25 127 0
8 131 96 69 0
131 9 74 11 12 49 113 115 56 124 0
65 69 10 19 24 121 60 125 0
72 51 124 77 0
64 72 79 15 30 0
96 68 46 113 55 30 121 58 124 62 127 0
131 101 78 22 61 0
38 105 10 77 46 18 0
72 105 12 47 29 0
96 68 103 72 113 121 90 0
65 100 105 109 46 58 28 0
113 114 118 58 60 62 0
121 67 70 107 109 19 115 54 25 29 0
128 4 101 102 43 123 77 115 21 54 126 59 62 31 0
76 16 82 51 52 25 29 0
34 66 99 108 18 84 87 0
3 42 108 13 49 52 87 55 0
104 118 55 29 126 0
67 41 77 109 48 81 84 125 22 120 93 0
131 39 107 78 52 117 0
81 70 79 0
121 82 12 47 0
75 45 16 115 92 93 62 0
18 26 61 30 0
32 70 41 76 88 122 0
131 37 12 82 115 53 55 24 61 0
41 109 116 59 63 0
65 2 39 106 77 48 118 89 60 0
4 58 38 73 107 46 47 50 51 84 24 56 88 60 125 30 63 0
64 65 5 8 112 18 51 25 122 59 57 0
97 67 73 79 31 0
128 18 83 116 22 58 124 0
65 37 8 45 48 21 57 93 30 95 0
129 101 75 76 114 83 88 57 31 63 0
65 97 8 114 59 0
4 72 9 109 16 81 115 21 120 126 92 61 94 0
1 2 100 104 107 77 46 87 0
96 45 46 81 22 24 0
128 9 76 49 118 56 57 0
34 10 74 12 46 47 52 53 22 93 88 89 29 126 0
65 69 38 104 108 77 111 115 119 54 118 56 59 30 95 0
65 33 131 106 76 109 47 55 88 63 0
33 82 36 0
64 4 116 21 92 0
128 9 85 53 87 90 0
64 2 67 130 71 7 108 110 79 0
1 38 18 83 26 0
32 104 41 73 75 28 0
40 49 83 90 95 0
97 37 102 9 110 111 16 124 50 25 92 62 0
33 131 100 78 19 28 31 0
43 46 51 55 26 0
72 106 52 117 0
101 8 72 48 82 84 53 56 57 29 94 0
37 11 115 52 60 126 0
1 115 36 55 0
101 75 47 83 55 124 0
34 4 69 38 102 40 42 77 110 18 83 84 116 55 60 95 0
101 102 77 113 116 60 0
2 67 100 37 73 81 21 56 122 63 0
131 72 75 11 50 28 0
33 100 69 106 12 16 55 29 0
33 121 68 76 78 82 53 88 89 60 31 0
128 84 93 38 0
64 103 9 113 54 58 63 0
1 34 100 102 7 72 109 47 48 22 62 30 63 0
128 36 72 10 83 89 26 28 0
37 10 113 118 127 95 0
4 45 46 20 53 122 0
65 67 105 42 123 78 50 91 0
97 34 12 88 94 0
37 71 74 81 56 58 120 95 0
36 104 73 110 47 88 124 30 0
7 42 123 48 55 25 91 63 62 31 0
58 110 117 46 0
34 67 68 70 39 72 88 58 0
68 9 76 49 19 54 120 26 125 0
64 96 101 42 49 90 28 62 31 0
128 73 106 45 78 0
64 89 74 108 78 16 54 25 127 0
65 1 67 38 74 118 55 124 63 0
33 67 12 109 22 121 60 61 62 0
3 2 4 3 4 2 2 2 4 3 4 3 2 3 4 2 4 2 2 3 2 3 2 3 2 3 2 4 4 4 3 3 4 2 3 3 2 4 3 2 3 2 3 4 4 4 4 3 3 3 3 2 4 2 2 3 3 2 4 3 4 3 3 2 2 2 4 3 2 2 2 2 4 4 2 2 4 2 2 2 2 4 4 2 3 4 3 3 2 2 4 3 2 3 4 2 4 2 4 3 4 3 4 2 3 2 3 3 2 4 4 4 2 4 2 2 4 4 3 2 2 2 4 3 4 3 3 3 3 4 3
