83 73 68
33 1 3 35 58 10 13 14 48 19 52 22 23 54 26 27 62 31 0
4 7 9 10 12 15 17 18 19 20 27 28 31 41 42 45 48 59 60 0
5 7 10 16 17 20 21 30 32 33 34 35 38 39 43 46 47 48 50 63 0
33 3 67 36 7 8 9 13 16 17 20 55 54 23 52 28 61 31 0
1 2 5 6 7 8 15 18 20 22 27 33 38 40 42 44 45 52 53 64 0
2 8 13 25 26 29 32 35 36 38 46 50 51 53 54 57 59 65 66 68 0
64 34 68 37 6 5 41 43 45 47 48 20 55 56 57 26 27 31 0
32 1 2 67 35 37 3 47 15 49 50 21 30 57 27 29 25 0
1 2 4 12 15 24 26 32 36 41 43 45 47 51 56 61 63 67 68 0
1 2 5 7 14 15 20 21 24 28 31 33 47 48 55 56 59 61 67 0
33 65 67 4 5 3 40 41 14 52 21 20 23 24 56 61 30 31 0
1 2 4 5 19 20 24 25 28 33 34 35 37 41 49 52 56 58 64 65 0
2 4 6 7 12 21 22 25 32 36 37 40 45 49 53 57 58 64 66 0
5 6 9 10 13 16 19 23 29 31 36 38 39 42 46 53 58 60 66 67 0
32 37 7 9 11 12 45 15 48 50 18 52 21 20 22 25 58 29 0
2 5 7 14 16 23 24 33 36 37 42 44 47 52 53 54 57 58 67 0
2 10 13 14 17 19 20 22 29 32 33 34 36 38 39 45 46 53 56 57 65 0
2 36 5 7 44 47 16 17 55 22 23 24 57 26 60 29 62 31 0
64 1 36 4 68 7 40 42 11 44 12 43 15 24 25 58 62 31 0
34 2 39 8 9 42 41 44 12 47 15 17 62 56 25 58 30 63 0
2 5 6 10 12 15 20 22 24 25 27 29 31 36 38 48 50 53 55 58 0
35 5 6 7 40 9 39 12 46 47 17 19 22 24 62 59 29 30 0
34 3 4 39 8 41 10 43 12 16 17 48 51 20 22 23 60 30 0
64 66 3 37 42 44 46 15 49 18 55 54 23 57 61 63 0
32 3 36 68 7 8 59 12 45 47 16 49 51 52 56 57 27 29 0
5 8 9 17 19 20 21 22 23 26 27 28 34 41 45 49 58 61 67 68 0
4 6 7 10 16 18 20 27 29 34 43 49 51 52 53 55 58 59 65 66 68 0
64 67 68 5 6 39 40 9 41 44 13 17 18 51 53 56 28 29 0
64 1 32 35 66 6 7 8 9 11 45 18 51 52 54 23 27 30 0
32 66 35 4 5 6 36 42 46 50 51 21 22 57 58 27 25 31 0
1 5 6 8 20 25 29 31 33 36 43 44 45 58 59 60 64 66 67 0
64 33 34 65 4 38 7 9 43 44 14 17 29 51 20 52 60 61 0
64 1 2 6 11 45 48 49 17 19 20 52 54 23 22 57 62 63 0
67 5 7 42 11 43 13 14 15 45 19 21 22 55 56 60 61 31 0
5 7 8 12 16 17 18 19 21 23 25 27 32 34 35 38 39 42 62 63 0
66 5 7 8 40 10 9 44 12 16 17 21 22 55 56 57 59 31 0
33 4 5 37 7 8 9 42 11 46 20 21 30 56 57 26 62 31 0
6 8 10 14 16 19 22 25 32 39 41 42 46 54 57 59 60 61 65 0
5 6 11 13 14 16 17 19 26 37 38 39 41 44 47 54 57 59 63 66 0
5 6 7 13 17 22 24 26 27 33 40 41 43 49 53 61 63 64 67 0
2 12 16 17 19 21 30 31 34 36 39 40 43 47 50 51 52 59 62 68 0
64 32 67 37 13 45 14 48 50 51 18 22 23 57 26 27 31 0
1 7 13 14 15 16 18 20 22 28 32 37 39 40 53 55 57 60 65 0
6 10 11 12 24 27 28 30 33 42 43 45 47 49 55 61 63 64 68 0
2 3 4 37 6 40 9 42 12 13 46 52 53 22 57 58 29 25 0
4 8 12 15 19 24 26 33 36 37 40 41 44 48 49 60 62 63 64 0
64 33 2 32 5 41 10 42 12 45 14 18 55 56 58 27 29 63 0
1 35 67 8 41 44 48 49 50 17 53 21 24 57 27 62 31 0
1 35 3 6 9 44 13 49 19 30 54 55 22 57 62 63 0
3 5 6 9 11 12 13 15 26 28 33 36 38 45 47 50 54 64 68 0
5 6 7 10 12 13 16 18 25 26 28 31 32 34 37 49 53 63 64 0
64 3 68 7 8 9 42 45 16 52 21 56 62 58 28 29 30 0
4 7 13 14 18 20 22 24 28 29 33 37 38 44 51 60 62 63 68 0
32 1 6 8 9 42 11 46 14 48 16 47 18 60 22 57 28 30 0
4 14 16 17 18 19 20 24 28 29 30 32 33 43 44 55 58 63 64 0
8 12 17 19 22 24 25 26 27 29 30 32 34 50 52 55 56 59 65 0
3 4 5 11 15 16 24 26 27 28 29 35 37 40 43 44 48 51 63 0
1 5 9 18 23 25 30 34 36 39 42 46 51 52 57 59 61 62 63 0
1 2 4 5 10 15 18 22 24 27 28 32 35 38 44 54 55 63 67 68 0
32 64 1 3 6 7 48 16 61 53 22 56 25 28 29 30 31 0
8 10 11 14 15 20 23 25 26 28 31 39 47 49 51 53 54 65 66 0
1 2 3 4 5 11 12 19 20 22 34 37 41 45 48 54 55 56 66 0
2 4 11 14 16 22 24 27 28 31 37 40 41 46 47 54 61 63 67 0
64 65 2 34 9 15 49 18 50 52 22 54 25 58 28 61 57 0
3 4 67 38 41 42 10 15 61 20 52 23 28 29 62 31 0
3 4 8 13 14 15 17 18 31 33 36 42 45 47 52 59 62 63 64 67 0
65 66 3 6 40 8 17 50 29 20 52 54 51 57 58 60 61 0
4 6 11 15 19 21 22 24 25 35 36 37 42 46 48 50 54 61 67 0
1 3 14 20 21 25 26 34 35 36 37 42 45 53 62 63 64 65 67 0
2 9 23 26 28 30 34 36 38 40 45 46 47 48 50 52 53 58 60 61 0
65 3 39 41 42 10 13 46 45 51 23 22 30 57 58 60 62 0
4 5 7 15 16 18 20 23 26 28 30 42 44 45 47 50 64 65 68 0
32 1 34 37 7 8 41 44 13 17 50 23 57 27 29 62 63 0
25 10 57 31 0
35 38 6 10 19 58 0
65 35 8 21 53 24 0
67 37 15 20 57 58 0
39 0
1 20 52 0
43 44 51 52 60 0
64 49 47 0
2 0
32 29 0
36 47 0
39 10 43 20 31 0
64 68 10 20 21 0
7 43 46 49 24 25 29 30 57 0
38 30 0
8 57 55 47 0
32 39 23 24 58 0
3 5 13 14 15 51 56 0
37 6 9 52 25 58 60 0
40 37 6 0
64 65 34 6 48 51 52 0
18 14 0
49 19 23 0
29 0
68 54 0
2 39 13 54 24 26 0
20 28 0
10 11 12 29 62 0
16 50 5 22 0
23 39 15 0
25 6 0
4 52 15 0
65 10 26 55 0
32 64 37 38 39 43 51 56 0
48 2 56 29 0
3 5 6 26 62 63 0
18 61 0
54 37 38 0
36 68 7 43 60 0
51 3 13 30 0
58 61 0
55 54 30 25 62 63 0
25 28 55 33 0
35 36 5 54 31 0
16 46 22 47 0
36 7 8 9 31 0
24 2 51 0
1 37 30 41 0
64 2 31 0
41 22 23 0
47 14 23 0
24 0
8 48 6 0
32 9 44 61 0
65 66 36 38 16 23 56 0
50 63 0
0
8 1 30 31 0
64 2 38 48 20 0
1 68 43 14 48 23 0
52 63 14 31 0
65 12 0
35 42 14 54 59 0
36 5 38 13 49 55 0
24 0
64 42 11 55 61 0
46 57 22 0
44 17 54 27 63 0
10 60 63 0
1 35 0
37 38 45 18 60 31 0
35 2 26 0
2 61 55 15 0
3 37 12 18 53 0
35 12 62 15 0
52 0
43 61 46 7 0
35 68 16 51 54 0
64 65 42 0
17 61 0
3 10 43 44 47 57 0
62 9 14 17 0
5 42 46 17 18 20 55 26 0
3 2 4 2 2 3 3 2 4 2 2 4 2 4 3 2 2 2 2 3 2 4 4 2 2 3 2 3 4 4 4 3 2 2 4 2 3 2 2 3 4 4 4 4 2 3 2 2 4 4 3 3 2 4 3 4 4 2 2 3 3 4 2 4 2 3 3 2
