225 150 60
36 38 8 41 11 45 17 49 18 52 21 54 55 22 59 0
1 34 6 39 42 13 17 18 19 51 56 24 58 59 29 0
32 4 7 39 10 11 14 15 46 49 52 55 23 59 29 0
32 1 34 3 5 6 13 46 15 18 19 52 22 57 27 0
33 3 5 8 9 10 42 43 40 15 19 20 54 22 24 0
2 3 35 37 38 36 40 48 50 51 56 57 58 27 60 0
32 1 35 5 38 6 40 43 12 45 46 51 19 56 27 0
32 36 5 38 27 9 10 40 14 15 16 60 56 59 28 0
1 2 35 36 8 9 44 13 16 18 22 23 24 25 59 0
32 1 2 3 38 40 41 42 10 14 51 53 56 26 28 0
2 3 34 37 39 27 41 42 8 16 21 53 25 59 60 0
32 35 38 45 16 49 51 19 21 55 56 57 26 28 31 0
3 27 41 10 13 48 49 17 21 23 24 56 59 60 29 0
1 4 37 7 40 42 12 13 47 48 18 50 55 56 60 0
40 27 42 13 14 15 46 18 51 53 23 24 57 58 59 0
33 2 37 39 41 42 11 44 12 51 21 23 24 57 25 0
37 42 45 60 47 15 49 18 19 54 56 24 26 27 28 0
1 33 4 7 8 10 43 44 48 49 18 55 24 27 28 0
32 34 36 37 4 9 10 47 18 51 52 20 55 60 29 0
32 3 4 37 7 8 10 12 44 46 52 53 54 56 26 0
1 3 36 4 38 35 41 42 10 44 48 16 20 22 30 0
32 35 36 42 12 14 46 17 51 20 53 54 24 28 30 0
32 33 2 36 4 38 7 9 10 11 60 52 20 23 28 0
33 2 4 38 41 42 10 9 46 15 54 58 59 29 31 0
32 1 33 41 42 13 45 15 14 18 21 55 56 25 26 0
3 35 6 40 10 11 14 47 48 18 23 25 58 59 57 0
41 10 42 45 13 15 16 49 18 21 22 54 59 29 30 0
35 26 37 39 11 47 16 50 19 54 57 58 60 25 31 0
32 3 36 10 42 44 13 45 12 48 50 22 54 57 30 0
58 5 38 7 8 10 44 48 49 50 52 56 26 28 30 0
2 34 37 8 43 12 13 14 15 48 50 56 25 58 31 0
33 6 7 40 39 44 12 47 15 17 49 19 51 22 60 0
32 5 38 9 10 42 13 46 14 15 16 18 21 59 60 0
33 35 4 3 44 15 48 17 18 16 22 56 24 58 29 0
1 6 41 42 12 13 14 46 48 17 45 51 52 21 31 0
32 34 58 39 42 12 46 14 48 18 19 52 20 23 26 0
33 2 37 43 17 19 53 21 23 55 57 26 59 30 31 0
32 59 10 9 12 47 16 20 53 56 58 27 60 29 31 0
32 3 5 9 10 11 16 17 51 20 54 24 26 29 30 0
2 4 39 8 40 41 43 9 15 49 52 21 23 56 26 0
1 33 5 6 44 45 46 50 19 51 21 55 25 26 29 0
33 34 36 7 8 41 44 17 18 51 53 22 54 57 59 0
4 39 9 11 44 13 18 19 52 22 55 57 26 29 30 0
32 35 38 41 44 46 49 51 20 56 57 26 27 28 31 0
1 2 3 34 37 6 10 11 44 48 18 51 52 53 57 0
32 3 5 9 14 15 17 50 49 21 22 55 56 60 30 0
32 1 4 36 38 41 12 60 47 18 23 56 59 28 31 0
35 38 39 43 44 14 16 17 48 51 22 23 24 27 28 0
33 34 4 40 44 45 16 17 18 22 55 56 25 29 30 0
3 36 40 11 12 46 47 49 52 53 22 23 56 24 59 0
2 34 3 36 8 42 45 47 16 18 20 54 23 59 29 0
32 1 34 2 3 4 10 11 13 46 14 49 18 57 30 0
34 35 38 40 41 9 45 16 49 50 19 22 58 60 31 0
34 35 8 9 40 45 46 50 18 51 53 25 28 29 57 0
33 4 6 44 13 45 16 50 52 23 53 55 54 26 31 0
34 37 6 38 40 42 44 15 21 54 25 24 57 28 30 0
2 34 4 37 38 7 40 9 41 5 12 13 17 49 59 0
7 8 41 39 40 60 48 17 21 22 53 25 27 28 29 0
32 1 2 34 37 38 9 11 45 50 18 26 29 30 31 0
33 3 5 38 39 40 41 46 16 18 21 55 25 28 31 0
36 5 38 37 40 9 12 46 48 51 53 23 24 29 30 0
1 34 38 39 9 11 44 45 18 19 20 51 23 24 25 0
1 35 36 5 37 7 8 9 13 53 54 23 24 58 31 0
2 3 36 5 6 39 40 8 14 16 49 51 52 20 23 0
3 6 38 44 13 48 49 16 51 21 22 55 24 26 59 0
4 5 37 40 11 12 45 44 16 50 19 20 22 57 26 0
33 4 37 6 39 7 9 41 45 15 16 17 50 29 30 0
32 6 41 43 12 45 13 50 51 53 21 22 57 58 27 0
32 35 5 39 10 44 16 18 52 53 54 55 24 25 57 0
5 39 9 46 15 14 18 51 20 52 25 26 60 29 31 0
3 36 4 6 43 11 15 16 49 18 53 54 24 56 60 0
2 56 4 37 42 11 43 46 50 20 53 24 26 29 31 0
3 36 35 41 11 12 43 46 47 16 50 53 57 26 28 0
1 2 3 36 40 9 59 11 45 51 21 55 56 26 27 0
34 35 5 8 41 40 10 12 47 48 49 53 54 25 29 0
33 34 7 40 9 12 45 46 14 13 23 25 58 27 31 0
1 35 39 40 9 12 45 14 46 48 44 49 23 60 31 0
32 33 34 4 8 9 10 11 42 47 48 52 21 24 29 0
32 4 6 42 11 12 43 46 48 19 20 23 56 26 59 0
33 3 37 5 6 40 42 11 19 53 22 55 21 59 29 0
2 4 37 6 8 40 41 11 47 51 21 54 25 26 27 0
32 1 2 39 12 45 14 15 50 51 53 23 24 57 28 0
2 5 7 39 40 43 44 14 48 55 56 25 58 59 29 0
34 4 5 37 39 58 12 46 15 16 20 54 26 27 28 0
33 36 5 37 41 47 16 50 20 53 54 22 21 57 27 0
32 35 37 38 7 40 8 41 43 12 48 50 53 54 26 0
33 34 5 38 44 13 46 49 18 20 52 22 25 30 31 0
1 26 36 39 9 12 28 14 21 23 24 58 60 29 30 0
33 1 34 6 41 44 60 47 50 19 52 53 26 28 31 0
32 2 26 43 44 13 46 15 45 50 20 23 58 30 31 0
5 37 7 8 9 43 47 50 18 55 24 25 26 28 57 0
34 35 4 5 3 7 40 41 9 12 15 17 53 58 31 0
1 34 3 2 37 38 8 45 47 48 50 51 18 22 25 0
1 2 37 5 8 9 11 43 14 50 53 55 25 28 29 0
32 2 3 34 37 38 6 9 13 16 49 26 27 28 31 0
1 36 38 40 27 10 11 44 50 24 57 58 59 29 30 0
33 34 5 38 6 46 47 48 49 17 52 26 59 28 30 0
2 35 26 37 42 10 15 49 51 52 54 56 57 58 25 0
1 3 36 37 6 7 42 16 48 18 25 58 29 30 31 0
32 34 4 39 8 13 15 17 18 52 53 54 56 29 31 0
32 33 38 39 40 41 44 47 48 21 23 56 26 59 31 0
36 4 43 11 45 44 16 49 18 50 52 53 55 23 48 0
32 1 37 9 41 12 46 14 16 17 48 20 53 24 28 0
2 40 27 10 12 45 46 13 16 17 53 22 55 59 28 0
2 34 35 6 39 9 41 43 52 21 55 56 26 60 29 0
32 2 58 38 7 6 8 12 48 20 23 24 57 26 31 0
32 5 38 41 11 28 13 15 16 19 23 24 60 30 31 0
56 37 5 41 43 15 48 49 18 23 24 57 58 27 60 0
1 35 5 6 44 45 46 15 48 19 23 24 26 60 31 0
1 2 35 4 33 6 41 45 14 15 16 49 26 30 31 0
33 1 5 10 44 45 46 60 13 18 52 22 59 28 31 0
3 4 8 14 47 16 17 51 20 22 23 58 27 60 30 0
32 33 35 36 39 7 10 11 42 13 60 16 24 25 28 0
33 38 7 39 41 42 43 16 20 53 22 58 28 29 30 0
34 7 43 44 45 14 47 49 50 20 21 22 55 54 56 0
2 4 37 7 47 48 17 50 19 20 53 21 54 59 28 0
1 39 45 14 47 15 17 49 51 46 21 55 24 58 29 0
1 35 6 39 41 9 14 15 48 50 52 53 22 23 30 0
2 3 36 5 6 40 42 14 47 17 51 23 27 28 29 0
33 2 1 4 10 43 48 50 52 23 56 58 29 30 31 0
32 34 37 41 45 14 13 16 48 51 20 55 22 23 59 0
1 2 35 4 12 45 44 46 18 21 22 23 55 24 27 0
33 35 37 8 9 10 44 45 14 52 22 55 25 58 27 0
33 8 41 42 13 45 52 55 54 23 53 58 29 30 31 0
34 38 8 43 12 45 13 16 49 18 48 23 57 58 59 0
32 8 41 43 13 48 17 19 23 52 55 56 24 57 31 0
36 38 7 27 43 16 49 48 19 21 23 56 25 59 29 0
32 3 5 6 38 10 12 14 46 16 49 18 27 60 31 0
32 35 36 5 39 41 43 50 52 53 24 25 28 29 57 0
32 34 3 7 42 13 45 15 48 17 18 55 56 57 26 0
34 38 39 40 41 10 13 45 16 18 20 21 54 55 57 0
2 37 39 11 12 16 17 20 21 53 55 24 25 29 31 0
33 2 35 4 34 6 39 41 9 13 46 15 51 57 60 0
33 35 26 8 10 45 13 52 56 24 58 27 29 25 31 0
33 35 37 6 41 10 43 42 47 50 51 52 21 25 28 0
26 37 5 38 8 6 10 11 44 48 16 22 58 27 31 0
33 1 3 58 6 39 38 41 15 54 56 25 26 60 29 0
33 34 3 41 11 44 12 46 49 53 24 25 58 28 29 0
4 7 41 11 43 13 14 16 50 51 22 23 25 59 60 0
37 38 6 9 13 46 16 17 52 56 25 27 60 30 31 0
34 3 4 5 35 8 9 42 45 14 13 18 56 59 29 0
33 34 38 7 8 39 42 28 45 49 51 55 56 60 30 0
33 39 8 43 11 46 47 19 52 20 55 25 58 27 31 0
32 35 38 43 44 47 16 17 50 19 23 25 58 60 31 0
33 35 6 40 12 45 14 47 48 16 19 55 23 24 29 0
32 2 35 37 38 42 43 14 60 51 21 22 26 59 28 0
2 56 37 40 43 14 47 51 53 22 24 26 28 29 31 0
1 2 5 40 9 10 44 15 16 18 51 52 58 27 60 0
35 10 43 44 45 46 16 49 18 19 52 55 24 27 29 0
32 37 6 5 46 17 50 19 22 23 56 25 58 30 31 0
29 0
10 0
35 22 0
3 44 0
0
0
6 0
13 0
0
4 0
16 21 0
16 37 0
49 36 0
45 5 0
9 60 0
42 30 0
0
17 0
50 35 0
57 53 0
9 0
56 2 6 22 0
35 0
16 10 3 0
0
3 36 0
11 52 5 0
8 0
49 35 14 0
24 43 31 0
56 4 0
11 0
16 49 15 0
4 45 0
49 45 0
35 3 0
3 7 0
0
32 49 14 0
6 0
16 49 0
30 0
28 0
1 0
16 0
48 57 0
0
22 0
0
0
7 12 46 14 31 0
0
38 0
10 0
4 30 31 0
0
36 14 0
49 3 46 0
45 3 29 0
4 0
14 0
59 39 0
4 0
0
32 5 38 15 0
29 38 0
17 0
0
34 4 37 5 24 0
24 37 0
6 14 0
0
0
31 15 0
16 24 0
0
11 55 0
0
14 0
18 35 22 0
3 5 44 46 16 0
35 0
51 3 22 0
4 0
49 37 0
34 0
0
16 22 0
56 0
0
24 14 0
45 0
35 22 0
7 0
1 37 25 0
40 0
37 15 16 49 22 0
45 46 0
36 0
38 0
0
44 0
53 46 0
46 7 0
17 0
18 27 0
16 0
0
1 35 44 0
46 0
11 6 0
10 0
1 31 38 15 0
0
7 0
52 46 0
9 0
33 0
6 0
38 39 0
16 0
35 19 5 0
24 36 0
7 0
52 0
31 7 0
0
22 0
23 0
46 7 0
24 22 0
36 5 0
44 0
60 14 0
14 0
7 0
3 5 31 0
0
49 22 0
52 0
24 0
1 5 14 0
22 0
26 52 0
32 1 4 0
0
5 0
14 0
45 0
0
17 0
16 36 0
51 0
24 3 39 0
36 0
35 5 0
2 26 0
10 0
20 14 52 0
41 45 0
0
41 0
40 44 22 0
14 0
35 38 0
14 0
24 4 0
1 36 14 23 0
0
35 44 0
31 0
35 0
30 0
10 51 0
37 0
51 5 0
7 0
0
49 3 0
9 47 0
35 44 0
58 5 46 0
3 37 0
22 0
9 5 0
0
16 17 24 0
17 14 0
35 0
16 14 0
46 0
4 0
10 0
29 22 0
0
16 28 0
16 43 35 0
10 0
0
46 52 14 39 0
0
59 5 54 0
35 46 0
0
2 0
0
52 0
26 0
52 0
44 0
35 52 0
24 49 14 0
17 0
16 49 0
46 0
49 22 23 0
10 35 0
49 0
16 53 0
43 3 46 49 0
16 22 0
16 41 35 36 0
52 0
9 53 0
0
3 3 4 4 4 2 2 3 3 4 2 2 3 4 4 3 2 3 2 2 3 4 2 2 3 2 4 3 4 4 2 2 4 4 2 3 2 2 2 2 4 2 2 4 3 2 3 2 4 2 2 3 3 2 2 3 2 3 3 4
