750 500 200
160 65 35 122 107 77 174 142 143 81 178 180 85 118 154 0
129 68 197 199 9 139 78 80 49 51 21 183 120 29 62 0
192 1 129 3 196 134 9 171 45 46 111 18 85 150 191 0
32 153 101 165 7 6 104 10 12 174 175 14 16 178 25 0
64 1 163 132 104 74 76 109 14 79 149 182 23 89 63 0
97 99 35 5 200 41 73 79 176 22 55 120 89 59 189 0
131 99 26 67 106 141 16 176 50 178 53 181 88 90 29 0
129 161 132 36 198 38 200 75 108 78 115 85 120 89 122 0
121 33 97 70 136 27 12 15 16 115 149 24 89 186 88 0
132 133 101 36 104 139 76 12 110 47 21 22 183 59 29 0
33 194 3 69 9 138 44 177 114 20 150 182 120 29 30 0
135 72 140 13 78 47 112 20 94 24 184 185 156 158 191 0
32 130 163 4 3 198 170 108 79 177 51 23 152 25 90 0
160 66 35 172 110 111 113 82 86 150 120 151 186 88 152 0
64 193 99 3 39 27 172 76 80 115 182 22 58 123 156 0
129 33 166 199 43 46 144 17 113 19 145 55 152 188 190 0
96 161 1 195 65 3 106 45 79 19 25 90 124 125 95 0
128 64 161 37 107 141 142 79 48 111 113 56 90 123 29 0
96 70 8 169 104 168 106 46 48 113 114 88 185 61 63 0
130 26 196 4 167 200 43 110 48 83 86 58 27 188 31 0
32 129 194 67 36 195 70 8 107 77 78 111 120 92 126 0
1 191 133 168 42 11 187 141 83 51 183 184 122 27 95 0
129 163 100 165 134 198 8 73 105 139 17 145 20 118 94 0
64 129 160 101 200 41 139 44 77 19 148 53 58 157 95 0
64 97 66 69 40 11 77 143 47 113 49 19 148 54 29 0
58 5 166 102 74 106 48 145 19 180 55 154 187 124 31 0
96 132 4 103 199 137 104 171 19 179 61 150 87 20 29 0
2 162 5 70 40 43 174 142 48 145 47 112 116 20 88 0
96 66 35 132 7 172 13 44 47 112 145 118 183 152 127 0
64 98 195 164 4 199 186 79 144 113 117 24 185 90 126 0
129 3 36 99 197 102 72 200 42 75 46 142 118 88 62 0
33 194 5 70 198 8 77 174 49 114 82 189 24 122 125 0
195 164 72 41 10 60 14 47 17 178 56 154 156 126 127 0
130 69 72 136 74 75 139 138 48 80 149 181 86 92 126 0
192 64 67 4 139 11 77 80 145 117 182 87 27 188 93 0
161 196 134 8 169 140 141 12 79 51 120 154 188 63 191 0
97 98 99 101 135 104 9 42 110 176 112 50 61 24 157 0
161 66 34 58 2 42 45 78 60 146 86 56 154 124 94 0
96 73 74 43 44 140 123 91 49 19 30 90 155 62 95 0
33 2 34 162 194 3 71 170 139 16 146 21 183 25 124 0
130 194 36 37 6 103 104 173 15 145 20 182 184 58 63 0
3 102 170 144 113 82 81 52 21 117 18 152 186 125 95 0
34 165 166 90 122 9 75 172 48 144 85 181 88 186 156 0
160 34 2 108 109 178 147 146 18 22 88 185 155 120 63 0
195 68 196 102 39 132 137 42 139 16 176 19 181 58 190 0
193 2 69 8 186 139 45 13 77 144 50 20 53 25 26 0
98 68 6 105 11 44 127 80 18 188 55 88 60 125 95 0
89 2 35 196 197 200 77 175 177 150 86 56 185 91 127 0
121 1 65 36 58 43 75 79 112 55 182 119 153 154 60 0
162 131 133 74 77 142 78 48 49 50 22 150 90 94 191 0
192 2 194 102 6 106 171 108 28 15 114 119 153 188 157 0
65 162 37 5 72 74 107 111 84 55 87 23 149 91 93 0
161 35 42 138 45 141 143 80 48 16 85 149 26 27 60 0
162 100 68 71 135 168 142 16 81 82 181 153 155 92 63 0
102 71 103 91 75 80 18 114 179 85 87 89 155 60 62 0
160 33 89 99 5 70 103 168 137 138 49 180 54 57 94 0
161 2 67 197 104 187 111 175 19 116 52 54 91 156 190 0
64 2 102 71 136 40 46 15 49 146 51 115 150 156 31 0
129 98 133 166 39 46 111 16 15 181 117 119 53 24 62 0
96 131 90 69 38 137 75 110 46 142 15 50 148 26 189 0
2 35 5 199 76 77 46 113 50 51 83 146 22 155 157 0
194 163 68 101 102 103 73 74 48 49 178 145 181 118 124 0
66 163 90 105 170 107 11 173 15 112 117 119 89 26 30 0
1 162 185 66 196 104 171 139 79 49 17 116 150 184 89 0
161 163 3 199 59 10 139 106 14 175 80 82 180 117 27 0
193 2 195 5 197 165 44 109 47 81 18 121 126 157 158 0
192 193 64 36 174 80 113 82 145 181 23 24 89 93 158 0
4 101 104 143 111 82 179 21 182 149 88 58 155 92 63 0
32 128 36 37 71 107 77 16 52 149 118 155 29 95 127 0
34 164 69 167 169 42 9 15 144 177 85 181 25 60 191 0
128 2 26 71 8 74 80 52 148 150 154 155 124 61 126 0
32 160 196 40 12 110 175 18 30 184 57 60 93 62 191 0
32 130 70 186 137 40 107 108 110 60 113 87 26 28 157 0
36 102 70 6 73 10 139 76 80 145 112 115 87 151 189 0
160 98 163 4 135 9 44 146 83 51 181 150 123 124 190 0
130 56 39 43 140 176 51 86 182 151 185 58 190 29 126 0
159 196 101 70 36 9 45 46 18 180 185 186 157 95 63 0
97 162 69 197 135 105 11 109 15 144 175 146 18 89 158 0
66 99 132 5 198 74 108 45 173 112 52 149 119 56 62 0
32 66 67 131 100 166 70 135 168 35 108 173 90 93 30 0
130 99 36 198 200 170 11 115 116 24 185 123 152 190 127 0
68 101 69 4 7 133 40 83 51 115 153 154 124 29 190 0
32 129 193 195 33 138 14 16 48 20 21 55 56 93 63 0
162 66 69 166 5 73 45 148 149 116 119 87 89 122 127 0
99 69 168 140 44 110 79 114 179 51 85 53 153 155 57 0
96 66 164 101 196 71 137 9 139 169 173 174 53 118 121 0
161 2 3 164 196 59 42 170 13 48 54 118 24 155 126 0
192 66 164 197 102 7 136 68 138 45 13 141 143 185 186 0
35 70 71 72 42 139 13 82 51 86 54 62 27 189 30 0
194 67 164 100 167 72 105 10 74 172 46 144 179 182 27 0
160 38 7 74 76 174 79 48 113 178 53 150 54 121 90 0
161 69 38 70 91 172 143 111 145 92 117 123 60 157 191 0
67 99 199 103 107 171 76 114 83 84 86 25 26 158 191 0
192 32 37 139 140 13 109 143 48 50 51 119 89 154 127 0
100 132 138 11 172 28 110 46 80 112 170 54 27 92 157 0
65 131 8 10 108 120 142 48 49 114 119 85 87 24 124 0
96 130 34 164 165 8 169 79 81 181 182 62 94 56 158 0
130 56 36 5 70 167 105 74 45 111 80 24 126 189 158 0
163 69 7 78 47 79 49 29 179 84 149 119 186 27 189 0
64 161 200 104 59 139 76 44 178 180 183 57 26 91 124 0
64 34 3 100 164 200 173 48 177 113 115 151 57 189 25 0
192 159 68 7 43 143 147 86 87 24 153 123 92 29 31 0
163 4 101 132 11 123 112 19 52 53 89 187 93 158 191 0
128 32 160 5 102 136 9 44 76 79 112 145 50 52 127 0
162 186 75 14 175 48 16 17 180 85 86 153 154 94 57 0
130 36 122 199 41 74 139 173 51 52 180 182 153 26 125 0
161 129 2 164 165 69 136 9 8 108 110 153 124 29 191 0
32 195 131 99 72 75 177 178 147 93 118 120 89 61 126 0
33 65 196 6 167 72 41 10 171 14 15 145 121 90 60 0
64 193 2 67 170 42 142 174 15 145 50 18 25 190 95 0
128 162 34 4 70 7 141 77 15 46 177 184 27 188 189 0
131 100 37 135 103 41 10 171 140 46 144 20 21 153 60 0
96 193 3 133 197 103 39 69 74 167 108 173 46 47 179 0
32 161 2 65 96 70 109 46 50 115 149 22 118 53 28 0
161 33 162 70 105 106 44 108 174 29 182 86 24 88 157 0
192 35 42 107 138 13 77 142 190 82 182 121 188 61 62 0
162 195 3 5 135 104 168 142 143 115 55 189 27 60 93 0
64 96 128 129 196 4 186 10 13 173 17 115 149 118 58 0
193 98 162 199 71 200 186 75 145 50 148 53 154 60 63 0
162 100 37 4 43 172 173 171 79 18 181 54 120 121 92 0
65 33 195 131 167 169 17 51 180 85 117 87 120 185 124 0
32 100 36 198 135 41 59 46 145 150 24 186 187 157 158 0
32 98 3 39 105 172 77 140 144 49 83 117 183 89 188 0
97 2 99 196 101 167 41 49 113 147 23 182 150 187 190 0
160 33 66 163 164 200 9 106 123 73 14 113 181 27 157 0
65 35 73 169 43 139 78 142 82 116 149 55 24 123 189 0
193 67 197 71 167 138 11 78 174 17 22 120 154 92 125 0
66 58 101 5 39 70 107 15 16 82 148 86 26 91 95 0
67 58 136 170 15 16 81 50 115 177 17 22 121 186 30 0
98 131 4 36 72 12 79 114 181 54 120 60 189 184 95 0
128 32 34 163 42 120 92 17 179 147 53 24 28 157 159 0
34 99 70 167 71 44 110 175 15 178 83 56 91 125 191 0
128 64 122 169 78 142 177 114 119 85 183 120 25 186 91 0
194 162 198 199 105 170 45 111 114 83 85 88 27 28 95 0
65 66 103 76 12 110 31 51 30 24 185 27 188 190 191 0
65 3 67 99 198 167 12 77 109 144 81 18 51 116 58 0
32 195 165 166 11 140 76 12 16 80 180 53 152 187 30 0
192 193 35 38 40 139 12 175 15 18 25 182 87 153 62 0
5 6 198 168 137 138 102 200 13 16 176 81 55 89 191 0
2 100 102 135 169 12 110 80 181 182 150 185 155 125 31 0
33 5 69 39 105 138 139 177 178 117 86 152 92 62 159 0
1 4 134 7 39 104 173 124 17 50 21 120 185 58 60 0
197 138 75 76 46 176 50 147 116 51 150 23 152 56 190 0
194 36 198 39 27 137 7 107 82 21 23 153 58 123 93 0
192 64 194 9 139 44 144 16 18 84 117 25 153 155 126 0
32 195 36 99 100 136 171 14 147 117 87 120 25 62 159 0
129 2 195 5 134 197 199 41 115 85 86 25 121 155 30 0
64 65 193 68 136 171 12 46 142 16 29 119 31 63 191 0
3 164 166 136 140 187 141 173 176 56 26 123 125 184 127 0
96 64 166 104 42 43 44 110 174 15 14 94 187 30 31 0
161 2 33 163 4 103 135 140 48 113 82 81 24 26 120 0
128 162 194 38 74 76 172 79 15 47 51 53 182 91 188 0
1 163 101 43 172 80 176 188 48 148 85 150 186 124 94 0
192 161 66 68 102 109 46 15 16 51 21 54 22 63 95 0
193 101 102 103 40 9 165 11 139 73 87 122 91 62 31 0
33 163 71 39 104 103 43 175 116 181 86 20 85 158 127 0
192 33 194 3 170 11 171 174 82 115 183 151 121 91 63 0
193 98 70 10 171 140 77 43 176 146 148 20 154 59 190 0
32 193 161 196 37 138 107 77 144 146 21 94 155 126 63 0
4 71 8 74 76 110 15 14 78 47 21 121 90 62 31 0
33 162 197 8 11 107 173 187 111 112 172 50 21 91 29 0
131 196 68 4 135 101 38 73 165 81 113 53 56 155 92 0
96 33 66 130 98 103 175 15 17 83 53 118 26 61 158 0
197 40 105 9 43 77 47 51 179 125 118 86 124 93 159 0
192 98 163 66 36 8 107 123 13 77 112 51 125 27 189 0
128 163 164 35 40 140 109 79 148 52 21 55 53 89 123 0
99 3 68 197 7 9 76 14 176 112 18 150 22 24 62 0
128 2 194 6 15 18 51 30 117 86 94 56 185 120 158 0
64 2 36 122 41 42 109 16 178 21 118 152 58 93 63 0
131 68 134 139 108 44 92 111 79 145 22 23 57 156 159 0
32 97 128 196 6 135 10 110 79 117 182 91 156 157 31 0
66 99 195 37 134 103 76 46 47 80 21 25 26 157 190 0
64 65 103 136 170 138 42 77 149 150 21 55 53 93 94 0
64 33 162 164 6 199 200 108 14 113 178 147 183 89 156 0
64 33 132 37 38 7 72 101 107 18 115 150 183 121 191 0
161 195 68 71 8 11 140 13 111 20 118 22 152 150 159 0
96 33 132 197 68 102 106 11 44 144 115 122 189 30 31 0
32 65 68 100 7 200 169 42 146 22 151 88 86 190 63 0
193 1 195 5 103 8 9 138 48 144 114 119 53 182 87 0
2 73 169 140 46 47 176 110 82 181 152 122 91 157 158 0
160 129 130 99 3 69 5 135 71 105 196 111 145 183 90 0
129 161 131 166 170 44 110 156 117 152 89 58 60 30 31 0
160 65 196 135 8 91 112 50 114 182 120 153 123 189 158 0
128 162 67 195 99 4 168 12 45 175 112 79 111 56 90 0
67 163 69 200 169 8 10 78 79 17 18 52 54 86 186 0
33 121 197 38 74 43 138 140 14 49 114 25 26 31 159 0
194 198 73 173 81 145 115 50 114 189 186 28 125 158 127 0
32 160 97 132 6 135 107 109 143 146 85 182 57 31 127 0
191 66 197 39 78 60 112 110 115 52 89 90 156 157 95 0
193 130 67 99 36 134 6 40 41 37 144 84 151 186 60 0
65 162 99 4 197 5 104 142 82 146 55 119 184 186 158 0
192 98 66 37 41 10 171 108 13 47 178 87 152 28 190 0
65 98 164 135 169 170 110 113 146 19 52 119 56 153 62 0
129 35 38 7 167 139 13 57 175 81 177 50 89 28 159 0
131 166 168 105 91 44 76 13 141 80 113 114 84 151 59 0
96 66 131 98 164 130 199 108 175 146 83 51 54 27 126 0
129 98 194 68 5 134 167 103 113 81 21 86 185 122 190 0
193 165 134 104 73 49 81 20 117 119 55 118 189 158 31 0
1 97 66 166 104 45 175 19 20 117 180 119 121 123 156 0
130 185 100 37 134 42 106 11 91 80 179 152 25 59 124 0
96 159 64 128 4 171 172 109 46 175 15 111 176 93 95 0
1 129 164 167 10 106 108 76 171 143 49 52 182 184 91 0
192 99 35 37 38 39 136 165 70 148 23 88 25 58 60 0
161 98 2 132 101 166 167 136 104 41 73 141 15 148 157 0
193 97 163 196 6 73 9 105 140 14 111 177 83 53 24 0
1 165 41 45 142 60 144 18 19 178 54 183 155 28 63 0
96 162 69 6 135 104 41 138 166 76 173 51 116 54 152 0
1 194 99 4 7 104 200 136 11 103 110 113 145 157 159 0
98 35 68 165 38 74 75 110 111 17 82 86 56 122 29 0
64 1 34 169 137 106 171 109 60 174 110 52 150 28 62 0
129 99 166 10 173 174 17 114 52 117 23 24 92 61 159 0
192 194 35 132 2 106 13 45 18 147 84 86 186 60 158 0
161 3 164 8 42 139 14 144 116 181 84 149 23 123 125 0
193 3 134 166 104 106 11 43 76 79 22 55 156 93 191 0
129 34 161 196 37 166 136 41 105 77 46 82 83 119 187 0
160 26 133 122 6 172 50 150 55 24 57 154 120 189 94 0
96 98 167 199 9 43 172 12 44 179 150 120 185 90 91 0
1 66 3 154 139 12 47 79 52 117 150 122 28 125 31 0
32 153 163 39 168 75 110 143 177 52 54 185 26 187 63 0
1 162 67 196 193 103 104 75 140 80 113 87 185 59 30 0
99 101 134 199 135 168 103 43 140 114 116 148 149 154 187 0
121 3 195 163 164 68 105 143 82 179 183 185 26 156 126 0
100 36 103 136 76 143 124 16 148 86 185 186 60 189 191 0
97 164 104 136 106 42 44 43 46 115 119 56 186 188 125 0
128 2 195 98 69 199 169 148 149 150 118 57 122 187 93 0
161 101 8 138 140 13 143 112 176 61 181 149 85 188 125 0
2 195 72 105 42 104 141 80 83 148 149 116 119 24 120 0
3 37 6 197 91 11 106 16 50 82 29 121 187 124 157 0
160 194 163 72 136 76 109 60 80 81 20 84 149 116 28 0
129 2 131 196 10 107 108 112 146 115 178 24 25 187 152 0
192 165 134 74 10 108 76 13 51 116 55 21 183 25 190 0
3 69 43 78 146 19 83 53 157 23 88 58 27 92 125 0
164 132 165 199 133 5 138 174 110 16 81 20 117 24 126 0
162 198 199 73 141 14 47 176 49 146 188 53 183 124 159 0
65 193 165 198 199 9 45 113 179 23 52 54 119 89 156 0
66 3 196 165 100 67 72 34 76 113 115 180 118 22 95 0
192 128 160 97 99 166 137 59 44 143 16 81 49 118 27 0
191 35 101 102 107 172 47 111 147 54 87 121 58 187 95 0
2 198 71 134 137 106 27 76 149 181 182 56 122 155 60 0
70 40 137 73 91 46 14 113 146 147 85 21 158 94 191 0
96 2 101 133 200 169 106 42 41 142 181 86 26 187 61 0
38 10 139 138 141 13 144 49 114 51 180 147 118 184 91 0
64 34 162 133 38 13 77 111 48 49 113 86 153 156 125 0
1 153 37 198 166 104 76 14 144 179 118 62 152 89 126 0
99 3 5 166 133 141 47 25 52 87 152 121 154 30 63 0
65 1 100 36 70 134 72 171 14 174 48 82 53 23 184 0
131 6 136 139 43 173 13 144 18 120 185 155 57 152 95 0
160 98 5 38 73 111 49 115 23 53 22 119 120 121 58 0
1 66 102 104 74 45 109 141 16 60 114 185 27 28 94 0
133 134 74 12 46 111 175 146 20 150 184 121 88 95 191 0
64 40 169 41 106 140 110 15 113 117 184 154 187 60 93 0
1 132 133 41 169 170 76 137 18 179 21 149 119 184 151 0
128 162 195 36 10 45 77 175 141 113 29 115 118 90 189 0
160 193 130 100 101 102 103 112 50 179 82 157 185 155 29 0
96 100 36 69 103 177 18 21 24 185 58 91 92 29 63 0
67 196 165 70 39 172 44 179 23 148 55 24 122 27 125 0
32 98 197 6 167 40 173 83 52 85 20 116 88 153 127 0
64 33 192 69 42 108 77 14 172 81 147 185 58 126 191 0
97 133 41 171 146 115 20 55 54 151 123 28 93 126 31 0
37 136 168 44 45 175 83 116 85 22 53 125 21 157 158 0
2 99 34 5 98 7 109 78 144 48 82 180 148 123 30 0
160 66 69 103 135 138 141 143 82 51 181 62 126 92 94 0
32 99 72 9 27 13 46 81 55 54 118 24 25 187 152 0
130 195 164 134 42 11 110 15 47 174 115 116 56 57 154 0
193 26 58 69 102 105 108 14 124 179 180 89 122 188 93 0
162 197 198 165 27 139 11 173 14 85 22 89 58 123 61 0
160 58 164 166 6 12 141 113 49 117 53 186 27 157 63 0
67 69 166 134 8 73 170 139 79 29 179 86 55 60 93 0
32 193 194 132 186 169 76 109 143 176 17 118 154 29 62 0
32 66 136 73 138 107 12 174 79 47 82 148 152 90 190 0
160 96 66 4 154 103 8 74 172 22 119 90 124 157 158 0
33 153 36 72 74 107 12 173 108 47 16 146 84 89 126 0
162 163 66 170 139 171 141 176 146 179 157 23 122 91 29 0
99 90 137 139 44 173 79 16 81 15 116 54 182 58 28 0
96 33 2 132 101 42 17 50 180 117 182 87 184 26 127 0
3 133 167 9 169 138 59 173 81 50 84 20 90 155 125 0
129 101 137 138 77 81 82 51 84 53 115 151 89 92 57 0
34 195 198 39 111 113 19 85 86 183 89 58 91 92 63 0
128 3 35 133 195 58 136 69 123 44 148 149 26 187 61 0
100 37 38 103 4 40 106 114 83 147 50 51 151 27 28 0
128 161 67 198 40 105 172 142 46 49 20 180 88 154 156 0
64 129 3 134 198 154 9 138 44 174 46 17 49 58 127 0
162 3 101 104 45 142 109 111 49 147 125 181 30 189 158 0
98 198 8 169 174 110 175 19 180 87 184 120 90 156 94 0
192 67 132 70 171 76 13 78 81 19 57 154 190 61 30 0
65 99 131 101 166 137 45 60 173 28 179 57 186 156 158 0
132 198 135 43 174 113 125 157 189 89 123 127 93 30 95 0
32 198 7 39 42 44 47 15 18 51 85 24 26 124 95 0
33 194 98 104 136 170 168 12 11 174 143 110 146 82 190 0
160 99 36 70 198 102 105 170 48 18 19 180 188 61 190 0
153 35 133 139 77 110 144 51 30 181 55 185 186 123 25 0
96 192 193 195 134 167 200 104 74 82 20 119 151 122 155 0
89 194 167 199 73 139 43 108 175 47 120 153 91 92 190 0
96 5 198 200 138 43 75 111 115 89 26 91 156 95 31 0
130 199 105 170 13 110 112 114 83 147 30 184 190 125 158 0
98 100 103 168 44 143 177 20 181 119 89 27 92 189 159 0
129 34 65 68 5 27 139 11 143 178 19 93 54 91 61 0
160 66 138 171 44 74 78 143 174 17 83 150 24 158 126 0
193 99 68 197 71 40 150 183 56 87 26 155 188 125 191 0
97 35 132 70 170 43 12 140 14 80 51 53 118 185 61 0
2 3 198 77 143 47 79 49 51 180 85 111 25 186 28 0
197 139 187 47 80 52 53 54 117 24 26 155 60 184 95 0
100 38 39 141 110 80 177 114 23 21 54 119 27 156 191 0
193 100 69 58 39 136 74 60 115 181 86 185 126 28 94 0
192 1 67 69 38 199 168 109 81 114 49 53 56 121 61 0
56 71 44 13 142 78 146 19 52 148 18 24 126 189 158 0
128 64 194 34 102 7 40 170 171 172 43 82 178 119 63 0
160 1 100 37 38 71 8 73 43 13 111 144 181 56 126 0
192 35 4 164 69 137 13 83 116 149 54 23 152 186 156 0
32 66 67 164 73 137 9 47 84 21 23 186 93 158 191 0
26 133 102 199 41 170 75 140 50 51 20 53 114 154 124 0
159 74 139 108 14 143 78 49 84 87 151 184 90 125 191 0
97 131 164 90 134 101 136 141 46 15 82 52 182 186 60 0
65 3 164 5 38 198 37 144 82 19 55 158 124 30 159 0
97 131 70 167 137 75 141 143 20 182 55 184 90 155 158 0
33 66 97 196 199 104 39 171 14 156 180 117 126 124 94 0
89 101 41 107 47 113 114 115 81 50 19 49 57 124 183 0
1 98 67 101 166 8 73 174 178 54 118 89 57 190 31 0
132 198 199 9 139 110 14 79 17 116 20 117 57 157 95 0
121 194 163 102 44 45 14 140 51 147 54 87 56 153 118 0
192 164 133 198 11 139 110 145 29 63 20 60 189 94 159 0
33 129 67 69 198 199 104 200 142 175 17 18 21 23 125 0
192 64 161 6 27 43 76 180 148 86 20 24 59 60 191 0
165 72 186 170 11 142 79 112 48 119 25 122 59 156 95 0
193 161 197 166 167 8 47 176 144 49 116 181 52 184 56 0
128 195 164 69 44 13 173 108 16 146 125 22 120 186 189 0
64 3 196 37 70 199 6 170 75 43 173 145 82 84 28 0
32 195 36 165 167 72 8 43 140 112 148 25 26 59 124 0
128 35 196 165 167 71 104 173 79 114 178 180 183 56 126 0
192 164 166 198 72 199 200 11 15 84 118 185 123 30 159 0
64 2 138 172 13 76 145 178 116 85 149 151 152 60 184 0
1 196 68 166 103 169 108 15 47 178 148 150 87 88 125 0
162 36 197 105 74 15 83 86 184 121 58 91 188 29 62 0
195 68 133 166 39 168 105 40 107 77 115 148 125 62 95 0
192 33 3 163 197 133 58 90 13 142 110 19 154 27 159 0
2 130 39 72 137 75 109 174 175 110 177 188 54 184 92 0
66 163 72 9 107 76 79 176 112 116 182 55 184 89 62 0
89 195 67 37 167 104 109 78 14 49 113 147 22 183 121 0
161 163 164 100 70 103 40 168 42 113 52 119 154 156 127 0
161 132 165 72 40 138 172 187 78 83 116 52 27 127 159 0
33 162 196 167 168 40 139 143 112 22 55 118 89 156 57 0
2 3 68 67 103 73 76 45 48 146 115 55 183 58 158 0
160 64 2 33 101 133 71 104 43 113 114 23 55 31 127 0
192 162 101 168 42 44 12 174 78 79 149 153 186 124 125 0
129 99 4 133 38 8 44 109 49 114 83 180 22 26 28 0
161 194 68 132 36 164 45 144 83 85 181 119 121 91 28 0
196 43 139 110 143 142 51 179 54 86 25 154 59 125 94 0
32 192 131 100 70 134 104 200 72 107 108 141 146 150 28 0
195 72 137 42 43 138 9 113 116 117 54 89 58 123 156 0
65 38 103 134 73 43 76 13 107 16 177 183 24 89 155 0
96 33 68 101 77 142 14 144 110 50 13 55 184 27 29 0
128 195 197 40 75 176 50 178 179 22 55 185 122 156 61 0
33 2 10 110 80 113 16 19 93 152 153 91 156 157 126 0
65 129 67 130 38 137 10 11 140 172 142 76 59 188 191 0
69 102 198 133 49 19 93 181 83 87 25 154 92 125 63 0
161 196 68 165 7 36 169 106 14 93 55 22 150 59 157 0
34 164 7 46 176 180 116 85 120 57 154 27 156 125 95 0
192 98 34 133 6 37 165 11 175 17 179 149 23 120 27 0
32 98 99 67 6 134 40 74 144 48 178 183 88 155 189 0
194 68 37 197 198 39 103 108 142 81 156 153 123 124 31 0
196 69 166 103 136 200 105 75 11 80 49 82 16 22 55 0
96 130 102 199 73 76 78 142 144 145 18 121 90 60 125 0
72 168 41 11 8 109 136 16 178 149 86 55 87 153 31 0
160 36 41 107 140 187 143 80 82 150 185 186 155 92 61 0
3 164 4 70 74 11 107 109 79 81 51 84 183 156 63 0
160 162 66 36 68 166 199 170 172 79 81 52 53 154 29 0
160 99 200 171 172 190 79 177 148 182 88 91 28 94 191 0
192 2 195 101 6 7 106 171 76 177 50 116 148 151 30 0
67 68 165 166 137 139 43 142 48 18 82 148 151 121 154 0
96 161 65 196 8 107 140 77 80 49 53 181 94 61 126 0
129 163 101 134 122 6 133 106 171 123 82 150 121 90 59 0
32 97 3 132 133 199 8 71 145 114 147 151 152 153 156 0
96 102 10 109 78 15 143 47 177 52 183 120 123 125 95 0
128 192 39 136 105 170 41 140 144 55 89 90 60 158 191 0
96 33 128 10 13 78 79 19 181 149 54 121 90 30 63 0
65 162 8 72 171 173 77 85 150 189 86 58 155 125 31 0
32 161 2 98 36 162 198 10 42 109 13 115 87 27 95 0
97 194 132 68 37 136 8 11 44 52 53 55 152 121 127 0
64 162 194 4 36 100 44 14 111 176 112 152 187 62 63 0
58 165 70 135 10 140 187 144 84 53 180 30 122 155 126 0
129 67 167 168 39 135 44 140 46 177 179 149 150 126 31 0
130 69 38 171 139 141 16 145 113 23 53 85 183 58 62 0
163 6 59 10 137 76 176 49 82 53 151 90 27 158 127 0
65 5 69 71 167 105 41 108 112 178 180 149 23 29 190 0
128 2 67 197 41 106 170 108 50 54 55 184 62 126 159 0
160 132 69 5 165 68 12 110 47 46 19 51 181 119 153 0
32 34 67 154 168 45 16 146 84 149 86 87 117 85 148 0
66 3 36 164 6 130 12 45 14 28 16 145 50 188 31 0
33 195 166 170 45 81 82 147 50 145 19 61 56 89 152 0
64 36 132 7 136 39 200 11 79 17 180 23 151 155 28 0
2 194 132 165 70 7 6 137 13 77 144 17 179 84 148 0
65 34 195 101 6 199 138 16 49 18 176 183 57 90 126 0
33 194 36 166 42 171 107 110 111 144 182 86 122 187 93 0
33 97 199 8 169 106 108 13 78 79 156 115 84 21 92 0
33 65 4 197 69 196 27 168 105 43 11 78 59 28 189 0
99 68 102 60 144 145 189 54 119 182 185 156 29 95 159 0
130 68 166 41 9 77 47 15 177 18 114 83 150 184 157 0
1 35 37 73 77 141 28 112 14 83 115 151 184 27 92 0
163 131 135 199 44 13 80 147 180 115 120 25 124 95 159 0
99 36 68 196 73 106 109 48 17 114 93 149 120 27 189 0
193 3 134 71 40 106 107 172 10 46 111 85 125 55 29 0
193 129 196 135 41 172 13 28 111 146 147 21 182 184 60 0
128 33 162 131 194 5 133 69 197 135 61 58 187 93 94 0
32 133 40 141 110 14 15 82 118 23 89 186 59 156 62 0
96 3 197 38 104 41 106 77 13 114 179 154 91 157 159 0
64 128 130 67 68 69 101 4 40 2 181 88 57 26 155 0
34 4 102 39 138 43 42 140 109 177 115 54 153 59 157 0
130 99 68 40 41 139 140 107 76 144 146 85 120 89 28 0
1 195 101 102 138 76 45 110 28 80 113 117 153 188 159 0
34 163 39 168 137 170 109 14 78 23 118 189 92 61 94 0
99 199 200 7 74 171 108 174 15 81 82 116 150 186 155 0
97 65 26 58 38 135 200 108 173 178 150 55 186 189 63 0
64 65 1 132 166 39 135 106 75 46 79 78 17 150 91 0
64 33 100 197 40 9 42 81 116 21 150 90 28 29 95 0
64 96 2 131 104 79 176 80 114 48 121 123 60 94 127 0
98 99 101 168 9 42 171 45 176 179 83 147 54 87 56 0
160 132 102 199 70 75 172 77 78 47 175 146 19 184 159 0
197 167 103 42 75 13 110 15 145 51 148 182 57 156 190 0
129 2 163 36 132 65 71 98 169 10 55 56 121 186 29 0
1 35 131 101 133 135 10 13 82 51 23 119 187 125 31 0
6 137 74 75 140 120 28 175 114 85 119 184 26 60 189 0
162 195 67 133 198 200 8 169 15 17 118 153 186 156 158 0
160 193 34 162 129 130 35 169 147 83 84 56 121 187 156 0
191 101 71 72 171 12 47 144 156 53 149 54 58 124 31 0
97 162 34 195 39 200 199 76 78 82 84 88 123 189 63 0
34 68 167 200 170 15 17 82 85 149 120 124 189 30 95 0
130 35 38 12 141 155 44 17 178 83 50 150 24 123 28 0
3 4 5 70 135 170 74 45 80 49 84 149 55 183 56 0
66 199 200 170 141 46 179 117 118 183 56 25 186 125 57 0
128 64 130 3 131 165 38 72 107 75 174 54 27 125 127 0
33 135 103 170 141 111 49 18 50 53 118 117 22 123 158 0
130 34 164 131 166 73 75 13 110 92 28 113 84 89 60 0
160 165 38 74 75 45 14 187 144 48 115 180 23 59 61 0
192 33 128 34 10 28 110 45 49 22 120 187 124 30 191 0
96 7 136 143 175 29 19 82 117 181 183 152 154 93 62 0
131 99 133 198 39 8 136 138 107 38 82 178 149 117 190 0
160 97 66 101 135 169 105 107 12 156 19 182 152 185 28 0
32 2 69 39 8 105 11 109 142 46 113 83 121 127 159 0
96 193 71 136 138 74 80 116 53 23 120 26 60 189 127 0
26 101 199 136 170 14 81 82 51 113 189 121 154 123 93 0
1 34 4 36 70 7 39 196 10 139 117 54 119 90 126 0
128 96 3 166 40 74 171 143 51 116 85 185 186 124 63 0
160 66 70 168 136 75 110 48 179 19 86 183 91 93 95 0
66 3 131 6 167 170 76 13 78 48 177 176 147 89 187 0
32 161 99 100 36 165 7 136 82 149 181 153 154 92 62 0
193 36 166 168 11 171 173 177 51 180 117 19 152 185 26 0
96 32 192 164 134 71 154 70 138 106 180 120 121 26 59 0
36 165 38 168 136 45 16 63 115 179 120 27 125 94 159 0
2 99 101 70 69 7 107 77 142 92 148 183 154 60 189 0
130 66 36 166 7 200 11 141 115 83 84 116 123 60 190 0
128 191 97 73 43 139 171 14 144 21 120 94 57 190 159 0
130 196 102 168 170 111 112 80 81 30 120 185 92 189 190 0
166 73 139 108 13 142 146 116 183 54 55 87 25 62 191 0
153 133 136 139 143 176 20 117 118 55 181 57 119 27 191 0
2 4 5 103 168 11 44 75 143 81 184 185 152 190 95 0
161 130 3 169 140 173 174 110 187 81 146 50 123 157 31 0
130 196 133 70 71 167 41 171 176 177 114 145 23 91 93 0
97 3 132 6 43 76 13 173 140 79 17 179 53 181 25 0
162 5 6 135 8 73 41 110 112 54 121 190 157 62 159 0
160 1 33 68 198 39 168 104 143 18 83 184 58 157 94 0
192 64 66 1 7 8 44 175 49 88 89 92 93 94 95 0
70 104 172 173 142 77 176 145 17 140 83 174 86 89 189 0
35 100 165 131 91 107 12 84 150 54 24 185 27 189 127 0
131 100 133 101 137 109 174 46 80 144 114 119 156 62 191 0
2 164 122 136 15 176 16 82 115 178 21 183 152 153 90 0
99 101 165 103 104 9 59 75 137 13 46 141 112 57 123 0
128 34 5 166 39 169 105 74 179 150 183 56 90 156 157 0
129 130 131 161 5 166 42 171 12 49 179 55 187 60 125 0
129 193 67 101 167 170 43 12 14 112 48 51 118 27 125 0
32 130 66 197 38 37 11 144 17 113 146 118 25 92 30 0
1 99 196 101 154 135 144 17 180 53 150 25 122 60 189 0
96 192 194 35 100 129 8 42 173 48 145 52 182 26 124 0
68 167 105 171 140 139 78 111 54 24 25 186 91 63 31 0
96 35 68 163 8 169 46 79 17 146 147 52 56 59 157 0
129 164 197 36 104 12 80 83 180 148 30 183 186 125 190 0
130 35 100 131 3 166 37 139 17 114 23 89 156 25 63 0
97 130 195 4 69 102 58 168 137 136 109 144 114 26 29 0
99 5 6 71 168 105 31 46 142 82 19 18 25 57 127 0
33 3 4 36 141 79 111 82 115 52 121 158 28 62 95 0
160 193 130 98 194 163 33 199 10 141 177 148 117 24 123 0
191 162 163 4 40 41 108 143 177 93 183 57 155 29 31 0
128 192 4 198 135 200 41 104 138 141 48 23 118 55 152 0
66 67 163 69 139 111 144 157 119 62 89 155 63 126 31 0
33 1 35 36 199 13 173 111 49 146 82 84 118 23 25 0
34 103 40 200 106 11 172 109 14 138 113 82 147 27 156 0
32 97 130 195 68 135 40 43 13 178 114 85 55 56 28 0
194 133 69 9 43 77 173 84 93 150 189 152 119 90 61 0
130 35 69 41 11 44 190 15 17 50 52 92 93 62 95 0
96 5 198 106 175 113 146 179 116 149 21 23 24 155 29 0
96 33 98 185 41 76 14 112 177 29 19 83 25 156 157 0
3 5 134 135 103 106 75 44 141 50 18 54 61 62 31 0
194 99 168 10 142 143 113 50 179 19 117 157 149 125 189 0
70 139 78 60 112 178 179 20 55 86 23 150 87 124 127 0
160 197 199 105 13 14 177 114 19 148 117 53 188 30 95 0
65 99 166 103 40 136 172 141 18 83 20 122 189 94 127 0
162 67 101 166 134 200 74 172 78 50 22 23 57 93 62 0
3 5 169 139 173 142 110 83 115 116 30 151 58 94 191 0
129 2 3 68 39 71 110 174 176 84 119 182 23 152 181 0
1 67 36 71 40 103 168 171 172 173 43 170 81 146 183 0
132 196 36 133 100 11 140 80 148 181 23 152 185 58 184 0
1 44 142 0
100 142 0
2 67 35 104 77 19 84 95 0
38 43 16 17 144 86 56 0
37 114 179 90 187 0
187 0
200 198 142 0
11 69 0
97 194 39 11 79 115 116 187 0
104 12 78 14 84 0
1 130 36 9 123 0
64 65 89 72 169 25 122 92 0
193 69 43 14 79 51 52 182 0
40 56 122 154 0
168 43 108 109 25 124 0
165 75 11 79 47 120 0
128 193 130 159 0
78 14 30 88 62 0
197 97 189 0
83 84 86 0
64 9 10 68 0
195 40 44 83 184 94 0
173 17 114 115 182 57 26 0
34 131 166 175 86 184 56 124 158 159 0
1 145 107 158 0
51 3 37 0
3 165 197 104 138 187 142 51 53 54 24 27 126 0
104 108 16 84 25 90 0
42 11 113 20 124 0
133 199 43 60 159 0
166 71 14 83 56 25 0
128 166 104 169 13 123 158 159 0
185 108 0
80 53 158 199 0
5 199 20 151 56 186 159 0
100 10 181 187 60 94 0
159 84 197 47 0
138 47 0
101 90 14 84 26 0
49 44 37 0
123 183 43 15 0
64 97 68 133 199 116 53 119 154 0
65 47 16 26 187 0
128 2 132 101 173 111 19 57 186 0
128 44 79 84 57 0
144 179 140 13 0
161 65 130 84 123 0
165 49 86 93 159 0
18 0
108 0
167 104 9 108 48 116 123 0
47 112 17 114 120 153 94 0
159 36 164 12 141 14 84 182 31 0
160 7 28 25 124 0
1 37 43 84 124 0
96 108 47 0
100 178 10 92 0
38 39 10 43 123 0
1 37 136 106 187 0
34 165 197 40 175 145 183 95 0
141 47 84 53 89 123 0
159 53 158 71 0
65 39 74 53 86 127 0
100 69 38 127 0
104 19 142 0
32 17 155 0
25 39 0
53 70 79 0
169 42 109 173 17 113 53 159 0
133 134 39 198 13 48 147 25 0
160 1 68 44 45 113 84 153 0
151 0
32 130 104 178 86 56 0
161 100 198 169 42 84 25 26 94 0
34 198 10 11 47 145 26 0
97 5 133 104 147 56 159 0
36 169 142 83 155 0
176 1 9 183 0
38 17 146 154 92 0
109 141 176 83 31 0
97 194 3 133 70 166 40 14 113 158 0
128 65 104 10 14 52 187 30 0
1 133 145 52 84 152 156 0
97 195 37 139 92 0
134 166 9 47 56 57 0
1 70 108 84 93 126 0
133 200 42 139 182 91 60 0
90 39 109 112 26 92 94 0
99 35 84 86 94 0
1 47 19 180 25 123 0
113 106 107 165 0
100 108 145 19 84 54 182 189 0
69 133 45 142 84 156 159 0
101 138 108 47 175 18 0
32 74 172 109 179 54 59 92 93 0
65 133 43 12 139 86 56 25 0
1 69 40 79 178 0
32 164 102 7 45 109 122 92 0
34 68 104 168 77 175 145 114 147 0
133 197 39 40 108 86 58 92 0
65 110 114 88 187 156 31 0
49 43 172 0
169 170 108 77 49 83 123 0
169 139 108 89 61 30 0
65 10 79 92 31 0
100 0
145 147 0
72 80 159 0
161 37 7 143 144 83 86 57 123 156 191 0
42 123 195 0
65 45 78 111 123 0
1 169 0
167 14 143 174 176 52 60 31 0
41 169 151 0
128 65 106 116 56 90 124 63 0
64 197 12 156 30 0
69 38 77 173 49 123 156 159 0
0
159 175 184 127 0
8 113 115 147 123 124 31 0
170 77 78 113 53 31 0
163 100 199 43 141 51 57 0
116 57 3 12 0
8 25 128 0
196 40 104 74 43 178 116 155 0
193 130 44 14 79 51 86 26 0
169 86 183 0
100 37 107 45 94 0
9 186 25 0
32 164 100 22 122 0
35 3 12 0
116 113 111 79 0
11 156 158 195 0
163 69 10 11 113 88 0
107 175 47 181 187 0
160 133 75 44 142 47 120 124 0
184 115 100 39 0
2 68 9 43 145 83 20 0
32 36 7 44 113 115 52 123 0
65 174 84 86 31 0
51 131 187 0
192 182 0
65 72 108 173 79 53 123 94 0
40 173 0
64 97 36 69 38 40 11 141 89 159 0
113 43 84 193 0
128 1 72 176 19 179 86 26 123 0
68 37 39 40 173 19 0
136 89 83 175 0
41 99 0
34 39 12 77 179 0
88 2 96 150 0
193 133 199 40 45 47 112 181 31 0
161 164 104 141 116 57 0
39 44 47 49 115 127 0
168 47 84 123 124 0
96 130 74 75 107 47 51 54 0
1 69 13 114 90 159 0
197 156 101 0
100 134 199 176 113 54 23 159 0
65 71 78 86 125 0
35 104 43 77 79 117 0
96 145 90 12 0
35 154 169 108 44 57 26 189 0
128 65 0
128 135 77 52 151 92 0
166 9 174 83 86 182 0
32 102 38 104 175 146 0
25 197 0
162 9 78 110 84 53 120 123 92 0
69 13 83 25 127 31 0
100 199 8 43 77 84 54 0
143 18 124 39 0
65 169 116 25 186 0
160 193 39 40 18 114 54 151 123 0
60 110 0
40 113 194 158 0
2 138 12 86 122 30 0
32 34 36 84 86 31 0
160 165 139 90 31 0
128 68 166 136 25 0
34 35 36 176 114 94 0
169 108 173 83 116 153 30 0
128 197 199 108 84 31 0
114 187 45 0
169 39 0
133 72 110 142 113 84 116 118 92 0
197 42 138 44 13 158 94 31 0
43 86 0
132 38 200 43 19 0
104 0
133 199 12 113 19 147 56 153 0
107 114 147 154 123 0
200 193 163 86 0
69 110 49 189 94 0
32 12 103 47 0
32 100 104 138 109 47 176 189 31 0
101 108 188 84 25 92 159 0
38 39 173 144 17 113 145 20 126 0
97 108 113 84 123 0
97 136 11 172 175 145 89 189 0
194 138 188 151 0
19 62 0
193 66 175 84 86 155 0
101 139 93 142 0
8 187 156 15 0
159 193 116 47 0
169 173 79 0
39 83 54 57 189 0
1 169 124 175 0
194 185 100 40 104 43 17 116 25 60 0
113 77 94 119 0
104 73 44 116 0
193 130 195 37 104 14 86 0
80 144 174 0
38 39 107 174 50 158 0
68 12 25 124 63 0
34 153 197 40 25 158 0
37 102 79 177 25 156 0
34 188 197 0
43 109 16 84 159 0
112 141 110 0
38 8 72 200 110 175 145 189 0
89 114 101 0
97 129 107 86 187 156 0
49 19 68 0
160 17 53 0
39 199 37 31 0
65 194 100 43 44 108 156 84 124 0
160 34 195 169 45 49 83 0
101 186 44 47 50 154 123 156 0
97 101 0
56 1 51 128 0
65 34 38 40 72 73 139 142 90 156 0
32 36 37 133 0
1 5 72 176 19 123 92 127 0
187 156 173 0
97 38 39 40 113 147 86 156 0
25 26 196 101 0
47 112 50 185 123 158 0
142 39 14 31 0
97 100 141 142 16 176 91 0
16 58 160 47 0
131 69 159 0
34 14 103 0
187 68 31 0
97 0
192 100 39 49 159 0
104 43 173 114 84 123 0
169 139 47 83 118 183 0
9 153 161 0
84 110 159 0
33 198 41 174 15 80 147 0
100 115 68 0
154 11 52 89 90 0
101 136 169 13 86 56 89 58 0
124 169 3 108 0
133 86 7 0
5 104 12 19 123 0
56 97 92 0
113 166 0
176 1 68 189 0
156 108 45 175 0
144 90 83 0
194 164 133 72 175 25 26 123 0
65 101 165 199 104 77 113 26 125 0
14 15 0
43 141 187 47 53 123 158 0
97 71 40 43 113 25 188 0
166 86 119 120 156 63 0
40 9 161 174 0
200 47 177 182 92 0
182 0
37 40 117 120 156 0
56 158 0
56 43 197 7 0
169 79 87 151 58 189 0
1 197 106 171 80 51 179 0
64 69 14 176 92 159 0
3 164 104 13 83 56 0
113 169 151 0
10 113 116 182 86 185 0
104 192 158 79 0
38 138 114 58 156 0
130 10 138 141 95 0
100 7 8 72 108 142 121 127 63 0
84 61 94 181 0
25 123 175 57 0
100 69 0
136 144 19 183 56 92 63 0
65 69 0
197 156 37 0
40 82 0
159 197 43 109 142 16 25 26 60 63 0
5 200 49 86 123 92 0
40 0
72 161 11 0
133 134 186 187 31 0
65 0
32 65 133 197 8 40 86 25 26 187 0
194 100 69 39 9 51 115 159 0
89 25 34 0
200 25 130 169 0
65 142 187 54 0
128 37 39 139 79 57 187 0
104 78 143 54 123 156 31 0
65 193 100 39 40 72 104 138 143 113 156 0
1 123 45 30 0
37 40 136 172 144 113 58 187 0
34 45 111 86 183 56 158 0
3 110 47 52 25 0
100 101 109 57 154 94 0
32 161 195 134 199 30 0
159 113 86 54 25 31 0
104 13 47 49 19 0
76 109 77 83 53 117 186 0
37 104 169 51 181 57 186 30 0
32 77 53 0
104 25 123 166 0
161 3 45 13 179 0
32 104 30 0
1 34 0
72 106 108 77 144 84 185 187 0
161 2 163 45 78 145 53 88 90 120 0
130 39 45 16 18 147 179 181 123 159 0
34 195 143 177 179 54 0
65 153 100 39 12 108 54 56 25 90 0
106 123 166 142 0
96 193 40 113 114 22 90 123 0
65 50 83 54 31 0
25 130 156 37 0
44 86 24 123 159 0
64 110 115 14 0
40 169 44 79 0
165 40 47 180 158 0
35 105 108 154 124 0
43 156 0
65 68 72 136 44 108 19 0
160 37 38 77 25 93 0
192 34 3 133 166 136 80 146 51 115 179 123 159 0
97 166 44 109 116 123 30 0
39 199 75 13 113 114 21 94 30 0
1 188 100 182 0
166 0
104 84 101 0
165 116 183 56 123 158 0
97 72 10 74 88 186 0
169 107 109 13 56 0
35 136 110 54 90 123 189 94 0
169 10 114 84 25 0
103 45 142 114 123 156 0
128 11 175 54 31 0
104 0
34 99 143 144 25 60 125 0
68 39 200 49 113 19 86 0
197 108 141 79 84 116 57 123 0
165 7 11 16 158 159 0
112 131 12 37 0
106 123 0
128 97 7 40 107 44 49 148 60 0
183 3 187 63 0
176 65 77 0
128 34 69 39 43 24 0
136 193 77 45 0
68 134 16 94 158 0
49 123 172 167 0
65 1 97 41 175 114 158 0
164 108 173 113 92 0
97 193 142 16 120 0
99 69 104 169 107 141 51 123 159 0
72 18 92 0
160 79 47 20 158 0
130 0
172 116 54 159 0
4 108 12 79 115 123 0
32 0
0
32 185 44 0
127 31 0
142 46 144 47 83 147 156 0
133 197 108 44 54 25 0
99 35 62 39 0
123 3 44 200 0
56 19 92 181 0
64 65 100 0
35 47 116 84 120 26 0
101 138 175 55 95 0
83 12 30 0
200 18 26 77 0
67 74 177 114 178 90 126 0
10 138 44 173 49 155 0
97 168 145 114 25 0
90 35 37 141 0
39 169 106 19 54 56 26 127 0
104 114 69 70 0
97 193 70 38 104 166 80 26 158 0
3 182 77 158 0
34 194 40 107 79 114 93 30 0
39 44 54 25 158 30 31 0
60 49 147 124 189 0
35 69 165 8 107 139 112 0
38 8 114 52 84 86 31 0
197 143 0
193 68 154 39 86 183 90 0
165 43 175 52 153 158 0
197 41 45 0
101 10 79 187 62 159 0
8 3 84 0
161 40 78 144 176 123 0
32 77 49 113 19 115 86 0
1 97 130 5 11 156 188 124 0
1 161 104 174 19 122 0
89 72 147 151 56 57 0
10 51 183 0
83 60 101 0
9 34 115 13 0
65 161 196 133 187 124 0
200 69 158 159 0
114 86 159 0
3 197 104 138 109 26 0
168 57 68 181 0
14 39 0
32 11 12 80 145 83 119 0
128 35 131 5 133 187 86 123 60 0
84 141 0
25 123 84 54 0
183 44 190 167 0
35 164 37 133 169 44 177 53 151 25 156 29 0
65 124 189 30 0
32 44 109 31 0
2 164 197 14 49 57 26 159 0
128 160 130 100 11 179 52 156 159 0
200 111 39 0
169 83 158 0
1 169 142 86 26 187 0
40 176 151 156 62 0
89 10 130 79 0
65 2 195 8 72 104 84 159 0
104 90 168 0
36 27 42 171 111 123 0
65 193 44 49 18 83 113 22 31 0
195 68 113 114 19 189 0
120 83 180 0
115 67 43 165 0
185 130 14 0
112 49 156 0
65 130 5 78 16 84 0
160 133 38 11 108 174 117 0
44 0
110 0
80 161 123 39 0
142 147 57 186 158 0
198 169 43 113 115 116 26 123 0
193 164 37 133 169 14 113 0
145 194 142 38 0
39 53 86 24 153 154 126 0
39 187 113 50 57 155 188 0
0
193 199 43 183 0
161 97 133 9 113 0
25 187 20 0
69 5 199 9 12 14 0
160 104 116 122 156 159 0
101 45 142 175 19 159 0
56 65 197 113 0
169 38 39 0
128 39 16 49 86 91 0
10 43 110 0
65 110 23 57 187 159 0
101 69 72 43 108 142 52 159 0
133 39 40 108 113 179 159 0
97 98 131 69 29 0
161 68 101 133 47 153 92 0
73 18 0
136 141 174 182 94 0
160 72 106 113 29 0
3 108 0
9 77 14 49 30 159 0
165 13 49 84 31 159 0
97 13 95 0
99 197 144 119 88 158 0
83 63 0
65 39 9 75 45 175 145 114 0
104 124 54 176 0
104 120 79 47 0
67 100 169 77 175 145 182 159 0
195 127 0
100 69 68 78 187 60 158 0
56 145 93 37 0
69 39 169 107 189 0
95 0
166 42 108 147 84 0
65 1 39 0
25 39 0
200 86 0
133 39 40 145 83 54 24 123 0
65 8 74 144 178 86 92 0
64 1 97 104 83 0
159 38 104 9 80 185 31 0
189 39 0
100 38 104 109 141 19 31 0
65 100 70 199 156 188 191 0
65 130 100 38 176 83 179 0
165 104 107 142 176 145 25 0
133 103 104 109 86 0
1 72 9 77 123 0
96 34 7 110 114 84 124 94 0
65 35 69 110 56 185 0
67 69 133 39 116 25 0
64 69 135 43 78 113 86 0
108 26 58 197 0
200 169 108 77 49 159 0
153 142 167 0
97 68 30 113 0
43 113 115 20 84 0
1 3 169 116 30 0
70 38 108 81 18 27 0
3 158 0
56 65 0
195 12 14 113 87 159 0
65 6 199 0
65 1 158 97 0
2 36 68 168 83 25 159 0
100 196 60 71 0
169 10 43 13 84 0
9 13 84 158 31 0
18 101 47 0
38 73 9 44 154 0
64 39 142 24 25 158 0
124 74 44 0
1 169 11 44 175 16 113 188 83 86 56 25 27 120 0
9 107 187 25 0
34 40 200 75 141 19 57 0
104 114 86 0
133 166 39 108 12 17 155 30 0
32 35 104 169 106 0
1 39 104 9 199 79 84 88 0
101 44 175 151 120 25 0
169 79 0
1 34 193 15 145 24 56 159 0
103 138 151 154 123 31 0
64 134 79 0
1 100 38 166 72 44 77 176 184 31 0
35 36 47 181 25 90 0
133 39 7 43 108 114 86 0
65 97 3 164 199 141 52 86 118 25 30 0
34 133 39 104 80 17 0
39 72 104 43 13 86 56 159 0
76 0
26 43 197 159 0
131 43 17 20 89 123 0
100 69 166 44 109 51 84 0
133 38 40 9 138 44 111 156 0
69 45 113 121 31 0
168 197 173 183 0
163 84 123 156 159 0
64 65 36 132 45 174 25 0
193 72 104 92 156 0
160 7 74 43 106 108 142 89 159 0
40 1 83 12 0
65 17 13 197 0
187 44 5 84 0
84 0
83 84 39 0
194 40 12 181 25 156 0
113 101 103 0
39 12 14 142 84 90 123 0
1 131 197 10 107 138 54 119 92 30 0
2 99 169 45 84 86 25 156 31 0
144 25 39 0
179 110 0
160 97 34 3 108 142 114 159 0
136 37 151 0
32 96 133 9 107 77 25 0
34 39 107 56 185 93 0
38 79 86 93 159 0
65 68 74 109 52 116 119 56 90 0
159 37 165 106 11 79 187 127 0
64 38 39 106 112 86 0
116 84 0
49 116 31 0
193 34 173 142 0
12 53 70 159 0
107 175 151 29 159 0
34 123 0
128 65 160 104 9 10 113 53 0
137 109 141 0
1 189 86 0
116 39 31 0
136 123 84 134 0
34 39 110 54 155 0
32 40 43 56 153 0
64 65 161 5 69 39 104 168 142 62 0
128 193 106 111 114 31 0
130 104 169 10 113 184 25 60 0
5 165 40 18 22 57 0
101 197 72 169 45 0
160 37 135 20 181 0
160 200 114 86 158 0
65 165 112 113 83 187 158 0
128 33 176 86 151 89 0
65 1 0
160 130 35 100 38 71 74 13 142 124 0
65 195 169 17 145 113 182 187 191 0
4 68 104 106 173 25 58 31 0
133 72 78 53 120 126 0
115 11 86 47 0
79 0
68 169 84 54 56 0
40 169 68 189 0
65 40 108 16 113 90 30 0
74 139 68 114 0
72 51 79 0
49 187 86 159 0
193 3 14 0
1 153 133 80 84 86 182 57 92 189 159 0
69 169 106 94 31 0
136 49 31 0
32 160 68 200 44 83 156 0
163 101 10 142 17 83 153 0
1 133 104 48 83 54 86 189 0
1 115 155 157 0
197 159 0
84 78 0
128 3 39 110 80 145 114 53 159 0
197 69 134 181 0
32 5 72 42 106 108 116 151 57 0
164 35 92 133 0
72 137 26 165 0
104 106 44 79 47 113 18 0
3 197 176 84 31 159 0
100 39 108 83 53 57 0
100 38 168 169 13 47 113 0
39 89 187 92 189 0
32 106 187 114 123 0
3 39 136 176 50 56 185 0
8 65 0
65 14 0
153 69 104 169 89 0
123 92 147 175 0
80 89 67 193 0
65 106 47 113 53 86 124 159 0
25 154 78 0
56 34 198 70 0
69 197 39 44 45 176 18 153 188 29 159 0
193 38 8 104 42 47 25 94 159 0
38 83 84 25 123 0
96 100 165 104 9 25 154 57 0
69 168 200 107 149 124 0
37 175 0
193 100 198 84 57 0
104 107 188 0
64 165 114 84 156 0
9 11 47 156 19 115 147 25 92 126 0
32 34 37 173 49 0
194 165 172 54 123 188 0
133 104 15 115 25 26 0
194 72 74 77 145 56 25 90 126 0
48 84 133 22 0
32 197 40 9 83 191 0
65 20 0
116 44 109 46 0
37 51 84 182 154 123 0
103 168 199 173 175 151 0
113 68 197 0
193 72 76 183 56 90 0
34 69 39 42 14 113 25 188 0
182 86 0
39 45 83 19 181 25 155 191 0
40 169 48 85 0
43 3 44 13 0
128 101 40 45 123 60 95 0
97 156 199 0
195 43 108 175 176 156 0
130 44 13 116 54 123 156 31 0
34 38 92 187 156 0
65 35 131 196 177 54 86 0
165 109 19 84 92 0
104 110 144 113 53 0
83 44 0
41 10 174 17 84 183 0
160 161 101 133 8 19 182 56 0
25 169 63 0
193 71 45 49 114 145 95 0
191 69 169 45 147 63 0
37 38 141 110 112 0
89 130 43 134 0
161 104 107 19 116 183 187 0
153 13 133 47 0
64 69 37 79 50 123 124 0
12 68 198 47 0
104 144 45 0
96 73 109 115 86 0
128 67 159 0
133 136 9 43 145 0
34 101 13 79 0
68 69 165 16 113 182 0
193 195 166 114 115 54 156 94 0
34 168 44 174 86 155 30 0
133 104 77 84 92 0
156 39 0
48 82 86 183 185 154 0
102 167 104 42 78 0
165 169 47 116 123 0
168 90 0
70 39 169 11 116 0
97 193 39 13 175 189 30 0
199 106 108 45 156 86 89 92 0
3 198 138 77 56 89 191 0
9 43 12 68 0
25 19 84 54 0
25 34 110 0
65 45 38 0
65 8 113 56 25 0
16 194 86 111 0
69 38 138 109 77 153 187 31 0
65 60 77 0
128 37 47 50 19 123 188 0
72 169 13 142 54 158 0
77 80 17 84 158 159 0
1 2 167 40 13 113 83 57 123 0
97 197 43 109 13 157 0
67 70 168 151 89 158 0
159 104 47 114 56 156 31 0
14 79 115 53 154 0
164 37 199 104 17 53 56 123 0
1 177 25 57 0
97 39 104 106 107 153 155 0
65 165 109 142 115 90 31 0
160 65 3 47 20 0
43 35 110 23 0
43 143 0
166 72 9 200 44 109 13 115 156 0
40 47 39 0
14 175 0
104 187 144 31 0
128 35 197 40 74 43 113 53 182 23 0
65 43 187 0
16 107 109 173 0
3 43 108 173 14 174 86 23 0
35 37 40 45 78 50 0
38 71 47 49 147 25 187 188 0
196 77 141 112 85 31 0
39 40 83 20 24 156 158 159 0
65 130 101 38 72 13 52 155 0
90 43 175 56 185 58 187 0
97 69 110 115 90 0
104 159 47 0
11 60 38 68 0
192 3 116 151 56 95 0
4 2 4 2 2 4 2 3 4 4 2 2 3 3 3 4 3 2 4 4 3 3 4 4 4 4 2 2 2 3 2 4 2 2 2 4 3 3 3 3 2 3 3 3 4 4 2 3 2 2 2 2 2 3 2 4 3 2 3 4 2 3 3 2 2 2 4 2 4 3 4 4 4 4 4 4 2 3 2 2 3 3 3 4 4 2 2 3 4 4 4 2 3 4 3 4 4 3 3 4 4 2 4 4 4 4 2 4 2 2 3 2 2 2 3 4 3 2 4 2 3 4 4 3 4 2 2 2 4 3 2 4 3 3 3 4 2 3 2 2 3 4 3 2 3 2 4 3 2 2 2 4 2 2 3 3 4 3 2 2 3 3 2 3 4 2 4 4 3 2 2 4 4 4 4 4 2 3 3 4 3 3 3 3 4 3 4 4 3 3 2 2 2 3 2 2 3 3 4 3
