310 297 231
128 97 67 75 43 171 143 48 210 84 53 20 21 212 217 90 62 0
128 129 12 13 146 151 41 46 174 183 61 192 195 208 83 222 95 224 113 0
7 8 10 147 29 165 39 177 51 54 184 57 190 208 224 100 229 102 228 115 119 0
1 193 131 35 6 9 75 140 77 48 145 214 22 155 124 127 0
128 194 5 102 71 9 74 42 173 113 52 183 56 57 154 156 94 63 0
3 134 27 181 61 64 201 203 77 81 219 221 223 98 110 112 118 123 127 0
33 195 163 132 134 167 27 202 45 143 18 52 182 214 120 57 90 155 0
3 69 122 230 72 9 205 110 176 19 118 55 186 60 125 30 223 0
70 132 229 6 199 104 41 74 138 204 76 110 14 18 182 120 122 93 0
3 4 131 13 14 146 151 37 50 203 204 81 85 94 223 112 115 123 126 0
1 98 226 161 165 37 7 134 105 203 213 22 119 24 183 155 30 127 0
131 100 197 104 139 76 13 206 14 142 50 115 117 123 222 63 0
64 226 34 5 12 173 110 50 211 21 213 117 85 126 219 94 191 0
10 145 146 151 153 26 160 37 176 187 197 203 204 213 224 97 226 230 127 0
128 129 131 14 16 165 47 73 206 89 90 226 100 101 102 107 108 123 126 0
67 196 36 68 104 136 75 44 13 208 81 180 54 218 190 95 63 0
32 225 164 5 200 203 46 14 177 83 84 213 86 214 218 61 223 0
99 134 167 70 201 8 76 141 110 113 178 179 180 50 214 22 154 157 0
130 10 11 20 150 158 161 181 185 59 69 198 203 209 211 84 226 101 102 123 0
32 33 161 132 165 72 104 74 172 205 144 117 22 85 214 183 59 0
138 11 141 146 147 21 151 28 32 170 174 48 72 211 86 94 225 231 122 0
146 150 25 154 38 173 174 50 52 62 76 208 89 218 222 224 96 101 120 0
160 161 163 40 174 51 57 187 60 189 62 192 64 76 80 84 223 224 225 0
3 7 12 20 155 30 160 34 56 185 58 199 215 216 99 105 107 112 125 0
69 200 9 106 59 173 174 109 80 113 114 177 147 56 153 123 220 29 0
32 162 163 36 130 185 200 140 77 172 47 178 84 182 216 153 94 159 0
7 13 19 152 24 33 37 41 43 183 186 61 189 192 86 87 224 227 228 112 0
67 166 39 72 42 120 174 51 116 212 53 117 184 20 218 188 31 0
225 191 194 223 39 200 9 106 170 208 180 86 183 88 59 125 63 0
2 28 163 46 174 177 51 53 187 67 202 75 206 208 212 215 105 121 124 0
192 34 67 100 229 90 103 169 11 108 46 79 144 49 118 151 182 58 0
58 133 102 198 199 201 44 142 79 207 48 53 119 121 186 123 125 223 0
192 165 230 102 9 203 77 78 110 210 117 189 24 215 60 93 159 0
128 10 138 15 38 172 47 180 181 182 55 188 191 193 73 206 231 104 112 0
133 18 21 24 160 163 40 42 52 180 184 57 58 194 66 197 209 229 108 0
129 2 193 228 97 229 103 8 172 205 113 82 116 213 88 152 158 63 0
32 66 226 2 101 70 6 34 176 114 83 85 54 87 120 25 31 159 0
2 140 15 151 155 157 165 37 43 45 176 54 59 191 200 78 219 93 94 119 0
128 129 2 145 150 151 26 162 164 39 172 45 174 51 85 215 216 105 121 0
192 130 163 197 70 74 204 173 44 175 208 146 83 213 214 120 188 95 0
2 133 8 31 169 172 51 182 58 60 72 83 84 86 88 226 103 121 122 126 0
131 4 196 56 200 201 77 92 176 49 178 83 207 183 120 122 220 61 0
128 132 134 140 17 22 150 34 41 179 61 205 208 211 83 214 218 100 229 230 0
96 160 106 171 44 10 78 175 146 83 211 86 183 62 156 29 158 0
195 229 39 168 218 169 12 108 78 140 172 47 53 54 24 186 188 0
64 26 38 8 173 78 14 174 19 211 21 215 184 89 186 152 158 0
37 134 199 170 60 175 174 63 51 18 148 216 57 91 220 221 24 223 0
3 139 19 159 161 38 173 178 50 180 60 62 194 67 197 204 87 222 103 0
160 64 224 7 139 46 78 177 81 51 145 214 89 59 220 189 126 0
64 35 6 167 10 203 74 173 111 146 114 180 85 83 55 217 122 187 0
192 193 130 68 40 137 169 203 9 109 78 146 179 85 150 55 218 31 0
1 223 3 195 165 173 206 77 18 20 21 213 55 148 53 187 93 127 0
192 64 196 8 137 11 44 111 148 20 182 54 118 153 125 126 0
7 136 13 144 150 153 32 41 46 179 57 186 59 61 209 87 220 221 102 0
131 36 199 158 104 41 13 113 19 51 21 83 184 122 59 222 191 0
128 160 66 37 102 40 139 140 43 107 18 147 220 53 158 156 189 30 0
128 151 25 29 165 173 183 56 78 79 83 84 88 220 93 222 103 125 126 0
145 19 149 150 152 34 167 39 54 194 67 69 208 213 215 94 103 104 111 0
2 18 152 29 35 164 41 44 55 57 69 198 71 73 203 215 227 103 121 0
128 11 141 15 26 28 37 169 171 184 60 191 193 195 75 208 91 123 124 0
225 195 3 133 168 74 42 205 78 14 124 112 142 19 220 54 184 92 0
4 9 13 155 36 168 41 43 49 51 54 189 61 199 76 208 220 225 99 0
128 134 7 151 24 36 165 185 57 66 196 199 208 211 87 102 103 110 119 0
1 131 8 15 16 22 23 156 157 165 189 72 75 83 216 89 110 122 123 0
128 160 2 231 74 139 205 174 47 50 115 189 21 86 215 150 153 61 0
160 1 193 131 132 103 9 139 123 172 15 177 50 115 148 91 28 190 0
128 229 134 71 70 137 171 174 29 212 20 85 184 25 219 93 126 0
132 5 140 145 148 149 24 158 46 51 55 187 193 200 77 214 88 98 105 0
151 165 43 171 53 60 189 190 194 195 201 74 76 82 90 91 222 230 125 0
160 33 36 167 200 80 50 83 20 21 125 150 121 154 221 62 0
161 97 195 67 133 68 35 27 167 166 172 173 187 91 188 61 126 159 0
130 3 20 153 154 156 159 174 179 70 74 204 80 93 95 102 103 118 124 0
136 12 151 24 155 157 160 42 174 49 178 186 70 198 78 207 83 106 123 0
192 225 130 227 168 202 190 144 80 178 179 180 212 115 59 188 157 30 0
7 136 142 17 18 151 157 29 161 171 180 52 183 58 187 208 214 100 118 126 0
135 140 21 28 36 39 56 58 201 76 81 215 89 93 226 109 114 115 120 0
136 19 29 159 35 163 167 172 56 60 67 72 78 214 215 216 227 229 230 107 0
37 38 44 14 80 49 210 114 147 145 182 151 152 25 86 124 62 0
131 11 140 143 157 158 34 163 170 189 62 70 204 209 81 83 231 114 116 0
132 36 166 199 168 9 11 108 12 13 79 14 181 57 60 63 159 0
226 69 8 75 204 172 205 143 175 209 18 51 116 17 24 59 63 0
225 162 36 229 68 104 137 11 109 48 82 51 211 52 217 158 159 0
32 131 132 197 200 105 202 171 12 204 177 19 180 54 86 183 59 0
97 66 227 198 7 72 44 77 141 206 143 204 146 115 54 217 187 222 0
143 149 22 30 172 174 49 184 57 187 67 195 203 78 80 82 215 224 229 0
130 163 196 229 66 71 43 108 141 28 175 142 45 184 90 156 221 126 0
38 104 169 201 75 140 77 81 18 19 148 182 24 154 28 62 95 0
101 134 41 106 105 44 120 174 156 17 51 84 149 119 24 186 92 126 0
128 33 162 227 132 195 166 191 170 14 82 19 22 215 56 221 222 127 0
33 97 137 91 175 80 147 180 53 182 119 20 57 186 219 184 0
96 97 162 229 6 168 12 109 178 115 117 182 23 25 155 191 0
72 41 42 170 172 45 46 175 208 17 82 211 124 110 90 188 93 95 0
33 131 228 71 41 106 107 172 173 111 112 50 115 19 125 223 0
225 223 163 228 131 70 200 106 11 209 146 179 20 55 217 27 189 95 0
33 162 227 4 163 65 71 40 105 134 140 48 117 22 120 218 60 221 0
134 142 143 20 153 29 176 187 189 194 196 201 206 81 86 216 223 104 105 107 0
193 130 226 100 229 203 12 109 174 79 50 87 24 183 28 189 222 0
130 71 9 91 203 172 173 77 206 79 177 146 180 85 54 185 59 62 0
128 67 35 135 201 106 107 44 77 204 78 48 173 82 212 120 185 27 0
96 1 160 153 66 37 38 101 72 107 144 83 148 85 182 88 25 184 0
133 159 168 41 56 60 192 66 72 206 84 214 87 219 93 226 228 117 121 0
193 65 99 69 198 71 186 204 143 178 180 149 215 88 154 120 189 0
2 14 143 43 48 49 178 182 187 193 200 78 211 216 93 94 101 103 231 112 114 0
129 6 142 153 26 162 177 179 54 65 194 67 69 75 83 88 224 228 103 0
128 96 65 195 131 166 27 139 108 93 180 214 20 125 123 28 189 191 0
132 135 10 142 14 155 28 38 50 53 200 205 214 89 92 224 99 102 125 0
7 17 20 28 158 164 167 47 50 67 198 199 203 81 85 99 101 103 112 0
64 224 99 163 131 166 136 200 11 140 110 92 53 214 88 89 188 0
32 160 163 99 133 168 201 107 140 172 146 180 21 214 183 122 30 127 0
193 98 26 65 133 103 200 73 107 108 205 145 18 178 215 216 186 157 0
225 121 33 100 193 230 39 198 12 14 175 177 55 181 87 89 190 0
193 227 69 8 74 42 172 109 79 114 212 21 30 94 91 190 31 0
144 17 148 152 24 160 165 39 168 48 196 198 206 84 221 95 226 101 104 0
33 162 225 137 169 44 110 113 178 21 118 24 62 59 94 223 0
16 20 29 157 30 165 41 43 178 182 183 57 187 92 108 112 114 115 119 122 0
98 34 168 73 201 139 12 140 142 8 51 215 89 58 190 127 0
33 161 34 196 2 166 7 10 11 187 219 13 79 185 59 188 189 63 0
2 133 10 146 151 162 167 45 59 63 194 75 206 82 217 89 92 100 126 0
64 192 67 132 229 37 154 101 44 109 140 80 116 53 54 56 26 0
32 121 162 100 165 104 105 11 141 207 209 114 220 22 151 25 58 188 0
96 196 69 36 71 8 135 170 206 175 145 182 58 222 95 0
35 67 168 73 9 11 140 176 145 112 115 83 117 53 55 54 212 157 0
195 228 133 102 154 201 42 206 177 82 145 52 85 217 122 27 93 223 0
32 194 166 200 170 108 205 15 208 209 22 119 152 57 88 60 93 25 0
128 160 98 195 193 163 200 170 171 108 107 139 144 180 22 23 90 187 0
32 34 90 105 73 75 108 141 14 142 80 208 117 184 217 154 222 0
128 135 137 140 168 41 42 178 194 71 73 212 221 98 100 101 103 113 119 0
3 18 146 150 151 22 26 178 53 60 204 205 86 87 221 224 226 108 119 0
225 65 165 8 41 45 174 211 179 52 150 61 152 53 218 59 28 221 0
97 67 133 104 201 138 45 80 53 54 120 24 126 27 62 63 0
192 130 195 4 2 39 74 206 112 113 49 213 182 215 88 185 90 120 0
5 7 136 151 152 154 41 50 71 74 82 85 213 87 224 225 227 102 103 0
65 162 225 100 105 170 109 46 173 14 45 52 213 184 153 124 94 0
128 33 36 133 70 107 76 141 79 81 184 117 182 119 151 217 86 94 0
130 194 103 8 73 75 204 219 17 222 115 86 215 214 155 92 125 30 0
130 3 20 27 31 172 174 175 187 60 197 80 213 219 98 100 114 115 125 0
32 194 227 132 131 66 4 138 11 187 47 208 15 21 155 127 158 223 0
64 128 162 197 167 73 44 13 109 45 80 179 22 119 56 89 120 0
130 145 18 22 27 158 162 36 39 41 51 61 195 203 208 221 229 105 108 0
129 185 196 70 169 45 206 46 177 81 118 151 22 121 214 190 222 223 0
130 35 185 231 71 169 106 202 79 146 212 85 21 183 180 57 26 27 0
128 129 1 131 144 153 30 38 181 64 65 72 79 216 90 226 102 112 117 122 0
192 65 99 196 165 68 103 167 105 42 43 77 16 17 115 26 123 30 0
193 153 165 70 199 41 203 142 20 117 22 215 125 25 90 124 61 0
4 135 145 27 28 174 175 178 54 58 187 63 192 88 90 224 96 230 110 0
2 3 9 17 145 20 153 28 38 66 197 74 81 83 86 224 103 104 111 126 0
193 130 162 191 69 186 202 15 112 208 156 117 87 185 218 28 62 159 0
97 3 6 104 107 44 14 112 113 52 148 87 153 27 220 190 0
66 195 101 134 171 43 45 146 51 21 54 119 55 183 215 30 223 0
4 138 140 46 79 48 49 210 146 52 213 156 215 119 17 188 126 0
96 97 36 70 72 202 91 170 141 81 50 119 55 148 87 218 187 159 0
96 193 35 102 199 166 7 173 141 207 21 87 56 57 90 124 63 0
137 143 16 36 172 187 191 193 197 201 209 85 88 218 91 92 106 117 123 0
130 132 136 9 149 168 179 53 57 191 75 205 82 215 223 228 105 108 110 0
32 37 134 71 198 231 111 79 209 50 177 21 86 24 90 187 190 0
140 22 151 153 43 54 183 56 182 198 72 204 79 84 90 225 227 106 118 0
99 164 163 201 170 80 209 50 179 114 181 149 85 112 126 28 189 222 0
33 98 163 197 102 101 8 169 201 6 204 78 174 112 81 83 120 93 0
128 139 143 18 150 159 162 38 39 169 172 175 176 90 223 100 103 105 127 0
227 197 73 202 203 76 9 10 79 81 50 20 85 217 218 158 221 25 0
2 3 7 137 13 28 29 35 168 185 59 187 61 63 200 215 92 94 227 120 0
140 148 153 32 183 194 198 77 208 209 80 82 211 87 215 224 98 230 103 0
192 2 164 101 201 42 107 206 80 209 18 16 144 179 54 183 26 30 0
128 8 9 41 13 14 111 115 84 21 150 213 120 155 126 63 0
33 227 166 39 201 12 206 175 176 83 85 125 54 183 186 187 29 126 0
11 12 15 144 147 22 25 166 43 52 182 55 56 184 61 63 99 102 116 0
160 225 99 70 8 40 203 172 15 145 178 52 118 221 185 90 93 95 0
135 9 10 11 16 155 28 159 161 33 35 166 42 177 187 192 73 211 105 0
192 97 89 162 70 199 41 43 14 206 207 113 178 210 212 22 153 0
1 69 169 139 140 208 113 188 21 117 56 218 190 222 126 63 0
7 10 144 155 27 156 162 40 44 180 57 67 197 75 86 222 227 113 121 0
130 132 69 38 200 72 170 107 76 105 46 48 113 150 119 120 220 190 0
1 2 133 9 138 10 141 148 151 155 28 46 176 54 198 71 210 231 117 0
96 225 2 4 100 91 44 219 207 112 48 80 21 117 215 58 123 223 0
161 197 5 168 43 44 173 47 113 49 211 52 85 81 119 154 59 0
32 138 203 202 205 47 16 209 178 51 143 213 150 53 19 217 147 0
160 32 67 58 101 5 199 136 10 11 155 187 171 207 86 26 219 28 0
161 66 165 229 39 6 41 201 43 138 141 206 106 118 120 59 92 126 0
224 97 162 3 68 56 9 105 171 123 47 30 24 58 27 190 159 0
2 130 3 140 37 40 170 46 179 204 212 214 89 219 220 224 111 117 123 0
143 144 154 156 28 34 167 174 177 62 73 206 207 218 221 101 230 110 112 0
128 129 2 10 140 20 25 153 35 40 178 52 56 190 65 66 194 209 86 218 114 121 0
7 143 16 150 153 158 31 159 34 48 53 199 71 78 87 89 92 98 118 121 0
153 3 164 69 6 135 72 75 49 178 179 20 181 212 180 57 219 124 0
132 10 15 17 21 153 31 32 38 58 189 66 71 201 202 204 218 221 111 113 0
134 10 141 15 31 165 173 178 51 56 58 193 199 81 213 214 90 221 104 112 0
1 161 65 68 165 67 202 140 44 78 174 15 206 125 119 91 220 29 0
96 225 165 134 231 202 75 106 175 146 119 181 21 183 151 59 120 125 0
149 152 156 32 35 165 177 53 185 61 196 72 83 84 87 216 226 228 111 121 0
1 162 164 136 74 79 17 23 53 22 55 88 85 187 124 184 0
2 3 132 8 141 15 154 156 158 48 176 49 201 205 221 224 97 113 121 0
3 131 135 143 20 163 166 39 173 174 175 48 69 202 76 81 209 224 227 101 0
128 148 40 46 47 179 52 67 73 76 78 210 84 95 96 108 111 123 125 0
1 34 97 68 39 136 138 74 174 210 115 148 181 87 25 60 189 0
32 160 96 67 100 166 71 105 59 108 178 52 118 23 217 187 124 191 0
192 132 197 38 69 138 172 173 45 81 18 85 57 91 127 157 62 223 0
99 135 104 200 137 44 187 46 173 142 51 84 181 94 219 93 62 0
160 193 67 68 6 42 75 139 17 83 85 22 55 217 91 189 62 0
128 4 9 11 13 20 152 29 38 175 182 192 198 200 204 211 83 92 114 122 0
98 36 73 75 142 50 179 148 149 210 120 122 59 220 125 223 0
98 131 100 5 101 194 171 45 175 209 146 210 85 22 120 125 94 0
3 7 11 144 154 35 36 77 78 208 214 216 219 94 98 229 230 103 120 121 0
163 70 200 9 106 10 108 15 16 80 52 117 86 20 221 90 59 189 0
162 101 134 104 8 168 73 111 179 180 84 22 151 216 153 187 125 159 0
192 223 185 131 5 70 201 108 14 211 150 182 216 24 58 28 29 159 0
161 228 139 12 142 79 207 110 210 209 148 117 150 23 24 220 0
128 3 131 10 139 40 46 180 183 193 67 77 213 218 94 96 98 227 124 0
64 131 6 39 231 105 71 199 44 206 175 209 53 184 152 90 28 94 0
128 10 150 29 39 41 173 48 176 181 70 205 83 213 86 89 221 224 104 105 124 0
2 3 131 230 103 75 207 177 81 220 156 116 209 126 59 92 61 222 0
2 135 7 20 156 167 169 175 54 187 195 69 74 83 85 216 222 100 230 0
192 2 66 195 9 170 107 44 75 141 175 144 176 92 212 214 28 0
143 151 164 165 166 175 53 55 183 59 201 208 82 215 216 221 100 113 114 0
2 36 165 135 40 73 10 75 76 141 14 145 178 50 148 219 222 191 0
66 132 101 6 231 8 59 139 187 146 147 85 23 89 219 156 93 0
5 101 165 37 218 198 77 142 79 111 80 82 114 49 180 119 122 190 0
128 130 134 7 136 12 146 156 167 43 191 192 195 67 87 89 94 224 228 0
128 137 10 159 39 45 181 197 69 73 209 82 227 228 231 107 109 113 120 0
97 164 37 102 6 132 137 42 135 144 113 23 150 183 86 54 124 0
129 131 165 231 73 10 77 206 127 112 142 148 151 215 59 92 62 159 0
4 144 147 151 24 29 160 175 184 186 198 71 70 203 207 80 211 216 125 0
36 71 170 12 77 16 176 18 83 144 208 211 87 25 58 93 190 0
128 4 5 10 13 153 155 32 177 180 53 68 69 73 203 207 89 92 99 107 0
96 36 37 137 43 108 11 207 50 220 183 120 187 188 189 94 95 0
129 11 141 15 148 32 162 47 176 48 192 209 86 89 228 231 106 113 118 0
129 35 200 201 169 139 44 76 49 18 19 179 20 214 22 24 186 61 0
135 7 10 143 15 26 154 29 182 59 195 197 70 81 82 220 92 105 116 0
128 64 69 103 74 139 140 205 174 13 15 91 84 213 88 89 186 27 0
144 18 21 157 29 39 174 177 190 72 201 203 204 83 217 91 93 95 231 121 122 0
128 133 141 144 20 150 25 36 40 43 176 184 57 58 189 202 79 208 223 0
5 133 140 31 32 39 173 181 59 190 71 75 213 88 225 229 231 105 121 0
121 33 68 88 171 78 48 147 148 21 84 151 30 217 118 149 126 95 0
32 196 38 134 40 166 167 171 203 173 207 113 51 117 24 155 60 0
132 30 163 43 49 185 194 67 69 71 76 209 89 90 221 94 93 222 105 107 112 0
1 3 157 39 170 47 49 178 51 60 75 78 208 223 228 230 231 102 110 114 0
96 97 227 68 167 7 11 81 145 83 212 85 21 119 51 148 61 159 0
224 2 165 38 137 171 76 13 204 79 112 109 210 213 53 118 120 188 0
89 66 99 68 4 69 172 210 114 116 149 212 24 185 222 126 159 0
97 227 164 37 70 71 231 230 42 78 179 51 21 215 184 185 63 0
130 5 136 15 20 149 25 159 45 185 195 201 205 80 84 216 90 115 122 0
224 2 185 168 74 43 44 204 142 112 210 52 20 57 90 188 126 191 0
225 71 91 12 204 14 207 111 209 145 15 53 120 57 155 188 222 0
128 225 64 35 4 164 139 174 110 115 148 180 179 57 27 93 126 159 0
129 194 98 36 134 199 139 108 109 174 143 152 93 88 219 92 63 127 0
128 2 6 141 22 154 157 30 165 168 43 175 53 189 65 201 213 114 121 0
1 16 147 149 26 162 37 39 168 48 184 57 204 216 91 224 227 103 115 0
191 163 68 77 207 47 145 210 20 119 21 23 181 188 61 63 0
192 226 67 166 199 136 74 140 14 79 176 17 50 113 49 88 188 0
135 9 13 144 21 162 38 40 172 173 46 178 58 191 194 69 202 110 118 0
131 133 134 143 149 160 32 175 187 68 197 206 209 214 223 227 107 110 111 0
130 10 148 149 23 153 159 160 36 45 68 198 74 209 227 228 109 122 124 0
1 5 136 138 10 146 150 155 29 168 171 48 180 68 200 202 77 89 228 0
193 34 70 109 111 48 84 119 116 183 151 89 122 117 86 30 191 0
33 162 4 186 169 105 174 110 63 20 22 23 54 121 215 157 30 57 0
128 65 134 198 170 171 76 204 141 207 177 53 23 121 155 220 159 0
97 66 99 164 229 72 104 209 50 49 84 181 22 149 88 85 180 94 0
64 2 99 70 38 138 203 44 205 175 79 50 179 186 219 95 0
1 130 4 26 29 161 42 46 53 61 66 83 90 222 100 103 104 120 127 0
1 67 6 106 139 205 23 85 22 55 24 90 155 29 158 63 0
192 97 131 132 101 5 102 10 171 75 177 178 145 83 114 217 59 156 0
133 6 5 139 16 27 157 159 43 172 56 192 195 81 217 94 98 105 121 0
224 191 130 100 134 44 15 207 113 18 49 115 181 157 151 218 125 159 0
129 226 230 168 169 76 141 209 51 23 55 22 214 24 217 85 88 0
130 6 135 147 22 40 169 43 55 185 57 189 197 72 76 77 207 212 229 117 0
8 137 140 21 22 153 168 186 187 65 194 203 83 90 92 224 101 112 119 0
133 137 13 143 149 150 26 158 37 38 50 58 190 197 82 97 106 108 110 0
64 193 1 131 134 231 168 104 123 140 109 207 17 19 21 218 91 159 0
194 195 163 69 70 198 72 2 44 80 19 211 52 182 124 189 62 159 0
193 130 225 100 36 71 8 42 107 172 138 46 174 180 148 151 155 0
224 33 34 1 3 226 9 144 81 145 179 20 22 23 184 186 29 31 0
128 129 153 99 65 67 72 9 42 43 138 44 174 203 16 114 217 157 0
134 148 150 151 29 161 164 44 48 63 195 68 75 86 90 94 222 228 110 0
1 227 166 14 175 17 210 113 52 53 85 117 216 26 219 157 222 127 0
129 2 1 5 7 150 153 155 47 176 180 188 191 192 76 82 92 94 121 122 0
66 228 229 5 167 101 107 45 78 145 156 147 125 119 24 217 92 157 0
225 98 100 164 168 78 14 79 174 188 83 119 182 30 153 92 190 0
96 130 196 37 230 41 140 45 204 111 16 146 52 184 25 59 0
34 100 133 197 9 170 74 12 140 110 81 82 212 183 185 122 124 159 0
225 163 36 37 102 6 200 7 70 203 44 71 20 152 56 60 157 30 0
133 134 15 147 163 37 47 186 194 70 200 83 214 218 91 221 95 99 100 228 0
64 129 194 3 132 228 166 225 136 200 170 43 44 182 23 58 219 0
96 163 4 229 168 136 11 139 109 207 176 18 118 54 122 187 156 158 0
97 36 134 39 88 169 10 59 170 109 8 145 152 219 93 191 0
33 34 67 100 196 102 195 136 137 71 187 210 180 117 118 219 92 191 0
131 134 143 148 157 31 39 184 189 194 204 79 80 89 98 227 101 231 110 112 124 0
193 131 165 38 39 230 133 12 44 174 78 210 83 146 23 187 92 223 0
160 162 186 42 28 45 143 208 156 116 117 149 87 20 25 55 92 183 0
128 5 158 31 162 164 45 181 189 192 202 203 86 93 222 223 102 110 117 0
129 135 11 16 18 149 153 162 39 41 43 177 182 194 77 78 206 211 104 0
191 33 196 230 71 88 201 172 144 115 150 55 118 153 122 59 221 63 0
130 5 135 138 140 149 22 154 158 167 42 43 79 99 227 102 231 104 107 0
161 163 36 37 198 135 140 143 146 115 178 55 181 23 219 156 222 0
64 33 195 100 4 38 186 41 138 78 112 48 126 219 156 221 190 0
129 2 5 6 7 139 150 34 36 39 40 181 81 214 216 90 95 230 123 0
223 195 5 229 9 203 140 76 155 16 144 176 116 189 58 91 93 31 0
32 64 161 228 132 199 200 74 123 79 16 114 179 84 117 87 154 59 0
128 33 161 99 100 69 42 204 13 110 16 146 181 182 60 221 62 63 0
160 161 224 42 45 117 150 55 0
32 14 52 84 23 217 28 0
66 76 79 148 214 57 222 0
34 81 57 91 156 0
99 76 51 149 217 0
38 40 5 30 0
65 34 4 107 45 175 181 183 63 0
11 219 117 150 221 91 28 93 0
49 53 151 26 91 93 0
152 221 135 0
134 207 213 30 222 0
16 185 196 68 0
2 229 12 143 181 187 0
192 121 108 0
9 18 180 28 0
20 0
194 180 0
160 4 79 0
35 201 208 117 23 57 157 0
209 217 214 0
13 214 55 122 222 0
32 217 211 4 0
168 186 52 63 0
187 4 157 0
3 133 70 38 168 45 118 121 0
167 135 57 26 91 0
64 225 36 221 217 59 28 29 0
32 128 10 13 52 0
132 70 71 167 172 49 115 213 90 27 63 0
194 42 211 216 222 30 191 0
198 135 105 111 113 84 28 127 0
76 110 117 122 28 126 0
101 76 143 147 53 213 186 221 0
27 173 111 0
198 45 180 125 191 0
225 66 131 105 173 144 124 0
70 76 19 115 180 211 87 26 157 0
96 66 135 204 115 117 153 30 191 0
168 11 143 16 191 0
168 108 141 207 82 189 63 0
192 37 116 151 91 30 0
40 151 0
40 158 86 135 0
35 135 113 148 28 0
103 10 11 50 215 0
194 5 71 0
65 129 36 164 71 42 204 53 0
172 173 93 126 95 0
101 20 28 111 0
160 122 115 157 0
132 20 28 223 0
68 45 173 207 178 24 89 218 28 0
216 217 10 146 0
134 75 108 117 30 0
171 188 141 181 0
101 42 48 84 217 91 0
0
33 66 129 211 191 0
191 37 81 184 60 157 63 0
197 37 0
37 198 73 10 223 0
129 210 87 26 28 0
191 126 30 63 0
68 196 11 172 144 113 22 214 217 27 0
72 206 118 183 0
135 4 71 0
4 133 166 0
71 14 114 216 191 0
33 2 131 167 73 183 57 0
192 40 201 72 204 111 0
38 138 108 46 24 28 221 0
2 11 109 0
115 108 62 143 0
66 132 68 136 152 222 126 0
194 35 102 71 204 121 28 0
89 63 37 55 0
104 57 45 214 0
129 66 196 135 109 153 186 126 0
64 70 143 207 81 115 88 121 219 0
217 28 0
36 39 111 92 188 0
65 35 71 8 188 0
32 132 4 135 40 115 0
130 117 157 135 0
4 5 198 41 105 115 0
28 0
153 117 163 61 0
66 35 164 229 105 11 0
99 68 11 143 191 0
132 91 81 115 53 21 24 88 222 0
107 135 3 31 0
115 11 127 0
217 180 213 191 0
33 129 67 196 87 0
2 71 11 81 91 0
134 144 146 117 63 0
45 55 28 63 191 0
225 4 40 14 114 211 118 124 0
160 198 143 112 116 28 191 0
220 52 110 0
114 180 117 220 125 0
96 130 5 217 189 0
34 101 92 222 223 0
65 66 14 111 149 150 223 0
218 38 79 0
24 72 223 0
37 167 55 88 63 0
229 86 0
3 36 78 46 217 0
196 167 115 26 91 0
37 76 211 85 213 217 58 126 191 0
226 38 71 116 221 0
35 168 179 151 221 62 0
198 55 217 28 126 0
37 173 48 180 217 0
0
168 115 14 0
128 132 108 209 31 221 191 0
35 191 0
192 132 201 113 217 126 220 222 158 63 0
2 180 134 0
164 122 72 178 217 90 31 0
132 4 168 204 217 59 0
192 194 195 4 12 14 53 89 222 0
155 93 38 0
57 194 87 0
4 101 134 229 10 20 57 123 0
72 11 176 152 158 0
41 129 13 173 0
96 128 207 51 211 117 0
160 52 63 0
20 174 158 55 0
35 11 121 157 57 0
9 84 198 231 0
1 173 149 151 123 222 0
65 129 197 62 223 0
33 196 134 78 57 123 222 0
66 164 6 52 180 182 29 222 0
192 11 113 57 123 0
65 69 178 155 29 0
135 122 4 71 0
168 49 198 134 0
180 38 230 0
96 66 38 172 141 222 157 158 0
10 202 76 15 177 26 28 221 0
191 66 135 168 214 121 26 95 0
42 81 210 214 28 0
115 55 87 88 125 158 0
97 194 131 37 11 79 81 63 0
52 0
160 41 114 117 28 223 0
48 115 0
41 190 113 111 0
104 115 187 168 0
211 151 88 91 30 223 0
132 196 6 169 11 183 62 0
11 44 46 0
225 35 100 105 11 12 208 178 217 186 124 0
4 135 11 111 113 178 212 216 0
2 223 135 178 91 63 0
65 106 86 55 56 188 0
68 10 11 57 90 127 0
161 34 76 206 113 125 0
24 122 188 110 0
191 187 198 71 0
163 68 37 231 145 178 90 0
40 168 10 76 220 28 0
97 197 11 110 53 90 155 0
4 101 85 215 191 0
161 132 37 76 113 115 213 94 0
128 42 214 0
32 98 40 138 173 111 112 220 91 28 0
194 138 222 102 0
65 196 38 167 106 110 113 116 223 0
225 194 18 151 217 221 191 0
144 35 172 63 0
43 116 84 213 59 0
160 68 140 120 191 0
107 110 142 115 221 63 127 0
166 103 81 113 217 93 191 0
96 135 199 55 191 0
33 3 70 134 40 11 90 0
57 117 0
217 219 28 70 0
223 135 108 81 117 63 0
122 110 58 187 189 127 0
105 83 92 87 0
122 171 195 0
10 180 126 207 0
72 194 38 0
66 194 164 135 108 214 62 0
2 168 139 24 88 191 0
4 71 168 11 79 113 218 0
35 163 135 21 117 24 57 63 0
2 101 57 218 30 191 0
32 194 132 199 104 12 211 189 126 0
157 135 0
64 37 231 11 118 215 0
66 91 28 166 0
128 168 43 211 117 90 126 0
180 124 45 174 0
97 194 223 198 167 113 157 63 0
36 127 79 0
198 168 79 25 220 61 0
135 206 51 87 91 60 0
225 66 4 167 136 174 210 159 0
217 91 206 190 0
225 169 42 173 14 112 144 149 24 28 0
177 115 53 30 0
132 135 8 10 28 158 0
129 66 36 228 135 200 14 213 220 0
204 111 49 115 157 0
229 37 157 0
200 173 214 63 0
32 217 133 0
2 134 11 178 212 185 63 0
180 85 158 0
105 214 37 133 0
186 10 68 0
33 134 200 50 115 124 0
8 207 81 113 183 121 93 95 0
57 180 143 0
224 4 37 197 71 137 110 113 117 55 220 63 0
4 168 42 11 49 115 217 62 0
2 4 68 72 73 220 123 188 0
192 129 144 115 30 0
88 9 115 180 0
4 134 124 189 158 0
168 220 4 31 0
57 217 109 105 0
217 101 40 117 54 151 214 183 0
130 135 168 114 57 0
194 38 201 14 48 180 117 23 153 124 221 0
32 65 162 68 14 210 24 0
17 84 214 132 0
72 11 108 111 81 191 0
66 0
192 79 214 123 60 0
175 112 27 221 95 191 0
3 131 167 231 187 174 55 91 0
65 134 105 110 115 52 53 91 0
66 35 84 199 0
2 12 45 76 24 91 222 0
225 134 76 177 63 0
12 213 23 217 125 0
129 194 135 72 46 50 214 55 0
97 211 38 219 0
72 38 63 0
193 130 205 90 125 63 0
66 35 229 71 115 126 0
138 222 174 154 0
33 162 126 0
158 191 0
135 171 110 115 84 28 0
11 173 0
160 192 66 37 70 101 51 211 63 0
165 231 211 183 63 0
153 44 48 177 178 55 57 91 0
161 167 205 79 87 221 0
5 7 135 183 217 122 125 95 0
98 35 47 177 118 216 0
192 204 111 183 91 28 126 0
33 91 219 230 0
70 175 113 119 216 0
164 132 71 0
83 11 141 55 0
66 60 151 0
3 38 40 76 45 211 87 91 0
66 68 135 167 53 55 221 92 125 0
91 11 221 130 0
173 108 77 63 0
225 201 10 204 140 207 30 0
32 197 135 42 214 126 0
28 0
209 108 157 0
96 46 143 48 178 117 213 217 31 0
69 138 76 18 115 52 146 180 213 91 93 159 0
177 126 0
225 37 71 213 223 0
174 118 223 0
192 33 153 40 170 141 144 121 122 0
180 173 0
2 70 167 72 79 87 186 222 126 191 0
115 174 0
99 81 177 115 221 0
40 11 108 203 151 0
224 130 199 40 113 55 218 61 0
35 106 49 24 217 218 220 190 0
162 15 114 211 181 186 189 30 0
224 132 167 168 79 80 91 188 157 159 0
146 223 95 0
142 4 126 0
33 2 35 129 161 70 42 173 213 87 188 221 0
33 164 134 167 115 55 91 0
130 99 206 114 28 0
32 40 10 16 49 208 115 117 214 125 0
191 227 45 214 88 189 190 95 0
135 14 81 213 151 95 0
64 164 100 167 153 90 0
192 198 74 11 126 0
146 107 196 0
24 0
186 117 191 0
160 113 0
8 10 54 122 0
197 201 11 203 79 113 180 95 0
66 101 167 41 14 178 91 93 0
46 140 14 191 0
196 117 190 95 0
135 110 144 22 126 0
3 2 2 2 3 4 2 4 4 2 3 4 2 3 2 4 2 3 3 3 3 4 4 4 3 3 4 2 2 3 2 4 4 3 2 4 3 2 2 2 3 3 2 4 3 4 4 2 3 4 3 2 4 2 2 2 3 3 4 3 2 4 4 4 4 4 3 4 4 3 3 2 3 3 3 2 3 3 4 4 2 2 2 2 4 3 4 3 2 3 2 2 3 2 4 3 4 2 3 3 3 2 2 3 2 3 3 2 4 2 4 2 4 2 4 4 3 3 3 4 2 3 2 3 4 4 4 2 2 2 4 2 2 3 3 3 4 4 4 3 4 4 2 2 4 3 2 3 2 3 2 3 2 4 3 4 2 3 3 3 2 4 3 4 2 4 3 4 3 4 4 3 3 3 2 3 2 2 2 2 3 4 4 4 3 3 2 4 2 4 3 3 4 2 3 4 3 3 3 3 2 3 3 3 4 4 3 2 2 4 3 4 3 3 4 2 4 3 4 4 2 3 4 2 4 2 2 2 2 4 2
