18 18 16
1 2 3 4 5 6 7 8 9 10 11 12 13 14 15 16 0
1 2 3 4 5 6 7 8 9 10 11 12 13 14 15 16 0
1 2 3 4 5 6 7 8 9 10 11 12 13 14 15 16 0
1 2 3 4 5 6 7 8 9 10 11 12 13 14 15 16 0
1 2 3 4 5 6 7 8 9 10 11 12 13 14 15 16 0
1 2 3 4 5 6 7 8 9 10 11 12 13 14 15 16 0
1 2 3 4 5 6 7 8 9 10 11 12 13 14 15 16 0
1 2 3 4 5 6 7 8 9 10 11 12 13 14 15 16 0
1 2 3 4 5 6 7 8 9 10 11 12 13 14 15 16 0
1 2 3 4 5 6 7 8 9 10 11 12 13 14 15 16 0
1 2 3 4 5 6 7 8 9 10 11 12 13 14 15 16 0
1 2 3 4 5 6 7 8 9 10 11 12 13 14 15 16 0
1 2 3 4 5 6 7 8 9 10 11 12 13 14 15 16 0
1 2 3 4 5 6 7 8 9 10 11 12 13 14 15 16 0
1 2 3 4 5 6 7 8 9 10 11 12 13 14 15 16 0
1 2 3 4 5 6 7 8 9 10 11 12 13 14 15 16 0
1 2 3 4 5 6 7 8 9 10 11 12 13 14 15 16 0
1 2 3 4 5 6 7 8 9 10 11 12 13 14 15 16 0
6 0
15 0
8 16 10 12 0
2 0
13 0
6 0
0
0
4 0
5 0
1 7 0
0
0
11 0
14 0
9 0
6 0
3 13 0
2 2 4 2 4 2 3 2 4 4 4 2 2 2 3 3
