150 100 40
32 1 35 36 37 6 38 9 11 13 22 25 26 28 29 0
32 33 34 3 4 36 6 7 9 11 12 14 18 25 29 0
33 34 36 39 40 9 8 12 13 14 17 19 20 23 29 0
35 7 39 10 11 14 15 16 17 19 23 24 27 28 31 0
34 3 36 37 6 38 40 5 15 20 22 24 25 27 29 0
1 34 3 36 5 37 39 9 12 14 18 20 22 24 31 0
32 1 33 34 4 6 7 9 14 19 21 24 27 29 31 0
1 34 2 36 5 38 33 40 9 12 19 21 22 25 27 0
3 36 6 7 40 38 13 16 18 19 20 22 23 24 26 0
32 2 3 37 7 8 11 16 18 19 23 24 25 29 30 0
32 1 35 37 38 5 40 8 12 18 20 23 24 25 26 0
32 35 5 6 39 12 13 16 17 18 24 25 29 30 31 0
2 3 4 5 38 39 40 9 8 17 18 19 22 23 30 0
32 33 2 1 36 37 35 38 40 4 16 22 24 26 28 0
1 2 4 5 38 7 6 10 15 20 24 25 27 30 31 0
34 4 5 38 39 40 8 16 18 20 21 23 25 27 28 0
35 4 36 3 9 10 11 12 16 18 20 21 22 27 28 0
35 36 6 7 38 9 11 12 14 15 18 21 26 27 30 0
1 34 35 4 37 5 39 40 8 11 14 19 23 24 26 0
2 35 5 39 7 9 10 16 17 20 22 23 26 30 31 0
4 37 38 39 6 36 10 14 16 18 21 22 25 27 31 0
34 3 36 5 39 8 10 13 14 20 22 23 26 28 31 0
32 1 34 35 6 7 8 9 11 12 20 23 24 29 31 0
32 1 2 3 6 38 8 11 12 13 15 16 24 27 31 0
33 35 6 38 40 9 11 16 17 19 20 21 23 24 27 0
35 36 4 38 3 8 9 10 12 13 15 21 22 29 31 0
1 2 36 5 40 13 15 16 17 18 20 22 23 25 29 0
2 36 5 6 39 9 10 11 15 16 19 21 24 25 30 0
33 2 34 35 5 6 39 40 9 13 14 17 22 23 31 0
32 3 35 36 6 39 8 10 12 14 17 19 21 26 27 0
32 33 2 34 4 37 38 7 40 9 10 13 14 21 23 0
3 35 37 4 7 40 9 8 16 17 18 21 23 27 29 0
32 1 2 35 37 6 7 15 19 20 21 22 24 28 31 0
33 34 36 37 6 38 40 9 10 11 12 24 29 30 31 0
32 33 2 1 36 4 5 39 7 12 16 21 23 24 31 0
32 3 35 37 7 9 10 11 12 13 14 16 17 23 26 0
33 3 4 37 38 39 10 11 13 15 16 19 22 23 28 0
32 33 34 1 35 39 40 8 12 14 17 23 24 27 31 0
32 36 38 9 10 12 16 17 19 20 21 22 27 29 31 0
1 36 5 37 11 13 16 18 19 20 24 27 28 30 31 0
32 33 2 35 36 37 1 39 7 20 21 22 23 25 30 0
33 34 1 2 38 39 8 7 11 15 17 20 24 25 30 0
32 1 33 35 37 5 7 8 40 12 13 14 15 22 24 0
33 34 37 7 10 12 15 16 20 21 23 24 25 26 28 0
32 1 33 35 5 38 39 40 6 10 11 20 23 24 29 0
33 5 38 7 8 40 39 10 14 15 24 25 27 28 31 0
32 1 2 38 39 9 10 15 16 17 20 21 23 25 31 0
32 1 34 36 5 38 37 4 9 8 10 14 21 23 26 0
33 34 5 39 10 11 12 14 17 18 19 21 23 27 28 0
1 2 3 36 5 7 11 17 18 22 24 26 29 30 31 0
2 3 36 5 40 9 10 17 18 20 21 22 26 27 28 0
1 35 4 3 6 39 38 37 36 13 15 16 21 23 25 0
32 34 35 36 6 40 9 13 17 18 19 22 25 29 30 0
1 35 4 37 7 10 16 17 20 21 22 24 25 28 31 0
33 1 5 7 8 10 12 13 14 15 17 19 20 21 31 0
1 35 3 7 40 14 15 17 18 23 24 25 28 29 31 0
33 34 1 3 37 6 4 40 7 15 18 23 27 28 29 0
1 34 37 38 8 9 10 15 17 18 19 20 21 24 29 0
32 2 3 35 4 38 8 19 20 23 25 27 28 29 31 0
32 33 35 3 4 38 7 6 9 11 14 16 21 23 27 0
32 34 3 35 37 39 9 11 12 16 17 20 27 28 29 0
2 4 37 6 7 12 18 21 22 23 25 26 28 29 31 0
36 38 7 6 10 11 16 17 18 19 20 21 23 25 30 0
1 3 4 5 38 7 40 37 6 13 18 19 21 24 31 0
33 2 35 36 5 38 7 6 4 10 15 17 24 28 29 0
32 1 3 35 7 40 12 19 21 23 25 26 27 28 30 0
1 34 3 36 38 40 13 14 17 20 21 22 25 27 28 0
35 4 37 7 10 11 15 16 17 18 20 21 25 28 30 0
34 35 3 2 6 38 10 15 16 20 22 24 25 30 31 0
32 35 36 38 7 40 9 12 15 17 18 20 24 26 28 0
32 1 33 35 4 5 3 2 10 15 17 21 22 25 30 0
1 2 36 5 38 39 8 13 14 15 17 22 25 27 28 0
2 35 3 4 38 6 39 9 10 12 15 21 22 26 30 0
2 35 36 3 38 5 40 10 14 16 18 19 21 23 25 0
33 35 37 7 8 9 13 16 18 20 21 23 24 25 28 0
1 3 6 7 12 14 15 20 21 22 23 24 26 27 28 0
1 33 35 34 5 7 8 40 10 12 17 18 22 27 29 0
32 2 3 37 6 39 8 12 18 19 24 25 26 28 29 0
34 3 36 6 7 9 11 12 15 16 17 20 24 26 27 0
36 37 5 4 38 40 11 12 18 19 21 23 26 27 28 0
34 36 5 39 8 9 11 13 14 15 16 19 27 29 31 0
32 34 35 36 38 8 9 11 12 14 19 20 23 24 29 0
1 35 38 7 40 14 16 18 19 23 24 25 27 29 30 0
35 36 5 38 39 8 10 13 15 21 23 25 28 29 31 0
32 33 3 37 5 39 7 8 10 11 21 24 26 28 29 0
33 34 3 5 6 39 40 9 10 13 17 19 21 24 26 0
32 2 3 4 38 11 12 15 18 19 20 27 29 30 31 0
1 4 5 7 8 40 12 14 16 20 24 25 26 30 31 0
33 2 35 7 8 40 39 14 15 16 17 18 20 24 31 0
32 3 35 37 5 38 36 40 12 17 23 27 28 30 31 0
1 36 37 9 11 13 14 17 20 22 23 24 26 29 31 0
35 4 37 5 8 9 10 11 12 18 20 21 25 26 27 0
2 36 37 6 8 9 10 12 16 17 21 23 26 27 31 0
32 33 2 5 7 40 8 10 13 15 16 17 20 25 29 0
1 34 3 9 10 11 13 14 15 17 19 25 26 29 30 0
33 2 34 6 7 40 8 11 18 23 24 26 28 29 30 0
32 33 34 4 6 7 9 10 11 12 15 17 19 23 28 0
32 34 35 4 5 37 38 11 17 19 20 21 22 28 31 0
35 4 36 37 7 40 39 10 11 12 13 15 22 25 31 0
32 1 34 4 5 37 7 8 40 15 18 21 26 27 30 0
16 5 0
0
19 0
0
0
9 0
15 0
0
2 35 38 0
0
16 0
24 37 13 0
3 0
33 0
0
8 16 37 0
16 0
0
0
16 9 34 0
35 0
8 6 0
10 0
9 0
1 28 14 0
34 3 0
0
23 0
33 21 0
0
16 0
11 0
39 0
9 36 0
2 23 7 0
3 36 37 0
16 17 29 0
15 0
0
0
28 0
16 9 21 0
35 0
37 29 0
9 0
21 0
8 23 0
0
21 0
0
26 20 0
3 20 0
0
0
16 18 34 37 0
0
0
0
21 0
16 9 3 23 0
33 37 0
0
0
40 0
0
0
16 0
34 3 37 0
35 7 0
0
38 23 0
0
8 0
8 2 20 34 0
26 31 0
25 27 33 31 0
20 28 0
34 0
0
31 0
16 3 21 0
33 13 23 0
37 0
28 0
9 19 0
0
0
0
35 0
0
9 0
0
3 31 0
31 0
3 0
12 0
32 29 0
0
0
40 14 0
3 0
31 0
28 0
23 0
0
9 3 0
35 0
0
25 3 0
0
34 31 0
37 0
27 0
0
29 0
0
25 0
8 4 22 0
29 0
0
2 0
0
8 11 28 30 0
21 0
26 37 0
0
0
19 0
0
0
9 23 0
3 0
18 11 20 0
34 21 0
27 11 36 0
9 3 0
28 0
19 0
6 0
8 16 0
0
0
16 7 0
21 0
0
0
16 7 0
0
0
0
4 2 2 4 3 2 3 4 4 2 3 4 3 3 4 2 4 3 2 2 3 2 4 4 2 4 2 3 4 2 2 4 4 4 3 4 3 4 3 4
