207 189 169
97 130 68 37 6 167 38 10 140 45 77 76 48 18 116 53 86 119 0
65 99 100 101 41 169 80 113 115 85 150 119 87 89 122 123 94 0
153 165 122 134 102 75 16 81 49 17 84 22 89 154 155 158 159 0
132 137 138 140 17 146 148 21 24 29 160 35 53 74 78 92 111 117 123 0
32 160 99 131 135 103 9 75 78 15 80 112 48 51 52 53 88 63 0
133 7 11 142 16 21 22 28 29 165 42 51 67 82 90 101 112 117 125 0
32 129 98 1 121 133 165 7 135 105 11 12 141 77 113 151 89 0
64 129 35 71 42 10 76 77 141 111 43 18 147 115 88 27 124 125 0
139 142 144 17 155 28 35 165 40 48 55 58 59 68 76 81 100 116 126 0
36 166 72 169 168 73 44 77 141 113 82 115 17 23 58 27 94 0
98 2 67 101 70 37 69 106 12 114 51 54 86 122 61 158 95 0
141 14 143 16 150 23 152 155 156 35 164 50 60 71 79 91 94 100 127 0
99 163 6 166 40 41 10 11 13 112 49 114 23 150 151 91 157 0
35 100 5 133 131 104 99 139 44 13 110 142 79 146 126 124 158 159 0
130 141 15 16 19 150 24 25 30 37 45 50 61 66 73 109 115 118 122 0
96 131 132 102 134 39 74 91 28 50 83 52 21 152 154 27 60 61 0
65 3 67 165 134 167 103 74 108 13 45 48 144 146 82 117 94 0
1 137 156 158 32 37 41 55 58 59 79 80 81 89 91 94 103 105 124 0
7 138 139 10 16 22 25 153 155 30 161 52 55 62 74 79 99 104 114 126 127 0
1 56 165 134 103 136 168 39 13 14 117 88 57 154 60 93 126 159 0
1 10 142 148 21 152 29 34 163 35 47 51 54 59 69 88 90 110 119 123 0
11 14 151 29 161 164 36 41 42 48 72 84 94 99 107 108 117 119 120 125 0
1 2 134 7 138 144 149 22 152 25 167 40 63 70 73 93 103 110 119 0
89 153 131 101 167 39 75 123 142 16 114 53 56 25 90 27 156 29 0
1 137 138 16 161 37 166 40 41 44 48 51 57 68 79 82 84 115 123 0
65 66 37 38 102 166 135 140 13 143 118 89 27 92 30 0
96 160 159 131 102 41 43 76 45 80 81 114 21 57 122 27 31 0
133 139 144 22 151 29 31 160 166 168 62 70 79 100 104 107 109 117 124 0
128 34 101 6 43 140 13 47 146 51 149 54 26 59 28 62 0
34 68 154 7 135 11 75 13 79 17 115 118 153 58 27 60 29 0
33 99 3 134 102 103 138 28 145 82 17 116 87 57 59 92 63 0
129 2 6 134 138 18 147 20 31 162 51 59 77 80 82 89 93 95 108 116 0
162 98 4 69 66 3 12 45 17 51 19 117 90 91 156 126 127 0
160 3 132 101 134 72 73 75 107 12 44 49 18 113 84 90 125 0
32 162 66 4 164 6 71 36 9 46 49 149 86 150 24 28 61 159 0
98 164 134 70 75 44 110 47 124 86 119 22 151 27 156 95 63 0
4 133 9 152 24 27 155 162 163 166 41 61 62 63 65 71 95 109 116 0
128 4 16 147 22 23 33 167 40 54 69 70 73 78 81 82 88 114 123 127 0
1 129 4 8 144 21 156 32 43 44 77 90 96 108 115 118 121 123 127 0
32 98 35 38 7 168 73 103 107 12 44 110 146 147 116 55 119 61 0
160 1 99 36 37 134 71 9 73 12 44 80 112 145 57 122 0
1 2 3 66 4 135 8 71 81 146 83 116 85 150 23 121 154 93 0
129 4 139 12 142 18 146 28 162 45 50 72 75 76 95 116 118 121 126 0
128 153 4 69 38 166 168 43 45 78 112 113 145 49 83 53 121 26 0
133 138 30 33 40 41 43 50 54 59 67 72 75 97 100 101 111 115 120 0
128 4 5 134 7 138 141 148 26 27 163 169 43 74 81 83 110 114 122 0
131 4 5 9 15 16 147 155 159 32 43 47 77 78 83 88 97 118 120 124 0
64 128 99 132 5 133 167 71 137 42 105 46 18 83 24 25 91 63 0
32 36 37 165 71 72 136 135 11 106 13 5 40 113 118 24 121 127 0
97 33 100 165 166 7 42 46 143 81 50 18 49 53 22 58 62 0
4 132 22 25 28 157 161 54 56 61 67 68 69 70 72 73 75 91 103 106 122 0
96 89 162 36 90 166 38 135 137 76 13 47 118 121 154 158 0
129 130 6 7 140 141 142 145 146 20 35 44 61 64 74 93 108 109 126 0
96 97 36 166 135 134 6 74 139 136 109 111 48 49 15 61 55 125 0
34 35 70 7 104 137 134 139 111 48 49 146 115 54 89 93 0
66 36 69 102 103 10 42 60 15 49 17 51 52 55 24 153 124 29 0
98 163 130 101 166 134 71 109 79 16 146 83 86 150 58 124 62 0
32 160 65 26 162 165 167 42 10 110 81 117 87 90 59 124 157 30 0
131 5 6 143 148 150 151 162 34 168 49 61 80 85 99 106 110 117 119 0
96 3 131 69 166 134 43 76 113 117 89 154 59 61 25 57 0
56 69 70 122 102 133 105 166 48 53 22 54 117 121 26 59 149 0
160 162 132 165 133 167 166 72 138 46 17 93 53 117 62 125 126 31 0
2 135 15 18 24 158 163 36 42 59 79 80 83 97 104 112 113 116 118 0
132 136 11 17 167 47 53 56 66 70 77 79 80 82 94 95 97 104 124 0
133 134 153 26 156 28 30 31 33 168 41 56 69 72 74 75 77 82 107 0
121 130 99 90 39 44 141 14 111 143 51 83 22 24 153 58 31 0
32 33 99 37 138 75 15 80 49 18 114 51 86 88 25 125 95 127 0
130 132 12 144 147 24 153 26 158 64 78 80 85 88 91 99 111 120 127 0
128 161 163 134 72 11 139 14 78 144 145 46 15 86 23 31 157 95 0
64 130 58 69 38 166 136 9 100 78 110 48 115 83 87 88 56 159 0
98 4 133 70 132 168 9 108 77 45 31 17 53 86 26 127 63 159 0
130 131 135 138 10 11 144 28 31 32 166 168 42 44 73 80 103 123 124 0
32 1 162 3 33 101 103 7 39 107 140 109 14 111 86 22 121 29 0
128 5 11 139 15 16 18 23 25 42 49 63 68 84 90 109 117 123 125 0
160 96 64 69 167 136 40 74 10 109 78 47 86 89 57 93 159 0
128 1 9 11 150 31 34 38 46 47 56 60 61 62 71 73 97 113 123 0
11 140 144 22 55 56 79 80 88 91 96 97 98 103 104 114 116 121 125 0
161 98 163 66 7 137 73 139 11 78 46 143 81 116 53 90 155 29 0
160 65 35 67 69 134 71 5 11 79 145 83 52 85 150 147 88 93 0
97 98 99 163 133 165 71 103 135 7 40 47 150 22 121 26 0
129 132 135 12 14 153 25 29 157 163 56 58 60 69 76 79 83 91 122 0
160 97 162 67 164 133 166 7 41 112 113 114 115 84 123 61 62 63 0
2 66 100 7 72 135 8 137 167 46 143 47 149 151 31 0
164 133 70 73 138 11 42 48 82 19 23 53 118 149 150 121 28 62 0
4 10 142 155 158 159 34 162 165 54 58 65 67 75 80 81 84 91 116 0
3 163 7 167 39 10 75 12 28 84 21 87 119 56 94 156 126 127 0
97 133 102 103 135 9 90 72 108 141 142 146 85 21 122 27 124 127 0
163 67 165 102 3 104 41 72 45 79 51 84 152 121 154 60 125 25 0
1 10 11 139 142 143 154 155 28 158 162 35 36 58 85 103 111 113 123 0
128 33 130 1 165 8 73 27 11 45 13 48 49 114 116 152 26 91 0
2 67 164 101 105 74 43 76 110 112 19 149 85 23 54 25 21 95 0
128 139 14 143 17 25 26 29 158 31 36 40 58 59 60 64 80 95 101 0
160 98 37 7 8 71 103 137 135 80 51 20 24 155 125 126 159 0
97 163 133 7 137 105 73 12 141 110 111 47 49 146 119 122 0
163 36 164 38 103 6 100 138 166 44 77 142 53 86 150 56 69 158 0
7 139 16 23 152 29 167 51 53 59 61 62 63 67 68 74 80 85 110 119 0
161 36 101 68 104 169 74 44 108 14 143 48 47 150 86 157 94 31 0
89 33 66 130 68 4 38 128 138 76 78 15 144 113 146 25 158 63 0
2 131 130 148 22 152 25 24 157 163 42 58 59 60 64 85 98 108 117 120 0
67 4 133 134 71 6 101 103 75 46 124 147 149 24 90 27 28 158 0
98 100 133 70 71 104 169 103 164 44 168 146 55 23 151 90 120 0
128 142 18 24 25 26 28 37 166 165 169 55 73 82 87 95 106 109 127 0
97 35 163 99 67 105 76 110 79 113 85 150 117 120 153 88 28 31 0
3 4 6 16 26 31 33 164 41 51 60 62 76 87 92 93 101 106 117 0
2 133 136 144 151 152 160 162 35 42 44 51 54 60 64 71 77 82 88 0
140 14 15 22 25 155 156 57 72 76 81 83 85 94 101 105 110 119 124 0
32 129 3 5 74 45 110 79 112 111 49 46 52 85 51 123 157 158 0
128 121 153 130 163 32 160 72 106 140 12 144 82 147 89 122 123 62 0
128 129 132 4 7 135 16 24 153 35 166 49 86 89 106 110 118 119 122 0
160 163 70 103 169 42 137 141 79 80 81 18 145 116 21 19 20 94 0
1 11 139 16 144 21 25 27 164 42 57 58 64 79 84 90 93 97 106 108 0
128 131 164 5 70 40 73 107 108 14 78 17 50 19 116 118 86 56 0
131 5 8 139 13 16 26 154 158 31 161 33 164 60 76 87 103 109 127 0
128 133 138 10 144 26 156 29 158 164 61 70 83 91 94 103 106 110 120 126 0
133 166 103 105 137 75 106 15 111 147 148 115 86 83 88 24 123 120 0
33 34 67 162 163 1 66 168 134 161 100 65 79 63 58 127 93 159 0
96 130 72 136 10 108 45 46 44 47 16 51 53 55 92 94 63 0
67 5 136 41 169 44 14 48 145 114 115 113 148 150 87 57 154 0
3 132 14 17 148 22 23 151 152 26 28 165 40 63 66 77 101 109 110 0
64 161 130 69 101 133 40 42 107 12 78 110 51 116 24 59 60 29 0
6 138 139 147 149 24 25 33 164 62 68 72 88 93 98 99 102 116 123 124 0
65 132 102 70 111 16 145 114 51 84 118 151 121 122 92 125 0
100 133 90 71 167 137 40 10 79 112 17 144 89 154 127 159 0
102 103 8 41 77 114 146 52 85 150 149 120 154 88 94 159 0
128 13 148 153 26 156 158 159 32 33 37 53 55 64 83 102 106 118 125 0
32 160 35 100 90 165 5 40 138 108 45 142 79 118 25 58 155 31 0
3 134 136 9 14 23 151 152 24 44 49 61 62 71 96 108 109 119 127 0
129 161 1 35 37 165 39 77 47 112 86 118 89 154 158 57 0
160 97 130 131 159 69 106 139 12 76 46 145 49 93 89 61 62 95 0
90 134 167 104 73 139 12 45 141 112 49 80 20 122 91 156 0
4 133 132 7 145 25 26 153 154 27 158 162 36 81 82 83 104 114 118 0
130 67 101 133 70 154 137 72 12 14 16 124 146 53 88 153 122 60 0
37 102 39 136 165 43 45 110 48 18 116 30 24 59 60 61 94 31 0
65 34 35 134 166 6 41 74 18 20 149 151 154 27 60 125 0
129 5 15 16 20 22 154 28 163 168 47 48 50 54 61 90 92 101 104 109 119 0
1 130 132 11 14 149 151 24 153 26 162 44 46 54 55 72 85 109 121 0
128 2 3 138 16 145 21 153 31 162 168 43 66 67 71 72 76 92 94 121 0
16 151 153 154 155 158 166 53 60 62 66 67 73 75 91 105 120 121 124 127 0
128 66 68 165 135 105 10 139 109 46 141 79 50 147 82 117 22 157 0
128 2 4 149 24 153 162 166 169 48 59 71 79 88 93 104 107 110 111 116 122 0
1 35 164 37 166 39 138 46 14 48 114 21 117 151 57 154 27 0
128 131 165 103 168 40 106 11 39 45 142 15 144 114 86 150 58 0
34 99 165 105 137 140 60 21 118 87 24 121 54 123 28 25 57 0
1 65 2 134 102 38 137 106 7 71 109 141 8 112 114 83 115 28 0
97 65 1 99 69 163 169 9 137 73 17 114 85 149 59 124 159 0
66 103 11 12 45 109 142 112 47 82 115 149 87 152 56 91 159 0
1 101 5 37 104 73 42 106 44 79 80 20 53 24 154 155 92 125 0
2 4 10 141 13 17 20 28 159 46 56 67 68 81 82 86 87 104 126 0
96 1 121 99 68 129 70 7 104 167 47 79 145 82 19 120 57 0
128 130 9 139 11 150 24 25 53 55 71 77 78 79 80 84 88 102 118 119 0
97 26 135 136 9 138 74 140 142 111 60 119 56 153 154 124 94 63 0
130 66 35 101 103 8 136 43 12 141 107 47 48 148 116 85 21 29 0
65 132 4 38 103 72 104 73 12 46 112 147 149 150 122 92 95 0
1 7 10 142 15 143 20 21 165 38 60 62 63 68 83 89 91 93 102 119 0
67 165 102 154 41 106 139 9 48 82 115 84 55 58 91 157 95 31 0
64 97 2 131 110 111 48 145 115 150 120 121 154 158 92 94 63 0
64 96 162 67 68 70 71 8 136 9 7 83 84 87 55 24 29 94 0
68 37 38 44 31 12 110 108 92 146 79 60 140 121 124 61 63 0
89 162 165 9 169 75 12 41 143 16 51 85 25 154 91 62 63 0
128 1 4 13 141 149 158 160 35 43 57 82 88 94 95 98 108 113 124 0
135 141 15 144 145 146 148 29 168 45 70 82 88 94 103 107 111 122 125 0
163 135 40 9 10 45 127 60 112 48 53 54 149 117 154 91 31 63 0
3 14 21 22 25 160 166 48 82 85 88 92 94 97 100 102 105 109 111 124 0
33 2 68 100 4 169 105 44 45 46 145 146 19 20 113 58 62 0
65 33 99 165 135 105 41 138 139 49 50 146 18 17 56 153 91 30 0
129 163 68 69 6 103 40 142 17 20 85 116 23 88 91 124 157 159 0
3 4 133 13 14 22 159 38 169 47 48 51 56 66 78 97 100 115 127 0
10 15 17 21 152 24 156 161 162 164 37 40 169 64 66 70 74 106 112 127 0
4 27 9 73 43 76 14 145 146 114 115 53 49 55 119 123 62 95 0
32 129 2 163 3 101 102 5 141 78 156 113 84 116 52 89 92 0
34 163 165 102 39 78 112 49 50 17 21 23 152 25 26 31 0
128 67 164 163 167 40 41 107 45 113 146 84 149 121 90 27 124 0
130 4 143 168 73 76 77 82 87 94 95 99 103 104 107 109 116 118 124 0
64 3 35 165 102 73 138 11 144 23 21 86 87 150 90 63 0
2 136 14 16 20 24 154 29 30 162 41 73 74 103 111 115 118 121 126 0
101 70 103 40 165 11 144 112 51 55 54 118 56 27 92 95 63 0
32 130 67 70 166 72 9 109 45 47 18 147 62 121 126 93 30 127 0
2 131 133 165 135 40 169 109 77 79 143 17 50 45 22 88 57 127 0
72 9 42 75 169 142 143 47 17 146 21 150 22 26 124 93 95 127 0
2 4 20 25 27 157 32 166 48 59 67 82 89 90 92 96 108 118 121 0
64 69 103 40 72 42 76 14 111 47 17 18 81 152 153 60 62 0
65 66 129 102 138 139 45 80 48 18 147 116 117 21 23 51 94 31 0
160 129 130 35 68 36 76 45 110 77 112 20 23 87 88 94 63 0
32 97 131 67 5 70 103 135 40 35 37 137 110 80 114 56 25 124 0
128 32 98 99 67 39 168 42 75 108 13 114 82 116 117 86 57 0
32 4 37 70 102 71 39 138 10 40 5 112 48 22 87 88 90 156 0
67 70 40 9 106 12 45 78 14 82 150 120 57 26 60 125 159 0
33 35 5 101 72 40 105 111 17 119 23 87 55 30 156 29 158 63 0
1 131 138 14 16 28 29 158 32 162 36 165 168 47 55 71 86 115 120 0
96 128 101 70 167 78 80 81 156 53 85 124 0
134 135 146 84 30 0
34 36 167 169 14 17 148 87 122 0
5 138 11 76 141 78 111 50 18 120 91 28 0
34 3 100 6 121 91 92 125 0
40 11 79 112 115 62 0
99 70 136 169 11 108 113 0
102 136 109 141 112 155 0
67 137 145 56 158 0
32 131 37 70 134 73 119 155 60 0
129 68 4 13 47 91 0
131 68 38 39 104 13 109 158 159 0
165 12 112 114 52 118 125 62 0
98 163 164 139 12 82 146 148 27 127 0
99 139 143 148 85 152 121 124 95 0
159 137 92 111 0
153 10 148 29 0
106 44 140 145 18 23 31 0
161 169 139 118 87 86 57 158 31 0
67 35 99 166 142 83 148 152 126 59 157 30 0
125 21 63 0
161 68 101 69 168 16 145 150 95 0
3 167 111 118 25 0
38 166 110 146 51 19 84 87 55 123 0
64 67 42 48 146 53 55 57 28 0
134 107 114 150 30 0
67 163 143 50 146 123 93 0
2 35 103 74 106 77 46 114 120 0
161 38 39 169 42 74 108 45 109 123 147 55 152 153 59 93 0
5 70 71 76 79 150 123 0
36 100 74 141 142 50 121 61 30 0
1 2 161 102 105 52 153 0
159 2 99 165 166 109 45 127 0
101 133 17 56 89 0
40 72 139 108 78 111 53 85 29 126 0
34 70 71 134 75 143 116 23 155 0
97 36 71 136 76 52 21 54 119 123 92 126 0
140 142 82 147 23 148 55 0
33 129 131 37 47 81 25 0
68 164 139 152 89 27 92 0
8 106 60 126 0
32 96 37 12 141 114 126 27 30 0
69 71 10 77 78 47 82 21 22 119 149 58 0
42 76 79 144 146 147 87 27 60 0
76 84 117 22 122 0
1 168 42 107 12 80 82 87 156 0
161 2 37 42 77 26 123 92 126 0
8 48 144 148 53 22 0
106 109 111 82 84 87 60 29 0
118 95 39 0
32 71 62 15 0
98 9 105 141 110 16 81 117 149 88 90 0
129 130 168 137 50 22 121 30 31 0
67 73 106 138 169 47 145 146 149 86 119 124 0
65 42 140 13 14 48 85 86 0
39 140 111 143 84 121 154 28 0
4 132 71 10 115 88 0
160 35 74 106 145 19 53 119 0
97 36 105 44 143 81 146 117 56 121 154 124 152 95 0
130 3 135 110 115 153 90 0
1 35 38 82 156 0
1 130 39 104 9 141 152 91 0
129 101 6 9 13 144 145 51 91 92 0
99 36 37 169 108 51 21 120 153 0
36 41 106 111 50 52 153 156 29 0
32 67 100 5 10 91 138 141 46 83 150 122 59 0
33 34 104 74 11 148 58 92 93 94 0
130 72 105 11 80 24 25 0
128 45 83 53 22 121 122 30 0
166 74 45 86 25 123 94 0
160 35 42 91 140 46 15 110 148 118 27 157 0
129 163 75 14 124 0
162 113 58 168 0
89 128 99 4 132 8 45 25 159 0
99 73 9 105 76 82 84 53 119 152 29 159 0
129 161 68 5 141 82 57 91 0
4 70 102 44 14 84 21 118 148 57 123 0
133 111 48 114 146 147 157 0
136 42 109 118 23 151 92 158 0
67 122 44 48 19 52 24 26 27 0
137 130 59 138 0
161 98 134 74 139 44 77 0
135 104 47 50 19 151 0
7 74 13 141 111 48 17 51 148 86 87 0
163 102 142 81 53 55 56 88 61 0
65 161 99 76 81 84 93 158 31 0
32 132 69 40 55 93 63 0
160 165 103 12 13 92 0
32 89 97 76 17 81 145 85 54 25 0
102 41 10 110 82 53 117 0
138 109 77 47 121 31 0
2 36 132 6 103 48 81 50 115 158 0
128 160 159 0
9 106 27 143 0
162 134 167 44 17 18 0
33 8 137 78 79 115 149 150 120 157 62 0
161 34 67 68 102 169 16 147 55 153 157 0
2 164 27 144 114 22 152 57 91 126 159 0
3 164 39 72 41 167 107 12 139 46 79 117 150 25 58 0
1 41 75 14 24 89 154 120 0
160 66 167 140 79 88 25 57 125 94 63 0
4 5 165 105 49 19 118 157 93 0
160 35 132 169 46 79 88 57 59 152 0
1 33 134 39 137 74 112 90 0
137 82 0
3 132 167 40 10 46 50 19 147 53 86 55 28 0
96 161 70 77 14 90 123 0
104 12 152 0
128 162 165 167 86 156 63 0
136 10 0
96 67 165 104 46 79 17 23 24 0
99 4 37 36 132 40 133 163 11 75 22 86 57 0
91 83 35 23 0
66 35 4 134 76 13 151 24 0
2 34 68 99 103 142 119 24 122 59 152 0
64 161 167 150 153 90 0
4 6 105 18 119 87 0
96 68 166 142 49 145 146 118 127 31 0
131 163 39 139 45 48 82 146 24 93 0
130 35 100 5 7 75 107 45 139 84 150 121 0
66 163 164 110 144 19 23 0
81 87 25 91 95 0
96 129 10 42 79 153 91 95 0
134 166 14 144 114 115 24 88 0
32 65 162 164 69 39 8 137 76 154 0
66 169 149 119 90 62 0
64 129 160 101 7 168 42 108 111 115 53 26 0
153 103 14 147 57 63 0
66 67 132 105 142 151 88 121 0
161 2 130 11 82 24 0
33 66 163 36 10 155 48 112 24 27 0
96 76 112 94 0
1 149 22 79 0
39 81 145 120 121 59 126 0
128 167 73 105 138 76 140 46 143 112 51 119 21 85 55 118 159 0
121 69 165 72 139 12 46 18 146 21 89 0
160 161 41 42 75 82 31 0
160 154 73 44 45 76 22 90 155 125 0
96 34 165 75 77 110 125 86 24 153 29 0
1 66 163 136 143 81 113 51 93 147 24 61 62 0
97 129 136 73 13 143 80 144 26 157 0
130 133 136 50 19 86 151 126 0
1 137 11 75 141 83 23 57 155 25 159 0
128 35 8 73 83 55 0
100 42 139 117 27 0
67 4 101 164 13 115 84 85 149 87 122 0
96 153 67 36 41 11 12 107 148 121 91 62 0
128 1 66 98 162 163 70 165 8 112 145 58 0
137 42 46 142 149 29 63 0
32 66 165 137 109 78 80 58 59 0
164 77 144 120 154 0
34 67 66 141 47 85 88 123 159 0
64 67 104 136 12 60 63 0
161 109 111 20 53 54 89 27 62 0
132 7 8 106 110 112 85 89 31 0
72 163 140 109 0
37 103 169 14 47 53 57 158 62 0
2 99 101 165 139 16 149 23 94 0
67 136 42 51 55 124 0
3 69 59 144 25 123 0
128 67 68 69 164 107 76 78 110 0
35 99 39 105 139 76 14 146 84 85 0
50 165 95 0
65 134 9 44 143 82 148 151 57 90 124 95 0
32 128 162 135 168 12 77 14 110 80 155 115 150 154 27 60 0
66 102 168 42 12 140 156 123 60 0
37 69 5 73 110 111 49 94 0
89 34 68 5 7 154 12 117 120 57 122 91 61 0
8 91 119 123 63 0
100 101 72 118 121 91 62 0
130 8 41 76 110 53 120 63 0
128 1 129 130 153 37 163 77 141 142 82 55 57 28 0
69 166 107 115 21 124 62 31 0
169 10 0
130 39 40 139 112 57 0
36 164 140 85 25 158 0
132 167 77 110 150 151 154 156 0
129 100 134 45 112 22 118 26 0
32 3 67 168 41 83 117 54 152 89 63 31 0
12 141 16 49 144 23 120 91 29 63 0
9 13 15 0
64 96 101 167 104 142 50 53 87 24 124 31 0
1 2 67 101 142 113 82 84 117 126 30 0
129 2 139 115 86 23 152 158 0
7 77 46 109 48 84 0
129 98 164 75 141 84 21 151 30 0
66 67 37 167 142 48 118 87 0
65 102 10 106 111 117 27 28 0
100 153 26 155 158 0
66 102 72 107 47 144 57 95 0
163 138 45 87 24 29 0
160 5 18 87 120 25 154 123 92 0
161 38 169 106 83 148 0
64 103 79 47 85 0
33 34 161 39 148 21 22 124 0
1 99 37 70 104 169 12 77 16 115 120 27 158 0
159 65 5 154 113 152 58 59 63 0
131 163 105 14 145 54 23 150 89 158 151 0
102 108 143 23 120 121 0
74 75 147 122 63 0
64 1 97 76 141 86 60 0
32 12 149 88 121 120 0
2 42 18 21 149 58 0
2 8 72 144 17 152 62 0
64 128 34 4 37 132 165 14 50 152 125 0
1 3 43 14 51 84 26 0
33 161 111 50 148 154 63 0
2 2 2 2 2 4 3 4 4 2 2 4 4 3 2 2 4 4 4 3 2 2 4 2 2 4 4 2 2 2 3 3 2 4 4 3 4 2 4 3 2 4 3 4 3 4 4 2 4 3 4 4 2 3 2 3 4 4 2 2 2 3 4 3 4 4 3 3 4 3 2 3 3 3 2 4 2 3 3 3 2 2 2 3 3 4 4 2 4 3 2 4 2 3 2 4 2 4 3 3 3 4 3 3 4 3 4 2 2 2 4 4 4 4 4 3 3 3 2 4 4 4 2 2 3 3 2 3 2 3 3 2 4 4 4 3 4 2 2 3 2 3 4 3 3 4 3 2 4 4 3 2 2 4 2 4 2 2 3 3 2 2 3 2 4 3 4 2 2
