75 50 20
1 3 4 5 8 9 10 11 12 13 14 15 17 18 19 0
1 2 4 5 6 7 10 11 13 14 16 17 18 19 20 0
1 2 5 6 7 9 11 12 13 15 16 17 18 19 20 0
3 4 5 6 7 8 9 11 12 13 14 15 16 17 20 0
1 2 4 5 6 7 9 11 12 13 15 16 17 18 19 0
1 2 3 5 6 7 8 9 11 12 13 14 15 18 19 0
1 2 3 4 5 6 7 8 9 12 13 14 16 19 20 0
1 2 4 5 6 7 9 12 14 15 16 17 18 19 20 0
2 4 5 6 7 8 9 10 11 12 14 15 16 17 19 0
2 3 4 5 6 7 8 9 10 12 15 17 18 19 20 0
1 4 5 6 7 8 9 10 11 12 13 14 16 17 19 0
2 3 5 6 8 9 10 11 12 13 14 17 18 19 20 0
1 2 3 4 5 8 9 11 12 13 14 15 16 18 19 0
2 3 4 5 6 7 9 10 11 12 14 16 17 19 20 0
1 2 3 4 5 7 11 12 13 14 15 16 17 18 20 0
1 2 3 5 6 7 8 9 10 13 14 15 17 18 19 0
1 3 4 7 8 9 10 11 13 14 16 17 18 19 20 0
1 2 3 5 6 7 9 10 11 12 13 14 16 17 19 0
2 3 4 5 6 7 8 9 10 11 12 14 15 17 20 0
1 4 5 6 7 8 9 10 12 14 16 17 18 19 20 0
2 3 4 5 6 7 8 9 10 11 12 14 17 19 20 0
3 4 5 6 7 9 10 13 14 15 16 17 18 19 20 0
1 2 5 6 7 8 9 10 12 14 15 17 18 19 20 0
1 2 3 5 6 7 9 10 11 12 14 15 17 18 20 0
1 2 3 4 6 7 9 11 12 13 14 16 17 18 20 0
1 2 3 4 5 7 8 9 10 11 13 14 16 17 19 0
1 2 3 5 6 7 8 10 11 12 13 16 17 18 20 0
1 2 3 4 5 7 8 11 12 13 14 15 16 17 18 0
1 2 3 4 5 6 7 8 10 11 12 13 14 17 18 0
1 2 3 7 8 9 10 11 12 15 16 17 18 19 20 0
2 3 4 5 6 8 9 10 11 12 16 17 18 19 20 0
1 2 3 4 6 7 10 11 12 14 15 16 18 19 20 0
1 2 3 4 5 6 9 10 11 12 13 14 15 17 20 0
2 3 5 6 7 9 10 11 12 14 15 17 18 19 20 0
2 4 5 7 8 9 10 11 12 13 14 15 16 18 19 0
1 2 4 5 7 9 10 11 13 14 16 17 18 19 20 0
1 2 3 4 5 8 9 10 11 12 14 17 18 19 20 0
2 3 6 7 8 9 10 12 13 14 15 16 17 18 20 0
1 2 3 4 5 7 8 9 11 12 14 15 16 19 20 0
2 3 4 6 7 9 10 12 13 14 16 17 18 19 20 0
1 2 3 4 5 7 8 11 12 13 14 15 17 19 20 0
1 2 3 4 6 7 8 9 10 11 14 16 17 18 19 0
1 2 4 6 7 8 9 10 13 14 15 16 17 18 19 0
1 3 4 5 6 8 10 11 12 13 14 16 18 19 20 0
1 2 3 7 8 9 11 13 14 15 16 17 18 19 20 0
1 2 3 4 6 7 8 9 10 11 13 14 16 18 20 0
1 2 4 5 7 8 9 10 11 12 13 15 16 17 20 0
2 3 4 5 6 8 9 10 12 13 15 17 18 19 20 0
1 2 3 4 5 6 7 10 12 13 15 16 17 18 19 0
1 2 3 4 5 6 9 10 11 12 13 15 17 18 20 0
0
19 15 0
2 0
10 0
0
6 0
0
20 0
0
6 0
18 0
0
5 0
4 0
10 0
0
0
0
8 11 0
7 0
1 0
10 0
10 14 0
0
17 0
6 0
0
3 0
18 0
11 14 0
0
11 6 0
12 0
17 4 0
1 11 0
16 17 20 0
7 0
18 0
2 0
0
2 12 0
8 0
12 0
18 0
19 0
19 0
11 0
0
1 0
2 20 0
5 0
0
12 0
0
18 0
15 7 0
12 0
0
0
0
8 10 0
11 0
16 0
2 13 0
14 15 0
9 3 0
0
4 0
0
0
8 16 3 0
0
0
0
3 0
4 3 3 3 4 2 4 3 2 2 3 3 3 2 2 2 2 4 3 2
