300 200 80
1 35 67 5 38 68 72 74 43 10 13 79 57 29 62 0
33 1 37 40 10 12 77 14 45 78 50 19 51 22 57 0
32 67 36 68 38 70 72 10 77 14 47 17 57 60 25 0
66 27 41 42 43 14 15 80 78 19 51 22 24 59 60 0
32 64 2 69 38 70 5 39 74 42 14 51 21 28 61 0
64 4 37 6 69 10 43 76 79 18 54 55 24 27 63 0
64 2 67 69 70 5 28 46 15 19 20 52 60 61 62 0
64 65 33 67 68 7 72 9 41 39 73 15 21 22 24 0
1 67 36 69 11 43 28 79 18 19 55 24 26 31 63 0
65 4 8 72 41 42 80 49 50 17 54 56 57 61 62 0
33 3 69 71 11 12 75 43 79 80 52 21 24 58 30 0
32 33 36 4 39 72 8 42 40 13 77 19 52 53 55 0
33 34 3 7 8 42 44 46 79 50 51 20 52 22 59 0
32 66 26 70 41 74 10 9 77 79 50 18 54 58 27 0
34 3 7 42 74 75 77 78 43 45 49 14 19 22 55 0
1 68 37 6 4 73 78 15 48 20 56 57 58 27 30 0
33 3 4 5 40 41 10 74 49 18 55 23 59 61 62 0
34 35 6 70 9 10 76 77 45 80 56 27 28 63 31 0
2 3 66 41 75 13 78 51 53 23 24 57 58 59 28 0
64 66 37 38 9 42 75 12 13 51 55 23 24 26 27 0
69 38 9 74 43 76 77 45 48 52 22 62 57 59 30 0
36 4 38 39 7 69 10 13 45 48 49 50 19 56 25 0
3 4 37 72 45 14 78 77 15 18 19 52 27 30 63 0
2 4 69 73 76 13 78 14 53 54 24 57 58 61 62 0
32 66 69 38 44 13 45 80 17 20 53 62 58 30 63 0
64 35 36 7 40 73 10 41 76 42 46 15 50 21 54 0
67 68 38 70 6 8 12 45 14 49 51 52 55 24 26 0
32 66 70 7 40 42 75 14 15 80 49 19 59 63 31 0
64 33 3 7 74 42 78 14 46 15 24 56 27 28 61 0
32 1 66 37 5 71 43 77 15 53 21 62 28 30 31 0
64 1 71 9 73 45 78 16 19 20 54 55 25 59 57 0
34 38 39 40 74 13 78 79 77 49 51 26 27 60 29 0
68 8 73 10 43 76 44 14 41 49 51 20 21 22 58 0
33 3 69 70 8 41 74 12 79 17 49 53 25 29 62 0
1 36 39 7 73 41 75 44 60 15 17 19 20 28 29 0
33 66 6 72 41 42 77 46 45 48 78 20 26 31 63 0
64 32 40 8 73 72 44 45 46 15 80 51 58 27 60 0
32 66 35 36 6 39 41 42 75 80 18 52 21 24 63 0
64 65 33 1 36 7 39 40 44 13 76 49 57 58 28 0
1 2 67 68 66 72 41 74 8 12 44 76 58 27 28 0
66 36 37 58 40 9 77 46 15 80 52 21 24 25 26 0
66 67 4 37 35 70 8 75 12 45 44 16 52 29 30 0
66 36 68 69 8 44 46 17 18 49 21 56 58 29 63 0
32 33 34 2 35 11 12 44 75 15 48 49 50 45 28 0
34 3 68 10 42 12 46 16 49 18 20 24 26 27 31 0
33 2 66 68 7 8 9 72 11 75 13 48 57 58 27 0
65 66 2 5 38 41 73 12 78 49 56 25 58 29 63 0
2 34 5 72 9 41 12 45 13 79 14 50 58 30 63 0
66 5 38 39 71 8 40 69 44 78 18 20 57 59 28 0
4 68 5 39 76 78 79 15 52 54 55 56 58 31 63 0
64 1 66 8 73 41 42 40 47 61 20 21 29 62 63 0
65 66 33 38 73 41 11 78 80 49 51 55 56 57 60 0
66 4 68 69 7 8 9 42 75 76 10 15 55 56 62 0
65 66 67 68 7 8 9 77 46 50 20 52 54 22 23 0
2 5 6 73 10 44 76 12 79 52 21 54 55 26 27 0
32 1 65 3 8 9 74 73 46 15 53 54 22 55 26 0
33 67 36 37 38 4 72 41 12 13 47 50 52 57 28 0
64 2 35 67 5 37 34 3 66 44 19 62 28 30 31 0
66 36 68 69 72 9 74 41 63 61 53 56 60 29 31 0
65 67 4 5 6 70 27 73 42 13 51 22 59 28 62 0
64 66 35 3 41 42 73 78 15 14 18 52 29 30 63 0
64 33 2 37 69 40 10 43 44 52 23 57 29 62 31 0
32 38 72 74 42 76 46 14 47 20 52 55 56 57 63 0
64 65 4 69 70 41 9 76 46 17 53 22 54 59 29 0
32 34 35 5 71 42 43 11 13 77 80 18 21 23 26 0
65 67 35 69 70 7 72 71 42 12 48 54 57 60 61 0
32 38 39 10 77 78 16 48 18 51 17 53 23 59 62 0
32 33 64 35 69 41 9 44 45 47 18 19 22 58 63 0
67 36 5 6 75 12 46 48 17 52 54 23 61 62 63 0
32 33 34 67 69 39 7 75 12 76 78 47 15 59 28 0
1 4 69 6 39 36 41 10 73 27 13 15 21 54 59 0
65 67 3 37 39 71 9 42 41 11 80 48 19 53 54 0
1 26 36 5 37 7 10 14 79 80 51 54 23 24 58 0
32 33 3 6 71 74 10 46 15 47 17 50 24 30 63 0
32 5 38 8 27 75 80 17 50 21 54 22 58 59 28 0
32 65 1 66 38 71 75 76 45 78 79 50 52 58 63 0
33 34 68 7 72 41 74 45 77 80 25 26 27 60 31 0
65 3 35 72 41 42 43 46 78 48 17 49 80 24 63 0
32 33 37 7 41 10 73 75 77 45 15 44 55 26 29 0
2 66 69 70 38 71 39 74 76 14 78 49 51 52 63 0
2 3 71 8 40 10 76 77 15 47 18 54 23 25 60 0
64 33 3 37 72 76 13 14 18 19 21 55 24 28 31 0
1 3 35 36 6 71 40 39 47 16 18 53 27 61 62 0
66 4 68 38 75 12 13 14 77 52 26 27 28 30 63 0
66 34 4 7 74 45 15 49 19 20 55 23 24 57 62 0
65 2 35 66 37 70 40 77 45 49 53 24 57 58 29 0
64 33 66 70 6 73 10 15 49 21 24 57 58 27 31 0
35 5 6 71 9 41 48 80 52 21 24 57 27 29 63 0
33 2 5 38 39 69 73 70 75 43 16 19 23 57 25 0
34 36 38 71 73 43 44 77 78 80 49 53 56 58 63 0
1 35 4 40 73 9 11 44 13 49 52 22 55 56 60 0
33 3 69 70 8 9 75 78 17 20 22 56 24 27 63 0
32 37 69 5 72 9 10 76 16 48 50 17 52 21 63 0
2 3 67 68 4 72 74 11 44 14 17 52 53 26 62 0
2 70 43 11 13 45 48 52 53 55 56 62 60 61 30 0
65 34 67 26 69 70 40 9 45 17 23 25 58 30 31 0
66 4 6 73 11 75 79 48 18 50 53 57 59 60 62 0
64 66 4 37 6 69 5 70 7 63 20 53 27 61 31 0
3 70 42 75 76 43 78 80 51 52 22 26 27 29 30 0
1 66 2 65 7 42 78 19 54 55 56 57 58 60 61 0
64 65 38 39 77 78 80 16 50 20 54 27 60 29 31 0
65 36 5 6 38 8 42 15 16 17 80 50 24 27 28 0
5 38 72 41 42 10 45 79 48 18 53 56 59 28 31 0
66 68 59 10 11 47 80 48 51 53 22 57 27 29 30 0
2 38 12 13 45 77 80 48 51 52 21 22 23 25 58 0
65 2 36 43 12 45 76 79 47 78 18 20 23 29 31 0
65 35 68 6 71 8 40 74 49 51 55 25 59 28 29 0
34 3 2 69 79 20 21 22 54 53 57 58 59 60 31 0
1 68 6 7 73 46 16 63 52 53 25 26 60 61 31 0
33 35 71 8 43 77 46 16 80 55 24 60 61 62 63 0
1 8 42 78 15 80 49 18 19 46 17 55 56 25 28 0
32 65 26 68 5 4 74 43 75 15 16 52 57 58 61 0
3 5 71 39 43 11 47 51 21 55 23 54 59 28 63 0
70 8 73 59 11 45 79 49 50 51 53 27 28 61 31 0
64 1 35 39 42 75 45 13 46 80 18 55 57 62 63 0
36 70 40 42 44 60 79 48 50 51 22 57 59 28 30 0
69 6 38 72 73 40 47 80 49 53 54 23 28 29 62 0
64 33 68 37 70 71 69 12 77 78 47 54 25 59 63 0
33 35 37 72 76 47 16 50 19 23 24 25 28 61 31 0
65 33 3 5 70 8 41 72 75 60 78 49 56 25 28 0
65 3 68 36 38 71 73 11 75 13 16 17 55 57 29 0
65 1 3 34 71 72 11 76 43 15 80 17 22 57 31 0
32 33 5 72 11 43 46 48 18 62 57 26 27 29 30 0
64 34 2 3 69 39 42 74 11 45 79 20 21 54 55 0
66 69 6 40 11 15 17 51 21 23 26 59 60 29 31 0
34 4 5 70 41 76 79 16 15 48 20 54 56 57 26 0
64 33 35 4 67 8 45 47 48 49 52 54 25 62 57 0
32 64 3 36 6 10 43 44 45 77 50 19 24 56 61 0
32 66 3 68 35 67 2 73 10 11 42 46 14 47 18 0
2 34 36 69 68 73 42 45 14 47 15 19 54 29 63 0
64 56 37 7 11 45 47 18 19 22 23 24 26 59 60 0
64 36 40 41 42 75 76 12 16 17 18 51 21 58 61 0
1 2 35 34 40 72 74 43 77 14 48 49 55 28 30 0
65 34 39 8 76 77 78 46 49 18 21 54 26 27 30 0
65 3 68 37 6 8 74 77 18 51 54 56 26 61 62 0
35 58 5 70 39 69 42 76 15 16 79 26 59 60 63 0
2 35 69 40 9 75 14 46 17 18 19 53 24 56 61 0
33 34 66 35 38 70 7 39 74 45 13 16 22 55 25 0
65 36 70 71 7 13 78 46 79 49 80 77 54 55 29 0
1 2 68 5 38 72 74 43 77 46 47 16 17 20 30 0
34 58 69 37 7 38 13 46 80 53 54 23 57 26 31 0
65 36 37 38 5 68 42 43 44 10 80 17 23 28 61 0
34 38 6 9 77 79 19 23 21 25 57 58 59 60 62 0
64 66 67 37 69 71 9 44 46 79 54 24 57 26 61 0
65 69 37 75 46 80 48 49 50 16 21 23 56 28 63 0
68 69 5 38 7 75 11 80 20 53 54 59 61 62 63 0
33 34 35 39 74 16 49 80 50 20 55 23 24 28 29 0
65 33 3 34 67 38 71 72 41 45 15 79 20 52 63 0
64 34 4 71 72 78 14 17 52 22 54 25 27 28 29 0
64 34 2 37 9 44 46 20 53 54 25 59 60 62 63 0
65 34 1 68 70 39 41 45 47 17 51 54 23 28 61 0
64 3 37 71 72 43 46 47 50 20 56 57 27 60 24 0
32 64 34 68 6 39 8 9 73 77 49 51 20 53 31 0
32 1 4 6 70 72 7 42 40 76 78 47 19 53 54 0
32 34 35 3 6 39 10 76 77 15 19 56 60 30 63 0
65 39 74 11 43 10 46 75 18 23 56 57 61 62 31 0
7 41 10 73 12 9 77 75 21 53 54 56 57 26 22 0
33 71 72 41 76 15 48 16 80 19 51 21 18 26 60 0
32 34 2 68 37 72 46 79 19 52 57 26 27 61 31 0
64 3 70 11 12 13 17 61 53 54 55 24 57 26 29 0
1 35 39 71 42 46 49 53 21 54 24 56 59 60 30 0
64 36 73 76 46 15 48 80 18 51 52 14 27 28 30 0
66 3 68 5 7 71 42 76 13 79 16 56 59 63 31 0
67 36 35 70 7 3 44 77 15 16 53 58 59 61 62 0
64 65 67 35 38 8 72 9 11 76 15 51 21 57 31 0
65 1 68 6 7 70 9 73 72 12 18 19 20 57 27 0
35 4 69 7 42 11 77 46 16 54 57 58 28 61 31 0
64 33 69 39 8 76 77 44 47 18 51 53 57 26 60 0
64 65 37 6 13 77 47 14 17 16 20 21 26 59 60 0
65 33 4 9 10 75 42 45 18 20 30 57 27 29 62 0
32 33 66 3 4 11 75 13 46 77 44 18 54 57 29 0
64 66 3 5 8 9 73 75 76 80 17 48 53 58 61 0
32 65 66 68 37 5 77 47 80 17 16 53 22 24 30 0
1 3 68 35 67 7 71 72 10 74 75 13 53 22 56 0
65 2 67 35 69 38 73 43 12 76 78 75 80 48 13 0
34 5 7 8 47 15 17 50 18 19 23 57 26 59 29 0
1 33 70 71 73 42 75 16 17 18 63 55 57 29 31 0
1 34 68 36 38 4 76 45 79 49 19 24 57 58 27 0
32 67 70 8 73 10 43 75 77 14 47 72 20 54 61 0
33 66 2 36 5 38 70 42 12 47 80 49 50 25 27 0
64 67 7 73 41 75 74 80 49 52 20 22 25 28 61 0
66 38 40 8 74 73 44 45 18 50 54 56 25 62 31 0
5 71 72 10 74 12 14 47 16 15 78 54 55 57 27 0
33 68 70 40 43 12 13 44 45 58 59 31 29 30 63 0
65 1 66 3 7 73 74 12 46 15 17 50 19 23 28 0
32 36 38 72 12 44 80 29 20 54 57 27 28 61 63 0
1 65 8 73 9 43 44 77 80 17 54 22 56 58 60 0
64 32 34 33 70 73 44 45 76 47 13 52 57 26 28 0
1 34 36 6 39 74 76 45 47 79 17 15 51 23 31 0
64 2 68 69 7 39 72 42 15 17 18 52 53 24 31 0
32 1 34 37 70 8 40 13 78 48 55 54 23 58 31 0
69 70 71 8 7 10 72 40 45 47 17 20 55 22 23 0
32 4 70 8 9 44 79 49 19 20 52 25 59 28 31 0
32 34 5 39 10 11 46 15 47 17 79 20 23 61 63 0
64 34 36 4 5 39 73 13 78 19 52 22 56 60 62 0
64 32 35 3 5 39 72 7 10 43 48 21 24 26 62 0
32 1 66 34 4 37 12 76 15 49 30 22 55 62 63 0
65 66 67 4 68 7 40 42 78 80 17 51 61 30 31 0
32 68 6 39 72 38 74 43 11 13 20 55 58 29 31 0
64 1 35 7 10 44 15 48 29 55 56 57 58 27 61 0
1 35 43 51 21 0
67 38 13 48 17 51 56 57 63 0
50 74 13 0
0
68 78 47 0
67 76 62 47 0
56 59 0
10 75 12 23 0
32 25 48 30 0
73 59 14 80 17 27 0
8 74 44 0
71 0
80 51 3 0
36 37 72 78 15 30 0
48 27 68 63 0
58 61 15 0
65 67 37 70 75 77 80 53 0
80 10 0
48 18 0
65 68 71 20 55 56 62 0
65 2 46 48 31 0
21 0
14 0
75 43 0
40 2 78 0
33 3 76 0
43 45 55 0
65 33 80 27 31 0
66 78 16 25 58 60 31 0
31 0
33 21 79 47 0
3 68 21 0
70 15 54 22 28 0
27 22 0
64 10 0
18 22 23 0
38 63 0
32 67 18 51 27 60 0
1 68 70 39 74 58 0
2 41 42 52 26 60 0
69 5 70 13 53 22 0
1 46 20 56 61 0
56 53 6 0
56 44 0
37 77 5 54 0
42 52 76 0
67 23 7 0
64 33 2 54 22 0
65 7 72 13 14 15 24 56 59 0
17 20 69 54 0
65 3 72 41 10 51 0
12 38 0
67 37 6 50 52 21 0
8 25 5 0
37 6 39 9 43 26 0
64 76 53 31 0
44 68 15 0
32 37 72 75 59 0
66 40 72 73 75 25 0
49 39 0
65 9 52 61 30 0
72 58 46 0
2 34 5 74 11 21 56 58 60 31 0
11 20 29 38 0
65 72 11 14 26 0
72 17 37 29 0
0
9 75 59 61 63 0
48 17 67 22 0
4 11 44 53 26 61 0
58 27 44 77 0
1 67 22 0
32 65 66 73 17 20 55 26 60 0
8 10 15 52 21 26 0
47 0
2 75 0
75 77 0
75 52 13 0
1 3 6 40 76 46 58 0
41 2 23 0
11 60 22 0
64 74 20 26 31 0
38 9 10 78 57 60 0
36 76 15 18 23 0
42 28 36 0
27 36 31 0
32 12 30 0
80 74 0
19 6 0
34 4 5 7 73 75 23 59 30 0
24 48 47 0
1 66 40 72 42 79 53 0
73 9 58 41 0
40 9 75 29 24 61 0
65 70 80 20 52 23 0
19 35 3 21 0
66 36 72 75 57 0
73 26 0
8 1 9 0
32 2 28 0
24 23 0
59 45 37 0
48 1 0
58 35 4 54 0
59 76 0
80 3 77 31 0
13 22 0
59 0
11 28 0
34 66 80 24 26 0
69 6 76 18 61 0
32 68 38 10 12 17 0
35 68 63 0
75 47 15 51 54 0
75 35 30 39 0
2 75 13 19 20 21 0
24 62 56 54 0
60 13 31 0
8 57 0
41 76 23 0
2 21 57 60 63 31 0
69 75 17 50 53 0
35 37 70 41 20 0
24 73 34 0
48 26 59 0
32 3 42 47 49 18 30 31 0
67 10 13 54 26 27 31 0
2 67 38 0
42 67 38 0
36 68 41 42 23 0
1 5 6 9 75 30 31 0
56 67 43 0
72 4 62 0
3 5 70 11 18 56 60 0
37 39 76 80 53 0
4 79 51 20 52 0
32 27 13 47 0
64 67 27 76 59 0
38 9 80 19 63 0
72 47 0
37 13 39 0
64 80 0
41 50 69 79 0
67 69 75 48 24 63 0
42 28 39 0
41 14 80 21 62 0
35 15 52 58 30 0
13 31 0
48 14 22 0
20 77 0
65 35 70 0
64 0
70 72 54 26 59 0
75 59 13 0
1 34 36 37 7 52 31 0
40 2 56 14 0
9 27 5 43 0
6 10 11 17 20 29 0
35 38 8 78 47 49 0
12 69 79 0
33 42 74 80 60 29 0
3 0
24 49 26 38 0
16 21 0
4 5 72 60 52 28 30 0
64 13 29 53 56 61 0
26 74 13 0
11 4 0
35 9 73 75 56 0
29 71 55 0
40 0
78 51 60 46 0
61 0
4 0
26 11 60 0
65 52 13 0
56 26 74 0
67 0
67 4 72 10 51 23 61 0
48 66 63 0
53 37 31 0
1 36 39 52 21 53 24 56 0
59 12 53 0
64 4 77 13 51 0
38 13 16 59 63 0
1 67 36 8 15 27 31 0
1 3 40 48 20 21 54 59 0
64 65 19 31 0
7 43 52 59 61 0
69 49 51 61 62 0
26 27 22 0
77 54 0
80 31 0
7 8 71 13 22 60 0
69 63 0
9 10 30 0
17 75 52 63 0
72 2 11 7 0
2 34 8 11 79 28 30 0
24 17 18 46 0
1 33 73 44 16 53 22 31 0
20 47 0
24 9 80 0
12 15 0
34 4 58 6 0
10 60 0
60 55 0
68 21 62 31 0
64 35 75 12 15 54 29 0
65 37 48 52 54 56 0
10 43 13 15 16 49 18 58 0
34 6 42 15 63 0
58 75 77 0
2 4 68 0
69 39 14 15 80 57 61 0
1 2 35 67 37 11 79 21 0
64 1 73 15 0
68 13 0
68 7 79 52 23 25 0
56 18 55 0
8 72 80 51 25 26 27 0
32 20 0
67 68 78 80 20 53 0
2 4 76 17 25 0
54 50 38 0
37 54 63 0
74 61 0
35 71 74 21 55 57 0
67 71 77 50 24 0
2 34 8 14 55 0
65 51 60 0
1 2 19 44 0
25 75 39 15 0
48 27 28 60 0
69 13 54 0
73 60 0
4 61 38 23 0
4 9 80 61 22 26 29 30 0
58 7 20 52 26 0
9 60 78 41 0
56 9 11 28 0
8 79 0
42 0
1 75 54 63 0
9 34 0
39 7 42 25 59 61 31 0
67 36 68 76 14 79 49 19 54 26 63 0
72 73 69 0
35 72 59 46 26 27 62 0
73 2 29 0
48 18 80 5 0
32 25 4 60 0
24 41 43 38 0
42 36 7 0
66 6 74 13 48 49 24 30 0
12 53 22 0
75 13 23 55 61 0
24 27 11 71 0
4 0
2 14 18 19 20 22 57 30 0
67 72 11 79 80 17 0
73 12 54 59 30 0
72 53 71 55 0
3 70 22 26 60 62 0
34 4 0
57 60 30 0
66 27 4 0
16 42 59 0
36 38 49 21 23 0
25 69 57 0
36 13 51 57 63 0
64 5 41 76 47 16 26 59 0
65 37 73 10 74 57 59 0
10 27 13 46 0
64 10 63 0
42 69 0
56 14 30 0
4 39 50 19 22 0
1 66 7 9 44 76 56 0
64 27 0
64 2 7 9 16 58 0
39 40 42 18 50 60 0
56 72 0
32 36 41 52 21 57 60 0
49 2 52 47 0
1 12 47 80 29 0
35 19 79 0
42 11 0
6 11 45 21 22 28 0
32 1 2 37 8 74 14 52 0
56 62 0
33 66 70 14 51 0
26 36 0
25 51 62 71 0
36 0
39 42 18 53 22 0
80 35 4 0
75 61 30 0
64 35 69 42 46 20 52 28 0
2 35 52 53 27 62 0
4 2 4 4 2 3 4 3 2 2 2 4 4 2 2 4 2 4 2 4 4 2 3 3 2 3 4 4 2 4 4 4 4 2 3 2 4 3 3 3 2 2 2 2 3 2 4 3 4 2 3 3 4 2 4 3 3 3 3 4 4 3 2 4 3 2 2 3 4 3 2 4 4 4 3 3 3 3 2 2
