150 100 40
32 33 2 3 4 37 8 40 16 19 20 22 24 25 27 0
33 1 34 35 7 8 12 13 16 18 20 22 24 25 31 0
32 35 4 37 38 10 14 16 17 19 20 21 23 27 28 0
32 33 34 2 4 38 8 13 17 19 20 21 23 29 31 0
32 1 3 36 5 39 7 9 10 40 12 24 25 30 31 0
32 34 2 35 4 38 40 13 17 19 23 24 29 30 31 0
1 2 35 37 5 6 40 8 12 16 17 18 20 22 30 0
32 33 4 6 38 9 10 11 13 16 17 22 23 29 31 0
1 2 35 4 36 6 8 9 14 15 18 21 27 29 30 0
4 37 38 39 6 10 15 16 17 19 25 27 28 29 31 0
32 3 36 37 5 39 40 10 13 15 16 18 26 28 30 0
1 35 37 39 9 10 11 14 15 17 20 22 23 27 31 0
4 39 8 9 12 13 16 17 18 19 21 27 28 29 31 0
2 3 34 35 38 40 8 11 12 13 15 17 19 20 26 0
1 33 34 36 37 35 8 10 11 13 14 16 18 25 29 0
1 34 2 36 4 7 40 9 39 12 16 18 20 22 29 0
32 1 35 37 7 8 10 19 20 21 23 24 26 28 30 0
34 35 37 38 7 40 11 12 15 17 19 25 26 28 31 0
32 2 3 4 5 6 13 14 17 19 22 27 28 29 30 0
32 2 35 3 6 7 8 14 15 17 22 23 27 29 31 0
33 1 36 5 6 7 39 8 10 11 15 26 27 29 31 0
32 2 5 37 39 7 40 9 11 15 18 19 20 21 31 0
2 4 36 6 7 8 9 10 13 17 19 24 25 27 29 0
32 4 5 7 40 8 10 13 14 15 18 19 22 27 28 0
34 3 37 38 7 8 40 10 14 15 17 20 24 29 30 0
2 34 36 6 8 9 12 16 19 21 23 24 28 29 31 0
1 2 4 37 5 39 8 10 15 17 19 24 26 27 28 0
3 35 37 39 9 11 15 16 19 23 24 26 27 30 31 0
32 33 2 3 36 4 39 9 12 14 19 24 25 27 29 0
1 34 4 5 38 10 13 17 18 19 20 22 23 24 30 0
33 3 5 6 39 9 13 16 17 19 20 21 26 28 29 0
32 34 36 5 8 9 10 12 13 14 16 18 19 25 26 0
35 3 38 39 7 9 11 13 14 15 16 20 23 28 29 0
34 35 4 5 6 38 40 9 12 15 22 23 24 27 29 0
3 4 36 39 40 11 16 17 19 21 22 23 25 26 31 0
33 2 4 38 39 8 9 10 11 12 13 15 24 25 27 0
33 34 3 2 5 38 39 9 11 17 22 24 25 26 31 0
33 34 3 36 37 5 39 35 12 16 17 18 23 25 29 0
32 33 3 36 37 6 5 12 13 14 16 20 21 23 31 0
32 33 36 5 6 39 8 7 10 13 18 19 21 25 30 0
32 1 2 35 4 33 38 8 9 11 12 23 25 26 30 0
33 3 36 5 6 37 9 12 19 20 21 22 23 25 28 0
1 2 3 36 37 10 11 12 13 14 15 19 24 25 29 0
33 34 35 36 6 39 40 9 11 15 17 18 20 21 23 0
32 1 4 37 5 39 7 12 14 18 21 22 26 29 31 0
2 3 36 37 38 6 7 10 13 17 23 24 26 27 29 0
35 36 37 7 8 9 10 39 15 17 19 20 22 26 30 0
33 3 6 39 38 8 11 13 14 15 19 22 24 27 29 0
32 33 34 2 4 36 5 1 8 9 20 23 25 28 31 0
1 33 3 35 6 39 40 9 10 12 15 19 25 28 31 0
32 2 34 3 36 6 35 8 10 11 15 18 19 22 27 0
32 1 2 35 38 39 7 6 12 14 23 26 27 28 29 0
1 2 36 5 39 8 9 11 16 17 18 19 21 24 25 0
32 5 39 10 14 15 16 19 21 23 24 25 27 28 31 0
32 2 35 4 37 7 40 11 12 15 19 21 24 25 30 0
32 34 35 36 38 40 10 15 17 20 21 25 28 30 31 0
33 35 40 9 8 12 14 15 16 19 20 23 24 25 28 0
1 34 3 7 40 8 10 11 15 18 19 21 23 26 29 0
32 33 36 39 8 10 11 12 13 16 17 19 21 24 30 0
32 34 35 5 7 39 10 15 16 19 20 21 24 27 29 0
33 3 36 5 6 8 10 14 19 21 22 23 26 28 31 0
32 36 40 11 13 15 16 17 18 19 20 22 24 25 31 0
33 2 34 36 5 38 39 40 10 12 13 15 16 23 26 0
2 34 4 36 35 7 39 16 17 22 23 25 27 28 30 0
33 34 3 36 37 6 4 9 10 11 13 15 17 22 23 0
33 1 3 4 37 36 39 7 5 15 21 22 29 30 31 0
32 1 2 33 4 35 7 9 11 15 18 26 28 29 30 0
1 6 9 11 12 14 18 21 23 24 27 28 29 30 31 0
32 2 37 7 40 10 11 13 17 18 23 24 25 27 31 0
32 1 2 3 4 37 6 39 9 14 21 23 25 28 31 0
2 35 3 5 6 39 4 8 10 18 20 25 26 27 28 0
2 4 37 6 38 40 9 5 12 15 25 26 27 30 31 0
2 35 34 37 36 39 9 10 16 18 20 23 24 25 26 0
34 35 37 6 39 38 9 8 11 12 13 7 23 24 26 0
32 1 34 6 7 11 13 14 16 19 20 23 24 26 31 0
2 4 36 38 7 6 5 10 14 16 17 22 24 29 30 0
1 34 35 36 33 39 40 8 18 19 20 21 22 26 29 0
33 1 7 40 9 8 10 13 15 18 22 23 27 28 30 0
33 2 35 5 38 39 15 16 19 21 22 27 28 29 31 0
32 33 35 4 38 40 9 10 11 12 14 15 17 19 25 0
33 3 6 7 9 11 13 17 20 23 24 28 29 30 31 0
34 3 37 6 11 16 19 20 21 23 25 26 27 28 30 0
2 37 6 38 5 10 13 15 16 17 18 19 20 21 24 0
32 33 1 3 34 37 4 8 9 12 14 21 22 30 31 0
35 5 6 7 40 9 38 12 15 17 22 25 26 27 29 0
2 34 3 38 7 8 9 14 17 18 20 22 24 27 29 0
32 1 3 36 39 7 11 12 13 20 22 26 27 30 31 0
33 34 2 4 5 6 7 8 9 12 14 18 19 21 31 0
33 2 35 1 5 34 39 10 13 15 22 27 28 30 31 0
33 2 3 5 6 39 9 11 12 13 16 21 22 25 28 0
32 34 3 4 37 38 5 9 10 16 18 21 24 25 31 0
32 1 34 2 33 37 5 9 10 14 15 19 20 22 24 0
32 34 3 36 4 38 40 9 11 14 15 20 22 26 30 0
32 36 37 7 11 12 14 15 16 19 20 21 23 28 29 0
32 2 3 4 36 6 39 9 10 13 18 19 23 28 31 0
32 1 33 5 37 39 7 9 10 12 13 16 17 27 29 0
32 35 4 37 5 7 40 8 11 12 17 23 24 28 30 0
1 34 3 36 4 5 8 9 10 18 21 24 25 26 27 0
32 35 36 5 38 39 40 15 16 21 22 24 26 29 31 0
33 1 35 4 3 37 7 40 8 17 19 22 24 28 30 0
31 0
0
27 4 0
0
9 17 0
3 12 0
22 0
27 13 39 0
34 30 0
24 4 0
40 23 0
38 0
0
26 6 0
20 37 0
3 0
16 24 20 0
33 3 37 11 25 27 0
8 1 6 0
1 20 36 0
24 19 0
25 0
19 36 13 0
21 39 0
10 0
40 0
38 0
36 38 0
1 38 23 0
26 0
40 17 33 0
34 12 21 39 0
33 36 0
40 6 0
14 0
20 0
20 0
8 5 0
10 18 0
2 26 0
29 10 21 13 0
28 14 30 0
0
13 0
22 23 0
40 13 0
32 33 40 17 21 28 0
17 13 0
3 29 0
36 31 0
9 22 0
16 3 0
0
9 4 0
29 5 0
2 4 37 7 26 0
16 24 0
27 29 39 0
16 28 23 0
0
15 0
25 26 36 0
0
8 0
0
26 5 0
18 27 0
29 35 12 28 0
1 29 7 0
0
0
33 15 0
10 0
30 0
33 39 0
36 0
33 26 22 7 0
8 0
40 36 0
16 6 0
38 0
30 0
0
16 3 4 0
37 0
16 33 34 6 0
19 11 0
33 23 0
12 37 0
2 0
37 38 31 0
0
10 0
26 0
4 6 0
1 18 34 0
0
33 28 0
0
15 0
0
33 3 4 0
8 0
33 26 0
8 37 0
0
27 4 7 0
9 34 25 0
9 2 38 31 0
32 0
26 0
0
13 0
35 20 0
26 18 3 0
31 0
1 0
0
17 19 30 31 0
24 14 0
35 3 0
0
0
40 11 38 0
8 34 31 0
32 19 7 0
33 10 34 22 0
33 2 34 8 10 15 0
34 28 0
25 27 0
24 21 7 0
9 19 0
0
14 0
11 39 0
2 35 36 0
40 30 0
8 0
0
30 0
12 37 6 15 0
16 2 28 0
17 31 0
4 28 0
8 0
27 37 19 13 0
8 18 0
19 5 0
35 3 0
2 0
2 4 4 2 2 2 3 3 3 4 3 4 2 4 4 3 3 4 4 2 3 3 2 2 2 2 3 3 4 4 3 4 3 2 3 4 4 3 4 4
