493 531 405
194 290 68 5 389 198 72 103 11 140 77 175 400 276 86 183 151 253 0
385 226 258 3 353 65 7 6 360 236 332 173 77 245 53 343 254 0
321 3 376 4 196 263 328 363 268 77 210 341 278 56 89 218 184 0
6 146 279 28 294 167 38 170 52 314 315 316 58 318 321 199 211 84 216 93 365 0
7 392 10 398 271 401 281 157 158 165 196 333 79 340 215 346 347 220 246 125 0
89 64 153 290 135 250 236 45 207 49 339 340 116 372 87 216 217 314 0
256 163 261 199 267 75 28 270 79 307 252 148 310 341 56 26 124 61 0
153 326 232 296 73 299 57 337 83 348 87 280 345 188 349 350 216 0
256 390 263 20 151 297 177 53 57 187 319 202 206 344 225 107 117 379 255 0
384 257 130 262 198 38 137 202 392 108 205 144 241 209 370 53 24 221 0
65 121 355 7 136 238 271 400 209 79 335 376 153 283 156 350 127 0
32 34 35 376 5 102 328 10 108 77 240 381 19 212 244 56 153 253 0
321 101 38 281 27 377 202 267 240 338 19 21 55 121 283 156 383 0
96 97 259 5 169 105 203 332 366 401 241 177 85 184 282 251 60 381 0
390 268 141 398 271 151 27 288 171 46 181 318 63 197 83 86 216 350 233 372 0
289 162 132 357 358 71 168 201 169 330 210 404 117 86 279 118 121 0
290 281 362 43 269 109 48 337 273 379 214 343 118 24 155 285 94 95 0
162 291 322 262 361 332 364 238 144 80 179 53 118 343 277 313 317 31 0
96 226 166 346 145 83 117 245 213 184 249 58 31 381 254 223 0
256 261 231 232 104 300 13 302 219 336 49 379 340 118 152 251 0
96 34 2 40 170 332 205 237 144 211 180 404 342 215 87 125 191 0
350 132 165 356 168 41 170 171 206 273 114 309 277 151 94 188 126 0
289 135 361 330 137 236 172 76 302 401 276 213 23 251 188 157 62 0
129 2 259 388 262 280 283 181 73 330 92 351 234 364 366 370 372 381 383 0
352 280 134 136 360 395 270 207 176 146 275 19 211 183 56 185 156 0
256 194 354 195 357 70 330 363 299 367 112 176 16 212 120 379 0
3 197 247 9 8 331 282 205 78 176 52 214 278 184 342 87 219 127 0
132 388 9 12 398 146 403 150 23 29 47 49 92 229 108 369 113 122 252 0
128 257 354 352 196 97 135 360 10 203 108 173 152 313 122 251 381 0
318 2 259 68 37 376 7 233 73 369 405 213 23 312 278 380 125 254 0
350 102 198 8 265 138 266 334 144 283 146 368 20 217 26 347 284 30 0
96 256 98 227 292 163 34 231 5 327 42 64 237 205 274 378 316 349 0
259 8 11 18 180 328 331 203 78 335 214 223 224 229 361 364 110 117 118 123 0
192 96 99 132 38 40 328 332 173 111 207 369 335 404 85 52 154 0
160 290 131 71 360 333 206 45 334 372 212 22 247 91 124 157 62 0
225 98 323 68 264 232 42 296 173 251 208 81 82 175 212 311 155 126 0
193 35 387 359 264 137 105 186 273 275 309 149 90 380 31 0
32 3 324 36 198 394 107 172 397 403 340 244 22 87 56 60 375 0
224 1 292 5 230 263 391 58 236 269 374 247 56 154 251 31 382 159 0
96 129 324 292 70 39 332 238 242 370 87 376 89 347 222 30 31 0
388 393 281 167 297 173 51 184 196 212 88 349 360 237 241 113 116 377 252 0
376 9 394 172 238 270 240 401 308 118 150 152 89 251 92 93 319 0
2 164 325 196 327 103 356 43 269 46 176 113 403 376 283 30 223 0
96 193 163 292 100 133 7 392 362 363 44 394 208 339 147 22 26 348 0
161 227 356 196 235 332 238 47 307 308 52 53 343 57 190 93 318 191 0
322 2 39 362 363 43 42 174 302 272 17 82 178 399 345 186 31 0
382 344 164 392 268 155 335 112 400 242 147 176 309 244 24 91 316 254 0
4 261 388 132 265 167 42 174 196 69 326 205 206 214 348 356 103 372 252 382 255 0
4 325 198 230 360 294 76 269 44 303 112 15 236 273 270 91 191 0
128 64 98 227 291 391 200 233 73 144 113 306 405 150 214 58 63 287 0
129 265 147 160 35 292 41 177 183 184 317 326 92 237 240 370 243 254 126 0
96 193 98 322 161 141 335 400 239 48 147 52 21 278 88 91 95 0
261 134 397 145 31 160 41 172 53 188 322 341 214 224 361 238 367 246 125 0
352 128 1 291 326 264 168 300 174 337 340 213 316 22 249 315 252 319 0
390 141 145 278 283 28 32 175 178 329 330 203 343 216 351 225 98 366 122 0
66 323 261 6 295 169 12 364 396 207 111 401 20 117 218 30 31 0
257 134 135 398 288 33 294 178 179 192 203 86 88 224 228 231 366 367 247 0
267 12 144 21 151 286 31 163 307 311 71 331 84 212 216 93 226 365 110 376 378 0
257 67 58 102 265 138 171 108 45 46 367 272 401 150 122 123 29 319 0
259 356 102 264 361 168 12 109 13 204 15 338 244 277 24 250 348 0
33 130 356 197 232 299 300 141 82 19 404 116 373 215 280 250 123 0
291 67 163 294 263 264 169 270 334 207 335 239 209 149 310 279 0
32 385 3 293 169 394 11 396 270 302 112 241 244 26 124 223 0
193 322 3 356 261 198 376 383 297 235 240 112 113 254 280 250 158 351 0
256 385 6 136 12 403 147 285 41 172 312 185 71 345 91 349 116 373 118 0
161 34 258 100 249 261 200 329 72 174 239 209 212 345 59 94 0
395 397 142 16 297 173 302 47 45 70 336 87 346 93 230 359 234 248 379 0
393 144 151 25 283 158 297 170 43 53 313 70 79 216 94 357 233 236 248 0
261 392 264 396 279 163 297 320 193 196 326 203 334 87 350 366 115 248 126 0
291 260 37 132 7 298 76 13 46 399 208 367 242 333 212 378 347 63 0
64 257 387 197 103 313 74 106 268 395 144 82 25 379 189 126 255 0
248 34 35 26 105 108 174 111 112 17 210 147 212 372 88 57 122 283 0
320 384 290 354 356 295 39 170 395 176 19 86 279 88 286 382 191 0
96 353 328 297 42 170 104 365 270 113 370 145 305 277 212 89 251 126 0
352 257 5 72 9 141 301 14 400 272 80 17 93 122 59 349 0
293 6 358 40 329 266 171 170 46 398 16 272 176 403 220 53 379 188 0
160 161 257 287 261 294 166 136 329 268 77 141 272 402 247 187 286 95 0
384 256 16 145 41 46 182 313 187 62 326 199 209 81 84 361 108 110 369 0
288 193 191 259 232 234 31 240 400 405 53 151 280 24 341 348 286 351 0
263 138 11 12 270 146 148 21 24 284 32 174 57 59 347 348 355 233 361 364 0
162 66 36 358 167 154 41 40 366 143 370 51 147 277 86 249 90 286 0
161 321 36 69 294 73 268 301 219 251 173 243 379 341 280 26 27 0
357 262 294 168 328 101 172 301 205 176 210 307 212 24 155 28 222 31 0
227 228 293 357 41 361 11 396 238 49 146 148 212 404 281 154 30 0
97 259 389 263 170 299 363 43 174 42 124 17 18 308 213 56 120 31 0
26 101 281 203 331 112 369 338 307 114 311 377 346 315 28 61 25 319 0
291 40 72 331 236 141 270 111 304 209 29 17 404 55 313 317 255 0
385 194 164 389 166 71 42 172 336 209 337 278 217 158 156 350 0
134 271 24 158 41 42 304 313 323 68 325 328 120 96 231 114 115 248 126 0
32 290 101 39 136 171 270 366 367 239 85 150 277 90 285 0
385 355 323 35 388 263 197 329 298 297 401 210 147 276 116 120 281 0
4 5 134 136 402 275 150 23 153 27 161 291 165 176 62 355 362 238 369 0
256 385 2 195 132 8 394 395 43 143 399 212 22 310 379 93 0
35 259 69 163 297 299 140 349 398 303 235 381 146 343 120 60 189 0
192 67 294 265 330 172 396 239 145 306 211 50 246 282 29 222 0
128 290 195 4 262 327 72 70 79 272 177 17 83 84 22 86 90 0
7 266 271 16 20 153 27 156 291 178 55 313 188 62 205 80 93 365 369 0
3 269 272 16 19 403 278 300 173 199 200 71 341 86 105 363 243 119 124 0
261 395 402 279 29 160 180 52 331 204 79 210 85 89 220 93 98 240 248 0
321 3 100 325 356 39 268 109 366 13 240 339 243 252 280 380 350 0
289 164 200 139 43 304 115 341 374 183 120 85 117 123 309 157 25 0
32 290 198 135 10 75 140 335 115 180 245 276 90 222 31 0
352 288 226 36 70 330 332 237 173 241 52 252 251 156 317 0
352 164 70 167 136 169 394 138 332 379 308 151 221 250 347 127 253 223 0
384 37 262 294 102 361 397 334 207 143 336 274 373 343 88 89 216 95 0
195 324 164 4 12 13 17 210 403 119 277 278 151 189 345 84 188 93 0
258 131 392 29 162 298 45 305 178 313 59 63 330 334 86 93 362 111 252 0
288 292 197 7 360 74 141 110 207 336 112 243 52 87 24 281 30 255 0
224 2 355 291 299 172 269 142 397 176 143 274 19 81 15 214 221 0
321 65 132 6 201 268 127 269 81 273 316 89 90 251 60 286 159 0
256 226 35 228 261 230 354 72 164 171 75 335 16 309 90 0
160 356 201 394 10 239 336 399 178 339 308 179 147 338 284 285 0
266 146 19 26 283 31 163 42 47 310 56 62 318 345 347 223 102 360 364 0
96 257 35 391 72 170 46 176 400 48 403 401 117 52 184 281 379 287 0
320 323 260 5 357 291 186 44 314 176 311 120 89 122 157 350 255 0
7 392 138 397 405 277 151 297 186 336 338 86 214 222 96 115 372 121 253 0
290 100 325 6 203 237 78 335 112 207 81 179 278 189 281 252 381 0
354 194 323 197 3 7 2 106 204 205 47 15 48 115 245 214 247 319 0
260 390 10 268 142 270 22 281 166 42 49 182 319 343 355 359 363 107 252 0
288 257 130 99 388 133 162 163 229 100 131 293 144 149 245 373 318 0
227 68 389 5 163 168 396 269 238 272 211 52 180 20 120 89 56 221 0
356 36 389 296 8 298 364 47 272 81 51 244 21 342 215 278 313 63 0
129 2 386 195 389 295 199 169 42 135 300 14 51 52 93 117 309 349 0
384 258 66 35 351 359 200 329 299 237 144 241 114 118 24 59 252 63 0
33 261 197 199 295 9 74 299 233 80 209 310 119 280 59 93 286 31 0
257 344 39 88 169 8 235 333 335 369 114 56 185 283 284 255 0
387 196 292 357 294 74 176 145 52 54 183 313 58 155 61 30 0
138 396 20 280 33 293 295 296 176 313 57 76 375 231 235 109 245 119 126 0
385 226 356 7 168 9 138 107 363 78 47 83 212 85 55 152 26 0
265 275 32 40 45 48 306 310 189 321 81 348 228 229 230 361 106 236 237 372 380 0
288 2 324 357 326 232 360 361 269 110 254 87 126 59 189 350 127 0
290 35 100 229 356 228 232 27 196 171 73 14 334 272 369 281 347 28 0
131 67 69 168 170 235 269 14 302 272 206 400 301 241 309 54 58 348 0
96 288 322 192 261 230 262 165 42 74 364 13 402 403 149 153 187 126 0
138 11 18 280 27 29 289 34 298 184 57 70 203 216 362 118 248 379 124 126 0
165 69 392 328 330 171 396 113 379 22 375 24 313 251 317 382 63 0
32 354 99 291 200 234 267 107 174 273 178 147 18 54 120 282 28 0
192 257 160 386 69 357 6 168 137 269 219 209 307 244 121 347 29 222 0
280 130 230 38 7 204 140 143 175 369 273 373 54 277 376 185 317 0
385 258 262 7 278 36 42 173 312 203 336 209 339 343 89 229 366 241 382 0
163 389 361 266 267 202 270 335 16 210 404 308 23 215 151 217 0
128 354 36 196 363 107 235 300 114 275 149 405 375 345 314 315 0
193 98 70 359 263 9 202 108 205 46 341 150 24 217 123 94 0
131 20 23 28 32 295 301 174 308 183 318 322 326 198 214 224 97 357 374 248 0
133 147 156 158 162 38 296 315 65 80 341 215 222 228 365 372 118 381 255 0
4 262 24 281 291 177 180 58 332 80 89 218 228 361 363 110 111 118 127 0
224 321 98 344 388 227 103 7 363 12 111 370 246 279 376 88 351 0
162 291 198 200 75 363 45 398 271 81 117 150 85 344 183 60 184 0
32 257 196 261 69 351 264 136 71 68 332 78 143 271 50 211 343 191 0
248 121 390 8 377 171 123 365 238 239 302 145 14 373 184 281 26 155 0
66 2 388 387 166 322 74 107 44 206 142 243 245 248 154 152 158 383 0
354 281 72 236 111 209 210 370 244 273 54 119 214 183 91 189 350 319 0
98 163 227 281 231 73 394 272 337 81 179 214 247 185 282 155 380 0
98 291 132 227 294 237 142 271 336 337 48 119 309 118 55 89 315 0
194 99 132 261 262 359 40 199 173 270 142 49 23 181 342 119 283 254 0
200 137 328 136 172 8 139 235 104 209 370 337 211 307 216 59 126 383 0
353 197 358 295 231 9 360 11 172 44 368 308 213 277 346 28 93 0
130 3 70 103 397 271 275 348 83 214 215 24 149 374 380 63 0
192 225 322 258 35 39 169 202 365 16 337 82 339 212 153 346 220 0
260 5 401 405 156 159 38 48 181 188 201 78 206 225 229 363 110 115 379 0
142 272 274 22 280 32 34 174 306 68 210 343 88 92 223 229 108 242 124 0
133 167 233 105 314 219 143 15 208 50 369 189 88 122 379 284 61 0
193 289 387 330 298 172 362 60 79 15 306 308 21 86 88 380 220 0
33 290 3 187 206 366 145 83 212 405 183 62 59 252 317 30 223 0
353 322 35 131 101 293 263 39 69 236 364 112 151 25 122 189 0
288 292 40 361 170 171 76 173 105 202 136 305 405 153 158 221 126 63 0
353 322 386 376 129 135 167 360 330 266 237 78 206 279 120 249 91 157 0
161 195 228 197 68 135 168 39 74 140 269 115 308 53 86 183 0
9 398 281 47 184 191 319 204 76 340 215 222 96 225 103 231 106 240 113 0
192 353 36 38 295 232 172 270 48 305 306 147 244 178 22 26 187 28 0
160 1 257 289 287 261 390 134 301 334 272 145 178 30 375 318 159 0
225 392 137 120 270 239 124 305 18 370 402 246 22 216 185 28 222 0
289 194 135 72 11 76 363 239 112 176 337 308 340 344 346 380 158 0
32 96 3 196 132 101 67 356 123 44 268 15 336 400 401 368 343 27 0
131 262 11 144 20 24 157 45 176 51 310 55 71 80 225 113 243 120 126 0
192 195 4 261 327 231 12 301 15 240 54 119 344 281 123 349 351 0
288 256 33 194 229 102 135 328 106 74 332 171 142 79 81 372 244 62 0
65 291 391 327 297 394 303 111 335 17 339 213 278 23 376 86 187 93 0
226 98 358 351 393 106 175 49 115 84 24 380 282 348 285 94 255 0
130 388 398 145 284 160 183 65 322 323 200 75 78 338 358 230 360 106 107 0
128 225 2 353 257 134 282 109 302 301 365 306 84 245 54 340 250 0
259 5 268 403 21 30 35 164 293 42 190 196 328 80 109 241 116 245 382 0
256 64 359 201 298 10 399 400 243 54 30 376 249 26 182 382 63 0
352 385 164 4 167 105 394 75 393 237 235 111 170 212 157 61 0
223 194 324 231 105 234 331 204 393 47 335 21 374 313 379 252 189 287 0
258 324 69 165 294 9 13 109 303 301 211 372 244 316 185 315 380 383 0
99 388 133 325 39 136 12 269 270 143 114 51 212 146 372 245 349 0
162 291 292 293 201 105 299 77 142 84 373 21 404 182 89 91 287 0
354 67 4 323 122 165 232 361 302 15 400 210 50 149 90 223 0
128 3 13 402 278 280 30 163 295 296 297 40 173 46 75 81 210 230 235 0
67 228 164 6 327 360 392 264 108 109 142 271 48 337 18 339 13 0
384 257 320 100 164 397 334 335 47 49 148 405 118 308 314 155 0
99 132 389 169 9 363 267 205 239 272 242 371 116 378 315 31 0
321 35 67 69 391 91 363 108 175 273 50 81 20 309 116 24 187 125 0
320 129 228 4 165 101 264 169 204 334 110 271 252 310 22 376 156 254 0
5 134 264 8 272 403 147 188 322 329 212 216 91 98 362 242 244 118 374 382 0
64 290 323 132 292 295 170 299 204 333 302 206 112 178 90 157 0
320 293 327 392 74 11 76 177 178 339 150 86 62 218 283 156 349 158 0
161 99 68 230 39 360 247 123 268 75 77 13 274 373 213 311 219 254 0
192 352 3 164 325 36 229 360 259 91 363 271 180 117 283 28 159 0
384 386 132 39 8 202 170 172 47 111 182 374 184 185 380 29 0
6 400 20 290 300 49 54 61 65 194 323 213 87 223 105 235 373 247 125 0
32 33 99 392 264 12 120 175 113 17 308 276 182 343 24 220 125 0
357 293 72 364 188 180 277 310 375 54 185 186 123 127 21 255 0
1 293 392 218 10 298 396 13 364 110 12 49 306 104 370 278 26 0
257 194 33 356 325 134 391 392 100 236 81 308 148 54 279 26 27 0
256 289 321 227 132 292 260 391 263 69 8 75 19 51 21 28 29 0
384 64 259 68 228 166 330 79 19 116 342 183 216 249 126 348 94 223 0
263 395 404 148 23 27 32 160 290 38 46 320 65 79 346 233 366 377 378 0
162 323 287 359 265 233 234 172 201 14 370 307 244 119 317 125 343 95 0
387 388 266 11 20 278 162 47 51 317 322 326 214 89 96 100 359 106 362 0
192 161 4 295 140 301 402 243 276 245 342 23 280 250 379 152 383 0
262 272 273 172 46 176 49 308 319 76 344 347 92 351 227 103 363 373 126 0
259 260 262 273 289 37 170 173 47 178 202 203 211 84 85 212 222 236 113 380 0
352 3 292 5 358 132 296 361 365 271 207 276 56 121 186 126 31 0
257 386 259 357 200 10 395 334 336 49 273 83 21 314 156 286 0
387 262 404 151 160 296 177 178 179 71 343 92 99 229 102 237 241 371 378 253 0
288 34 291 322 328 233 200 333 49 210 50 180 21 278 373 116 29 0
256 274 158 38 168 171 304 176 190 192 198 74 78 213 218 91 226 118 382 0
352 290 195 389 233 42 266 44 173 269 208 241 147 116 84 120 314 59 0
294 263 136 233 10 202 138 204 92 51 277 309 316 26 252 94 95 0
97 228 328 73 329 269 283 273 306 188 83 341 182 19 122 91 28 0
258 140 403 278 151 162 40 173 59 326 207 343 346 347 352 360 107 364 373 0
318 193 161 295 297 74 106 10 301 155 107 145 52 121 219 94 63 0
96 389 70 360 234 267 335 304 303 146 147 148 374 317 318 31 0
226 355 100 326 40 232 300 334 47 210 403 20 181 342 375 116 314 222 0
131 261 296 169 107 204 45 172 113 146 209 305 277 338 25 91 0
65 2 291 358 233 202 235 332 330 43 83 276 404 252 29 351 0
322 312 324 227 326 235 109 301 315 278 182 216 57 379 124 157 30 0
66 163 292 287 105 10 204 364 206 367 304 212 22 88 122 29 191 0
192 320 261 6 168 362 138 269 143 19 373 149 184 217 250 379 286 0
192 193 382 67 228 293 75 302 124 241 51 85 54 278 118 91 316 30 0
289 386 165 262 168 282 237 273 307 116 181 148 343 314 219 125 375 0
353 2 322 197 134 264 105 139 174 369 242 51 19 53 84 88 26 27 0
9 268 399 151 287 160 37 298 175 49 319 328 213 348 223 99 230 366 371 120 255 0
128 289 290 66 132 388 198 324 384 44 333 116 309 341 342 120 216 0
32 67 56 356 59 170 250 12 43 13 80 17 209 404 184 218 187 0
288 354 153 102 202 331 12 205 15 283 244 117 182 313 122 59 253 0
64 192 165 73 330 105 298 365 398 238 304 14 47 149 22 215 31 0
322 291 294 7 394 363 364 173 46 143 333 12 268 20 21 119 122 63 0
225 386 323 37 201 139 43 238 283 112 178 308 277 150 149 58 247 0
8 104 42 11 10 266 368 370 51 180 277 22 278 53 346 61 0
227 294 199 265 169 301 237 240 81 20 150 375 56 185 284 93 159 0
128 97 130 99 228 131 7 236 397 205 146 210 276 148 22 375 0
160 26 327 168 296 40 239 81 276 308 183 120 89 154 124 61 286 0
163 360 73 362 106 236 40 142 399 305 402 19 215 120 153 152 319 0
288 97 320 131 264 169 346 207 403 372 373 181 117 376 249 282 284 125 0
225 227 324 71 329 237 142 206 16 240 334 179 365 94 282 348 61 318 0
288 321 98 121 193 5 390 263 291 360 110 335 111 82 118 56 57 0
312 324 325 166 298 173 111 207 15 81 83 52 244 344 94 125 158 0
128 259 261 6 265 10 13 16 148 20 290 298 42 316 319 232 107 243 249 0
163 360 330 235 398 304 241 114 188 368 117 209 181 120 186 347 252 382 0
256 352 5 326 327 167 71 330 236 204 144 273 184 153 122 222 95 0
2 164 325 198 328 40 11 139 109 206 47 50 51 180 405 23 377 0
64 131 4 261 198 231 165 101 233 174 47 240 308 278 311 218 61 0
36 262 7 71 105 298 75 268 396 15 277 54 22 92 222 0
352 165 102 390 71 175 111 399 401 113 116 84 303 87 26 247 349 382 0
225 259 294 266 202 333 269 367 272 365 18 51 141 341 185 63 57 0
288 353 34 66 388 130 4 359 72 159 298 395 145 338 181 311 223 0
353 225 3 259 131 359 233 299 12 333 331 47 207 54 154 123 93 0
128 161 322 133 390 9 43 142 272 146 50 52 277 118 373 60 255 0
387 5 267 17 281 25 41 62 322 197 332 79 216 351 354 366 243 121 379 0
65 386 26 324 197 262 231 186 329 170 368 403 53 279 56 89 218 124 0
256 97 291 357 72 41 264 139 14 303 400 217 250 124 381 191 0
386 2 356 389 40 73 362 235 396 397 268 179 275 87 55 379 319 0
289 193 322 388 356 165 7 359 72 171 396 334 153 346 316 57 0
392 10 271 403 21 278 160 163 291 294 46 68 199 79 359 232 244 379 382 0
262 167 360 40 331 204 397 274 222 212 53 342 254 189 122 251 125 94 0
289 193 132 260 164 233 330 171 268 363 220 51 184 122 188 254 0
385 354 8 111 241 18 339 308 211 150 311 209 401 26 349 254 0
34 387 100 260 359 328 297 329 172 365 334 272 379 308 213 342 117 219 0
193 292 357 71 104 299 171 334 271 335 241 238 367 82 310 23 88 0
288 354 387 5 232 203 13 78 400 243 52 21 22 215 151 91 60 382 0
256 65 258 34 35 37 186 187 176 369 114 373 215 216 26 315 189 255 0
387 325 261 327 169 172 45 110 333 144 270 332 51 148 118 312 281 0
291 230 264 397 110 301 31 398 82 188 20 245 47 23 401 60 349 223 0
321 382 259 228 164 4 230 106 333 270 271 303 338 340 25 122 158 383 0
141 16 21 158 32 163 312 64 193 208 217 347 231 106 107 108 367 252 253 0
257 131 325 6 40 234 28 302 397 81 370 371 116 405 84 180 219 188 0
287 133 6 134 167 325 395 77 78 237 367 370 307 405 157 315 189 383 0
130 397 402 274 276 284 32 292 168 42 176 74 331 106 364 368 118 119 250 0
128 354 322 261 102 167 104 41 199 299 11 45 180 119 23 89 187 159 0
66 196 58 6 231 108 397 124 304 118 278 86 54 90 182 380 286 159 0
35 171 107 76 111 368 336 306 19 52 307 310 243 280 53 314 274 124 0
130 20 288 37 195 69 326 212 343 220 227 104 106 366 368 371 372 244 377 125 0
257 228 324 166 102 293 331 75 141 367 117 405 86 151 185 59 383 0
354 3 232 104 298 235 106 333 107 335 243 215 120 24 60 31 0
256 389 397 274 20 278 290 299 55 68 78 347 93 96 364 236 248 378 125 254 0
384 96 355 165 69 135 328 392 325 139 40 398 145 17 85 311 350 286 0
384 129 386 4 229 133 173 110 147 61 53 278 280 56 59 127 93 255 0
192 97 226 65 228 34 293 297 362 42 77 399 17 180 59 285 0
7 39 203 237 141 337 370 339 308 149 278 119 120 55 123 0
321 322 70 103 199 73 106 265 393 365 304 49 53 118 54 282 63 0
256 194 35 290 143 80 401 210 19 86 217 90 283 60 31 0
227 99 90 38 325 297 203 142 302 144 81 147 342 248 282 92 190 63 0
354 5 199 41 394 234 140 172 398 367 208 146 179 50 183 220 317 0
256 385 194 323 356 73 13 109 303 404 246 87 280 313 26 123 126 0
386 135 136 266 19 279 174 58 192 328 205 86 216 221 225 355 102 242 243 381 0
65 258 194 132 260 196 264 11 304 241 176 307 402 309 89 314 62 127 0
350 163 227 6 365 334 251 336 205 85 53 87 120 253 187 189 222 255 0
1 129 10 399 277 165 173 318 320 326 331 81 343 225 227 356 355 372 383 0
263 9 26 28 47 175 177 57 59 316 318 194 81 213 216 228 231 363 240 372 382 0
257 322 355 261 69 7 14 50 115 18 277 181 23 216 219 284 285 0
134 137 267 17 18 159 36 298 43 46 313 65 343 99 227 102 106 236 114 0
64 323 293 326 230 198 73 44 205 206 148 55 246 247 308 349 30 0
65 196 74 10 303 176 337 370 83 244 277 245 87 376 153 381 285 0
320 260 389 388 73 10 235 79 240 303 306 18 252 277 54 247 316 285 0
226 194 228 36 102 171 205 334 144 370 148 213 311 121 375 383 0
2 130 399 272 165 49 50 181 58 324 87 361 234 236 369 243 116 247 255 0
131 5 230 297 139 108 78 206 16 337 82 271 85 378 349 61 286 191 0
129 388 330 299 108 332 238 239 79 397 402 379 308 307 374 315 317 0
225 353 26 164 323 70 387 200 265 298 90 206 112 209 369 185 282 0
131 390 265 399 402 156 165 301 318 194 72 331 213 102 361 370 243 246 126 0
321 195 100 131 38 167 40 200 395 11 336 211 20 341 245 25 29 254 0
392 16 400 274 28 43 306 182 58 314 190 320 198 94 224 227 231 360 363 0
133 393 397 142 281 29 33 297 172 306 179 180 197 98 366 113 243 374 127 0
350 389 39 40 233 7 268 396 272 402 243 82 119 94 154 347 60 318 0
387 14 143 282 27 28 38 168 170 181 189 75 214 87 89 225 377 379 252 0
97 193 225 260 293 36 195 136 361 106 364 365 46 50 83 213 55 0
163 71 313 396 141 270 80 369 336 180 117 119 23 185 378 348 157 0
33 231 73 394 331 13 238 219 400 273 114 244 253 155 31 61 255 0
228 296 266 299 235 46 14 80 337 48 49 244 182 152 123 382 223 0
192 67 197 325 231 264 267 396 332 174 46 368 142 211 372 149 22 0
288 129 226 101 295 137 10 393 43 141 335 144 22 343 124 349 0
384 129 258 249 198 38 395 109 336 152 210 373 216 281 155 124 317 319 0
4 274 151 161 35 173 52 328 72 209 83 347 368 373 248 378 251 381 127 0
193 37 358 391 133 361 43 395 171 333 235 268 146 308 181 183 250 0
260 101 69 71 264 102 327 109 14 271 16 144 242 337 61 182 285 0
320 96 354 163 58 330 299 364 394 378 304 81 370 19 241 150 218 0
32 162 185 164 263 9 74 206 143 304 29 114 277 249 186 93 159 0
256 194 387 38 71 140 301 44 207 12 209 146 274 403 405 245 57 315 0
98 195 293 7 199 267 333 124 178 276 53 22 311 284 316 349 0
321 226 194 289 325 133 299 238 306 245 309 181 157 249 26 285 343 223 0
291 229 167 104 201 331 107 78 303 144 369 114 116 221 121 251 348 349 0
128 321 98 322 40 265 106 234 42 141 235 81 50 403 405 26 315 61 0
160 256 386 360 296 337 305 222 245 25 344 121 284 61 350 0
162 34 357 198 263 393 394 234 298 13 399 304 273 274 342 248 125 0
257 386 67 194 289 200 106 300 173 270 79 175 398 403 404 277 310 157 0
98 324 136 8 75 364 396 143 80 207 179 372 404 212 151 277 83 0
288 321 34 358 38 59 266 299 172 76 398 109 305 51 244 346 91 316 0
195 37 6 232 392 139 333 174 50 404 373 86 279 340 278 346 317 318 0
385 260 5 265 145 281 286 298 42 303 71 225 357 105 368 113 369 372 123 252 0
289 33 386 34 261 194 71 264 269 206 79 146 82 213 277 184 0
384 161 195 266 396 270 303 271 177 340 310 24 280 121 219 254 223 0
129 387 228 199 264 105 8 171 203 367 80 143 308 375 88 379 0
161 290 130 68 259 394 74 236 45 142 145 178 180 347 220 349 0
195 261 170 75 74 365 143 241 63 339 211 373 371 55 379 348 29 287 0
97 103 201 394 361 238 369 273 275 52 245 86 311 344 308 88 0
136 397 399 274 404 148 36 298 171 47 51 200 328 331 78 339 213 95 243 0
139 398 400 159 289 163 168 71 79 212 214 342 91 226 101 357 244 126 255 0
128 355 259 37 326 102 103 106 299 12 301 237 110 49 50 29 94 351 0
161 280 385 326 138 43 108 269 78 330 209 244 118 247 248 377 282 30 0
1 162 70 360 265 266 11 366 334 14 18 370 278 183 57 90 29 0
256 229 134 233 43 204 75 304 274 179 307 373 94 311 185 222 287 0
285 390 328 9 202 361 44 175 80 306 84 150 254 120 26 349 350 0
195 137 10 300 16 241 242 371 244 309 243 20 216 51 403 156 29 305 0
387 132 232 296 108 365 144 368 114 308 117 309 85 56 253 52 212 125 0
128 387 376 132 35 40 360 138 299 332 266 79 401 146 372 56 220 189 0
260 103 297 137 266 396 13 174 271 270 18 243 341 181 217 314 123 125 0
225 129 290 66 164 327 135 328 394 104 264 400 374 87 120 91 221 0
226 35 134 103 6 105 363 236 237 336 112 213 151 56 89 316 62 319 0
193 194 34 292 357 102 262 396 46 78 208 112 210 121 218 283 0
321 100 4 7 104 232 298 297 393 173 237 47 398 238 18 306 244 138 0
8 394 27 29 163 36 41 310 196 324 199 80 81 88 228 100 357 107 380 0
321 322 161 354 385 103 168 172 273 61 404 373 213 151 378 252 93 254 0
192 130 223 100 35 6 295 232 41 9 362 104 15 315 280 187 31 0
3 68 195 262 297 235 268 13 14 45 304 146 148 278 184 216 318 0
128 322 3 358 8 330 43 172 203 398 335 272 50 210 116 309 314 0
264 271 144 284 160 46 49 305 51 190 65 195 326 85 88 96 230 116 383 0
159 132 38 40 282 267 13 47 306 179 403 115 278 182 18 89 58 319 0
34 67 291 230 40 106 282 314 269 268 143 48 111 243 148 61 26 285 0
353 195 7 363 332 205 45 142 238 305 333 81 116 404 89 222 0
353 258 161 290 197 326 313 264 136 266 172 335 176 145 345 319 0
256 37 327 360 201 362 107 13 238 367 112 114 82 20 244 278 279 0
256 66 293 197 266 74 140 13 142 174 12 308 277 118 181 341 287 0
66 387 355 281 41 138 363 74 174 239 240 18 244 311 249 122 251 383 0
256 160 66 99 194 261 6 70 136 145 149 247 314 283 286 191 0
352 193 324 133 325 135 39 45 13 146 19 276 212 342 87 92 159 0
256 161 227 358 6 233 171 363 378 144 80 48 272 279 380 314 316 0
129 194 5 262 294 168 209 82 371 180 404 212 373 242 57 122 123 285 0
9 138 14 144 402 404 168 304 62 206 209 338 218 348 98 362 241 373 382 0
5 138 279 287 33 298 172 181 317 191 322 331 79 81 214 343 91 221 113 124 0
96 262 264 137 106 200 173 365 206 367 31 51 252 86 279 152 127 319 0
320 32 162 34 41 76 397 143 336 17 50 338 242 156 56 60 158 0
32 65 193 262 154 298 362 45 219 333 338 115 19 218 27 31 383 0
132 136 268 397 398 274 23 33 292 303 198 331 209 88 220 352 113 369 117 0
226 292 68 393 234 141 239 80 81 83 116 20 310 181 339 191 0
194 355 387 259 39 72 394 236 269 270 367 48 211 212 152 315 284 382 0
387 230 391 264 70 294 360 271 143 15 146 308 22 24 89 154 0
396 272 273 19 20 24 290 167 65 200 334 212 88 223 112 113 377 123 383 0
36 166 71 9 74 236 401 146 307 212 309 86 179 242 313 186 187 223 0
224 33 290 291 358 107 140 368 114 405 95 57 156 29 190 351 0
160 66 217 70 102 200 10 11 251 399 241 176 244 249 187 189 191 0
6 272 146 24 288 160 293 44 46 310 56 58 61 351 239 116 373 121 124 0
66 26 164 38 168 81 180 181 277 182 313 122 91 252 61 350 375 0
258 264 395 269 398 142 402 21 32 162 72 331 205 80 120 98 230 371 376 0
1 353 195 388 40 73 106 395 155 28 360 399 188 86 185 347 124 93 0
134 262 397 283 162 175 50 309 56 58 314 196 334 346 348 355 356 113 253 0
131 344 165 392 233 266 74 104 205 78 207 208 311 120 219 348 349 319 0
387 260 262 135 161 164 167 168 171 174 187 63 323 199 212 230 108 247 124 0
248 256 67 196 169 300 269 346 251 208 120 216 377 90 59 28 24 383 0
32 289 320 35 102 198 9 302 398 274 179 309 30 377 122 124 126 0
1 321 99 70 327 138 237 207 273 113 179 277 375 25 250 0
67 198 264 361 10 202 332 398 399 48 78 175 177 405 341 311 317 254 0
386 228 229 36 231 388 105 108 270 335 48 283 21 249 186 59 0
384 35 196 261 7 392 106 43 366 18 19 180 309 152 91 316 94 0
130 259 388 386 292 291 40 66 140 77 16 403 276 53 312 92 93 0
225 290 100 324 388 167 232 77 238 109 16 400 82 83 118 153 347 0
160 2 355 36 101 263 235 205 142 305 178 147 212 244 84 380 92 190 0
196 165 136 233 330 203 332 140 46 271 236 305 50 179 403 243 181 349 0
98 135 200 329 42 394 109 46 80 176 81 340 117 87 376 90 220 317 0
139 23 280 286 32 299 51 311 62 68 197 328 208 218 98 238 112 248 124 0
192 163 327 335 240 241 242 19 308 179 337 311 88 91 156 125 0
33 324 325 37 394 106 301 335 241 19 181 149 215 314 380 350 0
136 265 137 16 401 153 30 33 38 49 320 205 210 91 227 112 376 126 125 382 0
66 35 163 101 165 227 5 44 268 17 114 21 405 22 182 31 63 319 0
384 321 34 387 320 69 166 359 169 108 19 125 279 56 252 61 216 0
193 290 35 132 361 74 13 398 239 367 401 82 179 340 310 63 0
352 65 130 322 196 192 39 238 399 80 49 53 122 284 62 127 0
256 128 66 3 292 327 45 366 304 17 113 403 149 377 154 380 0
193 228 105 202 43 106 301 210 50 308 245 278 316 251 92 93 0
161 257 163 356 233 267 207 112 18 147 87 56 217 90 155 152 0
227 35 37 387 7 103 201 203 331 300 146 212 54 151 91 220 349 222 0
99 323 326 167 296 393 74 203 172 75 46 335 402 275 310 280 120 0
265 267 142 27 32 292 169 308 73 74 330 208 214 345 348 355 106 115 124 0
128 290 3 390 361 298 108 109 78 341 214 24 153 218 123 92 349 0
96 99 68 235 314 334 50 147 402 244 117 246 146 185 84 286 255 0
359 72 202 10 109 175 152 211 276 87 248 121 218 27 156 61 191 0
321 193 195 388 261 191 359 394 398 302 347 341 214 152 281 251 383 0
5 294 249 247 393 330 169 38 48 273 19 374 30 253 123 61 318 351 0
384 322 354 162 357 70 59 138 332 301 398 178 373 54 23 27 349 63 0
324 293 263 392 76 346 174 303 209 210 115 376 249 282 348 285 222 0
356 198 38 397 109 207 269 370 371 372 213 147 375 344 185 123 156 62 0
261 403 159 34 291 165 41 309 316 189 322 67 69 89 92 350 224 368 127 0
5 264 395 270 15 155 161 37 298 301 48 61 63 319 205 86 88 356 102 0
64 352 257 324 171 236 141 44 78 203 368 244 22 343 152 281 186 191 0
261 197 39 73 298 331 202 237 174 235 80 369 274 273 116 371 209 0
1 2 355 41 332 333 80 49 50 19 245 118 151 310 345 253 126 0
320 227 38 103 326 167 42 299 264 333 302 367 173 270 76 180 61 0
64 322 162 389 250 171 203 110 112 50 309 150 214 344 278 215 247 190 0
193 258 355 101 262 37 328 40 267 300 240 305 347 275 151 217 379 94 0
385 90 295 8 235 299 43 15 368 49 81 372 246 122 349 383 0
38 168 266 75 155 141 110 91 368 111 378 140 114 120 249 154 59 319 0
258 227 259 131 322 359 136 172 302 146 51 117 86 151 187 189 254 287 0
226 132 263 41 106 107 203 170 398 11 43 114 188 370 150 86 220 158 0
352 354 162 387 261 296 329 73 331 300 49 404 119 184 122 380 0
224 90 6 359 198 297 104 140 333 49 381 338 404 189 280 282 155 125 0
147 405 27 30 158 160 32 162 165 60 200 213 122 371 372 246 119 376 250 0
260 136 11 395 140 282 32 38 41 297 177 180 62 190 67 333 78 107 237 0
33 386 99 164 325 38 166 360 202 333 366 85 57 90 317 190 0
385 195 4 37 70 167 140 174 270 241 29 307 54 23 88 313 61 63 0
280 130 322 37 72 40 397 78 239 340 85 341 245 216 217 380 30 95 0
352 129 191 261 6 234 396 237 398 367 215 376 183 216 61 95 0
388 4 264 273 146 27 155 156 292 299 310 316 200 77 78 360 373 378 251 0
248 289 131 8 138 43 395 13 239 80 273 306 369 213 23 280 125 31 0
320 385 69 168 109 142 378 143 81 146 372 149 247 312 90 284 152 127 0
289 354 249 390 71 74 10 46 208 49 304 372 244 120 313 29 0
2 135 12 274 19 151 154 292 293 295 43 47 76 208 343 221 106 112 117 0
224 352 322 162 228 166 329 107 366 15 18 278 86 94 123 156 190 0
323 388 70 72 205 174 301 337 210 370 52 181 339 82 178 27 343 0
65 386 68 230 232 393 298 300 13 301 303 111 176 24 154 123 92 157 0
64 257 357 359 186 108 47 49 18 402 371 316 311 282 92 125 31 0
192 132 228 392 59 75 76 272 337 51 84 117 56 218 155 120 0
194 387 228 360 361 250 302 145 241 147 211 19 402 182 376 90 284 0
131 132 389 154 284 163 41 43 48 51 52 318 327 88 351 355 230 363 247 0
159 259 387 133 170 367 208 79 146 115 117 247 120 56 27 190 350 286 0
384 394 281 284 297 169 300 184 63 204 339 86 218 221 353 361 109 124 125 0
97 99 68 262 136 169 138 139 235 237 268 43 176 118 124 349 95 0
289 132 292 390 265 45 301 399 239 46 309 245 120 249 314 255 0
355 259 389 70 38 232 264 330 260 364 112 304 403 372 149 341 212 29 0
384 320 225 201 330 75 237 303 80 18 274 20 212 372 340 280 244 346 0
288 195 100 132 6 198 232 73 299 76 15 209 115 53 216 317 189 0
99 132 292 39 206 15 336 208 404 373 150 215 88 25 124 93 0
269 13 144 29 290 38 296 307 60 319 66 326 343 360 109 113 369 374 120 0
384 193 37 71 238 303 239 111 146 210 308 175 278 315 348 63 0
228 166 39 328 201 393 360 44 109 141 46 242 115 308 343 312 249 314 0
65 4 38 266 299 44 11 368 112 146 400 373 182 183 344 22 186 375 0
135 136 394 400 274 21 32 163 42 178 51 57 335 82 214 91 94 358 247 0
1 164 293 101 167 294 59 238 304 275 20 184 126 155 221 94 0
385 387 102 231 198 122 234 138 106 45 334 47 112 84 56 217 250 0
160 256 258 163 68 288 357 107 45 174 239 302 373 54 309 24 25 0
198 327 6 41 72 300 399 112 15 82 303 149 54 55 379 0
33 258 261 326 39 264 172 141 177 242 179 149 183 121 284 287 0
159 325 326 198 104 137 197 294 103 111 175 273 156 252 381 126 351 0
256 65 382 165 326 7 232 393 397 175 283 209 242 52 119 251 318 0
128 2 131 8 144 297 46 302 309 312 71 84 97 227 356 355 230 235 236 0
2 294 359 390 137 16 273 210 17 242 245 278 246 342 58 283 0
131 166 329 170 43 10 109 174 47 176 305 82 211 314 153 90 254 0
288 129 162 323 354 37 1 226 40 170 269 17 340 184 346 347 188 0
3 292 293 390 167 264 232 260 363 236 141 300 16 80 114 150 30 0
320 353 194 290 69 42 332 173 13 278 119 310 345 314 59 150 182 0
126 196 345 10 268 79 241 113 275 17 403 150 55 120 377 119 316 62 0
289 163 164 37 390 388 234 11 267 176 81 177 374 216 380 88 120 318 0
288 162 387 169 363 206 47 378 368 274 19 247 376 313 90 156 222 0
164 71 267 141 269 271 47 111 208 242 206 56 121 58 283 120 189 0
289 121 131 388 5 264 169 202 330 76 9 110 47 170 305 371 185 0
64 352 257 355 292 68 166 105 123 268 177 401 307 118 25 90 283 124 0
258 136 9 27 285 163 38 170 172 300 177 306 52 92 220 362 364 365 112 371 0
265 266 267 273 285 163 291 167 301 313 322 67 340 342 352 356 362 110 250 0
226 390 262 71 330 331 204 11 251 92 50 182 121 379 60 29 0
384 293 326 104 10 14 238 16 336 335 347 206 29 344 154 91 381 0
320 258 163 165 262 269 141 272 50 339 20 341 274 312 250 380 254 0
193 34 68 358 265 266 335 17 211 404 117 182 87 25 89 283 62 0
128 350 162 260 4 357 27 137 200 299 331 270 80 214 155 190 381 158 0
1 230 134 390 169 394 59 46 303 144 81 401 367 242 215 248 283 0
290 386 90 313 393 362 363 175 176 208 335 403 310 311 280 185 150 0
64 1 197 102 39 8 140 141 49 370 308 279 57 250 27 125 382 383 0
160 321 162 185 100 389 194 102 387 330 363 396 146 53 245 25 28 93 0
121 385 163 37 69 234 267 18 211 180 341 51 22 24 345 403 62 255 0
391 142 274 18 405 287 297 171 300 176 307 81 213 346 100 361 106 371 250 0
159 225 288 3 132 292 259 2 238 240 273 211 181 151 25 156 189 383 0
225 382 3 258 69 166 137 43 396 173 395 50 220 23 122 156 94 0
96 38 392 41 264 137 364 74 79 112 177 83 20 21 309 278 191 0
131 389 7 266 18 27 292 42 304 50 312 184 314 195 69 224 111 247 123 0
97 322 3 358 38 395 44 139 398 334 107 403 84 245 26 284 61 286 0
192 130 163 36 261 39 170 45 78 48 403 340 118 23 88 24 54 316 0
289 34 4 68 229 359 38 299 363 15 179 404 244 216 185 154 24 0
256 163 132 357 358 103 232 76 140 367 240 17 305 241 310 286 95 0
288 65 161 163 103 363 203 13 337 51 243 21 183 185 26 279 253 287 0
257 163 228 36 201 138 364 83 372 277 115 189 376 380 88 279 157 319 0
225 386 130 67 197 262 324 129 43 108 304 401 338 152 347 349 0
260 9 267 20 40 173 319 321 199 328 337 347 219 222 228 359 362 111 372 118 0
289 36 388 7 264 201 367 80 315 210 347 55 248 24 379 0
4 285 34 173 176 307 62 322 330 336 210 88 94 231 232 105 236 242 252 0
128 321 356 229 294 102 44 300 76 77 304 115 276 30 190 317 62 0
259 20 153 30 159 286 167 169 300 55 184 187 74 89 363 364 114 253 254 0
65 228 293 392 10 45 110 15 399 207 148 373 341 152 24 120 254 0
192 193 226 225 11 268 398 367 399 15 307 244 380 379 60 349 0
352 193 354 102 345 266 298 302 14 48 49 244 117 25 378 156 57 0
257 259 8 402 153 294 38 42 48 319 65 325 200 336 341 342 224 104 362 381 0
385 2 292 231 295 41 140 108 302 303 270 81 301 52 315 0
384 392 270 398 277 283 155 162 295 41 49 306 317 64 332 79 226 236 241 370 0
129 2 387 135 136 263 141 405 280 157 44 47 311 314 190 194 76 342 353 354 100 235 0
257 261 137 10 15 17 20 29 296 318 73 74 209 337 86 214 102 103 363 110 247 0
66 390 265 145 148 117 342 157 0
258 7 263 274 275 278 24 154 30 164 46 176 188 60 66 77 232 111 375 254 0
128 130 387 135 395 18 46 306 60 192 65 195 196 74 75 333 334 343 346 352 100 252 377 124 0
320 227 324 137 10 138 299 349 302 304 50 371 310 87 247 28 29 318 0
6 135 265 14 143 145 402 277 152 26 55 64 198 216 217 96 99 106 117 252 0
3 11 147 277 284 180 313 196 324 329 206 334 92 95 351 231 110 112 116 118 123 254 383 0
288 66 67 134 361 171 81 220 243 25 60 93 255 0
128 138 395 268 269 143 273 154 161 175 307 193 72 338 365 367 240 379 124 126 0
393 14 15 36 37 174 176 51 330 332 335 219 93 226 230 358 235 236 242 115 373 0
260 12 13 17 402 404 279 170 186 200 73 328 209 337 232 250 252 382 255 0
192 129 130 291 324 262 299 364 333 238 395 305 375 217 347 188 157 254 0
6 266 394 398 402 157 167 173 51 179 184 313 59 324 73 352 356 229 230 357 112 372 117 0
132 392 394 145 276 149 153 174 177 307 53 62 66 76 347 97 102 104 121 124 0
256 2 134 279 39 302 310 185 57 74 330 214 120 223 360 107 111 242 248 383 0
386 271 404 282 157 295 300 54 314 318 190 191 65 69 210 346 219 222 354 104 364 365 121 0
384 263 391 9 395 140 143 400 278 284 28 44 300 302 177 327 79 336 82 220 348 365 110 366 254 0
387 260 261 263 265 147 149 26 30 172 177 179 182 58 188 328 331 209 350 356 234 381 254 0
256 9 270 276 151 283 159 161 34 39 169 44 175 310 67 330 337 226 374 0
2 135 150 280 283 43 311 184 188 190 66 73 204 81 230 362 365 240 376 0
2 16 25 155 168 43 299 48 177 57 318 62 324 206 90 348 221 233 361 116 0
136 401 150 166 167 178 181 309 320 65 196 73 74 207 85 95 362 369 377 380 0
129 258 390 263 264 393 394 19 278 26 290 42 299 52 308 311 185 318 72 200 338 212 216 347 107 113 371 0
387 267 269 15 403 276 37 293 295 43 47 303 313 195 196 324 198 211 84 340 219 350 360 106 362 114 247 377 254 0
129 66 258 324 169 298 329 108 78 143 145 52 154 124 253 0
133 6 262 389 390 148 149 23 280 171 307 313 62 194 207 87 100 358 103 110 245 374 122 383 0
129 3 4 7 138 276 156 162 164 295 169 189 324 200 336 212 101 111 127 0
399 284 296 298 299 307 180 311 56 184 70 221 222 351 363 236 112 252 255 0
7 272 20 149 159 289 290 292 37 300 49 52 57 64 200 204 206 335 82 220 351 358 109 367 370 116 247 376 124 0
258 259 261 14 399 145 282 295 173 302 178 316 60 67 72 203 76 333 337 347 227 107 0
132 260 263 391 11 151 29 163 39 306 52 187 201 204 86 87 215 217 94 355 103 232 109 237 366 371 0
387 100 6 154 362 236 13 47 80 272 179 213 120 185 122 220 0
160 258 259 196 299 173 45 241 115 275 181 23 215 311 0
257 130 133 6 276 280 154 283 162 292 295 298 43 183 56 184 208 89 228 101 109 366 240 117 252 0
195 324 229 344 170 75 234 173 110 219 176 363 82 306 214 248 57 59 0
137 268 398 288 37 170 171 44 175 179 62 65 321 75 335 223 100 366 371 117 123 254 0
385 2 264 138 15 403 281 292 40 181 313 63 66 326 72 200 75 334 209 86 97 233 236 238 375 0
1 3 263 15 288 299 181 58 60 62 201 81 213 343 105 366 369 115 118 250 0
386 390 391 136 144 22 27 284 286 50 308 195 207 83 211 354 100 101 105 253 0
224 65 97 162 321 71 232 299 240 337 114 340 182 57 250 252 30 0
2 132 134 142 28 287 33 295 40 53 55 314 194 330 340 213 346 355 359 113 246 0
131 135 137 265 141 402 281 292 298 184 190 67 73 211 213 216 347 350 224 234 366 378 114 122 0
226 163 217 291 134 199 263 41 202 44 336 113 180 150 152 153 90 123 0
288 350 98 355 326 40 233 264 300 13 364 176 276 181 55 59 343 351 0
132 5 261 285 165 295 296 172 48 188 191 193 194 322 68 71 329 218 351 227 355 359 105 106 237 112 241 368 119 252 0
269 14 18 151 157 32 288 42 181 313 314 193 326 199 79 87 88 90 349 232 234 362 237 111 367 246 379 0
393 399 273 155 29 32 291 298 51 180 67 195 75 337 346 91 105 239 376 127 0
1 195 389 102 264 10 75 236 49 84 119 280 250 0
128 7 9 140 272 19 149 280 161 323 325 82 225 107 364 114 247 253 127 0
160 288 259 100 392 364 365 366 272 209 115 20 117 90 0
15 403 149 282 161 171 184 186 200 73 74 342 87 346 224 360 110 238 371 252 0
1 135 8 265 22 283 155 164 40 316 188 323 201 209 87 88 90 111 113 0
292 165 122 247 137 42 218 44 296 85 373 151 26 59 381 0
263 395 268 19 27 39 173 184 193 66 195 83 211 343 88 90 351 96 95 356 102 0
385 132 389 6 138 278 286 295 186 60 317 208 338 211 226 234 112 241 381 0
225 194 198 167 230 233 43 235 47 145 306 402 340 341 87 311 0
129 2 131 4 258 385 135 11 140 279 36 166 294 40 46 302 304 57 314 73 206 79 335 340 218 224 102 358 105 363 366 239 113 242 248 0
65 162 226 197 70 39 202 172 109 181 87 250 155 156 126 351 0
266 267 154 163 52 312 185 314 61 330 79 336 338 87 352 226 102 369 120 0
96 258 4 164 264 202 12 173 206 367 16 148 120 27 253 383 0
4 12 13 143 16 274 37 171 176 53 61 196 197 202 102 232 362 114 244 0
12 141 156 31 162 299 50 179 52 327 73 331 79 343 347 348 219 350 124 0
225 292 165 262 200 73 41 173 398 143 400 113 211 215 311 254 223 0
65 354 195 296 123 236 299 238 367 112 176 307 308 21 87 27 157 126 0
3 131 391 136 142 143 271 146 30 303 48 308 344 100 377 238 366 112 370 121 126 0
260 7 396 13 271 20 151 155 157 161 166 175 176 54 310 313 69 327 349 94 110 113 369 382 0
257 388 6 392 139 395 401 275 148 155 161 170 176 304 179 53 182 186 68 201 333 216 347 230 236 241 369 0
224 193 166 358 200 107 11 109 378 395 81 145 179 20 369 218 381 0
230 7 262 326 298 377 76 77 110 49 339 308 182 313 28 0
258 134 141 271 402 147 275 278 24 26 296 174 302 66 333 336 209 87 217 97 226 357 116 117 123 255 0
131 391 265 10 146 19 404 283 157 34 294 171 314 316 123 238 114 247 379 381 0
259 7 138 398 283 27 30 161 296 44 181 312 192 327 343 218 94 96 226 354 109 241 248 0
70 135 198 201 393 203 16 156 337 276 340 157 120 27 60 152 30 0
256 280 132 70 38 167 137 11 79 175 180 53 404 216 89 154 190 0
131 387 154 282 26 283 288 37 41 57 198 201 202 84 85 215 350 97 231 236 118 252 381 0
257 383 271 277 283 38 39 43 204 333 208 91 120 93 96 101 362 365 238 248 123 124 127 0
2 131 259 388 393 267 141 398 402 22 289 53 314 76 208 229 237 110 375 0
64 130 163 132 355 233 234 361 108 335 16 209 272 304 183 154 350 0
96 33 67 72 233 234 108 13 142 111 332 337 82 339 22 286 319 0
394 17 145 285 36 39 169 306 51 56 57 196 69 70 208 351 226 234 235 365 114 380 382 127 0
131 136 394 279 30 160 35 163 177 306 57 315 78 208 84 217 349 94 97 98 240 241 119 0
37 358 327 391 169 204 366 271 400 57 220 223 0
353 166 41 107 46 174 175 82 372 22 28 350 0
260 358 393 395 187 207 272 283 18 88 59 284 190 286 0
64 256 66 392 42 282 190 175 400 149 213 309 377 154 59 92 94 0
130 3 141 21 162 167 296 179 180 185 66 196 70 206 79 85 346 103 104 364 372 118 0
68 198 200 296 138 299 48 209 368 52 276 119 312 57 155 191 0
388 140 268 269 404 279 155 176 52 60 61 328 201 204 335 219 225 226 101 115 116 126 0
97 321 132 324 262 135 232 203 172 337 82 25 250 219 381 350 0
384 129 3 11 404 405 32 295 170 45 49 190 64 193 328 212 87 100 231 359 122 0
135 11 13 147 151 282 154 36 37 164 167 169 170 303 49 51 203 334 350 354 356 361 111 381 0
131 5 262 137 398 271 144 400 405 159 33 39 305 50 190 191 76 206 89 90 222 236 364 110 365 245 247 381 0
134 157 167 177 182 311 58 323 92 221 94 351 106 107 108 236 247 120 377 0
384 259 389 16 145 151 24 163 292 300 173 178 308 182 186 64 332 88 349 350 365 112 115 379 0
2 268 26 156 160 166 39 300 185 190 326 327 328 206 335 220 99 363 365 241 0
130 259 395 12 144 151 153 298 299 301 48 308 65 68 70 89 218 220 349 355 102 359 127 0
97 354 292 101 102 72 200 218 250 366 337 379 116 280 58 315 61 286 0
64 224 162 288 321 324 325 169 298 155 142 338 179 244 371 379 27 0
131 7 11 139 269 18 20 276 24 291 41 169 170 44 304 305 197 77 208 88 102 103 232 237 239 244 0
7 40 301 178 183 312 188 61 73 332 335 337 338 84 342 349 96 359 382 0
256 356 136 266 362 237 110 47 175 338 19 180 213 119 345 247 189 0
161 130 67 227 325 103 297 42 77 110 366 112 304 404 182 282 156 126 0
387 392 395 20 24 154 31 170 43 175 61 62 320 77 205 211 212 85 340 358 232 111 242 252 127 0
162 291 73 330 299 394 112 176 19 89 282 94 0
2 130 141 149 161 34 163 294 176 189 193 70 202 330 348 94 235 109 365 118 124 253 382 0
265 267 268 273 146 147 25 283 292 40 304 179 307 317 195 91 220 221 227 232 363 247 253 0
194 387 5 38 166 198 170 78 302 272 145 115 211 343 347 375 0
1 131 132 133 165 249 168 344 206 80 17 49 114 86 183 152 185 216 0
130 163 197 394 314 173 13 269 371 403 376 26 221 0
288 34 382 229 389 360 141 238 79 239 303 367 213 215 153 221 30 0
257 386 263 139 395 399 145 146 19 274 21 23 179 316 336 210 212 93 356 102 380 125 126 0
7 145 18 276 149 283 30 293 169 297 45 307 180 56 67 326 80 347 97 356 360 248 249 0
257 9 138 395 282 288 41 186 192 196 201 206 219 351 223 356 238 112 115 118 121 0
1 129 259 140 15 16 144 146 399 155 297 172 57 186 192 321 210 346 348 221 349 237 371 124 125 0
257 258 261 10 16 144 402 149 279 164 165 308 311 63 64 333 80 81 342 356 112 0
389 264 140 268 269 162 165 309 314 187 193 209 212 91 223 365 366 375 377 381 0
261 392 267 275 155 36 37 40 47 57 200 330 217 91 226 105 116 120 381 0
389 11 273 403 285 164 169 303 307 55 57 327 207 87 221 224 227 102 232 361 369 371 0
352 257 37 357 135 40 167 186 171 295 206 219 271 90 187 62 223 0
389 140 404 282 154 287 172 305 180 186 327 330 338 216 98 230 359 107 115 119 255 0
224 259 7 8 136 169 263 328 271 273 337 115 275 85 403 220 286 0
385 132 136 9 19 20 404 150 278 24 288 33 170 171 45 46 48 307 53 185 194 195 197 212 348 102 372 123 0
3 390 391 269 14 397 18 402 278 26 157 163 307 57 72 76 341 101 102 361 107 110 369 373 248 249 0
133 7 392 397 142 16 144 296 42 173 180 65 67 323 333 343 91 351 235 365 110 115 0
265 402 149 278 154 26 35 175 53 58 317 321 197 329 84 342 219 347 360 106 235 242 118 248 250 254 0
5 392 9 146 166 295 300 55 185 59 318 320 68 204 337 338 85 341 94 102 236 116 124 0
288 227 196 42 300 46 219 335 315 274 347 244 400 86 376 186 59 158 0
258 262 392 12 346 47 271 303 114 400 402 277 150 152 218 348 381 0
2 131 263 13 269 400 285 169 172 45 49 71 76 337 357 231 234 110 240 116 117 0
257 131 132 141 270 403 276 288 46 184 186 340 214 220 222 224 108 367 374 247 377 0
263 12 142 143 24 157 31 301 174 70 339 87 90 221 94 358 111 239 377 0
384 65 356 199 231 392 74 331 236 143 402 211 277 313 30 0
384 260 388 6 264 140 397 147 279 155 27 30 295 174 307 188 62 191 64 195 71 201 88 222 356 229 249 231 232 234 236 364 368 370 375 376 121 0
160 1 33 132 165 229 377 74 362 397 240 210 211 307 214 249 155 0
262 135 143 275 404 405 27 40 41 302 175 307 183 315 62 324 77 342 215 220 224 356 362 366 122 0
1 395 271 24 159 169 301 174 55 58 193 324 326 331 334 208 340 221 222 98 100 360 366 116 383 0
225 36 38 231 262 233 298 267 236 45 187 283 81 22 374 376 154 91 0
129 257 6 134 263 143 277 282 47 190 321 324 77 334 337 88 90 221 350 358 0
321 296 265 74 392 236 174 15 206 113 86 119 383 0
2 392 144 403 404 153 26 27 300 48 186 315 60 331 208 340 341 216 234 370 117 248 253 0
385 386 387 136 278 153 25 30 160 174 48 304 179 185 58 59 347 353 249 121 0
398 20 300 47 182 188 193 70 331 205 335 342 343 120 227 355 102 234 235 375 248 383 0
387 262 9 269 270 399 146 286 293 41 45 53 309 183 73 79 336 99 370 124 0
263 271 16 399 401 275 154 286 160 294 299 185 60 199 201 205 226 106 364 250 381 0
64 318 321 384 292 38 198 72 313 362 208 336 276 374 279 248 89 30 0
1 258 134 272 400 146 19 154 161 163 42 177 313 60 64 73 331 216 227 110 376 126 0
33 162 163 259 197 70 167 199 137 200 201 267 388 143 82 185 254 0
256 2 132 268 141 296 172 51 317 62 192 221 96 365 373 246 378 253 254 0
258 393 140 147 280 154 289 290 297 172 53 314 317 190 67 70 206 208 234 371 117 248 0
266 268 404 21 279 41 42 62 65 195 83 87 90 226 103 359 366 373 376 0
389 138 12 271 295 299 43 47 175 313 58 317 64 77 81 220 350 358 110 240 368 248 250 252 381 0
2 195 100 324 201 106 172 269 110 332 113 82 214 188 30 31 0
164 5 135 231 142 79 206 81 222 242 180 215 281 28 189 30 0
1 261 139 141 15 21 157 36 52 311 195 203 212 340 342 92 351 227 367 381 383 0
195 37 391 232 73 267 141 206 49 371 151 88 347 279 318 0
390 136 11 271 272 283 29 46 176 312 331 78 88 346 219 98 111 114 373 377 0
225 34 386 5 69 7 362 267 44 365 240 304 274 340 182 121 318 31 0
15 271 146 288 162 38 297 170 171 45 301 176 337 339 216 354 102 105 371 0
1 140 274 21 151 282 36 164 38 39 176 198 334 214 223 361 242 244 125 376 253 0
256 2 259 133 10 396 15 271 18 279 156 41 172 62 319 194 226 232 376 250 0
386 131 135 11 282 159 31 37 40 173 178 51 188 61 319 203 339 213 92 223 102 237 247 127 0
129 385 4 143 276 156 33 169 54 191 195 199 203 331 206 211 84 358 233 361 362 237 245 254 0
135 265 393 14 146 276 277 151 153 302 52 62 79 208 85 215 106 381 254 0
352 130 35 249 38 391 42 170 275 276 85 373 185 253 190 0
259 135 264 272 149 33 301 302 52 182 69 326 72 328 206 87 227 231 104 105 366 0
256 4 394 395 44 180 314 318 319 62 82 212 89 218 94 103 367 241 120 380 382 127 0
288 1 129 37 295 136 73 9 105 137 264 334 391 145 371 217 250 125 0
131 134 266 140 273 276 293 178 51 310 58 189 61 324 88 98 232 363 237 365 367 245 374 254 0
262 269 398 147 284 285 40 41 168 47 60 64 65 335 347 93 96 109 367 247 381 0
99 356 249 166 262 72 345 141 47 271 50 402 52 53 375 57 58 0
130 134 392 17 405 301 308 316 188 65 206 82 85 214 119 87 224 110 116 373 247 123 0
136 159 32 306 307 53 58 71 74 333 206 340 346 223 352 229 102 359 368 241 127 0
192 65 163 389 7 8 136 298 12 79 208 239 50 184 377 156 254 223 0
69 261 10 13 114 84 149 277 341 88 222 351 0
320 195 8 169 141 366 47 177 315 179 52 402 374 183 403 281 247 284 0
128 257 13 397 400 17 280 159 293 40 176 180 190 199 75 80 94 227 115 116 381 0
4 260 264 268 396 16 274 22 23 163 165 305 326 78 339 213 96 226 104 364 238 249 0
161 385 197 39 392 201 202 303 145 305 149 373 87 317 343 351 0
130 258 147 275 403 24 164 173 56 184 189 71 330 337 346 102 106 363 108 246 383 0
257 130 388 272 149 155 287 51 180 311 57 61 194 325 326 343 92 227 235 108 115 0
4 265 138 141 143 149 25 163 176 179 320 324 197 199 72 206 208 226 229 365 239 119 378 0
3 195 356 295 233 298 77 177 306 149 279 217 92 93 94 375 0
12 269 398 143 290 180 69 73 206 336 339 212 88 94 353 98 232 376 254 0
139 12 13 141 398 27 157 290 163 294 170 308 193 69 87 101 105 116 127 0
352 66 226 38 39 233 107 239 271 19 247 217 279 0
132 261 13 397 149 24 169 42 186 315 195 78 81 346 219 353 364 240 378 254 0
68 196 167 72 41 265 328 331 366 304 51 371 117 214 217 90 221 351 0
266 397 272 23 282 36 299 175 308 309 195 323 206 84 214 90 222 350 375 97 225 100 238 243 118 374 123 253 0
6 138 141 277 28 293 303 179 53 182 319 198 72 82 339 93 227 101 362 363 366 240 241 117 0
161 257 35 255 101 6 263 41 170 201 298 77 175 280 286 189 94 127 0
2 263 137 265 393 18 405 282 157 30 295 302 333 206 335 338 220 93 229 232 360 243 255 0
291 292 294 359 9 170 141 311 339 340 151 283 124 157 127 0
67 383 393 202 75 106 331 334 271 208 274 402 403 181 215 283 223 0
4 392 144 18 20 277 291 295 169 170 48 182 319 321 66 72 201 83 229 230 236 367 241 0
261 391 27 156 286 294 302 48 179 313 314 196 324 199 203 93 355 233 110 0
1 131 138 281 38 43 45 187 188 61 69 206 83 93 221 226 354 231 359 116 379 126 0
5 392 265 268 23 26 158 36 298 58 187 76 206 79 210 340 351 358 231 366 246 0
266 270 145 151 283 285 31 33 166 300 312 314 187 316 189 79 358 110 245 120 121 0
258 131 260 396 274 26 288 165 301 177 312 185 327 200 333 208 85 220 356 101 108 236 238 368 247 124 0
390 12 144 273 403 281 282 289 41 307 53 188 60 61 69 327 347 102 104 366 369 0
387 261 136 392 138 271 274 283 298 304 61 321 69 215 348 93 99 229 358 236 237 0
134 391 9 15 144 272 273 292 39 169 171 300 56 66 324 327 81 83 101 358 122 383 0
129 258 6 270 145 163 167 184 188 327 203 81 210 88 223 358 250 125 254 0
256 130 131 5 6 266 267 17 147 157 32 39 42 47 194 200 75 351 229 361 106 364 365 0
2 4 133 138 18 282 30 293 38 169 45 173 50 308 55 328 217 348 101 232 238 0
129 259 36 39 9 234 156 274 23 313 315 60 253 0
135 393 15 400 274 156 35 47 303 308 57 186 187 317 329 337 215 217 90 219 232 369 0
131 388 264 140 16 149 156 285 29 32 187 60 65 67 91 348 222 362 107 375 0
320 43 12 204 334 303 81 337 83 181 249 378 252 0
32 33 66 389 326 7 282 207 336 402 51 148 278 310 154 189 0
132 260 141 397 398 399 34 44 174 179 181 185 59 325 201 334 335 343 97 98 100 109 368 374 0
129 260 8 138 11 15 16 272 18 152 282 155 38 177 52 180 54 62 71 229 381 0
96 223 3 134 263 169 265 395 272 49 82 148 29 31 0
64 163 196 319 376 295 390 43 365 82 149 120 283 31 0
288 290 387 9 76 239 149 405 247 284 157 0
132 260 264 140 145 24 155 33 34 296 42 170 298 47 52 180 181 184 187 64 193 67 81 215 94 234 109 365 379 123 0
264 149 405 170 181 323 206 207 340 350 94 97 231 105 364 239 368 369 124 0
258 99 4 324 230 135 202 304 18 274 180 181 221 0
64 1 256 323 356 38 6 72 267 174 206 152 346 283 252 318 0
257 135 392 13 141 24 25 30 32 37 303 179 195 334 209 211 84 215 348 221 349 243 253 0
130 35 227 5 390 167 391 9 202 236 109 302 143 80 374 314 94 0
1 265 141 400 153 35 166 44 180 53 54 320 66 73 85 91 224 104 234 107 0
160 280 100 68 102 170 207 283 304 339 21 118 55 149 187 284 221 0
256 385 11 276 150 154 164 300 304 309 316 320 86 89 223 96 355 357 102 359 104 365 238 115 124 0
138 139 266 272 19 275 283 35 291 179 180 309 310 311 315 189 85 219 233 365 115 248 0
128 2 272 20 152 293 166 169 52 308 314 70 328 82 339 219 93 222 349 96 104 372 121 250 125 0
98 356 361 234 174 78 208 273 334 115 86 214 374 282 0
258 35 37 102 261 201 74 46 78 334 307 276 86 280 218 349 62 0
130 260 264 392 267 403 149 150 154 289 290 38 41 47 176 49 306 52 311 192 327 331 336 211 84 214 99 355 231 104 234 241 375 383 0
2 262 393 10 266 272 276 150 152 282 38 187 319 195 331 337 88 218 100 365 239 250 124 255 0
224 225 323 325 295 40 327 267 12 17 177 211 370 376 185 284 0
129 259 390 137 403 21 24 281 27 288 162 172 49 52 180 311 189 323 213 94 354 371 117 374 0
224 193 352 163 292 353 231 266 171 399 212 21 60 0
323 261 40 296 138 203 335 176 308 182 380 186 92 382 191 0
134 7 265 397 151 287 292 169 298 299 181 182 317 65 341 226 106 373 124 253 0
32 321 290 327 331 237 367 272 82 213 26 155 0
398 271 146 405 161 163 292 55 311 185 316 66 200 76 337 87 350 354 357 102 359 105 361 109 0
129 389 392 265 138 394 268 143 404 27 41 308 187 318 192 206 209 82 84 214 343 103 239 246 374 381 382 0
129 130 269 156 299 44 174 303 304 56 189 196 206 88 102 104 234 125 381 0
128 132 390 391 142 398 274 26 285 299 177 308 186 315 192 67 76 353 241 371 245 252 382 255 0
129 130 136 395 398 271 146 280 284 34 50 185 187 74 103 107 235 376 122 0
2 387 136 13 400 21 277 151 29 175 55 312 321 330 75 85 350 351 225 375 250 379 0
1 261 134 140 14 146 278 282 158 286 40 302 47 188 72 84 353 107 108 238 242 370 379 0
131 70 200 392 332 46 79 176 368 371 212 405 375 24 314 27 348 350 0
33 385 6 326 266 78 208 402 83 179 149 213 316 313 219 188 62 0
256 129 130 387 264 392 12 13 268 399 17 22 155 166 45 176 49 181 182 311 67 68 196 76 336 338 99 101 111 244 0
161 354 185 249 281 135 199 396 336 17 156 177 84 280 121 124 63 0
385 4 261 9 265 395 156 158 290 166 169 310 189 193 195 88 219 120 226 358 110 248 378 0
257 100 164 356 359 72 136 43 13 335 368 81 179 52 148 214 151 220 0
293 136 300 396 46 302 400 210 243 24 153 186 0
129 393 398 15 274 149 156 29 31 163 310 61 64 201 79 207 81 337 218 97 233 365 381 0
391 11 12 268 395 30 297 299 55 61 201 329 334 208 213 92 95 353 238 115 117 248 0
192 197 10 42 202 45 84 308 278 279 152 185 219 60 157 94 0
2 260 264 267 140 268 19 147 282 27 28 185 324 326 78 84 220 349 351 356 362 0
128 33 67 35 163 387 167 327 170 298 145 52 21 182 246 309 404 318 0
130 10 281 32 292 64 65 68 71 200 76 77 212 88 376 230 110 248 126 0
290 67 100 227 6 262 326 298 267 175 112 113 211 212 308 54 216 250 0
5 6 136 393 10 272 273 36 43 47 49 310 184 186 197 198 213 90 91 92 360 105 361 112 245 0
67 292 261 359 362 395 239 16 367 370 339 85 215 62 383 0
32 191 321 357 38 390 328 265 302 243 52 379 61 62 31 0
2 3 262 135 263 394 38 171 46 181 188 66 203 80 338 211 85 344 217 90 93 104 0
131 197 261 201 42 170 236 237 110 267 365 374 25 157 191 0
193 194 67 196 122 364 378 175 15 367 400 404 181 344 26 348 223 0
128 129 262 10 13 281 284 300 180 314 67 197 71 333 348 222 356 360 250 123 381 0
2 389 135 138 400 145 21 280 27 160 165 300 175 303 51 318 192 325 198 336 337 340 216 351 232 107 112 244 375 248 0
321 194 385 324 293 70 7 295 359 11 173 46 47 124 95 0
129 137 266 399 22 150 27 156 46 308 322 196 338 96 224 232 234 364 116 0
130 260 134 262 17 149 160 171 52 186 60 332 77 354 361 235 239 245 127 0
2 5 357 71 167 206 144 184 284 157 30 0
9 12 15 405 152 26 161 304 180 182 315 194 205 79 217 101 105 366 111 114 371 245 248 127 0
386 132 140 18 27 35 169 42 43 47 51 190 326 74 206 81 337 350 247 248 377 382 0
97 319 40 233 203 12 268 398 111 175 400 402 180 244 184 222 127 0
12 141 275 20 22 151 290 298 44 175 51 53 309 310 57 325 338 84 214 93 106 0
6 134 136 282 292 303 49 58 189 200 330 79 344 220 229 362 365 238 121 0
137 393 268 155 28 159 38 167 52 56 192 324 69 203 91 222 352 98 229 102 107 126 0
1 393 145 150 156 162 166 169 175 177 182 71 203 331 87 218 93 232 233 240 383 0
269 142 274 25 289 164 170 48 177 184 321 68 326 333 81 337 214 219 220 110 240 114 254 0
393 12 19 403 404 27 288 36 51 188 65 193 67 199 200 77 214 215 343 360 236 366 122 124 0
160 256 35 227 165 295 8 169 138 75 44 111 16 403 21 317 0
2 258 132 388 393 402 176 67 327 79 208 81 336 220 96 354 103 362 364 369 0
130 272 400 404 285 163 173 46 47 314 191 325 326 334 211 343 216 90 107 363 365 366 241 114 117 121 0
257 258 385 145 277 278 283 155 163 164 171 173 175 190 343 219 230 237 239 244 0
256 6 13 144 145 28 160 47 197 79 83 339 340 343 222 350 226 229 236 117 119 0
130 261 143 146 405 159 51 313 191 321 66 202 337 84 85 229 104 118 126 0
96 37 230 389 73 363 76 400 145 82 338 404 250 92 190 351 0
136 146 403 151 285 292 294 181 315 316 317 188 193 73 337 210 341 227 108 365 110 375 0
10 268 271 283 30 33 161 292 293 38 167 294 59 73 202 78 211 344 350 351 360 107 368 252 0
386 5 398 16 400 19 155 27 32 162 163 164 291 318 72 341 347 102 249 127 0
130 261 389 148 153 283 160 295 299 176 178 186 61 67 198 72 201 336 211 94 107 364 0
163 259 165 38 103 391 393 45 242 51 402 0
386 163 356 294 167 73 137 43 107 265 15 368 52 27 220 29 127 0
142 271 273 277 24 283 285 29 62 194 322 69 327 72 206 353 234 365 247 0
265 400 401 279 161 162 291 40 297 50 179 310 321 324 74 333 245 377 123 0
258 387 133 264 13 298 306 307 311 313 329 333 88 218 348 223 101 102 357 105 361 107 115 246 122 124 254 0
391 12 143 157 38 168 172 173 185 313 57 326 327 340 216 92 222 360 236 239 376 124 0
387 132 6 393 138 148 282 26 292 176 306 311 192 200 328 210 347 354 120 0
141 402 279 155 156 295 305 307 312 190 217 89 218 351 356 114 125 248 252 381 0
259 132 275 149 156 28 30 35 36 40 311 189 61 322 204 350 222 235 372 0
129 130 3 263 399 18 281 288 167 295 299 172 177 52 65 195 325 210 212 215 216 220 356 232 239 118 254 0
258 131 132 133 135 12 403 154 284 42 51 181 58 318 320 193 69 204 98 226 111 372 120 125 0
1 394 397 270 147 276 280 38 47 179 308 183 58 78 207 83 350 354 239 254 0
385 132 397 143 274 148 277 23 281 27 163 298 47 324 70 333 99 231 363 110 366 369 381 122 123 252 125 127 0
97 356 261 7 204 400 209 18 50 114 146 119 156 0
318 66 258 68 229 259 201 171 172 109 303 17 50 20 375 315 126 0
129 257 134 144 155 291 173 312 188 192 67 208 341 86 89 346 219 351 354 227 377 117 248 121 378 253 0
259 261 390 9 137 13 398 285 34 162 45 178 79 211 220 352 355 103 105 370 252 127 0
263 136 144 25 27 286 288 172 303 309 310 189 76 84 212 88 350 353 99 101 241 0
141 402 277 28 159 34 42 299 300 60 189 193 331 332 336 214 97 236 376 125 0
274 19 25 164 37 51 307 54 310 312 58 190 321 206 210 85 87 88 344 218 249 361 242 247 121 0
2 134 397 15 277 151 282 164 38 43 185 57 201 336 90 221 230 360 107 236 0
256 134 400 403 21 279 285 29 38 167 41 46 197 326 76 334 211 84 212 214 222 235 238 379 0
96 65 100 391 171 366 304 180 149 375 315 94 31 0
257 258 386 260 262 9 267 273 280 31 170 194 334 207 337 340 87 90 357 102 234 244 377 0
2 290 101 198 326 8 168 200 233 236 400 337 252 86 56 380 120 125 0
128 7 135 13 274 402 165 169 70 335 209 83 85 90 221 226 124 116 380 0
1 132 260 264 394 400 291 167 169 301 179 308 65 200 328 329 79 337 343 223 97 359 374 252 0
256 197 103 327 169 365 334 111 335 366 84 372 216 26 91 60 222 30 0
128 129 131 132 261 390 136 12 141 274 153 163 49 57 187 319 88 94 230 236 114 371 118 0
128 129 260 140 16 274 281 26 283 290 38 67 355 360 361 236 364 368 113 120 123 252 0
384 386 132 263 265 26 28 43 175 303 181 58 319 322 324 76 210 87 347 99 110 249 122 255 0
288 97 291 355 69 37 201 265 11 269 17 19 116 118 157 221 125 375 0
225 385 132 27 201 78 209 55 119 153 123 284 222 286 0
1 137 13 153 283 30 296 300 301 47 306 55 57 191 192 67 75 336 343 217 349 351 232 242 116 244 0
3 132 268 396 400 276 280 25 283 156 35 37 173 174 308 324 331 89 352 356 229 233 110 370 375 376 122 255 0
264 137 398 399 272 21 279 24 282 172 302 176 189 191 70 209 90 219 227 358 233 364 110 113 376 125 254 0
97 312 131 195 136 41 394 346 110 306 370 184 250 27 284 285 254 216 0
256 2 135 9 13 269 277 288 166 295 169 298 305 309 54 314 319 206 231 381 0
97 102 361 203 267 363 206 210 306 180 149 150 213 152 341 282 0
395 140 23 153 25 157 162 163 39 175 186 78 209 82 341 92 352 362 242 0
69 200 361 203 300 365 142 272 82 115 306 279 282 60 127 0
130 134 149 288 169 302 176 178 182 191 65 201 335 336 214 343 220 94 97 234 107 113 121 0
6 269 145 277 405 279 280 37 293 40 296 42 47 175 176 303 180 316 324 209 87 96 109 123 0
392 267 276 157 187 192 321 194 67 195 323 84 218 91 220 349 375 122 103 119 250 0
33 2 326 377 46 110 303 18 83 178 85 214 313 122 27 348 0
260 356 102 396 269 365 111 304 339 340 374 184 281 250 190 0
129 258 290 68 360 77 400 242 147 252 343 219 220 221 286 0
129 261 391 400 275 293 169 43 302 64 325 202 210 225 355 108 110 124 255 0
384 385 101 263 298 43 203 173 206 269 302 304 337 19 277 221 351 0
129 391 392 11 15 399 18 281 282 155 27 28 30 292 297 308 54 312 314 316 192 196 219 101 360 373 0
34 322 6 7 330 299 108 13 46 173 301 396 211 180 278 311 88 27 0
136 276 149 22 160 169 304 51 59 188 318 326 214 91 220 94 226 365 240 249 252 0
10 25 27 28 295 302 61 192 325 211 340 343 219 94 98 355 229 365 374 377 253 0
3 262 9 145 35 173 185 317 67 195 70 201 204 207 335 337 82 342 88 216 346 224 225 354 358 232 233 110 118 0
131 265 19 20 26 291 293 169 173 175 308 311 197 348 350 98 226 237 116 117 248 250 0
1 162 69 262 326 136 105 140 172 397 175 176 306 340 21 214 119 252 0
1 4 389 393 271 284 286 159 31 39 47 74 336 209 223 360 238 112 374 0
128 256 132 9 137 140 15 150 156 290 302 47 303 196 87 90 353 99 361 114 116 126 0
259 8 138 266 397 149 34 38 296 298 177 63 195 200 329 202 90 233 109 238 0
290 67 35 4 200 169 264 296 334 178 117 149 247 216 314 91 28 61 0
131 7 8 139 146 276 290 291 170 184 195 341 86 87 221 233 119 377 254 0
162 387 196 136 233 265 297 395 239 400 241 371 340 214 348 317 316 157 0
141 142 19 29 286 32 37 41 173 46 47 176 185 63 326 200 73 201 225 105 244 247 0
389 134 400 403 277 282 161 35 165 167 172 303 312 188 60 68 324 74 207 337 87 88 97 232 365 0
99 36 165 38 74 235 236 365 174 239 334 222 86 310 189 126 0
354 196 6 263 296 393 17 82 306 180 371 56 218 220 0
386 233 361 12 271 18 275 403 149 245 278 120 90 382 223 0
320 382 324 135 167 298 171 235 314 271 335 373 374 119 377 26 286 0
258 391 264 12 400 146 19 147 275 279 35 308 188 319 328 76 89 346 97 356 232 237 0
258 131 391 395 140 271 276 405 279 35 173 310 55 60 76 335 339 103 233 106 362 237 239 112 240 118 127 0
326 265 10 106 266 329 403 180 277 86 343 313 348 0
395 13 397 272 24 282 283 46 176 177 56 58 193 323 328 80 95 242 378 252 0
384 134 392 394 269 29 291 51 307 188 328 215 92 349 221 351 225 226 358 366 121 381 0
256 99 67 3 260 135 265 106 331 300 110 303 81 252 309 156 0
133 278 160 34 39 300 54 192 65 66 196 70 200 82 89 218 91 94 227 231 236 368 375 251 0
1 393 18 155 295 176 308 60 190 327 203 76 204 80 340 85 213 344 224 364 110 248 123 0
2 390 267 15 24 288 40 298 175 184 60 62 66 195 328 74 334 340 214 116 117 373 0
192 97 288 353 354 134 136 328 362 337 213 345 350 127 0
193 194 225 323 38 39 71 41 393 16 211 307 246 55 381 350 191 0
320 130 36 37 391 204 349 206 364 148 212 118 279 345 315 60 29 0
256 191 193 257 101 166 136 265 203 397 272 343 249 154 379 60 189 127 0
132 264 10 276 152 29 169 297 172 175 55 186 188 65 193 68 70 326 327 202 335 90 92 98 239 122 0
1 132 37 107 44 172 78 335 50 404 284 55 188 29 319 0
388 136 142 148 149 22 151 27 167 295 305 192 76 87 217 223 95 254 381 382 0
64 33 193 256 288 289 73 234 361 401 347 308 213 348 283 124 63 0
261 264 12 19 21 25 154 292 42 45 301 52 180 314 315 318 71 336 107 364 241 0
355 324 390 72 392 237 110 47 239 116 86 216 282 0
392 12 273 35 291 37 38 292 299 301 176 181 310 61 200 204 85 341 91 226 229 247 120 121 0
65 2 195 226 227 259 319 72 330 236 314 176 87 281 282 379 157 95 0
288 161 194 137 201 234 394 398 143 16 209 210 403 148 217 155 0
130 388 141 18 149 155 290 163 294 44 172 177 316 192 76 84 346 243 246 375 0
262 265 399 157 29 30 160 161 46 54 69 330 333 337 213 92 99 101 102 357 233 235 254 0
260 390 264 17 280 26 167 42 51 316 62 88 91 106 108 110 242 115 372 250 124 0
398 17 153 37 165 166 40 41 167 302 189 61 193 329 203 209 215 88 222 232 233 248 0
225 164 263 398 175 112 145 303 275 20 180 308 249 284 382 0
131 265 266 271 17 277 34 163 305 51 309 66 195 210 211 89 218 99 359 360 106 242 379 252 0
5 295 392 10 202 375 369 311 51 275 149 181 215 339 25 279 125 191 0
97 34 66 293 325 40 72 201 172 398 176 208 23 151 380 379 284 94 0
384 390 392 10 11 402 170 300 178 181 309 313 190 321 323 196 69 199 337 214 343 358 231 239 0
129 259 390 142 145 147 148 283 157 160 164 297 298 53 194 202 209 213 92 357 230 366 111 239 370 246 378 383 0
193 6 264 73 201 76 269 48 337 401 342 121 378 60 62 0
257 263 10 396 405 48 180 318 321 334 208 341 92 102 105 365 116 374 383 0
257 7 136 394 12 272 153 289 290 35 292 38 169 42 170 172 47 177 60 324 202 76 346 350 98 99 226 355 364 0
288 321 34 354 389 134 7 231 329 170 202 300 398 242 115 58 319 0
131 4 259 39 41 307 53 188 197 198 78 85 219 229 238 366 374 377 254 0
35 5 167 8 201 231 327 140 13 77 110 276 308 183 184 189 159 0
1 97 67 292 6 264 361 74 364 239 179 340 117 182 88 217 349 127 0
291 68 355 198 263 392 81 273 179 254 21 308 215 373 188 94 0
1 4 5 10 143 280 24 287 39 295 302 176 204 343 93 97 98 375 377 0
274 278 162 302 304 310 55 312 311 320 323 69 197 71 80 83 86 361 238 0
385 2 131 134 267 395 397 271 273 19 279 26 35 37 167 177 52 67 195 196 70 77 206 80 213 357 106 367 244 123 255 0
129 40 72 233 203 300 237 333 112 368 83 19 180 89 283 380 285 191 0
257 165 137 169 361 44 269 14 174 48 300 303 147 335 337 402 154 155 0
162 99 67 165 195 263 296 170 173 206 111 145 339 340 213 150 278 159 0
64 350 312 165 134 391 105 361 241 276 119 88 61 184 95 0
137 269 15 17 403 20 287 291 167 40 172 180 313 198 200 83 214 98 109 365 367 375 123 124 253 0
265 142 398 404 154 30 159 41 169 172 174 200 329 336 214 87 356 101 230 103 104 231 106 371 0
262 392 141 399 275 154 306 318 65 210 216 89 222 96 227 229 368 242 125 383 0
259 132 136 13 398 296 45 303 60 61 318 193 68 327 334 339 88 100 356 235 369 115 372 373 248 0
391 13 37 170 179 54 184 315 60 198 81 211 218 348 358 365 112 244 378 254 0
132 267 13 271 147 292 295 301 308 185 318 193 66 195 321 69 332 80 336 217 220 222 97 99 102 359 241 114 115 377 379 0
128 129 130 261 401 155 35 292 170 171 44 301 178 307 319 65 210 212 342 350 0
322 100 326 237 333 366 336 17 246 281 252 157 0
129 258 163 293 6 102 391 265 108 269 15 176 18 50 86 252 381 0
256 259 133 271 283 156 287 289 290 37 170 172 56 62 75 333 342 94 358 114 244 248 0
5 166 262 232 296 298 330 392 366 240 370 243 275 279 30 0
1 34 130 227 39 360 233 205 269 48 368 244 213 214 309 25 346 158 0
138 147 149 277 31 32 288 39 176 313 190 198 328 204 342 346 348 98 226 100 104 366 377 250 0
141 143 20 276 278 279 155 47 50 313 185 321 69 326 334 92 225 233 234 235 383 0
192 288 2 226 68 261 389 169 106 123 203 298 300 335 88 153 27 0
185 196 37 260 394 77 110 173 301 365 397 86 57 58 284 381 0
354 99 37 357 170 236 269 336 274 212 88 185 251 61 221 319 0
65 355 69 232 328 361 43 268 392 303 48 335 18 115 348 120 314 252 0
96 1 99 131 261 170 266 362 79 112 17 338 211 404 348 254 127 0
1 2 98 105 201 107 298 149 182 382 223 0
130 260 272 148 278 281 155 172 303 55 67 195 327 72 219 221 226 358 242 0
263 264 11 398 16 278 30 290 295 51 61 190 193 66 72 200 331 204 87 216 93 230 368 255 0
261 12 141 14 147 23 25 283 34 58 210 223 98 356 106 107 234 371 375 379 0
264 142 271 280 153 155 43 300 311 318 197 198 71 74 77 80 209 343 97 102 364 246 375 127 0
129 133 13 141 144 157 304 180 314 61 64 202 336 215 353 103 110 111 238 367 381 0
232 10 234 236 77 173 301 302 273 210 365 216 26 285 255 0
193 324 38 330 236 238 47 143 113 398 115 254 213 119 153 279 30 223 0
2 13 16 144 146 24 33 38 40 54 57 325 71 73 74 339 347 350 362 111 239 116 374 380 127 0
131 8 140 397 398 21 164 37 292 300 306 180 311 186 188 189 195 203 352 226 355 102 239 117 119 377 381 0
5 261 393 279 285 286 50 310 184 57 186 195 339 221 224 226 354 360 366 250 124 254 0
259 262 135 143 400 19 285 167 47 54 193 330 204 84 85 221 223 225 361 235 0
129 258 259 11 19 275 149 24 280 289 47 58 59 196 197 211 343 89 348 352 230 106 235 112 375 382 0
6 136 137 140 274 282 39 295 52 308 312 314 66 198 327 202 206 80 350 121 98 103 115 374 249 0
128 133 391 392 16 279 281 30 320 193 66 323 68 207 221 94 95 224 354 227 358 103 104 362 237 0
129 3 131 263 18 276 285 288 36 37 169 311 185 189 61 77 212 341 343 344 349 231 106 247 127 0
258 260 390 138 398 146 404 32 291 173 314 191 206 208 220 350 97 101 359 363 108 236 111 368 371 0
257 258 99 230 358 202 300 365 47 116 84 149 244 276 217 374 127 0
130 395 141 14 145 273 403 26 161 69 74 333 78 79 341 347 98 355 102 103 115 0
257 386 323 198 175 272 337 115 374 281 122 61 318 0
385 260 263 138 397 274 403 292 42 45 206 213 346 349 221 98 103 118 124 0
391 267 271 154 283 156 37 173 321 197 327 81 214 90 350 103 110 115 248 250 126 0
265 402 148 286 165 38 184 313 57 186 193 196 197 200 332 79 213 227 358 247 0
385 5 133 391 396 13 141 19 20 41 299 54 61 202 337 83 220 349 95 233 0
3 259 390 265 274 150 286 171 173 313 64 207 219 349 236 110 371 374 253 255 0
130 261 262 391 394 13 19 275 21 276 28 37 299 305 185 194 327 336 102 246 0
3 7 391 280 291 41 175 176 52 62 327 333 87 91 221 99 103 247 383 0
128 257 384 263 393 271 276 153 34 170 54 313 193 199 204 77 211 344 354 356 239 119 0
130 261 135 137 266 75 399 176 381 181 342 55 374 153 315 349 157 0
132 9 11 12 19 149 38 44 304 186 318 326 72 74 332 340 118 253 127 0
32 350 132 230 169 298 111 48 124 208 83 369 375 24 126 92 125 62 0
261 138 397 402 403 279 154 284 30 169 308 327 73 221 224 352 354 363 108 367 124 381 0
352 34 37 43 237 271 210 119 212 87 55 151 245 58 310 342 94 286 0
387 260 12 20 29 299 176 177 304 186 189 66 196 72 208 214 215 219 111 113 370 373 0
390 266 400 17 155 156 157 30 286 161 299 48 182 192 195 329 84 354 240 117 0
389 11 273 278 24 282 160 166 302 308 181 57 313 68 73 202 77 79 84 352 229 233 361 365 110 375 0
291 101 229 293 75 78 143 48 340 21 404 348 221 0
5 134 390 136 11 141 397 276 282 26 292 293 46 47 179 194 73 201 208 218 105 109 374 376 127 0
322 227 36 102 166 138 266 13 333 272 17 242 370 344 187 0
66 226 5 281 110 398 336 253 63 191 0
262 285 298 172 56 186 69 89 220 221 350 222 223 354 99 357 359 234 119 252 383 0
130 131 8 267 23 155 156 311 312 187 189 326 72 204 218 92 351 116 118 382 0
386 391 397 22 150 30 41 42 169 46 177 179 308 309 313 190 322 71 333 81 213 351 353 234 370 244 118 119 0
257 386 17 273 28 157 35 166 170 171 304 306 318 63 192 66 67 196 73 203 214 98 241 247 0
134 262 9 265 394 143 18 175 179 58 66 69 206 334 210 227 100 104 364 113 244 372 377 0
256 389 7 272 403 148 279 26 32 296 297 298 48 181 58 193 72 331 82 219 94 104 233 234 361 249 0
395 30 296 179 314 60 204 335 338 85 342 88 217 100 230 370 116 244 252 125 0
391 266 397 144 274 151 153 33 164 179 53 315 320 202 77 83 84 339 349 96 355 234 109 366 377 252 381 254 0
16 147 151 282 286 164 167 298 181 310 192 326 200 334 84 213 217 220 221 351 106 234 125 0
1 387 393 140 398 277 282 38 171 46 53 193 69 205 336 340 217 93 227 355 101 102 371 247 0
8 9 137 266 392 398 274 22 282 29 34 35 291 295 316 60 194 206 81 339 348 353 356 107 241 0
384 134 395 152 155 160 162 164 292 172 302 60 331 334 84 88 359 364 243 127 0
128 257 259 132 263 136 12 15 149 277 278 35 163 48 184 187 59 192 65 193 68 69 324 202 207 85 220 234 237 112 250 0
257 387 389 18 404 277 33 161 290 167 169 172 173 308 57 197 202 334 339 340 222 94 355 230 0
18 402 35 174 175 195 331 82 85 213 347 220 92 351 355 356 104 237 244 248 126 0
192 193 263 206 398 80 209 371 309 87 152 215 91 124 0
5 261 264 10 269 15 149 279 27 156 157 167 177 311 62 194 330 204 337 85 99 234 108 109 242 115 370 121 250 125 0
263 149 34 166 45 175 307 54 55 185 192 87 217 346 347 96 357 231 107 373 0
98 131 354 355 7 135 9 79 207 273 85 87 23 185 188 350 351 0
263 8 12 271 24 30 36 292 297 174 181 186 68 332 338 343 89 91 377 107 110 239 249 250 124 0
33 290 292 69 7 330 44 314 398 368 337 370 180 276 340 218 62 0
134 391 73 377 235 268 78 143 283 177 209 404 119 56 25 219 0
1 259 264 265 146 22 24 36 41 309 54 310 184 186 190 319 200 83 84 214 225 108 372 0
192 163 132 359 186 328 202 77 46 237 346 398 20 214 122 383 0
390 135 265 15 144 149 23 156 159 175 314 189 68 324 73 207 81 215 90 352 102 0
2 98 259 260 326 8 105 200 43 303 273 276 213 341 151 346 188 127 0
387 164 324 230 135 39 137 186 200 377 239 212 245 120 153 26 222 0
132 267 152 157 285 290 295 42 174 308 68 200 333 84 85 342 88 97 229 370 115 374 383 0
4 4 4 2 2 3 4 3 4 3 3 2 4 3 4 3 3 4 4 2 3 4 3 3 4 3 2 2 3 3 4 2 3 4 4 4 2 2 4 2 2 2 3 2 4 2 2 2 3 4 3 4 3 4 4 4 2 2 4 4 4 3 3 3 2 3 2 3 2 4 3 3 4 4 3 2 4 2 3 4 3 4 4 2 3 2 2 2 2 4 2 3 2 4 4 4 3 3 4 4 4 3 4 3 4 2 3 4 3 2 3 3 2 3 3 3 3 2 3 4 3 4 2 3 2 2 4 3 3 4 4 4 2 3 4 3 3 2 4 4 3 3 4 2 4 3 3 4 4 4 2 4 4 4 3 4 3 2 3 2 4 3 2 4 3 4 2 2 3 3 4 4 2 2 4 2 2 2 4 4 3 4 3 3 3 3 2 3 3 3 4 4 4 3 4 2 3 3 2 2 4 4 2 3 2 3 3 3 3 4 2 2 2 2 4 2 4 4 3 3 2 4 3 2 2 4 3 3 2 2 3 3 3 3 4 2 4 3 4 2 3 4 2 3 4 3 2 2 3 4 4 2 2 3 3 4 4 3 3 3 4 3 3 4 2 3 4 2 4 4 2 3 4 3 4 4 4 4 3 2 2 4 3 4 3 2 2 3 4 4 4 3 4 4 3 3 2 2 3 2 3 4 4 4 4 2 2 4 3 2 4 2 3 3 4 2 4 2 2 3 4 2 4 3 3 3 4 2 3 3 3 3 4 4 4 4 4 4 3 3 3 2 2 4 4 3 2 2 4 4 3 4 4 4 2 4 4 4 3 3 2 2 3 3 2 2 4 4 2 4 2 2 2 3 4 3 4 2 4 4 2 2 2 4 4 4 3 3 2 4 4 2 4 3 3 4 2 2 4 3 3 2 2 4 4
