80 81 56
32 37 38 42 43 12 44 46 17 50 23 54 55 22 27 28 29 0
33 1 36 37 6 7 40 41 42 43 47 17 51 52 55 25 26 29 0
2 4 7 8 9 10 11 13 14 15 16 18 20 21 41 43 52 53 54 55 56 0
32 1 2 34 36 42 11 46 14 47 18 19 51 53 23 25 29 31 0
1 8 9 10 14 17 18 22 24 31 34 36 38 47 51 52 53 54 55 0
32 4 37 38 39 40 9 7 43 45 14 46 16 48 50 51 13 21 0
32 36 38 7 44 45 14 16 17 19 52 21 26 27 28 30 31 0
33 2 36 37 38 7 9 41 44 48 17 18 51 55 23 56 30 31 0
2 5 16 21 22 23 27 29 30 31 32 34 42 43 47 48 50 51 53 0
1 2 36 7 11 14 17 50 49 52 21 22 55 24 26 28 29 30 0
3 26 7 12 13 46 48 49 50 17 21 24 56 27 30 31 0
34 3 35 7 8 44 13 47 48 49 18 19 16 54 22 56 24 29 0
1 2 5 10 14 16 17 19 20 22 24 29 30 31 34 35 40 44 49 0
1 2 9 14 15 16 21 22 23 25 33 35 37 38 39 41 42 48 53 0
1 2 4 11 13 14 15 16 17 21 22 26 28 30 45 47 49 50 51 54 0
32 3 4 5 6 7 8 41 40 11 38 45 10 12 49 53 25 29 0
32 34 6 7 38 41 9 43 44 11 46 51 19 23 25 26 28 0
34 35 2 37 38 6 7 41 10 44 15 48 47 53 55 27 30 31 0
2 4 5 8 11 15 17 21 25 29 30 32 34 35 41 42 43 46 50 56 0
1 33 34 35 10 11 44 14 47 17 18 23 54 55 26 27 28 29 0
1 37 39 8 40 10 43 13 48 18 19 20 53 22 54 55 56 31 0
1 34 3 5 38 7 47 15 17 18 19 52 49 22 54 27 29 0
1 2 35 4 5 6 3 40 37 44 46 49 51 54 23 27 31 0
33 3 37 40 41 9 43 11 45 46 14 48 19 51 53 52 55 21 0
5 39 42 43 12 13 14 47 16 15 11 19 48 22 26 28 30 31 0
1 9 13 14 16 18 21 27 28 33 36 37 38 41 44 45 46 51 56 0
35 4 37 6 44 45 46 15 48 16 51 52 20 54 24 26 27 0
33 2 36 6 41 11 44 12 14 47 16 49 50 51 18 27 29 30 0
2 35 36 3 7 8 43 44 45 12 46 16 49 17 53 23 56 26 0
32 36 7 40 41 39 44 12 14 47 18 50 52 22 23 56 25 0
32 35 4 39 9 43 11 45 47 50 19 23 54 55 24 27 28 0
35 36 5 39 40 9 42 13 18 53 22 23 54 26 28 29 31 0
33 2 4 37 6 38 7 12 13 14 15 49 18 17 24 56 28 30 0
2 34 4 37 41 11 12 44 14 15 16 17 46 20 22 23 56 27 0
4 5 16 18 19 20 21 22 23 32 36 41 42 46 48 50 51 53 56 0
1 3 5 7 8 9 12 16 20 21 25 27 30 31 33 34 47 51 55 56 0
1 3 5 9 13 16 20 23 25 27 28 29 34 35 37 41 47 55 56 0
4 38 7 40 10 43 45 14 47 16 48 54 55 56 22 28 29 25 0
34 36 37 5 40 42 43 12 13 11 14 48 16 50 49 56 24 26 0
33 1 2 37 38 39 41 9 48 49 18 51 20 54 26 30 31 0
56 38 39 7 12 44 13 46 16 49 48 51 47 53 54 24 25 26 0
1 3 5 9 14 15 19 21 22 24 27 29 34 38 42 43 48 50 55 0
2 34 36 38 7 40 41 9 46 49 50 19 51 21 53 52 29 0
32 35 4 8 11 45 13 47 48 15 20 52 22 53 24 26 28 31 0
1 3 4 12 14 15 16 19 21 25 29 35 37 38 42 47 53 54 55 0
32 33 3 39 8 40 7 11 12 44 13 16 48 50 17 53 22 29 0
34 38 7 40 9 10 11 44 14 15 16 19 52 24 25 26 27 28 0
1 9 13 15 17 18 21 23 25 27 30 37 39 42 43 48 49 53 55 0
35 36 38 10 43 46 15 49 17 52 55 54 23 56 25 29 31 0
1 2 4 6 9 10 12 17 18 21 22 23 24 32 34 40 42 43 56 0
1 34 4 36 7 9 11 43 13 45 17 18 19 50 26 28 29 0
1 2 4 9 10 11 13 15 17 20 21 30 31 33 34 35 38 54 55 56 0
5 37 7 40 11 43 45 14 17 50 22 54 56 24 26 29 30 31 0
32 1 35 5 6 8 40 42 11 12 48 16 18 52 22 27 28 0
33 35 36 37 38 6 8 10 43 44 12 17 52 53 54 26 31 0
5 8 13 14 21 29 31 32 35 38 40 41 45 46 47 50 51 54 55 0
2 8 10 12 14 15 17 18 20 22 25 29 31 38 39 42 45 48 49 0
32 2 35 37 6 39 38 9 42 5 12 13 47 16 48 55 24 28 0
2 6 12 13 14 15 16 21 23 29 33 34 37 38 44 50 51 52 55 56 0
56 36 38 39 42 12 45 14 16 18 52 20 54 55 24 25 26 28 0
4 5 6 13 17 19 21 22 28 29 33 34 37 42 45 46 47 50 55 0
32 34 36 37 39 40 42 45 48 50 51 52 21 18 55 56 24 28 0
1 6 7 8 10 12 13 14 17 19 20 23 25 28 29 42 43 46 52 0
2 3 36 4 39 40 41 10 13 49 18 19 52 53 27 31 0
4 6 14 15 19 20 29 32 33 36 39 41 44 45 46 51 53 54 55 0
32 33 2 35 36 37 6 39 8 44 46 50 51 22 56 26 27 30 0
4 5 13 17 19 21 23 24 26 34 41 44 45 48 50 51 52 55 56 0
32 1 33 35 4 37 5 39 8 9 42 40 48 52 21 54 29 0
1 38 6 40 41 42 12 15 48 50 19 20 22 55 56 28 29 30 0
1 36 6 10 12 14 48 49 17 18 20 23 24 26 28 29 30 0
2 3 35 7 8 9 10 42 14 48 17 18 19 52 21 26 27 31 0
4 5 6 8 10 12 13 15 16 17 24 26 28 30 34 37 39 43 53 0
32 1 3 4 5 37 35 8 12 44 46 47 48 50 55 29 31 0
33 1 35 36 4 7 39 9 14 18 19 50 54 56 27 28 29 0
32 33 34 35 4 36 5 39 42 11 10 16 18 19 21 22 25 31 0
32 1 2 3 36 38 6 40 46 47 51 52 21 24 25 56 28 29 0
36 4 5 7 37 9 43 46 14 16 50 53 54 23 24 25 26 55 0
2 35 36 34 7 41 10 42 43 13 14 18 19 20 54 25 28 31 0
8 9 11 12 13 17 18 19 20 24 25 29 33 34 36 40 42 43 45 51 0
32 1 34 3 37 6 7 40 10 44 13 17 49 19 55 27 29 30 0
1 2 9 12 13 14 16 19 24 25 26 30 32 36 41 42 45 49 53 55 0
21 34 20 13 0
32 12 36 0
9 42 23 0
39 41 20 22 29 30 0
35 27 45 51 0
25 34 51 50 0
16 25 2 0
8 33 22 47 0
51 19 12 6 0
0
43 45 0
33 49 0
34 37 6 46 17 49 0
54 1 42 9 0
3 29 39 0
56 10 55 15 0
9 34 49 0
15 0
27 13 0
41 29 13 0
38 19 29 6 0
2 4 40 53 22 0
9 2 14 49 0
8 48 32 11 0
26 51 38 0
9 10 31 15 0
55 31 0
2 51 36 47 0
17 18 38 39 0
30 0
0
12 38 52 0
16 54 31 0
13 0
24 34 53 0
40 11 54 31 0
50 28 54 0
24 27 19 0
18 27 50 45 0
1 10 53 0
16 50 0
26 0
3 21 31 0
20 21 0
33 6 45 15 23 0
17 25 0
56 19 28 0
16 43 7 0
10 53 37 47 0
44 0
56 3 5 7 0
43 11 22 0
0
5 6 7 19 24 27 0
18 28 21 46 0
4 44 0
2 44 0
26 43 36 0
46 6 0
35 0
14 39 0
14 0
1 44 7 0
26 42 37 0
49 28 0
34 20 0
8 52 0
48 43 27 20 0
23 15 0
18 28 50 0
51 3 36 0
1 35 50 20 21 30 0
26 29 0
32 10 0
32 0
24 9 33 0
16 11 38 0
2 3 12 24 56 0
25 27 0
2 28 13 0
2 2 3 4 2 2 4 2 2 3 3 4 2 2 2 2 2 3 3 2 2 3 4 3 2 4 4 4 4 3 4 3 3 3 4 4 4 4 4 4 3 2 3 2 2 4 3 4 4 3 2 4 2 3 2 2
