750 500 200
195 8 76 141 15 143 178 148 22 62 88 153 186 155 126 0
33 194 99 168 41 72 155 179 30 149 55 120 24 123 94 0
128 129 98 191 69 104 141 14 52 87 152 57 187 189 63 0
192 160 130 162 3 133 105 78 174 142 178 83 182 118 159 0
192 97 160 70 39 107 140 75 48 112 115 84 118 186 189 0
97 132 197 134 70 100 198 77 46 13 49 85 119 91 30 0
160 161 3 101 38 27 136 112 49 82 181 151 121 187 31 0
64 67 164 5 102 43 45 112 19 147 151 25 91 60 29 0
128 192 96 35 38 167 104 199 10 17 115 150 183 25 27 0
192 129 128 198 103 139 76 12 174 46 54 87 123 125 30 0
160 161 194 67 164 133 168 172 12 147 20 151 154 187 126 0
32 33 153 195 97 164 71 109 18 115 149 22 185 186 60 0
33 97 67 102 135 107 109 144 48 178 16 181 183 58 95 0
97 98 2 129 153 70 199 76 174 177 178 179 57 187 29 0
135 103 167 74 168 140 108 45 111 47 150 183 22 190 191 0
97 1 3 36 5 197 200 170 13 80 144 147 181 24 26 0
130 195 37 134 43 44 15 81 146 150 25 26 27 156 93 0
33 129 40 11 45 176 145 144 179 181 117 87 118 185 154 0
64 69 165 166 8 101 142 145 188 19 53 181 24 60 126 0
64 130 134 199 137 74 107 76 141 176 116 56 121 58 158 0
65 4 42 106 140 109 20 94 183 89 26 156 125 62 127 0
64 194 58 198 42 43 76 81 18 147 55 22 151 53 122 0
192 164 200 73 12 144 49 18 19 16 55 89 122 62 63 0
191 126 200 74 12 110 78 146 179 116 183 122 60 158 159 0
64 2 163 98 7 136 72 42 170 140 13 50 146 22 29 0
161 1 195 3 194 137 106 143 17 147 86 25 28 29 30 0
129 130 65 7 167 10 170 140 173 42 74 148 22 156 157 0
64 163 196 8 12 15 145 19 53 22 183 120 26 91 188 0
160 1 195 68 101 197 171 140 78 48 152 153 154 59 57 0
32 163 36 4 104 12 45 15 144 146 83 84 19 88 153 0
160 65 185 4 102 104 74 13 110 141 16 116 25 28 159 0
193 6 71 103 9 137 72 45 46 77 83 180 56 121 27 0
196 164 200 140 174 79 124 181 23 24 186 91 120 126 63 0
64 193 161 6 139 140 141 78 47 48 179 85 87 24 27 0
165 135 74 144 17 81 80 145 115 22 157 24 60 152 31 0
192 37 6 139 78 143 176 113 81 115 85 119 89 154 61 0
194 131 200 45 175 48 18 180 86 189 94 27 28 157 126 0
98 166 71 158 40 14 49 179 116 180 118 59 124 61 30 0
160 192 159 103 42 108 14 83 116 86 118 153 60 61 31 0
2 164 165 36 39 133 37 5 49 19 20 153 122 124 30 0
1 129 165 38 104 170 107 14 152 23 52 55 56 93 184 0
65 98 197 165 199 136 173 18 52 149 22 118 121 188 25 0
193 199 106 123 172 44 12 47 53 54 22 181 90 91 62 0
153 163 135 200 137 11 46 143 80 178 94 25 122 158 190 0
3 133 43 171 139 174 15 51 116 149 120 123 28 95 31 0
67 132 166 137 46 112 17 114 113 87 183 152 25 26 29 0
160 2 36 90 70 39 138 173 85 53 89 58 29 25 159 0
99 36 100 6 73 76 46 144 145 147 117 24 154 30 63 0
192 3 134 38 136 138 171 141 178 19 115 183 31 125 191 0
64 106 107 44 108 110 175 50 188 116 52 87 184 58 156 0
64 161 96 133 13 141 14 80 113 50 63 52 157 126 191 0
32 101 198 39 199 70 14 111 80 113 19 22 55 88 186 0
68 36 102 73 74 9 140 78 46 149 22 183 56 31 159 0
194 66 36 197 6 7 134 74 12 79 179 148 53 24 189 0
32 193 33 163 65 102 113 177 83 94 126 124 29 62 159 0
64 97 2 99 165 133 71 75 45 18 148 149 56 93 159 0
2 132 38 154 6 82 179 180 85 18 121 186 155 93 30 0
165 134 105 171 44 14 78 124 46 179 117 25 188 158 63 0
1 193 99 38 7 71 41 77 82 116 84 183 185 91 62 0
1 130 102 103 39 73 155 14 144 145 80 121 90 27 92 0
193 3 36 103 72 41 9 170 135 171 60 50 25 188 125 0
193 65 135 39 104 136 105 45 110 79 141 147 20 89 95 0
32 34 126 197 136 11 173 46 80 17 145 147 151 122 30 0
65 99 198 103 200 137 42 108 16 113 19 21 182 152 188 0
196 134 39 103 75 142 175 145 17 83 21 88 26 126 63 0
1 167 9 107 44 139 14 175 176 149 22 58 92 126 95 0
64 100 10 43 12 172 111 16 17 115 147 181 57 122 31 0
128 193 101 38 200 107 43 110 175 111 83 20 25 121 158 0
32 69 38 102 136 108 12 13 175 83 84 54 183 155 63 0
162 99 196 197 38 7 137 170 45 110 177 82 114 121 188 0
101 71 9 41 139 137 176 177 178 23 183 56 24 58 124 0
96 134 167 7 6 10 44 109 142 82 18 24 26 59 61 0
32 129 26 164 101 104 200 42 144 19 85 151 58 91 60 0
128 196 200 9 136 10 12 13 46 110 106 81 114 58 94 0
96 162 36 101 122 134 11 44 141 174 79 115 54 55 154 0
2 196 166 103 169 10 75 81 49 29 86 184 185 60 61 0
129 163 36 165 13 46 112 145 18 51 148 85 118 29 191 0
8 200 76 172 15 175 188 180 181 184 153 91 60 157 62 0
129 34 36 166 70 12 51 61 125 86 88 25 187 189 191 0
34 67 101 104 105 138 107 172 12 80 81 176 61 122 93 0
128 161 194 67 196 39 199 43 172 173 46 57 90 91 191 0
161 34 99 165 167 76 187 143 176 17 55 85 23 155 93 0
96 99 104 200 138 45 77 187 48 115 53 22 121 186 123 0
32 194 164 7 107 139 15 144 181 87 23 123 157 94 191 0
159 161 129 100 168 43 75 80 50 83 88 25 155 63 127 0
64 38 71 6 105 140 112 17 114 86 30 182 94 60 190 0
194 131 195 164 199 11 173 175 115 52 180 149 23 29 94 0
162 58 197 134 123 45 113 49 115 85 54 21 153 26 27 0
161 65 99 131 164 198 100 107 12 174 47 80 179 88 26 0
130 35 98 69 40 73 171 175 51 150 151 120 186 184 191 0
193 33 35 164 132 103 10 139 108 148 189 186 92 157 158 0
128 35 196 26 136 105 11 79 143 53 119 185 58 188 190 0
128 5 39 105 169 44 172 143 61 52 22 183 182 185 189 0
162 100 4 43 110 111 49 146 20 149 151 122 60 189 95 0
70 168 171 174 114 84 85 182 151 119 183 20 187 31 127 0
33 98 37 167 199 71 45 17 146 55 183 153 127 126 159 0
192 35 135 73 112 17 82 147 181 86 55 53 25 186 124 0
32 98 3 198 167 9 74 14 175 176 52 23 120 61 95 0
160 97 33 194 131 67 198 134 4 12 45 142 112 84 31 0
97 196 10 12 173 14 47 176 77 175 115 52 51 184 123 0
162 4 104 88 142 82 51 55 150 23 118 183 186 187 30 0
192 66 35 196 5 70 71 72 73 138 44 141 81 179 157 0
64 168 171 141 80 81 147 20 85 116 125 152 90 188 157 0
96 128 121 196 135 137 173 52 149 54 150 89 186 91 191 0
66 67 165 167 200 9 76 45 172 114 115 21 54 61 62 0
161 35 132 131 198 103 138 43 44 91 189 123 28 157 94 0
133 135 170 140 13 109 81 82 119 53 21 86 152 27 189 0
4 101 198 135 168 167 79 84 53 23 89 122 57 62 127 0
191 3 71 104 138 10 63 147 148 118 23 151 57 61 31 0
32 159 194 90 7 44 145 81 180 118 150 89 122 62 191 0
66 194 72 13 109 82 179 52 86 119 62 26 187 30 95 0
193 35 133 39 27 169 42 77 78 177 51 52 184 122 187 0
98 100 70 136 9 138 107 140 51 180 182 156 61 95 191 0
98 196 133 6 200 140 175 80 124 82 86 62 60 29 94 0
2 98 198 78 111 48 178 147 181 151 56 25 122 28 31 0
153 6 200 73 74 12 13 47 81 114 20 185 26 123 124 0
89 164 167 71 73 109 174 13 147 117 94 120 57 27 62 0
65 68 71 170 107 187 174 80 176 115 88 89 155 25 159 0
121 2 185 164 129 71 72 138 14 19 151 153 154 188 31 0
66 98 68 164 102 71 46 78 112 110 51 182 152 120 95 0
191 66 131 101 10 139 80 61 181 55 88 122 124 189 95 0
64 97 165 38 6 102 137 5 108 77 141 82 89 92 31 0
160 192 97 163 6 166 200 137 106 10 78 80 151 89 187 0
194 99 165 199 105 10 43 171 144 114 152 122 28 190 191 0
162 133 102 8 73 173 46 143 48 15 54 183 157 95 191 0
96 3 164 99 6 169 41 139 170 79 21 90 91 158 191 0
99 5 104 10 139 172 76 47 81 146 151 89 126 125 158 0
160 161 67 72 75 76 44 109 45 144 110 11 182 122 124 0
161 2 163 135 73 106 80 81 16 181 117 121 60 95 191 0
2 4 138 75 43 14 82 20 181 150 22 25 122 188 95 0
160 193 104 136 8 171 141 81 29 20 85 23 119 123 61 0
38 168 200 75 139 77 141 43 144 145 178 156 174 58 60 0
136 104 171 110 175 112 142 114 115 116 117 24 121 186 125 0
128 33 66 196 90 166 170 82 188 84 118 30 26 124 62 0
160 33 66 65 37 69 39 171 141 18 147 22 183 57 156 0
96 33 192 3 100 36 198 15 114 52 181 23 152 59 93 0
32 33 161 168 105 137 107 178 20 21 151 188 93 94 31 0
33 162 3 163 197 105 74 139 106 178 52 21 55 23 120 0
32 160 98 163 69 200 112 19 117 85 53 88 150 60 125 0
153 69 40 43 45 79 156 146 148 85 89 186 28 63 191 0
98 99 163 11 82 179 180 114 87 24 186 156 29 158 127 0
96 65 33 66 68 72 168 107 13 15 144 79 51 21 185 0
129 130 162 68 100 10 171 76 142 175 144 182 185 188 157 0
96 121 66 193 196 36 128 165 13 46 79 182 55 88 57 0
161 131 90 6 198 139 11 142 79 16 51 83 86 57 154 0
101 39 73 9 42 170 20 23 182 55 150 89 91 156 191 0
163 195 105 10 140 173 110 79 13 143 45 179 180 184 191 0
33 129 195 68 133 198 164 163 104 138 171 47 156 29 191 0
1 33 131 34 69 71 8 73 107 12 177 51 149 23 88 0
130 67 166 7 40 73 12 16 82 146 116 21 24 89 124 0
160 153 131 3 167 137 43 109 110 142 112 51 183 57 59 0
34 163 7 135 199 12 14 48 146 178 52 118 151 187 189 0
33 193 3 68 6 7 41 75 43 11 45 111 176 85 181 0
65 105 139 76 31 17 51 84 180 86 151 154 28 30 95 0
32 4 197 40 106 108 111 15 113 29 50 51 187 93 126 0
33 66 131 196 6 9 13 142 49 115 52 120 125 30 31 0
65 161 5 199 39 9 74 21 25 94 90 187 127 126 159 0
192 67 195 165 132 44 141 108 143 51 53 55 121 154 61 0
191 66 67 196 101 4 195 35 164 138 11 82 118 122 95 0
33 194 195 36 133 131 8 27 12 79 117 57 155 29 30 0
194 67 131 7 71 11 77 141 177 19 115 57 58 190 30 0
160 34 35 162 6 41 9 138 92 80 18 178 180 91 28 0
192 68 42 171 12 109 15 144 17 82 150 154 59 125 94 0
33 193 129 165 137 138 144 83 148 180 179 119 57 189 62 0
1 2 4 164 102 196 200 75 108 45 174 145 148 117 94 0
35 37 39 135 75 76 142 178 148 117 181 23 151 186 31 0
89 35 135 200 170 28 111 178 115 20 53 182 153 26 156 0
191 67 37 173 175 48 16 50 179 116 54 87 120 182 31 0
96 192 162 197 135 136 71 170 12 110 50 185 27 28 61 0
161 5 199 107 172 139 46 47 174 145 50 51 49 182 125 0
161 4 69 164 104 169 41 75 12 11 78 125 151 56 189 0
99 195 196 38 105 138 43 11 112 49 179 180 119 123 124 0
96 97 34 163 4 138 43 172 156 178 179 55 152 186 92 0
67 5 7 103 172 108 109 79 18 180 150 23 91 29 30 0
160 66 3 137 138 42 174 49 114 85 152 58 188 189 95 0
162 131 133 37 134 200 75 108 109 77 110 176 83 181 158 0
129 66 6 167 39 71 199 42 108 13 110 48 81 51 117 0
65 99 76 140 78 111 112 148 85 86 180 183 25 30 191 0
32 66 67 36 163 100 170 106 140 78 112 115 20 118 30 0
98 167 168 73 169 139 12 177 147 148 56 122 123 126 127 0
130 35 39 75 12 14 80 177 82 117 86 85 120 89 191 0
192 97 35 67 164 100 72 11 13 14 115 116 56 153 124 0
129 99 35 133 42 109 187 179 52 19 93 87 59 61 159 0
195 100 198 136 73 200 173 187 47 144 24 184 121 155 62 0
69 167 200 73 106 10 142 176 179 20 87 151 120 25 189 0
2 130 162 104 9 12 155 142 16 93 88 27 157 158 159 0
128 195 196 5 102 166 138 76 16 145 53 56 88 188 61 0
194 99 132 103 39 75 43 13 78 19 115 186 59 92 158 0
1 33 195 98 65 6 7 73 171 12 82 150 121 158 63 0
36 166 7 75 174 80 176 146 148 150 87 153 123 156 30 0
66 162 38 167 104 72 12 46 14 147 118 88 57 186 63 0
64 33 97 163 196 109 14 79 82 179 20 146 22 185 61 0
65 67 101 6 72 76 45 51 180 95 120 187 127 30 31 0
192 1 194 3 130 2 8 107 141 173 47 22 121 158 57 0
98 3 133 136 11 172 145 51 61 182 22 118 183 188 157 0
160 2 99 134 199 137 170 173 175 81 53 56 57 123 190 0
192 132 139 108 142 174 14 15 178 53 183 152 153 154 95 0
67 195 68 134 40 14 46 49 180 52 184 57 122 123 28 0
89 66 162 197 165 71 42 172 173 112 144 61 183 153 189 0
96 193 98 32 26 38 104 8 109 86 55 154 156 189 190 0
96 165 197 41 137 173 46 14 156 83 89 60 63 62 127 0
130 3 198 8 10 141 46 112 52 149 182 125 90 29 158 0
193 162 68 37 136 78 175 80 81 50 111 14 18 121 95 0
66 130 133 38 103 168 74 107 44 141 174 112 55 92 61 0
193 163 100 72 200 137 171 136 109 50 179 180 120 58 191 0
161 163 36 5 3 68 4 170 49 18 149 118 121 93 159 0
161 99 196 9 12 141 14 92 81 50 115 149 87 27 156 0
161 67 35 69 70 39 8 72 140 114 20 119 151 60 94 0
192 153 196 37 6 141 81 18 178 54 151 22 57 155 61 0
34 163 38 141 174 111 144 48 18 80 183 24 62 126 94 0
34 195 198 8 9 74 139 48 145 178 118 156 93 158 95 0
67 4 102 143 49 113 147 179 181 125 115 25 60 29 127 0
129 65 3 27 73 12 49 114 84 118 24 185 91 61 126 0
162 40 59 12 13 142 47 173 178 83 147 20 23 185 123 0
108 33 98 37 172 12 14 109 112 145 49 83 81 115 125 0
192 33 34 195 197 6 140 44 141 144 178 51 89 90 27 0
34 164 100 70 39 75 141 78 79 175 113 184 25 60 125 0
97 39 40 173 78 174 144 112 18 83 84 181 151 90 123 0
33 4 68 103 104 199 75 142 156 179 84 83 183 59 124 0
130 66 164 14 111 48 143 118 55 25 90 59 188 61 158 0
162 195 200 41 138 140 175 180 84 22 86 24 89 124 126 0
35 7 41 73 11 187 175 112 144 52 58 123 60 94 191 0
1 66 4 134 38 72 169 59 170 44 80 52 84 91 60 0
96 65 2 195 134 12 140 141 18 115 148 88 57 187 31 0
96 161 39 72 135 15 48 79 180 20 118 151 25 125 31 0
160 97 39 138 106 141 113 179 21 85 125 154 187 188 29 0
34 35 4 69 37 103 5 137 143 49 54 154 187 125 95 0
160 163 69 134 105 42 107 139 109 106 114 83 84 119 93 0
33 194 98 133 135 170 171 139 149 54 183 56 185 30 159 0
131 100 70 103 6 9 10 109 142 116 86 118 154 27 125 0
192 160 129 185 33 5 7 8 139 14 46 115 121 92 62 0
97 194 69 134 73 106 83 189 147 22 183 186 188 29 127 0
2 68 101 165 71 77 48 144 19 51 85 118 88 27 190 0
67 196 69 6 9 76 45 14 146 115 147 53 186 190 0
65 196 69 197 70 40 73 68 48 176 49 84 149 23 157 0
34 135 170 175 16 111 114 146 86 55 56 59 60 30 159 0
64 32 99 38 135 72 199 172 78 143 22 152 88 28 63 0
32 194 196 7 200 42 144 82 83 21 182 23 183 187 189 0
96 98 131 195 69 6 197 76 47 144 178 181 23 120 26 0
96 32 98 197 71 72 137 140 12 146 179 20 19 24 190 0
89 67 104 43 140 109 75 111 82 115 53 88 57 124 190 0
160 97 100 69 199 138 110 113 146 53 183 56 185 186 123 0
96 35 134 6 186 105 138 79 48 113 147 126 187 61 158 0
192 130 164 70 8 73 10 172 77 78 79 147 84 119 125 0
64 68 132 102 100 105 42 176 146 179 149 87 59 93 31 0
192 196 70 134 141 13 113 19 20 54 151 153 26 95 127 0
194 3 98 138 43 45 109 16 48 147 20 150 153 187 92 0
160 159 38 134 39 70 106 102 12 110 182 86 87 186 127 0
99 4 70 71 167 14 79 48 17 23 119 151 24 154 60 0
191 133 70 7 71 76 78 49 178 147 149 23 154 158 95 0
66 35 98 6 70 71 75 44 108 14 146 182 90 91 126 0
64 193 194 26 99 4 48 177 179 125 87 185 154 189 190 0
97 194 169 106 76 172 46 45 80 17 22 189 26 29 31 0
192 97 38 103 9 105 172 15 143 22 30 184 121 190 159 0
130 98 36 34 6 101 10 77 45 49 149 150 119 89 29 0
161 163 133 169 105 172 60 145 147 52 149 189 123 188 125 0
192 193 163 132 100 103 175 81 115 147 86 182 184 121 93 0
96 101 37 9 105 11 12 172 110 140 77 90 127 30 31 0
193 162 69 137 139 155 46 175 110 113 50 48 180 91 94 0
160 131 104 111 16 79 48 52 118 152 122 59 60 29 63 0
67 164 3 8 73 172 174 112 49 50 114 152 26 60 30 0
65 35 3 197 199 104 59 74 123 173 145 179 116 122 27 0
98 162 197 37 42 107 138 113 82 18 181 153 123 157 158 0
36 164 69 7 75 76 15 111 49 79 20 84 26 123 125 0
1 195 197 39 72 167 170 12 76 173 149 55 152 185 24 0
69 198 136 168 138 43 107 77 109 111 11 54 123 60 190 0
193 130 2 131 1 197 167 75 79 176 17 119 155 60 157 0
128 129 66 143 82 19 52 86 151 56 62 90 187 157 158 0
194 165 69 197 186 105 104 177 19 86 25 153 122 30 31 0
193 98 1 43 76 187 110 45 144 179 22 55 151 91 126 0
96 121 33 67 196 9 42 44 174 176 82 51 85 183 89 0
129 66 195 101 70 37 59 44 146 50 83 180 89 27 189 0
160 98 164 5 37 11 78 47 144 142 114 147 53 121 159 0
96 193 131 100 5 70 37 72 168 138 78 23 90 155 126 0
33 191 66 100 70 75 76 174 15 80 82 51 180 150 127 0
97 66 69 70 103 5 12 176 49 50 18 87 122 27 62 0
128 65 6 134 169 112 18 119 85 149 189 56 155 125 190 0
194 102 7 70 107 140 78 79 80 145 29 24 155 189 127 0
99 7 200 39 110 16 17 113 30 21 54 85 24 123 94 0
1 4 101 133 6 200 167 166 43 172 113 18 53 181 63 0
64 1 99 36 166 198 200 171 124 179 20 88 25 59 92 0
128 195 67 37 101 6 141 60 111 150 86 87 153 92 61 0
32 133 38 7 200 71 198 106 143 18 115 182 24 57 25 0
128 96 36 199 200 41 108 141 48 145 146 118 87 56 30 0
32 102 6 71 41 171 77 47 112 23 55 183 184 62 94 0
64 130 98 68 37 100 72 105 10 13 49 18 115 184 123 0
96 1 66 35 36 34 42 171 140 119 151 184 90 155 60 0
192 161 68 132 168 73 111 145 181 21 87 118 25 92 93 0
97 3 165 104 73 8 16 49 82 118 153 187 60 61 190 0
6 74 10 43 13 109 44 48 79 51 83 85 157 58 125 0
32 35 164 37 166 11 15 145 149 119 94 186 127 126 191 0
162 67 37 199 168 41 43 75 142 174 114 51 181 182 29 0
34 74 11 107 79 175 50 116 53 118 54 87 57 124 183 0
32 161 34 163 195 137 169 138 173 177 84 55 184 92 93 0
161 4 37 101 168 41 170 142 145 178 147 146 49 118 63 0
129 2 35 11 112 145 113 147 20 53 86 21 56 185 26 0
1 195 38 134 7 71 102 137 44 45 142 113 118 151 182 0
32 38 6 167 39 31 46 145 188 19 180 156 157 95 191 0
130 2 66 165 6 153 168 139 140 86 152 24 156 61 159 0
162 163 100 200 41 170 138 45 80 48 84 151 153 61 190 0
193 65 134 39 40 41 173 60 46 77 78 55 155 124 29 0
1 99 165 136 138 11 44 173 42 175 144 81 114 51 154 0
97 99 131 3 133 103 9 78 112 156 49 54 153 155 92 0
167 139 123 14 51 23 19 54 87 24 21 187 60 94 63 0
161 1 35 134 38 168 59 139 140 149 86 150 25 91 190 0
130 3 195 66 103 8 74 173 177 81 148 181 120 27 158 0
1 130 166 173 14 144 48 147 125 184 185 56 123 29 94 0
64 200 104 106 171 108 173 78 12 176 49 109 86 55 93 0
160 161 99 69 101 199 40 167 200 75 76 78 16 178 156 0
33 131 197 69 167 200 42 109 142 173 80 146 86 158 127 0
161 130 3 200 9 10 42 15 79 19 180 117 118 56 90 0
68 165 103 43 108 110 47 177 148 53 23 186 187 189 95 0
26 71 168 14 80 114 51 148 20 182 183 85 147 154 92 0
3 165 38 39 167 169 42 133 140 45 46 14 17 52 122 0
161 153 131 196 69 194 97 136 75 13 147 89 90 60 93 0
160 128 195 100 72 75 172 77 141 180 149 119 154 62 191 0
129 131 199 200 43 78 47 174 49 145 20 118 57 61 159 0
65 130 198 168 169 170 74 9 112 144 81 148 54 24 126 0
97 34 195 194 90 168 9 10 108 178 18 55 24 154 95 0
35 37 134 200 73 138 107 111 80 93 118 54 89 186 125 0
128 97 131 134 12 14 175 144 116 183 121 58 155 124 63 0
196 37 38 7 168 199 41 200 144 81 19 54 120 185 158 0
33 98 130 196 162 38 39 168 105 68 172 51 116 181 83 0
64 162 2 164 102 106 107 173 51 148 180 54 116 186 92 0
65 66 34 70 166 8 168 10 11 175 19 151 91 125 158 0
192 130 168 105 10 42 43 15 84 120 25 90 188 93 126 0
34 35 194 196 162 72 107 108 171 80 81 49 146 85 152 0
160 66 130 75 92 145 114 23 55 181 30 24 120 29 158 0
196 102 71 7 73 200 75 13 78 177 179 84 51 118 57 0
129 194 195 106 141 77 112 176 178 50 180 181 86 119 191 0
96 65 121 3 28 111 114 147 51 184 25 56 91 188 127 0
96 131 39 199 173 14 111 17 178 181 86 150 153 187 29 0
34 71 200 154 170 12 115 116 52 180 55 26 123 29 30 0
128 161 3 100 102 39 91 109 15 81 82 22 56 88 188 0
1 199 88 167 72 111 79 19 182 189 24 57 56 155 61 0
160 193 98 161 196 164 135 45 77 80 51 148 21 180 23 0
161 100 132 166 7 6 106 171 43 77 174 112 23 183 123 0
2 5 9 42 173 110 111 16 49 178 19 52 126 60 94 0
160 33 4 197 71 104 59 137 190 173 53 27 28 126 63 0
2 71 10 13 174 143 63 119 184 186 88 156 29 126 95 0
96 67 4 37 74 44 173 174 142 148 183 120 121 56 124 0
192 97 130 104 106 74 42 111 177 49 147 52 186 29 191 0
130 99 36 76 172 12 80 113 112 147 52 119 120 154 127 0
65 162 133 5 135 27 75 140 11 111 54 24 123 190 62 0
32 66 167 103 171 44 46 111 82 50 178 53 122 157 30 0
194 134 6 104 76 110 143 144 50 150 22 54 91 94 159 0
32 1 99 3 71 169 11 139 14 17 117 21 88 121 26 0
191 130 101 166 5 168 59 74 198 15 156 123 188 62 63 0
162 66 131 101 122 103 74 140 13 172 79 181 85 58 63 0
33 162 71 8 105 91 78 142 50 54 183 152 155 30 95 0
65 130 67 100 90 70 71 102 166 10 43 194 179 149 154 0
98 42 75 108 109 29 179 148 147 150 184 88 158 125 190 0
160 193 96 64 165 38 7 40 11 107 45 111 54 89 61 0
33 166 103 8 41 9 136 105 13 17 177 116 180 22 63 0
194 3 98 5 34 167 137 138 48 177 54 57 154 123 124 0
193 2 67 101 7 40 39 145 147 52 149 150 121 91 94 0
130 38 71 199 137 43 11 179 83 87 55 152 153 59 126 0
160 129 68 6 134 8 171 45 110 79 52 20 184 122 123 0
71 72 138 13 46 14 80 114 147 116 23 55 27 127 63 0
192 2 67 68 5 102 169 10 110 142 112 177 115 154 92 0
32 193 98 136 9 108 45 110 178 83 20 151 152 126 158 0
34 36 27 104 10 144 176 80 148 22 184 185 154 123 92 0
64 98 164 58 101 36 104 197 200 38 140 16 86 55 186 0
64 68 101 69 7 171 174 80 18 83 181 184 27 93 191 0
1 2 166 6 104 171 140 110 111 177 23 53 118 150 155 0
32 1 162 5 102 101 10 178 147 180 84 183 25 154 157 0
161 162 2 132 104 137 73 169 108 16 147 84 115 183 61 0
193 129 35 197 166 154 40 105 175 80 50 148 52 58 159 0
129 130 131 71 41 105 77 141 15 85 54 153 58 156 158 0
193 66 1 162 101 56 142 82 147 85 184 152 57 154 94 0
192 66 4 165 136 109 110 79 145 82 180 85 118 151 153 0
65 194 122 168 137 170 186 143 114 116 62 25 90 92 158 0
32 128 99 69 73 10 44 46 16 83 21 150 86 153 31 0
67 99 38 199 40 73 108 175 147 83 117 25 28 95 57 0
37 134 39 8 43 108 176 112 178 148 20 86 58 92 63 0
129 162 68 8 138 44 46 143 80 117 150 62 153 188 94 0
192 161 33 168 171 12 145 116 150 183 185 26 60 29 94 0
4 196 165 136 171 76 113 50 82 146 118 87 56 60 61 0
128 35 4 10 138 142 110 50 115 52 181 117 147 186 61 0
153 195 100 132 134 71 47 144 51 149 54 183 25 156 157 0
193 2 99 153 98 38 78 146 54 24 121 56 188 125 190 0
192 1 132 101 39 173 81 146 19 181 87 184 94 28 126 0
2 98 165 71 8 106 172 141 18 178 82 85 183 57 90 0
97 102 9 106 107 75 78 15 145 147 52 121 187 61 62 0
64 98 7 200 73 41 11 72 46 142 147 181 60 157 158 0
97 34 129 133 165 137 172 16 18 85 181 119 24 150 58 0
97 98 194 4 101 133 199 137 170 12 174 113 180 117 156 0
160 130 195 99 134 199 9 138 170 79 145 50 20 58 155 0
65 121 103 137 105 106 47 176 82 53 56 57 58 59 188 0
96 97 129 131 161 103 8 10 171 176 17 84 53 91 28 0
97 162 98 133 199 74 44 175 47 19 86 87 56 122 123 0
32 1 130 69 138 172 174 80 19 87 151 88 58 126 63 0
161 102 166 200 198 138 74 81 17 19 180 55 26 59 60 0
192 134 8 136 12 44 78 111 49 114 82 177 21 54 126 0
2 58 135 168 39 11 139 76 113 119 87 88 183 186 29 0
160 129 67 164 37 169 172 60 175 179 89 26 123 188 126 0
1 5 102 134 103 106 138 142 14 83 84 149 85 93 159 0
192 34 132 69 168 137 170 136 106 174 146 182 151 60 31 0
34 4 68 6 133 101 140 174 175 145 185 186 27 158 63 0
1 2 153 5 166 165 13 142 45 17 116 189 121 125 63 0
97 133 167 104 169 41 110 111 51 84 150 86 59 126 191 0
65 5 198 6 169 75 113 146 177 180 86 150 122 189 94 0
32 130 195 5 37 104 74 49 146 147 86 25 26 156 29 0
193 3 196 69 133 44 13 78 144 22 23 58 91 61 63 0
193 194 99 195 66 3 37 14 47 112 15 19 117 54 30 0
131 69 7 40 76 140 46 15 173 146 21 151 57 122 93 0
102 7 135 42 138 142 112 49 178 115 52 153 186 124 95 0
64 163 35 42 107 78 15 145 86 119 184 28 61 30 127 0
196 36 74 108 111 176 179 20 125 150 23 57 58 91 61 0
199 43 45 17 188 19 52 149 22 181 88 117 179 28 57 0
160 1 194 58 196 38 199 186 105 73 19 149 152 122 157 0
99 37 101 71 42 140 78 79 111 81 113 19 190 94 159 0
130 163 132 69 38 164 171 14 149 120 91 92 61 158 191 0
97 98 131 133 134 72 44 46 112 176 18 51 117 29 159 0
160 196 36 167 104 154 138 13 60 17 86 24 90 124 31 0
128 129 131 164 198 6 169 106 141 109 117 182 56 155 126 0
167 168 44 76 174 78 81 179 61 116 118 53 123 29 94 0
160 161 65 163 4 39 168 169 136 7 114 115 52 184 26 0
102 135 42 111 79 178 114 85 86 23 120 87 154 59 156 0
192 3 122 72 138 49 178 51 20 148 118 24 90 91 62 0
35 166 158 105 42 138 72 77 142 145 148 121 155 124 190 0
161 129 164 37 199 7 11 46 49 149 22 153 90 158 31 0
192 166 136 74 46 79 176 145 17 50 147 157 92 93 95 0
1 196 132 166 122 14 143 51 148 117 55 152 185 154 63 0
4 169 106 41 140 143 50 148 52 88 185 155 188 189 191 0
102 38 71 106 170 76 77 79 48 81 50 180 122 27 157 0
161 163 101 134 6 135 123 141 79 80 115 52 21 155 94 0
128 67 7 168 41 75 140 44 146 147 53 153 187 156 189 0
193 98 195 198 45 112 81 179 52 115 183 24 59 60 126 0
121 33 195 197 102 7 40 77 113 18 17 177 116 89 154 0
64 1 35 133 102 136 9 140 175 49 18 93 118 86 157 0
64 129 163 5 134 7 75 107 47 79 115 179 182 24 57 0
161 7 10 76 46 174 16 47 14 19 113 56 153 60 94 0
128 7 104 9 168 136 44 77 137 81 178 20 23 122 156 0
121 130 66 196 132 6 198 139 110 15 51 53 55 185 125 0
195 38 39 105 111 17 29 51 83 147 121 59 92 61 62 0
128 193 3 68 134 71 200 168 123 111 86 182 186 155 157 0
160 1 162 33 196 70 106 145 114 116 25 88 121 188 30 0
65 67 136 105 137 14 175 17 50 146 20 121 26 91 30 0
160 98 196 69 38 198 144 48 81 119 149 116 87 91 95 0
192 1 65 162 132 36 107 60 15 180 23 152 188 95 63 0
98 130 133 6 76 14 110 81 113 147 150 58 123 125 191 0
129 2 133 70 7 172 78 51 21 86 119 120 121 190 95 0
64 33 6 8 40 10 139 42 111 17 52 150 182 25 57 0
161 2 195 196 40 106 42 142 124 156 23 27 92 61 126 0
64 129 67 165 41 12 45 173 111 81 177 116 150 152 122 0
96 99 36 69 139 123 172 78 143 114 93 86 59 189 30 0
97 34 98 132 168 41 186 110 178 20 152 90 59 189 94 0
163 5 134 103 71 169 101 107 14 79 177 113 148 186 156 0
160 65 196 164 139 12 60 47 20 150 56 27 188 125 30 0
162 39 199 73 8 143 15 49 148 186 91 60 125 95 127 0
197 169 41 11 107 110 79 113 180 149 183 90 124 126 63 0
121 162 66 102 139 123 14 79 46 146 179 55 153 59 92 0
64 129 35 4 41 10 139 76 141 143 48 49 152 187 29 0
128 65 132 70 167 168 169 114 52 85 184 89 28 152 95 0
97 131 132 166 8 200 13 47 80 92 116 117 121 122 188 0
195 164 68 71 200 73 8 43 14 16 177 81 179 178 127 0
129 34 5 167 104 8 11 111 80 18 19 84 148 57 60 0
65 161 133 70 136 45 78 143 176 48 53 23 27 29 63 0
64 32 65 69 134 73 107 108 78 16 51 22 185 58 159 0
192 130 3 131 10 44 190 46 117 85 119 185 60 29 30 0
36 103 167 76 45 92 175 111 176 19 82 123 124 94 63 0
35 3 186 40 168 141 178 147 84 18 87 184 58 155 125 0
67 68 6 135 72 169 9 76 175 82 51 150 91 31 63 0
65 131 4 7 71 137 170 11 61 148 86 120 93 30 191 0
34 98 102 7 154 105 76 28 114 125 151 184 56 124 29 0
133 167 9 41 139 107 57 46 51 52 117 53 153 92 63 0
37 198 39 40 6 137 75 136 78 79 180 117 55 58 59 0
99 131 185 166 40 72 94 181 182 23 151 153 187 92 30 0
162 35 100 6 198 136 10 46 80 81 148 54 55 190 158 0
130 69 166 9 107 15 188 61 125 119 88 153 154 124 152 0
195 41 109 141 110 127 82 19 179 23 22 157 156 61 31 0
195 100 3 134 137 75 43 13 110 92 109 151 91 28 93 0
130 68 164 167 73 91 79 175 18 148 149 120 187 60 190 0
3 131 165 166 102 132 198 164 109 110 47 83 85 126 127 0
1 36 101 107 13 78 178 83 148 50 180 21 88 22 146 0
130 35 132 135 41 42 11 173 79 114 178 52 55 89 90 0
97 68 69 38 133 40 171 155 13 145 179 85 121 59 188 0
89 121 66 102 199 166 6 42 78 111 110 113 54 25 90 0
65 193 165 27 110 47 176 17 178 20 22 62 185 187 30 0
160 193 2 164 165 10 75 16 82 115 181 85 119 27 62 0
32 70 39 7 200 106 171 138 142 83 22 58 125 94 63 0
161 66 68 101 6 39 74 44 45 79 20 86 125 190 127 0
1 134 200 105 170 137 44 14 47 116 53 22 89 27 30 0
97 98 130 136 168 200 111 144 49 114 148 150 184 153 62 0
160 102 134 140 78 111 47 146 51 147 53 182 25 124 189 0
33 3 132 5 196 7 103 42 141 81 179 155 124 189 31 0
128 1 100 197 39 169 78 175 110 174 143 182 151 184 31 0
160 97 193 99 38 71 107 175 48 177 148 117 87 91 125 0
32 65 121 69 6 101 106 78 79 176 113 149 85 89 31 0
96 130 98 8 105 200 171 172 173 175 176 111 120 26 155 0
96 129 67 101 166 7 165 133 15 178 120 187 127 94 63 0
34 35 36 197 38 39 136 111 81 82 84 150 151 186 159 0
64 68 5 169 170 143 112 113 119 53 150 22 54 58 94 0
129 34 99 133 71 200 136 14 21 54 120 122 187 63 191 0
160 71 200 173 142 79 80 18 115 117 22 152 89 62 191 0
192 3 35 197 134 198 72 200 40 133 147 181 26 157 95 0
132 69 100 199 39 73 138 7 166 136 152 56 155 156 125 0
97 193 135 73 9 139 12 42 176 49 146 148 56 27 156 0
33 161 3 67 37 6 199 72 73 131 141 144 148 22 183 0
1 161 38 167 141 78 110 173 114 85 54 119 24 126 61 30 0
99 198 73 11 12 77 18 30 0
2 98 7 8 167 75 12 47 81 85 182 23 56 0
98 16 17 148 155 191 0
42 82 147 183 24 0
193 98 8 200 44 180 21 27 0
32 33 130 101 40 79 148 151 152 187 125 0
128 195 38 199 139 156 0
137 13 49 156 178 54 157 26 124 93 63 0
192 129 161 194 200 45 47 178 151 152 188 0
193 36 68 199 44 47 15 48 125 152 92 63 95 31 0
162 195 68 109 85 120 185 26 125 31 0
34 100 134 104 10 171 177 29 0
32 1 193 36 71 13 110 143 173 174 155 63 0
129 8 138 109 78 14 15 80 115 119 87 127 190 63 0
74 43 15 80 156 50 150 120 58 60 190 0
40 73 78 16 51 148 150 24 121 186 28 0
33 165 72 75 139 141 173 174 179 184 0
96 160 194 131 70 71 199 41 171 45 141 83 148 118 153 90 155 159 0
162 133 41 78 176 147 153 125 0
1 4 9 137 11 45 79 48 113 118 28 157 94 0
65 100 8 137 10 75 110 82 178 151 30 127 0
129 68 154 107 76 108 15 175 89 90 125 159 0
192 1 121 3 161 101 9 74 169 14 47 48 57 30 0
69 107 108 13 46 47 15 149 153 28 93 0
196 133 72 168 12 141 17 20 58 190 0
164 37 133 137 174 48 17 53 121 156 0
34 38 39 166 112 144 87 154 27 125 0
96 102 179 52 151 154 190 95 0
128 65 69 134 168 73 76 115 52 53 23 184 92 62 0
185 68 38 46 147 56 121 59 120 94 0
65 194 3 42 138 145 181 54 57 0
128 3 163 197 8 9 10 41 75 13 187 87 23 122 91 28 30 0
1 131 100 104 75 12 77 175 29 26 91 61 63 0
128 140 45 176 53 119 155 93 0
97 2 34 36 66 69 70 165 195 42 171 176 18 182 120 157 0
64 1 193 101 39 73 42 180 55 26 0
193 67 196 69 101 71 72 135 200 47 177 146 115 188 53 28 125 0
19 116 52 22 123 93 0
69 105 75 109 187 143 51 153 27 28 95 0
185 198 41 175 20 184 25 186 0
160 100 38 170 171 140 156 85 21 151 26 28 158 0
100 101 165 45 13 47 77 173 184 28 61 0
167 9 141 15 16 175 177 147 85 89 0
8 12 44 46 77 17 19 116 53 147 23 89 90 158 0
65 131 6 39 105 169 175 146 182 120 159 0
132 76 19 54 28 159 0
99 169 170 139 12 46 78 142 144 115 53 149 25 0
96 68 134 71 144 116 26 124 94 0
128 4 168 138 48 147 85 190 0
8 170 12 113 83 116 149 152 190 0
2 34 5 7 9 41 170 171 13 173 80 49 53 91 28 61 190 0
98 167 199 75 177 146 24 91 0
41 145 147 180 85 86 90 190 0
161 130 194 199 168 137 74 78 49 119 155 0
79 51 23 180 87 90 92 0
130 101 106 141 151 154 0
99 36 134 140 77 16 177 114 0
36 90 171 140 50 54 26 124 0
96 98 194 69 8 47 180 117 184 154 0
192 97 100 104 106 78 110 142 145 50 20 184 0
160 192 98 101 122 154 11 45 109 141 142 82 181 150 24 58 187 0
128 36 69 70 133 11 76 171 110 143 16 49 20 87 55 150 89 189 0
32 165 104 169 12 44 45 76 48 114 20 22 86 120 61 0
167 9 46 146 19 181 87 158 30 0
4 9 10 110 83 0
35 44 80 181 184 120 121 186 152 62 0
128 1 163 197 39 47 176 183 57 95 0
6 137 80 116 88 28 63 0
99 68 199 105 77 110 81 82 123 159 0
1 165 171 81 18 113 20 52 114 117 150 89 90 123 0
192 161 101 172 143 145 115 85 88 154 0
96 129 41 170 108 110 142 175 147 20 179 151 153 0
65 161 99 131 71 43 11 187 113 179 117 183 186 123 95 0
35 165 166 106 75 155 14 150 27 29 0
128 121 4 101 71 39 76 81 148 57 26 0
199 11 142 111 81 20 0
66 102 109 142 81 181 56 159 0
130 67 165 197 17 82 157 120 155 93 95 0
37 38 69 9 106 46 117 94 62 0
130 8 104 168 79 82 85 22 155 63 0
161 196 77 111 175 149 88 92 0
3 101 38 39 108 109 14 17 116 189 152 25 91 190 157 62 63 0
96 4 5 38 199 108 45 56 59 93 159 0
161 132 5 75 45 77 109 114 83 56 0
66 165 167 72 75 45 110 147 122 187 0
38 71 51 120 156 0
96 66 69 39 136 169 46 147 93 0
2 104 168 106 200 17 52 182 63 0
132 199 140 172 118 87 127 0
72 130 155 0
65 130 136 155 141 173 115 123 190 0
1 66 99 100 101 129 12 18 120 61 0
192 130 196 8 42 76 77 49 120 121 187 124 61 190 0
67 165 198 7 200 48 51 120 27 0
32 128 163 185 168 137 83 180 89 187 127 0
34 6 71 200 9 141 78 15 17 53 0
99 138 113 20 120 123 0
96 1 164 165 199 8 40 138 43 15 81 145 177 178 127 0
65 197 73 115 85 53 124 61 95 0
101 134 165 75 174 177 31 62 63 0
192 68 145 82 21 187 30 95 0
136 170 81 59 125 191 0
5 6 138 75 143 52 118 58 127 0
38 42 75 74 109 48 145 186 0
128 99 36 138 44 108 140 141 48 52 151 152 187 61 0
129 35 163 5 70 79 19 126 0
71 73 138 46 144 145 83 115 125 124 93 0
32 128 161 67 195 106 13 144 82 147 52 180 186 123 0
65 195 134 72 41 13 109 15 174 178 23 184 61 0
2 134 45 145 156 85 92 0
162 163 199 200 139 13 173 145 115 150 155 62 0
1 33 36 6 137 107 108 15 50 122 0
128 39 74 108 143 175 49 20 119 157 31 0
164 165 106 172 78 20 124 189 0
34 98 72 119 189 95 0
128 198 46 17 115 53 118 63 0
160 69 70 137 155 110 79 48 86 23 120 123 127 0
168 139 12 49 183 57 27 156 0
98 100 171 46 48 112 145 156 56 121 122 120 190 0
161 173 146 83 61 125 63 0
3 39 71 41 42 199 47 143 52 87 58 0
167 199 169 10 13 79 82 153 188 61 31 0
65 162 163 101 7 178 148 151 120 155 190 158 0
99 70 72 171 76 13 48 113 20 87 89 58 189 62 0
161 102 167 200 107 111 51 118 24 0
129 39 167 11 82 60 0
161 132 90 72 73 136 139 45 176 145 183 58 0
160 1 192 39 40 200 147 185 0
96 131 72 138 107 109 47 93 53 86 61 0
129 104 73 200 144 151 27 0
2 99 14 15 112 181 55 28 0
133 9 42 75 12 46 47 111 17 50 81 181 22 151 24 28 191 0
128 11 139 45 14 47 80 49 82 178 20 122 157 0
1 97 68 39 10 143 177 115 20 87 152 28 31 0
33 197 7 170 12 110 15 145 182 90 0
32 162 167 12 18 183 57 26 188 0
65 165 136 200 157 24 58 60 93 158 63 0
65 75 76 13 109 47 175 81 23 86 30 185 190 62 0
98 133 135 9 41 173 53 184 185 155 0
67 101 134 173 14 112 19 189 152 155 61 0
161 35 71 8 42 13 47 191 0
128 160 164 166 39 135 199 115 21 61 0
4 71 72 150 54 184 157 0
32 65 89 8 88 57 126 95 0
38 70 72 9 102 140 13 144 125 158 127 0
128 74 75 141 79 116 53 25 122 155 60 95 0
160 3 8 146 121 26 93 159 0
4 100 6 132 134 41 154 198 46 48 152 58 155 61 126 0
99 67 167 200 73 107 172 113 147 189 151 157 0
128 36 132 74 113 119 22 87 150 186 27 61 0
171 43 175 79 21 190 0
128 161 98 191 69 199 48 19 119 59 95 31 0
140 46 177 82 147 186 0
34 136 13 174 15 82 19 118 93 190 0
32 101 139 15 81 18 54 120 91 156 125 31 0
35 72 12 44 174 23 186 0
34 101 72 104 48 51 150 0
162 134 136 173 14 20 186 191 0
108 46 80 85 86 88 29 158 0
32 98 102 199 9 137 44 148 53 89 0
2 197 104 42 46 113 53 26 63 31 0
66 4 8 169 106 174 175 82 20 182 23 154 0
66 165 134 197 41 45 0
99 165 70 10 63 0
96 97 128 4 10 12 140 174 186 0
194 3 102 9 109 120 154 156 158 0
193 3 195 196 169 140 45 78 190 0
69 6 7 171 173 112 188 115 23 59 156 125 63 0
35 69 169 140 178 116 190 0
32 65 195 41 10 139 13 178 117 27 0
73 11 47 145 146 148 157 26 28 29 0
97 8 12 49 182 23 24 58 92 125 31 0
195 4 198 73 142 15 89 158 157 62 95 0
128 68 100 165 39 135 46 82 121 155 92 30 0
161 66 3 98 70 7 41 16 112 88 90 59 28 0
96 164 69 101 8 79 125 186 27 93 95 0
160 163 164 102 11 114 20 86 120 57 59 30 95 0
195 100 134 9 111 15 176 185 27 188 190 159 0
134 71 112 82 180 23 89 61 0
2 185 197 141 173 148 121 155 30 0
101 102 39 9 76 172 15 155 190 0
34 77 110 156 126 191 0
8 11 152 155 161 165 52 184 186 58 66 69 70 75 77 93 95 99 119 0
130 38 41 187 46 17 85 150 27 60 29 0
96 2 10 75 111 178 20 125 189 58 93 0
96 185 132 25 27 31 57 0
64 4 72 174 53 181 120 155 28 125 127 0
32 175 56 121 156 184 127 0
40 9 41 76 77 17 146 156 150 155 28 190 159 0
97 98 35 164 198 168 13 173 143 17 53 54 157 59 61 0
35 100 73 76 46 52 53 184 24 126 63 0
89 67 131 196 80 118 152 25 59 188 61 95 0
32 132 164 165 197 170 43 113 93 119 87 28 61 127 0
38 168 15 113 25 158 63 0
90 9 10 46 80 116 88 185 58 28 61 95 0
128 161 130 102 169 74 19 52 149 89 61 0
33 98 3 5 136 105 106 12 22 23 150 153 154 91 28 0
96 131 100 140 141 172 115 85 152 185 125 0
168 106 48 112 50 120 93 0
129 2 34 103 167 15 79 52 148 119 63 0
130 131 101 9 12 49 115 116 179 180 151 57 156 125 63 0
192 69 48 50 150 189 57 61 31 0
96 38 41 45 173 16 17 50 115 181 26 0
129 34 69 38 71 8 166 43 78 146 51 52 148 26 0
100 8 104 200 14 114 19 20 120 121 26 59 152 0
35 197 72 105 168 12 142 19 148 59 93 0
69 70 199 138 172 174 120 62 31 0
192 1 2 100 48 187 0
32 136 109 83 148 85 150 26 91 28 0
5 199 143 17 27 0
8 73 168 44 14 145 178 117 120 157 62 0
1 191 195 90 11 79 113 58 123 31 0
98 168 169 138 45 111 117 22 55 154 61 0
128 192 100 101 71 169 174 178 53 93 0
163 68 37 186 10 139 185 90 0
130 100 36 109 53 54 120 185 189 63 0
130 164 196 7 9 11 110 182 62 0
65 66 129 174 176 113 53 22 154 123 60 158 63 0
35 197 109 46 81 147 180 58 125 94 127 0
33 9 41 176 82 151 120 156 0
35 134 166 8 123 111 17 82 154 27 31 0
132 165 172 141 26 0
32 194 3 101 7 148 151 121 155 0
36 38 134 172 109 79 48 15 113 184 153 187 0
192 99 41 42 172 45 175 112 92 93 94 127 0
99 44 76 46 176 178 19 52 120 30 0
137 11 172 184 123 60 0
34 99 12 179 182 122 158 0
172 78 176 184 92 158 63 0
101 106 47 48 15 50 19 80 113 54 27 126 0
1 2 129 199 106 140 172 15 146 157 185 186 156 29 126 95 0
69 70 7 136 168 173 79 188 125 0
64 160 2 75 47 176 179 21 22 150 90 62 159 0
96 160 3 132 5 42 174 79 56 154 123 61 0
3 165 39 107 15 81 178 83 85 182 24 58 31 0
4 69 100 41 138 17 83 150 120 58 0
128 197 134 7 167 108 174 81 146 85 125 0
5 200 41 74 106 169 14 48 146 27 92 158 0
33 68 132 102 135 78 16 17 49 151 0
96 129 194 168 12 44 111 114 148 150 25 186 123 93 0
162 3 165 102 41 175 16 55 187 95 0
97 34 36 135 139 78 16 86 187 191 0
62 154 43 54 0
192 65 163 71 7 135 13 116 121 90 62 0
32 65 66 38 71 154 167 74 79 118 55 24 90 0
65 2 35 165 70 9 172 47 144 148 149 86 156 0
67 68 9 109 111 87 123 0
98 11 113 56 185 152 0
143 116 181 56 155 0
1 97 194 68 102 105 10 173 81 114 56 0
195 197 38 137 48 51 147 57 156 190 63 0
8 168 43 77 92 175 114 88 28 30 0
4 170 140 173 111 48 21 120 91 189 0
97 2 5 70 197 73 139 175 16 113 152 148 56 120 61 0
97 35 36 5 11 45 79 116 56 0
101 165 198 109 78 46 110 19 85 120 28 125 127 0
34 39 104 158 123 110 148 21 86 180 27 94 0
98 163 102 122 40 104 139 20 183 26 93 190 0
191 69 169 13 79 145 50 24 88 61 127 0
133 8 9 138 12 28 160 173 48 50 54 63 68 74 96 99 102 123 127 0
65 130 132 74 109 141 173 17 178 183 124 0
32 97 160 99 195 39 80 156 22 87 124 157 63 0
100 69 74 46 47 15 110 112 150 87 28 0
159 1 98 38 9 44 79 152 56 120 29 95 0
96 163 137 141 181 182 91 30 0
101 199 106 107 14 22 189 0
2 130 102 7 72 187 142 80 50 27 0
130 133 38 105 109 45 183 58 0
196 198 172 78 176 82 0
3 173 142 79 81 145 118 184 31 0
129 34 3 130 195 170 75 174 52 85 154 127 0
64 5 101 165 41 91 75 139 15 49 85 86 27 95 0
192 73 108 127 176 153 186 60 30 95 0
32 67 100 36 165 145 149 182 62 0
64 71 106 19 119 0
2 34 98 9 170 145 83 118 120 157 184 0
82 55 141 31 0
130 71 104 76 45 85 119 28 126 0
96 97 98 162 36 198 137 42 93 189 185 186 92 61 30 0
1 34 71 111 50 178 153 27 188 0
129 4 100 104 75 46 143 81 177 125 22 23 93 95 0
32 65 2 98 5 71 8 9 200 11 145 50 148 183 120 0
1 33 38 135 137 138 107 12 112 123 31 0
4 48 180 120 27 125 0
35 71 45 141 47 79 81 143 144 149 54 89 158 30 0
160 2 9 48 26 156 0
195 42 76 13 77 111 52 93 24 26 59 156 29 31 0
35 132 165 9 75 140 109 173 143 50 178 28 126 0
33 161 133 165 105 15 16 17 178 53 86 87 127 63 0
96 102 8 11 47 15 21 54 55 120 150 186 0
128 130 199 137 77 111 112 81 147 179 91 159 0
38 8 136 169 12 44 172 16 80 176 179 148 24 185 59 0
102 140 78 157 125 0
121 66 99 39 53 54 57 27 62 0
161 8 11 139 45 23 120 0
161 2 195 132 134 9 46 15 79 81 111 117 54 55 158 0
130 69 102 41 138 15 143 146 152 52 54 120 61 0
128 153 35 195 5 106 173 146 152 121 62 159 0
194 99 3 133 147 53 149 26 190 63 0
128 34 165 71 140 145 82 115 52 151 122 95 0
129 162 40 170 110 82 188 116 23 58 187 124 127 0
96 65 129 35 71 200 73 10 139 48 80 145 146 178 53 93 0
128 34 198 171 176 178 51 119 22 55 186 190 94 0
68 166 198 40 104 136 43 44 169 114 147 20 53 22 54 0
191 193 99 104 105 171 47 80 178 118 87 184 121 91 63 0
161 98 186 169 42 11 15 112 175 147 179 182 58 127 95 0
98 175 112 17 91 0
96 99 199 140 14 79 176 53 24 25 122 188 152 158 0
163 103 75 44 108 78 79 141 152 182 120 187 125 0
44 113 50 28 189 0
89 2 166 106 12 76 172 47 15 81 177 115 119 57 0
2 134 199 186 9 11 76 107 46 15 111 176 20 53 56 153 58 0
129 69 137 76 141 149 158 191 0
98 130 122 134 136 105 186 80 50 55 58 187 157 126 0
36 69 165 72 9 170 140 78 143 16 58 155 127 0
96 100 136 73 138 171 172 78 144 113 18 52 58 125 126 0
98 3 12 14 47 15 80 145 148 180 184 57 92 62 0
65 37 8 40 73 138 12 172 174 79 143 178 52 0
132 6 10 48 114 20 22 89 31 0
130 131 5 136 73 105 139 76 77 172 112 178 83 89 0
33 129 99 58 164 196 39 111 81 177 26 30 191 0
64 1 4 165 38 72 9 77 143 48 94 0
99 100 72 139 108 141 50 114 21 27 93 0
3 133 168 138 111 112 52 118 119 24 89 187 60 158 0
110 114 118 26 28 158 191 0
159 37 173 111 18 53 54 153 95 0
96 65 2 163 100 166 138 76 172 46 175 50 147 150 182 63 0
2 67 38 71 139 172 141 142 147 125 150 25 27 93 62 0
192 130 8 171 12 15 54 184 120 185 94 0
198 199 80 58 95 0
68 40 9 104 137 143 50 148 181 126 30 0
193 132 7 169 50 53 62 186 126 0
3 163 101 75 123 172 189 88 27 125 63 0
160 129 195 46 47 176 20 53 56 0
161 36 134 73 143 144 50 150 185 90 0
163 7 85 53 126 95 0
65 3 100 76 146 185 0
35 72 78 116 53 87 24 0
96 191 133 13 53 57 188 93 63 0
159 97 34 3 101 133 72 41 10 75 139 80 147 185 154 155 188 95 0
128 161 2 193 101 199 169 11 79 175 119 120 191 0
194 100 74 172 45 46 53 59 28 190 0
5 72 139 120 90 156 0
99 200 10 12 17 145 185 27 126 0
65 39 200 52 183 89 188 63 0
1 40 171 76 109 110 15 175 176 116 21 22 90 0
197 109 45 141 147 118 152 187 92 30 0
64 163 165 73 138 45 48 17 183 24 124 152 30 0
4 72 43 139 141 47 143 177 127 0
96 129 71 172 79 47 147 52 119 151 190 184 0
128 35 132 102 106 111 52 157 125 95 0
195 73 42 48 52 187 61 0
103 169 75 144 146 51 57 0
68 38 103 8 9 137 107 140 14 151 185 91 0
129 98 99 162 101 6 185 168 77 174 111 147 181 57 186 91 0
161 5 174 79 179 24 56 120 126 0
198 42 11 12 44 106 170 145 82 146 52 157 95 0
96 1 3 199 104 73 137 139 15 143 21 23 27 30 95 0
134 71 8 104 44 76 85 151 58 27 31 0
34 133 72 108 187 175 80 147 91 29 159 0
160 98 138 78 112 23 0
97 35 69 38 73 74 171 12 112 146 51 21 149 0
67 136 9 105 17 113 52 53 120 185 125 126 0
99 5 101 133 138 141 80 22 119 57 26 61 0
103 41 10 74 77 80 82 148 22 86 120 91 0
197 47 114 182 152 185 125 63 0
1 161 4 69 8 40 9 41 81 114 178 120 123 156 0
65 162 71 73 138 155 45 78 145 50 19 56 91 152 127 0
65 161 199 9 109 52 186 27 95 63 0
96 2 3 35 7 8 136 43 107 111 80 55 31 0
67 7 105 44 172 81 54 26 0
65 161 69 165 72 174 55 0
96 65 99 102 115 22 185 29 127 0
2 67 196 135 108 78 18 146 119 152 57 93 0
37 12 141 80 144 177 20 53 186 187 127 0
38 200 9 41 139 22 23 184 91 0
1 72 105 106 172 110 112 82 19 184 89 122 187 127 0
32 162 3 134 108 15 112 148 86 87 58 0
133 165 40 138 170 173 176 146 179 86 119 186 95 0
160 4 36 166 9 41 26 61 0
160 97 130 5 170 12 155 185 91 61 126 0
4 81 116 55 87 30 127 0
34 66 98 41 169 173 110 51 53 186 158 190 157 62 0
192 101 6 73 171 13 54 88 186 156 63 0
192 102 166 73 109 145 177 84 180 87 93 0
65 9 13 112 50 19 121 154 158 159 0
65 2 138 46 110 175 119 56 187 94 63 0
32 193 66 67 178 19 85 182 188 29 0
1 69 158 171 187 79 183 22 157 24 182 155 28 61 62 0
167 41 143 48 17 177 20 52 53 150 56 188 29 0
161 34 35 100 197 76 140 141 119 23 56 185 0
4 167 41 91 176 54 87 152 59 125 126 95 0
68 164 169 143 145 115 20 148 118 179 25 91 57 0
160 98 130 42 106 140 79 179 119 56 92 0
128 160 2 100 108 77 155 114 153 27 0
1 2 98 132 161 70 193 8 41 104 199 177 53 87 184 0
40 137 169 141 111 48 145 21 56 184 0
168 170 108 110 14 118 31 0
98 36 46 25 125 126 57 0
99 72 105 168 142 80 112 50 116 183 92 0
159 161 165 73 82 114 178 179 186 187 158 31 0
128 191 136 75 13 16 83 55 63 0
163 133 9 172 46 14 79 20 55 23 93 0
34 130 132 5 185 46 17 52 25 154 125 0
99 9 75 45 80 177 115 116 118 23 28 0
195 133 169 111 47 182 119 59 0
73 108 109 79 182 23 151 95 0
129 2 99 195 171 44 113 18 83 119 24 0
32 66 106 140 109 19 22 126 0
163 104 141 176 157 29 191 0
36 101 141 17 54 159 0
96 41 46 47 79 142 146 19 20 116 91 0
32 165 6 134 41 105 172 113 145 178 21 54 125 158 0
128 107 175 148 181 24 0
129 98 3 193 197 171 12 174 112 179 53 85 189 152 58 61 31 0
27 165 53 15 0
128 165 6 39 200 143 48 113 114 115 148 188 118 119 92 0
192 194 163 6 76 187 21 123 28 0
130 99 106 45 78 52 55 28 30 191 0
130 99 68 165 40 72 107 120 17 51 52 24 153 186 92 93 30 0
129 98 69 5 38 200 105 75 77 113 52 27 0
165 166 168 200 12 111 82 156 157 190 159 0
10 75 43 110 143 120 185 59 190 63 0
99 102 198 107 12 13 110 174 48 80 179 85 182 184 25 63 190 31 0
65 34 99 101 199 41 42 12 13 156 188 120 60 0
96 192 37 38 134 72 41 76 48 82 24 57 187 156 190 0
64 1 69 38 72 12 76 48 178 52 95 0
2 165 16 51 22 118 88 187 124 189 0
96 163 167 41 59 170 45 79 50 180 23 27 0
162 195 69 5 175 113 86 119 123 92 157 0
98 102 140 109 82 187 0
128 99 5 169 77 48 56 62 159 0
65 79 81 50 150 55 0
167 14 18 87 58 59 0
1 130 67 101 197 140 16 48 177 147 61 0
192 98 67 197 134 74 145 119 55 54 30 87 120 62 63 0
96 161 138 170 171 80 178 188 21 87 56 154 28 0
36 171 44 47 95 159 0
5 135 140 13 22 156 28 33 35 166 40 46 183 57 59 192 72 99 110 114 0
128 69 42 12 110 114 146 22 30 62 63 0
65 165 9 171 15 176 177 115 116 150 57 60 61 0
34 162 69 41 75 44 15 17 49 20 184 28 157 0
35 68 136 42 11 85 22 156 61 0
129 5 70 171 178 51 148 190 0
96 2 72 105 79 83 180 117 184 91 0
80 178 122 101 0
3 163 72 136 200 171 12 187 112 23 116 55 184 155 0
1 130 132 5 6 72 107 172 175 178 22 184 122 0
128 97 34 193 70 73 108 46 47 149 0
32 132 134 104 75 11 139 140 15 112 143 173 187 148 120 59 127 0
47 144 51 119 185 0
2 35 38 102 42 77 78 16 115 119 184 0
66 163 36 132 71 41 170 51 121 0
97 69 70 103 169 75 78 79 118 187 0
96 39 137 139 79 80 81 85 182 56 158 152 30 127 0
34 67 132 5 101 41 144 49 147 23 157 0
32 3 131 69 6 101 104 178 91 92 61 0
179 141 0
65 130 3 38 72 138 75 116 185 63 0
192 3 101 186 106 12 84 53 157 24 122 61 95 0
128 195 197 134 40 9 11 47 143 176 185 158 125 94 127 0
32 5 135 168 9 137 138 108 145 120 63 0
99 35 132 106 11 171 142 150 184 186 60 0
97 80 49 22 124 93 0
128 196 169 82 22 87 185 0
130 9 170 78 111 115 0
34 98 195 102 8 12 93 126 0
128 99 68 165 139 78 16 82 147 0
133 38 165 40 104 12 116 23 120 151 26 183 0
185 92 0
44 48 117 54 22 120 27 63 0
185 105 141 80 17 86 119 24 151 0
70 167 8 82 155 0
96 1 66 131 71 16 48 49 51 184 186 63 0
193 36 104 118 90 125 127 0
162 163 11 17 24 26 189 63 0
65 35 137 75 110 176 25 61 0
64 191 98 165 70 7 71 199 142 175 16 189 151 154 155 124 61 31 0
40 72 104 106 76 45 141 15 79 171 148 53 0
32 65 38 134 166 199 14 16 53 22 0
96 1 192 3 4 69 132 154 13 146 181 56 185 122 187 28 0
136 44 173 174 144 145 82 156 118 119 24 153 187 120 191 0
32 160 166 76 14 142 112 143 177 186 61 0
96 98 99 164 143 177 121 27 28 0
2 3 75 182 155 157 0
160 163 69 174 118 87 156 159 0
2 76 13 145 52 24 155 95 0
162 100 107 178 22 56 28 61 0
33 2 58 107 171 172 110 17 148 24 56 190 0
98 194 71 106 75 140 109 110 17 113 0
70 141 17 179 89 92 0
194 70 199 43 110 177 148 181 154 28 0
170 15 112 143 18 178 52 116 86 23 120 121 90 27 188 0
64 159 192 3 193 138 47 148 21 120 27 63 0
159 75 109 187 111 48 19 182 184 90 27 62 127 0
43 28 197 86 0
99 39 78 19 186 156 0
128 33 2 3 199 41 144 190 0
96 1 161 69 5 39 41 106 137 175 112 127 0
33 3 78 125 27 61 0
65 185 166 44 77 173 80 112 177 51 115 150 89 190 189 158 0
32 70 199 44 108 79 120 25 61 0
65 34 5 38 135 9 42 107 76 47 156 146 19 54 150 124 61 94 0
101 169 106 12 110 57 28 94 0
96 160 5 6 170 46 142 0
34 70 199 8 73 104 136 13 109 17 85 54 86 26 0
64 96 34 192 6 143 82 178 53 118 0
130 69 6 200 138 45 47 22 87 95 0
65 165 71 41 107 143 16 176 181 25 63 0
199 41 76 79 120 156 157 0
129 167 9 190 174 52 149 24 89 120 184 0
167 109 13 176 51 87 119 185 0
192 99 71 74 11 44 75 14 76 82 115 184 59 0
17 91 0
39 168 9 171 80 52 89 190 95 0
65 36 72 139 76 48 50 82 189 89 186 61 127 0
162 132 167 74 44 46 151 24 154 27 0
98 68 166 171 45 156 85 124 31 0
98 67 101 71 199 137 78 83 53 22 149 120 190 191 0
185 104 41 75 15 175 52 22 57 186 0
170 141 47 21 181 152 122 59 0
98 138 77 187 20 52 54 89 59 0
96 100 41 171 45 112 120 155 189 0
112 52 87 56 89 27 29 0
71 45 117 60 31 0
193 34 68 78 112 176 118 55 120 57 58 127 0
96 99 67 140 47 148 56 0
3 99 185 39 11 171 172 78 14 119 183 0
35 200 13 176 145 182 123 62 0
128 160 5 165 104 148 85 24 28 125 0
153 99 165 154 167 139 172 16 48 82 146 116 151 57 90 31 63 0
35 6 199 110 144 83 21 118 119 150 185 58 184 0
35 99 136 200 11 109 142 47 15 116 118 124 62 127 0
130 138 12 142 15 146 20 148 155 159 165 48 52 57 58 62 199 80 81 97 108 121 0
194 131 197 74 11 141 80 81 145 22 189 121 61 0
96 65 34 170 176 83 54 58 0
41 137 44 173 14 115 83 0
1 74 109 175 50 20 58 125 95 31 0
32 3 40 9 187 78 111 175 81 59 61 0
145 107 77 141 0
99 36 5 105 91 137 45 79 115 22 118 183 186 27 188 157 63 0
33 100 199 174 80 112 18 50 187 157 31 0
169 10 11 53 22 152 190 0
96 33 130 3 197 166 9 17 19 52 22 151 182 0
2 66 5 200 173 112 85 86 150 154 124 0
96 191 98 44 13 109 173 174 81 21 25 90 187 127 0
128 1 129 6 71 122 135 10 110 47 179 26 0
32 4 5 100 7 102 166 171 78 15 111 51 54 151 24 91 93 0
100 134 42 111 115 53 91 127 0
185 46 15 92 112 144 152 153 90 28 125 62 63 0
130 100 75 116 148 121 187 0
32 96 69 116 88 191 0
2 99 100 168 41 105 53 21 94 0
97 129 162 37 133 71 134 200 170 47 0
192 72 44 47 87 127 95 0
159 195 38 137 75 46 78 110 146 154 28 63 0
99 3 199 182 155 0
131 5 197 199 45 81 54 191 0
178 154 189 0
65 161 168 41 44 79 51 22 23 118 188 31 0
66 100 10 91 140 141 174 111 177 181 57 59 28 191 0
35 134 140 111 25 92 157 0
185 89 123 163 0
33 2 65 66 101 198 77 141 174 48 54 152 127 0
34 3 98 101 12 179 181 56 89 186 155 95 63 0
96 197 171 14 48 86 186 0
96 195 168 169 106 12 142 82 54 55 24 26 59 127 0
69 41 111 47 177 148 92 127 0
1 129 161 197 170 12 140 46 79 48 50 20 61 0
128 131 4 163 199 141 151 0
129 3 99 5 72 9 136 54 183 92 127 0
129 130 73 140 18 89 28 0
200 140 18 85 157 0
162 39 171 76 178 184 25 91 158 0
113 161 171 47 0
2 167 40 172 78 80 86 23 0
69 102 105 154 155 28 31 0
65 109 13 114 189 122 29 0
192 97 194 10 43 110 16 146 57 62 0
194 133 44 149 86 119 152 185 156 189 0
70 167 8 116 56 185 0
163 106 171 44 109 81 179 118 55 120 122 0
32 130 101 133 198 169 10 76 46 47 81 178 157 126 0
193 36 132 186 41 10 105 14 177 178 89 58 27 63 95 31 0
128 98 69 72 75 12 141 81 18 148 127 0
128 99 164 38 71 39 134 136 139 170 175 0
35 3 44 51 115 157 184 89 125 30 0
99 5 101 71 9 75 142 81 179 155 125 0
170 75 139 15 80 147 182 183 188 0
162 69 134 165 166 199 75 48 49 18 144 55 120 30 95 0
33 4 101 104 137 170 13 47 112 116 58 0
102 9 111 175 53 120 60 62 0
161 66 3 42 75 12 109 110 139 17 113 83 148 178 152 28 0
69 197 71 45 13 48 112 127 0
33 98 129 106 75 156 114 116 53 153 58 60 0
35 100 133 167 41 15 81 113 86 25 158 190 189 62 0
102 8 13 15 175 81 119 181 87 88 153 154 59 0
96 192 167 200 174 175 20 84 52 87 150 188 63 0
1 133 200 75 171 46 143 80 18 52 26 62 0
96 1 66 71 72 9 180 23 120 61 0
128 36 100 133 198 10 44 76 141 80 82 90 188 0
198 11 44 78 14 81 177 148 122 155 62 0
193 34 163 38 39 102 171 15 17 178 83 21 24 89 95 0
128 3 185 195 135 136 9 110 49 19 153 0
130 175 54 57 124 190 0
199 104 138 172 146 55 121 63 0
132 200 41 172 190 51 87 23 154 27 124 61 30 0
192 104 75 176 184 0
128 34 4 37 69 102 137 74 78 47 17 145 146 52 118 123 124 0
96 166 8 10 85 125 119 187 127 61 63 0
2 99 101 169 83 186 189 31 0
2 67 131 197 9 169 139 14 117 187 93 0
2 34 36 99 164 198 139 78 47 144 179 119 54 118 29 0
196 6 72 9 106 47 16 182 185 62 191 0
129 163 12 141 46 119 186 155 188 0
192 130 164 134 39 23 150 55 0
99 4 187 80 120 27 0
39 9 44 145 50 21 119 91 31 0
129 99 4 36 102 139 176 116 22 55 189 0
99 167 106 78 145 177 147 150 185 0
161 2 98 166 46 188 149 55 156 61 63 0
134 42 15 56 91 60 0
130 101 134 7 165 43 173 146 57 188 158 31 0
98 3 195 197 39 106 140 78 48 115 24 56 59 158 0
128 134 182 122 28 159 0
134 175 148 152 185 191 0
128 165 70 200 171 145 52 55 0
5 134 39 40 108 49 188 150 119 25 187 28 0
138 139 140 108 175 48 154 187 0
129 194 132 74 155 79 151 153 26 123 127 0
4 197 68 15 189 0
195 100 69 165 136 111 52 53 150 31 0
33 99 199 40 137 18 0
32 192 195 100 69 102 134 186 138 174 22 90 91 62 0
128 191 35 197 166 105 77 142 15 82 20 151 125 126 159 0
196 106 16 146 148 150 122 0
33 34 3 7 15 16 177 18 148 60 0
98 165 38 108 15 112 143 83 147 120 124 159 0
198 106 139 79 15 19 180 184 151 24 93 95 31 0
35 8 141 173 113 119 24 89 189 0
130 140 81 177 84 117 119 155 60 157 0
97 166 7 75 44 76 113 55 57 61 31 0
100 71 40 136 170 12 48 112 114 52 185 187 157 0
65 161 4 100 6 164 140 141 143 50 82 59 93 95 0
96 35 146 120 185 158 92 62 0
96 34 68 171 178 179 125 62 191 0
192 102 134 82 51 187 92 127 0
162 99 7 40 80 185 156 63 0
37 197 135 154 138 75 143 148 152 122 158 0
64 5 104 9 168 47 48 119 87 56 154 125 191 0
64 96 5 199 200 109 46 110 177 54 183 0
104 14 144 147 52 156 0
32 130 165 200 42 143 116 185 186 155 188 158 0
64 99 101 38 75 145 150 87 26 0
96 98 3 100 69 37 198 180 149 187 92 0
66 134 9 110 78 87 154 124 126 0
192 99 101 169 139 171 13 111 112 0
69 72 42 55 127 0
34 3 6 138 78 127 0
68 133 71 8 13 46 14 145 181 118 153 29 0
162 4 79 114 85 150 91 0
66 100 6 170 85 53 27 124 0
11 14 16 18 20 148 164 40 169 43 171 177 53 54 63 68 90 101 102 116 122 0
130 99 5 70 102 11 45 77 17 147 52 152 187 95 0
100 68 101 133 41 155 187 17 118 27 0
153 137 142 46 113 89 0
164 165 13 112 22 185 31 0
38 75 182 27 61 0
38 9 169 172 141 47 16 115 22 26 0
5 39 171 14 78 112 142 176 57 61 62 0
185 132 134 172 152 23 55 118 119 120 150 189 61 0
130 67 163 101 138 45 142 176 147 118 56 25 92 0
101 6 71 104 171 119 125 190 191 0
160 198 15 52 180 22 89 93 63 0
128 131 101 39 7 12 144 81 178 116 120 189 94 0
32 160 130 191 164 40 72 140 46 174 177 147 148 119 151 91 190 95 0
98 130 135 142 16 176 62 0
129 134 168 59 74 142 178 91 92 0
194 35 5 72 42 13 173 112 178 155 0
192 129 101 109 82 180 53 181 119 0
1 98 99 135 136 199 91 11 16 151 27 28 0
38 104 171 140 173 115 120 91 30 0
2 130 100 101 102 165 41 127 156 50 115 20 91 28 189 31 0
96 99 131 101 7 104 11 140 77 171 52 86 150 152 155 60 63 0
2 34 101 15 51 116 87 191 0
161 38 41 137 175 26 157 62 0
96 15 80 17 81 148 150 153 186 59 189 0
128 53 181 58 189 0
32 162 165 172 45 111 112 146 51 115 148 26 0
99 100 106 173 49 116 21 124 30 0
132 103 39 105 107 79 81 178 117 56 121 124 0
3 99 73 75 139 178 51 23 53 55 158 0
192 37 5 39 104 170 178 53 55 122 91 62 0
3 166 106 11 141 147 187 189 0
164 133 143 178 118 62 89 154 126 191 0
32 96 34 35 36 69 134 163 40 136 192 76 50 115 146 183 0
131 164 199 186 73 76 45 24 56 63 0
129 69 167 40 9 136 200 13 176 116 85 118 27 125 126 63 0
2 35 37 76 108 14 46 47 23 58 95 0
33 98 161 100 167 76 77 79 16 113 178 115 52 184 90 155 0
193 35 44 140 112 19 27 125 159 0
161 66 3 35 191 103 170 17 179 185 26 187 159 0
128 159 195 47 15 17 178 53 22 152 186 123 30 95 0
66 164 198 39 45 82 184 0
4 132 133 103 199 200 11 78 83 181 87 23 0
67 4 133 163 106 12 178 151 154 93 0
192 65 161 185 4 165 12 15 145 117 121 155 28 189 127 0
33 5 166 72 170 148 117 89 123 60 30 0
100 5 198 10 138 18 186 60 93 158 127 0
96 10 12 79 16 111 183 91 156 159 0
68 7 41 77 115 181 151 190 0
72 137 173 111 80 81 18 113 53 158 191 0
191 163 175 55 183 186 31 127 0
96 34 131 68 69 199 136 11 142 15 16 17 82 23 120 121 91 190 0
69 75 172 47 92 0
35 165 103 142 179 52 55 25 186 127 0
65 34 99 161 101 8 106 170 141 180 54 153 189 0
76 145 122 93 30 0
34 99 37 38 71 12 47 52 119 151 159 0
161 164 53 182 156 0
64 130 104 75 183 57 26 0
100 122 107 140 143 114 52 151 58 61 0
102 167 138 75 108 14 91 124 0
164 197 38 71 136 166 10 173 78 47 178 147 119 24 27 93 0
162 134 136 171 44 173 176 86 126 0
132 165 38 12 50 180 0
161 166 10 42 108 176 114 116 23 188 157 63 0
166 105 169 80 51 60 61 190 0
3 108 13 19 24 91 28 0
38 11 108 173 180 157 183 61 0
67 134 9 75 15 56 0
128 35 100 29 158 93 62 95 0
100 4 196 7 169 48 145 186 29 0
1 2 133 38 13 111 16 20 86 150 158 159 0
65 197 103 20 26 0
96 100 135 40 139 175 19 20 55 183 62 0
162 56 100 132 8 81 82 178 24 26 0
200 44 50 188 148 87 151 57 92 0
3 106 47 179 86 119 154 60 29 158 0
192 38 41 105 138 51 55 158 0
36 165 40 80 50 180 191 0
96 1 98 103 77 173 47 145 50 20 89 90 0
44 80 145 146 87 0
1 5 39 10 14 112 120 58 125 0
161 100 71 114 86 151 0
96 35 52 24 89 58 0
96 4 70 166 104 137 169 173 187 19 91 92 0
131 196 102 111 80 175 183 123 92 157 95 0
99 39 139 150 87 90 189 0
4 2 3 3 4 4 2 3 3 4 2 3 4 3 3 2 2 4 3 2 4 3 4 4 4 3 4 2 2 4 3 2 2 2 2 4 2 2 2 3 4 2 3 3 4 2 4 4 3 3 2 4 4 4 4 2 2 4 3 3 4 2 3 4 2 4 3 2 4 3 3 2 4 3 3 4 4 3 3 2 4 2 2 2 3 4 2 3 4 4 3 4 2 4 2 3 3 3 3 4 3 2 3 4 3 2 2 2 3 4 3 4 3 3 4 3 3 2 4 4 2 2 2 4 3 2 2 2 4 3 4 3 2 2 2 4 2 3 3 2 3 3 2 3 4 4 3 3 2 2 2 3 3 4 2 2 3 2 3 2 2 3 3 4 3 3 2 3 3 3 2 3 4 3 3 3 3 2 3 3 4 2 2 3 2 4 2 4 4 4 2 4 3 2 2 4 3 2 3 2
