297 328 266
1 263 135 266 139 22 165 167 42 84 226 106 237 111 112 114 246 120 124 0
34 35 258 263 234 107 10 172 15 114 18 147 121 126 91 92 190 57 0
161 195 264 168 104 73 44 173 174 147 116 150 183 88 121 250 27 118 0
160 225 34 3 217 4 38 263 264 140 44 251 87 216 249 59 29 255 0
259 4 5 135 22 154 157 163 40 177 50 184 79 80 208 84 232 108 255 0
130 3 261 263 139 147 30 169 174 185 61 192 198 75 83 90 99 118 255 0
129 258 261 15 144 41 44 46 184 185 73 80 209 216 231 239 244 249 252 0
161 259 163 133 228 169 108 174 17 244 85 182 148 248 217 20 91 159 0
256 163 131 165 262 102 137 201 235 236 75 111 85 59 29 254 191 0
4 101 73 202 239 79 49 147 212 245 148 181 24 125 23 214 29 0
257 4 133 7 148 24 153 26 39 169 179 61 190 65 71 72 210 216 254 0
1 2 145 23 169 173 53 54 60 193 69 205 214 95 238 113 118 248 251 0
192 133 102 263 231 105 202 171 107 206 15 113 145 183 152 90 60 126 0
159 97 67 69 262 43 237 206 53 182 247 22 26 91 61 63 0
260 13 142 158 30 163 35 171 56 203 84 225 102 232 234 235 115 117 251 254 0
34 100 196 198 36 132 73 234 106 229 141 143 177 212 121 27 125 126 0
38 71 200 233 234 75 138 172 14 10 112 115 215 56 123 156 30 95 0
227 4 99 102 39 40 7 234 45 110 82 19 84 86 150 152 25 253 0
257 133 8 11 147 150 164 41 56 191 66 69 73 80 209 234 112 113 127 0
137 13 15 20 33 161 38 173 186 62 67 198 83 89 90 94 100 231 103 0
1 161 121 249 10 236 110 207 79 209 241 114 246 215 153 58 60 125 0
193 36 5 69 8 41 172 141 208 113 212 117 180 25 220 93 126 31 0
10 16 145 23 156 32 33 35 168 169 55 59 62 73 86 87 96 106 119 0
6 7 138 25 28 160 161 39 171 47 180 53 197 207 80 83 91 100 126 0
36 158 201 78 144 177 17 23 213 53 247 24 217 215 251 54 85 151 0
192 1 195 99 164 26 200 264 235 29 211 212 85 83 126 60 189 30 0
65 226 258 261 70 74 107 235 109 202 113 146 211 29 151 250 253 190 0
128 97 65 224 194 71 168 265 106 139 155 141 10 19 184 153 187 92 0
65 259 3 197 38 199 185 105 43 44 77 173 207 18 146 55 183 61 0
3 196 5 38 231 135 265 106 168 108 142 174 80 48 146 50 183 251 0
224 34 259 166 8 265 9 235 140 11 173 237 200 243 22 151 56 223 0
257 4 263 18 165 45 46 198 76 85 87 92 225 227 106 113 242 123 252 0
259 133 165 103 10 171 203 174 144 23 117 118 213 221 86 27 253 190 0
133 12 16 148 149 27 29 43 46 175 196 204 80 89 91 230 107 248 126 0
32 97 65 261 70 135 232 43 78 19 179 55 24 217 90 120 223 0
97 226 163 132 66 230 168 42 106 15 48 144 18 115 52 24 189 62 0
226 227 131 6 71 72 43 171 203 205 172 144 145 175 147 217 91 252 0
160 34 261 38 104 265 106 239 176 113 147 183 56 252 152 254 159 0
1 26 7 264 135 206 116 180 22 182 184 30 58 88 86 254 255 0
11 140 13 153 28 33 40 54 205 78 82 88 220 225 228 106 244 254 121 251 126 0
256 98 99 165 103 11 76 143 15 113 53 86 182 85 91 60 191 0
68 37 134 71 138 173 109 111 146 52 85 153 123 188 125 25 95 0
261 22 159 45 178 179 186 61 199 206 207 208 209 80 211 96 228 242 248 250 0
129 4 24 30 181 183 184 196 199 87 217 221 95 225 226 233 237 122 251 0
130 137 141 142 31 161 38 170 188 203 76 212 218 92 109 118 247 246 252 0
226 185 259 198 39 136 70 141 13 143 144 49 83 148 245 25 30 31 0
161 194 258 164 261 5 263 218 205 110 141 207 45 21 54 119 250 61 0
259 149 171 175 48 179 68 202 76 93 227 102 107 237 244 245 119 248 249 0
226 4 38 135 264 72 107 237 174 109 144 211 20 149 121 26 220 94 0
2 138 144 152 153 27 159 171 44 51 58 190 78 83 92 222 225 243 250 0
160 259 3 5 37 101 264 205 110 14 46 243 245 220 93 31 0
129 7 135 11 18 20 32 40 174 59 193 201 81 210 216 89 222 229 242 0
34 196 229 262 38 4 59 106 204 109 140 18 117 89 155 221 223 0
160 161 35 196 165 102 36 131 70 132 43 142 86 89 59 125 191 0
258 22 153 154 168 44 181 61 63 68 71 73 76 81 224 106 235 113 253 254 0
128 132 69 167 138 76 14 46 113 18 243 180 242 17 148 56 217 25 0
3 12 23 154 33 163 40 169 46 191 197 74 85 214 225 236 237 111 245 0
33 225 2 132 261 38 7 232 105 67 112 117 247 249 250 59 189 95 0
132 6 15 23 40 42 49 51 87 90 219 223 99 231 104 110 112 120 250 251 126 0
258 151 26 28 157 54 55 65 202 204 206 212 227 102 104 108 109 239 242 0
128 137 140 12 145 153 183 190 63 191 67 71 203 81 89 102 112 248 121 250 0
258 133 7 136 23 34 162 172 48 179 61 65 77 218 90 108 112 246 125 0
161 163 132 133 102 229 168 265 42 172 205 174 13 208 17 240 55 31 0
264 145 158 45 47 50 51 183 58 67 201 213 90 219 225 228 104 233 235 122 0
128 129 34 65 36 195 104 168 106 11 8 144 209 211 179 184 252 158 0
1 265 140 141 19 154 33 168 43 176 54 55 76 77 79 84 222 100 113 245 0
17 20 23 159 35 167 180 181 193 197 213 85 219 220 93 100 229 246 126 0
224 98 163 68 104 8 170 266 171 187 143 178 19 118 58 155 191 0
128 257 1 261 102 232 78 46 240 177 210 178 212 84 214 24 250 124 0
96 64 129 195 164 257 230 198 234 171 172 14 175 208 82 18 21 62 0
194 67 100 165 230 162 35 144 50 243 212 244 118 218 156 62 255 0
128 195 67 133 199 233 10 138 44 111 20 244 153 155 156 190 159 0
129 4 5 6 162 35 38 42 191 74 75 77 86 223 96 229 110 115 244 0
97 103 263 104 39 171 236 168 14 207 208 183 153 186 27 221 30 0
224 161 258 227 132 168 108 77 175 48 242 115 252 50 120 187 220 93 0
256 257 6 11 14 38 39 172 47 176 54 68 199 92 221 94 226 232 119 251 125 254 0
192 256 153 67 68 101 166 228 169 138 240 176 180 245 116 55 121 59 0
64 66 163 195 230 70 170 79 17 93 182 183 151 186 252 61 222 63 0
128 225 194 226 101 72 41 138 105 142 242 83 213 246 215 85 24 251 0
257 130 261 13 15 144 145 20 23 26 171 175 181 199 72 207 209 219 94 242 0
256 130 35 133 197 7 71 205 238 174 80 113 147 179 150 23 123 255 0
132 262 11 141 147 154 159 173 181 54 191 121 241 114 116 248 249 122 125 0
4 69 166 70 9 234 44 173 188 212 252 151 121 26 187 92 159 0
36 5 39 8 73 10 11 140 234 45 79 240 178 116 53 186 27 255 0
128 226 227 196 165 72 265 202 43 46 47 239 176 149 118 57 218 190 0
33 259 132 262 199 136 106 171 14 175 143 50 116 149 23 155 158 0
1 193 99 131 164 165 135 195 201 204 141 49 85 94 56 249 93 30 0
128 129 258 259 135 9 14 145 153 27 51 53 206 80 95 225 230 118 124 125 0
160 1 194 131 102 232 172 239 112 180 148 86 215 121 154 155 61 0
160 163 132 100 38 234 75 173 46 239 111 242 22 151 63 127 0
192 225 162 67 4 130 232 264 10 207 176 18 117 247 154 156 63 0
128 193 34 99 3 260 41 138 78 175 79 49 206 84 215 252 191 0
1 129 131 4 134 16 160 164 42 174 60 190 62 204 77 218 242 116 118 250 0
224 128 164 37 197 263 167 236 179 189 86 55 150 215 123 188 29 0
66 260 197 263 9 74 203 105 123 207 18 84 53 214 151 121 218 27 0
194 165 38 7 137 138 265 140 76 205 207 112 51 148 213 119 189 222 0
129 2 262 139 141 145 153 35 45 205 77 212 94 101 237 110 245 120 123 254 0
1 132 69 197 196 106 43 77 207 210 212 246 154 155 156 125 254 191 0
9 35 40 45 67 195 69 70 76 207 81 84 85 218 225 100 106 111 118 250 0
224 68 169 75 13 46 173 208 145 242 82 119 84 86 214 27 28 30 0
259 261 139 144 145 26 35 165 40 170 171 51 58 187 73 80 223 104 233 122 0
161 2 67 260 198 71 8 105 74 75 203 234 211 53 21 58 187 222 0
159 89 258 227 4 5 70 168 72 143 112 50 83 217 123 220 253 63 0
128 224 215 171 208 177 18 145 114 211 55 119 250 27 28 255 0
260 133 264 137 33 37 166 50 68 74 213 230 231 105 108 111 242 251 125 127 0
97 68 38 230 198 265 266 75 45 174 48 178 54 150 121 253 30 223 0
96 194 262 72 170 142 206 238 147 244 117 214 23 85 57 154 187 220 0
128 98 227 4 262 203 43 15 208 188 252 156 157 222 63 0
256 133 38 42 45 177 185 63 68 196 201 90 103 112 242 243 116 125 127 0
1 34 35 196 69 102 135 27 168 74 186 144 51 119 88 250 219 127 0
128 258 135 144 148 22 153 29 158 35 169 170 171 47 51 56 57 96 243 253 0
192 159 3 227 72 73 12 13 208 49 178 117 214 248 249 90 191 0
130 3 166 40 179 185 187 64 192 66 68 201 76 79 92 237 240 122 251 127 0
136 15 145 146 160 162 170 44 51 185 69 78 79 215 224 246 120 250 125 0
257 141 142 146 19 150 28 29 32 162 167 44 52 69 228 113 121 251 126 0
258 194 228 36 6 71 186 44 251 179 19 245 180 23 252 90 123 220 0
160 193 163 260 40 11 12 173 123 15 175 209 20 154 91 220 94 0
2 262 149 43 67 79 85 218 96 99 228 237 112 118 247 249 122 123 124 0
192 257 5 103 138 74 140 139 80 146 188 181 182 248 185 123 28 24 0
257 162 163 260 132 38 103 232 67 107 75 81 210 149 21 23 155 62 0
256 7 9 15 23 157 33 175 184 64 200 75 203 79 100 104 240 113 125 126 0
260 5 6 8 158 43 196 197 82 83 92 94 241 243 117 126 252 253 254 0
160 129 226 164 135 201 265 137 108 141 177 19 51 117 23 55 120 215 0
98 100 201 234 76 46 143 209 49 243 212 245 118 23 54 122 221 30 0
248 33 226 3 68 249 134 38 70 137 140 236 115 180 152 121 59 221 0
225 163 68 37 38 36 255 170 202 143 176 177 47 212 87 216 61 159 0
160 191 34 66 1 233 169 28 15 92 177 188 51 55 248 59 60 63 0
128 33 227 133 233 169 11 203 204 266 150 23 152 217 59 188 125 254 0
34 67 198 135 218 203 155 45 171 28 240 146 86 186 27 190 126 0
259 6 134 7 14 149 21 26 157 167 169 65 88 90 100 105 234 240 241 253 0
257 260 139 159 48 57 58 79 81 82 217 219 94 231 235 246 247 248 126 255 0
224 33 96 162 3 197 128 135 265 42 239 111 243 182 184 251 156 190 0
257 121 134 103 265 42 138 204 46 176 177 85 54 248 217 124 254 216 0
192 132 103 232 136 234 11 14 209 156 19 243 149 120 88 28 159 0
257 66 196 198 201 106 43 237 13 205 49 113 243 152 189 223 0
256 132 70 104 105 139 82 244 52 189 119 121 154 251 63 191 0
128 196 37 198 166 102 43 15 241 84 148 212 23 124 157 63 0
129 1 196 136 40 75 171 46 240 81 146 211 183 88 91 189 62 0
98 197 232 73 42 171 10 205 142 16 147 116 211 246 87 244 153 154 0
2 133 265 150 26 37 168 41 188 65 195 197 77 212 227 99 106 235 240 127 0
96 33 192 195 229 262 199 264 7 5 43 74 111 244 84 150 215 157 0
261 14 27 161 170 46 50 182 54 57 61 194 77 82 87 226 101 242 118 0
162 223 100 136 59 74 240 112 242 243 55 221 89 155 188 157 253 95 0
8 11 142 23 152 27 156 36 42 51 187 67 200 89 92 223 109 115 251 127 0
224 193 130 230 264 200 75 52 117 182 245 152 57 154 92 61 94 63 0
192 97 260 68 70 167 201 170 203 155 13 212 52 214 88 122 123 63 0
257 261 14 142 151 154 156 32 162 40 44 176 186 212 220 94 106 118 124 0
21 149 154 178 186 188 65 207 80 84 87 95 100 110 116 245 246 247 118 253 0
128 129 142 32 35 165 166 52 182 63 199 72 83 220 233 238 239 242 116 246 0
195 164 69 168 74 13 205 239 48 240 81 150 24 216 249 186 124 94 0
258 8 31 34 36 165 174 47 60 64 196 200 77 216 221 224 241 246 119 0
132 261 10 17 153 161 44 176 53 54 55 71 202 74 80 216 116 247 249 0
259 133 139 140 14 35 44 50 190 68 71 220 221 226 106 234 108 243 115 246 0
131 100 69 197 199 105 43 108 204 174 78 117 182 151 213 25 253 255 0
160 193 33 35 131 102 230 237 77 29 83 244 18 153 250 220 222 158 0
2 263 145 34 35 164 170 42 47 179 65 66 69 218 221 224 107 239 246 0
7 10 23 153 154 156 157 158 36 171 54 61 192 68 199 76 78 220 106 0
32 129 226 67 259 258 164 107 75 209 145 177 147 150 246 218 220 191 0
193 227 215 69 38 199 204 173 48 50 212 86 183 184 154 59 125 222 0
137 14 30 172 173 44 54 56 60 64 75 78 79 82 88 217 237 122 252 255 0
256 196 6 264 10 43 44 107 11 237 178 147 84 245 53 152 217 60 0
1 3 263 19 148 150 158 163 164 41 50 182 64 202 209 94 122 107 241 250 0
265 149 150 25 161 40 169 51 52 57 58 66 71 203 222 95 229 112 115 116 121 126 0
1 129 6 157 160 163 35 172 180 212 86 217 96 104 243 116 118 119 121 0
143 147 21 33 166 43 185 64 70 199 201 79 208 213 219 226 227 233 241 0
226 261 201 265 235 236 77 45 108 16 205 117 22 184 91 188 29 127 0
128 131 261 144 152 153 29 166 180 183 191 80 81 219 222 230 233 241 118 0
4 263 141 24 153 26 180 190 192 197 71 91 93 223 99 229 107 238 253 0
1 2 262 264 141 148 149 26 156 161 33 178 184 61 68 71 77 104 234 247 0
193 255 197 101 41 155 239 114 252 120 62 158 124 93 190 159 0
259 35 261 198 7 200 41 173 46 206 242 147 116 120 31 93 255 0
1 38 70 136 233 200 203 204 72 14 239 16 179 247 152 120 253 62 0
260 7 9 14 142 19 148 27 35 44 174 47 74 202 91 94 234 235 108 122 0
128 66 100 198 168 265 42 107 264 106 47 15 243 117 214 121 189 0
224 129 229 69 39 40 168 44 237 111 241 177 113 210 248 253 94 63 0
128 160 162 227 64 165 230 194 175 82 51 116 120 90 92 63 223 0
192 69 137 73 173 14 111 17 178 147 18 245 146 87 58 124 157 0
28 41 170 46 49 179 53 190 201 202 80 210 84 225 109 238 111 243 248 0
192 97 227 166 265 73 11 206 79 242 114 146 53 150 243 216 254 191 0
129 5 137 140 172 57 189 69 201 74 75 205 211 212 228 230 239 247 121 0
128 194 162 2 36 169 201 108 144 50 147 51 87 216 58 88 189 0
257 259 260 261 5 265 157 163 172 45 175 59 187 193 67 68 76 210 86 0
128 1 2 255 164 69 6 40 168 44 142 15 16 210 119 89 28 95 0
34 197 69 122 186 166 140 142 206 46 241 212 21 120 218 59 28 29 0
259 9 11 152 26 167 169 176 51 64 201 76 77 81 90 93 101 239 113 126 0
128 192 258 262 263 264 43 205 48 17 210 145 84 85 118 215 153 158 0
224 32 101 167 170 171 239 15 23 20 182 55 24 26 158 254 223 0
161 121 195 166 200 74 43 204 77 239 207 144 150 153 218 27 220 62 0
32 162 196 167 40 233 170 234 7 205 108 240 18 210 117 27 61 158 0
1 5 145 154 159 162 172 176 69 202 84 96 97 227 101 235 242 250 253 0
248 257 194 163 64 65 38 39 72 105 44 143 52 244 182 183 184 90 0
225 228 6 169 138 235 172 10 28 156 150 54 120 91 188 157 126 95 0
248 66 196 165 102 231 11 12 206 79 116 180 214 117 152 148 252 63 0
257 8 12 13 142 16 20 22 164 178 59 203 78 81 83 87 93 99 231 108 246 125 0
13 149 24 156 47 187 192 199 201 77 83 85 214 222 224 106 236 239 112 0
37 134 198 249 231 69 5 108 122 110 210 146 244 25 90 27 191 0
99 36 199 168 10 43 171 237 110 176 116 180 157 249 251 124 189 0
12 141 146 163 38 45 175 57 65 68 202 214 92 221 232 234 110 112 122 126 0
224 161 2 248 165 103 236 110 213 245 247 21 86 218 118 157 30 0
32 36 100 260 7 170 106 236 140 219 115 148 117 24 249 90 251 252 0
162 100 197 102 166 264 148 244 150 214 22 89 85 59 188 253 94 0
224 230 136 123 78 238 144 177 50 147 208 174 87 62 27 220 222 223 0
1 259 138 13 16 157 30 29 167 40 175 186 62 190 196 199 204 90 230 238 0
257 134 35 176 52 60 191 65 66 208 81 91 121 227 106 247 249 251 125 0
65 132 69 230 261 10 171 205 206 16 176 178 50 182 87 88 28 0
32 162 163 36 133 90 263 59 202 106 14 175 113 18 122 187 222 255 0
256 2 259 196 230 134 170 172 28 14 145 83 213 25 123 124 93 63 0
262 165 175 54 183 185 66 198 201 202 76 81 213 90 219 221 100 234 120 0
224 2 259 4 196 73 41 110 251 243 116 180 86 24 217 122 59 0
138 10 21 28 33 36 172 48 189 65 197 71 202 91 225 240 242 118 122 126 0
193 196 100 69 103 232 231 110 111 79 174 208 80 189 94 187 61 222 0
261 142 145 175 182 62 64 195 197 78 87 228 231 239 111 251 242 115 249 250 123 126 0
160 65 225 131 68 67 102 166 200 105 171 12 48 17 148 84 25 60 0
160 121 163 67 5 102 199 137 266 172 239 15 210 211 83 217 255 0
3 137 139 24 32 164 165 166 184 62 67 201 77 79 228 234 238 117 124 0
97 255 68 196 134 167 136 132 100 203 109 78 79 19 122 28 223 0
65 130 163 100 68 195 98 97 196 10 80 177 17 242 184 218 219 0
258 137 142 29 31 165 176 50 188 200 74 203 78 206 82 95 225 246 124 0
99 229 37 105 138 171 75 77 111 208 49 82 116 212 246 183 152 24 0
128 1 259 260 140 141 144 20 157 159 31 163 164 55 193 68 69 232 234 0
257 144 150 152 159 174 179 52 57 66 197 72 107 237 238 115 118 248 121 123 0
130 166 264 201 234 74 137 205 109 239 19 212 181 182 186 187 28 159 0
192 161 195 259 69 101 8 107 239 48 49 241 177 245 248 121 58 63 0
142 14 27 158 164 175 182 62 63 198 75 78 79 214 89 229 105 237 127 0
257 227 5 262 71 168 38 230 43 11 103 79 143 49 180 149 216 0
130 67 260 262 134 49 146 152 221 29 189 184 24 26 251 157 30 0
131 153 29 175 187 63 196 72 76 81 223 96 232 106 109 110 246 247 127 0
224 130 4 132 166 135 232 75 109 143 251 17 116 85 122 91 124 191 0
163 68 67 132 73 172 142 208 147 21 182 54 117 25 213 188 29 63 0
130 2 132 5 70 228 234 176 240 145 241 177 18 54 216 251 189 0
65 193 98 100 225 166 154 136 3 206 119 182 55 25 26 91 254 0
3 20 31 161 38 56 60 65 67 202 76 206 219 92 225 229 238 243 246 249 251 0
128 257 65 231 200 264 204 77 239 178 115 52 84 54 214 25 91 255 0
133 265 140 24 156 160 47 181 188 68 77 212 230 233 234 236 112 251 124 0
132 262 103 166 137 199 135 200 14 81 20 21 94 126 93 222 255 0
160 65 226 164 197 230 122 73 169 233 237 83 21 85 151 120 153 186 0
35 5 262 103 102 7 171 205 238 241 177 220 85 150 28 30 0
1 259 135 12 153 159 176 52 54 60 198 90 221 101 109 241 113 248 253 0
96 194 66 4 262 263 136 265 233 204 238 15 82 115 183 88 91 223 0
225 66 26 261 203 75 15 143 81 114 210 119 53 214 245 24 181 58 0
194 195 101 201 42 141 206 111 251 145 81 49 213 221 59 60 222 190 0
193 255 100 136 138 11 140 203 78 142 243 20 23 56 31 253 158 95 0
128 1 162 230 231 74 173 205 79 142 141 86 184 152 154 216 254 223 0
1 4 13 14 22 157 30 162 46 175 51 181 66 68 206 230 244 250 252 0
257 135 265 137 14 146 148 53 192 206 85 86 89 229 104 105 115 243 254 0
35 4 3 134 138 92 81 114 52 181 54 151 86 57 251 120 157 183 0
33 195 3 198 7 234 107 77 14 240 49 82 246 55 150 94 216 0
89 193 162 153 261 103 136 264 106 49 146 19 113 87 25 219 92 0
5 24 28 167 188 61 65 68 197 200 83 225 232 233 107 235 110 112 246 249 0
258 4 102 200 73 202 42 172 141 265 178 115 213 245 216 124 152 254 0
160 66 100 102 9 203 172 237 45 177 18 19 149 150 214 245 121 155 0
33 130 258 260 102 263 46 207 241 29 180 181 125 157 216 247 61 95 0
66 6 40 201 169 12 204 108 175 141 177 239 53 86 117 248 124 94 0
129 1 3 2 12 142 27 156 157 36 166 40 199 207 85 90 92 241 248 0
257 129 7 139 29 38 171 173 47 52 182 184 186 193 78 99 230 238 241 115 0
256 129 1 135 266 10 146 155 158 41 45 178 51 60 219 92 221 227 244 120 0
2 259 5 15 149 155 35 166 174 51 65 193 66 70 108 120 251 252 126 0
1 9 22 157 50 188 62 192 66 67 69 198 219 220 231 232 236 109 122 0
135 8 20 151 29 31 41 173 182 57 187 65 71 83 87 91 219 95 245 122 0
128 7 233 106 12 110 239 80 81 49 119 149 183 62 57 59 222 191 0
2 138 144 152 167 169 176 185 190 67 200 79 83 214 215 94 96 114 243 0
132 168 200 10 141 207 239 81 244 116 182 183 151 150 253 184 95 0
134 9 142 20 23 27 158 41 177 52 61 192 201 78 214 92 94 231 232 127 0
4 135 140 33 168 43 48 190 192 199 202 86 222 99 100 104 246 248 251 126 0
9 139 12 144 20 158 164 48 55 61 65 198 77 206 211 228 108 115 117 119 0
258 66 259 69 166 40 105 170 266 136 205 173 264 80 16 13 237 77 0
65 258 101 261 103 169 42 48 119 117 118 215 212 148 214 189 94 0
160 69 262 70 231 73 42 202 108 141 110 111 179 212 149 183 252 159 0
38 137 59 123 108 240 241 244 252 22 214 54 185 91 60 189 222 0
34 228 202 236 15 239 17 111 113 20 211 88 24 59 125 190 0
261 12 13 145 148 21 155 53 60 66 72 203 80 211 83 222 233 236 247 0
96 1 3 100 68 67 5 136 234 205 176 55 216 190 222 62 159 0
224 66 259 258 6 122 105 74 45 205 207 143 50 211 181 55 218 255 0
64 160 98 73 107 12 173 142 111 124 118 88 154 27 252 152 95 63 0
256 257 58 228 198 249 103 171 236 111 16 114 53 215 217 186 219 0
1 194 163 165 197 75 46 207 240 156 18 243 179 58 27 188 222 63 0
32 257 66 96 196 192 262 104 234 171 207 152 248 122 27 92 253 158 0
260 133 9 138 12 140 150 63 73 202 75 212 89 121 101 244 118 119 249 253 0
121 258 226 68 165 186 237 45 49 81 211 52 185 90 187 31 62 159 0
261 136 142 144 171 174 53 60 74 209 90 92 228 232 106 237 115 246 120 0
256 4 134 142 150 152 25 27 158 181 55 186 210 87 221 222 106 115 252 126 0
129 130 138 25 156 160 164 165 48 177 181 64 195 73 81 89 116 250 252 0
67 131 35 255 69 262 170 44 111 176 82 115 50 215 120 223 0
160 97 132 5 263 168 233 107 76 45 208 212 182 248 186 219 157 127 0
224 65 194 98 36 164 159 39 201 139 143 212 213 148 153 90 27 31 0
129 100 135 104 105 234 75 77 207 176 178 210 243 117 22 189 157 0
1 131 21 152 27 33 165 57 187 60 195 73 85 218 229 232 245 247 253 0
96 256 2 260 262 39 171 205 109 209 49 147 244 52 121 60 29 190 0
260 262 11 13 14 156 31 161 163 174 67 76 80 211 223 95 226 118 254 0
36 58 262 73 108 173 207 240 149 117 189 152 245 215 93 63 0
161 97 36 102 169 234 170 106 238 116 53 157 215 252 61 30 0
1 150 23 157 166 167 68 199 215 219 220 92 96 226 100 102 117 250 254 0
32 224 68 261 39 104 105 12 77 51 180 117 150 86 20 59 255 0
192 129 227 35 168 104 43 203 237 60 63 61 180 84 245 252 93 255 0
257 135 8 265 16 22 30 166 167 168 44 177 60 69 86 224 240 118 246 248 0
257 132 5 7 265 10 23 35 167 50 51 54 63 195 69 199 208 98 246 0
226 4 164 90 169 204 78 238 209 178 21 150 86 184 157 214 252 253 0
128 260 134 135 71 138 75 236 139 111 208 113 146 83 252 126 223 0
225 162 2 164 261 223 231 234 141 77 174 240 151 184 121 158 30 95 0
257 145 18 153 27 30 163 49 179 63 69 72 78 83 247 93 99 228 108 119 0
9 12 16 151 25 157 163 166 40 50 188 193 88 219 92 240 115 243 244 122 0
132 263 9 143 27 169 42 50 61 70 82 217 224 228 102 244 245 248 122 0
128 1 35 5 134 231 261 171 92 240 30 182 214 62 249 22 190 94 0
4 136 153 157 162 168 184 61 67 202 90 222 224 106 112 116 249 122 127 0
1 163 260 90 136 43 235 16 241 50 48 245 55 216 58 188 127 0
224 128 2 32 100 229 134 262 199 91 174 46 251 148 182 57 59 158 0
32 128 162 199 232 106 208 188 222 86 88 121 126 155 252 29 94 0
135 12 17 156 33 38 40 172 177 181 55 57 63 215 92 222 234 242 118 0
1 13 148 41 45 48 184 61 66 196 70 202 78 79 84 220 226 228 231 247 248 0
6 262 264 141 18 27 161 163 38 41 169 56 60 216 95 224 106 242 247 251 254 0
128 65 34 160 7 203 204 139 111 48 80 214 182 120 153 250 188 25 0
193 99 70 39 71 233 170 234 43 202 142 208 240 18 83 151 126 159 0
257 1 2 264 140 13 18 149 27 30 40 66 195 87 218 219 91 107 127 0
193 136 200 72 171 43 202 142 14 112 113 81 84 87 55 183 186 155 0
225 130 98 100 37 104 14 240 82 147 245 149 247 217 219 188 253 95 0
264 139 162 36 169 44 45 176 52 181 54 71 213 98 234 237 244 250 254 0
6 8 10 15 151 25 45 51 63 192 83 84 86 227 101 103 245 123 125 0
257 68 71 263 75 237 79 207 177 145 210 119 147 175 151 152 189 0
3 265 153 29 163 164 45 174 179 57 203 77 87 218 96 97 112 115 248 251 0
16 22 23 153 154 163 169 175 49 179 193 67 70 75 78 80 212 215 229 118 0
128 256 32 69 262 231 9 234 41 170 237 207 244 213 84 60 159 0
65 162 67 122 168 14 206 15 211 19 117 120 90 219 220 190 223 0
262 263 12 21 39 47 55 183 190 72 78 207 94 222 223 232 116 244 126 0
35 5 103 137 234 9 77 208 49 18 50 245 182 216 89 91 125 222 0
4 8 160 163 39 170 43 176 177 183 197 202 203 212 233 236 112 246 255 0
128 256 1 135 264 143 20 151 154 182 184 60 191 68 87 90 239 118 249 0
162 66 100 258 105 10 139 204 142 92 156 50 113 25 122 28 221 222 0
128 32 26 90 38 103 8 171 75 141 108 205 81 24 122 157 94 63 0
195 133 263 51 53 120 252 0
131 8 140 146 150 24 32 161 36 172 50 52 60 68 198 212 93 238 112 116 127 0
32 198 10 138 206 211 180 213 248 250 60 0
66 72 203 236 175 81 28 95 0
193 66 3 100 226 259 199 137 238 26 125 30 0
32 225 2 256 231 178 82 21 220 190 0
128 162 260 104 204 109 142 47 173 242 20 150 217 218 61 0
256 3 195 165 264 233 250 107 204 78 143 174 22 55 118 185 26 0
257 7 200 169 42 107 44 140 266 57 91 124 94 0
257 34 98 6 40 137 200 175 243 252 21 54 151 182 59 188 62 95 0
226 260 72 10 139 241 146 180 22 150 217 62 0
226 4 7 75 48 210 213 24 188 216 0
2 34 67 194 12 143 207 114 56 61 0
66 201 13 109 190 176 237 19 115 23 185 122 28 126 0
130 227 108 77 204 15 112 206 222 20 213 244 23 120 246 252 157 62 0
257 98 100 230 106 142 211 148 21 89 218 123 28 0
96 2 132 102 74 123 241 214 249 26 59 158 159 0
97 2 161 225 229 70 103 166 137 199 247 121 29 0
192 34 72 266 108 175 48 81 51 213 245 189 127 0
128 192 225 227 228 201 204 77 79 143 240 243 21 182 151 184 90 28 0
248 97 258 163 227 5 38 43 175 18 83 148 119 88 252 158 0
128 193 39 219 112 147 243 117 217 27 28 61 0
257 132 38 170 110 113 0
98 130 68 198 73 106 143 53 22 25 93 94 31 0
32 160 232 74 139 13 14 48 245 247 252 253 62 0
64 160 263 169 170 175 84 153 26 254 0
162 3 133 165 7 40 177 114 181 150 215 57 0
160 7 231 264 10 20 21 245 184 91 28 95 0
65 130 227 261 11 140 235 206 175 48 156 207 60 223 0
228 230 263 107 139 205 142 174 176 180 150 127 0
193 2 165 233 175 178 147 151 184 251 0
100 6 198 40 41 44 109 112 17 51 20 84 54 182 245 219 61 126 0
224 168 218 10 171 48 213 246 186 0
34 3 194 197 263 104 107 77 14 176 212 157 251 125 0
1 6 172 236 207 16 84 85 212 217 251 222 0
34 198 231 42 203 235 16 176 52 186 63 0
64 96 67 163 6 103 201 49 241 54 58 28 0
227 6 72 170 75 143 175 17 208 151 24 215 0
32 129 161 6 134 201 76 237 149 23 216 219 0
1 134 265 26 40 168 48 179 56 194 80 82 211 106 242 244 120 121 252 0
128 162 67 6 41 10 42 169 207 50 53 182 31 0
164 172 13 179 56 249 186 188 0
66 98 169 44 115 52 149 120 251 223 0
128 192 98 185 217 257 105 202 236 237 145 117 216 121 0
225 2 132 133 137 11 13 147 90 0
99 133 231 201 204 112 210 85 182 183 218 251 0
96 34 195 226 166 7 198 231 13 110 176 212 181 183 90 61 126 0
128 160 225 67 186 10 12 111 180 149 118 215 249 26 0
225 3 5 202 11 15 85 59 190 223 0
224 98 6 231 247 41 137 262 47 208 114 212 23 216 250 27 0
192 97 33 196 201 206 239 241 210 83 84 25 221 191 0
192 195 228 260 103 104 137 78 242 252 86 215 218 91 60 253 95 0
99 68 198 41 138 174 241 212 182 152 0
32 163 134 104 10 173 206 47 111 20 190 0
192 121 3 99 163 217 135 232 105 106 170 235 49 145 85 89 60 0
130 263 203 112 145 178 117 118 119 181 247 29 127 0
32 198 8 202 77 79 242 214 62 57 26 30 0
129 34 67 134 103 169 106 170 140 201 14 206 16 144 30 0
160 161 259 228 134 7 10 45 13 15 174 49 81 187 245 123 220 125 0
129 194 225 217 40 174 92 79 121 218 27 60 253 95 0
64 129 102 103 199 107 241 180 246 222 63 0
195 228 231 43 242 116 118 189 24 250 59 152 0
255 37 204 49 178 213 182 150 185 247 191 0
97 255 6 198 74 110 142 48 49 143 150 91 220 95 0
164 200 105 44 111 181 86 124 0
160 65 133 186 218 232 141 207 147 84 54 183 26 28 190 63 0
224 225 134 71 230 44 16 209 117 86 156 189 0
67 71 40 136 176 184 219 93 62 159 0
1 2 34 195 262 231 234 107 78 242 181 245 217 60 222 0
4 236 142 49 23 55 187 29 0
194 260 37 7 137 210 179 214 183 120 246 157 62 0
228 165 154 107 139 14 47 142 51 85 26 223 0
32 96 37 229 206 238 176 145 116 219 63 0
128 225 201 74 206 113 212 149 246 120 121 154 222 94 0
129 67 163 227 166 199 8 265 170 80 212 117 118 247 88 250 0
32 2 196 133 154 8 9 172 141 207 208 149 246 189 121 90 61 0
192 194 37 166 154 232 73 263 237 143 148 214 122 159 0
192 226 264 10 206 143 240 24 57 0
168 266 48 222 51 117 154 123 157 190 0
1 97 130 193 226 230 262 168 73 9 108 17 212 221 249 157 254 159 0
192 261 70 41 142 28 62 0
224 100 72 218 264 175 177 82 242 180 89 90 221 0
68 231 136 204 206 89 189 0
129 153 5 41 44 13 108 15 16 50 115 23 121 187 95 0
160 191 5 200 233 13 237 178 52 85 149 181 24 246 95 0
128 159 100 200 169 12 77 16 179 180 117 119 219 28 31 0
5 229 231 136 105 137 242 147 52 55 151 249 189 0
160 225 66 259 132 201 233 207 48 81 80 212 123 0
2 6 198 231 169 15 52 248 0
34 195 12 76 143 85 185 90 0
101 6 171 60 84 54 246 28 0
11 13 142 148 26 31 161 40 49 185 190 206 84 92 224 228 234 241 115 252 245 251 124 0
134 7 10 17 151 154 26 29 43 185 187 195 70 72 209 217 99 247 254 0
225 194 133 166 72 141 206 79 177 116 181 245 189 0
33 161 4 135 169 77 238 207 211 244 87 189 31 0
129 67 37 103 206 15 111 49 84 149 180 87 182 185 251 157 221 0
160 66 196 104 74 139 206 16 241 82 19 20 179 210 0
192 224 260 37 11 12 206 18 178 84 85 55 26 126 0
97 131 100 197 261 234 203 242 55 152 26 0
98 130 100 198 135 200 263 203 111 17 113 19 246 26 59 30 0
164 141 173 205 208 181 26 220 0
160 67 165 199 200 140 241 84 21 23 221 89 188 125 0
258 103 7 78 188 86 25 156 254 0
128 259 104 10 174 211 116 150 93 0
159 34 261 263 40 205 119 86 55 59 127 0
193 163 231 264 169 139 109 143 176 115 180 246 183 221 30 0
96 193 66 195 68 257 6 134 41 105 16 208 220 56 124 29 126 0
121 164 101 7 199 266 12 47 207 145 243 244 117 120 89 154 223 0
70 103 166 42 74 49 178 242 148 117 181 23 218 28 0
185 168 235 140 174 206 208 17 242 85 22 181 56 25 213 188 31 0
256 2 258 9 12 160 164 166 41 42 169 44 52 228 107 121 250 126 127 0
128 1 263 8 25 34 165 40 56 58 189 198 95 101 234 241 122 254 127 0
162 70 145 51 215 218 28 0
228 5 110 85 22 188 189 0
193 227 101 170 112 147 182 87 121 187 28 221 63 0
224 193 98 215 202 236 142 81 212 85 183 120 25 154 127 31 0
192 164 168 108 78 47 118 222 0
97 162 3 39 41 140 172 205 18 82 84 116 58 126 63 0
2 70 142 244 21 150 154 123 126 0
32 231 201 210 220 20 53 217 60 0
36 37 229 7 75 171 13 143 16 118 153 157 63 0
192 257 197 233 74 265 143 16 177 50 180 189 248 185 187 93 0
36 5 197 104 42 203 204 173 80 83 84 119 150 55 26 92 93 158 0
32 257 130 103 41 237 212 151 215 252 0
192 256 34 195 132 164 135 72 200 22 91 0
98 106 236 47 15 121 250 95 0
224 256 228 41 42 143 80 209 178 19 239 216 153 223 0
137 139 140 30 165 44 56 76 78 207 213 216 221 232 109 244 118 249 127 0
193 66 6 231 263 201 170 208 247 24 0
64 160 2 98 9 170 177 181 86 121 254 0
32 35 167 10 110 144 251 0
32 3 67 5 195 200 9 138 233 179 244 246 119 88 90 63 0
248 1 132 164 262 265 266 207 114 242 117 53 150 216 27 0
262 14 145 22 23 24 158 167 40 172 53 57 190 247 223 225 98 108 119 0
224 107 245 182 29 0
33 2 165 103 200 41 10 105 203 231 208 240 252 24 154 28 0
5 264 9 13 174 15 113 54 249 158 220 63 30 31 0
96 65 194 165 265 234 111 145 52 21 214 156 159 0
200 137 139 140 141 143 149 57 31 0
1 99 5 70 133 73 203 16 177 20 116 119 255 0
129 193 67 133 42 171 109 17 113 178 185 125 159 0
225 11 78 52 119 56 215 0
32 33 97 229 166 42 177 50 147 179 21 86 180 242 94 191 0
160 2 66 99 130 229 167 40 200 218 231 76 20 182 89 26 93 254 0
66 199 233 78 47 143 82 19 84 116 26 92 158 0
131 101 10 235 108 14 219 81 114 245 54 120 89 27 157 223 0
34 131 229 134 39 72 158 187 206 47 207 208 82 209 251 248 123 30 0
256 121 98 226 39 137 233 11 203 77 174 239 81 212 57 90 252 190 0
167 136 235 48 81 157 88 121 125 126 0
131 232 169 247 140 155 16 50 147 85 181 55 213 26 123 29 223 0
3 198 168 203 16 115 116 181 26 191 0
64 103 40 106 234 12 206 238 82 93 149 54 183 249 29 31 0
9 143 167 171 178 52 54 55 185 59 190 199 74 208 84 214 103 233 238 251 0
161 226 249 230 140 142 49 50 29 246 119 57 93 0
6 70 103 73 104 77 205 207 17 146 241 85 245 153 26 91 221 62 0
1 225 227 133 250 141 112 148 117 22 55 183 26 91 189 253 0
224 259 197 166 261 234 80 49 82 208 116 21 215 123 60 29 0
1 129 131 261 169 239 49 145 146 87 253 218 155 221 0
260 16 18 149 151 159 40 169 173 181 60 61 193 195 71 73 95 227 230 0
257 226 100 139 76 203 148 213 150 91 220 0
65 38 41 105 49 178 117 149 90 190 126 0
96 256 34 36 197 261 39 172 176 179 211 122 63 0
194 228 134 103 167 9 172 209 116 20 118 148 244 215 156 93 159 0
162 185 196 72 42 12 174 143 206 145 207 52 148 150 55 183 254 191 0
2 153 162 109 143 81 113 178 214 121 222 62 0
39 74 113 89 127 93 57 0
256 121 200 265 147 57 26 30 0
34 195 258 133 38 263 173 238 178 186 219 189 127 0
259 229 6 8 251 116 180 22 86 152 59 190 94 31 0
161 131 133 261 74 76 178 83 180 62 63 0
128 192 131 227 70 138 234 153 188 189 0
194 196 197 134 198 203 175 17 18 82 20 182 253 0
194 67 260 197 261 9 10 170 202 77 265 246 153 0
135 168 203 206 48 213 94 0
248 65 66 98 132 257 38 6 103 104 44 79 241 221 189 0
199 72 12 242 179 152 25 219 0
66 165 6 166 200 10 238 82 20 148 150 185 254 95 0
257 258 35 68 135 168 73 231 235 174 83 248 186 0
192 66 164 69 230 8 266 107 203 211 248 126 91 220 30 0
1 3 131 166 198 265 74 108 109 155 206 177 116 119 27 0
166 71 264 105 210 158 0
1 130 197 8 73 74 136 200 235 80 144 215 94 62 0
257 19 152 39 169 181 54 56 187 59 188 62 206 80 87 217 236 111 119 253 0
1 146 181 54 150 27 29 0
227 166 167 200 263 44 237 16 209 179 180 181 211 121 156 93 0
192 131 163 8 234 114 150 58 221 0
32 249 70 38 39 232 206 145 116 212 88 185 156 0
256 1 67 70 41 80 244 21 182 23 185 251 222 94 0
129 98 195 258 259 70 135 72 10 74 107 140 172 234 145 182 186 219 0
160 259 168 172 236 242 182 215 248 92 93 0
67 99 5 198 249 72 169 240 49 81 19 212 183 217 250 92 127 0
64 256 195 71 265 43 15 244 55 88 28 95 0
256 230 199 10 106 170 51 25 92 30 159 0
224 258 39 10 141 173 50 210 20 85 24 57 158 252 62 255 0
224 33 66 225 68 133 232 233 204 173 50 220 52 86 28 0
224 66 5 204 15 176 84 150 0
97 131 6 78 143 57 254 0
256 2 40 9 45 47 177 19 115 181 243 94 95 0
231 74 75 174 208 243 213 150 214 158 0
256 161 164 261 199 44 77 112 147 87 88 124 190 0
165 111 241 89 31 0
224 1 97 99 164 195 70 39 260 206 175 214 249 218 27 0
224 223 195 229 168 232 233 48 81 84 149 87 25 188 57 0
98 100 167 169 140 80 176 84 247 250 158 0
193 196 70 9 105 11 44 43 137 240 243 153 26 219 60 158 159 0
96 225 260 169 109 142 20 246 121 187 254 31 0
70 6 108 209 115 84 214 30 255 0
96 162 100 103 135 167 42 74 107 108 171 111 52 84 245 28 223 0
64 129 66 192 104 10 138 44 15 112 210 117 120 29 158 0
225 130 67 198 201 42 187 175 179 254 215 121 91 190 62 0
163 229 230 136 236 111 20 117 182 119 153 157 158 0
192 227 101 172 48 144 176 208 117 150 62 31 0
128 256 163 137 205 177 241 55 24 251 0
64 257 6 45 78 84 25 26 59 61 0
67 133 138 75 16 49 80 145 117 215 0
32 99 39 154 168 10 140 173 18 83 126 252 30 0
128 33 215 37 74 170 76 111 211 116 244 119 217 122 0
261 262 265 20 35 36 41 42 54 193 199 72 218 222 94 242 246 247 125 0
225 66 132 134 39 74 235 13 176 177 50 210 54 122 251 156 222 159 0
66 131 10 234 108 141 79 144 242 88 219 60 0
66 103 104 239 17 242 51 180 150 182 57 92 0
65 258 195 37 70 198 136 169 263 12 76 155 111 240 22 254 123 94 0
231 200 137 169 75 82 51 181 119 56 153 122 27 252 61 94 0
225 194 4 70 168 137 106 201 235 46 143 208 210 214 247 154 27 28 0
68 166 136 169 76 141 174 111 177 178 51 180 25 186 95 0
258 3 37 7 232 73 202 76 108 204 208 49 115 251 92 0
160 224 98 227 4 68 71 167 235 51 148 244 55 152 154 123 0
230 141 110 173 48 238 211 243 53 183 248 59 188 0
32 98 194 68 164 261 235 110 206 145 83 116 125 246 252 29 30 0
192 1 163 133 167 74 170 44 146 83 51 117 179 183 221 0
2 3 37 167 169 43 44 237 50 242 89 220 125 126 31 0
96 194 131 133 218 154 93 31 0
193 67 196 72 136 107 43 209 20 148 218 156 0
33 185 37 6 249 136 173 52 245 86 23 24 121 0
96 161 191 165 231 200 105 42 76 172 50 95 0
67 164 265 108 172 80 150 246 188 63 0
66 162 227 247 203 205 50 118 151 221 246 59 188 189 31 0
193 260 41 201 140 77 143 17 115 215 186 91 92 29 30 0
223 70 43 235 111 144 243 52 57 191 0
2 196 134 230 201 171 49 178 147 116 245 222 0
226 71 175 119 217 191 0
32 161 4 262 103 73 74 139 202 252 182 23 28 0
193 259 228 135 72 78 81 50 220 52 89 250 60 0
1 261 148 161 35 47 57 60 194 67 199 83 84 226 108 237 242 115 116 121 0
256 136 137 143 144 155 165 175 177 61 62 200 203 212 220 224 101 230 235 113 0
194 68 166 105 12 77 237 112 81 52 185 154 220 93 253 0
34 162 260 133 70 264 10 42 12 140 143 207 241 50 82 249 221 223 0
232 41 266 204 207 50 178 222 85 245 27 188 157 190 0
67 140 216 186 253 63 0
128 98 266 237 110 120 154 222 62 0
132 261 105 107 12 173 190 221 124 189 62 0
230 170 236 15 124 49 182 119 151 91 28 0
192 256 2 131 257 258 265 44 19 118 215 222 0
64 1 2 227 132 103 106 18 115 178 151 152 57 188 189 0
129 98 225 15 143 51 19 189 155 220 29 0
67 100 6 41 74 108 78 214 246 90 0
160 98 260 230 7 137 12 108 109 237 213 221 27 93 0
4 68 108 140 173 15 17 18 84 253 249 221 126 223 0
35 36 163 175 179 149 22 88 152 94 0
37 231 8 41 73 14 47 188 244 149 118 213 60 0
159 66 99 261 70 39 43 243 213 214 23 56 26 125 190 127 0
255 164 167 264 265 202 111 18 82 115 21 148 243 24 120 254 216 0
2 163 168 139 75 12 203 204 156 147 183 152 28 0
65 75 139 109 235 15 82 20 245 26 223 0
32 229 137 236 205 174 79 237 113 18 115 213 55 57 95 0
130 227 68 8 16 51 52 115 86 116 183 0
68 71 41 203 187 251 178 154 155 0
162 3 68 37 229 71 263 265 141 208 211 24 123 152 0
256 1 259 41 138 174 111 176 49 178 242 213 189 95 0
226 35 7 232 202 12 17 212 215 154 219 158 0
128 225 163 99 227 170 245 246 247 123 125 0
198 71 40 200 44 76 14 80 83 253 254 86 23 153 26 29 158 31 0
224 129 193 3 217 37 42 76 116 117 118 89 26 189 95 0
259 261 136 11 139 13 14 142 154 27 32 44 51 68 211 86 223 248 226 106 118 120 0
67 71 231 9 108 82 220 20 116 119 188 62 63 0
226 163 258 37 7 41 105 139 12 50 20 52 216 90 60 0
2 36 133 172 142 238 113 210 53 214 186 222 0
258 134 13 55 189 66 74 76 79 217 101 103 232 236 109 116 252 253 255 0
130 185 134 39 169 141 78 173 21 247 57 90 219 95 0
161 166 104 41 105 170 76 141 110 15 143 49 178 155 127 0
101 251 76 21 0
97 68 5 228 229 8 104 137 231 264 144 85 54 181 0
161 199 233 74 235 108 80 82 147 210 85 182 244 0
96 129 224 101 218 10 202 250 48 113 154 223 0
32 256 196 197 263 234 11 12 140 50 182 252 94 0
256 33 258 229 38 261 143 176 146 221 57 93 63 0
100 7 40 71 107 13 190 20 119 252 55 158 156 30 0
64 256 7 9 171 17 177 252 21 120 57 156 125 0
33 177 211 213 23 63 0
161 225 6 14 111 116 54 183 94 0
257 263 12 143 16 145 148 32 161 35 48 188 192 198 205 220 95 97 103 0
2 99 227 265 144 81 52 117 88 0
4 71 72 173 206 17 209 211 242 60 0
257 131 15 20 152 156 35 36 42 181 185 190 191 77 81 89 227 107 112 0
163 70 7 177 82 84 245 216 0
64 128 226 132 164 230 199 262 138 247 216 217 93 0
258 227 101 166 235 177 51 52 179 245 246 218 187 124 189 255 0
3 3 4 3 4 2 3 2 2 4 2 2 2 2 3 2 4 3 4 3 4 3 3 4 2 3 2 4 2 4 3 3 2 4 2 3 4 4 3 2 2 3 4 3 2 4 2 2 4 4 2 4 4 2 3 2 3 4 4 2 2 2 3 2 3 2 3 2 3 4 2 2 4 2 2 3 2 2 2 2 2 4 2 2 3 4 2 3 2 3 4 3 4 3 3 2 4 4 2 3 4 4 4 3 4 3 3 3 2 3 3 2 4 3 2 3 4 2 4 3 3 2 4 4 2 2 4 4 2 4 4 4 3 3 3 4 2 3 2 3 2 2 3 2 2 4 4 3 2 3 4 3 3 2 4 4 3 3 4 3 2 4 3 3 3 3 2 3 2 4 4 2 4 3 4 3 3 2 2 4 2 2 3 3 2 3 2 4 4 3 4 3 4 4 3 4 2 4 2 4 3 2 3 3 3 3 4 4 3 4 4 2 3 4 4 4 3 4 2 4 2 3 4 3 2 4 2 2 2 3 2 2 3 4 3 4 4 2 4 2 2 2 3 3 3 2 3 3 2 2 2 4 3 2 4 3 2 3 2 2 3 4 2 3 2 4
