120 80 32
32 1 3 5 9 10 15 16 17 19 20 21 26 28 30 0
2 3 5 7 8 10 11 12 14 15 17 20 24 27 29 0
32 1 3 5 9 11 14 18 19 20 21 23 25 28 29 0
3 7 9 11 13 14 17 18 19 21 23 24 26 27 29 0
32 1 3 4 6 9 12 13 14 15 17 23 24 29 31 0
32 1 2 7 8 10 11 12 17 19 20 24 25 28 29 0
32 1 3 5 6 7 10 11 12 20 21 23 27 29 31 0
1 3 5 6 7 8 11 12 15 16 21 25 27 28 29 0
1 3 4 6 8 12 15 17 18 20 23 27 28 29 31 0
1 4 5 6 7 15 16 17 18 20 24 26 27 30 31 0
1 3 4 5 7 10 13 18 19 20 23 24 27 29 30 0
32 1 3 5 8 9 10 12 17 18 19 21 24 25 31 0
32 1 2 3 5 10 11 12 16 20 24 25 26 27 29 0
32 3 4 5 10 11 15 20 22 23 25 26 28 29 30 0
32 2 5 6 7 9 11 14 16 19 20 21 23 24 31 0
1 2 7 8 9 10 11 13 18 20 21 22 25 26 30 0
32 2 5 7 9 10 14 15 17 18 20 21 24 28 30 0
2 3 4 5 6 8 11 12 14 16 18 20 23 29 31 0
4 5 8 9 11 12 14 17 18 20 23 25 28 29 30 0
32 3 6 8 9 12 14 18 19 20 22 25 26 27 29 0
32 1 2 5 8 12 13 14 18 19 23 24 27 28 30 0
4 5 8 11 13 15 16 17 18 19 20 21 25 27 31 0
4 7 8 11 18 19 20 21 23 24 26 27 29 30 31 0
1 2 3 5 7 9 11 13 18 21 22 24 25 29 30 0
32 1 3 4 5 7 13 19 20 21 22 23 24 25 27 0
1 2 5 6 9 10 11 12 17 19 20 21 27 30 31 0
32 3 5 7 10 11 12 15 17 19 20 22 23 24 29 0
2 4 5 6 12 13 16 18 19 20 21 23 27 29 30 0
32 1 2 5 6 7 10 14 19 21 22 23 27 29 31 0
1 2 3 4 8 11 12 15 16 17 20 21 27 28 30 0
1 6 7 8 9 10 11 14 18 19 26 27 28 29 31 0
2 4 6 7 10 14 15 16 18 19 25 26 28 29 31 0
32 1 6 7 8 9 10 11 15 17 19 20 21 24 30 0
4 5 6 9 13 15 16 17 20 22 25 28 29 30 31 0
32 1 4 5 6 7 9 13 17 18 19 22 24 25 26 0
32 2 3 4 5 6 7 8 10 13 15 17 20 21 29 0
32 5 10 11 16 17 18 19 24 25 26 27 28 29 31 0
1 2 5 6 9 13 15 17 19 21 22 24 28 29 31 0
3 4 6 10 12 15 16 17 18 21 23 25 26 28 30 0
2 4 6 7 8 9 14 16 18 19 20 21 22 26 29 0
1 4 8 10 13 15 16 18 22 23 24 26 27 28 30 0
2 5 10 11 12 13 16 18 20 22 23 26 28 30 31 0
3 4 5 6 7 8 9 10 19 20 21 23 27 29 31 0
3 4 5 6 7 10 12 14 15 18 20 21 25 26 27 0
32 3 6 8 9 15 16 19 20 23 24 25 28 29 30 0
2 3 6 7 9 10 11 12 16 20 22 23 24 25 26 0
32 5 8 9 12 13 15 17 18 19 20 21 25 26 30 0
2 3 7 8 12 14 15 17 21 23 24 25 27 28 31 0
2 3 4 6 7 9 14 15 19 21 23 24 25 28 29 0
4 5 8 9 10 11 13 16 17 19 21 22 23 24 30 0
32 1 2 5 11 12 13 16 18 24 25 26 28 29 30 0
3 5 6 7 8 9 10 12 14 17 18 21 27 28 29 0
32 1 3 4 9 10 11 13 14 17 18 19 24 25 27 0
32 1 2 3 5 6 8 10 14 15 19 23 24 28 31 0
32 3 4 6 7 9 10 12 15 18 20 22 26 27 30 0
32 2 5 7 9 12 15 18 19 21 22 23 26 27 29 0
32 2 10 11 12 14 16 20 21 23 25 27 28 30 31 0
32 1 2 6 7 10 11 13 14 20 23 25 26 29 31 0
2 3 6 7 11 12 14 15 18 19 23 25 28 30 31 0
2 3 4 7 8 9 12 15 17 18 19 20 22 25 28 0
3 4 7 8 9 12 14 17 18 19 20 21 25 29 30 0
2 3 4 5 7 11 14 16 17 21 23 24 25 29 31 0
32 4 6 8 9 10 11 15 17 20 22 23 27 29 30 0
7 8 10 11 12 13 16 18 19 20 22 23 26 27 30 0
1 7 8 9 10 11 16 17 18 19 21 27 28 29 30 0
1 2 4 5 6 10 14 17 18 19 20 23 24 28 30 0
32 1 3 5 8 15 18 21 24 26 27 28 29 30 31 0
2 5 8 9 12 13 14 18 19 21 22 24 26 29 31 0
3 4 7 10 11 16 21 22 23 24 26 27 29 30 31 0
32 1 5 6 7 8 10 12 15 17 21 24 25 26 27 0
4 5 7 8 11 12 13 14 17 20 22 24 28 29 30 0
3 5 6 7 8 9 10 11 12 13 17 18 23 27 30 0
32 1 2 3 6 8 11 16 18 19 21 24 25 29 30 0
1 5 9 10 13 15 18 19 20 21 22 24 29 30 31 0
32 1 4 7 9 12 14 16 17 19 20 21 22 23 31 0
3 6 7 8 10 12 14 15 16 17 18 19 24 28 30 0
2 7 8 9 10 12 18 19 20 22 26 28 29 30 31 0
2 4 7 9 12 16 17 20 22 23 25 26 28 29 31 0
32 1 2 5 7 8 10 11 17 20 22 24 27 28 30 0
32 2 4 5 7 9 10 11 12 13 14 15 24 29 30 0
25 0
6 0
21 0
16 32 27 12 0
16 31 0
17 0
17 21 0
26 18 19 15 0
30 0
32 5 12 13 22 0
18 29 0
0
6 7 0
0
1 2 4 0
19 13 0
32 12 14 30 0
25 0
24 0
28 30 0
0
2 26 0
13 14 30 0
0
20 14 31 0
0
0
17 22 7 0
16 0
8 0
27 31 0
1 29 13 0
19 0
25 31 0
20 0
21 0
0
17 0
24 11 15 0
0
20 0
16 30 0
5 0
28 7 0
0
0
8 9 3 0
0
26 12 14 15 0
26 11 0
13 0
0
15 0
1 4 8 11 15 21 24 0
0
22 0
13 0
0
17 0
26 22 0
19 23 0
25 7 0
32 28 31 0
11 20 0
27 11 0
13 0
12 6 23 0
0
9 3 0
0
0
8 0
8 18 7 0
18 0
14 0
22 0
3 29 0
9 5 0
16 28 14 0
26 12 0
0
9 27 0
9 0
16 5 0
0
6 7 0
0
0
2 0
18 0
24 32 4 31 0
0
32 0
1 13 0
32 7 14 22 26 0
22 0
8 28 21 6 0
0
9 0
26 0
26 20 0
6 0
23 0
0
2 26 0
4 30 0
29 27 5 0
0
24 2 23 0
27 0
10 14 0
14 0
19 20 22 23 25 0
18 0
16 26 15 0
0
8 0
14 0
1 4 6 25 0
0
3 4 4 2 3 4 2 4 3 4 3 3 2 4 2 2 2 2 2 2 2 3 3 2 2 4 4 3 2 3 4 3
