149 158 106
64 98 66 67 69 39 40 104 76 47 16 48 81 49 20 52 19 55 0
65 98 69 39 72 103 75 45 92 16 81 50 20 52 88 28 61 63 0
6 11 16 25 31 35 38 44 46 49 53 67 69 71 73 83 86 88 105 0
66 68 100 71 73 42 10 106 45 78 60 63 84 91 92 61 95 0
33 66 35 4 36 38 103 8 41 101 11 43 13 42 16 50 24 0
64 67 9 74 10 78 79 16 49 23 20 55 58 60 61 30 63 0
4 6 10 15 17 22 25 30 37 39 42 44 48 63 65 68 77 78 79 0
2 36 4 5 39 70 45 78 49 20 22 88 25 58 27 57 29 31 0
3 17 28 34 41 43 46 48 58 60 66 69 78 79 86 89 94 97 98 0
4 9 15 17 21 25 27 41 42 43 50 57 58 59 73 92 96 97 104 0
97 66 58 7 78 80 48 18 85 87 23 21 54 22 27 92 30 0
16 22 26 35 37 44 45 46 48 49 75 77 79 85 87 88 90 96 100 0
33 97 36 5 103 104 74 12 13 78 48 81 82 84 57 90 63 0
64 89 34 99 66 10 48 17 18 52 53 54 23 25 92 62 63 0
2 6 18 20 26 27 32 33 35 38 39 54 63 65 76 77 90 101 102 0
3 6 12 18 33 37 38 41 42 45 46 56 59 67 81 88 89 90 100 0
2 8 11 16 19 21 26 33 39 41 44 45 51 56 61 80 87 89 100 103 0
4 5 12 19 26 27 35 41 46 53 54 64 73 80 81 86 89 98 102 0
1 3 103 71 7 106 12 13 14 92 81 86 55 27 28 61 63 0
3 25 27 28 29 30 32 51 53 60 75 77 80 92 93 95 98 99 103 0
98 67 101 5 37 104 73 40 38 45 78 80 85 88 89 92 24 63 0
6 9 10 34 36 39 40 41 42 43 51 63 68 72 74 84 93 98 105 0
32 99 100 68 70 7 73 76 15 81 50 83 20 51 61 89 91 29 0
32 1 34 35 101 103 104 41 10 77 28 47 49 23 56 89 58 60 0
1 7 13 15 17 25 36 41 44 48 50 69 70 75 96 97 99 100 104 0
64 66 35 3 69 40 73 10 42 47 48 80 17 83 29 85 51 61 0
64 65 96 68 72 9 45 79 16 49 82 19 18 21 22 89 95 0
64 65 32 96 97 6 42 43 76 11 16 80 18 85 57 27 28 61 0
15 18 37 44 47 48 49 51 60 61 64 67 70 73 78 83 87 88 104 0
6 7 8 16 25 26 32 51 54 62 65 73 76 80 81 82 83 85 86 0
96 35 37 6 70 39 41 42 76 13 45 51 83 22 25 92 30 95 0
4 13 15 18 26 35 38 41 56 74 79 83 85 88 92 100 101 105 106 0
4 7 8 9 11 14 19 20 25 28 31 44 46 54 70 72 86 89 106 0
32 66 99 4 36 6 71 73 45 78 82 19 21 22 23 25 60 0
3 4 68 100 105 42 106 44 13 47 50 29 84 85 25 91 61 95 0
1 2 10 16 29 30 35 40 45 47 50 56 61 68 78 81 87 100 105 0
96 100 71 72 40 106 9 47 49 18 20 54 56 89 26 60 30 0
14 16 23 25 27 41 44 47 51 52 53 77 78 94 96 97 99 102 104 105 0
6 17 18 21 44 49 51 52 53 57 59 69 77 78 84 88 91 98 100 0
12 26 27 34 41 44 46 48 54 56 58 60 61 70 73 83 94 95 97 100 101 0
97 26 4 68 8 41 10 76 45 44 48 49 16 87 25 58 61 62 0
96 34 26 4 37 38 90 79 15 48 51 84 23 58 91 28 61 94 0
1 2 15 21 25 34 39 40 45 48 52 59 60 73 74 86 87 89 92 105 0
64 32 35 101 73 74 75 78 79 51 53 86 89 58 61 94 57 0
96 4 69 103 40 7 78 80 17 82 16 49 84 48 86 22 0
5 6 8 10 11 22 35 44 46 52 53 64 69 74 78 85 90 93 104 0
2 3 99 101 70 9 106 43 45 14 16 21 22 56 26 92 62 63 0
7 9 11 16 20 24 25 34 37 49 52 56 61 72 75 87 96 99 106 0
2 12 14 17 22 24 29 34 38 42 44 65 74 76 80 82 92 93 105 0
98 99 69 104 91 106 44 77 13 79 80 49 54 55 25 26 59 30 0
96 97 67 58 69 35 73 12 45 44 13 49 81 88 25 56 94 95 0
64 97 35 101 102 71 38 103 11 12 76 78 83 54 57 94 0
32 33 96 99 69 102 71 72 7 106 43 78 47 17 85 90 94 0
96 36 6 103 40 73 44 13 12 15 22 23 25 59 92 93 30 0
32 65 66 99 97 70 7 72 73 59 76 13 83 52 53 90 27 61 0
1 2 4 23 24 25 29 42 43 48 52 63 66 79 81 87 88 98 99 0
33 35 36 37 6 38 74 44 77 51 52 19 21 89 27 92 63 31 0
1 11 12 15 27 30 37 43 46 47 55 56 66 82 88 93 95 101 102 0
3 4 69 40 9 43 12 14 50 51 84 53 86 23 30 91 93 94 0
5 8 19 20 28 38 39 41 43 49 54 57 70 78 81 83 89 93 104 0
32 2 34 98 37 41 44 47 80 17 84 55 54 23 56 57 90 61 0
9 14 17 19 20 28 33 41 44 50 60 62 78 81 84 90 100 101 103 0
13 14 19 20 25 32 36 37 38 43 46 51 59 65 66 74 77 100 103 0
2 17 19 37 38 39 41 43 55 59 60 61 70 79 86 88 95 98 99 101 0
33 98 58 38 103 71 105 7 78 80 49 85 55 87 90 60 61 94 0
68 69 101 71 72 41 106 105 9 10 14 16 81 20 53 55 92 0
35 99 4 70 11 76 43 15 16 48 18 19 20 52 55 57 25 0
99 35 101 68 3 72 104 103 77 48 17 81 19 88 92 61 62 0
99 3 67 70 39 72 105 8 36 12 45 47 15 84 20 55 57 63 0
6 10 12 13 19 25 39 45 53 57 58 61 69 74 83 84 85 96 103 0
1 4 14 28 33 37 39 41 49 55 56 72 74 77 87 91 94 98 99 0
96 1 34 67 70 71 73 106 10 12 76 45 46 59 49 18 27 62 0
16 23 34 35 36 41 42 43 44 47 50 52 63 75 78 83 88 96 97 100 0
96 97 32 5 6 102 42 14 46 49 18 84 53 54 85 89 60 62 0
96 66 34 2 71 72 73 11 75 78 79 16 15 19 85 59 29 94 0
33 2 69 101 72 106 44 45 78 48 49 50 21 53 88 59 92 94 0
96 32 35 37 101 103 104 13 14 48 49 85 88 94 26 27 30 0
33 34 67 4 5 71 40 106 10 45 17 18 20 24 89 28 61 0
64 96 4 71 41 42 46 15 48 18 19 52 21 84 87 26 91 94 0
2 7 30 31 36 39 41 42 43 45 46 47 57 62 70 72 88 90 95 98 0
65 35 67 71 104 73 44 78 48 80 81 53 55 23 94 90 30 0
2 10 21 29 34 36 41 46 47 50 51 53 60 62 65 71 75 79 83 90 94 97 99 0
64 96 97 68 71 75 47 80 16 84 20 22 89 92 95 31 0
65 66 4 38 105 9 73 16 49 18 82 20 86 58 93 94 0
96 32 98 99 36 69 70 105 78 17 84 85 22 55 54 53 61 0
97 66 67 3 103 75 46 15 80 81 88 57 90 59 61 62 31 0
11 18 21 23 27 33 37 40 41 44 52 55 74 81 84 85 91 98 100 0
89 97 1 100 102 71 73 43 12 13 78 15 79 61 57 29 95 0
7 11 13 19 21 26 34 40 41 45 46 47 55 65 73 75 76 82 83 96 99 0
10 11 12 23 26 39 42 44 51 52 56 59 60 68 76 87 88 91 95 103 0
6 19 26 28 33 34 39 49 50 55 58 60 73 74 77 88 89 90 92 93 0
16 23 26 36 39 42 43 46 49 52 74 75 77 81 86 92 94 95 101 0
97 98 68 36 6 103 40 7 45 15 17 82 29 20 86 24 92 93 0
3 6 15 24 29 30 34 43 49 50 53 56 61 67 70 80 86 95 97 103 0
89 98 67 100 71 8 7 106 45 78 82 20 54 24 25 26 60 30 0
65 2 98 3 69 102 40 59 76 45 79 19 55 30 89 27 61 94 0
2 3 18 19 20 22 24 38 47 51 67 70 75 77 80 86 89 91 94 102 0
1 33 66 100 68 38 7 72 41 104 43 76 74 37 23 92 61 0
8 10 12 16 18 20 26 30 44 47 51 71 77 85 92 96 99 102 103 0
3 5 8 27 47 49 51 53 62 65 69 73 74 75 86 89 93 95 98 99 0
32 33 65 99 36 5 70 105 14 49 18 50 86 58 91 92 61 94 0
32 67 69 37 5 41 73 43 78 15 50 52 86 89 91 92 93 95 0
1 7 15 33 38 39 48 56 58 71 74 77 78 84 88 93 94 95 96 0
97 35 36 72 42 106 45 13 15 48 82 86 58 60 61 94 95 0
2 5 6 8 15 19 29 34 35 41 43 49 52 66 68 72 77 80 91 0
3 12 15 18 21 22 29 37 39 70 71 74 76 77 88 92 95 103 106 0
2 8 15 18 19 24 25 27 28 30 35 38 54 59 61 82 87 93 96 0
32 3 101 39 104 7 74 76 45 47 15 20 30 89 63 95 31 0
33 34 35 97 69 2 39 72 106 75 45 47 15 18 24 57 90 27 0
1 2 99 36 34 68 7 72 73 75 43 49 83 93 21 57 29 31 0
64 32 66 3 101 103 39 10 13 14 79 19 52 85 89 93 0
2 10 11 16 17 19 51 60 63 69 70 76 77 79 81 90 92 96 102 0
89 97 32 35 5 38 72 40 41 10 13 49 54 23 57 94 0
33 2 3 68 37 9 11 80 18 53 21 55 89 90 92 93 62 0
11 14 15 19 20 21 22 23 27 39 41 42 43 46 49 78 82 97 104 0
32 1 3 35 103 71 73 39 10 12 75 46 16 82 19 90 94 95 0
9 10 18 19 20 24 25 26 37 38 40 44 52 53 56 64 72 73 74 84 0
1 26 34 43 47 52 55 58 62 63 69 70 72 77 79 86 87 92 97 100 0
97 1 67 100 99 4 103 8 71 12 77 78 23 52 55 89 30 0
32 99 35 58 70 71 9 106 15 48 79 80 51 19 57 90 27 29 0
3 4 10 12 16 20 21 22 29 37 38 42 46 62 73 75 87 90 91 0
32 65 64 35 97 68 6 7 104 3 75 43 77 79 54 86 94 31 0
96 66 26 68 101 90 9 76 60 79 16 82 56 25 58 92 93 0
35 4 5 38 8 75 79 80 17 50 83 20 86 54 88 22 28 61 0
37 5 69 40 73 9 11 75 74 106 15 59 18 52 21 23 91 94 0
1 3 15 21 24 32 41 44 47 48 51 61 63 64 70 71 76 87 99 0
64 97 98 101 104 73 9 11 76 44 72 13 17 18 83 22 62 0
1 99 35 37 38 11 12 80 81 51 93 23 56 25 59 92 61 24 0
97 66 67 99 5 70 38 101 103 7 13 78 46 54 22 25 60 93 0
34 4 101 102 103 10 11 44 76 13 14 80 81 48 82 20 83 60 0
6 23 25 27 38 48 55 56 66 68 74 77 81 84 90 98 100 101 105 0
5 9 16 36 40 44 46 50 52 57 58 65 70 77 97 99 102 103 104 0
68 69 101 103 73 43 16 17 82 20 85 91 92 61 62 31 0
96 4 71 103 9 42 75 43 16 17 80 18 52 53 25 94 57 0
1 9 18 19 24 34 38 60 63 74 82 84 85 88 91 95 96 97 99 100 0
2 3 68 103 72 39 11 43 48 51 20 22 56 91 28 94 31 0
96 97 66 3 68 73 74 43 44 13 77 16 18 55 24 27 28 0
33 66 97 1 3 67 39 104 34 69 75 35 106 19 53 57 63 0
64 96 1 35 100 102 103 6 72 71 17 82 18 84 87 24 92 0
7 15 17 25 29 33 37 38 48 64 72 76 77 87 88 89 99 100 104 0
14 16 17 24 25 28 29 39 52 62 63 66 69 70 72 77 79 98 100 0
97 33 3 101 38 6 104 73 40 75 76 47 80 16 85 24 25 61 0
9 11 12 17 19 20 24 30 40 43 44 54 56 58 60 70 76 90 99 103 0
64 33 2 32 68 101 37 105 106 74 76 12 44 81 86 88 28 30 0
64 34 5 103 27 42 45 78 17 82 81 52 23 20 87 91 93 0
39 72 73 10 76 31 47 16 49 29 23 89 28 61 25 63 0
3 6 20 25 29 36 40 41 46 54 67 68 77 79 80 87 101 102 105 0
7 14 16 17 22 24 32 33 34 38 39 59 65 66 69 81 98 99 100 0
1 2 10 11 13 19 20 24 28 31 38 60 78 79 82 83 85 89 100 0
38 6 71 105 72 75 77 45 47 16 51 55 58 59 60 61 30 95 0
6 12 20 21 25 27 33 38 50 64 71 82 83 84 89 99 100 101 103 0
3 5 8 20 27 34 43 47 48 52 58 61 67 71 88 96 98 99 103 0
64 1 2 99 36 68 102 66 72 35 74 44 14 15 87 27 60 30 0
33 35 4 39 104 71 106 45 79 80 82 83 85 55 90 61 0
33 101 102 72 106 10 44 78 16 49 51 83 53 19 55 25 90 61 0
2 5 6 12 13 15 19 21 34 47 48 53 56 60 69 74 77 80 87 96 101 102 0
64 97 66 102 39 12 14 17 18 52 55 86 23 88 25 58 62 63 0
32 1 100 5 101 40 27 72 14 79 81 49 20 84 54 91 95 0
98 68 41 11 25 93 0
39 40 106 80 20 56 60 0
65 66 44 79 16 80 83 20 84 54 24 91 61 31 0
27 19 47 0
32 1 65 14 95 0
34 39 15 18 89 0
24 41 38 87 0
16 0
8 27 0
69 102 13 81 55 0
98 4 101 104 76 54 0
99 40 47 15 30 0
8 74 6 0
103 72 49 89 27 0
33 87 79 0
73 60 0
28 92 38 63 0
1 66 69 70 73 0
74 11 17 86 91 0
72 33 67 63 0
88 67 100 87 0
33 34 39 42 43 75 45 0
94 14 22 0
65 40 12 77 52 23 25 0
40 66 43 30 0
22 0
49 98 35 0
97 100 75 76 14 83 90 91 30 0
66 3 36 100 72 86 94 0
38 105 51 88 90 95 63 0
88 10 44 96 0
105 66 7 0
89 73 12 7 0
88 44 18 52 84 24 59 0
24 37 38 55 0
37 39 44 79 19 57 59 28 94 0
56 34 50 106 0
97 6 43 44 29 0
52 60 0
33 66 102 106 43 18 21 0
1 3 75 18 62 0
69 71 53 21 89 93 0
69 10 74 60 93 0
17 74 25 49 0
7 79 81 52 89 62 0
97 35 38 15 87 0
37 45 51 90 29 0
65 36 68 12 13 18 57 28 0
100 93 77 70 0
37 103 9 106 55 28 93 0
2 83 0
1 66 4 12 15 92 61 95 0
32 87 78 55 0
71 104 48 29 86 58 61 0
64 74 43 13 90 0
25 59 94 0
1 14 79 50 63 0
3 75 16 52 21 0
8 35 87 63 0
18 27 79 0
1 101 40 13 47 17 23 60 95 0
67 101 39 44 90 63 0
4 36 38 105 77 87 0
98 99 37 7 20 24 0
5 41 12 44 80 84 87 90 0
2 68 69 73 79 82 85 29 0
38 49 83 94 62 0
10 3 94 31 0
37 21 0
96 94 71 0
47 27 92 94 63 0
57 93 0
22 0
33 103 47 48 52 88 0
26 52 69 0
96 7 75 88 61 0
98 10 45 17 52 56 29 0
32 68 72 19 29 0
65 82 44 0
33 71 45 15 61 63 0
42 18 20 57 28 0
56 103 95 47 0
106 0
48 12 44 95 0
1 11 23 89 30 0
35 13 0
81 10 34 98 0
64 99 0
73 90 35 37 0
64 105 77 50 19 54 28 94 0
96 1 44 68 0
97 34 0
66 35 40 19 23 55 0
16 25 32 81 0
64 98 78 47 25 0
32 1 66 38 106 46 95 0
67 76 79 0
62 18 13 54 0
36 69 23 88 63 0
99 71 0
64 39 44 18 61 0
41 55 0
89 0
32 29 54 0
33 3 99 102 12 15 90 0
73 33 26 34 0
67 39 11 12 75 90 62 95 0
34 7 72 41 16 48 94 0
91 51 68 7 0
6 72 105 84 55 25 63 0
62 70 102 46 0
2 4 8 15 48 26 0
6 73 16 53 90 93 62 0
85 0
98 13 14 0
41 49 83 53 56 0
16 105 98 29 0
40 30 103 0
41 37 97 95 0
3 20 31 0
89 100 104 10 43 44 106 46 56 57 31 0
53 14 0
8 25 36 73 0
64 57 12 23 0
0
100 75 11 25 31 95 0
94 0
3 76 54 55 27 62 0
7 72 103 12 78 83 84 53 92 61 0
6 75 80 85 21 0
32 73 0
70 39 7 83 85 87 0
36 38 105 75 77 50 83 54 87 88 28 0
46 47 0
32 100 47 51 86 0
69 40 10 91 61 0
1 34 36 40 42 52 0
101 72 41 23 89 93 0
70 72 73 77 46 23 93 30 0
70 38 97 0
33 103 49 27 30 0
33 41 75 76 47 60 0
80 18 0
24 3 102 0
1 3 70 49 18 50 22 0
90 66 35 13 0
8 79 50 83 53 85 92 0
35 102 43 47 81 20 21 30 0
32 100 6 0
4 2 4 4 3 2 2 2 3 2 3 2 4 3 3 4 4 3 2 3 2 4 4 2 2 2 2 3 2 4 4 4 4 2 4 4 3 3 2 2 2 3 2 2 4 2 2 3 4 2 3 4 2 4 4 2 4 3 3 2 4 3 3 3 2 4 3 4 3 2 4 4 4 2 2 4 2 3 3 3 3 3 2 4 3 2 2 2 4 2 3 3 4 3 2 3 3 2 2 2 4 3 4 3 3 4
