161 141 115
1 17 22 30 38 40 41 45 55 64 65 68 73 79 82 96 98 104 113 0
32 2 35 68 3 4 71 106 60 79 14 78 113 80 92 94 0
34 99 26 37 104 105 76 12 16 115 85 23 56 57 58 91 62 0
8 9 10 12 24 27 32 44 47 48 49 51 64 74 85 100 105 112 114 0
65 98 66 69 38 7 39 6 75 44 109 110 113 19 21 88 89 30 0
96 98 36 101 102 72 9 105 12 77 16 17 83 52 84 24 29 31 0
96 34 68 70 40 105 106 107 12 108 14 79 81 54 22 58 91 94 0
96 99 4 40 41 11 77 14 78 113 18 114 53 54 55 88 94 63 0
89 2 99 36 69 8 41 9 12 111 16 15 80 115 57 93 31 0
9 13 16 19 28 29 30 42 49 50 53 70 86 89 97 101 107 110 112 0
14 16 20 27 31 53 56 61 62 68 71 80 87 88 89 90 92 93 103 105 0
1 7 15 27 37 42 45 54 58 60 74 80 83 85 92 93 94 107 113 0
69 6 39 104 72 40 75 111 16 113 82 19 20 50 56 25 91 93 0
5 21 22 24 26 36 48 50 51 53 61 75 77 78 79 81 88 90 96 101 102 0
1 4 20 25 42 43 44 48 56 58 61 62 74 83 86 92 97 104 106 113 0
6 21 26 30 34 35 38 39 46 48 55 61 68 70 72 88 90 91 115 0
9 19 21 29 32 33 42 49 52 55 57 66 69 71 80 91 95 96 101 112 0
6 8 18 20 36 39 53 57 67 69 70 71 72 82 95 100 101 107 108 0
2 5 8 12 13 14 19 26 30 35 43 45 51 52 81 85 95 105 109 0
2 30 35 40 41 45 51 53 55 61 68 74 78 80 84 85 96 102 107 112 0
36 8 73 75 44 107 60 15 47 49 113 19 61 89 28 93 63 0
1 4 9 13 17 22 45 65 71 79 81 82 84 85 90 93 94 103 108 114 0
7 8 13 15 18 30 39 54 73 93 95 97 103 105 106 109 110 114 115 0
66 34 40 73 8 107 42 16 81 82 83 50 115 90 91 30 95 0
37 6 39 103 5 10 43 76 45 78 47 111 92 54 89 27 60 0
65 2 37 102 103 104 74 12 45 110 15 83 53 91 92 29 94 63 0
4 7 9 18 21 26 30 37 46 52 56 59 62 71 74 80 82 85 104 113 0
64 33 65 36 38 40 72 74 43 41 45 14 81 51 53 54 60 95 0
96 67 99 37 6 4 40 13 111 47 81 18 79 20 114 22 57 94 0
35 99 68 6 105 74 108 12 79 16 48 17 81 19 55 83 23 84 0
1 2 6 11 23 30 38 41 50 56 60 67 71 76 93 97 109 111 115 0
96 65 66 98 39 10 75 45 78 111 15 83 20 85 52 60 93 95 0
1 20 22 26 33 42 45 47 54 59 62 63 72 79 91 92 97 100 107 0
6 8 10 11 17 18 19 25 38 43 58 59 63 70 72 78 87 91 96 103 104 0
96 67 36 5 37 58 9 12 109 16 81 82 20 84 86 55 56 26 0
33 66 2 68 69 101 41 9 10 44 77 45 111 46 17 28 63 0
3 36 100 39 72 74 75 77 15 50 115 20 21 55 88 57 60 0
32 65 97 99 36 69 103 106 108 111 15 17 113 91 30 95 0
4 8 20 21 38 41 43 65 66 76 78 80 90 97 100 101 103 107 109 111 114 0
6 21 25 27 31 35 39 40 43 55 65 68 70 77 78 83 97 101 105 114 0
32 99 4 37 70 103 40 71 74 108 80 17 86 54 88 89 22 29 0
6 15 18 25 26 40 41 53 54 59 71 76 77 78 84 85 96 100 113 114 115 0
8 9 16 19 26 28 31 36 38 39 43 47 54 69 76 79 82 92 101 0
3 18 21 23 24 26 35 36 43 50 51 57 61 65 89 101 102 105 106 108 0
96 58 5 37 8 10 109 78 47 49 19 53 57 90 29 94 63 0
2 98 34 37 4 100 71 26 75 76 77 49 82 20 56 90 59 94 0
64 97 98 3 35 5 70 40 8 12 15 47 83 84 22 55 61 0
4 8 9 13 30 33 40 44 51 69 75 86 87 90 94 95 100 105 114 0
2 9 10 11 12 18 21 22 23 30 40 43 64 68 83 93 105 113 114 0
64 5 37 38 8 41 69 40 74 110 79 46 17 113 50 49 30 0
96 97 2 100 4 8 76 46 111 16 49 82 85 21 87 88 57 0
64 33 65 66 96 9 107 108 111 16 18 54 56 57 27 63 94 95 0
32 65 2 99 36 7 10 42 106 46 113 18 52 21 85 87 90 0
97 1 66 33 37 8 41 10 73 12 108 16 114 20 85 24 58 28 0
8 12 18 25 27 30 35 38 51 55 57 58 64 73 80 88 90 93 94 0
2 15 19 21 26 31 34 38 41 68 83 89 93 94 98 99 103 108 115 0
1 11 15 17 30 31 41 44 55 62 68 73 77 79 87 96 97 98 103 104 108 112 0
34 67 36 7 72 105 41 106 44 79 111 51 115 85 56 91 95 0
4 6 9 20 28 34 40 42 44 46 59 67 69 75 80 86 90 93 102 0
6 14 15 19 24 35 36 43 52 61 65 66 67 68 74 85 86 103 109 111 114 0
96 64 98 99 2 41 45 15 16 49 48 114 85 54 88 89 27 31 0
6 8 29 31 32 46 48 67 72 75 76 82 89 90 99 101 103 104 109 0
3 6 7 9 20 23 38 42 50 52 55 58 62 77 92 94 96 100 108 112 113 0
2 10 11 12 18 21 27 30 31 37 44 62 63 80 81 91 100 104 114 0
5 7 15 18 27 32 38 55 56 61 67 82 84 85 88 92 101 107 108 0
96 97 34 105 77 109 78 113 17 50 85 54 55 57 59 31 30 63 0
16 19 21 28 29 34 38 51 53 64 72 74 79 82 84 98 103 107 114 0
97 66 99 39 14 111 15 47 112 115 51 84 88 26 91 60 29 0
1 2 9 13 20 23 26 27 28 45 52 59 62 68 75 76 98 100 106 108 109 114 0
10 16 22 23 27 34 36 40 44 51 60 65 75 82 90 98 100 104 112 0
6 13 15 16 18 24 30 37 50 58 79 81 86 87 88 89 105 107 115 0
32 65 2 67 100 37 27 10 91 12 74 46 15 14 113 59 93 0
64 5 70 104 10 45 110 78 14 77 19 22 87 94 58 92 62 31 0
9 11 13 21 22 36 38 42 47 61 62 64 65 69 80 81 92 95 97 113 0
5 6 7 15 24 27 28 29 37 38 43 54 68 75 84 86 89 96 98 110 0
64 96 2 58 37 42 45 81 19 20 86 30 88 25 90 28 95 63 0
97 98 3 68 4 39 10 76 109 14 78 80 16 84 87 25 60 0
64 34 35 37 38 72 10 43 109 14 82 19 83 88 90 59 30 0
33 2 68 39 107 108 13 111 80 113 83 115 20 55 88 57 94 0
1 4 9 27 29 34 36 42 43 46 54 62 66 78 87 92 95 96 105 112 0
1 3 6 22 24 28 43 49 51 57 68 79 83 88 90 98 104 109 115 0
1 15 19 24 28 30 32 37 48 53 58 62 69 75 80 83 89 91 104 0
4 11 12 13 19 24 32 53 65 69 81 95 96 97 99 100 102 106 107 0
32 34 69 37 39 11 46 79 16 113 15 51 83 84 24 62 63 0
64 66 3 2 5 74 76 45 13 78 49 53 89 59 31 63 0
17 20 23 28 45 48 53 64 65 66 77 86 89 93 100 103 105 108 111 0
64 4 5 7 39 41 105 77 14 111 17 50 19 20 21 26 28 0
3 8 10 12 20 36 41 49 50 51 52 55 76 86 96 99 108 109 114 0
64 34 99 102 39 8 42 10 110 49 17 84 21 56 90 30 0
65 99 5 69 103 39 108 77 46 112 80 113 115 20 53 88 58 29 0
10 11 15 21 24 25 26 34 35 39 41 43 62 73 76 84 86 91 92 102 0
65 98 3 67 37 5 103 66 101 73 43 84 23 25 58 59 60 95 0
34 68 69 71 104 9 105 72 8 45 49 18 61 57 59 60 29 63 0
1 9 22 23 27 34 40 42 52 53 56 58 60 62 63 72 80 81 86 100 0
6 17 19 21 23 26 29 39 60 61 71 74 75 86 87 90 95 105 106 107 0
1 5 11 12 17 34 46 55 58 66 68 71 76 77 80 82 86 97 99 0
33 2 66 5 10 107 11 45 110 111 48 80 16 46 113 86 54 31 0
64 97 99 35 37 106 28 111 48 115 22 54 25 26 92 95 63 0
6 9 24 27 30 31 35 50 51 61 64 65 67 71 73 74 76 87 96 107 0
4 13 18 32 41 46 49 51 56 59 72 74 79 84 86 95 97 104 108 0
5 9 17 18 19 29 46 48 60 69 79 84 85 86 94 95 96 100 114 0
64 67 37 70 71 8 73 42 76 77 14 46 15 78 81 52 85 95 0
32 1 3 69 39 106 11 44 13 14 79 74 19 20 57 29 30 0
4 5 6 25 40 44 52 56 62 66 70 81 84 88 97 99 107 108 112 0
3 12 17 20 32 43 50 51 55 61 68 69 73 75 77 80 99 104 109 0
7 8 15 18 24 28 29 30 33 38 40 46 52 59 70 83 85 93 100 110 0
11 15 19 20 22 24 28 30 31 53 56 60 64 65 68 71 79 80 99 100 0
9 13 22 23 47 48 49 54 55 60 62 64 69 78 79 85 97 99 107 0
4 13 16 17 20 23 26 27 30 39 46 61 75 78 86 91 99 100 112 0
14 25 26 34 40 41 47 50 51 59 84 85 87 91 96 97 101 103 109 114 0
8 9 22 23 24 26 30 32 43 58 68 77 78 81 85 90 91 99 103 111 0
7 20 23 29 32 34 36 38 40 41 44 70 80 82 87 91 94 98 101 110 0
2 3 26 27 32 38 42 46 51 55 56 65 71 77 80 96 100 105 109 115 0
4 105 10 43 76 79 16 49 29 50 84 56 94 28 61 30 0
11 20 22 23 28 30 34 35 45 52 59 60 61 66 86 88 89 93 106 0
1 11 32 33 38 64 69 75 77 78 81 82 86 95 96 98 100 106 109 0
1 7 8 15 18 22 27 41 48 50 55 56 58 63 66 83 89 92 103 112 114 0
65 2 35 4 40 73 72 75 43 111 47 61 54 57 92 93 0
3 4 8 20 23 29 31 35 44 48 55 56 66 69 80 92 104 106 107 0
65 34 67 68 5 39 8 73 44 12 76 81 82 87 23 93 94 0
4 20 26 38 42 44 51 62 64 71 73 75 79 85 94 97 104 109 111 112 0
4 9 10 21 25 27 41 42 47 55 70 71 75 89 91 99 100 103 106 0
96 33 97 72 8 10 104 12 78 16 49 18 114 84 26 91 94 0
12 13 15 21 22 24 25 27 28 29 30 39 42 44 55 64 66 83 108 110 0
1 2 7 11 27 36 40 46 47 51 52 57 63 80 93 95 102 103 107 109 110 0
15 22 24 31 38 43 46 47 51 52 53 54 73 77 85 91 96 98 100 102 108 110 0
64 97 35 103 73 9 107 76 110 16 114 115 84 50 86 56 29 30 0
2 6 7 10 23 26 28 31 43 45 52 68 85 93 95 98 100 106 107 108 110 0
1 4 7 15 16 19 21 22 31 39 40 50 56 60 87 89 93 101 109 0
4 7 9 13 24 28 31 38 42 49 50 58 61 66 73 86 99 101 105 114 0
1 34 69 39 105 73 10 113 49 19 82 115 22 54 56 57 59 0
96 33 4 5 38 70 72 42 78 79 80 110 16 19 84 57 28 62 0
32 1 98 99 6 40 72 42 109 111 114 51 84 20 86 92 30 63 0
66 99 39 8 72 43 13 110 47 49 81 115 20 18 51 23 91 30 0
32 65 33 35 99 71 104 13 48 18 19 84 93 23 87 89 29 63 0
5 6 20 21 26 39 58 63 65 75 78 79 80 82 91 96 99 101 107 108 115 0
66 34 100 7 73 45 47 16 49 82 50 87 25 26 27 57 62 31 0
18 23 32 37 38 42 44 51 60 63 70 71 74 78 82 94 95 99 104 0
99 67 101 70 37 40 73 42 3 14 19 51 53 87 26 93 30 0
2 3 36 5 67 7 34 108 79 16 49 113 54 55 25 28 0
3 4 68 36 103 72 73 43 76 109 111 50 52 20 89 59 30 31 0
11 0
72 67 54 0
106 14 0
81 19 6 113 0
69 8 43 23 91 95 0
107 63 0
115 113 98 35 0
100 77 103 0
80 18 3 110 0
34 0
73 34 35 0
60 101 68 0
64 88 27 0
100 101 45 80 82 22 55 0
39 17 23 55 58 0
64 97 36 71 110 53 0
112 43 92 62 0
89 69 0
9 75 44 15 0
79 31 0
84 93 0
73 33 44 0
35 36 7 44 46 22 28 0
7 72 43 81 59 0
2 3 43 76 109 21 56 0
65 114 113 0
72 59 22 31 0
67 73 112 31 62 63 0
24 90 6 55 0
34 55 22 7 0
42 28 85 36 0
89 78 47 0
3 76 0
32 2 99 101 10 90 29 0
58 67 60 0
82 85 23 0
34 102 8 72 75 60 0
38 103 111 60 61 0
99 73 11 0
40 70 0
89 74 67 14 0
68 76 0
64 96 103 13 51 54 0
98 99 4 9 79 19 90 93 0
96 73 14 114 54 90 0
97 2 0
104 101 85 0
72 51 84 94 0
25 49 0
73 50 38 94 0
6 73 51 21 86 58 0
45 110 48 83 21 86 0
90 0
74 4 68 0
32 7 41 78 25 62 0
65 98 49 85 60 0
105 90 27 20 0
106 83 14 0
75 34 59 15 0
0
15 0
33 100 74 83 25 91 0
36 42 80 57 28 0
9 79 39 0
89 66 84 46 0
32 57 10 47 0
35 28 15 0
34 47 48 83 87 56 92 0
3 13 0
99 77 16 90 94 0
7 106 18 27 92 94 0
50 84 45 0
70 54 0
98 108 6 0
96 38 47 112 15 0
34 10 106 12 83 28 0
101 13 0
73 42 23 0
49 74 101 0
99 106 77 51 57 0
98 91 13 15 0
19 25 3 104 0
89 90 13 113 0
17 3 38 55 0
81 41 107 0
105 111 13 95 0
1 59 0
107 76 6 0
72 73 74 18 61 95 0
72 10 51 7 0
65 99 70 27 28 0
107 11 94 71 0
103 108 52 24 57 59 0
17 115 76 0
73 102 103 0
66 51 15 0
97 34 40 11 76 0
109 14 0
32 1 4 75 15 50 0
43 13 7 0
114 0
68 5 101 72 14 60 61 0
8 41 29 0
97 35 5 75 11 0
90 60 61 106 0
84 0
97 44 84 0
57 90 3 0
33 2 13 49 85 22 29 0
89 59 61 103 0
16 9 113 0
57 97 0
32 3 0
1 5 51 52 88 63 0
58 102 94 0
44 0
41 74 29 39 0
40 65 56 45 0
105 91 75 77 0
97 108 112 18 85 0
26 62 0
51 68 0
0
88 61 96 13 0
84 14 0
21 31 0
56 105 0
96 1 99 0
45 29 30 0
108 45 0
73 49 83 100 0
2 37 103 73 10 84 0
97 0
8 46 103 0
97 35 36 0
38 39 79 53 63 0
40 50 22 0
10 44 0
38 7 79 54 27 0
56 10 52 110 0
96 42 39 0
16 23 87 26 63 0
32 64 67 42 89 0
65 34 98 76 78 89 0
26 91 28 54 0
18 3 60 13 0
2 38 102 41 14 111 23 0
83 100 102 0
39 43 77 47 80 19 22 23 27 0
90 92 0
33 91 0
13 0
42 3 101 46 0
81 0
103 114 86 55 24 0
66 98 0
65 44 37 0
40 65 88 108 0
2 35 48 112 83 84 21 0
59 114 43 0
98 38 104 42 80 56 28 29 0
2 4 4 4 4 2 3 3 2 4 2 4 2 4 2 4 4 2 2 2 2 2 2 2 2 2 2 4 3 4 2 4 4 4 3 4 4 2 4 3 2 3 2 2 3 3 4 2 4 3 2 2 3 3 2 4 4 2 2 4 2 2 4 4 3 3 4 2 4 3 2 4 4 3 3 3 3 3 2 2 3 2 4 4 3 2 3 4 4 3 3 3 2 4 2 2 3 3 4 2 2 2 2 2 3 4 2 2 2 2 4 2 4 2 3
