47 47 35
32 33 34 3 4 5 8 10 16 17 18 19 22 25 26 28 29 30 0
32 33 2 34 4 6 8 12 13 15 20 21 24 26 28 30 0
32 33 34 35 7 8 9 10 11 13 14 16 17 25 27 29 31 0
32 34 4 12 14 16 19 20 21 23 24 25 26 29 30 31 0
32 33 34 35 5 7 8 10 11 17 18 20 21 24 27 28 30 0
32 33 8 11 12 13 15 16 18 19 20 21 22 23 25 28 29 0
2 4 8 10 11 12 14 17 18 20 22 25 27 28 29 30 31 0
1 34 5 6 8 10 12 13 16 17 18 20 22 23 25 26 28 31 0
32 1 34 3 35 5 8 12 13 15 20 21 24 25 26 30 31 0
32 33 34 3 5 8 10 12 14 15 16 17 18 19 22 25 29 31 0
1 34 4 5 6 7 10 13 16 17 18 19 21 22 25 28 30 31 0
1 34 3 4 5 6 9 10 15 17 19 21 22 23 24 26 28 31 0
32 1 2 4 5 6 7 9 13 16 19 20 21 22 26 27 28 31 0
4 5 6 8 10 13 15 19 20 21 24 25 26 28 29 30 31 0
2 3 4 34 6 7 35 9 5 15 16 19 21 22 23 25 27 28 0
32 33 34 4 5 7 8 9 10 11 12 13 19 23 25 27 31 0
1 34 3 33 5 2 9 10 11 15 16 17 21 24 25 26 29 0
2 35 4 6 7 8 13 18 19 20 21 22 25 26 28 30 31 0
32 2 34 5 8 9 11 12 18 20 22 23 25 26 27 28 0
32 1 2 35 33 5 8 10 12 14 18 21 22 24 25 28 0
32 1 2 34 4 5 3 7 8 35 11 16 18 19 21 22 26 30 0
33 34 3 35 5 12 14 16 17 18 19 20 21 22 25 26 27 29 0
33 2 35 4 5 8 9 11 15 19 20 25 27 28 29 30 31 0
1 33 35 4 5 3 7 10 11 15 17 22 23 25 26 27 29 31 0
3 4 5 6 7 8 9 10 12 14 16 19 20 21 22 27 32 33 34 0
1 34 3 33 5 6 7 9 13 17 18 21 25 27 29 30 31 0
1 2 3 4 35 6 8 9 10 12 13 16 19 23 24 29 30 0
33 3 6 8 11 13 14 16 17 18 19 21 22 24 25 27 29 31 0
32 33 1 3 5 10 11 12 14 15 19 22 23 24 25 27 28 0
33 3 5 7 8 9 11 12 17 19 21 22 24 25 26 27 28 29 0
32 33 3 4 6 7 8 13 16 19 20 21 23 26 28 29 30 31 0
34 35 2 6 8 9 10 11 13 20 23 24 25 26 27 29 0
1 34 4 6 7 8 9 11 12 13 15 17 18 20 21 22 27 30 0
33 2 34 4 6 8 9 10 11 14 15 16 17 21 25 27 29 0
1 34 33 4 6 7 8 9 12 16 17 19 20 21 24 25 30 0
32 1 34 35 6 7 8 12 15 20 21 25 28 29 30 31 0
32 33 3 5 8 10 12 13 15 17 18 19 22 23 24 26 27 31 0
1 2 3 4 35 6 7 8 9 13 14 16 19 23 29 30 31 0
32 1 34 33 4 5 3 2 10 11 12 13 14 15 20 21 25 26 0
33 34 2 4 3 9 11 15 16 18 19 21 24 25 26 27 29 0
32 1 34 33 4 6 7 8 9 12 13 16 18 19 20 22 27 29 0
32 33 3 4 5 10 12 13 17 18 19 20 23 25 26 27 28 30 0
35 4 8 9 11 13 17 19 22 23 25 26 28 29 30 31 0
1 3 4 5 7 8 10 11 12 16 19 20 22 25 28 30 33 34 35 0
32 33 2 34 4 9 10 12 15 16 17 19 23 26 27 28 30 0
32 33 34 2 35 5 8 11 12 14 15 16 17 20 24 26 30 31 0
1 34 35 4 10 11 13 14 15 16 18 19 21 23 26 27 30 0
35 6 0
16 3 4 0
2 0
0
0
0
32 0
30 15 0
11 0
0
0
0
0
12 0
0
7 0
24 27 30 0
16 1 35 22 0
24 0
13 23 0
0
0
4 0
18 29 0
25 0
32 0
0
27 0
9 10 0
17 0
0
32 5 31 0
0
35 0
32 19 0
0
28 14 0
35 12 31 0
34 0
0
21 0
33 23 7 0
9 12 0
22 0
0
8 20 0
26 0
3 3 2 3 2 3 2 4 4 3 3 3 3 3 3 2 2 4 2 2 4 2 4 4 4 3 3 4 4 3 3 4 3 4 4
