225 150 60
2 5 9 10 43 12 45 46 47 17 22 24 25 58 30 0
35 36 37 39 40 10 13 50 52 54 55 56 25 27 29 0
32 36 38 40 10 42 50 52 53 22 23 54 57 59 30 0
34 38 7 8 43 11 16 17 19 22 23 56 26 28 29 0
2 34 39 43 11 45 46 60 18 52 21 54 24 28 29 0
32 2 26 38 40 9 45 46 17 19 21 58 27 28 30 0
32 6 39 40 7 10 42 44 45 16 49 20 24 59 60 0
32 33 8 10 43 12 13 45 52 53 54 56 25 58 57 0
1 2 35 39 8 41 43 46 15 14 16 48 22 60 30 0
32 34 36 4 6 42 28 47 16 17 48 55 24 60 30 0
1 34 35 38 39 8 6 44 48 49 20 53 23 56 30 0
33 1 2 40 8 41 11 10 45 19 20 51 23 25 31 0
1 35 39 40 43 12 50 51 52 53 22 19 26 60 29 0
37 38 39 7 10 11 45 14 17 50 21 25 27 60 29 0
34 39 8 9 11 43 48 49 17 54 55 56 25 29 30 0
32 33 8 41 42 44 14 47 46 49 51 52 54 56 25 0
1 34 3 2 37 36 8 40 18 51 20 21 54 29 30 0
32 33 39 41 10 46 47 18 19 53 24 57 26 60 30 0
33 35 36 5 39 40 9 42 12 44 46 48 49 25 29 0
35 5 6 38 42 46 16 49 18 19 20 53 52 25 29 0
56 41 42 9 46 47 17 50 19 21 24 57 26 28 31 0
33 26 7 41 10 43 44 42 47 49 52 21 55 58 27 0
4 37 38 7 12 45 46 47 50 51 54 23 56 22 59 0
32 34 35 40 41 42 13 47 17 50 19 20 55 58 30 0
33 2 4 38 11 14 48 17 19 23 56 25 27 29 30 0
58 5 36 39 8 41 14 49 18 17 54 22 26 60 30 0
32 5 7 41 11 14 16 18 52 20 22 25 59 29 31 0
2 4 36 37 7 38 39 9 43 10 45 17 50 19 57 0
26 37 42 43 46 47 48 19 20 54 23 22 58 60 31 0
36 6 38 40 10 12 44 46 14 50 19 18 51 55 24 0
35 36 5 43 12 13 47 49 18 50 51 57 58 60 29 0
33 39 7 45 14 47 48 20 55 22 23 56 58 59 28 0
1 2 5 38 7 40 42 10 44 15 18 54 23 24 59 0
32 3 38 6 39 41 45 48 18 50 22 24 57 26 28 0
32 5 38 39 8 42 43 13 15 18 19 52 21 56 29 0
32 36 5 38 7 9 43 12 47 17 50 52 25 58 30 0
32 37 7 9 42 44 46 19 22 56 57 26 60 30 31 0
33 34 3 39 8 12 18 52 54 55 24 26 27 60 30 0
1 36 58 6 42 43 10 48 18 20 21 53 52 57 26 0
32 34 3 36 37 41 9 13 17 50 52 53 23 24 29 0
5 37 38 42 43 45 14 15 13 49 46 50 23 57 28 0
35 38 39 6 41 10 42 43 18 51 20 22 25 26 59 0
32 33 34 35 5 42 44 16 50 51 53 60 29 30 31 0
1 34 33 5 39 8 43 13 48 49 54 56 60 29 30 0
3 4 6 39 7 10 45 46 19 21 54 23 24 57 31 0
2 40 8 10 41 27 13 47 16 22 23 57 58 59 60 0
2 3 35 36 6 5 41 44 28 12 48 51 53 22 60 0
38 9 44 45 46 17 51 53 23 24 25 58 27 60 30 0
1 33 3 36 7 10 46 48 49 50 18 22 55 24 58 0
32 36 5 38 43 12 46 47 48 20 22 24 25 58 30 0
33 34 35 41 43 44 45 46 48 49 18 17 22 57 29 0
34 37 41 42 43 13 14 47 45 17 15 53 57 60 30 0
33 35 38 7 8 11 12 28 46 47 51 21 54 60 30 0
1 36 4 38 7 41 42 11 14 15 51 23 60 29 30 0
2 34 36 6 9 10 44 14 47 48 50 51 18 21 60 0
6 9 11 12 43 47 19 21 22 23 55 57 54 27 60 0
33 2 1 5 8 9 11 14 17 19 52 55 23 24 28 0
34 4 5 7 41 43 45 46 16 19 51 22 55 60 29 0
6 7 40 39 41 11 13 45 46 17 19 55 56 59 60 0
39 43 44 45 11 12 17 50 19 18 54 55 57 58 31 0
1 2 37 7 40 43 12 48 50 51 20 19 23 25 31 0
32 33 1 3 38 8 10 48 18 52 53 56 57 29 30 0
33 2 39 41 42 59 14 49 50 52 22 25 27 28 30 0
35 3 37 6 10 12 46 16 19 52 53 20 27 29 30 0
33 5 37 7 59 11 44 49 17 19 20 21 25 27 28 0
39 27 9 11 12 45 13 15 44 17 19 51 25 59 60 0
34 3 5 39 11 44 13 14 47 48 49 53 24 25 27 0
33 34 4 5 39 41 10 14 17 19 53 56 57 30 31 0
5 7 8 40 42 10 44 45 49 18 19 53 55 57 31 0
1 2 4 38 8 41 16 17 18 20 53 54 24 25 58 0
33 3 40 42 13 48 49 17 50 20 23 58 59 60 31 0
34 2 58 6 12 19 51 53 22 23 24 25 55 59 28 0
35 4 38 8 10 11 42 47 49 18 51 23 24 27 29 0
32 2 34 8 41 42 11 10 45 46 52 53 25 26 28 0
1 33 2 4 5 6 38 58 41 11 16 18 53 26 30 0
33 34 36 38 41 9 14 15 18 51 50 22 55 58 28 0
32 1 33 37 5 41 9 59 48 51 54 56 57 27 29 0
1 4 5 39 10 11 13 47 19 52 51 56 57 26 31 0
36 37 4 7 10 11 15 18 51 54 24 26 59 30 31 0
32 1 35 36 5 38 58 45 48 20 52 23 55 25 26 0
33 1 3 38 6 7 9 10 12 15 16 47 52 21 54 0
3 35 5 40 8 48 18 19 20 23 50 55 24 60 30 0
4 38 41 10 11 43 12 16 48 18 20 55 58 27 29 0
2 5 37 41 42 44 46 15 48 17 52 53 25 59 30 0
1 2 35 36 7 43 45 48 17 18 53 56 25 29 57 0
34 37 38 8 10 11 14 46 18 25 53 23 57 29 30 0
2 35 34 39 40 9 7 13 14 47 48 56 25 60 30 0
33 3 37 6 39 41 46 16 51 54 23 56 58 59 31 0
33 35 4 6 9 43 14 47 15 17 19 57 58 29 31 0
1 34 6 7 41 42 46 49 18 53 23 25 58 28 30 0
4 39 10 44 13 45 14 60 19 20 53 52 59 28 30 0
7 9 43 44 11 46 16 18 51 21 22 55 56 25 29 0
33 37 7 40 42 43 12 45 10 18 51 22 56 25 58 0
32 1 3 4 5 38 39 40 9 43 17 20 23 57 25 0
32 3 4 37 41 42 11 9 47 49 51 19 54 23 24 0
33 1 3 4 34 38 6 44 45 50 20 23 24 25 59 0
32 33 5 37 39 40 44 49 19 20 25 58 27 30 31 0
37 5 38 8 7 10 12 16 18 51 52 21 25 27 60 0
33 2 3 4 37 34 39 11 12 45 20 22 26 27 30 0
33 35 6 40 43 48 18 51 53 22 57 58 59 29 30 0
5 38 10 11 44 45 14 15 16 49 54 23 56 22 58 0
32 1 3 58 5 6 38 43 12 16 50 22 23 57 26 0
32 33 2 38 8 9 44 46 15 47 16 50 54 24 59 0
33 2 3 1 38 8 9 10 14 46 18 25 58 29 57 0
32 34 3 2 4 6 40 12 44 46 45 17 18 53 58 0
33 1 37 38 40 9 43 44 13 17 50 52 22 59 30 0
3 40 9 42 8 44 14 17 18 51 21 54 24 25 30 0
32 34 7 41 11 43 15 50 21 54 22 56 59 28 29 0
32 33 6 8 40 46 14 17 50 19 53 54 60 29 30 0
32 4 37 38 8 42 10 45 46 47 52 21 23 55 30 0
2 4 6 12 44 13 15 16 49 18 52 20 22 23 29 0
32 35 37 10 11 44 12 15 49 51 20 24 28 29 31 0
1 3 35 5 10 42 44 31 14 48 49 25 59 28 57 0
1 34 36 5 7 42 43 12 48 16 19 53 57 27 30 0
33 34 35 4 5 1 10 45 13 15 16 17 25 27 30 0
1 34 7 39 10 44 47 17 19 20 22 23 57 28 29 0
3 38 39 6 41 9 14 15 16 50 55 57 58 59 60 0
4 58 38 40 44 13 12 48 20 53 56 57 26 59 29 0
32 33 34 5 38 8 42 14 60 17 52 55 54 23 28 0
32 34 36 8 10 11 43 14 50 19 20 22 55 28 29 0
1 34 37 39 40 8 10 43 49 50 52 22 55 54 29 0
1 5 40 8 41 43 44 13 59 16 50 20 25 26 27 0
33 4 9 10 42 44 16 18 50 19 20 53 24 28 29 0
2 37 59 15 47 50 52 54 23 25 26 27 28 29 31 0
1 2 38 43 44 45 14 48 50 51 53 57 58 28 29 0
33 35 6 38 41 10 13 47 17 51 23 22 55 24 28 0
32 3 8 14 15 16 19 52 53 21 22 56 28 30 31 0
32 2 3 58 35 8 42 47 15 49 51 53 26 27 29 0
2 4 37 38 40 41 10 43 44 13 14 48 17 16 53 0
32 36 7 10 43 44 13 18 52 54 55 24 58 27 28 0
34 58 5 41 10 14 46 16 49 50 51 56 24 26 27 0
35 4 6 39 7 43 11 45 49 18 21 54 22 58 30 0
34 2 36 38 7 8 13 47 48 49 18 21 54 56 25 0
3 4 37 39 8 41 11 13 46 51 52 53 25 26 29 0
5 39 43 12 15 16 49 50 51 18 22 24 57 28 29 0
3 36 40 11 44 46 47 48 17 18 52 22 57 29 30 0
32 3 37 7 10 43 12 13 46 54 23 57 26 60 29 0
1 3 35 4 7 10 12 16 17 54 23 57 26 28 29 0
36 5 6 7 39 40 45 14 13 53 56 25 28 30 57 0
32 2 3 36 13 45 47 17 50 19 21 56 26 59 29 0
2 34 35 40 44 14 48 51 20 23 24 57 59 60 30 0
1 4 39 44 45 12 13 51 54 22 24 57 27 28 29 0
1 40 9 11 14 15 18 51 53 21 55 56 24 28 30 0
37 39 27 11 12 13 14 47 48 49 16 21 24 59 28 0
41 10 42 12 45 46 16 49 48 51 20 22 57 60 31 0
32 33 34 38 10 14 51 20 55 22 23 21 25 59 30 0
32 1 2 37 38 9 60 15 48 16 21 23 58 28 30 0
38 7 6 41 42 43 13 46 21 54 22 56 26 30 31 0
3 5 12 45 47 48 17 50 52 53 23 58 59 60 30 0
2 3 36 38 12 45 14 52 21 55 23 20 26 27 29 0
0
11 3 53 0
48 0
35 9 49 20 52 0
3 44 0
2 21 22 0
41 38 0
33 7 0
0
9 0
30 0
48 59 54 7 0
26 0
9 0
44 0
54 0
24 40 15 0
18 38 0
0
30 0
0
0
0
40 33 46 0
40 58 37 0
53 0
7 0
57 3 21 47 0
39 0
26 58 0
32 36 0
33 46 0
0
34 6 14 0
9 58 55 0
11 46 0
54 23 25 28 30 0
34 12 13 44 47 23 0
50 38 0
11 36 5 0
51 20 28 0
44 52 0
33 37 0
56 0
8 46 0
16 49 60 0
24 46 39 0
0
7 0
35 37 0
27 44 0
22 0
11 15 0
27 39 0
16 0
43 36 0
37 0
43 5 0
0
0
40 47 0
57 6 0
2 12 42 0
33 50 21 14 0
0
32 2 43 0
0
24 40 0
45 0
8 12 14 0
16 21 0
33 14 0
0
0
57 0
0
48 17 34 3 0
16 10 29 0
42 27 50 0
18 52 0
0
58 44 0
58 7 0
41 0
48 26 39 0
12 5 0
50 53 14 30 0
16 0
32 54 0
44 0
37 0
16 41 37 13 0
8 49 40 56 0
19 0
44 7 0
42 53 0
17 0
43 44 60 0
34 0
0
50 39 0
41 47 0
48 44 0
40 18 31 0
48 19 0
28 23 0
4 0
59 35 5 0
0
12 14 0
2 35 44 0
56 36 0
37 0
35 31 7 0
11 37 39 0
0
24 41 38 0
48 0
24 48 35 38 0
13 0
3 36 44 0
27 19 13 0
0
29 0
53 3 37 0
0
48 45 30 0
42 0
9 42 11 41 45 30 0
9 0
40 43 51 20 22 29 0
38 15 0
0
0
0
43 16 52 22 58 0
13 0
49 28 30 47 0
57 21 0
8 59 15 0
40 41 58 0
27 0
24 45 37 38 0
0
59 18 51 0
20 0
53 0
11 5 0
48 20 0
59 37 0
0
25 51 0
40 41 0
33 4 39 47 51 22 31 0
2 0
41 29 39 0
40 0
2 10 5 0
0
26 30 0
0
40 2 0
34 0
46 0
27 14 23 0
52 0
1 31 0
11 38 0
22 0
2 10 52 21 0
36 38 0
0
58 0
42 35 0
16 2 5 0
25 0
10 58 0
35 19 31 0
12 21 15 0
38 0
59 0
0
0
2 51 20 54 0
25 6 55 0
0
14 0
30 0
4 0
41 0
32 40 53 7 0
42 23 0
5 39 8 45 53 23 0
32 5 0
13 0
2 45 6 0
46 48 30 0
51 0
35 45 30 0
48 0
17 2 22 0
4 0
50 5 0
53 0
39 31 0
36 0
20 52 55 0
10 0
48 2 22 0
42 0
9 53 5 17 0
35 0
49 0
9 57 37 41 0
48 47 0
26 5 0
38 0
1 0
17 0
50 52 53 0
24 43 53 0
24 0
0
46 23 0
25 42 0
3 2 4 2 2 3 4 4 3 2 2 2 3 2 3 2 3 3 3 3 2 3 2 3 4 3 2 4 4 3 4 3 3 4 2 3 4 2 4 2 3 2 3 2 3 4 4 3 3 2 4 2 3 4 3 3 2 2 2 2
