300 200 80
2 4 37 68 40 42 75 13 23 21 54 55 56 30 31 0
33 3 4 68 5 69 41 10 75 80 17 52 21 55 57 0
65 3 68 35 7 42 11 75 48 19 54 58 59 29 63 0
66 71 72 39 75 76 77 78 46 49 50 52 22 26 62 0
64 33 3 4 39 74 10 13 78 80 53 54 23 59 31 0
1 67 4 5 70 72 73 13 79 47 18 22 59 62 31 0
64 66 35 4 5 38 9 10 12 16 17 80 21 61 31 0
65 35 4 69 6 36 38 43 46 51 52 53 20 19 29 0
64 66 3 69 8 46 79 48 80 16 22 55 24 60 61 0
1 2 68 40 41 43 14 80 18 20 53 24 25 27 60 0
66 35 37 69 7 72 75 76 77 79 50 20 52 28 31 0
2 67 66 37 73 10 13 14 78 52 54 25 27 60 62 0
32 33 65 3 4 72 75 12 13 44 15 80 19 20 27 0
34 2 36 6 9 75 13 52 53 20 30 58 27 60 62 0
66 3 35 36 72 41 10 48 16 20 52 24 57 60 63 0
65 34 33 69 7 9 10 78 79 47 49 61 55 59 29 0
65 2 3 35 36 1 40 45 14 15 46 17 47 61 30 0
66 8 9 10 11 28 78 48 17 18 49 57 58 60 31 0
1 65 34 69 72 73 46 50 52 55 53 23 58 27 29 0
64 36 5 4 8 40 10 43 45 14 20 53 55 27 62 0
3 4 37 39 11 76 45 46 28 15 18 19 58 60 62 0
64 1 2 68 40 41 10 8 78 15 16 20 55 25 57 0
65 34 3 2 38 71 40 74 16 17 18 23 58 27 28 0
1 69 6 7 40 72 73 8 13 45 17 50 19 54 60 0
64 33 67 35 37 70 72 11 44 51 22 24 28 30 31 0
32 33 1 4 36 8 43 13 46 49 18 19 52 58 60 0
6 9 42 11 78 47 80 15 18 19 20 49 24 63 31 0
65 36 73 43 46 48 16 49 50 20 22 54 24 56 29 0
4 68 70 5 72 40 9 18 51 20 54 25 26 27 62 0
66 35 68 67 38 10 45 13 15 19 53 54 24 31 63 0
64 33 35 36 37 68 42 43 44 78 46 50 58 29 31 0
32 66 5 7 9 42 43 15 16 20 53 56 25 28 63 0
33 67 38 75 43 12 47 80 19 22 23 56 58 29 62 0
32 66 40 72 9 43 12 42 46 16 80 51 52 56 26 0
1 67 6 7 41 10 43 77 51 52 24 60 29 62 31 0
64 33 2 35 1 38 39 7 9 71 70 21 57 28 31 0
66 69 40 9 73 11 77 46 47 80 18 55 59 29 63 0
32 3 8 73 75 45 15 48 51 20 21 54 24 57 63 0
35 4 27 73 76 15 48 79 19 54 56 25 58 59 31 0
64 65 1 68 37 69 39 75 49 20 54 25 59 28 30 0
32 65 1 4 8 74 11 44 78 53 58 59 60 30 63 0
1 37 38 6 9 41 73 43 76 46 50 53 54 29 63 0
32 66 37 70 6 76 13 29 19 20 24 25 27 61 62 0
36 37 5 71 10 44 14 15 49 18 19 52 30 62 63 0
32 66 56 70 78 79 46 49 17 19 53 24 25 58 28 0
2 66 37 6 71 69 10 44 12 46 47 51 19 24 31 0
66 6 71 72 43 12 13 46 17 20 23 58 27 28 62 0
32 67 68 70 71 72 74 10 44 16 49 19 20 59 61 0
33 66 2 37 38 39 42 11 44 78 49 51 22 57 31 0
2 67 68 35 71 40 9 12 77 13 79 80 24 27 30 0
32 66 36 37 71 73 10 13 78 46 50 51 20 52 62 0
65 2 37 72 10 43 12 77 13 49 19 52 55 22 23 0
2 68 5 58 39 73 74 45 78 79 49 51 52 53 26 0
1 34 3 69 39 10 78 14 80 17 18 54 24 59 31 0
1 33 34 6 39 40 8 70 72 80 18 54 56 28 63 0
32 66 3 38 6 72 9 10 42 49 17 21 27 62 31 0
65 33 35 37 42 45 51 20 53 23 62 25 26 60 30 0
4 37 6 9 10 11 43 79 49 19 20 53 24 56 27 0
34 35 36 5 7 43 12 76 15 16 80 18 21 59 28 0
64 3 36 69 70 7 9 42 11 77 80 17 19 27 62 0
64 4 69 7 72 41 40 44 80 50 51 54 25 60 31 0
32 2 66 44 13 12 79 16 49 15 51 52 53 24 30 0
66 35 4 7 73 41 46 78 49 17 63 58 27 29 31 0
32 66 67 38 40 9 41 48 49 23 20 22 55 28 30 0
65 66 35 5 40 73 12 14 47 20 23 56 27 60 61 0
68 5 6 71 73 12 13 78 46 48 17 49 52 26 30 0
65 33 68 70 11 13 14 79 60 46 51 22 28 29 63 0
1 33 5 6 9 42 75 44 78 80 19 24 57 58 27 0
65 33 3 68 69 67 10 76 60 16 17 54 23 28 63 0
33 66 4 38 70 78 47 50 18 22 24 25 59 28 29 0
32 1 3 68 38 10 44 78 47 48 22 55 56 57 28 0
64 33 34 3 36 40 73 43 76 19 52 21 57 63 31 0
4 72 73 74 41 13 60 50 54 22 56 25 59 31 63 0
2 67 68 37 38 69 43 77 14 28 22 54 26 60 29 0
33 2 3 68 4 70 7 76 79 48 80 52 55 57 58 0
34 67 4 68 41 11 45 80 19 52 22 55 26 30 31 0
69 7 8 41 10 75 45 77 80 19 53 23 56 26 27 0
66 3 4 68 6 38 39 8 11 76 77 79 80 50 20 0
65 2 5 70 7 42 75 43 14 19 61 53 23 26 29 0
64 3 35 37 38 71 7 12 77 80 49 54 55 24 29 0
32 33 4 69 39 72 41 12 14 50 51 20 58 27 30 0
6 71 40 73 42 8 12 13 27 47 17 19 20 53 59 0
68 7 72 73 9 12 77 47 16 55 26 31 29 30 63 0
32 35 4 75 44 77 15 50 30 21 23 58 28 29 62 0
34 67 36 37 39 72 74 10 45 46 18 50 21 23 63 0
64 1 34 33 67 38 41 10 9 44 48 19 23 27 31 0
64 65 66 3 67 13 48 49 50 16 20 55 24 58 27 0
65 4 69 70 71 72 44 45 46 16 50 51 54 55 25 0
2 36 70 8 73 42 76 13 78 48 52 21 54 25 27 0
56 69 39 10 75 77 45 47 14 50 23 24 58 29 30 0
33 5 69 71 72 39 44 17 50 55 25 26 61 62 31 0
67 36 69 38 72 8 41 10 78 17 61 51 54 28 29 0
35 4 5 72 41 10 44 15 51 20 21 26 29 62 31 0
1 66 3 4 37 6 73 41 12 20 21 28 61 30 31 0
2 4 37 69 9 74 75 10 13 15 22 54 26 61 62 0
35 4 69 6 70 72 75 11 79 48 49 17 53 21 27 0
32 3 5 39 72 7 10 43 41 17 50 20 24 60 29 0
1 2 67 72 41 73 43 14 47 48 15 56 27 61 62 0
7 42 45 78 15 77 48 80 19 52 51 25 57 30 63 0
32 4 5 7 42 11 44 13 77 15 53 23 25 59 60 0
32 70 6 12 45 48 17 50 55 22 23 24 58 28 62 0
32 1 2 4 70 39 72 73 40 43 46 49 54 56 58 0
64 66 2 4 35 70 8 44 46 50 20 55 26 27 28 0
33 37 41 74 75 76 11 47 80 15 53 23 56 25 28 0
66 35 36 69 9 42 43 15 47 22 55 24 27 60 61 0
5 70 39 9 42 11 43 45 51 55 24 58 28 29 30 0
66 34 68 26 41 74 73 14 18 55 25 58 61 62 31 0
64 65 5 74 10 77 31 45 80 54 57 58 60 62 63 0
65 68 38 7 40 6 43 76 13 14 16 80 50 19 61 0
64 34 68 5 69 37 9 43 45 15 16 47 22 54 31 0
65 35 37 10 46 15 14 17 18 51 54 25 24 57 62 0
32 64 34 36 4 38 40 41 74 10 13 15 80 17 62 0
33 35 4 37 6 39 10 42 13 14 51 54 57 58 30 0
65 34 33 68 69 41 10 75 76 73 43 11 80 56 60 0
64 33 34 2 68 38 43 76 77 13 53 30 57 62 63 0
35 5 39 8 74 11 60 15 80 50 20 21 25 28 29 0
3 35 68 71 8 11 76 77 14 80 51 52 22 58 28 0
66 67 5 72 74 11 42 45 17 52 22 55 56 28 31 0
2 36 38 12 45 48 49 21 53 55 54 26 27 61 63 0
66 34 4 5 77 18 51 21 53 22 25 26 59 60 63 0
34 7 39 12 77 47 16 52 22 24 27 28 61 30 31 0
64 66 2 68 6 39 40 8 9 13 19 54 23 28 61 0
32 67 6 39 7 10 75 78 15 54 55 24 25 59 57 0
65 2 1 4 6 7 39 71 41 12 77 79 20 53 61 0
2 35 67 4 71 39 41 9 42 77 46 51 52 21 59 0
33 2 1 4 35 5 6 69 42 77 80 16 18 24 25 0
34 68 37 38 69 75 15 80 19 51 53 54 55 23 60 0
65 3 6 71 8 60 15 17 51 25 26 27 28 61 31 0
64 66 34 35 37 70 40 73 47 51 21 22 56 57 60 0
65 35 67 6 7 74 76 77 16 17 54 24 57 56 31 0
2 26 37 70 5 73 41 14 47 49 53 22 57 58 62 0
34 38 27 75 43 44 15 51 55 22 54 24 59 63 31 0
2 34 67 39 9 11 12 77 14 46 17 18 57 29 62 0
33 4 41 11 75 76 77 20 53 54 56 26 28 62 63 0
2 36 39 41 42 12 76 46 15 78 47 53 54 58 61 0
68 38 71 40 74 10 44 13 14 49 17 55 25 27 29 0
65 34 4 36 5 37 10 74 45 18 51 21 25 27 30 0
66 35 36 68 70 71 46 16 17 53 24 56 63 30 31 0
33 2 3 8 73 10 11 44 45 14 77 57 26 59 60 0
64 3 67 8 73 42 10 78 48 49 24 27 60 30 63 0
32 65 36 5 7 43 44 77 78 15 16 52 23 59 28 0
32 1 58 36 70 38 37 11 76 77 79 50 21 26 30 0
34 35 69 70 39 73 9 11 14 17 50 18 52 28 30 0
32 34 4 5 69 6 71 52 23 24 57 27 28 29 31 0
32 66 69 71 41 74 76 28 45 47 80 22 27 60 30 0
36 38 71 40 39 72 59 76 45 47 19 21 27 29 63 0
65 7 8 73 74 11 42 43 15 48 51 21 26 59 31 0
66 35 70 39 42 46 79 48 21 56 26 59 29 62 63 0
1 66 37 7 39 73 41 11 74 80 17 50 20 23 56 0
64 66 5 72 9 11 12 16 21 22 55 57 26 61 30 0
66 2 4 39 42 12 45 46 78 16 20 53 56 59 61 0
34 26 37 69 73 75 11 14 48 19 52 53 57 58 61 0
65 4 71 74 76 77 46 79 49 51 20 54 23 28 31 0
32 33 67 68 74 43 44 45 50 52 53 24 25 58 27 0
32 66 2 35 41 74 75 11 44 79 50 26 27 30 63 0
32 2 37 9 44 77 14 45 79 28 21 26 31 30 63 0
65 34 3 2 38 7 8 6 76 79 47 57 27 60 63 0
1 33 26 69 38 41 75 45 46 49 18 19 58 59 28 0
1 68 37 5 39 72 76 48 49 18 50 52 54 22 31 0
65 67 71 72 11 43 75 78 46 79 80 19 21 59 30 0
32 39 7 74 75 77 78 14 17 21 22 55 56 59 31 0
3 37 71 40 72 79 80 17 18 48 23 58 60 29 31 0
65 34 4 39 71 7 72 76 48 17 80 18 49 21 57 0
68 69 71 74 43 13 14 46 52 53 20 57 28 29 31 0
64 65 2 37 10 43 47 80 17 21 53 56 26 28 29 0
1 2 66 72 41 78 48 17 51 56 25 27 28 24 63 0
2 3 5 38 71 72 74 42 12 14 79 17 52 23 58 0
64 33 35 36 41 10 12 51 22 54 24 56 28 29 31 0
2 34 37 69 74 11 44 15 49 18 51 23 55 25 61 0
33 3 4 69 38 5 8 73 11 78 15 18 52 24 61 0
32 1 5 70 71 40 42 13 52 53 55 24 25 61 62 0
33 71 39 73 74 43 44 12 76 77 47 49 17 42 25 0
4 37 70 8 10 14 46 47 80 50 25 59 61 30 57 0
1 4 37 70 71 40 72 41 75 42 11 50 54 56 28 0
64 66 67 35 4 41 74 75 76 23 24 57 58 60 31 0
3 4 69 70 38 72 41 40 8 11 46 16 50 19 26 0
2 68 69 38 5 8 10 42 46 24 57 26 27 28 63 0
32 67 39 73 42 75 44 12 9 15 45 17 19 53 57 0
32 65 3 27 41 45 14 48 49 20 52 55 59 60 30 0
32 34 68 9 76 45 46 17 51 23 21 52 55 61 62 0
1 3 35 6 7 76 13 14 48 21 54 55 57 58 59 0
65 66 68 72 75 44 12 46 47 50 51 56 57 29 25 0
35 70 8 9 10 12 13 47 48 50 21 23 25 58 60 0
66 35 34 3 38 7 40 8 45 46 78 80 24 57 60 0
65 34 5 69 71 40 78 50 51 52 19 54 56 61 62 0
33 3 4 5 8 10 12 16 55 54 23 58 28 29 62 0
2 69 8 59 9 11 46 78 48 80 17 51 53 27 29 0
34 70 8 40 12 28 13 47 15 49 16 51 25 60 63 0
6 71 8 39 10 74 44 41 78 15 17 18 49 27 28 0
32 2 71 39 73 75 12 14 80 52 21 22 30 26 62 0
66 35 68 39 72 73 42 43 13 78 79 80 54 56 31 0
1 33 3 37 38 14 79 16 23 54 55 56 57 30 63 0
2 34 39 73 74 75 43 76 46 47 42 52 53 54 58 0
34 36 69 6 39 9 11 43 77 12 78 19 27 30 63 0
35 68 71 8 9 40 75 12 45 7 80 18 54 60 63 0
64 70 40 59 10 43 12 28 78 11 48 56 57 27 60 0
1 36 39 40 43 76 79 80 51 53 23 56 27 60 63 0
66 36 37 69 74 75 77 14 15 18 50 19 30 24 62 0
33 1 5 39 8 9 59 48 49 52 53 22 27 60 30 0
65 67 69 6 39 8 71 12 45 80 19 53 24 58 27 0
0
49 28 62 0
80 19 23 0
23 0
48 71 0
73 77 0
78 26 45 54 0
67 20 22 68 0
4 12 62 7 0
12 0
50 28 0
78 67 53 30 0
54 49 38 0
31 0
70 47 0
17 0
28 0
61 0
40 13 5 63 0
28 0
63 0
73 3 37 7 0
0
36 19 57 27 31 0
33 38 9 77 29 0
28 0
16 3 5 0
4 20 78 0
40 12 36 52 0
67 0
75 0
11 15 0
24 35 77 45 0
53 0
42 19 0
52 63 39 0
57 76 21 62 0
16 0
9 28 69 0
1 21 38 0
32 33 64 76 52 0
58 59 0
58 43 0
42 43 55 0
75 76 21 56 27 0
16 10 14 0
61 0
25 42 59 38 0
2 27 6 0
26 11 30 0
59 0
38 52 6 0
10 75 68 0
31 0
26 22 0
57 50 28 7 0
61 47 0
0
54 0
16 60 0
0
64 35 53 46 0
65 0
2 73 51 19 54 55 24 0
55 0
31 15 0
1 62 0
17 26 63 0
76 14 0
1 2 58 0
17 27 52 68 0
64 42 7 0
9 79 0
65 33 0
0
0
40 13 78 0
43 36 52 0
50 0
80 41 38 0
32 35 12 0
32 13 0
34 69 21 23 0
9 58 0
0
9 27 46 59 0
73 69 0
72 1 0
51 14 31 0
0
38 0
24 78 37 46 0
8 11 0
65 34 0
34 7 77 55 25 0
0
74 0
65 42 0
57 15 0
5 15 0
58 23 0
69 54 0
26 77 60 21 0
80 21 38 63 0
24 49 26 0
68 69 71 51 20 24 0
9 60 37 33 0
41 75 36 15 0
10 50 38 68 0
40 30 0
49 75 0
69 0
70 44 46 0
48 72 38 0
8 10 79 55 0
40 4 22 63 0
62 10 6 0
43 71 0
35 28 78 0
40 0
33 27 38 7 0
41 71 0
64 45 78 0
66 43 0
76 78 0
24 21 0
28 0
64 19 0
67 42 46 48 21 0
46 0
24 18 78 0
14 0
48 0
34 51 47 0
9 37 0
34 59 74 0
2 14 63 0
50 35 37 14 0
49 78 0
12 76 15 0
66 4 14 0
11 28 60 0
63 52 55 47 0
48 0
0
24 11 15 0
76 45 0
74 12 0
72 58 4 71 0
0
20 29 23 0
77 0
74 0
75 11 30 0
64 9 17 41 0
16 18 0
70 23 0
32 6 47 0
80 51 27 36 0
73 33 0
48 76 0
68 37 75 13 78 20 0
13 0
63 45 78 31 0
33 27 29 0
40 0
53 79 0
65 4 5 43 19 62 30 0
0
72 69 0
12 6 0
51 3 46 0
69 9 12 16 27 0
57 66 45 31 0
8 0
66 35 16 24 63 0
34 0
22 79 0
18 37 0
54 78 14 0
0
65 19 0
11 0
48 9 25 0
33 39 74 77 52 23 0
19 0
32 75 77 47 49 54 26 0
57 50 27 0
64 33 3 8 9 21 26 0
66 0
39 0
65 19 5 6 0
32 36 69 52 0
34 78 15 48 23 25 62 0
16 15 0
19 5 22 0
23 0
80 4 0
16 2 0
16 49 0
72 66 77 46 0
60 0
77 0
65 0
64 74 5 0
77 69 23 0
57 42 5 0
32 74 0
3 0
78 76 38 0
24 20 7 0
41 37 0
67 62 0
36 39 59 79 25 27 0
22 63 0
0
58 11 0
40 4 37 0
16 73 75 46 0
60 13 0
32 2 3 0
66 75 28 0
54 22 0
12 21 22 0
0
41 34 3 76 0
40 56 22 0
1 31 0
18 66 0
9 27 13 0
32 55 54 31 0
18 69 60 45 0
37 5 79 0
36 0
58 77 74 79 0
32 0
20 44 7 0
39 75 14 80 19 26 0
49 0
12 0
32 14 0
27 0
76 0
36 71 0
33 12 47 0
24 2 72 0
80 0
19 62 23 0
61 71 0
73 68 54 78 0
77 71 0
28 0
50 3 29 0
0
24 40 76 46 0
16 48 78 0
37 7 72 49 55 0
59 38 0
33 58 21 0
32 18 36 0
0
68 5 45 15 48 62 0
72 41 70 0
20 46 55 0
19 30 47 0
70 0
16 74 0
3 0
2 67 68 71 77 60 0
45 19 5 0
4 0
28 21 78 0
49 68 0
0
53 0
0
8 61 45 0
68 0
10 0
73 0
41 6 30 0
64 11 0
80 0
78 55 0
24 35 3 0
65 0
78 31 0
0
32 64 22 23 56 0
36 37 60 0
68 72 42 18 25 0
24 37 0
0
25 3 37 38 0
32 7 13 20 59 0
67 0
73 2 53 0
51 14 0
23 0
49 43 31 0
3 2 4 3 3 2 4 2 2 3 3 4 3 2 2 2 2 3 2 2 4 3 4 3 4 2 2 3 2 2 3 2 4 3 3 4 4 4 4 4 3 2 4 2 4 2 4 2 3 2 2 3 3 4 2 4 4 3 3 2 2 3 4 2 3 2 3 4 4 3 2 2 3 3 4 4 4 2 4 2
