19 20 15
1 2 3 4 5 6 7 8 9 10 11 12 13 14 15 0
1 2 3 4 5 6 7 8 9 10 11 12 13 14 15 0
1 2 3 4 5 6 7 8 9 10 11 12 13 14 15 0
1 2 3 4 5 6 7 8 9 10 11 12 13 14 15 0
1 2 3 4 5 6 7 8 9 10 11 12 13 14 15 0
1 2 3 4 5 6 7 8 9 10 11 12 13 14 15 0
1 2 3 4 5 6 7 8 9 10 11 12 13 14 15 0
1 2 3 4 5 6 7 8 9 10 11 12 13 14 15 0
1 2 3 4 5 6 7 8 9 10 11 12 13 14 15 0
1 2 3 4 5 6 7 8 9 10 11 12 13 14 15 0
1 2 3 4 5 6 7 8 9 10 11 12 13 14 15 0
1 2 3 4 5 6 7 8 9 10 11 12 13 14 15 0
1 2 3 4 5 6 7 8 9 10 11 12 13 14 15 0
1 2 3 4 5 6 7 8 9 10 11 12 13 14 15 0
1 2 3 4 5 6 7 8 9 10 11 12 13 14 15 0
1 2 3 4 5 6 7 8 9 10 11 12 13 14 15 0
1 2 3 4 5 6 7 8 9 10 11 12 13 14 15 0
1 2 3 4 5 6 7 8 9 10 11 12 13 14 15 0
1 2 3 4 5 6 7 8 9 10 11 12 13 14 15 0
1 2 3 4 5 6 7 8 9 10 11 12 13 14 15 0
4 0
2 14 0
8 0
11 14 0
15 0
12 0
0
10 14 15 0
15 0
1 0
5 0
4 13 0
8 3 0
11 7 0
9 0
10 0
12 0
3 12 6 0
0
4 3 3 4 4 3 3 3 2 4 4 4 2 2 2
