463 541 375
352 128 257 168 136 267 301 303 18 242 52 308 310 311 58 252 189 223 0
225 228 325 133 326 199 332 238 175 336 15 243 372 85 246 86 92 61 0
352 257 226 290 2 91 170 366 78 240 304 284 22 26 219 348 61 319 0
352 257 1 130 164 325 201 332 301 142 207 17 370 83 115 277 279 121 0
2 258 264 72 361 331 171 332 75 178 275 340 245 277 181 341 348 0
248 224 357 165 264 41 233 297 142 334 209 339 309 247 280 186 317 0
153 69 70 200 169 41 107 334 14 47 271 304 83 179 345 219 188 0
128 354 131 230 103 105 267 77 270 175 208 51 189 243 55 90 61 286 0
96 223 67 100 166 134 102 171 18 83 211 212 246 23 84 242 31 255 0
256 6 9 18 152 292 169 183 327 202 74 203 340 85 218 346 111 121 125 0
129 257 264 136 147 279 157 291 167 40 46 55 195 84 86 350 355 361 238 0
160 344 324 196 294 263 328 202 299 235 239 178 309 119 248 89 318 319 0
259 100 133 262 105 10 329 204 110 238 272 337 306 30 184 188 62 159 0
259 262 137 270 153 163 168 181 185 62 63 192 339 219 100 362 374 248 127 0
129 198 266 106 173 45 304 370 83 52 181 246 55 116 339 283 284 127 0
34 100 357 5 327 107 237 269 304 81 370 276 125 340 152 157 319 0
256 255 100 69 261 231 136 361 171 365 205 111 83 118 344 347 254 63 0
129 130 269 276 281 291 294 168 187 66 322 333 340 92 95 353 110 113 115 0
64 353 35 291 294 134 360 104 362 174 81 84 245 24 281 282 61 94 0
192 160 131 294 295 136 137 138 263 78 16 81 272 112 244 344 91 31 0
228 293 197 199 298 267 12 109 13 76 331 17 212 149 85 88 153 348 0
35 324 69 132 196 136 169 361 269 270 15 239 81 338 147 306 221 0
195 197 296 137 233 237 270 335 367 114 242 19 245 213 56 217 59 126 0
132 8 273 20 281 284 36 298 179 186 189 321 322 332 338 211 216 347 353 0
135 148 164 36 167 311 59 63 323 326 206 211 218 94 350 234 372 246 124 125 0
12 143 17 278 25 282 287 166 167 179 313 190 195 88 357 236 367 124 255 0
225 357 70 37 105 76 238 302 208 240 78 83 243 84 310 337 189 0
256 227 4 261 71 250 267 236 336 273 17 49 81 53 249 218 317 126 0
320 162 131 293 199 154 266 250 205 240 146 370 82 216 56 220 317 0
288 1 195 356 357 328 301 207 240 80 143 19 117 155 61 318 127 0
1 163 3 38 166 198 361 233 75 269 208 113 147 340 245 247 317 351 0
353 194 162 292 2 70 231 73 9 331 142 335 180 214 278 248 345 342 0
132 42 175 145 17 211 116 245 374 95 30 217 250 221 181 125 158 319 0
192 289 194 322 291 166 102 231 109 142 175 305 210 306 276 185 283 253 0
162 323 359 41 238 15 368 156 47 19 284 277 279 249 124 319 0
256 260 133 141 27 32 36 297 46 186 60 81 83 344 104 362 236 250 255 0
256 265 266 267 146 19 304 55 329 205 208 216 88 222 351 352 225 111 240 371 0
322 260 197 357 261 40 362 363 299 15 47 145 114 51 248 348 286 223 0
128 160 248 259 356 357 230 362 237 207 367 178 56 121 27 190 94 0
318 67 164 35 299 267 235 332 304 156 338 341 182 153 124 126 127 0
65 258 4 197 134 326 104 232 106 11 364 80 370 243 316 375 188 31 0
64 322 262 136 73 267 268 237 46 79 112 213 215 216 345 28 349 0
1 259 324 291 101 199 328 73 110 174 273 222 179 116 311 188 61 286 0
34 291 295 10 43 314 46 176 369 82 178 214 87 250 127 158 63 0
67 164 69 358 39 131 364 269 240 49 114 117 345 158 223 0
7 8 265 268 272 20 21 25 287 290 39 41 196 328 212 98 362 370 247 0
142 143 14 146 22 151 154 172 176 312 317 66 325 328 329 206 337 215 106 362 236 0
64 33 355 7 237 78 270 176 49 306 367 213 86 279 24 154 375 127 0
128 6 282 285 161 33 289 40 42 44 47 308 184 315 209 89 100 240 249 126 0
129 18 21 154 282 33 295 45 173 56 312 200 348 375 223 365 366 370 114 119 0
1 225 164 70 327 134 7 295 363 76 74 231 367 48 315 115 123 284 0
193 98 67 196 359 200 105 42 203 73 110 366 145 273 151 88 123 93 0
161 321 100 166 266 203 235 173 171 16 176 146 277 342 343 280 286 0
128 292 325 154 27 231 75 12 269 237 82 146 116 179 86 218 91 125 0
322 66 100 258 39 136 264 167 345 204 81 306 115 372 21 276 373 281 0
261 262 264 270 147 153 157 167 42 58 68 78 207 214 89 96 354 98 234 0
357 319 358 328 201 171 12 304 209 84 373 374 53 284 95 351 0
226 259 102 171 141 13 47 271 367 178 148 52 374 212 85 252 31 0
192 228 70 137 282 204 44 334 300 304 48 338 52 212 214 218 187 285 0
280 163 164 166 102 39 362 234 301 145 276 22 278 248 314 126 0
14 27 32 292 167 298 302 176 308 314 58 317 212 361 236 109 113 243 372 249 0
196 90 217 168 9 169 201 10 173 78 328 365 24 89 122 188 189 158 0
290 228 197 102 103 27 105 336 369 242 372 310 343 22 26 251 319 0
194 195 164 323 71 135 170 363 235 270 240 81 50 371 80 150 0
224 67 345 329 168 107 300 333 177 338 340 21 341 180 248 313 347 151 0
6 283 40 305 50 191 66 196 76 333 78 342 215 354 356 229 358 100 235 249 0
98 259 66 358 42 107 332 45 77 364 176 336 117 342 120 221 0
320 289 65 231 200 360 10 250 73 45 209 306 115 149 55 311 314 93 0
65 162 39 167 266 74 140 172 302 336 114 341 310 215 26 190 351 0
318 129 357 261 38 200 170 171 236 106 78 271 336 246 23 374 90 254 0
129 131 29 288 161 43 179 314 66 323 330 205 334 78 208 333 85 346 358 0
352 226 34 260 5 39 328 171 173 366 303 306 371 148 146 214 314 62 0
353 66 361 10 171 203 366 335 334 143 210 213 309 185 90 28 93 30 0
354 226 292 101 104 360 74 331 203 205 307 182 120 250 28 152 126 63 0
224 323 35 294 136 105 42 75 14 207 113 220 340 252 29 190 0
353 131 38 40 264 361 74 239 144 18 244 181 309 119 56 183 216 31 0
100 164 39 360 329 363 207 113 211 116 244 340 87 374 54 285 126 127 0
159 289 5 122 359 231 137 102 204 303 48 306 309 90 347 61 30 351 0
33 195 357 230 199 360 106 364 172 51 243 311 281 90 252 61 255 0
129 7 139 11 148 150 283 29 292 165 304 307 181 185 321 82 216 238 120 0
97 225 354 164 98 356 197 106 75 331 173 272 308 214 185 187 156 0
257 278 23 157 285 32 289 293 294 166 39 175 312 190 191 202 223 97 241 0
89 217 356 102 40 41 236 76 337 178 51 245 311 312 153 188 157 0
161 58 132 230 327 167 201 133 275 30 374 157 90 279 253 190 127 0
192 128 294 7 295 362 11 44 49 18 275 211 149 342 244 345 61 254 0
129 17 21 23 26 38 168 319 70 330 74 332 204 79 341 86 226 117 125 0
96 256 354 2 165 102 361 10 109 303 208 112 114 150 55 312 154 251 0
326 186 41 9 282 12 269 335 304 144 308 22 278 250 349 318 319 0
11 272 23 169 185 319 64 327 328 329 204 76 338 356 361 364 239 116 117 0
263 136 15 145 42 45 178 308 186 62 63 192 326 203 91 351 108 111 243 0
130 258 132 325 168 264 108 301 110 303 16 337 148 374 311 249 314 252 0
13 274 275 38 40 44 56 322 324 196 201 331 80 209 222 353 357 230 249 122 0
4 264 267 12 277 162 164 167 317 329 331 85 214 99 359 361 107 238 125 0
10 269 17 152 155 286 32 295 173 303 52 314 186 71 73 335 354 234 111 122 0
64 230 168 234 171 235 205 48 283 306 243 82 145 244 112 216 27 0
259 146 275 147 281 32 164 39 167 306 56 193 201 209 98 230 359 114 375 0
291 260 326 102 296 233 201 202 138 333 113 275 52 53 246 25 27 316 0
128 353 66 195 132 130 103 39 201 270 272 241 211 85 246 117 156 159 0
256 3 270 296 168 51 62 202 211 91 350 224 361 363 239 370 250 252 253 0
258 259 143 42 51 184 58 191 69 84 347 354 103 232 106 367 114 244 250 0
7 148 280 162 34 36 307 315 70 329 204 335 339 215 352 97 368 122 123 0
160 354 291 325 263 135 297 105 139 237 270 240 273 178 307 212 147 0
224 326 198 137 106 10 108 297 206 46 83 51 252 213 23 186 156 254 0
32 130 322 154 169 202 333 47 335 49 175 115 275 280 282 187 157 0
129 142 15 144 17 295 172 301 181 317 204 333 212 343 220 95 101 367 115 375 0
146 151 285 35 165 296 40 303 306 310 71 329 201 215 97 226 100 122 127 0
162 167 136 41 297 266 169 46 111 175 337 20 87 217 154 94 95 0
258 3 25 284 285 175 304 182 316 321 195 326 74 345 346 353 240 370 254 0
129 268 271 21 27 290 292 294 39 40 307 180 58 64 68 327 71 339 227 102 0
65 99 260 69 326 70 296 35 298 331 333 367 19 20 55 346 283 92 0
192 256 196 165 232 333 110 112 273 176 20 340 53 120 92 223 0
260 9 265 11 14 15 292 174 304 178 320 194 93 231 235 111 371 252 125 0
257 131 324 167 360 298 106 238 271 272 273 302 183 221 254 255 0
160 34 228 5 134 263 361 330 41 331 268 240 145 114 179 87 156 0
267 12 17 18 154 285 286 298 54 191 320 63 327 348 93 353 230 106 369 0
161 131 357 198 298 299 271 305 52 277 213 94 186 124 61 126 191 0
224 293 134 5 268 108 206 270 80 81 82 210 211 277 83 209 313 30 0
1 69 39 40 201 42 235 144 178 339 275 309 342 53 88 307 0
1 226 67 223 69 359 11 286 110 273 61 19 87 216 188 29 62 255 0
129 7 138 143 152 288 34 36 178 183 193 67 327 199 337 87 91 361 245 127 0
1 259 260 142 152 287 168 169 171 43 299 196 200 98 359 234 243 244 245 119 124 0
321 132 37 39 295 201 170 74 49 93 21 150 183 121 122 60 157 0
3 230 327 73 139 171 172 144 48 340 372 150 87 216 281 54 92 31 0
257 291 132 198 91 235 171 77 176 113 81 115 146 24 185 219 350 0
288 96 353 228 197 70 196 41 266 75 234 11 143 144 307 186 318 351 0
160 321 326 154 266 299 139 75 142 362 176 28 180 182 89 26 252 350 0
131 5 71 72 9 10 360 303 271 188 115 51 213 121 156 190 351 0
64 350 197 102 166 199 10 107 332 239 80 17 210 53 54 279 62 0
32 225 258 132 37 231 137 73 334 78 241 339 119 344 345 221 0
15 147 21 24 31 159 171 50 323 336 210 100 103 360 234 365 367 250 252 0
257 354 228 164 358 271 144 337 241 147 111 21 277 20 306 282 30 0
1 98 131 197 361 105 13 206 336 124 118 311 62 90 187 284 94 127 0
352 97 131 6 42 363 173 110 113 152 61 50 375 280 183 315 221 254 0
257 137 10 141 278 30 286 46 305 311 58 61 203 85 217 99 112 369 243 0
33 258 289 5 101 319 6 363 76 333 175 144 271 210 121 58 348 31 0
354 290 130 294 233 108 173 238 271 78 244 308 279 153 59 124 30 0
258 262 294 360 9 41 297 42 267 238 47 147 372 344 220 29 350 0
260 139 14 275 54 59 63 193 199 201 340 89 97 229 359 231 363 251 252 0
68 357 100 231 296 313 76 77 206 143 175 337 81 211 277 345 26 0
160 223 355 68 344 9 105 142 110 271 18 53 341 183 280 27 95 0
288 262 38 8 59 41 137 328 332 76 367 272 308 248 315 120 0
288 257 227 8 9 200 107 76 332 44 139 210 188 372 186 220 318 0
137 144 148 150 300 48 181 317 192 195 197 332 335 93 352 105 234 118 125 0
136 12 278 285 297 179 309 186 191 64 196 331 75 334 336 84 242 245 123 0
128 8 137 266 25 286 31 294 169 59 316 60 78 211 212 88 227 118 122 0
259 136 149 287 293 295 50 181 54 312 319 69 326 328 329 80 222 99 365 249 0
320 288 130 227 354 132 232 362 204 237 207 80 276 213 312 217 254 255 0
289 34 228 199 264 41 43 204 15 306 115 277 153 58 59 188 0
128 11 21 22 156 287 38 175 189 197 204 84 93 94 95 101 238 113 243 126 0
321 354 4 70 40 328 235 364 15 209 370 18 148 245 24 185 122 60 0
352 224 259 103 136 169 12 45 301 92 79 273 211 213 374 127 190 223 0
128 256 9 17 274 278 287 169 181 313 320 64 68 202 78 342 346 115 255 0
130 67 131 354 98 235 12 300 334 47 49 369 243 149 278 345 191 0
97 162 163 99 198 135 233 11 172 78 79 144 115 344 24 186 219 319 0
65 67 68 69 7 170 75 364 43 303 276 341 52 220 223 0
256 135 143 17 274 36 40 168 301 52 308 316 329 333 208 341 343 346 111 0
129 65 161 99 171 268 45 365 76 272 112 145 244 311 215 219 93 351 0
64 160 322 39 158 332 172 16 17 81 145 371 338 374 312 282 315 286 0
160 193 131 165 327 168 329 74 362 300 140 173 109 336 208 242 77 277 0
33 35 68 357 355 169 10 13 334 80 113 18 178 148 89 346 283 126 0
160 290 131 6 362 205 302 270 50 307 116 18 182 249 314 252 0
96 225 7 200 360 10 295 111 208 242 147 308 275 182 23 221 349 95 0
224 193 291 197 167 329 202 75 204 267 206 11 306 211 243 214 247 319 0
160 4 102 167 140 241 178 242 274 119 54 343 246 49 90 220 30 0
4 261 10 139 140 14 16 24 157 292 297 298 210 215 350 233 108 117 247 0
140 25 159 178 315 68 199 209 82 210 86 87 343 350 229 102 370 246 124 0
65 98 67 4 293 225 328 16 369 370 19 308 309 374 340 123 0
5 21 156 167 41 300 187 188 64 338 216 90 91 354 362 242 372 119 125 0
355 229 90 8 73 330 11 76 145 308 117 343 313 58 316 158 95 0
7 11 15 144 274 147 157 33 295 167 59 195 204 76 102 231 362 366 242 252 0
192 132 249 294 37 357 229 237 143 50 373 85 342 22 89 314 150 221 0
133 7 13 288 40 56 66 326 332 79 337 81 340 344 232 112 242 244 246 0
1 8 138 140 26 155 167 55 316 63 321 324 70 198 81 209 93 357 125 0
225 322 5 198 122 234 301 78 254 342 348 316 310 282 124 189 30 0
356 5 197 296 297 106 235 205 174 176 146 50 244 341 344 153 314 0
160 65 36 165 262 231 101 42 363 138 365 78 364 272 178 310 155 0
322 196 228 6 199 300 209 370 18 340 213 118 241 120 245 284 317 286 0
258 133 13 286 34 291 39 297 51 53 56 185 319 194 195 75 110 118 255 0
321 3 196 4 326 255 42 202 336 177 272 189 344 25 56 348 125 319 0
272 150 152 32 161 304 50 309 318 326 334 82 353 362 236 109 237 113 372 0
256 67 3 38 295 72 329 169 13 370 310 185 90 123 221 62 63 0
100 136 137 169 264 78 176 17 339 211 308 342 343 86 121 122 156 0
4 36 198 327 168 325 298 264 172 237 143 79 83 245 151 347 284 158 0
129 15 147 150 161 34 40 42 298 301 88 347 219 350 362 243 373 249 123 0
352 134 39 199 233 106 205 237 80 338 307 20 243 212 183 346 251 348 0
64 354 66 357 229 7 262 264 364 270 110 207 241 371 342 24 186 61 0
257 134 138 267 20 279 32 293 184 187 188 192 79 345 352 226 106 108 254 0
1 325 293 327 40 169 270 60 113 178 115 305 30 59 92 61 95 63 0
133 9 267 141 22 33 166 45 192 87 353 357 361 111 367 369 120 121 254 0
128 3 139 143 159 298 185 324 69 70 331 336 339 211 352 104 367 112 374 0
1 134 16 273 284 157 286 161 180 312 192 326 327 334 344 217 347 245 120 0
134 9 267 19 281 159 160 38 304 179 66 342 345 224 227 357 103 365 127 0
256 280 132 359 105 297 107 203 206 367 18 178 23 119 151 348 343 255 0
140 145 148 163 303 50 51 188 193 195 72 81 210 349 222 351 371 250 123 0
289 2 36 165 358 362 75 236 112 368 114 145 244 29 214 88 155 221 0
320 223 261 166 327 362 268 240 81 275 372 277 54 375 153 348 29 159 0
33 3 356 69 263 345 136 11 267 302 366 283 14 212 247 89 218 251 0
96 323 293 199 264 268 204 364 237 305 49 276 84 122 27 319 0
321 355 230 103 332 205 270 367 272 364 77 119 150 151 215 60 285 0
289 99 287 319 135 359 298 12 77 207 304 241 181 22 344 58 286 351 0
32 161 164 5 262 294 105 13 206 17 178 241 305 118 57 26 222 94 0
224 161 228 326 91 363 77 303 112 209 146 339 372 84 54 283 156 223 0
1 133 136 142 25 305 182 64 323 195 326 75 76 336 91 351 364 373 118 375 127 0
259 5 267 280 158 35 163 293 297 301 58 60 193 67 351 97 101 114 374 123 0
7 140 149 25 26 289 162 173 305 72 80 81 84 216 93 237 371 246 254 0
32 257 319 6 295 11 300 333 206 254 30 55 94 187 60 222 95 191 0
32 321 100 136 137 47 337 18 61 20 341 374 183 312 181 21 284 221 0
225 292 70 7 73 74 363 236 271 143 283 83 147 244 86 316 155 188 0
135 137 138 268 277 156 38 300 305 312 56 195 200 73 332 335 338 222 352 107 0
33 100 101 231 328 232 9 139 47 251 275 308 181 27 220 125 190 351 0
4 143 24 281 156 284 169 44 177 319 193 196 74 332 207 211 341 373 246 0
226 67 37 70 123 332 205 334 142 207 145 371 212 374 345 155 158 127 0
359 105 138 298 190 303 111 79 244 149 22 312 185 90 219 28 93 62 0
67 132 293 26 328 298 210 275 212 20 246 279 120 154 318 0
322 131 358 327 198 361 267 12 300 79 240 80 114 175 183 344 186 347 0
35 126 88 10 123 302 239 112 206 210 146 347 182 312 313 218 283 190 0
256 99 68 293 356 167 360 234 331 204 365 14 209 50 52 375 58 283 0
263 272 158 31 166 58 314 66 72 332 335 336 211 88 220 357 369 370 244 0
100 37 6 104 328 298 282 109 238 240 244 276 214 279 280 250 0
191 291 196 44 270 335 208 145 306 240 112 344 25 155 28 286 63 0
133 6 152 154 155 286 33 292 172 46 315 317 72 73 78 79 213 94 353 368 118 0
352 197 6 262 102 41 104 165 268 301 79 116 86 88 153 187 284 0
352 256 263 8 360 232 140 76 174 333 188 146 214 343 342 282 348 285 0
163 259 5 39 200 73 203 304 370 148 20 244 189 312 24 282 125 126 0
259 265 10 141 274 289 181 182 316 189 196 199 80 209 339 90 222 357 371 118 0
195 249 198 231 72 74 299 362 235 302 271 112 149 119 185 26 222 319 0
191 163 36 326 70 171 140 236 156 178 307 117 373 183 89 124 29 31 0
160 56 231 200 329 137 333 16 244 310 184 217 90 93 318 319 0
128 257 312 227 36 356 102 295 171 270 146 19 115 148 118 375 120 119 0
193 38 294 264 73 170 332 44 142 48 240 20 53 182 375 342 223 0
256 130 35 34 4 132 3 199 357 106 298 110 143 367 114 315 92 0
160 64 132 38 313 295 265 238 336 18 339 146 308 157 345 27 93 0
96 195 4 293 229 262 7 131 12 174 15 305 83 116 84 150 247 221 0
322 185 100 37 231 8 43 333 302 366 279 246 22 281 90 316 222 350 0
224 321 290 35 97 257 361 266 49 84 21 117 23 249 219 156 349 63 0
162 163 36 323 263 72 170 203 140 141 238 337 211 339 21 123 93 0
266 284 295 40 45 174 311 314 64 195 325 75 204 78 79 84 92 223 226 369 0
128 193 194 34 160 101 5 169 11 12 301 304 242 374 87 216 221 350 0
128 195 133 296 332 173 301 210 179 180 93 277 121 282 251 125 253 31 0
129 9 269 288 163 294 302 176 310 319 326 327 210 86 222 350 232 363 247 0
265 15 151 40 169 183 312 189 322 326 77 81 209 211 216 226 233 238 245 0
128 130 101 165 70 264 234 267 203 301 109 110 272 207 115 277 117 86 0
129 33 99 357 90 263 137 42 331 50 51 148 21 214 154 59 284 94 0
128 133 144 148 284 287 297 179 310 57 315 316 317 194 340 222 101 107 366 118 127 0
256 160 194 100 196 167 136 73 170 135 300 45 238 143 60 89 220 0
224 290 131 323 261 27 42 155 219 303 145 371 244 53 85 25 315 30 0
90 262 135 329 202 10 265 211 181 182 55 24 153 309 347 189 95 255 0
259 266 14 29 30 37 168 175 192 193 70 327 72 338 350 224 228 357 367 0
263 10 165 295 168 303 48 56 65 197 76 81 211 85 346 91 96 241 249 0
353 355 264 73 170 362 236 333 233 268 46 51 341 182 251 252 159 0
96 226 135 39 170 43 268 332 141 207 15 369 82 177 283 316 63 0
225 322 3 261 38 102 327 154 234 363 172 365 333 303 49 184 282 62 0
8 267 14 18 153 27 305 307 58 66 323 85 216 221 223 229 361 366 112 123 0
256 259 132 267 141 145 21 279 27 286 297 44 175 318 321 194 199 345 229 103 0
260 262 6 27 165 297 46 175 305 309 71 199 330 332 211 359 361 236 238 114 0
354 101 202 74 76 364 140 272 212 308 310 126 123 156 253 286 0
6 135 104 40 107 43 333 108 77 305 49 116 308 86 88 90 285 0
1 354 34 229 72 9 10 141 366 241 274 244 340 150 54 348 62 31 0
354 358 122 138 269 367 79 370 371 82 53 22 119 182 153 90 61 95 0
58 140 237 44 367 368 82 244 150 279 312 282 59 284 29 254 127 0
2 356 166 326 231 200 301 302 303 142 14 245 53 279 120 54 27 287 0
257 10 142 280 155 294 38 177 51 188 200 202 89 104 361 363 366 369 242 0
256 133 10 268 141 146 22 152 24 156 298 307 64 70 351 103 104 111 120 0
131 4 138 141 274 276 27 29 32 39 169 298 51 184 59 194 326 336 354 0
260 9 142 274 149 22 173 303 307 57 328 89 219 348 93 353 227 237 254 0
164 262 358 200 330 202 173 333 78 366 177 19 53 86 55 281 154 30 0
163 39 233 331 300 236 301 15 273 274 339 213 342 246 88 249 91 95 0
141 271 145 276 25 35 38 46 57 314 316 317 346 375 97 357 106 247 249 0
66 185 355 102 331 282 11 176 80 113 49 149 374 56 345 314 252 157 0
224 353 258 290 100 58 259 202 268 270 17 113 341 121 282 28 285 255 0
261 262 265 151 304 185 59 205 209 211 91 94 95 232 363 239 244 116 250 0
98 165 71 327 263 10 304 208 80 81 308 372 150 247 117 254 287 0
268 14 147 21 27 159 302 177 50 183 315 316 189 191 201 80 340 341 240 0
133 328 170 43 332 109 205 79 304 50 338 52 348 312 153 315 284 0
318 32 322 35 166 359 135 329 139 79 273 275 83 278 184 26 219 126 0
36 198 262 299 43 333 238 79 17 209 51 245 342 58 316 221 94 0
225 292 165 101 262 169 127 272 20 21 148 183 348 252 93 62 159 0
134 14 17 26 27 158 40 169 45 181 66 331 204 211 218 224 96 112 116 0
160 257 192 196 229 8 41 47 144 17 210 211 278 23 91 29 190 255 0
64 35 101 105 140 15 145 114 115 276 178 22 30 120 278 346 285 318 0
288 34 35 131 101 327 267 11 28 174 271 240 208 363 277 314 188 350 0
1 11 20 280 41 56 320 327 74 204 341 342 87 94 103 106 366 240 247 0
352 160 34 228 263 104 168 106 300 366 240 242 146 23 217 189 94 223 0
225 164 197 262 324 230 265 68 39 300 145 244 23 344 281 252 0
129 261 133 273 146 148 290 163 292 173 55 313 210 215 345 351 100 105 239 243 0
256 2 4 262 267 26 306 180 186 317 189 326 71 331 204 84 227 107 127 0
248 129 360 104 106 12 141 13 140 336 50 51 278 312 90 30 351 0
320 162 226 68 223 262 201 203 172 109 334 16 17 151 60 94 31 0
257 134 11 149 290 53 79 207 84 342 344 348 359 231 361 366 246 118 124 0
256 327 328 167 300 367 144 239 306 119 373 30 151 221 126 349 350 0
318 34 68 39 9 74 204 367 48 15 277 150 280 24 284 317 221 0
225 229 69 201 170 235 143 175 209 115 309 214 23 221 188 29 0
289 292 69 294 232 73 170 77 206 176 178 370 311 219 60 62 287 0
353 35 134 109 241 114 82 212 340 273 151 280 313 218 189 28 221 184 0
256 8 268 270 147 27 41 47 187 323 69 332 351 361 234 239 370 123 127 0
129 257 35 99 71 298 139 363 74 10 303 240 111 209 87 90 27 28 0
32 99 356 104 329 170 200 333 301 272 81 114 145 210 183 184 186 0
320 65 290 324 6 135 332 333 303 112 17 146 371 278 310 248 347 61 0
3 140 142 271 274 146 158 161 38 48 304 328 80 209 212 343 97 353 228 0
260 262 141 16 292 326 203 88 216 345 93 97 353 100 101 230 112 251 255 0
266 140 22 282 31 288 177 185 186 190 318 323 72 79 353 229 233 372 373 0
130 261 263 9 15 25 31 162 35 315 195 196 338 354 108 238 368 117 248 0
1 268 20 151 153 282 162 40 174 179 184 317 63 323 222 95 354 362 246 126 0
128 130 12 175 55 185 63 193 324 196 332 209 339 351 224 102 367 114 119 0
166 167 70 38 42 365 145 311 51 19 147 342 55 120 156 189 190 255 0
320 256 352 291 36 103 199 28 47 368 49 209 86 278 374 220 29 159 0
320 65 257 42 250 108 44 75 155 48 240 306 243 309 344 89 90 219 0
128 12 142 16 273 147 22 27 290 184 314 197 203 83 341 90 368 118 121 0
134 136 137 105 139 77 269 173 238 81 208 83 270 117 120 185 0
129 1 259 160 171 300 45 175 310 88 90 350 100 229 362 107 110 252 253 0
265 9 151 26 155 157 290 165 176 307 317 193 75 86 87 93 101 232 108 109 0
161 292 39 137 298 301 46 143 303 49 178 336 333 50 375 184 121 95 0
226 2 356 194 101 327 361 42 75 205 302 15 269 240 45 374 122 317 0
263 156 286 187 189 322 324 210 340 85 84 344 216 346 351 98 230 236 240 0
13 278 281 156 288 162 164 295 178 188 321 337 83 218 95 229 359 110 115 0
256 323 163 101 231 233 202 301 48 113 183 181 157 151 185 188 93 30 0
161 229 104 73 170 75 361 201 234 368 241 146 210 305 85 279 221 222 0
225 161 130 100 356 6 68 129 73 41 270 209 179 245 279 151 222 0
64 193 128 259 164 356 232 168 330 136 78 368 82 339 55 25 122 92 0
129 138 268 13 280 154 283 28 184 317 189 203 76 211 352 227 100 249 127 0
66 35 71 328 169 42 333 269 207 176 241 210 370 367 56 218 253 95 0
121 98 291 262 7 360 235 173 210 211 341 22 55 88 246 314 155 60 0
1 258 132 21 282 158 287 38 168 306 312 69 328 88 120 361 106 371 248 0
146 21 153 281 296 304 48 53 181 333 93 227 358 236 237 367 242 371 253 0
160 353 162 165 232 362 363 140 298 274 148 21 278 87 57 158 222 223 0
3 323 6 266 235 109 174 142 272 367 148 21 340 89 219 156 94 223 0
162 293 266 331 77 270 79 304 242 339 370 56 154 283 317 286 95 0
229 357 361 13 46 16 209 369 275 20 240 208 253 251 348 61 0
64 224 325 6 360 137 170 171 172 177 210 114 116 178 86 244 187 157 0
128 150 157 37 38 42 45 176 320 88 94 228 358 104 235 237 243 251 255 0
134 141 143 17 149 278 159 42 175 50 185 57 193 328 332 205 233 367 119 0
289 67 291 102 135 8 250 203 141 29 309 221 25 90 189 126 0
258 259 196 228 326 295 234 331 206 303 17 182 254 374 219 28 190 319 0
7 277 149 284 171 172 302 174 51 185 58 324 336 89 352 226 104 365 238 373 250 0
321 195 132 358 71 330 10 203 79 306 308 214 150 185 347 220 93 0
160 225 257 291 4 195 131 39 234 173 46 110 116 154 91 317 287 0
260 133 262 263 10 140 269 14 20 284 32 61 64 217 96 101 367 369 119 0
193 133 8 232 106 140 270 15 207 78 49 242 213 24 249 283 25 319 0
258 259 98 101 264 105 298 136 363 273 50 308 180 85 218 60 286 0
2 5 31 34 38 297 171 59 63 196 198 73 215 351 107 238 370 371 123 0
256 257 6 267 282 159 45 177 50 315 317 318 193 329 222 97 102 112 124 254 0
66 67 6 265 267 299 141 78 92 337 339 252 284 341 121 124 157 254 0
290 259 34 196 360 73 142 145 17 83 21 88 345 282 251 221 31 0
32 350 132 326 6 360 329 173 302 120 112 301 51 372 56 348 254 0
134 144 283 31 290 42 298 44 47 317 191 335 83 353 228 366 111 114 244 255 0
275 30 39 45 179 185 318 62 85 87 218 91 92 222 358 103 109 369 244 252 0
260 9 152 30 35 169 303 55 56 191 326 327 336 213 94 222 225 107 244 0
128 257 258 2 15 23 287 39 168 302 48 311 186 190 365 370 115 116 245 0
227 164 357 196 359 199 163 202 107 101 141 74 19 20 56 228 95 0
66 35 132 197 292 264 362 332 271 18 212 244 149 148 22 187 60 157 0
97 67 4 165 135 74 187 302 175 272 241 115 120 217 251 285 0
262 11 150 284 287 34 295 47 49 181 311 59 196 203 205 215 89 355 101 103 0
248 225 292 325 356 59 267 173 270 111 208 51 116 341 181 88 155 30 0
129 259 7 137 11 143 160 32 296 189 318 197 326 198 73 79 336 110 370 243 0
5 263 267 14 147 277 149 151 152 278 24 301 55 311 63 320 321 194 329 231 108 0
99 232 104 75 111 112 144 179 308 341 150 343 277 153 245 315 157 223 0
33 322 99 261 166 262 37 73 362 300 334 15 48 78 29 61 158 0
258 130 260 261 6 266 138 274 277 33 297 48 179 183 185 316 196 202 209 230 0
320 1 35 326 263 361 267 107 44 270 272 273 146 113 244 213 55 120 0
162 36 199 298 299 204 270 251 48 18 210 212 373 22 26 283 252 0
263 273 24 30 289 34 40 64 65 325 330 334 335 85 352 354 111 115 246 253 0
192 321 322 36 69 292 74 171 269 333 147 276 152 26 315 220 31 0
257 261 263 141 272 289 44 48 309 59 319 196 70 211 213 91 349 223 365 0
352 89 102 39 351 233 294 108 177 117 149 24 120 94 26 347 126 286 0
97 226 357 42 171 44 14 17 114 315 85 117 343 344 187 252 126 375 0
130 291 98 69 136 105 299 235 78 14 334 340 149 279 56 218 157 318 0
258 5 146 276 44 45 302 181 311 186 62 341 218 220 100 101 116 373 375 0
33 1 101 69 199 168 328 296 11 5 173 240 51 117 313 154 27 57 0
160 292 357 71 327 42 77 238 45 46 50 181 246 311 24 221 346 93 0
136 270 159 160 161 303 179 185 65 69 70 337 345 225 249 108 365 119 121 0
256 33 98 99 228 264 204 206 111 79 50 211 118 55 152 121 90 93 0
256 260 263 140 24 152 176 320 198 336 215 343 345 96 104 366 373 120 250 0
192 323 293 329 42 137 298 109 333 237 145 214 118 315 190 221 222 31 0
224 33 354 69 136 170 171 299 176 305 156 84 118 342 56 185 347 124 0
260 263 264 10 139 20 295 299 173 315 188 326 81 338 341 343 94 115 254 0
288 257 167 105 169 14 16 241 17 340 245 278 311 94 282 316 30 0
192 321 232 202 139 365 111 16 369 178 339 117 118 221 347 28 93 0
64 288 98 32 73 107 331 175 124 188 116 86 348 122 220 30 223 0
258 3 133 70 69 40 331 235 141 139 368 177 149 55 280 120 318 375 0
5 267 281 178 314 193 201 209 341 214 102 358 110 369 243 372 245 249 250 251 0
98 68 357 166 7 42 13 206 302 80 148 53 373 279 185 247 94 0
131 4 292 259 325 169 329 171 334 82 308 20 151 26 283 349 62 0
1 133 134 148 24 166 41 311 191 324 329 76 77 78 88 347 93 101 233 0
260 262 7 138 12 24 33 40 299 189 326 82 83 210 84 219 349 95 248 0
146 21 22 155 162 303 181 63 65 324 202 336 214 89 346 233 367 243 374 255 0
356 133 262 72 328 44 141 206 14 112 274 340 342 119 54 250 27 158 0
64 34 3 325 262 197 136 331 299 76 141 208 113 274 145 254 0
263 32 34 292 42 301 45 307 58 59 190 76 84 340 216 101 235 108 243 116 0
3 265 20 285 294 297 174 178 196 70 201 93 222 223 352 106 109 371 120 255 0
161 70 103 330 363 331 235 364 143 272 240 12 51 179 86 375 186 222 0
128 257 3 260 7 108 301 333 143 16 251 306 276 308 186 155 61 0
129 263 140 161 294 44 173 175 176 50 61 63 325 71 349 97 354 231 112 0
192 128 2 166 201 43 172 47 208 241 178 81 113 181 26 155 0
128 19 24 25 32 38 46 50 192 326 327 72 330 85 88 218 365 368 246 255 0
257 263 11 27 166 300 49 184 331 205 335 80 211 83 349 232 108 367 369 0
1 3 68 293 37 7 234 139 170 45 302 46 106 241 150 217 283 348 0
263 281 25 159 37 294 44 328 76 209 340 214 343 344 347 351 98 359 372 0
129 6 140 150 24 300 176 306 313 317 195 196 200 207 211 104 363 118 248 0
138 272 295 44 302 177 179 187 63 66 200 331 84 88 220 221 237 110 116 249 0
3 132 328 360 362 13 366 175 16 28 270 179 310 248 346 127 31 0
248 225 34 163 359 360 297 74 77 274 339 244 84 54 373 184 24 148 0
129 1 7 264 148 157 31 38 49 179 308 321 198 70 334 209 212 216 364 240 0
257 263 266 138 140 35 296 40 68 74 80 338 355 359 365 367 117 118 247 248 0
321 291 163 133 324 359 297 74 171 76 60 304 83 244 125 124 29 0
65 323 36 133 281 167 7 201 329 105 140 251 113 275 217 123 255 0
256 10 13 15 22 23 30 288 41 189 194 198 214 223 353 354 109 366 245 126 0
160 258 185 132 68 41 300 109 177 82 83 372 245 371 153 251 57 0
260 11 15 148 284 164 38 168 169 308 184 63 214 219 99 101 230 108 365 254 0
256 194 323 260 228 231 264 330 91 365 333 336 145 147 90 155 349 191 0
289 2 65 33 262 39 139 44 301 78 12 80 303 302 83 244 372 190 0
141 16 24 31 168 297 306 311 183 58 186 187 335 217 227 358 110 371 243 118 0
98 99 356 229 38 166 141 112 210 276 309 52 87 312 281 251 286 0
194 354 4 197 266 43 364 10 235 111 142 241 306 112 93 157 63 0
2 260 136 271 165 295 168 299 174 179 59 319 332 336 343 353 356 101 234 238 0
64 225 1 133 102 69 169 268 237 142 209 369 18 307 178 218 155 158 0
260 9 140 144 155 39 40 173 176 315 192 327 333 357 230 360 110 114 373 0
263 270 152 33 291 38 300 54 63 66 196 325 333 86 97 103 360 361 364 240 0
134 148 26 285 159 181 184 313 187 189 64 199 202 211 107 239 241 242 124 255 0
132 262 138 272 22 152 283 155 43 51 308 182 62 319 195 324 200 361 362 0
3 136 139 146 147 32 297 304 179 56 323 324 207 211 94 350 353 234 236 112 0
162 227 326 231 330 236 333 239 124 145 210 252 52 342 56 345 220 0
160 65 258 355 194 135 297 267 205 208 113 241 19 373 181 280 188 0
289 194 4 37 358 135 296 71 137 11 238 144 305 178 50 121 188 31 0
352 321 101 134 231 230 9 302 304 18 243 52 275 150 310 312 318 31 0
66 100 5 38 39 230 136 10 139 171 304 274 308 55 216 154 348 311 0
256 1 128 68 357 102 359 72 104 234 363 111 144 306 83 249 59 253 0
273 150 155 27 287 159 289 33 40 321 335 93 356 231 232 364 236 367 240 0
291 230 135 104 41 298 204 301 334 16 369 148 21 341 22 156 30 0
325 6 269 238 175 112 208 242 109 182 311 248 313 284 349 184 63 0
288 32 66 323 72 333 367 207 305 29 275 339 157 217 282 28 61 0
162 197 167 138 74 46 239 112 176 371 372 179 374 248 349 29 318 0
64 129 225 321 90 230 293 300 367 124 369 211 115 313 314 316 221 0
4 10 13 283 33 163 295 175 307 191 64 322 324 72 205 342 353 105 247 124 0
265 271 275 21 282 155 158 32 173 175 181 62 207 82 85 227 236 368 374 0
99 68 165 260 358 328 323 363 140 270 18 210 157 311 249 61 158 0
65 3 132 230 199 135 122 139 364 346 46 363 86 87 312 250 284 0
357 358 247 268 237 111 367 17 306 243 214 348 56 183 122 27 92 189 0
288 352 165 135 295 329 74 363 235 76 170 21 373 183 283 316 189 287 0
354 230 345 74 298 269 176 275 372 181 22 308 152 313 188 375 0
352 1 322 257 261 71 359 107 268 302 47 112 145 22 55 345 95 319 0
1 138 140 12 23 155 288 289 47 57 190 62 63 331 207 111 369 242 374 124 0
256 129 273 18 158 301 46 184 314 320 198 337 342 344 102 362 111 374 255 0
4 229 39 264 8 204 49 306 211 81 309 182 56 314 91 316 157 190 0
9 266 10 270 143 289 296 180 77 78 341 87 88 226 101 239 367 371 247 0
257 165 197 7 328 169 361 6 114 19 52 340 214 246 221 338 124 285 0
32 354 163 133 200 43 108 109 60 338 307 20 341 342 55 246 123 348 0
192 318 258 355 162 325 90 259 74 108 240 208 339 245 56 250 283 94 0
132 138 139 146 276 148 151 162 292 171 58 194 211 218 350 98 102 107 242 0
274 19 275 22 283 303 55 59 188 63 193 197 72 204 333 339 91 363 114 0
260 269 24 155 29 30 288 299 63 320 66 324 71 78 349 107 363 112 370 252 0
192 130 356 296 203 332 123 175 48 303 370 116 84 183 154 247 311 0
260 263 20 26 42 172 306 189 62 324 70 71 333 217 97 360 104 363 371 0
272 17 27 36 168 45 305 66 322 70 203 78 91 229 102 367 368 115 249 254 0
129 140 16 274 25 32 292 43 47 184 186 318 69 198 328 217 225 229 251 0
1 133 8 14 281 285 289 164 166 45 307 310 312 65 196 83 340 375 122 0
344 228 7 233 138 298 332 77 365 370 84 244 149 213 87 341 277 216 0
258 4 13 25 153 285 289 165 46 178 187 81 94 352 355 356 100 367 241 0
161 356 166 263 358 329 170 43 231 237 176 306 370 84 347 31 0
288 195 132 294 199 8 265 170 235 300 140 141 367 54 346 283 61 0
229 294 169 202 362 142 271 273 210 146 84 20 305 184 314 220 125 31 0
132 165 68 261 8 73 298 135 335 113 19 179 85 56 249 124 285 0
257 263 17 21 149 24 284 289 293 295 170 176 309 193 348 247 248 121 250 0
193 226 322 6 199 332 111 16 81 112 339 47 87 247 342 221 29 0
268 16 147 174 50 179 60 318 191 193 329 204 335 339 211 214 346 352 237 243 0
35 230 281 72 74 235 362 335 49 145 306 20 149 342 54 216 89 252 0
162 69 230 167 296 41 331 142 144 273 18 211 149 278 120 250 29 0
160 256 162 194 58 325 199 7 201 10 11 235 360 271 148 249 122 318 0
132 6 266 270 22 27 310 182 311 316 325 331 209 338 353 229 363 110 368 0
225 165 230 166 73 105 298 173 301 45 144 338 85 183 57 94 0
33 130 73 76 237 270 175 78 49 240 114 20 309 53 145 248 91 0
97 98 162 26 323 166 70 295 7 9 205 114 179 214 281 218 91 348 0
2 275 24 282 36 296 45 56 191 63 196 199 73 216 91 366 239 368 253 0
224 226 262 294 138 74 44 365 187 335 240 283 18 182 215 91 125 30 0
129 263 9 294 303 47 308 309 315 66 71 330 332 205 210 212 353 104 106 111 0
133 263 8 271 154 42 181 314 61 192 78 345 95 352 102 106 365 239 243 250 0
133 264 283 285 172 52 316 320 69 71 219 92 231 232 234 367 369 117 255 0
134 159 163 292 36 39 302 52 318 194 69 325 328 206 349 105 109 110 113 127 0
64 33 323 69 154 233 250 105 169 43 304 52 54 90 251 190 0
26 131 69 59 330 171 265 137 143 275 53 181 374 24 282 91 156 0
64 99 355 228 133 37 215 328 76 12 270 237 367 115 342 246 154 0
224 33 257 131 356 357 322 263 325 331 368 49 338 115 277 183 216 0
352 97 322 167 136 77 270 111 240 272 244 213 214 215 27 284 222 159 0
161 101 102 9 11 364 143 147 116 340 308 247 212 275 122 284 253 0
259 146 285 30 158 290 300 47 53 183 315 61 190 64 337 223 105 111 374 0
69 237 301 303 367 16 241 340 20 150 86 88 217 122 277 188 223 0
353 258 197 37 102 137 41 77 141 60 333 52 278 316 285 126 0
259 4 7 13 24 162 167 296 301 54 340 359 232 235 365 366 244 249 254 0
96 226 163 228 5 133 134 39 41 165 197 44 138 60 337 147 279 28 0
14 145 20 23 281 37 305 185 190 320 327 76 80 338 340 352 354 360 232 247 0
256 33 356 292 261 37 40 105 154 282 205 78 276 148 23 344 122 159 0
225 131 326 167 232 331 141 334 302 16 369 18 336 21 118 277 56 89 0
318 34 196 165 69 360 201 74 361 140 272 373 62 25 282 190 223 0
226 131 58 357 262 250 108 177 82 307 374 279 151 218 315 349 126 0
32 193 101 199 233 362 299 237 238 143 301 244 56 282 155 316 351 0
257 133 152 287 289 293 41 179 183 313 77 211 212 219 352 353 97 363 243 120 0
160 291 163 325 196 135 71 203 171 109 173 307 372 277 214 374 120 27 0
256 224 293 70 202 74 237 206 16 48 336 179 213 186 155 30 63 0
256 64 290 165 122 262 267 271 207 177 188 276 180 344 249 314 348 0
197 294 326 328 105 73 265 108 140 333 302 305 306 275 81 340 281 122 0
129 265 21 39 175 176 59 188 317 190 328 336 216 218 352 227 103 371 244 248 0
129 258 66 90 165 9 233 203 314 74 206 284 374 122 220 63 0
192 225 226 101 102 199 134 234 80 81 372 52 214 310 154 317 319 0
193 290 132 101 198 8 201 46 283 51 53 311 62 58 219 120 222 191 0
6 134 268 148 27 157 30 31 33 41 171 309 62 196 330 202 221 352 355 229 0
257 131 325 38 295 40 202 172 77 334 367 219 17 156 14 313 315 188 0
132 143 21 152 287 160 315 61 198 203 334 223 229 101 360 365 113 115 125 0
352 99 195 327 104 39 202 13 206 141 304 209 336 280 313 158 254 286 0
4 229 166 199 324 9 104 267 357 109 333 47 273 306 149 150 348 63 0
160 161 226 3 266 76 45 124 112 82 338 20 307 274 184 153 252 158 0
6 263 271 290 169 315 320 198 71 200 76 85 86 92 222 352 230 234 364 117 0
33 355 291 230 295 360 328 172 272 305 17 304 16 211 311 248 285 318 0
128 1 142 277 151 294 298 306 180 72 77 205 333 346 353 229 108 236 243 0
5 262 263 282 155 302 188 320 64 80 84 86 220 355 101 243 244 118 124 0
224 68 37 294 169 265 331 301 142 240 177 273 245 374 254 121 125 350 0
96 1 231 360 169 364 120 140 208 275 243 21 278 341 53 316 63 0
290 98 71 8 170 107 142 16 112 306 212 55 311 280 251 285 343 0
224 257 129 321 259 198 73 138 44 111 240 80 114 51 55 345 317 319 0
5 14 36 297 43 181 209 218 94 222 95 358 359 107 236 367 239 241 253 127 0
256 129 131 142 22 23 152 155 156 303 317 326 328 214 217 351 234 113 245 246 0
191 258 36 357 294 325 40 356 235 238 240 16 114 275 371 121 125 351 0
257 100 4 135 360 201 170 234 109 205 80 208 213 86 217 62 287 0
289 226 163 326 167 230 265 233 42 12 144 18 244 277 213 215 23 222 0
65 195 313 234 74 141 173 239 238 241 53 86 345 186 286 62 63 0
2 361 11 364 140 78 80 208 336 273 49 245 214 217 283 317 25 63 0
257 194 289 228 102 70 232 77 14 270 368 115 214 246 25 187 125 350 0
353 38 327 168 171 268 13 238 92 144 113 306 337 84 239 122 349 253 0
165 201 265 237 78 28 48 52 342 311 344 153 187 156 221 62 0
69 103 173 46 206 124 81 220 372 117 54 180 348 25 154 284 253 0
64 259 325 39 135 75 332 171 367 240 175 79 211 52 182 374 22 29 0
64 320 105 202 267 268 298 205 41 15 145 315 13 251 222 223 0
257 263 8 16 155 28 32 40 178 307 66 196 334 221 97 102 108 122 124 0
66 323 217 296 105 333 205 271 177 50 278 22 344 249 186 342 61 95 0
160 4 5 102 171 140 300 268 241 113 307 284 54 245 152 59 60 317 0
263 142 144 21 22 159 165 170 300 179 311 184 189 72 329 75 334 90 93 255 0
134 136 269 16 146 149 27 289 161 291 163 305 181 55 311 318 197 75 92 226 0
34 68 356 134 71 327 362 12 268 173 79 115 220 24 89 219 120 285 0
130 150 155 291 36 305 184 316 191 320 322 325 326 330 216 345 358 375 249 123 0
131 11 268 267 153 155 285 301 302 53 184 71 206 86 121 102 103 372 249 250 0
128 6 267 287 292 297 307 54 315 70 327 74 88 90 350 97 233 234 253 125 255 0
193 356 359 72 137 234 43 332 73 16 243 54 55 312 92 221 254 0
132 9 11 267 24 284 287 161 34 40 297 190 193 66 325 93 232 111 368 125 0
247 105 42 106 95 312 89 91 222 62 31 0
196 294 7 106 301 14 207 239 212 309 346 0
196 105 137 174 243 22 248 123 0
33 97 161 163 37 325 84 246 218 94 0
33 131 109 13 173 333 337 340 85 182 314 190 62 0
163 324 249 325 232 16 272 306 89 253 287 0
160 2 35 131 38 358 201 171 269 78 52 0
265 347 287 0
326 44 368 156 116 311 25 60 285 57 0
2 3 194 136 328 112 178 374 183 91 349 0
193 68 297 268 143 113 305 342 30 25 126 219 62 0
100 165 166 297 107 208 113 56 282 0
225 354 37 133 135 294 357 11 174 16 49 145 241 273 127 0
32 259 357 7 77 269 207 303 20 246 183 158 0
350 42 172 45 366 335 368 275 117 282 347 94 159 0
353 2 35 322 234 204 332 306 19 179 22 375 0
129 289 355 324 43 273 338 339 150 310 0
98 344 356 197 263 136 73 10 235 144 209 241 373 87 248 91 188 31 0
160 356 166 328 234 300 84 372 150 89 91 0
137 174 79 48 112 145 84 374 343 282 0
264 171 300 334 17 83 148 121 221 0
128 1 256 322 37 357 73 143 49 124 0
160 161 66 37 9 140 85 341 121 28 94 0
353 354 6 103 8 359 171 300 369 146 338 20 85 278 119 248 284 222 0
280 98 323 324 136 361 107 315 52 311 88 89 123 61 95 63 0
192 323 132 325 326 135 236 208 337 89 189 0
167 301 92 147 149 316 216 121 285 124 253 0
162 69 357 73 329 270 210 19 214 314 59 190 95 0
325 136 232 44 175 113 369 118 86 153 29 0
350 197 265 236 48 307 213 57 90 91 254 0
160 1 258 259 358 13 219 143 301 333 342 216 59 124 253 62 0
69 39 200 73 269 366 145 305 243 307 213 248 0
256 191 257 280 132 5 292 9 330 362 76 46 207 242 116 88 249 95 0
257 2 137 76 140 92 0
129 226 67 131 203 236 366 175 16 17 82 51 242 246 23 347 0
32 64 130 3 192 355 198 231 264 357 234 330 13 144 210 287 0
225 66 74 11 250 15 145 370 307 52 244 215 58 222 0
128 130 265 74 206 14 273 371 348 222 223 0
137 80 178 117 187 0
98 133 7 168 296 140 174 271 368 273 370 180 276 218 125 222 0
33 327 207 16 304 242 20 181 280 0
192 132 100 204 109 365 112 368 306 155 284 190 0
192 2 99 105 13 179 252 56 92 0
130 39 40 168 46 110 48 112 18 209 116 273 278 315 60 93 287 0
4 358 232 74 107 332 206 114 83 179 181 243 308 56 338 282 317 93 0
256 35 99 40 328 75 18 117 217 319 0
352 37 136 168 233 43 297 47 116 87 31 0
64 227 296 233 330 139 361 205 82 179 340 375 217 186 60 159 0
160 68 313 9 201 43 75 13 173 375 306 55 185 314 284 223 0
312 167 237 92 244 374 152 60 94 63 0
72 9 107 76 305 274 148 212 150 153 347 0
1 34 257 166 313 361 282 46 144 23 183 26 155 157 253 63 0
33 66 258 133 134 269 179 277 182 313 250 317 125 0
160 260 359 105 137 234 272 337 179 218 0
33 193 102 103 135 59 231 358 173 18 83 275 309 119 121 122 27 0
163 200 107 77 174 305 245 56 217 125 94 0
288 226 68 295 170 205 142 47 367 210 20 183 187 349 287 0
353 67 35 132 105 268 112 180 212 310 188 0
2 317 239 50 372 85 119 56 27 152 0
318 193 196 260 295 362 268 206 273 307 343 348 215 219 188 62 0
165 134 8 109 78 251 279 82 115 20 147 220 119 339 281 155 28 0
96 192 162 67 193 225 227 260 294 368 146 117 22 347 0
228 324 167 71 264 328 334 303 58 126 0
67 131 345 170 107 44 13 205 234 331 114 308 118 214 278 89 0
34 131 132 196 70 290 324 107 203 300 301 79 53 184 89 154 0
193 102 39 296 327 202 14 15 179 21 250 0
288 115 243 88 154 316 127 0
256 131 264 10 267 269 143 279 172 47 305 322 196 206 91 352 228 359 233 363 126 0
160 161 359 10 239 368 0
99 196 293 70 263 138 244 86 55 214 185 315 0
323 206 239 178 306 84 373 119 56 154 92 286 0
33 132 261 6 134 231 359 332 369 50 179 86 151 57 26 123 0
97 66 70 359 104 361 173 271 149 310 23 151 282 157 0
96 129 160 7 200 139 171 172 366 111 47 339 212 277 308 371 344 217 0
97 259 11 173 113 284 22 313 60 126 287 0
32 215 231 250 282 205 142 16 208 183 186 349 221 126 375 0
33 6 201 212 213 310 216 0
169 108 271 273 114 150 215 0
35 261 281 313 268 303 368 306 275 23 116 87 152 217 26 93 0
1 271 36 40 299 173 180 66 324 211 345 93 121 355 356 239 244 374 249 0
295 104 330 203 206 271 240 369 18 210 116 306 347 247 250 251 348 31 0
162 3 226 323 357 299 332 147 149 341 57 282 0
192 198 7 13 110 333 80 208 272 337 20 0
133 8 268 270 19 299 300 177 182 185 313 187 189 72 215 105 241 252 126 127 0
34 230 235 334 111 112 83 84 246 24 249 314 127 0
192 35 271 22 185 191 0
320 34 322 165 366 175 240 19 247 344 125 319 0
153 133 6 313 296 137 79 143 115 213 245 280 25 59 287 0
273 29 159 290 293 301 50 316 318 83 344 346 220 113 369 243 249 250 253 0
98 35 324 356 264 233 282 76 45 332 175 336 145 273 309 250 0
32 329 44 14 209 307 308 350 0
129 258 198 74 171 14 176 241 310 23 90 222 0
321 68 231 327 361 77 174 334 17 114 210 116 54 188 157 0
225 6 134 231 13 271 177 114 305 245 118 56 58 223 0
193 322 99 232 236 205 47 15 17 177 275 244 369 316 250 60 190 0
101 133 229 75 11 78 334 50 88 251 156 190 0
290 264 41 334 182 157 218 93 222 95 0
227 294 264 11 300 303 245 187 253 0
128 130 167 8 232 349 210 374 152 282 252 125 0
288 8 106 54 253 319 0
296 146 21 345 252 191 0
160 129 256 99 360 106 171 110 239 335 81 242 337 308 0
289 357 358 298 171 108 235 269 335 177 305 275 57 316 0
322 195 344 357 361 363 368 338 211 340 371 24 124 30 0
66 100 297 267 109 251 60 351 0
39 41 173 269 48 240 342 343 249 91 158 0
225 34 4 196 325 7 330 108 300 302 366 273 274 118 119 120 284 127 0
129 293 69 262 80 0
128 101 261 11 140 365 80 17 52 213 253 127 0
228 294 170 14 48 146 61 0
194 228 102 199 73 107 337 87 281 60 0
103 232 331 173 365 336 18 338 85 341 342 346 0
159 191 100 101 132 326 74 108 205 174 143 364 308 124 95 0
67 323 104 203 365 80 82 22 286 159 0
355 260 166 198 330 75 235 272 146 117 122 219 92 31 0
325 326 201 147 182 88 317 0
38 42 236 173 14 15 221 315 349 61 94 286 0
67 135 8 10 74 76 205 333 48 187 348 317 30 0
97 257 324 38 135 295 202 173 49 180 254 248 126 351 0
128 33 354 227 4 10 11 145 370 51 147 21 148 311 218 155 0
161 321 196 134 166 70 263 371 181 312 158 0
98 166 102 361 238 334 367 52 182 344 221 0
261 102 351 359 234 109 178 21 150 255 0
258 35 228 102 294 326 359 334 143 144 241 213 345 283 61 0
2 195 356 72 331 334 16 176 340 151 184 250 60 157 0
65 327 340 121 187 124 191 0
68 101 6 166 8 260 324 204 332 79 82 118 217 60 159 0
164 40 297 74 329 239 177 51 52 86 342 312 283 126 0
33 280 163 228 106 142 303 209 147 179 212 339 152 191 0
161 226 280 228 291 321 296 298 173 273 149 24 187 220 285 0
160 102 7 168 297 43 364 242 120 157 286 0
33 193 35 293 105 204 206 337 184 250 315 159 0
160 162 361 274 371 276 0
131 134 168 141 241 275 244 63 0
288 66 131 69 133 39 105 204 365 335 374 183 56 158 63 0
192 228 260 357 359 136 330 175 47 275 213 184 283 349 31 0
33 225 195 258 40 72 136 329 174 366 341 278 89 317 0
267 13 277 159 31 291 49 315 70 333 80 336 340 215 224 359 107 236 120 0
258 354 4 262 361 43 304 337 114 83 373 62 0
99 196 234 13 275 311 94 284 158 0
97 258 35 101 37 233 364 15 312 0
33 193 258 357 122 262 186 330 75 204 267 362 20 53 217 58 0
128 33 192 193 195 357 39 168 265 175 146 250 187 316 222 0
224 320 98 198 199 14 302 180 183 184 60 216 0
288 257 228 165 139 301 181 279 24 90 343 255 0
1 122 199 41 314 115 117 54 87 249 90 283 0
101 135 331 333 369 52 276 22 341 374 153 0
33 225 165 43 12 176 240 304 372 277 93 0
320 354 3 291 327 360 74 171 362 109 303 243 286 95 0
100 36 164 199 367 81 338 307 148 84 310 370 152 249 253 0
352 162 227 229 358 12 238 302 335 247 186 188 94 0
256 102 136 236 109 13 177 370 212 284 118 220 0
65 5 39 330 362 142 302 112 148 245 22 92 0
193 353 197 330 235 238 272 304 211 86 342 216 249 375 254 31 0
353 328 302 174 250 191 0
290 325 203 16 241 220 307 88 346 188 222 126 255 0
1 132 197 295 201 268 81 25 347 28 0
161 289 287 197 229 42 266 299 332 367 178 179 214 90 127 0
192 321 34 166 139 113 244 342 216 249 154 60 30 0
131 68 231 41 44 79 240 17 271 115 243 88 123 190 0
128 256 34 67 98 5 102 167 230 326 143 145 374 119 313 318 0
1 129 131 8 14 151 295 176 51 53 315 317 196 77 333 212 341 215 349 362 240 374 251 0
37 298 204 241 210 19 342 215 374 156 349 0
32 36 69 261 9 43 267 46 143 302 340 343 124 287 0
223 102 73 204 48 55 95 0
193 228 5 293 154 201 329 204 239 273 114 244 278 279 344 90 59 254 0
225 3 131 228 10 235 314 78 16 115 309 250 0
355 231 359 238 85 86 215 92 0
33 41 368 243 180 149 310 339 121 155 0
256 164 132 136 304 337 347 276 247 88 251 349 157 375 0
34 332 79 207 17 273 307 52 374 186 220 159 0
1 358 264 328 363 172 272 370 212 52 282 219 221 0
194 71 263 141 366 17 273 212 213 247 89 125 0
324 197 41 106 268 174 113 243 371 55 284 311 190 0
228 249 166 167 9 74 78 347 275 116 308 217 346 283 318 0
162 98 223 201 138 338 184 124 127 0
130 35 331 204 365 206 273 281 61 286 223 0
266 269 14 281 159 292 298 173 51 58 317 191 67 71 211 345 222 97 226 0
196 71 247 107 43 367 176 273 114 304 212 278 151 219 348 221 0
290 263 296 360 282 204 140 242 150 375 90 0
280 68 233 74 299 362 333 275 22 23 248 189 62 0
33 223 225 106 75 237 81 146 241 214 343 28 29 31 0
226 68 39 10 235 268 14 178 306 286 0
97 68 6 8 72 74 168 87 88 122 311 30 0
226 294 327 359 10 139 299 77 334 176 337 370 58 350 0
318 193 359 237 112 176 306 51 337 123 30 0
35 102 111 81 179 84 118 182 247 63 0
191 223 231 8 332 14 189 309 150 182 310 185 125 159 0
67 228 5 293 106 362 207 368 179 374 184 154 60 221 0
322 265 204 76 303 244 277 54 253 159 0
98 294 109 372 213 58 286 351 0
192 33 67 165 7 8 136 203 236 339 244 88 0
256 136 13 269 30 162 294 39 47 327 76 333 337 212 216 220 227 228 235 373 251 0
98 258 164 38 199 168 365 239 272 372 87 57 318 127 0
97 99 195 71 269 150 310 249 27 222 95 0
129 260 261 38 202 330 363 109 308 150 120 252 0
162 35 194 294 8 362 171 204 50 55 217 91 284 29 222 0
130 101 42 283 178 339 244 347 373 57 251 60 0
130 163 236 111 207 210 19 242 371 152 185 92 189 221 0
321 262 263 234 209 26 95 255 0
248 312 324 262 231 105 171 144 272 273 52 213 88 0
1 129 68 328 14 366 177 83 244 245 182 121 187 0
96 256 285 122 45 109 141 17 50 274 340 26 253 0
321 5 263 107 364 269 283 369 274 309 118 23 314 59 28 0
256 102 42 368 117 374 216 249 285 220 189 126 0
97 259 323 294 331 175 208 369 244 213 90 59 188 0
3 70 294 41 331 332 365 206 303 48 17 272 83 182 278 88 188 0
96 99 126 325 138 76 141 314 368 82 215 26 30 0
262 22 25 283 289 36 166 174 50 311 323 324 76 334 96 360 108 112 249 255 0
128 102 78 49 115 180 220 188 125 0
2 195 134 40 366 54 279 188 254 0
64 129 100 196 38 231 273 59 316 0
33 259 9 105 140 301 364 305 26 222 158 286 0
352 33 98 231 40 168 362 267 109 176 82 307 52 57 0
96 323 6 137 329 108 364 51 54 374 123 286 94 31 0
202 236 335 17 306 275 180 149 182 181 244 185 245 375 0
225 38 71 264 327 42 267 236 314 14 47 365 273 306 307 218 0
323 164 6 39 300 207 115 244 248 315 0
160 226 354 100 68 358 365 334 366 338 85 86 0
232 47 372 278 25 94 0
130 36 234 76 178 23 184 285 92 189 0
129 133 103 8 11 367 240 305 151 279 29 222 0
291 6 314 205 81 116 21 181 341 221 342 154 157 0
290 6 299 15 80 176 305 19 115 53 86 117 127 0
352 163 101 103 263 106 234 270 272 119 249 287 0
294 169 297 205 243 180 247 185 189 0
288 312 259 360 299 363 368 51 52 152 219 0
3 227 259 285 135 233 170 202 300 48 308 309 218 187 61 0
161 226 3 195 37 38 228 297 10 138 329 333 144 82 244 341 186 286 0
320 352 2 36 6 247 108 251 113 20 254 87 344 122 219 126 0
96 162 166 39 234 110 304 184 153 283 0
227 100 199 360 233 44 77 204 271 365 337 242 370 119 344 30 0
100 134 7 230 281 297 367 82 242 118 184 249 351 0
352 161 103 359 105 331 76 80 50 84 245 23 123 157 0
65 321 102 166 8 204 111 178 211 212 275 311 120 122 92 152 0
96 289 67 357 138 172 365 215 217 158 0
320 104 169 138 299 269 80 209 244 54 92 0
70 134 40 200 78 48 156 180 310 253 58 28 93 222 0
323 101 325 27 169 75 78 143 307 245 279 91 222 159 0
2 322 104 44 175 47 210 181 182 375 286 0
2 356 133 38 135 200 231 273 50 372 341 90 188 317 63 0
64 128 101 135 264 73 11 331 333 175 180 342 27 252 61 0
131 291 167 136 209 274 85 25 318 0
65 257 291 355 11 267 268 239 241 181 250 315 0
227 356 7 167 168 169 14 48 176 304 211 119 23 154 287 0
289 360 271 81 187 60 0
192 322 228 260 139 110 117 54 214 91 316 158 95 0
64 292 168 109 47 157 374 125 0
192 320 122 7 74 175 208 17 83 52 84 180 247 26 219 316 317 126 0
160 248 260 363 76 367 368 184 58 59 190 0
134 136 9 17 165 293 172 175 51 181 314 60 210 214 343 225 246 374 252 0
36 262 232 364 369 372 90 316 349 318 0
32 97 160 133 331 269 273 114 115 210 369 218 0
131 68 37 259 263 344 268 78 337 152 0
227 10 74 234 77 14 238 362 273 86 0
192 265 267 300 334 80 305 114 210 339 310 25 0
100 228 102 359 8 235 15 112 82 116 280 95 0
1 162 3 203 206 111 79 240 147 180 371 214 310 345 315 28 0
289 322 167 104 200 141 15 370 152 345 314 317 350 159 0
67 164 235 142 207 240 283 343 185 91 285 350 127 0
65 323 122 173 143 207 308 309 86 183 372 26 283 61 0
33 72 138 11 178 116 21 54 119 373 249 58 156 0
65 327 360 297 362 368 369 311 23 252 157 0
288 320 353 67 3 38 266 45 238 116 216 315 0
164 228 262 105 139 268 237 367 16 244 373 246 151 0
32 6 361 272 220 152 92 95 0
3 5 136 264 12 281 34 171 174 310 193 197 77 211 342 350 96 362 114 0
100 200 42 75 204 330 29 274 374 281 61 0
32 262 74 267 205 301 336 337 369 155 252 0
323 70 13 365 19 147 211 213 0
130 226 42 108 17 21 22 0
36 9 111 175 49 83 51 278 311 90 0
64 1 6 39 76 205 16 126 28 285 62 286 0
193 99 281 330 362 174 148 52 312 249 59 190 0
257 360 330 107 303 367 373 159 0
192 97 6 39 136 233 204 78 304 338 148 372 248 287 0
34 101 212 309 342 373 88 89 95 0
291 228 293 357 71 234 203 235 109 369 18 19 274 183 315 124 0
224 291 68 295 299 77 78 336 89 315 60 349 223 0
257 321 122 103 200 169 206 58 126 287 0
354 355 326 40 169 370 147 340 0
225 100 298 110 302 273 179 84 88 89 26 123 0
297 298 361 13 141 111 119 124 222 0
192 193 353 105 362 300 332 111 114 21 314 0
162 344 4 262 39 232 74 204 241 148 180 248 285 93 0
196 261 358 268 173 304 183 282 220 61 0
352 65 162 291 230 360 340 85 54 318 0
225 98 44 300 175 176 337 210 367 20 278 88 313 91 0
289 133 294 326 8 366 48 209 305 212 310 87 153 285 319 0
159 288 227 135 106 268 48 114 148 281 58 125 31 0
129 226 70 198 326 282 332 173 365 79 175 52 148 22 186 253 0
225 263 8 73 40 218 204 297 115 244 23 153 126 30 0
96 320 322 6 281 313 201 78 336 274 280 153 0
64 161 99 327 201 42 106 76 138 297 143 299 302 211 25 27 252 254 0
34 69 231 295 234 310 56 25 314 28 0
259 325 166 39 328 41 105 357 77 175 240 209 337 22 279 89 187 188 0
96 357 264 361 173 238 368 371 308 55 309 119 285 0
194 323 228 103 42 13 333 144 369 342 188 93 0
320 38 167 359 265 330 333 111 242 183 216 347 0
67 319 297 12 15 367 179 284 151 184 122 279 126 286 0
200 42 332 110 285 157 62 0
67 4 7 361 10 363 108 301 113 0
65 66 100 324 102 104 234 266 272 244 183 187 220 222 0
194 281 326 233 202 51 211 277 249 90 253 0
192 194 322 200 105 140 301 78 206 337 178 280 314 94 286 0
270 271 150 23 278 152 160 163 57 58 318 72 84 342 88 89 352 239 371 0
98 356 203 271 369 275 52 182 246 26 155 29 0
356 329 140 300 303 112 145 144 305 52 370 218 0
1 289 38 40 105 137 200 201 109 19 254 349 190 286 0
288 33 162 226 164 353 356 343 152 122 59 220 158 0
358 138 364 219 143 241 114 84 246 314 59 28 126 159 0
192 291 199 169 305 211 281 94 0
257 5 165 261 268 301 368 275 116 180 152 122 59 63 0
135 10 172 273 181 218 0
163 293 308 117 374 344 286 0
129 2 325 358 201 74 204 240 113 368 85 187 157 95 0
352 70 7 167 326 12 300 335 336 145 275 343 59 0
225 98 260 231 359 298 139 13 206 143 270 274 55 281 90 94 0
353 138 43 75 45 139 17 212 22 183 56 283 188 222 0
64 2 355 141 142 333 113 337 115 20 214 346 284 158 0
224 289 320 4 165 260 293 104 329 300 371 84 117 216 219 92 318 159 0
159 352 312 7 201 339 87 23 120 26 125 31 0
160 1 39 41 137 140 277 119 151 185 91 316 126 0
130 50 307 120 223 0
131 166 167 146 83 311 87 152 89 247 253 184 0
247 0
225 68 166 170 107 205 272 146 306 185 58 59 157 0
291 293 166 232 201 298 172 46 337 121 158 0
160 162 6 175 304 335 19 149 182 0
224 129 355 287 293 140 112 272 82 147 222 223 0
2 263 109 367 275 180 53 247 56 88 348 0
165 39 263 105 203 282 113 115 84 214 87 120 313 154 247 190 0
97 194 198 39 75 47 51 278 88 251 0
96 129 233 77 46 111 175 114 21 154 253 0
96 259 40 361 106 110 270 274 217 282 286 0
225 35 132 71 199 336 20 372 214 152 28 349 0
289 290 131 105 138 332 82 338 279 27 94 0
289 35 165 326 106 239 370 243 180 308 309 343 0
257 132 292 357 273 306 59 348 0
100 228 73 171 365 271 81 209 21 248 218 251 127 0
258 3 16 17 146 149 27 29 309 69 70 73 208 89 347 221 226 249 123 0
128 66 229 265 139 116 21 189 218 155 125 255 0
96 99 134 358 72 299 48 176 241 52 23 314 252 0
224 194 292 230 201 361 365 49 181 213 90 0
318 321 291 164 323 136 200 107 77 109 15 374 24 25 187 222 0
257 3 99 163 38 6 9 76 141 372 341 314 190 0
32 67 4 75 364 141 303 337 277 121 28 222 0
193 163 104 204 150 118 280 218 221 0
128 65 130 256 70 7 8 266 299 330 269 277 246 247 374 220 0
288 2 185 249 108 268 174 147 244 339 22 280 89 122 29 158 223 0
320 130 132 102 7 41 43 79 17 209 212 245 150 314 0
289 66 3 228 260 70 230 73 105 206 144 368 149 0
225 322 138 107 142 305 23 182 87 122 0
32 192 223 292 166 135 167 250 266 282 48 315 52 281 218 59 286 31 0
130 3 100 260 359 15 337 210 148 309 345 90 94 255 0
224 1 130 227 290 166 103 104 363 274 85 54 119 150 123 0
18 152 49 53 187 318 62 192 194 77 210 220 98 231 106 364 111 118 374 253 127 0
194 4 103 73 266 75 13 246 56 152 254 319 0
326 295 138 302 208 50 146 87 282 349 351 0
321 260 327 139 207 275 244 339 340 311 126 0
34 35 66 366 335 309 343 216 283 349 0
161 233 44 269 301 210 214 23 185 186 92 285 343 63 0
290 300 302 79 47 147 52 340 374 280 185 347 93 0
4 8 41 105 362 238 153 123 0
160 297 273 243 85 216 348 189 0
230 199 326 234 241 306 372 150 346 219 0
323 260 133 198 103 71 346 49 113 146 372 118 279 121 90 60 350 127 0
128 98 355 260 133 135 334 81 50 305 246 375 312 89 318 0
353 67 131 38 168 10 106 272 113 146 151 57 125 253 0
168 264 77 113 18 340 22 183 0
320 266 206 177 54 27 222 190 0
100 261 230 103 136 46 179 189 157 0
290 136 168 139 44 304 306 341 374 312 90 92 255 0
99 261 135 42 108 172 151 0
129 321 291 5 362 139 363 208 209 187 188 285 254 286 0
322 164 104 10 300 332 144 343 281 190 0
228 229 363 301 238 15 272 304 146 19 337 56 218 120 349 0
2 100 37 7 105 138 177 276 251 28 0
34 291 356 262 200 108 77 333 208 113 185 157 254 191 0
256 1 259 164 137 201 237 366 53 246 343 282 283 125 0
99 12 44 60 206 239 19 180 149 214 343 348 283 28 350 0
134 135 12 269 285 290 39 302 306 70 71 330 217 218 224 105 108 366 249 123 0
32 97 34 4 166 72 265 332 337 178 115 243 117 183 60 29 0
129 289 215 362 140 115 183 344 122 29 30 0
65 195 227 325 355 44 109 175 17 181 182 215 312 313 90 347 252 31 0
159 98 162 323 354 198 263 10 140 13 52 181 122 91 63 0
65 163 249 102 358 329 106 235 112 20 84 25 285 0
160 2 69 8 48 144 115 122 348 255 0
160 353 41 105 265 12 299 273 180 244 277 151 120 374 31 0
312 107 238 49 178 148 340 86 248 0
318 320 3 36 103 136 298 15 241 273 337 309 312 317 254 0
289 98 290 324 134 166 327 329 237 113 114 277 86 280 0
160 224 196 38 335 341 25 91 60 350 0
322 36 69 72 104 232 296 44 337 370 51 84 180 182 339 185 254 0
257 99 71 135 168 231 108 16 177 83 185 60 190 351 0
33 321 35 292 42 49 19 346 286 0
128 40 10 170 76 171 268 299 240 82 375 280 281 188 62 0
289 312 292 357 102 294 332 141 111 113 145 179 245 246 120 58 157 0
162 131 354 230 295 104 174 367 339 212 309 342 122 123 28 0
289 228 357 38 137 331 269 174 14 302 368 310 0
96 257 259 101 133 358 8 41 12 140 14 236 240 145 317 0
160 323 325 72 144 306 338 373 118 0
131 287 122 125 351 0
288 289 235 269 116 84 310 374 88 253 93 0
69 267 204 365 115 83 20 54 150 243 252 278 124 0
161 323 103 328 46 338 211 182 220 285 0
98 163 164 227 327 77 51 243 119 253 0
99 227 261 141 209 243 150 0
33 327 108 176 276 372 54 217 218 0
69 37 139 269 333 336 214 215 218 28 285 351 0
1 356 325 264 41 107 331 142 303 117 282 318 0
260 229 299 364 15 80 208 210 337 338 277 216 185 58 28 351 0
193 257 355 325 295 271 48 177 117 250 0
352 100 203 80 20 244 341 216 0
257 2 289 260 293 232 173 302 144 177 373 186 159 0
356 357 294 328 329 250 331 268 237 364 79 47 147 85 245 122 252 0
34 324 167 336 242 371 118 183 89 317 284 125 0
320 324 134 7 168 361 108 46 48 371 373 125 223 0
133 264 280 154 162 163 40 170 54 313 61 320 66 338 342 247 232 117 119 0
130 132 137 10 141 270 146 371 24 191 0
354 5 102 358 296 201 363 12 180 213 244 372 0
195 292 7 41 205 334 341 183 24 121 59 120 0
269 15 304 49 18 113 151 312 28 94 0
96 2 98 260 271 146 115 179 21 247 344 281 287 0
141 269 176 50 82 147 53 179 210 275 281 346 126 0
225 228 9 267 301 334 111 303 180 343 310 279 374 251 157 286 0
130 164 356 71 104 170 206 15 304 369 146 115 178 21 309 93 318 0
354 227 5 70 351 168 265 266 203 16 273 244 118 55 182 314 223 0
290 132 46 112 50 338 216 185 154 27 253 158 0
256 99 263 169 237 46 372 59 284 0
96 208 114 20 373 250 94 0
66 3 265 75 108 14 16 220 88 25 26 60 0
256 352 34 66 365 46 113 18 85 55 0
133 7 202 171 77 15 17 243 212 251 157 222 0
99 355 6 204 364 15 241 277 214 375 253 0
2 130 360 361 170 174 88 284 125 0
33 161 99 357 134 71 111 112 143 207 305 20 153 90 255 0
38 327 105 108 270 80 220 243 248 28 285 159 0
256 65 97 193 102 262 136 218 235 175 210 217 26 0
96 162 263 327 169 365 208 336 87 280 0
3 168 296 331 173 206 365 304 49 210 273 336 57 122 187 349 61 0
358 72 298 365 16 0
68 39 7 76 205 237 111 368 178 248 250 350 0
131 132 230 9 234 270 371 244 283 92 94 287 0
65 194 3 36 263 104 299 205 46 52 182 57 347 61 94 0
33 194 322 262 40 202 203 205 303 272 86 311 121 350 287 0
159 68 102 134 169 14 334 241 243 275 371 310 126 95 0
33 99 195 37 323 295 9 139 206 251 334 149 152 155 285 0
207 339 23 30 312 218 316 189 126 0
96 192 68 313 332 269 46 14 48 238 375 56 153 157 0
226 258 166 198 104 202 299 14 79 242 85 55 184 89 314 125 221 287 0
256 289 320 36 261 361 205 80 115 316 344 250 220 0
32 192 322 99 122 168 365 242 149 119 281 26 189 0
2 258 6 8 142 270 146 287 171 299 315 69 327 335 87 224 101 117 250 0
161 131 260 263 40 238 79 208 270 183 249 29 0
322 70 236 111 51 220 0
163 42 332 335 82 85 183 344 0
67 68 196 105 305 82 117 309 348 0
99 324 169 366 49 214 55 346 28 0
260 136 137 314 240 273 122 126 287 0
355 69 268 206 209 275 117 248 123 350 0
64 1 2 192 323 293 361 172 79 220 117 245 341 124 29 0
258 322 197 70 358 41 201 139 235 362 209 148 308 342 23 24 28 0
2 3 4 3 3 3 2 4 3 3 2 4 3 3 4 3 3 4 4 4 2 2 2 3 2 4 2 4 4 3 3 3 2 4 3 2 3 2 3 2 4 3 4 3 2 3 3 3 4 4 4 3 4 2 3 3 3 2 2 4 3 3 3 3 4 2 4 4 4 3 2 3 4 4 3 3 4 2 3 3 4 4 3 3 2 2 4 2 2 4 2 4 4 3 3 3 2 4 3 3 2 4 2 3 4 2 3 2 2 2 2 3 3 2 3 4 4 2 3 4 3 3 4 3 2 4 3 3 2 3 4 4 2 2 4 3 3 2 2 2 4 2 3 4 4 2 2 2 2 3 2 2 3 4 2 4 2 3 2 4 2 4 2 3 4 4 3 2 3 4 4 2 3 2 2 4 2 4 2 3 2 3 3 2 2 3 2 4 2 3 3 3 2 2 2 2 4 3 4 2 4 4 4 2 3 3 3 4 2 3 2 3 3 3 3 2 4 3 3 4 4 2 3 4 4 3 3 4 2 4 4 4 4 2 4 3 4 4 2 4 4 3 2 4 3 3 3 4 2 2 4 4 4 4 2 3 4 3 2 2 3 4 2 4 2 4 2 3 4 4 4 4 4 2 4 4 3 3 4 4 2 4 3 3 2 2 2 3 2 2 4 2 3 3 2 2 2 4 2 4 4 3 3 4 2 4 3 4 3 4 3 3 4 3 3 3 2 2 4 2 3 3 4 2 3 2 2 4 2 3 3 3 3 2 2 3 2 2 4 3 3 3 3 4 4 2 4 4 4 2 2 2 2 2 2 4 4 3 2 4 2 2 3 4 2 2 2 3 2 2 2 3 3 3 2
