108 93 71
65 66 33 34 67 38 7 40 1 45 18 21 54 56 59 60 29 63 0
1 66 67 68 6 41 10 9 11 43 16 30 23 25 29 62 63 0
65 34 67 6 39 38 11 46 16 19 21 54 55 57 26 27 63 0
66 34 68 43 45 48 50 52 55 22 23 20 30 58 59 54 62 31 0
4 5 13 26 32 33 36 38 41 43 44 52 56 60 62 63 64 68 69 0
1 33 67 58 5 37 69 38 41 43 44 11 14 21 57 26 28 0
64 32 5 37 10 44 14 46 51 20 23 22 55 56 24 58 28 0
33 68 5 38 7 8 6 45 14 46 16 13 50 52 62 30 31 0
12 14 15 20 22 23 35 39 40 41 42 48 51 52 56 59 61 62 64 67 69 0
33 34 35 36 70 39 40 7 43 12 13 46 15 49 55 53 23 63 0
32 38 39 70 40 9 43 14 46 48 17 49 18 53 26 61 63 0
64 67 4 37 70 7 40 9 10 42 12 6 14 43 49 50 17 30 0
65 34 67 68 69 6 39 40 43 12 14 60 52 24 56 59 28 30 0
1 66 35 39 8 9 12 46 15 14 49 17 20 23 24 25 61 0
32 64 35 37 38 71 8 40 43 13 46 18 51 54 25 59 61 63 0
64 34 36 9 41 11 50 19 51 53 54 24 25 58 31 30 63 0
34 68 70 8 42 13 14 17 49 51 55 23 26 29 30 63 0
33 34 26 36 37 6 11 45 13 16 51 22 23 24 58 30 63 0
66 35 68 34 7 8 71 10 40 44 13 43 47 17 50 53 23 31 0
64 1 35 3 4 5 40 10 15 20 53 22 54 56 25 26 63 0
32 3 69 6 39 9 14 47 19 52 22 54 25 59 60 61 62 63 0
5 6 7 12 15 24 26 28 35 40 47 50 51 59 63 64 65 66 67 0
1 65 67 68 5 38 7 44 12 45 16 19 51 21 54 60 29 0
6 8 10 21 22 23 24 34 40 41 44 50 52 58 59 60 61 63 66 0
64 2 56 58 37 38 7 3 9 12 13 19 20 52 24 26 27 63 0
64 65 2 3 4 68 67 7 37 66 1 43 11 17 50 52 22 23 0
64 67 36 5 70 6 27 9 13 46 52 21 53 55 59 61 30 0
1 67 35 37 6 68 11 44 13 14 46 18 19 52 53 23 30 0
1 65 3 4 38 70 8 47 49 19 52 56 24 27 28 62 31 0
32 1 66 68 7 40 43 12 13 46 44 18 26 27 62 63 0
2 67 37 38 7 40 11 12 45 46 48 18 51 21 53 57 60 61 0
32 34 35 69 70 7 37 14 60 48 17 18 51 30 28 29 62 31 0
64 65 2 4 7 41 9 44 28 17 49 53 55 57 58 60 31 0
32 34 66 36 5 69 7 42 43 52 21 22 55 20 56 28 62 31 0
33 3 4 69 9 43 12 16 49 50 21 53 24 25 26 31 0
4 8 10 13 14 17 21 22 24 37 38 41 46 50 57 60 62 63 66 0
32 3 36 43 12 46 48 49 52 53 55 25 26 59 28 31 0
1 34 67 35 6 7 43 15 16 50 29 52 22 55 24 25 26 61 0
65 2 3 4 9 43 12 47 51 19 21 22 23 54 26 61 63 0
33 65 5 8 12 45 13 47 14 51 52 55 23 24 27 28 63 0
32 1 2 3 38 39 40 9 71 10 41 45 13 47 20 52 23 28 0
32 33 36 5 70 9 10 11 13 14 17 19 26 27 60 31 0
64 65 34 35 9 11 12 45 16 49 50 20 54 55 27 60 31 0
1 66 67 68 4 71 42 10 12 43 15 48 51 22 26 27 29 0
3 4 7 12 18 33 38 43 44 49 53 55 60 62 63 64 65 69 71 0
33 2 66 6 7 41 46 47 17 50 51 61 23 25 28 63 57 0
66 3 36 68 35 7 71 40 42 11 13 45 47 18 19 57 59 28 0
33 1 35 5 7 39 11 44 46 14 49 50 22 23 29 30 31 0
1 15 18 22 23 27 31 34 36 38 39 41 45 51 57 62 65 70 71 0
4 10 13 14 17 19 20 26 29 41 49 51 59 60 64 65 67 69 71 0
32 66 67 37 6 38 45 46 47 49 17 51 20 61 31 0
66 67 36 34 7 40 41 11 12 45 50 29 20 21 53 27 61 0
33 34 3 66 69 70 38 40 1 43 48 20 23 57 27 28 63 0
70 40 27 42 45 46 47 48 51 20 21 22 23 24 54 58 59 30 0
68 5 70 8 41 42 11 16 50 20 53 25 58 59 29 63 0
66 35 4 71 11 44 12 13 49 50 51 17 24 27 61 62 31 0
67 68 70 71 15 48 16 49 51 63 22 55 56 25 26 61 24 57 0
33 2 65 36 69 38 70 40 66 8 11 43 15 49 18 52 56 61 0
10 17 20 21 23 25 26 27 30 39 40 52 57 59 60 62 63 67 69 0
65 34 3 36 68 69 35 8 70 14 48 17 19 21 55 29 31 0
1 34 2 4 5 10 43 46 17 49 51 20 22 56 62 63 0
1 2 3 68 70 71 38 11 45 14 46 30 55 57 62 0
64 1 34 35 4 37 6 7 70 36 10 41 2 45 24 29 62 0
32 65 2 68 10 11 43 46 14 48 50 30 55 59 31 62 63 0
1 33 34 69 8 43 12 16 19 30 53 54 23 20 27 60 62 0
66 3 6 71 41 9 11 14 15 17 50 61 53 54 23 29 30 0
2 34 68 69 70 7 8 10 42 11 50 19 51 55 24 57 59 60 0
2 4 5 6 71 70 41 42 8 69 52 54 56 27 60 29 62 0
65 67 5 6 39 11 13 46 14 52 55 54 23 56 63 62 31 0
32 2 35 4 69 5 8 11 15 49 51 20 19 25 59 28 30 0
64 33 66 1 34 71 8 41 42 43 11 44 52 20 54 21 56 23 0
2 66 68 34 69 38 8 9 42 7 14 19 53 21 24 26 61 0
33 66 37 70 45 46 28 49 18 51 23 53 54 55 60 30 0
64 66 2 68 39 71 42 10 44 16 49 52 20 22 54 56 60 31 0
64 3 36 69 70 5 11 13 46 47 20 54 22 56 24 28 63 0
65 1 34 36 4 11 45 31 15 21 22 54 24 25 58 59 60 63 0
4 6 71 40 39 10 8 45 14 47 17 20 21 22 23 25 59 63 0
7 11 12 13 17 19 20 24 31 39 42 46 49 53 58 60 62 63 64 0
2 3 7 8 10 16 24 28 33 36 39 43 47 48 50 52 57 67 70 0
65 3 70 39 43 12 44 11 47 50 53 55 23 25 29 57 0
33 1 36 70 6 71 41 10 12 44 14 50 52 23 24 57 58 63 0
3 4 37 70 71 39 41 67 11 45 46 49 19 22 23 57 62 63 0
32 67 6 39 7 43 11 14 47 15 16 55 23 57 58 29 31 0
32 65 1 3 68 5 35 39 40 9 71 43 47 16 60 29 30 0
1 3 7 9 13 15 16 17 20 21 24 34 37 44 46 49 60 67 71 0
2 67 4 68 38 34 13 48 16 17 18 53 23 56 25 27 29 0
32 2 36 8 43 12 14 47 49 53 22 55 57 59 28 31 0
64 1 33 3 34 65 38 36 39 9 10 45 46 47 49 52 59 60 0
2 35 68 4 38 6 71 10 11 44 47 20 52 23 59 28 61 0
64 1 34 67 4 69 65 39 9 42 44 12 46 18 50 24 26 29 0
2 5 9 13 20 21 25 33 36 39 46 47 48 53 58 60 62 63 69 0
64 65 66 35 6 40 9 11 47 54 30 22 25 28 61 62 31 0
32 65 34 4 68 38 69 27 42 11 15 50 51 20 22 57 59 61 0
41 67 55 0
12 23 0
6 16 51 22 60 0
0
24 60 0
35 6 47 20 55 62 0
8 10 18 63 0
21 62 23 0
17 71 39 0
9 37 0
4 69 6 0
40 13 0
25 21 0
3 46 49 53 63 0
50 36 0
1 10 50 25 0
0
22 0
57 45 0
54 0
34 55 13 7 0
0
44 14 50 22 59 0
35 11 38 0
64 34 19 0
36 21 39 0
44 39 0
20 14 0
8 41 0
12 30 63 0
0
17 4 63 0
8 46 0
36 13 47 0
66 67 5 38 56 0
0
0
8 24 11 65 0
42 0
42 0
45 0
33 0
32 33 26 64 0
59 0
0
47 0
41 5 0
0
41 0
2 11 31 7 0
57 52 0
0
67 0
0
25 31 0
64 49 0
21 22 0
23 0
10 27 29 0
59 0
41 10 44 23 63 0
66 70 39 0
51 4 46 7 0
0
39 0
0
48 58 0
35 37 0
61 6 0
8 0
57 2 69 15 0
66 51 0
43 0
9 36 70 0
62 59 14 0
65 42 63 0
54 63 22 7 0
38 47 48 17 62 30 0
14 0
22 7 0
31 0
48 13 0
11 6 0
0
17 12 21 33 0
17 0
49 0
8 68 0
59 63 0
8 56 21 0
25 66 0
0
17 66 12 28 0
27 55 7 0
25 58 13 0
52 0
19 53 0
17 58 0
43 18 3 20 0
16 67 0
41 50 0
39 0
67 41 13 19 24 0
0
0
27 0
0
58 0
4 4 4 4 4 4 2 3 3 3 4 4 2 4 2 3 3 3 3 3 2 2 2 2 4 4 4 3 4 3 4 4 3 4 2 2 3 2 2 3 3 2 3 3 4 4 4 2 4 2 4 3 4 4 4 3 3 3 2 2 3 2 3 2 2 4 2 4 2 4 2
