192 185 151
98 133 38 106 108 78 15 49 147 83 53 22 150 149 124 0
1 135 73 106 141 142 111 144 48 113 46 116 125 54 93 24 123 61 0
58 104 9 78 16 50 147 82 116 54 120 121 26 91 124 125 126 0
98 26 4 99 42 48 113 119 93 52 55 116 89 90 124 125 95 0
64 129 4 69 68 12 77 14 111 109 44 114 52 55 87 57 123 92 0
130 131 3 70 72 104 74 139 108 77 47 16 112 54 119 24 31 0
7 72 105 135 43 108 76 77 141 146 51 148 125 86 121 60 61 31 0
33 34 38 70 42 107 44 77 140 12 48 51 147 87 123 62 0
128 34 3 5 70 38 41 105 76 108 60 50 148 117 87 121 124 0
90 40 8 43 140 76 108 110 112 79 139 61 84 21 22 122 29 0
97 34 130 3 104 76 13 14 17 82 146 84 52 118 150 56 59 0
1 129 35 67 101 33 72 11 44 14 142 16 113 50 46 118 26 63 0
32 33 1 67 129 69 102 42 143 112 113 114 147 115 87 88 121 0
134 9 12 142 148 32 40 50 52 59 67 72 73 86 91 99 102 124 125 127 0
33 1 97 68 133 103 104 73 138 11 140 13 146 19 83 54 119 57 0
128 129 7 137 42 138 110 142 55 54 23 22 25 58 123 30 0
34 4 102 135 8 105 106 71 76 77 110 85 21 89 58 123 29 95 0
3 100 5 6 107 139 141 140 143 45 142 115 116 119 24 121 27 61 0
98 99 58 69 6 8 11 77 83 21 54 121 26 27 31 93 30 63 0
128 2 134 136 137 10 139 11 13 151 38 42 50 65 77 80 86 96 99 0
66 4 5 134 39 138 108 80 145 49 115 116 86 118 60 94 31 0
65 129 131 37 103 40 138 139 140 19 51 53 118 22 24 121 124 63 0
67 6 38 135 74 109 14 110 49 82 52 53 116 28 95 0
97 130 67 100 5 70 6 2 36 48 114 20 54 22 118 29 63 0
64 1 129 99 100 9 106 77 78 51 116 148 149 19 122 59 94 0
32 97 34 64 68 135 77 46 78 17 18 119 53 22 86 57 60 0
128 133 146 147 20 148 32 45 66 71 82 87 92 96 102 105 115 118 121 0
101 136 105 75 12 76 43 19 115 147 54 56 89 122 28 25 31 0
64 130 99 131 69 38 133 9 137 46 143 18 121 90 28 93 94 0
33 66 3 65 135 104 137 109 49 115 23 151 120 121 123 126 63 0
2 68 132 70 37 58 41 138 109 49 150 55 90 31 62 63 0
66 37 5 75 44 13 14 79 143 107 18 82 21 118 30 24 123 62 0
128 100 132 68 104 8 10 140 110 79 49 84 55 86 30 21 90 94 0
64 129 36 133 7 40 73 9 14 112 81 19 93 149 20 55 125 0
1 99 100 105 78 15 17 49 147 94 53 119 121 28 61 62 0
1 66 98 68 133 70 138 14 112 144 18 84 85 119 90 93 0
128 100 70 8 136 139 140 12 143 16 15 117 55 120 60 29 30 0
1 99 8 9 10 138 11 46 15 80 16 144 150 119 57 58 0
64 32 1 99 65 67 38 40 44 15 113 117 119 121 91 25 31 0
121 130 131 136 137 74 109 141 16 50 82 85 117 151 25 123 95 0
100 69 122 105 12 46 15 48 81 79 16 116 54 24 121 26 127 0
129 34 3 132 6 103 140 14 112 49 81 116 117 22 119 0
64 67 36 5 133 103 108 48 82 51 19 84 18 50 56 120 0
32 33 66 131 134 135 39 9 106 40 44 102 47 143 17 51 55 127 0
131 138 46 49 114 19 20 85 22 147 119 90 59 61 30 127 0
132 135 72 105 74 11 13 109 15 16 144 148 54 23 22 59 0
121 3 99 101 103 71 40 45 109 50 52 85 150 86 23 89 93 61 0
128 32 5 102 7 40 106 28 142 141 82 22 88 58 60 61 127 0
101 38 7 136 41 104 72 140 13 44 15 48 114 147 20 18 54 31 0
37 70 7 73 106 141 110 45 115 51 55 86 87 60 125 95 0
1 9 18 21 150 36 48 52 56 60 63 74 79 85 90 92 112 120 126 0
130 39 104 41 105 7 135 141 28 113 116 93 118 120 122 124 29 0
129 98 100 68 6 71 40 9 138 105 18 146 83 117 116 57 94 0
64 1 98 3 65 70 136 76 77 45 44 22 119 56 59 30 31 0
128 97 96 36 100 37 101 134 12 76 111 81 51 53 117 119 56 22 0
128 129 36 5 39 103 137 75 77 143 48 113 148 22 87 95 127 0
98 130 100 6 104 41 138 11 108 73 43 111 144 49 18 149 26 0
64 101 134 102 136 27 104 109 141 115 93 147 149 119 91 61 62 0
96 132 101 38 43 142 46 49 82 19 119 23 151 24 60 61 30 0
65 66 9 138 139 15 17 50 82 84 85 88 26 28 95 127 0
67 58 134 38 107 142 80 146 115 84 118 150 24 57 90 93 30 31 0
96 68 7 137 107 140 141 76 92 147 148 53 23 120 28 61 127 0
33 99 133 138 43 111 48 143 79 61 84 117 23 120 90 28 29 0
65 97 35 101 6 37 104 109 14 112 115 51 86 25 63 126 95 0
3 6 40 11 140 75 92 49 19 51 151 62 57 60 125 94 0
33 66 38 104 8 12 77 140 109 17 148 86 120 58 27 61 30 127 0
68 101 133 71 105 138 42 140 13 106 18 85 151 88 94 122 30 0
128 66 131 132 69 133 43 76 77 45 111 78 148 22 87 120 93 0
97 129 7 106 107 12 45 14 78 80 43 108 46 85 55 91 62 0
2 66 100 101 35 40 10 107 11 42 14 142 145 50 56 60 0
33 135 10 107 140 60 79 47 81 18 147 83 119 120 26 124 125 0
33 1 37 6 8 41 42 77 78 143 82 20 53 85 87 93 125 126 0
64 97 70 71 139 44 12 14 81 113 148 21 22 84 86 91 126 0
129 130 34 102 39 105 78 110 81 51 93 20 22 55 27 29 63 0
18 20 23 41 56 58 59 70 76 81 86 93 96 105 106 114 116 124 125 0
128 98 67 3 134 139 109 78 15 60 145 55 86 150 120 92 0
96 33 36 39 104 74 42 113 146 94 151 118 25 87 121 149 53 126 0
32 129 96 131 72 40 140 45 12 141 50 82 53 23 90 124 29 126 0
65 5 133 27 40 74 77 142 113 51 149 23 25 59 29 95 0
36 133 69 38 136 108 140 110 46 80 81 83 119 24 59 28 126 127 0
65 98 7 104 73 10 8 14 47 17 50 115 20 116 94 62 0
33 130 68 74 43 76 60 144 80 82 83 86 119 151 56 31 62 63 0
128 1 3 36 71 72 73 75 143 80 47 115 21 22 85 120 56 59 0
128 32 66 70 72 109 57 111 15 146 52 84 118 149 89 28 30 63 0
128 134 137 19 20 21 24 32 41 42 48 54 57 63 73 80 90 92 112 121 0
96 97 98 5 7 40 8 14 114 18 87 120 121 122 27 29 94 0
65 132 68 106 75 109 16 112 20 21 25 87 85 94 60 126 0
89 97 131 71 104 103 138 140 13 108 81 113 148 118 54 25 58 125 0
32 2 99 101 134 41 75 108 46 48 145 81 147 18 27 28 31 0
128 32 34 67 100 131 38 9 10 107 12 141 14 113 116 123 0
64 4 69 73 76 108 112 81 50 82 55 22 87 120 125 30 31 0
67 3 101 38 4 8 134 141 15 48 17 146 79 20 21 116 63 0
96 128 66 101 71 40 10 12 17 50 147 19 20 122 124 29 94 95 0
64 128 130 26 100 69 122 58 74 75 77 78 79 109 86 90 27 0
33 3 132 4 102 135 104 137 42 107 12 10 46 19 52 121 95 0
129 66 2 130 37 38 138 11 75 42 140 18 95 59 92 30 127 0
128 35 70 6 8 137 136 134 44 43 14 79 49 84 118 151 88 0
97 67 68 5 39 75 11 141 78 45 77 144 14 19 52 84 25 94 0
1 6 102 105 45 14 46 16 113 82 51 84 148 47 78 117 28 0
98 34 136 41 42 10 140 44 14 16 18 115 20 53 55 62 0
34 35 100 130 69 137 73 138 140 15 48 52 118 22 54 121 92 0
98 5 102 71 38 105 6 107 13 111 81 18 51 82 58 27 0
129 4 15 28 31 33 43 45 48 53 57 63 68 77 91 102 104 106 110 127 0
130 99 5 101 103 104 71 139 12 76 110 150 118 86 25 59 92 0
36 69 71 104 41 72 44 45 77 47 82 52 85 53 56 90 94 95 0
130 34 68 131 99 8 105 46 110 145 147 116 148 53 59 124 63 0
32 33 98 4 69 103 104 42 75 12 79 83 19 86 151 26 93 0
36 71 135 107 45 112 145 82 51 80 53 149 17 59 125 94 0
32 129 98 131 97 69 134 122 40 45 16 50 150 120 58 123 28 63 0
32 98 3 42 140 76 16 49 21 22 119 151 86 53 124 62 63 0
1 131 41 74 105 77 15 119 21 54 87 88 122 27 93 95 0
32 99 133 101 39 104 72 43 108 47 79 85 87 55 24 86 58 94 0
33 35 38 137 74 76 140 13 47 111 112 141 116 22 120 121 30 0
128 1 38 70 72 41 8 45 145 114 17 93 88 27 29 62 63 0
32 130 133 38 135 139 108 14 142 145 87 88 58 31 61 126 95 0
128 131 132 101 102 7 6 42 143 17 114 50 115 24 89 26 91 95 0
1 99 100 4 69 71 103 105 106 70 45 81 114 115 145 119 95 0
66 5 135 104 10 45 14 79 18 115 147 118 87 150 86 27 94 0
129 5 134 138 13 144 19 23 32 37 44 52 70 74 86 89 104 112 126 127 0
34 35 99 103 71 137 40 15 80 113 146 50 22 151 121 124 0
64 129 128 5 38 135 69 138 76 108 46 14 112 51 149 54 24 0
65 131 99 35 88 106 139 46 20 117 21 87 55 151 123 60 95 0
130 141 25 33 37 42 45 48 72 76 79 86 94 97 105 108 121 124 127 0
2 135 41 120 78 47 110 145 142 147 117 54 87 149 28 95 0
133 134 27 73 138 16 114 51 23 125 119 151 120 146 90 123 93 0
35 4 69 67 39 102 105 74 111 16 145 112 147 118 87 62 127 0
128 129 130 8 11 18 146 30 32 45 46 49 56 63 64 68 75 102 107 123 0
97 98 99 58 101 90 5 132 41 107 44 144 51 117 149 26 28 0
33 3 99 69 102 68 72 108 77 12 79 144 81 149 22 120 91 124 0
129 2 37 71 136 75 44 142 15 116 148 22 84 151 123 93 94 63 0
129 97 99 67 104 106 11 10 109 141 80 49 51 22 122 92 31 0
65 130 35 37 134 71 141 47 82 116 21 151 25 58 92 95 0
102 39 72 106 42 74 110 47 111 17 15 53 118 87 85 121 58 0
70 72 45 78 13 48 16 144 83 20 53 86 87 120 24 26 29 0
33 66 132 40 72 107 12 141 143 16 84 149 30 121 60 94 0
96 2 131 132 38 8 75 140 12 79 16 80 146 19 148 52 111 0
12 25 36 38 50 56 58 68 73 77 85 87 90 91 97 110 117 124 127 0
99 101 37 135 71 104 106 75 76 45 43 145 113 51 147 21 0
131 101 71 39 135 105 107 15 80 79 51 88 59 124 61 94 0
130 37 90 139 11 14 111 60 146 147 149 86 151 25 122 28 94 0
130 67 131 37 90 71 134 9 75 12 107 17 55 26 92 63 0
35 101 90 137 106 10 108 28 78 47 46 19 116 122 91 60 0
97 66 130 101 40 106 109 78 111 49 115 116 150 25 28 30 0
10 11 16 37 38 45 46 54 68 71 74 89 97 99 104 111 114 123 125 0
37 6 135 5 73 12 13 108 76 144 148 116 23 87 27 60 0
98 35 132 67 10 74 141 45 13 48 142 52 149 117 121 58 27 63 0
99 132 101 8 41 11 13 78 47 48 113 80 81 147 21 22 86 120 0
64 33 66 131 98 136 42 108 111 20 116 54 118 87 94 26 62 0
3 99 132 134 69 104 41 107 140 110 144 147 148 86 151 56 121 0
36 132 38 135 70 71 106 74 77 45 111 48 81 117 59 60 127 0
98 100 5 134 136 105 42 9 106 43 142 15 16 140 82 88 126 63 0
33 3 35 133 90 103 73 41 140 78 145 119 84 23 58 126 0
1 33 36 5 6 104 42 138 109 49 114 85 150 119 122 94 0
96 100 101 133 7 8 69 109 78 143 148 21 54 118 121 26 60 126 0
1 121 4 100 39 71 42 108 77 81 83 53 23 120 57 123 125 30 0
64 97 3 69 38 39 7 135 43 44 76 111 112 83 58 30 0
67 100 37 102 105 106 45 14 142 124 15 83 93 151 121 92 29 62 0
2 34 100 133 136 73 105 15 112 145 50 51 83 149 150 24 59 0
13 20 21 150 32 33 35 36 42 50 58 69 71 90 91 96 106 120 124 0
128 65 98 66 100 72 138 42 44 91 10 144 51 148 20 27 0
89 34 35 2 6 122 136 13 110 124 114 148 87 121 58 60 29 0
128 64 2 131 68 69 99 102 37 9 74 75 59 43 118 56 91 31 0
96 33 2 99 5 39 104 41 107 48 50 19 116 147 83 123 0
32 98 37 6 105 10 14 47 80 81 82 51 53 94 28 30 0
96 32 131 100 70 72 142 143 145 114 51 115 22 119 150 126 31 0
39 40 73 41 103 109 81 17 19 145 147 148 57 27 94 127 0
66 132 37 43 45 77 144 81 83 116 149 86 117 26 27 30 95 0
101 70 71 39 41 42 106 140 45 44 47 84 85 54 55 149 89 56 0
99 100 138 107 13 14 79 110 78 18 147 52 21 19 120 27 125 0
132 38 136 72 104 47 112 92 50 19 119 23 88 26 91 124 30 0
89 129 121 4 5 7 43 45 143 47 113 18 30 88 25 27 61 94 0
64 97 101 8 9 10 139 76 141 78 15 47 107 12 116 23 126 0
129 67 100 133 134 71 40 105 106 47 111 82 83 20 18 89 28 0
33 3 68 69 103 15 18 51 19 149 53 150 27 29 62 95 0
65 134 39 41 10 75 47 145 83 148 116 150 22 55 27 0
96 131 4 133 100 71 8 35 76 109 142 55 54 118 24 60 31 0
99 5 103 135 8 42 107 78 143 145 18 115 21 62 123 94 0
89 1 132 41 10 43 46 47 82 84 118 55 151 25 26 91 125 24 0
96 34 67 3 102 8 104 10 138 142 47 18 53 150 121 93 94 0
33 2 34 103 135 41 106 9 39 141 108 13 48 82 21 119 125 0
129 131 4 68 69 5 90 44 140 143 80 48 50 51 116 55 58 27 0
129 34 33 130 73 137 44 141 79 145 82 51 52 17 58 61 94 0
96 1 65 35 68 69 70 74 42 139 141 14 79 16 112 114 52 124 0
66 67 36 134 103 10 42 74 15 19 52 30 57 90 125 62 0
100 133 71 39 41 11 141 142 143 144 81 52 22 90 60 62 31 0
131 140 142 143 81 17 54 28 0
128 3 103 138 143 83 86 118 29 127 0
136 16 112 146 87 0
100 6 107 44 76 140 142 124 57 28 29 0
34 39 136 7 49 146 0
32 128 131 4 71 72 104 137 125 62 0
32 65 102 39 95 126 94 63 0
129 10 76 13 14 20 88 25 0
97 44 81 49 20 148 25 93 0
1 70 13 20 148 121 28 94 0
34 68 6 20 21 119 29 0
64 34 3 109 141 111 143 144 145 25 125 126 127 0
2 34 4 133 73 12 142 17 49 25 28 29 0
131 4 102 7 78 116 54 94 0
32 105 61 14 0
4 38 102 138 45 144 54 25 122 61 94 63 0
72 74 143 82 86 91 60 0
64 130 58 137 139 45 109 110 142 119 26 28 0
102 9 142 17 22 123 29 127 0
104 13 20 91 28 0
128 104 74 109 77 78 0
145 66 95 0
121 76 142 0
131 100 136 74 141 19 148 54 55 86 58 0
32 6 137 43 46 144 92 0
32 33 64 71 103 73 10 43 114 83 29 0
33 74 44 110 142 52 95 0
32 3 7 74 107 142 145 18 21 60 62 0
5 7 8 72 138 75 13 77 48 18 59 0
37 103 137 141 143 144 148 55 123 28 125 0
70 98 54 138 0
66 98 131 12 13 143 19 93 150 29 95 0
97 3 37 42 88 0
133 141 14 145 20 53 86 24 121 95 0
65 34 101 40 41 74 80 62 0
70 40 142 143 82 114 20 115 54 150 0
98 103 105 106 107 138 125 0
128 65 130 41 42 0
54 0
130 68 101 40 10 138 76 116 60 0
73 110 142 116 25 127 95 0
3 5 70 102 103 9 105 134 80 147 123 95 0
32 67 36 104 74 50 85 0
32 37 39 144 148 150 124 126 0
42 12 45 140 143 115 85 118 28 0
97 34 67 105 75 139 78 142 28 125 62 127 0
33 67 68 40 72 107 47 59 0
67 68 100 132 42 140 46 18 0
138 11 81 60 95 0
65 4 133 72 73 137 78 79 116 85 0
66 39 105 138 86 88 0
97 74 44 0
67 38 9 10 137 145 116 0
69 122 105 42 138 139 109 92 144 145 58 60 0
97 70 6 41 137 138 12 14 114 147 0
4 72 105 76 47 19 121 29 127 0
1 97 99 129 40 107 148 151 126 63 0
72 74 128 54 0
131 36 136 138 76 13 14 141 119 89 0
99 9 53 90 126 0
1 101 102 7 73 42 89 29 0
102 47 143 17 82 113 87 58 62 0
32 128 7 81 148 91 0
133 76 110 46 144 17 151 56 0
66 68 136 105 10 74 12 44 78 52 119 56 61 0
38 105 81 85 87 88 0
2 131 20 54 150 123 0
129 4 71 72 42 151 0
96 101 104 143 83 63 0
1 40 136 137 43 82 147 122 59 0
128 97 67 68 7 47 17 84 0
133 39 40 41 107 44 147 58 0
99 35 7 72 138 144 0
33 8 136 42 43 150 31 0
136 3 117 0
34 133 102 107 44 55 87 61 0
129 3 38 74 12 44 47 18 54 124 0
67 99 133 42 142 17 21 59 0
130 3 105 137 43 76 109 14 82 20 150 25 93 126 0
132 101 9 114 85 94 127 0
27 81 3 0
33 3 44 76 80 53 88 124 127 0
41 47 49 116 122 63 0
64 128 70 73 76 140 141 17 52 119 25 94 0
69 135 136 105 76 81 91 94 0
1 97 5 103 105 76 0
97 42 44 46 110 116 86 95 0
82 147 117 54 26 125 30 127 0
34 70 74 12 29 94 0
34 131 68 8 42 150 29 95 0
67 38 135 8 136 12 78 145 18 82 21 55 27 60 94 0
64 133 48 60 29 0
36 6 72 110 124 50 121 60 62 0
39 40 43 143 114 83 20 147 119 122 127 0
101 9 12 141 49 150 126 127 62 31 0
144 145 114 150 87 90 63 0
32 4 5 74 140 142 92 0
101 135 108 18 115 20 0
104 109 17 119 60 0
48 3 85 142 0
88 41 98 0
32 103 75 139 113 82 20 54 86 61 0
18 20 34 0
98 68 71 135 105 74 136 45 46 144 49 121 0
32 128 34 78 20 0
25 44 141 78 0
3 131 133 74 13 47 51 0
64 139 141 14 122 0
101 71 135 10 11 109 47 17 115 94 0
102 7 40 114 30 31 0
2 3 5 0
34 138 140 45 146 86 24 26 123 92 0
34 131 4 37 102 105 137 11 46 47 124 82 147 85 60 0
3 68 131 71 103 10 107 138 83 124 0
128 134 139 140 143 89 27 25 0
70 107 143 119 85 23 124 94 127 0
129 109 78 60 87 88 28 30 95 0
64 40 41 76 46 47 142 145 119 86 55 121 26 28 0
128 39 72 105 45 77 110 144 113 22 94 31 0
132 70 40 142 111 29 94 0
65 107 78 80 81 148 95 0
2 139 81 52 54 88 62 95 0
1 76 109 111 124 63 0
101 135 107 150 28 0
97 4 70 8 72 44 13 109 143 144 83 88 0
65 97 103 74 44 110 53 54 25 61 127 0
64 131 78 144 145 148 86 91 0
97 67 135 8 10 82 87 25 59 94 0
71 13 110 46 63 0
1 86 70 71 0
99 102 7 72 107 53 150 87 29 126 63 0
32 121 67 131 7 136 12 82 25 0
81 26 147 60 0
34 37 103 109 83 20 85 118 125 0
64 67 75 81 50 82 93 29 0
98 39 136 138 78 0
128 101 70 73 15 143 85 89 61 0
20 85 142 0
67 12 84 148 59 126 0
32 131 72 75 20 53 119 0
128 36 6 74 14 83 53 55 0
130 41 80 82 23 55 126 0
24 1 91 97 0
101 136 73 43 109 46 82 116 21 0
64 9 41 147 56 29 0
40 44 0
97 59 13 150 122 123 0
72 41 143 87 88 25 0
64 135 72 39 137 107 0
129 68 37 73 146 119 117 95 59 94 31 0
1 33 97 70 135 109 20 119 88 95 0
131 7 76 113 145 20 85 149 29 0
6 7 9 43 75 139 51 53 0
146 141 0
34 131 36 68 103 76 140 47 115 86 89 0
39 138 107 119 27 0
33 5 101 7 141 14 18 82 86 88 92 63 0
128 1 66 98 130 39 7 72 10 59 126 127 0
34 101 9 107 12 0
101 104 136 13 29 126 63 0
3 44 141 83 147 85 119 88 124 125 31 0
64 107 48 119 120 61 127 0
33 97 37 137 47 49 62 0
32 107 78 85 56 93 0
65 5 133 39 41 137 12 110 83 124 0
97 123 49 82 86 91 63 0
64 133 9 42 105 76 14 142 144 55 122 0
2 105 137 138 15 53 0
36 72 44 47 117 86 55 26 124 61 126 63 0
25 34 139 62 0
131 104 75 141 15 94 0
148 55 88 123 31 0
14 80 49 54 150 61 127 0
128 97 41 139 143 88 127 0
105 137 141 110 14 82 59 0
33 99 68 135 9 42 105 12 76 77 47 48 54 86 87 61 0
34 66 99 9 119 87 88 89 0
128 1 98 38 74 144 83 147 88 123 29 31 0
96 98 131 36 102 138 111 61 117 86 93 95 0
128 67 100 110 47 125 0
34 3 101 39 137 147 116 0
64 131 135 9 137 13 80 51 116 59 92 0
106 47 0
2 3 133 102 41 74 92 53 121 28 95 63 0
67 102 55 0
42 124 150 0
39 103 12 13 17 85 22 62 0
82 139 87 0
72 121 2 61 0
85 37 0
33 66 5 134 39 76 144 148 55 91 124 125 62 95 0
64 37 52 148 25 0
3 4 4 2 3 4 4 3 3 4 2 4 2 4 4 4 3 3 3 2 2 4 4 2 4 4 4 3 3 4 2 2 2 4 4 3 4 4 4 4 3 4 3 2 2 2 2 4 4 3 4 2 4 4 4 2 3 3 3 4 4 4 2 4 4 3 4 2 3 4 4 4 2 3 4 4 2 4 3 3 3 4 4 4 3 2 4 4 2 3 3 2 2 3 3 2 2 4 3 2 2 2 4 3 3 4 4 2 4 4 3 3 4 3 3 4 2 2 4 3 2 4 2 2 2 2 2 2 2 3 4 4 4 3 4 2 4 4 2 2 3 2 3 3 4 3 4 3 3 4 3
