120 80 32
32 1 4 5 6 9 10 14 16 20 23 24 26 27 29 0
32 1 8 9 11 12 13 14 17 18 19 20 22 23 29 0
32 2 4 8 10 11 17 18 19 20 21 27 28 29 31 0
32 2 4 6 11 12 13 19 22 24 26 27 29 30 31 0
3 4 10 13 14 16 18 19 20 21 22 23 24 25 28 0
32 1 3 5 10 12 16 18 21 22 23 25 26 28 31 0
32 2 3 4 5 8 16 18 21 25 26 27 29 30 31 0
3 5 6 8 10 11 12 14 15 16 19 23 24 29 31 0
1 2 4 7 9 10 12 13 16 17 21 22 23 26 29 0
1 2 3 4 5 7 10 11 14 17 18 22 24 30 31 0
1 3 5 6 9 15 16 17 18 21 24 26 29 30 31 0
3 4 5 9 10 11 12 13 18 21 22 23 26 27 30 0
3 4 5 6 11 12 13 16 20 22 23 25 27 28 31 0
2 3 6 8 15 19 20 21 22 23 24 28 29 30 31 0
4 5 7 10 12 13 15 16 17 18 20 23 24 28 31 0
32 1 4 6 9 10 12 13 15 18 19 20 22 28 29 0
2 4 5 6 8 9 13 16 20 21 24 25 27 28 30 0
32 1 2 5 13 15 18 19 20 21 22 25 28 29 30 0
1 11 12 13 14 16 20 21 22 23 24 26 27 30 31 0
3 5 6 8 11 12 13 14 15 16 18 19 23 24 26 0
4 5 6 9 10 14 16 19 21 22 24 26 28 30 31 0
1 2 4 5 6 8 11 13 16 20 21 25 26 29 30 0
5 6 8 11 12 13 14 18 19 21 22 24 25 27 29 0
32 1 2 5 11 12 17 20 21 22 23 25 26 27 30 0
1 5 9 10 11 12 14 15 17 18 19 20 26 28 31 0
32 3 4 5 6 9 11 12 13 20 21 23 25 27 30 0
2 3 5 7 8 11 12 17 20 24 25 27 28 29 30 0
1 3 4 8 9 10 12 15 21 23 24 25 26 29 31 0
32 2 3 9 10 11 12 15 16 18 19 25 26 27 30 0
32 1 2 5 6 7 9 13 15 16 20 23 26 27 28 0
3 4 5 8 9 11 12 15 17 18 20 22 29 30 31 0
1 4 5 7 8 9 13 14 18 22 23 24 25 28 31 0
32 2 3 6 10 11 15 16 18 19 20 21 23 26 29 0
32 1 4 8 9 14 15 16 18 20 21 22 24 30 31 0
2 3 6 8 9 10 11 12 13 15 19 20 21 27 28 0
32 2 4 5 7 8 11 14 15 20 22 23 25 28 29 0
32 5 7 12 13 14 15 16 19 20 25 26 28 30 31 0
1 2 3 8 10 11 13 17 18 19 20 22 26 27 30 0
32 1 4 5 9 11 12 13 17 18 19 21 25 29 30 0
32 1 3 6 7 10 12 16 17 18 19 20 23 24 27 0
32 3 5 6 7 10 11 12 18 19 20 21 24 30 31 0
32 1 2 4 5 6 10 15 16 17 19 23 25 29 30 0
1 4 5 9 10 16 17 19 21 24 25 27 29 30 31 0
2 6 8 10 13 16 18 19 20 23 24 25 26 27 31 0
32 1 3 12 13 14 20 21 22 23 24 25 26 27 29 0
32 1 2 4 6 7 8 14 15 16 17 19 21 24 30 0
32 1 3 5 8 9 10 12 13 18 24 26 28 29 30 0
1 2 5 6 8 11 12 13 16 19 21 22 27 29 30 0
32 1 4 6 7 10 12 13 17 20 22 23 26 29 31 0
1 6 8 9 10 12 13 15 21 22 23 25 28 29 31 0
2 3 4 5 8 9 11 16 18 19 20 22 25 27 29 0
32 2 3 10 11 16 17 18 19 21 26 27 28 29 31 0
32 1 2 7 9 10 12 15 17 19 23 25 27 29 30 0
32 1 4 5 6 7 9 10 11 12 21 22 24 29 31 0
1 3 5 6 10 13 14 17 18 20 21 23 27 28 31 0
1 2 3 6 7 8 11 13 15 16 19 20 26 28 31 0
32 4 5 6 7 9 10 15 16 17 19 22 26 29 30 0
1 2 4 6 7 9 10 12 13 16 19 21 23 27 31 0
32 2 3 5 7 10 12 13 15 17 18 23 26 27 28 0
1 5 6 7 8 10 11 12 15 17 20 21 26 30 31 0
32 5 7 8 9 10 11 12 14 15 18 20 22 23 27 0
2 3 7 8 10 13 14 15 16 17 22 27 28 29 30 0
32 4 6 8 9 10 12 13 16 17 21 23 25 29 31 0
32 1 2 3 6 9 10 12 15 24 25 26 27 29 30 0
32 1 2 4 5 8 9 12 13 16 20 23 25 28 29 0
4 5 9 11 12 13 15 16 17 18 22 24 25 29 31 0
2 4 6 7 8 13 14 15 16 19 21 22 24 26 30 0
1 3 9 10 14 16 17 18 20 22 23 25 26 30 31 0
32 5 6 9 10 12 17 19 21 22 23 26 27 29 31 0
1 2 5 6 8 9 11 13 15 19 21 22 27 29 31 0
2 5 7 8 9 11 12 15 19 20 21 22 25 29 30 0
1 2 3 4 8 10 12 15 17 22 24 25 26 28 29 0
32 1 2 9 10 13 14 15 17 22 23 28 29 30 31 0
32 1 4 5 7 8 10 13 15 20 21 22 26 27 31 0
32 2 7 9 10 11 14 17 18 19 20 21 23 28 29 0
32 1 5 10 12 14 17 19 20 21 24 25 26 29 31 0
32 3 4 6 8 9 12 17 18 19 20 23 27 28 30 0
1 2 3 4 7 10 12 13 14 16 21 22 23 24 27 0
2 3 5 8 9 10 12 13 15 16 17 25 27 28 31 0
5 6 9 10 11 12 15 17 18 20 22 23 25 26 27 0
8 12 22 0
0
22 0
17 13 0
8 19 22 0
0
28 31 0
24 18 28 29 0
11 29 3 5 0
0
19 0
9 29 0
10 11 0
26 28 0
15 18 22 23 24 25 28 0
0
0
0
2 0
11 29 0
1 21 0
12 6 7 0
25 31 30 23 0
7 0
24 10 6 0
26 28 0
29 0
0
25 18 12 0
24 0
26 3 6 0
1 3 0
19 0
0
17 3 23 7 0
18 31 0
15 0
8 26 0
26 0
32 0
0
28 7 0
0
0
12 22 0
10 26 6 0
0
9 0
28 0
0
10 3 12 0
10 0
9 0
0
19 28 0
0
3 5 0
9 0
7 0
0
10 18 15 7 0
26 4 0
3 22 0
26 12 7 0
18 7 0
17 31 0
6 0
19 11 0
10 23 7 0
19 21 0
19 3 0
13 0
11 0
1 0
8 17 27 0
17 25 0
8 25 18 28 0
1 2 3 9 24 27 0
29 0
28 0
1 0
0
24 29 21 6 0
0
24 20 0
7 9 12 19 27 0
16 18 6 22 0
14 22 0
9 11 6 0
3 21 6 0
8 11 15 18 26 0
10 12 31 0
1 0
0
10 13 6 0
32 0
26 0
0
0
21 22 15 0
29 23 0
17 30 0
16 25 23 0
18 21 15 0
1 0
23 0
3 12 0
12 22 23 0
24 27 29 0
0
26 0
17 10 27 0
0
8 29 22 0
17 0
0
11 19 3 29 0
28 0
24 29 0
8 0
3 3 2 4 3 2 2 4 3 2 2 3 3 2 4 2 2 3 4 3 3 2 3 2 2 2 2 4 3 2 2 4
