300 200 80
5 72 10 13 17 18 51 20 19 21 26 59 31 61 63 0
32 3 36 39 8 72 10 75 14 48 49 18 56 58 27 0
33 65 34 36 67 40 74 75 14 46 16 18 53 22 21 0
3 36 71 39 43 75 11 47 17 23 21 30 61 62 63 0
1 3 36 69 68 4 6 12 17 53 22 25 59 60 62 0
32 34 3 71 8 73 10 9 44 76 79 80 23 58 63 0
32 2 4 5 38 8 73 9 13 45 18 53 54 25 63 0
64 65 1 36 5 69 72 45 28 16 18 56 57 31 63 0
33 70 39 42 13 77 60 80 49 48 20 52 55 28 62 0
64 1 33 73 10 75 11 43 45 47 76 50 18 20 19 0
64 33 35 69 5 39 71 9 12 45 46 50 52 23 26 0
64 65 3 68 37 5 75 76 44 79 22 55 56 24 59 0
67 68 41 10 11 76 42 46 22 55 25 26 28 63 31 0
64 67 36 68 38 39 41 42 14 18 50 21 58 60 29 0
66 68 70 7 40 9 10 13 49 50 20 23 56 25 61 0
66 35 34 69 5 71 73 75 76 78 80 16 54 23 59 0
1 2 35 34 36 69 41 15 16 17 53 21 23 25 31 0
1 5 40 9 41 11 76 45 44 47 51 52 21 58 63 0
64 33 68 5 38 39 6 73 47 15 19 61 57 28 29 0
64 33 2 67 5 70 40 41 42 76 49 53 26 27 29 0
1 7 71 41 77 78 79 48 17 49 23 55 59 28 63 0
64 1 34 2 68 4 7 72 44 14 80 49 51 22 23 0
64 1 67 58 69 73 10 45 78 47 48 17 52 26 63 0
67 4 5 6 3 39 10 78 15 48 19 24 58 27 28 0
32 1 35 72 9 73 13 77 15 18 52 54 26 29 62 0
33 34 67 35 69 37 65 42 45 20 57 58 27 62 31 0
67 38 71 40 41 74 44 12 78 80 19 24 58 28 62 0
67 36 6 41 73 13 46 78 80 48 45 20 54 57 61 0
32 1 2 67 34 6 72 73 9 75 43 47 17 53 60 0
1 35 36 6 7 70 9 75 12 76 15 17 55 25 30 0
64 33 32 35 7 8 9 73 13 46 48 22 23 24 57 0
36 6 40 41 10 12 45 79 50 55 24 26 60 61 30 0
3 4 70 39 10 75 44 15 52 23 56 27 60 62 31 0
65 34 36 69 38 6 43 44 76 14 78 15 46 54 23 0
33 68 69 40 43 12 76 14 18 51 21 54 25 27 30 0
32 3 35 37 70 6 72 14 47 48 20 52 57 59 62 0
36 4 38 39 71 77 15 17 19 22 23 57 26 28 62 0
65 66 38 73 74 10 41 45 14 42 80 21 56 27 62 0
1 34 4 70 40 8 12 77 48 49 20 53 25 29 31 0
32 2 26 69 6 5 43 45 14 47 15 28 52 58 60 0
33 65 34 4 68 8 10 75 12 77 17 29 23 61 62 0
65 35 7 40 48 49 50 19 23 21 22 54 55 57 58 0
64 36 5 4 39 8 72 15 80 51 20 23 57 58 63 0
35 72 9 74 42 27 14 52 53 23 56 57 58 59 29 0
64 65 37 70 71 9 10 76 13 48 52 56 24 60 30 0
32 33 2 36 69 72 74 47 48 15 50 52 54 26 28 0
3 70 72 74 75 12 45 76 42 48 11 78 20 59 29 0
32 1 34 35 4 5 37 68 74 11 44 50 56 57 31 0
32 2 3 69 71 72 73 42 76 44 16 49 23 56 29 0
1 36 6 40 73 10 9 14 16 17 53 25 26 29 31 0
33 34 36 37 69 39 11 44 13 76 15 75 12 56 30 0
32 34 4 37 69 40 74 43 44 10 78 54 23 26 62 0
64 37 69 71 41 73 11 76 48 17 16 51 55 60 61 0
33 65 3 70 9 41 44 77 78 14 13 52 53 57 29 0
64 68 8 40 12 77 46 47 16 13 23 52 55 56 60 0
32 65 2 4 38 7 8 76 14 78 49 18 24 25 63 0
32 33 6 40 8 42 78 47 80 48 16 22 23 60 62 0
32 39 73 77 47 79 18 51 55 24 57 58 27 60 25 0
64 34 5 71 41 42 75 15 16 48 52 53 56 30 31 0
32 4 69 72 40 43 14 17 51 54 23 56 26 28 30 0
1 2 4 38 40 11 77 45 80 48 17 53 24 28 63 0
32 1 33 35 68 6 9 10 43 44 12 16 49 27 29 0
33 67 6 10 12 45 14 47 16 80 50 22 55 57 27 0
1 34 2 71 7 39 75 43 77 11 79 19 23 56 31 0
5 40 75 44 43 13 17 50 29 52 24 27 28 61 62 0
32 33 68 36 5 7 40 69 74 12 77 14 20 57 26 0
32 35 36 8 73 42 12 44 49 22 23 24 26 30 31 0
35 36 67 39 9 10 11 73 28 46 30 54 23 60 62 0
33 2 35 70 9 11 12 44 45 79 48 49 50 53 59 0
35 68 5 6 74 75 12 77 47 48 49 50 20 21 24 0
37 5 72 41 74 40 11 15 16 79 18 19 55 57 25 0
1 2 70 6 42 74 12 78 47 14 16 29 51 58 61 0
1 70 39 72 8 76 46 15 48 50 52 53 22 24 29 0
32 65 4 72 9 10 14 17 18 19 54 25 58 28 31 0
2 5 70 8 41 42 75 12 49 50 19 22 27 60 30 0
1 34 4 70 13 15 19 52 53 61 23 57 28 29 31 0
2 39 73 76 47 15 79 49 51 21 22 56 57 25 63 0
64 2 67 6 71 8 74 43 77 78 46 49 23 26 30 0
64 3 69 38 42 11 12 77 46 15 48 20 56 58 27 0
65 66 34 36 71 41 42 73 44 14 50 57 59 29 31 0
1 34 3 4 68 67 39 41 45 13 54 23 24 28 31 0
32 2 3 8 42 74 78 15 17 50 56 25 26 29 63 0
2 5 69 71 72 40 10 75 13 79 80 52 53 60 30 0
68 37 38 39 69 74 10 12 13 76 15 21 23 27 63 0
32 65 35 68 37 36 71 40 9 69 3 76 19 24 60 0
64 1 33 38 72 10 43 45 46 29 52 54 26 28 61 0
64 2 70 39 9 12 15 48 23 22 55 54 61 30 63 0
64 32 67 68 72 40 27 11 44 15 16 19 22 58 59 0
2 35 67 3 38 70 41 74 42 17 20 22 30 61 62 0
66 67 3 7 71 74 11 28 14 79 47 19 52 60 31 0
32 65 69 70 39 10 75 12 74 15 16 29 54 24 61 0
2 3 68 5 37 4 9 74 76 77 14 49 22 24 58 0
1 66 35 69 40 12 77 48 19 51 53 55 26 28 31 0
64 1 3 69 5 38 37 43 12 17 18 22 23 56 31 0
32 1 2 4 5 36 39 8 45 28 80 50 21 24 60 0
1 75 77 13 15 48 17 18 79 52 23 24 25 59 28 0
32 2 67 35 73 11 12 46 29 54 22 56 26 28 61 0
2 66 67 35 27 41 10 16 49 21 23 25 59 60 30 0
64 66 56 36 75 78 46 49 19 55 53 23 24 58 59 0
33 2 35 37 38 7 39 42 43 14 80 50 54 58 60 0
4 38 8 59 10 14 47 16 49 19 53 24 26 27 30 0
33 34 67 36 69 7 8 74 75 13 78 46 16 22 30 0
34 67 36 68 6 72 73 42 75 10 13 49 19 28 63 0
2 35 68 36 5 66 37 41 12 15 21 54 25 58 57 0
34 4 37 38 42 12 49 29 20 23 55 25 27 28 61 0
65 66 3 38 71 72 12 14 80 54 55 56 58 28 62 0
3 36 39 72 43 13 15 80 48 16 50 22 24 58 28 0
26 68 36 70 5 43 11 80 48 50 53 23 57 58 27 0
64 2 69 73 10 43 76 75 79 47 49 21 57 26 29 0
67 68 6 41 42 43 13 46 47 52 21 23 59 31 63 0
64 33 68 4 6 40 74 46 15 79 47 19 56 59 31 0
1 2 3 5 71 11 12 78 80 49 19 55 25 62 31 0
35 69 38 39 74 43 11 77 28 21 54 58 27 60 30 0
39 72 9 75 13 60 79 50 51 52 18 25 59 28 63 0
34 68 69 70 39 9 73 14 47 16 51 55 25 27 60 0
65 1 58 37 38 39 42 12 14 79 16 19 26 27 62 0
32 66 56 38 7 10 11 12 45 48 19 52 24 58 62 0
1 34 66 68 4 9 42 76 15 48 17 19 20 58 63 0
32 66 3 6 7 9 10 42 44 78 16 20 53 25 58 0
33 3 7 40 41 75 77 14 16 80 50 54 24 57 29 0
32 65 34 37 6 40 44 78 18 50 23 56 25 28 29 0
32 3 68 40 41 42 43 13 47 80 19 20 52 28 29 0
66 68 69 70 73 74 76 77 78 15 60 51 20 58 28 0
32 64 36 5 69 72 41 74 12 17 55 26 59 62 63 0
32 1 68 69 5 42 12 18 61 21 24 27 29 30 31 0
33 2 1 36 69 34 40 12 45 80 49 51 52 54 28 0
64 65 66 35 69 39 73 74 28 78 17 21 23 57 60 0
32 3 6 38 71 73 11 46 15 78 61 26 60 29 31 0
33 68 38 70 8 74 10 75 17 19 54 23 26 60 29 0
32 34 3 68 37 67 8 75 80 48 52 22 23 60 62 0
4 58 39 72 40 10 44 46 79 52 21 30 26 29 62 0
33 2 35 39 7 43 44 45 14 78 52 30 58 61 62 0
1 66 33 34 6 39 74 76 77 44 47 13 49 26 29 0
2 3 35 34 70 41 43 75 47 17 25 59 28 62 31 0
33 58 8 11 45 47 17 29 19 53 24 26 28 61 30 0
32 66 35 5 8 74 16 17 19 53 55 27 28 61 62 0
65 2 1 69 71 48 49 17 18 52 53 22 50 56 63 0
33 38 39 7 42 44 76 77 15 18 20 53 25 27 31 0
33 34 35 4 70 7 49 19 21 54 55 24 58 30 31 0
64 34 69 38 7 39 41 9 75 76 11 14 8 20 37 0
65 66 1 5 37 8 42 11 75 78 16 52 57 61 30 0
32 68 4 73 9 12 14 46 48 49 78 79 20 22 59 0
1 33 4 69 9 10 75 11 77 80 48 50 19 21 54 0
4 37 6 7 38 43 75 13 14 50 52 56 25 60 61 0
33 34 3 36 39 74 76 12 79 22 54 57 58 27 25 0
66 67 7 8 39 11 77 45 79 51 23 52 55 29 62 0
2 3 58 70 6 13 14 48 17 19 21 22 26 61 30 0
32 65 66 64 37 70 43 75 44 12 77 50 19 51 21 0
32 69 71 39 9 43 12 13 46 77 49 19 20 53 23 0
2 36 71 8 72 41 11 76 45 17 18 52 20 22 25 0
32 69 70 6 72 73 10 13 46 48 17 16 19 54 62 0
2 39 74 42 47 79 17 18 48 55 56 58 27 28 61 0
32 33 38 70 8 10 75 78 46 14 53 55 58 29 63 0
3 36 38 72 41 43 76 45 46 47 53 22 57 25 63 0
35 68 39 8 9 12 45 46 79 52 20 55 57 27 60 0
65 66 4 70 10 42 12 13 78 50 52 53 22 55 30 0
64 65 1 5 70 37 77 45 79 20 55 62 27 60 30 0
68 9 75 12 77 14 80 48 17 16 20 18 23 61 30 0
64 71 7 11 76 77 12 44 16 50 22 24 58 28 29 0
32 1 67 68 39 27 73 10 77 14 46 54 57 58 59 0
66 5 71 40 9 10 8 11 77 45 41 48 17 22 54 0
64 2 3 26 69 37 39 38 41 47 16 51 58 59 29 0
33 3 5 39 40 9 10 11 79 17 54 23 24 60 61 0
2 4 68 71 39 75 48 53 22 62 56 25 58 59 30 0
64 2 4 37 73 10 43 74 13 15 80 49 19 57 59 0
64 33 68 69 5 8 74 75 76 77 45 55 56 58 63 0
32 4 38 39 8 44 76 14 45 48 49 50 19 18 53 0
32 66 4 8 41 42 9 13 45 80 16 18 54 26 59 0
3 36 5 4 12 13 78 14 45 17 18 21 24 61 31 0
64 33 67 3 70 38 27 9 10 80 17 49 52 59 61 0
5 39 75 15 80 16 19 55 23 25 27 28 61 62 63 0
2 68 5 69 9 74 43 44 45 80 50 19 52 59 30 0
33 1 67 7 40 8 78 47 80 50 21 53 24 25 56 0
64 34 69 71 8 9 42 41 80 49 50 56 58 60 62 0
64 35 67 69 70 38 72 73 68 12 44 46 15 52 31 0
32 4 6 73 42 44 77 13 15 19 52 54 55 56 27 0
32 69 38 7 72 8 77 15 16 80 48 53 56 60 61 0
64 2 3 67 36 5 6 73 43 46 50 20 57 62 31 0
1 4 39 7 40 78 19 20 53 22 52 27 28 61 31 0
33 36 69 11 13 14 15 16 77 52 25 26 60 61 63 0
65 66 33 4 37 40 10 43 44 15 47 18 22 27 31 0
64 68 70 40 8 73 11 13 79 80 15 20 21 57 62 0
66 36 37 6 40 10 77 14 15 60 17 50 19 28 62 0
33 34 4 5 70 8 77 14 80 50 19 56 58 60 63 0
64 33 34 66 5 72 8 76 47 18 21 55 56 25 27 0
3 58 38 46 78 14 47 50 20 22 54 26 60 61 63 0
65 66 3 35 37 7 77 47 49 18 50 52 23 60 62 0
32 66 35 68 69 5 71 67 9 42 43 18 51 20 29 0
34 5 71 7 43 12 47 49 18 21 22 24 62 30 31 0
64 1 3 4 35 70 8 43 11 45 13 52 21 27 60 0
26 6 8 73 74 72 46 60 16 48 55 58 27 28 62 0
64 34 35 36 69 4 8 41 11 12 16 50 55 57 63 0
32 34 66 3 5 38 37 74 15 48 17 18 54 58 60 0
65 2 39 8 71 75 45 78 14 49 51 52 21 22 62 0
2 12 77 14 79 80 46 78 19 53 54 55 58 59 28 0
66 35 68 5 70 2 8 36 44 12 76 49 20 55 24 0
64 1 34 3 36 6 11 79 19 20 24 25 58 27 57 0
67 36 5 70 7 69 10 14 79 16 29 51 63 30 31 0
1 72 73 43 76 11 78 79 47 17 18 56 24 60 63 0
67 35 37 72 59 11 46 79 48 20 52 54 56 27 31 0
45 5 71 0
56 34 66 6 0
2 19 52 37 0
48 18 36 30 0
62 52 38 0
57 42 20 0
44 21 0
75 21 0
78 39 0
65 12 45 46 44 22 54 0
10 12 42 46 0
40 16 17 18 55 0
65 39 71 42 74 44 80 27 61 0
40 17 37 0
32 5 39 13 77 17 19 0
2 37 70 71 8 53 0
8 15 0
65 36 72 12 16 52 0
16 50 37 0
37 79 50 58 27 0
33 2 6 75 31 0
9 77 22 33 0
37 9 75 43 78 50 0
32 50 72 38 0
48 75 26 43 0
1 12 79 56 25 0
5 7 44 15 18 56 0
66 67 45 22 57 0
44 71 68 0
26 12 74 22 0
34 67 75 13 22 59 0
32 37 72 80 24 0
66 39 72 43 78 56 62 27 30 0
5 39 7 41 56 0
67 69 42 46 19 0
65 35 3 43 27 0
33 67 70 6 71 15 0
77 18 50 20 59 0
33 13 79 0
8 26 40 23 0
70 16 80 18 28 0
18 54 0
16 19 61 71 0
2 34 17 20 26 0
0
70 8 41 42 15 59 30 0
64 36 70 71 0
61 0
66 6 7 74 44 50 54 62 0
68 5 9 59 12 16 22 27 0
48 4 23 0
72 61 5 46 0
33 34 8 12 22 29 0
51 0
71 13 46 20 62 31 0
57 51 37 55 0
2 36 69 42 15 0
33 67 37 39 60 0
6 22 0
6 78 54 56 57 29 0
32 66 59 74 0
69 41 42 76 19 24 0
74 58 66 37 0
65 71 14 16 25 58 62 31 0
33 5 6 69 75 18 25 57 0
45 22 0
13 46 16 48 62 0
32 33 66 8 52 59 0
35 55 0
39 42 43 46 15 0
75 61 21 30 0
68 6 56 58 27 0
34 74 12 37 0
19 20 0
16 70 58 62 0
56 41 13 0
34 12 21 56 27 0
67 70 73 19 27 0
40 65 26 38 0
32 40 51 13 0
32 73 45 0
38 59 18 54 27 30 31 0
65 47 78 31 0
40 34 13 0
46 50 55 58 27 0
66 67 18 50 22 0
40 25 27 30 0
20 31 0
44 15 20 24 56 0
1 66 3 6 43 50 59 0
33 35 68 72 42 48 22 55 0
67 71 76 16 18 19 59 62 0
2 70 72 42 74 12 21 57 0
17 66 0
72 60 22 0
68 14 15 50 24 0
9 19 12 5 0
42 0
33 43 76 52 24 56 0
36 68 71 11 54 0
8 48 22 0
27 12 46 68 0
8 42 6 15 0
65 69 46 79 19 0
57 10 74 5 0
32 72 74 43 46 63 0
67 6 10 46 52 26 0
13 18 22 30 63 0
65 38 72 51 52 0
7 8 11 45 14 0
66 42 74 44 15 54 28 31 0
37 69 8 18 52 53 31 0
33 67 71 9 45 21 54 28 31 0
64 66 12 14 78 59 0
29 0
10 50 5 0
66 8 19 54 26 0
56 21 5 0
24 26 44 58 0
2 34 4 66 67 74 13 46 80 62 0
59 79 55 0
34 68 70 52 53 0
33 68 69 48 49 52 58 31 0
78 42 22 0
42 79 56 59 30 0
74 0
6 13 16 50 19 30 0
18 50 0
64 5 8 41 78 16 0
62 59 6 0
32 33 38 7 72 41 77 20 62 0
64 65 67 6 10 15 18 50 53 30 0
48 3 44 30 0
65 45 46 18 24 0
57 27 61 79 0
80 10 27 0
74 45 14 80 30 0
66 45 30 0
33 2 42 62 0
44 48 19 22 58 62 0
68 6 74 15 19 24 57 30 0
32 68 38 70 40 71 43 46 30 0
66 3 56 59 62 0
70 72 44 24 27 0
78 18 30 71 0
2 6 72 16 21 30 31 0
65 2 68 15 19 0
36 6 9 12 15 18 57 0
41 20 52 55 0
56 33 68 45 0
9 18 44 66 0
73 41 44 76 0
68 43 44 19 54 0
44 16 20 57 62 0
72 79 18 21 28 0
66 6 41 12 17 26 0
16 56 66 71 0
35 38 80 18 59 62 31 0
57 26 6 70 0
65 73 22 55 62 0
17 36 6 68 0
17 52 70 7 0
65 34 38 73 46 20 0
36 75 80 21 22 56 0
37 39 73 17 19 25 59 0
60 45 46 0
4 8 15 20 58 59 0
74 76 0
26 27 62 0
62 37 13 46 0
3 37 41 15 61 0
17 4 52 57 0
66 35 69 43 76 57 0
1 36 74 15 48 51 52 58 30 0
68 5 59 26 27 28 31 0
57 67 0
33 13 19 21 61 0
3 36 37 70 73 44 18 20 0
3 13 0
8 59 31 0
68 37 12 13 44 78 0
3 0
6 78 52 55 56 0
67 3 68 44 80 17 19 0
65 41 10 11 24 25 0
24 45 71 39 0
70 0
69 44 46 80 18 0
70 13 16 80 22 56 0
65 35 45 17 62 0
9 21 22 0
24 54 22 79 0
21 0
8 13 17 21 56 27 0
6 74 43 15 59 0
5 6 71 40 79 16 20 21 22 52 54 0
37 13 45 16 19 55 59 0
8 65 52 55 0
24 73 5 78 0
26 59 69 31 0
43 20 30 0
80 75 22 0
56 75 0
55 66 39 7 0
8 36 44 0
65 3 42 77 31 0
16 56 18 48 0
27 44 5 46 0
67 4 8 73 45 51 56 26 0
10 18 44 22 0
40 41 44 65 0
68 46 14 16 62 0
16 74 20 0
33 68 5 59 21 27 0
65 4 7 15 54 31 0
40 26 43 0
68 38 8 42 21 0
3 4 36 7 13 15 57 0
65 52 21 25 57 0
35 60 55 0
4 5 68 72 42 45 46 0
9 68 17 41 0
56 57 0
36 6 44 13 22 24 57 58 0
37 70 13 79 30 31 0
49 58 71 0
0
67 12 24 59 30 0
38 31 0
32 68 71 80 57 59 0
66 6 0
33 67 38 39 80 56 0
70 18 46 0
32 79 20 31 63 0
58 30 55 0
71 72 10 45 16 17 50 0
65 7 10 43 78 24 0
17 37 0
16 42 0
80 77 23 0
8 12 79 54 56 0
68 42 74 46 15 18 50 0
65 66 6 12 78 15 22 56 0
67 38 70 40 17 0
37 14 48 54 59 0
50 21 46 0
67 4 5 9 41 12 51 53 26 30 0
65 4 37 69 12 45 20 26 0
65 37 72 76 15 50 0
48 41 28 37 0
64 21 37 5 0
16 41 26 46 0
66 67 13 48 17 18 19 50 55 0
32 2 48 0
42 46 55 0
2 5 70 50 24 0
33 35 40 79 16 50 27 31 0
80 0
39 41 74 17 26 0
38 42 13 22 60 63 0
8 42 53 28 29 0
17 18 62 57 0
20 22 71 0
16 24 46 0
46 74 44 30 0
32 34 58 0
18 68 53 0
8 80 61 15 0
25 42 75 60 0
19 11 71 31 0
27 71 0
9 34 21 0
68 71 0
0
58 37 8 14 26 0
64 5 44 16 52 24 0
5 6 69 12 17 57 26 62 0
58 62 39 0
3 36 6 70 73 77 79 19 53 0
66 4 42 46 52 0
16 0
45 70 71 0
50 59 78 31 0
67 5 38 70 17 24 0
42 59 52 0
17 5 0
51 27 6 0
67 6 73 74 80 56 0
34 74 0
41 73 19 52 53 29 0
26 21 0
65 70 71 12 30 31 0
17 31 30 15 0
7 74 48 17 58 31 0
3 44 71 0
2 70 74 51 20 58 0
36 68 8 16 50 61 22 29 0
72 44 50 23 62 0
72 43 13 14 17 50 22 54 56 57 28 0
33 34 4 5 70 9 19 57 30 0
3 4 2 3 4 4 4 3 4 4 3 4 3 4 3 4 3 3 3 3 4 3 2 4 3 3 2 2 4 4 4 3 2 2 4 3 4 2 3 2 2 3 2 3 2 3 3 2 4 2 4 3 4 3 3 4 3 2 4 3 3 3 3 2 2 2 4 3 2 4 3 2 2 4 3 2 4 4 3 3
