147 141 122
37 39 40 43 46 52 54 56 63 65 72 75 79 97 104 108 114 118 121 122 0
15 17 34 43 45 48 49 62 69 74 78 84 89 96 97 106 107 108 117 121 0
34 6 70 8 41 40 105 12 13 46 47 113 51 53 119 59 92 94 0
97 2 35 99 73 43 45 14 49 114 115 83 85 53 86 84 89 63 0
1 4 10 11 34 40 49 53 54 83 85 96 98 108 111 112 114 120 122 0
40 9 10 43 108 13 46 45 12 14 116 21 54 119 57 122 29 63 0
32 98 66 36 106 107 45 109 13 81 18 85 87 24 25 60 30 31 0
33 98 35 90 71 40 105 11 44 77 14 75 16 13 119 26 95 63 0
5 7 11 15 22 29 36 43 46 49 53 56 67 68 72 89 92 112 113 0
89 1 100 8 41 107 12 14 81 115 118 23 56 25 91 92 94 0
3 10 15 17 18 21 28 36 39 40 50 58 64 65 82 83 87 88 115 0
5 8 15 18 22 26 29 36 40 43 44 82 88 97 108 114 115 116 120 0
98 3 102 7 9 42 107 45 13 15 110 79 80 51 85 118 28 63 0
11 15 18 20 21 28 29 31 34 43 55 63 64 77 87 101 104 110 121 0
97 99 100 68 35 72 78 47 92 17 83 51 52 24 121 90 60 25 0
5 18 19 24 32 38 41 51 78 86 87 93 98 101 102 104 113 120 122 0
65 6 71 42 108 12 110 120 113 84 117 85 20 56 90 28 29 63 0
1 65 36 4 105 14 48 16 82 19 53 86 56 24 91 93 95 31 0
33 67 36 103 8 73 9 42 76 45 77 13 116 117 24 57 27 31 0
64 96 35 36 101 105 42 108 111 114 115 18 85 88 59 28 61 94 0
32 121 37 8 42 12 44 110 46 80 18 20 118 86 54 94 87 30 0
66 71 7 73 106 105 108 78 112 80 114 84 54 56 89 92 29 30 0
5 23 24 33 62 66 73 75 78 79 82 83 92 97 100 108 112 113 116 118 0
97 34 1 68 8 42 107 45 28 48 80 115 116 89 90 27 60 62 0
65 33 101 38 103 104 10 110 78 48 81 52 21 55 88 120 30 0
32 96 66 3 101 71 104 27 42 10 12 29 18 54 90 91 93 31 0
96 32 99 103 39 42 10 109 47 114 19 20 85 55 62 28 93 94 0
4 15 16 17 24 40 43 49 54 56 69 74 75 76 88 90 101 102 111 119 0
1 16 17 41 54 57 65 72 79 82 85 86 97 101 103 105 108 121 122 0
4 24 33 61 62 66 70 73 76 77 82 83 84 85 104 112 115 117 122 0
32 33 67 99 5 70 35 6 45 78 47 112 113 18 19 120 59 28 0
22 23 26 28 31 35 41 42 56 57 59 60 71 79 81 91 95 104 108 0
8 9 14 15 28 31 40 50 62 64 65 66 87 92 96 102 103 107 121 0
12 13 17 20 21 24 33 42 62 64 68 71 73 75 76 78 81 85 112 118 121 122 0
1 2 4 103 104 9 106 75 77 13 111 81 18 118 88 94 31 0
64 33 66 2 34 3 41 107 43 11 48 113 55 94 26 92 62 0
34 3 35 101 102 36 72 11 113 114 52 84 22 87 89 91 61 25 0
66 37 104 73 11 120 77 50 51 52 20 114 62 57 58 59 28 30 0
33 97 4 104 59 74 42 106 45 49 50 83 20 119 88 89 91 28 0
2 26 68 4 35 8 10 43 42 109 50 83 116 89 90 91 29 62 0
1 105 76 109 114 83 115 53 86 85 117 90 27 61 94 31 0
3 4 13 17 30 32 44 53 56 65 66 68 72 78 87 90 98 106 108 121 0
6 10 21 23 31 43 58 60 62 70 76 81 84 96 97 98 100 103 121 0
98 36 37 39 27 59 13 31 112 82 115 84 86 25 91 57 95 0
64 97 65 36 37 4 104 107 45 13 79 112 19 56 28 93 95 0
2 99 4 101 105 43 44 109 78 15 11 111 20 86 87 88 30 31 0
4 6 9 15 16 23 24 30 34 51 53 56 60 68 70 97 101 106 109 0
1 33 35 90 5 103 9 75 111 79 17 47 84 86 54 24 58 91 0
66 101 102 103 40 42 44 110 19 116 53 56 89 27 28 93 95 0
17 22 24 34 35 37 46 47 48 49 58 64 76 90 103 106 109 110 120 0
67 4 37 101 7 105 74 10 108 50 83 119 21 23 24 90 59 28 0
1 5 6 7 13 21 22 23 26 32 46 55 69 83 96 98 112 114 119 0
102 72 41 110 78 48 113 79 19 84 85 52 15 54 89 31 29 63 0
97 100 36 6 8 104 74 76 77 108 47 52 53 85 55 91 63 0
32 66 3 2 105 41 11 43 108 109 15 45 48 86 24 26 93 95 0
97 36 69 9 106 43 109 110 45 48 16 15 83 86 57 26 93 95 0
32 2 6 70 9 43 79 112 80 18 51 111 17 22 83 28 93 0
32 97 1 33 67 37 5 39 104 58 108 50 116 55 23 122 30 63 0
1 101 103 40 105 10 39 108 14 81 113 83 82 23 56 57 28 0
33 2 100 37 71 104 39 42 11 43 77 84 118 86 56 89 61 0
8 15 16 24 28 38 43 48 67 72 79 81 84 86 100 103 110 116 118 0
64 32 2 70 105 44 110 15 80 17 18 83 19 22 54 120 59 30 0
100 37 68 103 36 73 12 47 81 114 84 53 86 119 89 93 0
66 35 4 37 72 105 12 80 114 116 117 23 55 122 28 61 30 0
98 36 90 12 45 78 112 113 50 19 85 21 88 121 122 27 63 0
98 66 4 69 102 39 37 10 15 48 81 17 83 84 24 56 30 63 0
89 33 66 41 11 76 107 78 47 110 16 109 53 88 62 94 63 0
2 3 13 14 19 22 28 58 59 68 69 91 96 102 108 110 111 112 114 0
64 68 101 6 71 103 74 79 111 82 83 117 54 85 94 27 62 63 0
96 1 67 6 104 9 107 109 78 79 111 49 83 84 117 22 55 90 0
96 65 33 1 5 69 39 10 106 108 43 15 85 119 89 29 25 0
1 5 21 23 31 35 42 57 60 69 77 83 85 96 100 101 104 116 122 0
6 24 34 43 44 53 54 56 60 67 70 72 73 82 85 89 91 101 102 109 0
4 7 17 24 26 33 34 45 51 53 57 60 68 74 81 93 95 105 113 0
97 34 7 106 13 78 47 80 49 82 19 51 114 79 89 59 29 57 0
65 2 68 38 103 104 107 76 14 110 111 114 116 56 24 59 28 30 0
1 10 17 23 27 28 41 62 72 82 87 93 96 102 107 112 115 118 122 0
33 100 4 39 40 10 107 78 16 52 117 22 55 59 28 93 0
98 35 4 38 7 72 105 42 6 110 48 80 82 83 18 20 121 59 0
102 70 8 40 42 45 77 112 114 61 115 53 87 120 25 59 63 95 0
7 8 12 27 32 41 46 60 62 72 88 91 99 104 108 113 116 119 122 0
8 9 13 21 29 34 35 40 41 44 46 55 56 57 59 81 91 92 122 0
1 16 21 42 43 45 48 53 59 61 72 78 82 87 106 108 116 118 120 0
5 14 16 23 31 47 50 53 65 72 81 88 106 107 109 113 116 118 120 0
14 20 23 25 34 38 46 48 59 63 66 74 91 92 100 105 107 111 115 0
2 3 8 14 17 20 27 36 39 40 46 54 57 62 70 87 92 99 102 113 122 0
1 33 99 4 103 10 14 16 82 83 85 117 87 120 57 26 91 0
65 67 36 37 6 68 13 110 16 18 114 22 120 89 58 94 31 0
64 4 69 38 6 70 7 39 72 76 10 46 50 114 85 25 60 93 0
9 13 16 21 22 24 33 59 60 63 78 81 82 89 102 109 114 116 120 0
89 37 69 39 71 105 46 47 16 17 15 51 24 121 90 60 29 63 0
100 101 6 70 8 46 79 48 17 114 110 118 87 56 57 58 93 95 0
99 68 6 40 10 42 46 15 112 81 48 119 87 23 90 91 60 61 0
4 8 11 12 34 38 48 49 61 69 71 73 74 81 92 93 105 114 121 0
35 4 37 69 103 108 77 46 76 48 50 116 20 85 120 91 92 63 0
5 7 104 75 107 13 77 81 52 54 87 24 25 90 60 29 94 31 0
67 68 69 6 27 107 12 77 80 81 50 19 24 121 59 28 31 0
64 4 106 76 12 110 15 45 49 50 83 93 25 91 92 61 95 0
96 1 99 36 3 5 106 11 43 109 114 19 20 51 22 89 122 92 0
12 18 20 22 23 24 25 26 51 56 59 60 71 72 87 93 96 100 110 120 0
8 22 25 37 49 50 57 58 59 67 69 74 77 84 87 96 97 101 118 0
2 8 9 10 30 35 37 53 58 69 70 71 78 84 86 96 102 111 116 0
2 58 105 107 76 108 14 45 49 17 21 54 94 88 121 56 30 95 0
102 73 106 43 45 77 48 19 52 115 86 55 56 119 90 93 31 0
3 24 26 31 34 39 40 48 53 57 58 64 79 84 93 97 102 105 114 0
4 15 22 23 27 38 46 55 58 67 68 69 81 90 93 100 104 109 110 0
64 33 66 3 38 7 73 9 46 78 47 16 50 23 85 119 88 61 0
65 3 37 69 72 13 80 49 114 17 51 20 22 55 88 122 94 95 0
36 39 105 74 42 106 14 79 47 113 86 55 87 89 90 92 29 62 0
20 21 28 34 35 40 49 52 53 75 77 87 89 90 99 108 112 115 121 122 0
97 36 38 71 103 42 10 48 82 19 52 118 22 120 87 86 61 24 0
1 98 99 8 41 75 79 114 51 20 83 19 24 59 92 30 31 0
1 7 16 21 26 40 46 50 53 54 56 68 70 72 75 77 78 91 107 113 0
5 17 30 32 37 46 56 60 72 77 78 83 87 94 96 103 116 118 119 0
66 101 105 74 108 77 112 17 16 82 53 117 121 91 60 30 95 0
35 99 71 105 106 75 111 16 51 52 53 115 19 119 90 59 94 95 0
66 2 8 106 11 12 14 15 48 47 50 111 119 120 121 93 95 0
3 4 12 16 23 29 40 43 63 67 70 73 75 79 87 89 95 99 108 116 0
64 2 75 45 13 109 113 49 83 94 21 54 55 25 27 92 29 30 0
96 97 3 101 7 8 10 47 111 81 114 83 21 117 54 120 58 92 0
11 12 17 24 28 32 36 42 57 60 72 75 81 92 96 98 101 109 120 0
96 1 98 3 107 44 13 110 46 83 84 117 85 54 88 61 63 0
3 5 7 23 25 30 37 42 50 51 56 59 74 80 86 97 108 110 119 0
99 35 102 70 8 41 10 43 107 47 81 82 51 24 26 88 29 63 0
32 98 36 69 102 104 10 16 81 82 48 52 112 22 55 54 122 93 0
37 38 40 108 12 78 111 48 15 19 51 84 118 116 24 22 58 29 0
96 64 2 4 69 38 7 105 106 49 50 84 117 55 30 53 89 94 0
8 15 21 23 38 42 44 46 49 57 58 63 64 77 84 91 93 95 100 0
89 65 6 40 106 77 110 15 81 18 29 17 85 118 53 120 121 61 0
97 2 100 68 102 39 76 46 79 49 114 84 86 119 88 121 59 62 0
4 10 11 21 30 49 50 53 54 57 69 75 76 91 93 95 99 109 114 0
3 4 101 40 107 46 60 80 81 50 116 84 86 55 24 26 28 95 0
4 5 7 20 28 29 32 38 67 71 76 82 89 95 99 104 105 109 111 113 116 0
19 21 24 27 34 49 50 51 53 65 67 69 76 81 83 90 96 97 107 0
64 35 6 7 72 41 107 76 45 13 110 111 114 18 83 21 28 0
7 15 20 21 25 46 48 50 52 58 74 80 82 88 92 97 107 113 116 0
96 65 99 36 101 71 42 108 19 51 85 21 84 93 117 60 29 31 0
5 7 8 14 20 21 29 35 37 39 49 52 62 68 97 103 110 112 117 120 0
5 20 21 27 35 44 52 59 62 64 66 67 75 80 83 86 88 105 121 0
96 2 4 68 6 38 73 10 9 76 41 17 121 90 91 30 95 0
3 4 69 68 105 10 74 12 110 15 49 50 19 114 82 54 81 91 0
96 2 81 114 51 19 20 84 0
33 34 43 110 85 87 26 0
34 99 104 11 75 46 113 19 85 24 94 95 0
88 26 0
96 72 59 108 109 119 91 0
67 39 50 51 62 0
92 112 18 23 24 28 0
50 76 87 63 0
96 100 38 110 20 21 84 23 58 0
65 11 44 17 49 81 0
4 6 12 83 20 85 22 86 89 27 0
96 97 67 105 113 82 84 94 0
76 5 0
47 113 19 119 117 54 55 118 25 91 120 0
96 68 37 69 113 50 54 22 58 62 31 0
72 73 48 83 84 27 61 0
104 90 13 0
33 71 105 109 79 115 30 0
4 104 12 119 31 0
1 121 4 105 76 49 84 118 25 93 0
32 67 69 119 0
65 2 4 102 72 108 77 112 82 121 0
98 5 122 72 74 43 110 51 53 85 58 60 0
36 45 50 114 58 61 63 0
64 69 39 82 87 120 0
68 77 47 48 84 119 23 91 30 0
69 73 76 46 50 119 88 26 30 0
2 72 18 21 117 94 0
96 67 69 103 74 11 47 0
3 36 101 73 106 110 87 0
1 70 72 108 46 54 30 0
3 45 110 50 22 56 0
2 100 108 46 18 91 0
32 13 14 15 82 19 0
67 100 11 77 47 19 28 0
18 35 20 6 0
61 45 87 55 0
6 17 85 87 27 0
2 38 39 9 44 110 85 118 60 0
5 101 41 107 48 25 31 0
80 91 27 98 0
32 68 21 84 0
38 39 70 45 53 62 31 0
17 111 77 41 0
24 19 29 0
3 100 37 77 28 0
2 36 37 104 17 0
65 4 106 45 50 51 55 63 0
65 28 30 23 0
1 34 115 44 0
8 12 21 0
106 51 69 0
66 105 112 22 26 0
67 72 73 17 20 23 55 95 0
35 100 37 122 72 47 112 21 58 0
32 87 0
40 105 12 109 108 110 0
109 77 30 0
112 91 103 0
56 121 106 61 0
32 36 38 106 77 109 53 26 62 0
96 65 40 75 16 17 52 0
104 121 44 119 0
39 41 75 12 108 115 20 21 84 120 59 0
65 1 67 112 58 61 0
2 36 100 44 112 115 85 89 0
1 100 76 13 20 118 119 56 94 30 0
37 44 77 86 87 0
106 75 19 85 94 58 30 0
77 110 117 22 63 0
12 45 48 118 54 0
37 72 105 12 76 109 0
58 90 12 76 79 82 20 26 0
48 65 118 31 0
3 104 111 53 118 57 91 0
69 104 115 54 119 91 0
100 91 110 47 82 55 24 58 59 28 0
34 35 36 103 10 75 13 58 0
1 36 39 105 44 109 112 87 89 26 0
32 8 106 111 113 23 0
33 34 36 74 106 109 112 119 25 30 0
42 45 51 19 53 29 0
65 76 78 111 25 27 94 0
34 68 73 17 82 20 53 93 118 119 61 94 0
100 75 12 49 84 59 0
38 47 18 23 91 31 0
68 47 85 57 27 0
68 37 38 43 50 114 25 59 95 31 0
1 67 38 12 77 19 59 95 0
32 2 46 80 49 113 51 0
64 91 108 70 0
33 72 75 13 21 53 117 24 28 93 0
32 34 69 46 112 25 93 0
60 38 0
83 21 23 88 61 0
4 69 41 17 18 50 82 87 26 94 0
39 104 53 119 89 122 0
2 82 47 0
98 90 6 106 45 58 0
65 67 38 12 82 118 58 0
36 48 17 51 21 91 0
41 79 113 49 85 0
2 58 40 75 108 81 56 26 0
69 104 46 78 112 51 115 22 59 0
1 65 77 46 24 122 0
96 18 84 85 22 87 117 118 0
6 105 84 117 28 0
32 105 13 93 54 29 95 0
96 2 44 76 46 109 48 115 54 0
2 4 111 50 115 95 0
6 108 44 80 19 121 0
35 6 79 18 82 117 23 93 0
65 115 118 111 0
121 98 40 75 45 54 25 0
32 3 87 0
39 103 81 50 53 27 94 0
1 39 109 110 23 57 28 30 63 0
3 101 75 17 21 22 0
68 38 108 112 87 29 0
86 122 46 87 0
34 4 38 39 106 82 22 88 0
57 27 44 78 0
104 44 78 20 117 30 27 62 0
2 67 5 104 74 45 61 21 88 29 0
44 108 49 51 116 24 0
61 19 45 0
68 100 39 72 74 77 17 115 21 89 26 29 0
65 41 47 19 51 84 0
34 111 48 113 51 115 118 28 30 0
108 42 58 93 0
68 100 102 46 112 17 84 21 24 59 0
64 98 36 71 72 103 106 13 83 23 61 30 63 0
96 98 106 0
65 104 43 17 114 20 118 90 0
57 18 3 61 0
4 100 39 9 47 18 115 119 56 0
32 39 74 44 108 81 115 31 0
66 73 106 12 61 0
77 50 51 114 89 61 0
96 37 38 70 12 84 85 30 0
65 11 110 46 20 122 0
66 101 104 80 48 19 24 0
69 20 23 57 26 0
2 67 113 115 25 0
36 37 72 45 24 94 0
32 67 44 45 76 108 110 117 119 26 0
32 7 77 45 80 113 61 0
4 4 2 3 3 4 2 2 4 4 3 4 2 2 2 3 2 4 4 2 2 3 2 2 4 2 4 4 3 4 3 2 4 2 3 3 4 3 4 2 4 2 3 4 4 3 4 4 2 3 4 3 3 2 4 2 3 3 2 3 4 2 3 2 3 3 2 3 2 2 2 2 2 3 2 3 4 2 3 3 3 3 4 3 3 3 2 4 4 4 3 4 3 4 4 2 2 3 2 4 4 3 3 2 3 3 4 3 2 3 2 3 2 4 2 2 4 3 4 3 2 2
