283
3 59 1 36
7 59 7 36
9 10 1 22
17 59 13 36
20 5 1 21
21 27 1 3
22 5 7 21
24 10 7 22
27 59 19 36
32 27 7 3
32 59 25 36
33 7 1 4
36 27 13 3
37 59 31 36
39 10 13 22
39 24 1 38
43 24 7 38
46 59 37 36
48 5 13 21
48 27 19 3
49 59 43 36
50 7 7 4
50 59 49 36
51 59 55 36
57 24 13 38
59 7 13 4
66 7 19 4
71 27 25 3
75 5 19 21
75 10 25 22
76 24 19 38
77 24 25 38
80 10 19 22
81 7 25 4
83 7 31 4
84 5 25 21
85 5 31 21
3 16 7 16
4 16 1 16
4 23 4 37
5 16 4 16
6 19 1 1
9 23 7 37
15 54 1 35
28 13 1 39
29 54 4 35
41 13 4 39
41 19 7 1
44 23 1 37
50 16 13 16
50 54 16 35
60 16 10 16
62 23 10 37
65 23 13 37
74 19 4 1
75 13 7 39
76 19 10 1
77 23 16 37
80 23 25 37
81 16 16 16
85 13 10 39
87 13 13 39
2 37 1 34
31 56 1 6
34 56 3 6
62 56 5 6
82 56 7 6
3 49 13 40
7 49 1 40
8 49 7 40
11 21 31 3
13 14 1 7
14 20 37 3
18 11 1 33
18 21 43 3
21 49 19 40
28 11 7 33
30 14 7 7
34 21 49 3
39 49 25 40
42 20 55 3
46 14 13 7
50 49 31 40
54 49 37 40
59 20 19 16
70 20 25 16
70 49 43 40
72 49 49 40
73 20 31 16
79 14 19 7
83 49 55 40
4 43 37 16
6 55 4 23
8 35 3 34
11 55 1 23
15 15 31 22
15 43 40 16
19 55 7 23
25 39 10 23
29 35 7 34
31 55 13 23
32 60 1 20
49 39 16 23
51 55 19 23
52 60 4 20
54 31 10 34
54 43 43 16
55 43 46 16
61 35 13 34
64 43 49 16
64 60 7 20
65 39 22 23
67 43 52 16
68 43 55 16
68 55 25 23
76 43 58 16
78 55 28 23
80 39 31 23
80 43 1 29
82 35 16 34
82 43 4 29
85 39 37 23
88 15 34 22
88 43 7 29
89 43 10 29
5 34 1 27
6 9 7 9
9 38 5 11
12 38 1 11
13 38 7 11
17 34 3 27
17 53 1 30
20 34 5 27
24 18 5 4
24 38 3 11
25 40 1 24
26 9 1 9
26 18 11 4
31 53 3 30
35 9 3 9
36 38 9 11
37 9 5 9
38 38 11 11
40 53 5 30
41 22 1 18
51 18 17 4
52 38 13 11
58 18 23 4
59 34 7 27
60 25 1 12
62 25 3 12
62 34 13 27
64 34 10 27
65 18 29 4
69 25 5 12
71 25 7 12
72 18 35 4
73 25 9 12
88 9 10 9
88 22 3 18
89 9 13 9
90 53 7 30
1 52 1 13
4 52 7 13
10 29 15 9
21 52 13 13
32 29 19 9
40 52 19 13
45 52 25 13
53 52 31 13
73 52 37 13
77 52 43 13
4 8 13 10
6 8 9 10
12 50 3 5
21 47 25 29
27 33 1 10
28 47 13 29
31 47 16 29
34 50 7 5
36 3 37 21
40 8 16 10
41 8 19 10
43 3 40 21
43 47 19 29
44 33 4 10
45 3 43 21
46 3 46 21
47 33 22 10
47 47 28 29
48 50 10 5
56 33 25 10
68 33 28 10
74 3 49 21
75 50 13 5
78 33 31 10
79 8 34 10
82 50 19 5
86 8 37 10
87 50 16 5
8 41 1 2
23 17 7 35
30 41 3 2
30 58 5 13
38 58 17 13
40 41 7 2
47 58 11 13
54 58 23 13
62 17 19 35
69 17 9 35
74 17 11 35
86 41 5 2
90 17 13 35
10 6 25 5
12 44 7 32
13 4 9 8
16 6 31 5
19 4 1 8
37 6 37 5
39 6 43 5
41 6 49 5
47 4 13 8
49 44 1 32
55 4 19 8
56 44 13 32
57 4 25 8
65 4 31 8
70 44 19 32
73 6 55 5
74 4 37 8
80 6 37 9
5 48 25 7
25 48 28 7
27 48 31 7
37 48 43 7
45 48 34 7
77 48 37 7
3 1 19 18
23 32 13 1
26 32 19 1
29 32 25 1
34 32 31 1
36 32 43 1
75 1 31 18
76 1 13 18
83 1 7 18
5 57 13 33
16 46 9 6
16 57 16 33
18 46 13 6
19 57 19 33
30 46 16 6
35 57 22 33
42 57 25 33
46 57 28 33
47 46 19 6
58 57 31 33
59 46 25 6
61 57 34 33
63 57 37 33
1 42 5 24
2 42 3 24
20 42 7 24
25 42 13 24
31 42 9 24
35 42 11 24
55 42 15 24
66 42 17 24
74 42 19 24
82 42 22 24
85 42 25 24
86 42 27 24
28 30 19 37
34 30 21 37
36 30 23 37
63 30 28 37
2 12 13 12
17 12 19 12
32 12 16 12
52 12 22 12
53 12 25 12
70 12 31 12
73 12 28 12
Điểm tối ưu: 283
Thời gian: 0.007038 giây
Trạng thái: GREEDY_DONE
