1420
4 3 1 132
7 3 3 132
10 3 5 132
11 3 7 132
20 3 9 132
22 3 11 132
24 3 13 132
25 3 15 132
27 3 17 132
31 3 19 132
32 3 21 132
34 3 23 132
41 3 25 132
43 3 27 132
47 3 29 132
48 3 31 132
51 3 33 132
57 3 35 132
60 3 37 132
64 3 39 132
65 3 41 132
67 3 43 132
72 3 45 132
73 3 47 132
74 3 49 132
77 3 51 132
80 3 53 132
87 3 55 132
88 3 57 132
95 3 59 132
1 1 1 106
3 1 7 106
7 1 13 106
9 1 19 106
10 1 25 106
11 1 31 106
13 1 37 106
15 1 43 106
16 1 49 106
17 1 55 106
26 1 1 27
29 1 7 27
30 1 13 27
33 1 19 27
34 1 25 27
35 1 31 27
36 1 37 27
37 1 43 27
38 1 49 27
39 1 55 27
1 18 7 123
4 18 3 123
5 18 10 123
6 9 1 46
8 18 13 123
13 18 16 123
15 18 19 123
17 9 4 46
18 9 7 46
20 9 13 46
22 18 22 123
23 9 10 46
23 18 25 123
24 9 16 46
24 18 28 123
25 9 19 46
26 9 22 46
26 18 31 123
27 18 34 123
28 18 37 123
29 18 40 123
30 18 43 123
32 9 25 46
33 9 28 46
35 9 37 46
40 9 31 46
42 9 34 46
43 9 40 46
44 18 46 123
45 9 43 46
46 9 46 46
46 18 49 123
47 18 52 123
50 9 49 46
51 9 52 46
51 18 55 123
56 9 55 46
60 9 58 46
60 18 1 130
62 9 1 96
62 18 58 123
63 18 4 130
65 9 4 96
66 18 7 130
67 9 7 96
68 9 10 96
68 18 13 130
69 9 13 96
70 18 10 130
71 9 16 96
74 18 16 130
75 18 19 130
76 9 19 96
76 18 22 130
78 9 22 96
79 18 25 130
80 9 25 96
82 9 28 96
82 18 31 130
84 9 31 96
85 9 34 96
86 9 37 96
86 18 28 130
88 9 40 96
88 18 34 130
89 18 37 130
91 9 43 96
91 18 40 130
92 18 43 130
93 9 46 96
94 9 49 96
97 18 46 130
98 18 49 130
99 9 52 96
99 18 55 130
6 34 4 69
10 34 1 69
11 34 9 69
12 34 7 69
16 34 11 69
21 34 13 69
26 34 15 69
30 34 17 69
32 34 19 69
33 34 23 69
36 34 21 69
37 34 25 69
39 34 27 69
40 34 29 69
42 34 31 69
44 34 33 69
52 34 35 69
54 34 37 69
55 34 39 69
63 34 41 69
64 34 43 69
65 34 45 69
69 34 47 69
71 34 49 69
72 34 51 69
73 34 53 69
76 34 55 69
78 34 57 69
80 34 59 69
83 34 1 144
84 34 3 144
87 34 5 144
90 34 7 144
92 34 9 144
94 34 11 144
95 34 13 144
96 34 15 144
1 38 13 74
3 38 1 74
6 38 7 74
10 38 19 74
14 38 25 74
17 38 31 74
19 38 37 74
21 38 43 74
28 38 49 74
31 38 55 74
34 38 1 127
36 38 7 127
41 38 13 127
42 38 19 127
46 38 25 127
48 38 33 127
59 38 37 127
65 38 49 127
69 38 43 127
72 38 55 127
75 38 1 76
77 38 7 76
78 38 13 76
79 38 19 76
80 38 31 76
85 38 25 76
86 38 43 76
87 38 37 76
91 38 49 76
92 38 55 76
1 32 10 8
2 32 1 8
3 13 13 66
5 13 1 66
8 32 4 8
8 13 7 66
9 32 7 8
9 13 4 66
11 32 13 8
11 13 16 66
12 32 16 8
15 32 22 8
16 13 19 66
18 32 19 8
19 13 10 66
20 13 22 66
23 13 28 66
24 13 25 66
27 32 25 8
28 32 28 8
29 32 31 8
30 13 31 66
32 32 34 8
32 13 37 66
33 32 37 8
38 13 34 66
43 32 43 8
46 32 40 8
47 32 46 8
49 13 40 66
51 32 49 8
52 32 52 8
53 32 55 8
54 32 58 8
54 13 43 66
56 32 1 39
58 32 4 39
60 13 46 66
61 32 7 39
62 13 49 66
63 13 52 66
64 32 10 39
65 32 13 39
67 13 55 66
68 13 58 66
69 32 16 39
70 32 19 39
70 13 1 56
74 32 22 39
76 32 25 39
76 13 4 56
77 32 28 39
79 32 31 39
81 32 34 39
81 13 7 56
82 32 37 39
83 32 40 39
83 13 10 56
86 32 49 39
87 13 13 56
90 32 43 39
90 13 16 56
91 32 46 39
92 13 19 56
93 32 52 39
96 32 55 39
96 13 22 56
98 13 25 56
99 13 28 56
4 20 7 84
6 20 11 84
9 20 1 84
12 20 3 84
13 20 5 84
16 20 9 84
17 20 13 84
20 20 16 84
21 20 19 84
22 20 25 84
27 20 21 84
29 20 23 84
33 20 31 84
34 20 29 84
36 20 27 84
37 20 33 84
39 20 35 84
40 20 37 84
42 20 39 84
49 20 43 84
50 20 41 84
51 20 45 84
60 20 49 84
61 20 47 84
62 20 52 84
64 20 55 84
67 20 58 84
68 20 1 116
70 20 4 116
72 20 7 116
77 20 11 116
80 20 9 116
81 20 13 116
82 20 15 116
83 20 17 116
85 20 19 116
86 20 21 116
88 20 23 116
91 20 25 116
92 20 27 116
96 20 29 116
97 20 31 116
99 20 33 116
100 20 35 116
1 5 19 23
1 23 25 32
2 5 7 23
4 2 9 41
4 5 13 23
5 2 13 41
6 5 25 23
8 2 19 41
8 5 31 23
8 23 37 32
10 2 31 41
11 23 1 32
13 2 1 41
14 2 37 41
14 5 1 23
15 2 25 41
15 23 7 32
17 2 43 41
18 2 49 41
18 23 13 32
19 2 55 41
19 23 19 32
20 2 55 96
21 23 31 32
24 23 43 32
25 5 37 23
26 5 43 23
26 23 49 32
27 5 49 23
28 5 55 23
29 5 1 12
32 5 7 12
33 5 13 12
34 5 19 12
35 23 55 32
36 5 31 12
37 23 1 91
41 23 7 91
42 5 25 12
44 5 37 12
45 5 49 12
47 23 13 91
49 23 19 91
50 5 43 12
50 23 25 91
52 23 31 91
54 23 39 91
55 23 43 91
56 23 49 91
57 23 55 91
58 5 55 12
58 23 7 149
60 5 7 109
61 5 1 109
65 23 19 149
66 5 13 109
66 23 1 149
67 23 13 149
69 23 25 149
71 23 31 149
74 23 37 149
75 23 43 149
76 23 49 149
77 5 19 109
78 5 25 109
79 23 55 149
81 5 37 109
83 5 31 109
85 23 1 3
86 23 7 3
87 23 19 3
88 5 43 109
92 23 13 3
93 5 55 109
94 23 25 3
95 5 49 109
96 23 31 3
98 23 37 3
100 23 43 3
1 7 31 17
3 33 16 121
3 7 19 17
5 33 4 121
5 25 7 25
6 25 13 25
7 25 10 25
8 25 1 25
9 25 16 25
10 33 7 121
10 25 37 25
11 33 19 121
11 7 22 17
11 25 25 25
11 29 28 19
12 25 19 25
13 33 10 121
13 25 22 25
14 33 13 121
14 7 7 17
15 33 1 121
15 29 4 19
16 33 22 121
16 7 1 17
16 25 4 25
17 33 25 121
17 25 28 25
17 29 1 19
18 33 28 121
18 7 4 17
18 29 10 19
22 33 31 121
23 7 13 17
23 25 31 25
24 7 10 17
26 29 7 19
27 33 37 121
27 7 28 17
28 7 16 17
28 25 34 25
29 7 25 17
29 25 43 25
30 33 34 121
30 29 19 19
31 33 40 121
31 7 34 17
32 7 40 17
33 33 43 121
34 33 46 121
35 33 49 121
35 7 43 17
36 33 52 121
36 29 13 19
37 29 16 19
38 25 40 25
39 33 1 140
39 7 37 17
39 25 46 25
41 33 55 121
41 7 46 17
41 29 22 19
42 7 49 17
44 7 52 17
45 33 58 121
49 7 55 17
49 25 49 25
50 7 58 17
50 25 52 25
51 33 4 140
51 7 1 82
52 33 7 140
52 7 4 82
53 33 10 140
53 25 58 25
54 7 7 82
55 33 13 140
56 33 16 140
56 29 25 19
57 33 19 140
57 25 1 60
58 7 13 82
58 29 31 19
59 7 10 82
61 7 16 82
61 29 34 19
62 7 19 82
62 25 55 25
62 29 37 19
63 7 22 82
63 25 7 60
64 33 22 140
65 33 25 140
65 7 28 82
66 7 25 82
66 25 10 60
67 7 31 82
67 29 40 19
68 25 4 60
69 25 19 60
69 29 49 19
70 7 34 82
70 29 43 19
71 7 37 82
71 25 13 60
71 29 46 19
72 7 40 82
72 29 1 89
73 7 43 82
73 29 55 19
74 7 46 82
74 29 52 19
75 33 28 140
75 25 16 60
75 29 58 19
76 25 28 60
76 29 7 89
77 33 31 140
77 25 25 60
78 33 34 140
78 7 49 82
78 29 4 89
79 33 37 140
79 7 52 82
80 25 22 60
81 25 31 60
82 33 40 140
83 25 37 60
83 29 13 89
84 29 10 89
85 33 43 140
85 7 55 82
85 29 16 89
86 33 52 140
86 7 58 82
87 29 25 89
88 33 49 140
89 33 46 140
89 7 1 93
91 7 4 93
92 25 34 60
92 29 22 89
94 33 55 140
94 7 7 93
95 33 1 47
95 29 19 89
96 33 58 140
97 25 40 60
97 29 28 89
98 33 4 47
99 33 7 47
99 25 43 60
99 29 37 89
100 33 10 47
100 7 13 93
1 30 5 85
2 30 11 85
7 40 1 5
7 30 7 85
9 40 10 5
10 40 3 5
12 40 5 5
12 30 1 85
13 40 7 5
14 40 16 5
14 30 19 85
17 40 19 5
17 30 9 85
18 40 22 5
18 30 17 85
21 30 3 85
23 30 21 85
24 30 23 85
25 40 13 5
25 30 25 85
26 40 25 5
26 30 13 85
29 40 28 5
31 40 31 5
32 30 15 85
33 30 33 85
36 40 35 5
36 30 29 85
37 40 37 5
38 40 43 5
39 30 31 85
40 40 39 5
40 30 27 85
41 30 35 85
42 30 37 85
44 40 41 5
44 30 43 85
47 30 39 85
48 40 45 5
49 40 33 5
51 40 47 5
52 30 41 85
53 40 49 5
53 30 45 85
55 40 51 5
55 30 47 85
56 30 53 85
58 40 53 5
59 40 55 5
63 30 49 85
64 30 51 85
65 40 57 5
68 40 7 28
70 40 59 5
72 40 4 28
73 40 1 28
73 30 58 85
75 40 9 28
76 40 11 28
78 30 55 85
79 40 13 28
81 40 15 28
82 40 17 28
85 40 21 28
87 30 10 93
88 40 19 28
89 40 23 28
89 30 16 93
91 30 19 93
93 30 21 93
99 30 23 93
2 31 13 70
4 31 19 70
5 31 25 70
7 31 31 70
10 31 43 70
12 31 9 70
14 31 49 70
20 31 1 70
22 31 37 70
23 31 55 70
27 31 1 102
29 31 13 102
32 31 43 102
33 31 7 102
37 31 19 102
39 31 49 102
43 31 31 102
44 31 25 102
48 31 37 102
49 31 1 37
52 31 55 102
55 31 7 37
56 31 19 37
57 31 13 37
58 31 25 37
59 31 31 37
60 31 39 37
61 31 43 37
66 31 49 37
70 31 55 37
72 31 25 93
75 31 31 93
78 31 37 93
80 31 43 93
81 31 49 93
89 31 55 93
1 28 34 48
2 15 4 107
2 28 19 48
3 14 22 62
4 28 25 48
5 14 19 62
6 15 16 107
7 28 22 48
9 14 13 62
10 14 10 62
12 14 25 62
12 28 13 48
14 15 10 107
15 28 16 48
19 15 1 107
19 28 4 48
20 14 28 62
20 28 31 48
21 28 7 48
22 15 7 107
23 28 1 48
24 15 19 107
25 15 22 107
27 14 7 62
28 15 13 107
29 14 34 62
30 28 10 48
31 14 1 62
33 14 4 62
33 15 25 107
34 14 16 62
34 15 31 107
35 14 40 62
35 28 28 48
36 15 43 107
36 28 46 48
37 14 49 62
37 15 28 107
38 14 31 62
40 14 43 62
40 15 34 107
40 28 49 48
41 14 37 62
41 15 40 107
42 28 43 48
43 14 46 62
45 14 55 62
45 28 37 48
46 15 37 107
48 14 52 62
48 28 55 48
49 14 58 62
50 14 1 16
50 28 4 111
52 14 10 16
52 28 1 111
53 14 4 16
54 14 13 16
54 28 52 48
55 15 55 107
55 28 58 48
56 28 40 48
57 14 7 16
58 14 16 16
59 14 19 16
60 14 22 16
60 15 51 107
61 15 58 107
62 14 25 16
63 15 46 107
63 28 10 111
64 14 28 16
66 28 19 111
67 14 34 16
68 15 16 2
68 28 22 111
69 14 31 16
69 15 1 2
71 14 40 16
71 15 4 2
71 28 7 111
72 14 37 16
72 15 9 2
72 28 13 111
73 28 16 111
74 14 43 16
76 15 13 2
77 15 34 2
77 28 37 111
78 14 46 16
78 28 31 111
79 28 28 111
82 15 19 2
82 28 25 111
84 15 22 2
85 28 40 111
86 14 55 16
87 14 49 16
87 15 28 2
89 15 25 2
89 28 34 111
90 28 46 111
91 28 55 111
93 14 1 36
93 28 43 111
94 15 31 2
95 15 37 2
95 28 4 134
96 15 40 2
97 14 52 16
97 28 49 111
1 12 17 26
2 4 17 15
2 16 22 9
3 6 58 16
3 12 5 26
4 4 23 15
4 6 17 30
5 6 22 30
5 16 17 9
7 16 5 9
8 4 10 15
8 6 25 30
8 16 27 9
9 6 27 30
9 16 25 9
11 4 5 15
11 12 11 26
12 12 22 26
13 4 13 15
13 6 19 30
14 6 5 30
14 16 29 9
15 16 11 9
16 12 7 26
16 16 13 9
17 6 7 30
17 16 15 9
19 6 13 30
20 4 7 15
20 6 11 30
20 12 19 26
21 4 1 15
21 6 15 30
22 6 1 30
22 12 3 26
22 16 19 9
23 12 34 26
23 16 7 9
24 6 3 30
25 4 3 15
25 12 1 26
27 4 15 15
28 4 19 15
28 12 9 26
29 12 37 26
30 4 25 15
30 6 29 30
31 16 9 9
32 12 13 26
33 4 35 15
34 12 39 26
35 4 21 15
35 16 1 9
36 12 25 26
37 6 9 30
38 4 27 15
38 6 37 30
38 16 3 9
39 4 29 15
39 12 15 26
40 6 41 30
40 12 46 26
41 4 31 15
41 6 33 30
43 12 29 26
44 6 31 30
44 4 49 15
44 16 35 9
45 6 35 30
45 4 33 15
46 12 31 26
48 4 41 15
49 12 27 26
49 16 31 9
50 6 39 30
51 4 37 15
51 6 43 30
52 12 43 26
52 16 37 9
53 4 39 15
53 6 47 30
53 12 41 26
54 4 46 15
54 6 49 30
54 16 33 9
55 16 41 9
56 4 43 15
56 16 45 9
57 4 51 15
57 16 39 9
58 6 45 30
59 6 51 30
59 16 43 9
61 4 53 15
61 6 55 30
62 4 4 55
62 12 11 23
63 4 55 15
63 12 57 26
63 16 59 9
64 4 57 15
65 16 47 9
67 4 1 55
67 12 49 26
67 16 51 9
68 4 19 55
68 12 51 26
69 12 53 26
70 6 53 30
70 16 49 9
73 6 3 95
74 6 57 30
74 16 55 9
75 6 5 95
76 16 53 9
77 4 59 15
78 4 7 55
78 6 59 30
79 4 9 55
80 6 1 95
80 12 55 26
80 16 57 9
82 12 59 26
82 16 1 54
83 6 7 95
84 4 13 55
84 16 5 54
85 12 5 23
85 6 9 95
87 4 16 55
87 6 23 95
87 12 35 23
88 16 3 54
89 4 11 55
89 6 13 95
90 6 11 95
90 12 23 23
91 4 21 55
91 6 15 95
92 4 25 55
93 6 17 95
93 16 7 54
94 16 13 54
96 6 19 95
96 12 17 23
97 4 23 55
97 6 21 95
98 12 29 23
99 4 31 55
100 16 16 54
3 26 25 104
4 26 31 104
6 26 19 104
8 26 43 104
9 26 37 104
13 26 49 104
15 26 55 104
16 26 15 104
24 26 31 125
25 26 7 104
26 26 27 125
31 26 13 125
34 26 7 125
35 26 3 104
38 26 19 125
47 26 1 125
48 26 1 24
49 26 45 125
53 26 51 125
57 26 25 24
58 26 37 125
59 26 57 125
60 26 13 24
62 26 7 24
63 26 31 24
64 26 45 24
66 26 37 24
68 26 25 99
71 26 19 24
75 26 49 24
79 26 1 99
81 26 55 24
82 26 7 99
86 26 13 99
90 26 19 99
91 26 31 99
93 26 37 99
95 26 43 99
98 26 55 99
100 26 49 99
1 37 37 77
4 35 28 136
5 37 31 77
6 37 34 77
9 35 31 136
10 35 13 136
18 35 1 136
19 37 7 77
20 37 25 77
21 37 10 77
23 37 4 77
24 35 7 136
27 37 40 77
28 37 1 77
30 37 22 77
31 35 4 136
31 37 28 77
32 35 49 136
34 37 13 77
35 37 16 77
36 35 16 136
37 37 52 77
38 35 10 136
39 35 19 136
40 35 22 136
42 35 46 136
42 37 55 77
43 35 37 136
45 35 25 136
45 37 19 77
46 37 43 77
47 35 34 136
48 35 58 136
49 37 7 42
51 35 40 136
51 37 58 77
53 35 1 147
53 37 13 42
54 35 55 136
55 35 4 147
57 37 46 77
57 35 43 136
58 35 19 147
58 37 49 77
59 35 7 147
60 35 25 147
62 37 16 42
63 35 13 147
64 35 16 147
64 37 1 42
65 37 10 42
66 35 22 147
67 37 4 42
69 35 10 147
70 35 28 147
70 37 22 42
72 35 31 147
72 37 19 42
73 35 34 147
75 35 37 147
76 37 31 42
77 37 40 42
79 35 40 147
80 35 49 147
81 35 43 147
81 37 25 42
82 37 34 42
83 35 52 136
85 35 46 147
86 35 1 80
89 37 28 42
91 35 58 147
95 37 55 42
96 35 52 147
97 37 37 42
98 35 7 80
99 37 46 42
100 37 58 42
1 8 23 34
1 11 29 58
2 11 25 58
2 21 27 29
2 27 29 98
3 8 11 34
3 11 31 58
3 21 29 29
3 22 33 138
4 11 35 58
5 21 34 29
5 27 37 98
6 8 29 34
6 27 23 98
7 8 17 34
7 11 19 58
7 21 25 29
7 27 27 98
8 11 16 58
9 11 23 58
9 21 41 29
9 22 29 138
10 11 40 58
10 21 16 29
10 22 23 138
10 27 35 98
11 11 37 58
11 22 35 138
12 22 31 138
13 22 25 138
14 8 21 34
14 22 41 138
15 11 13 58
16 8 25 34
16 21 31 29
16 27 33 98
17 11 11 58
18 27 25 98
19 8 15 34
19 11 27 58
19 21 23 29
19 22 17 138
19 27 31 98
20 11 5 58
21 8 5 34
21 11 21 58
21 21 37 29
21 27 17 98
22 8 13 34
22 27 5 98
23 11 43 58
23 21 19 29
23 22 37 138
24 8 1 34
24 11 47 58
24 27 39 98
25 8 27 34
25 11 33 58
25 21 5 29
25 27 11 98
26 8 19 34
26 22 5 138
27 8 31 34
27 27 13 98
28 11 7 58
28 21 11 29
28 22 21 138
30 8 3 34
30 22 1 138
31 27 7 98
32 11 1 58
33 8 40 34
34 8 34 34
34 11 49 58
35 8 7 34
35 22 9 138
35 27 19 98
36 21 1 29
37 21 7 29
38 8 45 34
38 11 53 58
38 21 13 29
38 22 7 138
39 11 9 58
41 8 43 34
42 27 1 98
43 8 9 34
43 21 3 29
45 11 3 58
46 11 55 58
46 21 9 29
46 22 3 138
46 27 15 98
47 21 21 29
47 22 11 138
48 21 43 29
48 22 13 138
49 22 15 138
49 27 52 98
50 21 47 29
53 11 7 103
53 27 21 98
54 11 1 103
55 21 49 29
55 27 17 41
56 8 37 34
56 11 58 58
56 22 47 138
57 22 49 138
57 27 41 98
58 8 47 34
59 21 45 29
59 22 27 138
59 27 3 98
61 21 39 29
63 11 16 103
64 22 19 138
64 27 49 98
65 8 53 34
65 22 39 138
66 21 53 29
66 22 43 138
67 11 45 58
67 22 53 138
69 8 55 34
69 11 4 103
71 8 51 34
71 11 10 103
71 21 55 29
73 11 51 58
73 21 5 40
73 22 7 128
74 8 59 34
74 21 1 40
79 21 59 29
79 27 43 98
81 8 1 44
81 11 19 103
82 27 45 98
83 27 47 98
84 8 49 34
84 22 45 138
84 27 55 98
85 11 13 103
85 22 51 138
86 8 4 44
86 27 23 41
87 8 57 34
87 11 31 103
88 21 7 40
88 22 55 138
89 8 7 44
89 11 21 103
89 21 51 29
89 22 59 138
90 8 9 44
90 21 57 29
90 27 59 98
91 11 23 103
91 27 9 98
92 27 5 41
94 11 29 103
94 21 3 40
94 27 35 41
95 11 25 103
95 21 9 40
96 11 27 103
96 22 1 128
97 8 11 44
97 11 33 103
97 22 57 138
97 27 7 41
98 8 13 44
98 11 35 103
99 11 40 103
100 11 37 103
3 24 37 135
4 24 43 135
5 24 49 135
6 24 55 135
7 24 37 139
8 24 49 139
12 24 33 135
13 24 27 135
18 24 31 139
20 24 43 139
21 24 25 139
22 24 15 135
30 24 55 139
31 24 21 135
40 24 1 135
43 24 13 139
44 24 7 135
45 24 7 139
47 24 7 145
48 24 19 139
50 24 13 145
51 24 19 145
52 24 25 145
59 24 13 100
61 24 49 145
62 24 31 145
68 24 37 145
70 24 37 56
73 24 9 100
74 24 3 139
77 24 1 145
83 24 43 145
84 24 57 145
86 24 31 56
88 24 25 100
90 24 49 3
93 24 31 100
99 24 1 100
100 24 19 100
2 36 31 13
7 36 43 13
8 36 55 13
12 36 28 13
13 36 34 13
14 36 46 13
15 36 37 13
17 36 21 13
19 36 49 13
25 36 52 13
26 36 10 13
28 36 4 13
29 36 58 13
32 36 3 72
33 36 1 13
37 36 13 13
38 36 16 13
42 36 7 13
43 36 19 72
44 36 13 72
45 36 40 13
47 36 25 13
55 36 22 72
60 36 28 72
61 36 10 72
66 36 31 72
71 36 25 72
73 36 37 72
74 36 7 72
75 36 40 72
78 36 43 72
81 36 46 72
84 36 16 72
92 36 49 72
93 36 4 143
95 36 34 72
96 36 7 143
97 36 1 143
1 10 40 68
2 10 34 68
4 10 37 68
6 10 31 68
13 10 43 68
18 10 45 68
19 10 25 68
22 10 27 68
28 10 23 68
29 10 5 68
31 10 11 68
32 10 17 68
33 10 47 68
39 10 7 68
43 10 1 68
46 10 13 68
47 10 19 68
50 10 9 68
56 10 29 68
60 10 55 68
61 10 21 68
68 10 49 68
79 10 15 68
80 10 3 68
83 10 57 68
84 10 51 68
86 10 11 71
93 10 59 68
98 10 53 68
99 10 5 71
100 10 1 71
1 17 43 2
2 39 37 52
2 17 49 2
3 17 43 33
4 39 49 52
5 17 55 2
6 39 43 52
7 39 55 52
12 17 37 33
13 39 45 117
14 17 31 33
15 39 31 52
15 17 49 33
16 17 27 33
17 39 37 117
18 39 55 117
21 17 55 33
22 39 49 117
23 39 39 75
24 39 49 75
26 17 37 79
27 39 43 75
27 17 55 79
29 39 19 52
30 39 37 95
30 17 49 42
31 39 43 95
34 17 51 79
36 39 3 52
37 39 55 75
37 17 39 21
40 39 7 52
41 39 27 52
41 17 1 33
42 39 13 52
43 17 55 3
44 39 1 117
44 17 19 33
45 17 13 33
46 17 19 79
47 17 55 21
48 17 7 33
50 39 19 117
50 17 31 79
51 39 7 117
52 39 13 117
55 39 25 117
56 39 31 117
57 17 31 21
60 39 31 75
61 17 25 79
64 39 31 95
65 39 31 112
66 39 55 95
66 17 45 79
68 39 43 112
69 17 37 86
70 39 13 75
71 17 57 86
73 17 19 21
74 39 25 75
76 39 37 112
77 39 13 112
77 17 43 21
79 17 45 86
83 39 3 75
83 17 25 21
84 39 25 95
88 39 9 75
88 17 13 79
90 17 1 79
92 17 1 21
95 17 15 21
96 17 3 86
98 39 19 75
100 39 3 112
100 17 25 86
5 19 29 78
6 19 37 78
8 19 23 78
9 19 34 78
11 19 39 78
12 19 41 78
15 19 47 78
16 19 43 78
18 19 53 78
20 19 49 78
25 19 17 78
26 19 55 78
31 19 25 78
34 19 5 78
35 19 11 78
40 19 13 78
43 19 7 78
45 19 1 78
47 19 31 78
48 19 15 78
50 19 7 126
52 19 19 78
53 19 27 78
54 19 3 78
57 19 59 78
58 19 1 126
59 19 5 126
61 19 13 126
70 19 51 78
75 19 11 126
82 19 57 78
90 19 25 126
92 19 17 126
93 19 9 78
94 19 21 78
Điểm tối ưu: 1420
Thời gian: 0.101276 giây
Trạng thái: GREEDY_DONE
