7006
2 129 1 225
3 129 7 225
4 6 1 521
8 129 13 225
13 152 1 83
14 152 7 83
16 129 19 225
16 152 13 83
21 129 25 225
23 129 31 225
23 105 1 336
24 129 37 225
29 152 19 83
31 129 43 225
41 6 7 521
42 152 25 83
47 6 13 521
47 105 7 336
51 6 19 521
59 129 49 225
63 105 13 336
74 6 25 521
78 105 19 336
81 152 31 83
83 129 55 225
90 105 25 336
98 105 31 336
109 6 31 521
115 105 37 336
123 105 43 336
134 105 49 336
137 152 37 83
139 6 37 521
141 105 55 336
141 152 43 83
143 152 49 83
168 6 43 521
169 152 55 83
171 6 49 521
174 6 55 521
1 81 1 517
2 21 7 342
6 59 1 95
10 21 1 342
10 59 4 95
16 190 1 427
24 148 1 360
25 148 4 360
28 162 1 170
30 98 1 472
37 98 4 472
40 162 4 170
40 21 10 342
42 81 4 517
42 21 13 342
45 190 4 427
47 98 19 472
50 162 7 170
52 162 10 170
54 162 13 170
54 81 7 517
57 190 7 427
59 98 7 472
60 148 7 360
64 162 16 170
65 59 7 95
66 81 10 517
68 21 4 342
71 148 10 360
75 98 10 472
75 190 13 427
76 190 10 427
78 162 25 170
81 190 16 427
82 190 19 427
83 21 16 342
84 162 19 170
84 148 13 360
87 59 10 95
97 81 13 517
100 59 13 95
105 162 22 170
110 190 22 427
111 162 28 170
112 21 19 342
115 162 31 170
116 190 25 427
117 162 34 170
119 98 13 472
119 162 37 170
119 148 16 360
120 162 40 170
122 59 16 95
123 98 16 472
124 190 28 427
128 148 19 360
129 81 16 517
130 98 22 472
134 162 43 170
135 190 31 427
136 81 19 517
139 81 22 517
142 21 22 342
143 190 34 427
144 21 25 342
151 81 25 517
152 162 46 170
153 148 22 360
154 21 28 342
158 98 25 472
158 148 28 360
158 59 19 95
158 190 37 427
159 21 31 342
160 21 34 342
161 162 49 170
161 21 37 342
162 81 28 517
163 98 28 472
165 98 31 472
166 148 25 360
166 21 40 342
169 21 43 342
172 21 46 342
172 190 40 427
173 21 49 342
174 162 52 170
178 190 43 427
184 162 55 170
187 81 31 517
191 162 58 170
192 98 34 472
192 190 46 427
193 98 37 472
194 81 34 517
195 59 22 95
196 98 40 472
197 98 43 472
197 81 37 517
197 21 52 342
197 190 49 427
198 81 40 517
200 59 25 95
203 148 31 360
204 98 46 472
204 148 34 360
209 98 49 472
217 98 52 472
220 59 28 95
221 148 37 360
223 148 40 360
225 98 55 472
225 148 43 360
227 148 46 360
229 81 43 517
231 21 55 342
231 190 52 427
233 81 46 517
237 59 31 95
237 81 49 517
240 21 58 342
248 98 58 472
256 148 49 360
258 81 52 517
261 148 52 360
263 81 55 517
270 148 55 360
270 190 58 427
274 81 58 517
276 59 34 95
279 148 58 360
285 190 55 427
323 59 37 95
324 59 40 95
328 59 43 95
347 59 46 95
354 59 49 95
356 59 52 95
371 59 55 95
383 59 58 95
3 150 1 152
5 149 1 649
6 55 4 387
9 149 3 649
11 150 3 152
12 140 1 46
14 66 1 204
14 150 5 152
16 55 7 387
25 66 7 204
26 55 1 387
27 150 7 152
29 66 3 204
34 149 5 649
36 140 3 46
38 66 5 204
39 140 5 46
47 55 11 387
48 150 9 152
49 55 9 387
50 150 11 152
51 28 1 54
52 55 13 387
52 149 7 649
53 149 9 649
58 150 13 152
63 66 9 204
64 66 11 204
64 150 19 152
68 149 11 649
69 149 13 649
71 150 15 152
73 28 3 54
75 150 17 152
76 140 7 46
79 66 13 204
79 149 15 649
80 66 15 204
83 55 19 387
84 66 17 204
84 149 22 649
85 140 9 46
86 66 19 204
88 66 21 204
91 150 21 152
94 140 11 46
95 28 5 54
99 149 17 649
112 140 13 46
114 149 19 649
114 28 7 54
117 55 15 387
118 149 25 649
122 150 23 152
123 140 19 46
124 150 25 152
125 66 23 204
126 149 27 649
126 55 17 387
128 66 25 204
131 28 9 54
134 28 11 54
135 66 27 204
137 140 15 46
139 55 25 387
140 150 27 152
143 150 29 152
149 140 17 46
151 140 21 46
153 150 31 152
154 66 31 204
158 140 23 46
163 66 33 204
165 66 29 204
166 140 28 46
166 55 21 387
167 150 33 152
172 66 35 204
173 149 29 649
173 150 35 152
173 55 23 387
175 150 37 152
176 140 25 46
176 150 39 152
180 140 31 46
186 140 33 46
187 28 13 54
189 66 37 204
191 55 27 387
192 66 39 204
192 28 15 54
194 28 17 54
196 66 43 204
198 55 29 387
199 66 41 204
205 140 35 46
206 28 19 54
210 150 41 152
210 28 21 54
213 149 31 649
214 55 31 387
216 150 43 152
216 55 33 387
217 150 45 152
218 66 45 204
218 150 47 152
218 28 23 54
220 140 37 46
221 140 40 46
221 149 33 649
225 149 35 649
225 150 49 152
226 140 43 46
226 149 37 649
227 149 39 649
229 149 41 649
229 28 25 54
231 55 35 387
236 66 47 204
239 149 43 649
249 66 49 204
249 28 27 54
250 150 51 152
251 140 45 46
252 149 45 649
256 55 37 387
259 55 39 387
259 28 29 54
262 66 51 204
263 55 41 387
268 55 43 387
270 66 53 204
271 66 55 204
273 66 57 204
274 28 31 54
279 149 47 649
280 28 33 54
286 28 35 54
291 55 45 387
298 66 59 204
298 150 53 152
299 150 55 152
300 140 47 46
301 28 37 54
304 28 39 54
309 149 49 649
311 140 49 46
314 55 47 387
315 55 49 387
320 140 51 46
327 28 41 54
328 140 53 46
331 149 51 649
332 150 57 152
337 55 51 387
341 55 53 387
342 55 55 387
343 55 57 387
344 149 53 649
345 28 43 54
346 28 45 54
348 150 59 152
348 28 47 54
351 55 59 387
354 140 55 46
358 149 55 649
363 149 57 649
364 140 57 46
367 28 49 54
370 140 59 46
375 149 59 649
388 28 51 54
390 28 53 54
395 28 55 54
398 28 57 54
402 28 59 54
1 85 7 670
3 46 3 662
3 85 13 670
8 85 1 670
16 46 9 662
19 46 13 662
24 157 7 622
31 46 19 662
37 157 13 622
43 85 19 670
51 157 3 622
53 85 25 670
55 85 31 670
58 46 25 662
59 46 31 662
60 46 37 662
61 46 43 662
61 157 19 622
66 157 25 622
70 85 37 670
73 157 31 622
77 46 49 662
77 157 37 622
85 85 43 670
90 46 55 662
92 157 43 622
95 46 1 380
95 157 49 622
96 85 49 670
105 85 55 670
111 46 7 380
112 46 15 380
113 46 19 380
114 46 25 380
115 157 55 622
121 85 1 743
122 46 31 380
122 157 1 722
125 157 7 722
131 157 13 722
133 85 7 743
134 85 13 743
143 46 37 380
147 85 19 743
148 46 43 380
153 85 25 743
154 46 49 380
156 85 31 743
171 157 19 722
172 46 55 380
172 157 25 722
180 157 33 722
188 85 37 743
189 157 39 722
204 157 49 722
208 157 43 722
226 85 45 743
228 157 55 722
240 85 49 743
257 85 55 743
9 121 7 554
14 82 13 293
32 82 1 293
42 82 7 293
49 121 1 554
54 82 4 293
65 82 10 293
66 121 4 554
67 82 16 293
68 82 19 293
86 121 10 554
89 82 22 293
91 121 13 554
109 121 16 554
116 82 28 293
116 121 19 554
120 121 22 554
126 82 31 293
128 82 34 293
129 121 25 554
144 82 37 293
147 121 28 554
151 82 40 293
157 82 25 293
157 121 31 554
160 121 37 554
175 121 34 554
180 82 43 293
186 121 40 554
191 82 46 293
199 121 43 554
209 82 52 293
215 82 49 293
222 121 46 554
222 82 55 293
228 82 1 702
228 121 49 554
238 121 52 554
245 121 55 554
246 82 58 293
248 121 1 286
250 121 58 554
254 82 4 702
261 82 7 702
262 82 10 702
270 82 13 702
277 82 16 702
289 82 19 702
292 82 22 702
305 121 4 286
307 82 25 702
313 82 28 702
314 82 31 702
320 121 7 286
327 82 34 702
333 121 10 286
338 121 13 286
346 121 16 286
361 82 37 702
362 121 19 286
364 82 40 702
369 82 43 702
369 121 22 286
371 82 46 702
371 121 25 286
375 121 28 286
378 121 31 286
383 82 49 702
389 82 52 702
404 82 55 702
411 82 58 702
415 121 34 286
419 121 37 286
423 121 40 286
438 121 43 286
440 121 46 286
447 121 49 286
459 121 52 286
479 121 55 286
3 171 11 440
9 33 1 601
11 33 5 601
13 4 5 375
13 170 7 121
16 33 17 601
19 61 1 287
20 4 1 375
27 4 3 375
27 137 1 587
27 171 5 440
27 61 9 287
27 87 11 277
30 4 7 375
32 33 7 601
35 4 9 375
35 87 1 277
37 61 7 287
40 33 13 601
40 170 1 121
42 170 10 121
45 137 7 587
51 171 7 440
52 87 3 277
55 87 5 277
56 33 3 601
56 137 5 587
60 137 3 587
63 170 3 121
64 171 1 440
68 4 13 375
71 61 3 287
73 137 9 587
73 87 7 277
74 87 9 277
75 4 19 375
81 170 5 121
82 4 11 375
83 33 9 601
84 87 25 277
86 137 13 587
87 170 13 121
93 171 3 440
95 170 15 121
96 87 13 277
102 87 15 277
103 4 15 375
108 61 5 287
109 33 11 601
109 171 9 440
110 170 17 121
111 4 17 375
112 171 22 440
115 33 15 601
116 61 11 287
118 4 21 375
120 4 25 375
120 171 13 440
121 33 19 601
121 87 17 277
125 33 21 601
129 170 19 121
130 4 27 375
134 170 21 121
138 87 19 277
139 137 11 587
141 33 23 601
142 4 29 375
144 137 15 587
146 171 15 440
146 87 21 277
148 171 17 440
151 33 28 601
151 4 23 375
155 87 23 277
156 33 25 601
157 33 34 601
157 170 23 121
157 171 19 440
158 171 31 440
160 4 31 375
161 33 31 601
162 4 33 375
163 33 37 601
163 61 13 287
173 170 25 121
174 33 39 601
175 33 41 601
177 33 43 601
179 87 27 277
182 170 27 121
184 4 35 375
186 33 45 601
191 4 37 375
192 171 25 440
192 87 29 277
193 170 29 121
201 4 39 375
201 171 27 440
202 171 29 440
208 4 41 375
210 137 17 587
210 171 33 440
211 61 15 287
220 87 31 277
226 61 17 287
237 137 19 587
238 87 33 277
239 137 21 587
240 137 23 587
241 61 19 287
245 87 35 277
246 171 35 440
252 170 31 121
252 137 25 587
258 33 47 601
259 171 37 440
266 61 21 287
268 170 33 121
271 4 43 375
272 33 49 601
273 170 35 121
273 171 39 440
274 137 27 587
275 33 51 601
275 87 37 277
277 137 29 587
279 61 23 287
280 4 45 375
284 87 39 277
285 171 41 440
285 61 25 287
286 137 31 587
289 33 53 601
289 170 37 121
290 170 39 121
290 61 27 287
295 170 41 121
297 61 29 287
298 171 43 440
299 87 41 277
300 170 43 121
300 61 31 287
305 61 33 287
307 170 45 121
307 171 47 440
309 4 47 375
309 137 33 587
310 137 35 587
311 170 47 121
312 87 43 277
315 137 37 587
316 33 55 601
316 171 45 440
320 87 45 277
322 33 57 601
324 170 49 121
327 170 51 121
332 87 47 277
335 33 59 601
336 137 39 587
341 33 1 253
343 33 3 253
345 4 49 375
349 137 41 587
351 33 5 253
352 61 35 287
353 33 7 253
354 137 43 587
355 87 49 277
363 87 51 277
364 61 37 287
365 4 51 375
366 170 53 121
367 171 51 440
368 171 49 440
369 137 46 587
370 61 39 287
371 171 53 440
374 170 55 121
375 33 9 253
376 171 55 440
377 87 53 277
379 4 53 375
382 171 57 440
383 137 52 587
385 170 57 121
387 87 55 277
389 33 11 253
389 170 59 121
389 61 41 287
391 137 49 587
393 33 13 253
393 171 59 440
394 33 15 253
395 33 17 253
395 4 57 375
403 33 19 253
403 61 43 287
406 4 55 375
407 4 59 375
410 137 55 587
410 170 1 103
410 61 45 287
411 171 1 278
414 33 21 253
416 171 3 278
416 87 57 277
421 137 57 587
424 171 5 278
426 170 3 103
428 4 1 605
428 170 5 103
429 170 7 103
431 33 23 253
431 170 9 103
433 61 47 287
434 33 25 253
440 170 11 103
441 4 3 605
442 171 7 278
444 170 13 103
446 171 9 278
451 171 11 278
452 170 15 103
453 87 59 277
455 4 5 605
457 171 13 278
460 33 27 253
464 137 59 587
466 137 1 629
468 171 15 278
469 170 17 103
473 171 17 278
477 4 7 605
477 137 3 629
479 33 29 253
479 4 9 605
480 33 31 253
481 4 11 605
482 4 13 605
484 33 33 253
487 61 49 287
490 33 35 253
491 61 51 287
493 87 1 520
499 171 19 278
499 170 21 103
1 180 13 443
5 132 3 190
5 76 7 549
8 132 7 190
10 132 13 190
10 76 19 549
15 76 1 549
17 125 1 161
26 180 3 443
27 132 19 190
29 132 25 190
32 125 9 161
39 91 1 467
42 125 19 161
45 132 31 190
47 125 25 161
48 91 13 467
52 91 19 467
55 91 7 467
56 180 7 443
57 91 25 467
61 76 13 549
65 180 19 443
74 76 31 549
77 180 25 443
79 132 37 190
91 76 25 549
92 91 31 467
93 76 37 549
95 132 43 190
100 76 43 549
100 180 31 443
100 91 37 467
103 132 49 190
104 76 49 549
105 180 37 443
106 180 43 443
106 125 13 161
121 180 49 443
127 125 31 161
128 91 43 467
132 91 49 467
132 125 37 161
133 91 55 467
135 76 55 549
137 76 1 666
137 180 55 443
140 125 43 161
143 76 7 666
149 125 49 161
152 76 13 666
152 91 1 87
155 91 7 87
157 91 13 87
160 76 19 666
161 91 19 87
164 125 55 161
165 125 1 354
167 76 25 666
171 91 25 87
172 76 31 666
175 132 55 190
177 132 1 557
180 91 37 87
183 91 31 87
187 125 7 354
188 132 7 557
195 91 43 87
195 76 37 666
199 180 1 335
200 91 49 87
202 76 43 666
202 91 55 87
204 132 13 557
207 76 49 666
212 132 19 557
213 125 13 354
214 76 55 666
217 91 1 242
218 125 19 354
223 76 1 316
224 125 25 354
226 125 31 354
228 91 7 242
229 76 7 316
231 76 13 316
232 125 37 354
233 132 25 557
236 76 19 316
236 180 7 335
239 76 25 316
240 91 13 242
242 180 13 335
242 91 19 242
243 125 43 354
244 76 31 316
252 132 33 557
252 76 37 316
255 91 25 242
256 125 55 354
260 125 49 354
261 180 19 335
265 180 25 335
269 132 37 557
269 76 43 316
273 91 31 242
275 132 43 557
275 180 31 335
276 125 1 266
278 91 37 242
281 180 37 335
283 125 7 266
284 180 43 335
285 132 49 557
287 132 55 557
287 125 13 266
290 180 49 335
293 91 43 242
294 91 49 242
295 125 19 266
297 91 55 242
299 125 25 266
300 132 1 44
301 180 55 335
312 125 31 266
316 180 1 90
319 132 7 44
322 125 37 266
323 76 49 316
323 180 7 90
326 125 43 266
329 180 13 90
331 76 55 316
332 125 49 266
334 125 55 266
340 132 13 44
345 180 19 90
346 132 19 44
357 180 25 90
372 132 25 44
378 132 37 44
380 180 31 90
384 180 37 90
386 132 31 44
390 132 43 44
390 180 49 90
391 132 51 44
399 180 43 90
413 132 55 44
433 180 55 90
12 135 3 598
37 135 9 598
54 135 16 598
75 135 21 598
78 135 13 598
80 135 25 598
112 135 28 598
117 135 31 598
122 135 37 598
140 135 34 598
151 135 43 598
162 135 40 598
171 135 46 598
181 135 49 598
183 135 52 598
188 135 55 598
193 135 58 598
207 135 1 166
221 135 4 166
262 135 7 166
287 135 10 166
380 135 13 166
381 135 16 166
399 135 19 166
402 135 22 166
403 135 25 166
412 135 28 166
413 135 31 166
420 135 34 166
428 135 37 166
431 135 40 166
437 135 43 166
459 135 46 166
471 135 49 166
482 135 52 166
486 135 55 166
491 135 58 166
1 118 4 250
23 118 7 250
29 118 1 250
31 118 9 250
38 146 1 79
40 146 7 79
44 146 3 79
58 146 5 79
61 146 9 79
62 118 11 250
69 118 15 250
75 146 25 79
78 146 11 79
86 118 17 250
87 118 19 250
108 118 13 250
114 118 21 250
118 118 23 250
158 146 13 79
159 146 15 79
163 118 25 250
164 118 27 250
169 118 29 250
176 118 31 250
178 146 17 79
188 146 19 79
191 146 21 79
193 146 23 79
196 146 27 79
198 118 33 250
225 118 37 250
230 146 29 79
232 146 31 79
234 146 33 79
236 118 35 250
237 118 39 250
240 146 35 79
242 118 41 250
244 118 43 250
250 146 37 79
253 118 45 250
259 146 41 79
263 118 47 250
269 118 49 250
272 146 39 79
273 146 43 79
289 146 45 79
300 118 51 250
306 146 47 79
318 118 53 250
320 118 55 250
326 146 49 79
330 118 57 250
341 118 59 250
342 146 51 79
348 146 53 79
387 146 57 79
402 146 55 79
404 118 1 187
408 146 59 79
410 118 3 187
417 146 1 168
422 118 5 187
429 118 9 187
431 118 7 187
453 146 3 168
454 118 11 187
456 146 5 168
469 118 13 187
470 146 7 168
470 118 15 187
474 146 9 168
482 118 17 187
484 146 11 168
484 118 19 187
489 146 13 168
499 146 15 168
30 117 4 274
35 117 13 274
42 117 1 274
59 117 10 274
63 117 19 274
65 117 16 274
92 117 7 274
121 117 22 274
123 117 25 274
141 117 28 274
145 117 31 274
146 117 34 274
168 117 37 274
171 117 40 274
182 117 43 274
198 117 46 274
199 117 49 274
211 117 52 274
218 117 55 274
233 117 58 274
251 117 1 162
267 117 4 162
275 117 7 162
302 117 10 162
316 117 13 162
319 117 16 162
349 117 19 162
387 117 22 162
409 117 25 162
429 117 28 162
431 117 31 162
435 117 34 162
436 117 37 162
441 117 40 162
446 117 43 162
454 117 46 162
480 117 49 162
492 117 52 162
494 117 55 162
9 27 5 27
15 27 7 27
20 27 3 27
22 27 1 27
26 102 7 703
31 102 1 703
35 27 11 27
42 102 16 703
45 102 9 703
51 102 11 703
53 27 13 27
55 102 3 703
58 102 19 703
62 102 5 703
65 27 23 27
74 102 13 703
88 102 23 703
89 27 9 27
90 27 15 27
95 27 17 27
99 27 19 27
104 102 21 703
111 27 21 27
117 27 25 27
125 27 27 27
134 27 29 27
135 27 34 27
139 102 27 703
140 102 25 703
144 27 31 27
154 102 33 703
155 102 29 703
165 27 37 27
177 102 31 703
196 27 45 27
232 27 41 27
237 27 43 27
238 102 35 703
239 27 39 27
249 102 37 703
249 27 47 27
254 102 39 703
256 27 52 27
263 27 49 27
265 102 41 703
266 27 55 27
267 27 57 27
280 27 59 27
290 102 43 703
296 27 1 531
297 27 3 531
303 27 5 531
307 102 49 703
311 102 45 703
320 102 47 703
323 27 11 531
335 27 7 531
340 27 9 531
351 27 13 531
355 102 51 703
357 27 15 531
358 27 17 531
362 102 53 703
373 102 55 703
377 27 19 531
383 27 21 531
395 27 23 531
396 102 57 703
398 27 25 531
400 27 27 531
407 102 17 168
409 102 59 703
417 102 19 168
430 27 29 531
448 27 31 531
452 102 21 168
454 27 33 531
463 27 35 531
469 27 37 531
477 102 23 168
485 27 39 531
5 23 13 731
6 73 7 474
13 23 9 731
23 73 13 474
39 73 19 474
52 23 25 731
62 73 1 474
67 23 1 731
74 73 37 474
84 73 27 474
124 23 19 731
125 73 31 474
126 73 43 474
143 23 43 731
144 23 33 731
155 73 49 474
162 73 55 474
170 23 37 731
180 73 1 213
187 73 15 213
198 73 7 213
203 23 49 731
204 73 19 213
205 73 25 213
211 23 55 731
213 23 1 469
232 23 7 469
234 73 37 213
235 23 13 469
240 73 31 213
246 23 19 469
248 73 43 213
248 23 25 469
256 23 31 469
268 73 49 213
270 73 1 528
273 23 45 469
293 73 55 213
303 23 37 469
308 73 7 528
309 23 51 469
310 73 13 528
310 23 55 469
318 73 19 528
322 23 1 160
342 73 25 528
343 23 7 160
350 73 31 528
358 23 13 160
362 73 37 528
382 23 19 160
384 23 25 160
390 23 31 160
398 73 43 528
400 73 49 528
404 23 37 160
410 23 49 160
420 23 43 160
432 73 55 528
433 23 1 740
439 23 55 160
451 73 1 693
453 73 7 693
457 23 7 740
459 73 13 693
476 23 13 740
482 23 19 740
484 23 25 740
489 23 31 740
493 23 37 740
496 23 43 740
498 23 49 740
500 23 55 740
6 22 13 659
10 22 7 659
15 22 10 659
44 22 16 659
50 22 1 659
61 22 4 659
114 22 31 659
127 22 19 659
129 22 22 659
154 22 25 659
167 22 37 659
170 22 28 659
176 22 34 659
178 22 40 659
214 22 43 659
236 22 49 659
248 22 52 659
260 22 46 659
266 22 57 659
271 22 1 130
326 22 4 130
338 22 7 130
341 22 10 130
345 22 13 130
352 22 16 130
356 22 19 130
361 22 22 130
431 22 25 130
434 22 28 130
496 22 31 130
2 29 5 476
3 192 17 142
7 29 1 476
10 29 10 476
11 29 7 476
18 29 3 476
25 29 13 476
27 29 15 476
35 192 3 142
51 192 9 142
67 192 5 142
69 29 17 476
76 29 19 476
82 29 22 476
88 192 1 142
94 192 7 142
99 29 25 476
102 192 11 142
102 29 27 476
107 29 29 476
115 29 34 476
116 192 13 142
138 192 15 142
145 192 19 142
148 29 31 476
154 192 21 142
157 192 28 142
161 29 40 476
165 192 23 142
192 192 31 142
203 192 25 142
209 29 37 476
212 192 33 142
228 29 43 476
231 192 37 142
237 192 35 142
253 29 47 476
254 29 45 476
255 29 49 476
258 192 39 142
268 29 53 476
269 29 51 476
273 29 55 476
285 192 43 142
292 192 41 142
305 192 45 142
309 192 55 142
321 192 47 142
321 29 57 476
323 192 53 142
330 192 49 142
333 29 59 476
335 192 51 142
344 192 57 142
348 192 1 283
351 29 1 584
358 192 59 142
366 29 3 584
368 192 3 283
374 192 5 283
384 29 5 584
396 29 7 584
401 29 9 584
414 29 11 584
419 29 13 584
434 192 7 283
435 29 15 584
447 192 9 283
461 192 11 283
472 192 13 283
477 29 17 584
481 29 19 584
482 192 15 283
489 29 21 584
490 29 23 584
8 75 19 16
31 75 3 16
34 75 7 16
43 75 13 16
49 75 25 16
55 75 37 16
60 75 31 16
105 75 43 16
108 75 49 16
119 75 55 16
143 75 1 533
209 75 7 533
219 75 13 533
220 75 19 533
294 75 25 533
311 75 31 533
315 75 39 533
327 75 43 533
336 75 49 533
352 75 55 533
361 75 1 136
413 75 7 136
417 75 13 136
418 75 19 136
421 75 25 136
430 75 31 136
432 75 37 136
433 75 43 136
443 75 49 136
455 75 55 136
466 75 3 157
491 75 7 157
1 178 19 57
2 62 10 203
4 178 7 57
7 178 3 57
9 15 10 267
12 184 7 119
18 48 7 51
19 48 3 51
20 48 10 51
22 184 3 119
26 48 13 51
28 48 16 51
31 62 13 203
33 178 10 57
34 48 19 51
39 62 7 203
41 15 1 267
41 184 13 119
43 48 25 51
44 178 13 57
50 48 22 51
51 15 13 267
53 48 31 51
55 62 16 203
58 15 7 267
59 15 4 267
59 62 1 203
60 15 16 267
62 48 28 51
62 178 16 57
63 15 22 267
64 184 21 119
70 15 19 267
72 184 10 119
72 62 4 203
78 15 28 267
79 62 19 203
83 48 34 51
87 48 37 51
89 62 25 203
91 48 40 51
91 178 31 57
94 48 43 51
96 48 46 51
97 62 22 203
100 178 22 57
101 48 49 51
105 48 52 51
108 178 25 57
109 15 25 267
110 15 31 267
111 15 34 267
111 184 25 119
116 62 31 203
128 15 37 267
129 15 40 267
130 184 16 119
132 15 43 267
132 178 28 57
138 15 46 267
138 62 28 203
141 178 34 57
141 62 37 203
146 62 40 203
149 184 28 119
150 15 49 267
151 48 55 51
152 15 52 267
153 48 58 51
154 15 55 267
155 62 34 203
160 15 58 267
160 62 43 203
163 15 1 41
167 62 46 203
168 15 4 41
169 178 37 57
174 178 43 57
179 48 1 70
191 184 31 119
192 178 49 57
193 62 49 203
201 15 7 41
202 184 34 119
204 15 10 41
206 178 40 57
210 62 52 203
230 178 46 57
242 184 37 119
243 48 4 70
244 62 55 203
246 48 7 70
246 184 40 119
250 184 43 119
251 15 13 41
251 184 49 119
252 184 52 119
261 48 10 70
262 62 58 203
264 15 16 41
269 62 1 382
274 15 19 41
275 184 55 119
284 184 58 119
288 15 22 41
290 48 13 70
295 184 46 119
297 178 52 57
302 184 1 137
307 178 55 57
312 184 4 137
313 15 25 41
315 184 7 137
318 178 58 57
324 48 16 70
325 184 10 137
329 178 1 97
330 15 28 41
331 178 4 97
331 184 13 137
332 15 31 41
332 178 7 97
333 15 34 41
333 184 16 137
333 62 4 382
334 62 7 382
336 184 19 137
337 184 22 137
337 62 10 382
342 48 19 70
351 184 25 137
352 178 10 97
359 48 22 70
359 178 13 97
363 178 16 97
369 48 25 70
373 15 37 41
379 62 13 382
382 62 16 382
384 178 19 97
385 184 28 137
385 62 19 382
397 15 40 41
397 184 31 137
398 184 34 137
400 48 31 70
402 184 37 137
404 15 43 41
404 62 22 382
411 15 46 41
412 178 22 97
415 48 28 70
417 184 40 137
418 15 49 41
421 184 43 137
422 15 52 41
426 15 55 41
427 178 25 97
433 48 34 70
435 62 25 382
436 178 28 97
443 48 37 70
444 48 40 70
445 62 28 382
453 62 31 382
455 184 46 137
459 62 34 382
460 184 49 137
464 62 37 382
465 15 58 41
465 178 31 97
469 48 43 70
472 48 46 70
479 62 40 382
482 48 49 70
483 62 43 382
486 178 34 97
488 15 1 206
488 62 46 382
491 62 55 382
493 178 43 97
496 62 49 382
500 184 52 137
3 196 19 239
5 163 11 194
6 41 11 150
13 163 13 194
20 196 5 239
23 163 5 194
24 41 4 150
33 41 1 150
36 196 1 239
45 196 11 239
48 196 3 239
62 163 7 194
63 163 1 194
64 196 7 239
65 163 3 194
72 196 13 239
75 163 27 194
77 196 9 239
86 196 15 239
87 196 17 239
99 163 9 194
103 163 17 194
106 41 7 150
109 196 21 239
109 41 13 150
112 41 9 150
118 196 27 239
122 41 19 150
124 196 23 239
124 41 15 150
125 163 15 194
131 163 19 194
147 41 17 150
151 163 31 194
153 163 29 194
156 163 21 194
159 196 25 239
162 196 31 239
165 163 25 194
166 163 23 194
169 41 21 150
171 196 29 239
181 196 33 239
183 196 35 239
185 163 33 194
190 41 23 150
192 41 27 150
204 41 25 150
205 163 37 194
205 196 39 239
206 41 29 150
207 41 31 150
215 196 37 239
215 41 33 150
219 163 35 194
220 196 41 239
222 163 39 194
229 163 46 194
230 196 43 239
236 196 45 239
241 41 35 150
251 41 37 150
252 41 41 150
256 196 47 239
259 41 43 150
273 163 41 194
311 41 39 150
316 196 49 239
317 41 45 150
320 163 43 194
327 196 53 239
329 196 51 239
332 196 55 239
335 163 49 194
337 163 53 194
339 163 51 194
341 196 57 239
347 196 59 239
356 196 1 524
361 196 5 524
363 41 47 150
364 41 49 150
370 196 3 524
371 163 58 194
374 41 51 150
383 163 55 194
384 41 53 150
385 41 55 150
395 196 7 524
397 41 57 150
399 163 1 556
400 196 9 524
402 196 11 524
402 41 1 114
405 41 59 150
408 41 3 114
410 163 5 556
419 163 3 556
441 196 13 524
452 196 17 524
457 196 15 524
457 41 5 114
459 41 7 114
471 196 19 524
474 163 7 556
480 163 9 556
481 163 13 556
481 41 9 114
482 41 11 114
483 163 11 556
488 41 13 114
490 41 15 114
500 196 21 524
1 122 25 14
8 122 31 14
14 172 19 102
15 172 13 102
20 167 13 513
22 122 7 14
27 103 25 245
29 172 7 102
32 122 13 14
41 103 19 245
43 122 1 14
43 172 31 102
49 119 13 212
51 119 25 212
55 103 43 245
56 103 13 245
59 119 19 212
62 103 31 245
63 119 31 212
70 167 1 513
79 119 1 212
84 119 7 212
84 122 37 14
90 167 7 513
90 172 1 102
92 172 25 102
93 103 7 245
94 119 37 212
95 172 37 102
96 119 55 212
98 167 19 513
99 119 43 212
106 122 19 14
109 167 37 513
112 103 1 245
113 103 37 245
113 167 25 513
120 172 43 102
121 167 31 513
123 172 49 102
124 167 43 513
127 167 49 513
132 167 55 513
133 122 43 14
133 119 49 212
135 103 49 245
136 167 1 366
148 119 1 270
151 103 1 566
152 172 55 102
153 172 7 366
155 103 55 245
155 122 37 130
156 103 7 566
161 172 13 366
163 103 15 566
169 122 49 14
172 103 19 566
173 103 31 566
177 122 55 14
179 103 37 566
179 119 7 270
180 122 49 130
191 119 13 270
193 119 19 270
194 167 19 366
197 167 25 366
197 103 55 566
197 122 1 178
198 119 25 270
199 119 31 270
201 172 31 366
202 167 37 366
204 167 55 366
208 103 25 566
209 122 43 130
215 119 39 270
216 122 55 130
216 172 45 366
217 167 7 113
217 172 13 374
218 122 7 178
220 103 43 566
221 103 49 566
223 103 7 196
224 119 43 270
225 122 13 178
227 119 49 270
235 119 55 270
238 172 1 374
239 122 31 178
248 119 7 481
252 119 1 481
254 103 13 196
255 103 1 196
256 172 7 374
256 122 19 178
257 167 49 366
258 172 19 374
262 103 19 196
265 122 37 178
271 103 25 196
271 172 31 374
271 119 13 481
273 122 25 178
276 167 13 113
280 103 37 196
281 172 25 374
292 167 1 113
292 119 25 481
292 122 43 178
293 167 19 113
296 103 31 196
296 119 19 481
303 119 31 481
307 172 37 374
307 119 51 481
315 167 25 113
324 119 43 481
324 122 51 178
325 167 31 113
328 167 37 113
329 167 43 113
331 172 43 374
332 103 43 196
338 167 49 113
339 103 55 196
339 119 37 481
340 172 49 374
341 167 3 721
342 103 1 505
346 119 55 481
350 103 49 196
352 122 1 412
354 172 57 374
360 103 7 505
361 103 13 505
366 172 7 656
367 172 1 656
371 122 7 412
380 122 55 178
381 167 55 113
384 167 7 721
386 119 1 423
393 122 15 412
396 119 9 423
401 172 13 656
402 172 25 656
417 172 21 656
418 167 13 721
418 103 25 505
420 119 13 423
421 119 19 423
426 167 19 721
431 103 19 505
441 119 25 423
444 167 25 721
454 119 37 423
455 103 31 505
457 167 31 721
462 172 31 656
464 119 31 423
465 122 19 412
466 103 37 505
469 167 39 721
471 122 25 412
473 167 43 721
483 119 49 423
485 103 43 505
485 172 49 656
487 119 43 423
491 103 1 351
495 103 49 505
495 172 37 656
495 122 31 412
496 172 55 656
498 119 55 423
499 103 55 505
499 172 43 656
6 99 52 382
7 99 58 382
15 99 19 89
31 99 16 89
37 99 1 89
56 99 22 89
79 99 7 89
81 99 10 89
85 99 4 89
93 99 13 89
108 99 28 89
124 99 31 89
132 99 25 89
136 99 34 89
146 99 37 89
167 99 40 89
172 99 43 89
181 99 46 89
184 99 49 89
190 99 52 89
191 99 55 89
203 99 58 89
208 99 1 370
211 99 4 370
221 99 7 370
237 99 10 370
245 99 13 370
261 99 16 370
263 99 19 370
274 99 22 370
286 99 25 370
290 99 31 370
299 99 34 370
345 99 28 370
359 99 37 370
367 99 40 370
396 99 43 370
400 99 46 370
408 99 49 370
411 99 52 370
416 99 7 569
436 99 55 370
445 99 58 370
449 99 1 569
466 99 10 569
471 99 4 569
478 99 13 569
492 99 16 569
495 99 19 569
3 191 21 660
11 177 1 727
12 191 10 660
13 177 15 727
22 191 13 660
36 191 5 660
48 177 5 727
50 191 15 660
70 177 7 727
70 191 17 660
72 191 1 660
92 191 3 660
93 191 19 660
101 177 3 727
103 191 7 660
107 191 23 660
108 177 9 727
111 177 11 727
129 177 13 727
132 191 31 660
133 177 17 727
135 191 25 660
139 191 29 660
141 177 19 727
148 191 27 660
175 191 39 660
189 191 33 660
194 177 23 727
205 177 21 727
214 191 35 660
219 177 25 727
223 191 37 660
238 191 41 660
240 191 43 660
250 191 46 660
255 177 29 727
258 191 49 660
296 177 27 727
299 191 51 660
303 177 35 727
303 191 53 660
310 191 59 660
312 191 55 660
323 191 57 660
336 177 31 727
350 177 37 727
354 191 1 685
367 177 33 727
367 191 5 685
368 177 39 727
373 177 41 727
374 191 3 685
381 177 43 727
397 177 45 727
407 177 47 727
424 191 7 685
434 191 9 685
444 177 49 727
446 177 51 727
451 191 13 685
453 191 11 685
454 191 15 685
457 177 53 727
464 191 17 685
480 177 55 727
481 191 21 685
481 177 57 727
490 177 59 727
494 177 1 272
497 191 19 685
7 67 7 694
9 24 13 332
12 24 19 332
21 67 1 694
30 24 9 332
32 24 25 332
35 67 19 694
37 24 31 332
40 71 15 62
54 71 19 62
55 71 25 62
57 67 13 694
58 71 1 62
59 24 37 332
67 24 43 332
69 71 7 62
71 71 31 62
80 67 31 694
81 24 1 332
86 71 37 62
87 24 49 332
89 71 43 62
90 67 37 694
93 67 25 694
96 24 1 363
98 24 55 332
102 24 7 363
110 67 43 694
115 24 19 363
119 71 49 62
122 24 25 363
126 24 13 363
127 67 55 694
127 71 25 524
129 67 49 694
131 24 31 363
132 71 33 524
135 24 37 363
136 67 7 444
151 24 49 363
156 71 55 62
160 71 49 524
167 24 55 363
176 71 43 524
181 71 37 524
184 67 1 444
185 67 13 444
190 67 19 444
205 24 43 363
211 24 7 529
216 24 1 529
220 67 33 444
227 24 13 529
230 24 19 529
233 24 31 529
236 67 25 444
239 71 55 524
255 24 37 529
256 67 39 444
256 24 25 529
263 24 43 529
268 67 45 444
281 67 49 444
285 67 1 641
288 24 49 529
298 24 55 529
299 71 1 31
302 24 13 456
305 67 55 444
306 71 7 31
306 24 1 456
308 71 13 31
310 67 7 641
318 67 13 641
322 67 19 641
323 24 19 456
329 71 19 31
338 67 25 641
342 67 31 641
343 71 25 31
350 24 7 456
354 67 37 641
359 67 43 641
369 67 49 641
372 71 31 31
381 67 1 509
384 71 43 31
385 67 7 509
387 67 13 509
401 71 37 31
406 67 57 641
419 71 49 31
422 67 19 509
424 71 55 31
427 24 31 456
439 71 1 269
447 71 13 269
457 71 19 269
463 24 25 456
469 67 25 509
473 24 37 456
478 71 7 269
480 24 43 456
483 67 31 509
489 24 49 456
496 67 37 509
498 71 25 269
499 67 49 509
499 71 31 269
7 88 13 18
9 88 19 18
14 88 16 18
19 88 7 18
28 88 4 18
31 88 25 18
43 88 10 18
44 88 22 18
47 88 1 18
68 88 28 18
115 88 43 18
134 88 31 18
178 88 34 18
203 88 37 18
232 88 46 18
250 88 40 18
257 88 1 134
281 88 55 18
332 88 4 134
359 88 49 18
367 88 58 18
406 88 52 18
425 88 7 134
461 88 13 134
21 126 5 86
30 126 13 86
33 126 3 86
34 126 1 86
66 126 7 86
71 126 17 86
76 126 15 86
87 126 21 86
98 126 9 86
108 126 11 86
145 126 23 86
159 126 19 86
196 126 25 86
222 126 27 86
233 126 29 86
244 126 35 86
258 126 31 86
259 126 33 86
262 126 37 86
272 126 41 86
298 126 39 86
304 126 43 86
306 126 45 86
308 126 47 86
316 126 51 86
329 126 49 86
353 126 53 86
370 126 55 86
380 126 59 86
381 126 5 606
385 126 1 606
392 126 57 86
441 126 7 606
483 126 3 606
17 96 7 56
19 96 19 56
27 96 31 56
29 96 13 56
39 96 25 56
60 96 43 56
86 96 1 56
97 96 37 56
113 96 49 56
114 96 55 56
118 96 1 163
150 96 7 163
163 96 19 163
177 96 13 163
196 96 31 163
201 96 43 163
207 96 25 163
217 96 37 163
241 96 49 163
255 96 55 163
271 96 19 693
275 96 25 693
292 96 31 693
294 96 37 693
351 96 43 693
362 96 49 693
370 96 7 574
373 96 57 693
375 96 1 574
405 96 13 574
415 96 19 574
435 96 37 574
439 96 25 574
442 96 31 574
447 96 43 574
472 96 49 574
474 96 55 574
489 96 15 157
490 96 19 157
1 143 22 403
3 111 25 433
14 111 28 433
17 95 13 491
18 111 10 433
21 111 7 433
22 95 16 491
24 95 19 491
25 143 1 403
35 93 16 205
39 95 10 491
42 95 31 491
47 95 4 491
52 111 15 433
52 93 31 205
53 143 4 403
57 111 1 433
59 111 43 433
67 93 7 205
68 143 7 403
68 111 22 433
69 95 1 491
72 93 19 205
77 95 22 491
80 93 1 205
83 93 4 205
88 143 10 403
92 143 13 403
92 111 19 433
94 143 16 403
98 111 4 433
102 143 19 403
103 93 10 205
108 93 22 205
110 95 7 491
117 143 27 403
117 93 37 205
128 95 27 491
130 95 34 491
134 111 34 433
134 95 37 491
144 93 28 205
154 95 40 491
161 111 46 433
164 93 13 205
169 93 25 205
170 111 31 433
173 93 40 205
176 111 49 433
181 111 52 433
184 111 37 433
188 143 31 403
189 95 43 491
201 111 55 433
201 93 49 205
201 95 52 491
202 143 49 403
205 111 58 433
209 111 40 433
214 93 46 205
219 143 37 403
222 143 34 403
223 143 43 403
225 93 52 205
226 143 40 403
236 95 55 491
237 143 46 403
238 111 7 132
238 95 46 491
243 111 1 132
247 95 49 491
248 111 4 132
250 111 10 132
250 95 1 480
251 93 34 205
259 93 55 205
262 143 55 403
265 93 43 205
268 93 58 205
269 143 58 403
278 111 13 132
283 111 16 132
287 93 1 489
287 95 4 480
288 95 58 491
289 143 1 732
294 111 19 132
294 95 7 480
296 143 52 403
297 143 7 732
297 93 10 489
298 143 4 732
301 143 10 732
301 111 22 132
302 95 19 480
308 111 25 132
310 93 4 489
312 143 13 732
315 143 16 732
319 95 13 480
324 95 10 480
334 95 16 480
341 143 19 732
347 143 22 732
353 93 13 489
355 93 7 489
356 93 16 489
357 95 22 480
364 143 25 732
373 143 28 732
373 95 25 480
377 95 28 480
379 111 28 132
393 111 31 132
393 93 19 489
396 95 31 480
399 95 34 480
400 93 22 489
401 111 34 132
402 111 40 132
403 93 28 489
414 95 37 480
426 95 40 480
431 111 37 132
435 143 31 732
435 93 43 489
440 93 25 489
442 143 37 732
443 93 31 489
443 95 43 480
452 111 43 132
454 143 43 732
455 143 40 732
455 95 49 480
457 93 37 489
460 143 34 732
461 93 34 489
461 95 46 480
473 111 49 132
479 111 46 132
479 95 52 480
481 143 46 732
481 93 40 489
483 111 55 132
484 111 52 132
487 93 51 489
488 93 55 489
488 95 58 480
492 143 49 732
494 95 3 285
496 93 1 48
7 131 11 141
7 50 16 330
15 58 5 243
20 58 7 243
24 58 11 243
26 58 9 243
37 50 19 330
38 58 3 243
41 58 16 243
45 58 1 243
46 50 1 330
49 58 19 243
50 131 4 141
50 50 13 330
60 131 1 141
60 50 5 330
61 50 7 330
68 58 25 243
76 58 13 243
80 131 7 141
94 50 3 330
96 131 9 141
104 50 9 330
108 131 15 141
110 50 11 330
112 131 25 141
114 50 23 330
118 58 29 243
119 50 21 330
121 131 13 141
128 58 22 243
129 58 31 243
129 50 28 330
130 131 19 141
136 58 27 243
142 50 25 330
142 58 33 243
143 50 31 330
144 58 40 243
161 50 33 330
162 131 17 141
169 58 35 243
170 131 21 141
182 131 23 141
182 58 37 243
183 50 37 330
187 50 35 330
194 50 39 330
195 131 27 141
196 131 29 141
203 58 43 243
216 50 41 330
228 50 45 330
230 131 31 141
232 58 49 243
238 58 55 243
247 131 33 141
248 58 47 243
254 50 43 330
255 58 45 243
258 58 57 243
265 58 51 243
266 58 53 243
267 58 59 243
274 58 1 511
275 50 47 330
276 50 49 330
278 58 3 511
279 58 5 511
280 50 51 330
282 58 7 511
286 131 37 141
304 58 9 511
311 50 53 330
313 131 35 141
315 131 43 141
317 50 55 330
333 58 13 511
335 58 11 511
342 58 15 511
348 131 39 141
349 58 17 511
351 50 57 330
352 50 59 330
368 50 1 216
376 58 19 511
380 58 21 511
382 58 23 511
385 50 3 216
388 50 5 216
389 50 7 216
399 131 41 141
403 131 45 141
403 58 31 511
412 58 25 511
415 131 47 141
420 131 49 141
424 58 27 511
427 50 9 216
430 131 51 141
431 50 11 216
432 131 53 141
436 131 58 141
444 131 55 141
456 50 13 216
460 58 29 511
463 131 1 244
464 131 3 244
468 131 5 244
476 131 7 244
477 58 33 511
488 50 15 216
491 50 17 216
492 50 19 216
496 50 21 216
497 58 35 511
500 58 37 511
3 134 28 542
5 63 19 482
8 198 25 7
9 186 22 129
13 198 19 7
14 186 25 129
19 63 10 482
23 134 9 542
23 198 22 7
30 186 15 129
32 198 4 7
36 134 13 542
36 63 7 482
41 63 4 482
42 186 34 129
43 186 7 129
44 63 25 482
46 186 3 129
54 63 1 482
68 63 15 482
73 186 19 129
77 186 31 129
77 63 34 482
79 198 10 7
81 198 7 7
83 63 22 482
88 186 28 129
99 186 37 129
105 186 10 129
118 186 40 129
119 186 43 129
119 63 28 482
122 198 13 7
122 186 46 129
129 186 55 129
133 186 1 174
134 198 1 7
136 198 16 7
139 198 31 7
142 134 1 542
144 198 43 7
147 134 4 542
148 63 37 482
153 186 49 129
154 63 43 482
157 63 40 482
159 63 46 482
169 63 31 482
170 134 16 542
172 134 37 542
178 63 49 482
185 186 52 129
187 198 28 7
187 186 58 129
190 134 25 542
190 186 4 174
191 186 7 174
197 134 19 542
198 134 22 542
200 134 31 542
206 63 52 482
212 186 10 174
214 134 40 542
219 63 55 482
221 134 43 542
223 186 13 174
224 186 16 174
231 134 46 542
234 198 46 7
235 198 34 7
239 198 49 7
239 134 52 542
244 198 37 7
245 63 58 482
246 134 49 542
250 134 34 542
255 63 7 683
264 134 55 542
266 198 40 7
267 186 19 174
267 63 1 683
268 134 1 590
269 186 22 174
278 198 52 7
278 63 10 683
281 198 58 7
282 134 58 542
282 198 55 7
284 198 1 644
286 186 28 174
287 198 7 644
288 198 4 644
290 198 10 644
291 186 25 174
292 134 7 590
294 198 13 644
301 198 16 644
301 186 31 174
307 63 4 683
309 186 37 174
310 186 40 174
313 134 4 590
313 186 43 174
314 198 19 644
319 198 22 644
321 198 25 644
321 63 13 683
322 198 28 644
324 186 34 174
326 186 51 174
330 198 31 644
344 186 46 174
348 134 10 590
350 134 13 590
355 198 34 644
355 63 16 683
359 134 16 590
360 198 37 644
364 186 1 298
365 63 19 683
371 134 19 590
375 63 22 683
377 198 40 644
379 63 25 683
401 134 22 590
404 186 58 174
411 186 55 174
412 186 4 298
412 63 31 683
419 186 7 298
422 198 43 644
422 186 10 298
425 63 28 683
429 186 13 298
436 198 46 644
442 186 16 298
442 63 40 683
447 134 25 590
448 63 34 683
460 198 52 644
473 186 19 298
473 63 52 683
475 186 22 298
476 63 37 683
482 198 55 644
483 63 46 683
489 198 58 644
491 134 28 590
496 134 34 590
9 70 25 68
19 70 28 68
21 70 10 68
28 70 7 68
32 70 19 68
56 70 31 68
73 70 13 68
74 70 1 68
77 70 4 68
80 70 22 68
89 70 16 68
92 70 37 68
98 70 40 68
111 70 43 68
114 70 34 68
115 70 46 68
128 70 49 68
132 70 1 395
158 70 52 68
203 70 55 68
240 70 4 395
246 70 10 395
256 70 13 395
285 70 58 68
290 70 7 395
300 70 16 395
315 70 19 395
327 70 22 395
339 70 25 395
348 70 28 395
365 70 31 395
380 70 37 395
391 70 34 395
417 70 43 395
428 70 40 395
441 70 46 395
443 70 55 395
447 70 52 395
449 70 49 395
457 70 58 395
462 70 1 583
493 70 4 583
2 139 13 612
10 139 17 612
23 139 19 612
24 139 15 612
28 2 11 178
29 127 5 379
33 127 7 379
34 139 3 612
35 139 5 612
38 2 17 178
40 2 23 178
40 139 21 612
44 2 5 178
45 139 23 612
46 2 29 178
46 139 7 612
47 127 17 379
48 2 35 178
48 127 1 379
51 2 41 178
57 2 47 178
58 2 49 178
61 2 59 178
64 139 9 612
65 139 1 612
66 2 1 138
69 127 11 379
71 2 5 138
74 139 11 612
81 127 13 379
84 127 3 379
86 139 25 612
87 2 3 138
89 139 28 612
94 139 31 612
94 127 9 379
100 139 35 612
104 127 15 379
106 139 33 612
107 2 7 138
110 2 13 138
114 2 9 138
124 2 11 138
126 139 37 612
138 139 39 612
140 2 15 138
141 139 41 612
145 139 43 612
147 2 23 138
149 127 19 379
151 2 17 138
155 139 45 612
156 127 23 379
168 2 19 138
169 2 40 138
170 139 47 612
180 2 21 138
187 127 21 379
188 127 25 379
194 139 49 612
204 2 27 138
212 2 25 138
213 139 51 612
218 139 53 612
225 2 29 138
227 2 31 138
230 2 33 138
239 2 35 138
241 2 37 138
242 139 55 612
247 139 57 612
257 127 27 379
261 2 43 138
266 139 1 84
268 139 4 84
273 139 59 612
274 139 7 84
275 2 49 138
275 127 29 379
282 127 31 379
287 127 33 379
291 139 9 84
293 139 11 84
297 139 13 84
301 2 45 138
302 139 17 84
312 139 19 84
319 139 25 84
321 139 21 84
331 2 47 138
336 2 53 138
339 127 35 379
340 127 37 379
341 139 15 84
342 2 57 138
343 2 51 138
343 127 39 379
347 139 27 84
353 2 55 138
368 2 59 138
369 139 29 84
377 2 1 523
378 127 41 379
382 139 31 84
383 127 43 379
385 2 5 523
391 2 3 523
406 2 7 523
408 139 23 84
415 2 9 523
415 127 45 379
419 2 11 523
430 127 47 379
438 2 13 523
438 127 49 379
439 127 51 379
441 139 33 84
449 2 15 523
451 139 35 84
453 139 37 84
454 139 41 84
455 2 17 523
463 127 53 379
465 2 23 523
473 139 47 84
476 139 43 84
478 127 55 379
483 139 39 84
493 139 49 84
493 127 57 379
495 127 59 379
497 139 45 84
498 2 19 523
8 36 37 235
10 36 25 235
11 20 9 661
12 20 13 661
21 36 13 235
23 20 25 661
27 20 37 661
28 20 19 661
31 36 31 235
41 36 43 235
41 20 31 661
46 20 43 661
49 36 21 235
67 36 49 235
69 36 55 235
74 36 15 11
77 36 43 11
81 36 19 11
83 20 49 661
98 36 25 11
106 36 1 235
112 20 55 661
122 36 7 235
130 36 1 11
144 36 7 11
146 36 49 11
156 20 1 661
158 20 1 461
165 36 39 11
169 36 1 77
176 20 7 461
190 36 31 11
198 20 13 461
199 20 19 461
223 36 55 11
229 20 27 461
233 20 37 461
246 36 13 77
250 20 13 29
253 36 7 77
255 36 19 77
257 20 31 461
259 20 45 461
272 36 25 77
276 20 51 461
281 20 1 29
290 36 45 77
292 20 55 461
296 20 7 29
311 20 19 29
315 20 31 29
319 20 27 29
321 20 37 29
323 20 43 29
328 36 31 77
333 36 37 77
346 36 49 77
356 36 55 77
364 36 7 179
366 36 13 179
377 36 3 179
379 36 19 179
388 36 25 179
390 36 37 179
393 36 43 179
400 36 55 179
419 36 31 179
441 36 49 179
445 36 1 182
446 36 13 182
448 36 7 182
450 36 19 182
454 20 49 29
475 36 25 182
479 36 31 182
484 36 37 182
493 20 7 372
495 20 55 29
499 36 1 544
500 36 43 182
22 42 19 110
31 42 28 110
37 42 22 110
38 42 7 110
45 42 13 110
53 42 1 110
70 42 10 110
87 42 25 110
89 42 4 110
110 42 34 110
116 42 16 110
131 42 37 110
150 42 31 110
169 42 46 110
173 42 43 110
178 42 52 110
200 42 40 110
213 42 55 110
224 42 49 110
227 42 58 110
241 42 1 492
258 42 4 492
264 42 7 492
275 42 10 492
288 42 13 492
339 42 16 492
344 42 19 492
349 42 22 492
377 42 25 492
393 42 28 492
407 42 31 492
414 42 34 492
416 42 37 492
418 42 40 492
468 42 43 492
472 42 55 492
4 7 5 258
12 112 17 222
28 112 13 222
29 7 11 258
29 112 23 222
37 112 25 222
49 112 4 222
63 112 7 222
74 112 19 222
79 112 27 222
82 7 1 258
88 7 3 258
91 7 7 258
95 112 9 222
99 7 13 258
102 7 17 258
103 112 1 222
104 112 11 222
111 7 15 258
142 7 9 258
144 7 19 258
161 112 29 222
165 112 15 222
167 7 21 258
167 112 31 222
175 7 23 258
178 7 25 258
183 112 21 222
184 112 33 222
189 112 35 222
194 7 27 258
208 7 29 258
226 112 49 222
230 112 37 222
254 112 41 222
261 7 31 258
288 7 33 258
295 112 39 222
307 7 35 258
324 112 47 222
328 112 51 222
337 112 43 222
341 112 45 222
356 7 37 258
357 7 39 258
368 7 41 258
379 112 55 222
384 112 57 222
390 7 47 258
391 7 43 258
398 112 53 222
411 7 49 258
435 7 51 258
441 7 53 258
445 7 45 258
449 7 55 258
450 7 57 258
452 112 59 222
459 112 1 446
461 7 59 258
466 112 7 446
469 112 3 446
490 112 5 446
493 112 11 446
12 185 25 33
19 185 31 33
30 185 19 33
44 185 7 33
48 185 37 33
64 185 3 33
76 185 43 33
77 185 13 33
81 185 49 33
88 185 55 33
121 185 7 378
135 185 1 378
140 185 19 378
142 185 13 378
168 185 25 378
197 185 31 378
200 185 43 378
217 185 55 378
219 185 49 378
220 185 1 445
222 185 7 445
223 185 19 445
247 185 37 378
249 185 13 445
254 185 25 445
255 185 31 445
258 185 43 445
291 185 37 445
300 185 55 445
304 185 49 445
330 185 1 240
352 185 19 240
364 185 13 240
396 185 25 240
437 185 7 240
442 185 43 240
446 185 31 240
452 185 37 240
455 185 1 282
463 185 49 240
490 185 55 240
500 185 7 282
7 181 55 287
30 164 25 628
33 164 13 628
34 181 58 287
39 155 13 66
43 181 28 384
44 155 19 66
45 181 16 384
54 181 10 384
54 155 25 66
55 155 22 66
59 181 13 384
61 155 1 66
62 181 19 384
67 181 22 384
68 155 31 66
69 155 4 66
70 164 22 628
70 181 25 384
71 155 7 66
75 181 1 384
85 155 16 66
86 164 7 628
87 164 28 628
87 155 34 66
88 164 16 628
90 164 19 628
97 164 1 628
97 181 4 384
101 164 10 628
107 164 4 628
120 181 7 384
125 164 37 628
125 181 40 384
130 181 31 384
140 181 37 384
140 155 10 66
145 155 28 66
147 155 37 66
149 164 31 628
156 181 43 384
159 155 40 66
162 155 43 66
166 164 34 628
174 164 46 628
180 181 46 384
193 164 40 628
196 164 49 628
202 164 52 628
206 155 46 66
213 164 43 628
213 181 34 384
222 164 58 628
224 164 55 628
226 181 51 384
233 164 1 368
239 181 1 421
239 155 4 591
241 181 55 384
247 155 52 66
254 155 49 66
262 181 4 421
264 164 34 130
267 164 7 368
276 155 55 66
283 181 58 384
291 181 13 421
292 155 10 591
296 181 16 421
299 155 58 66
302 155 7 591
304 181 19 421
308 181 22 421
309 164 4 368
310 164 19 368
313 164 10 368
314 164 13 368
315 155 1 591
321 164 16 368
325 181 7 421
326 164 22 368
330 164 25 368
339 164 28 368
346 164 31 368
346 181 10 421
350 155 16 591
355 181 25 421
357 164 34 368
359 155 19 591
364 155 22 591
365 164 37 368
370 181 28 421
375 181 31 421
376 155 13 591
380 155 25 591
386 181 37 421
388 164 40 368
390 155 28 591
406 181 34 421
406 155 31 591
411 155 34 591
427 155 37 591
432 164 43 368
435 181 46 421
445 181 40 421
447 164 55 368
454 181 55 421
458 181 43 421
465 164 46 368
475 164 49 368
481 155 43 591
483 155 58 591
489 155 40 591
498 181 1 626
500 181 49 421
6 5 16 562
26 5 11 562
28 5 23 562
32 5 29 562
52 5 1 562
56 5 19 562
61 5 25 562
66 5 13 562
79 5 5 562
84 5 31 562
98 5 7 562
104 5 3 562
117 5 9 562
128 5 40 562
139 5 34 562
141 5 21 562
147 5 43 562
179 5 45 562
181 5 27 562
191 5 49 562
197 5 47 562
233 5 51 562
245 5 37 562
248 5 55 562
261 5 57 562
294 5 53 562
297 5 59 562
314 5 1 259
384 5 3 259
386 5 5 259
403 5 7 259
428 5 9 259
455 5 11 259
459 5 17 259
467 5 13 259
468 5 19 259
478 5 21 259
489 5 23 259
491 5 15 259
497 5 25 259
1 174 31 215
4 174 13 215
5 74 25 530
26 74 19 530
28 174 25 215
32 174 37 215
34 74 13 530
39 74 31 530
50 74 37 530
52 74 43 530
62 74 49 530
67 174 55 215
71 74 55 530
79 74 31 63
86 174 21 215
90 74 43 63
91 74 1 530
91 174 9 215
98 74 13 63
106 74 9 530
110 174 1 215
113 74 1 63
115 174 49 215
127 174 43 215
150 174 1 271
152 74 7 63
157 174 7 271
160 74 25 63
186 74 19 63
209 74 55 63
210 174 13 271
211 174 19 271
231 74 39 63
233 174 7 140
246 174 25 271
249 74 51 63
250 74 19 347
264 174 37 271
270 174 31 271
271 74 7 347
272 74 1 347
282 174 43 271
284 174 49 271
287 174 19 140
289 174 55 271
292 74 13 347
298 74 25 347
298 174 13 140
304 74 31 347
312 74 37 347
318 174 1 140
333 74 43 347
336 174 25 140
344 174 31 140
359 74 55 347
365 74 1 390
411 74 7 390
411 174 37 140
421 74 49 347
428 74 13 390
430 174 43 140
433 74 19 390
439 74 31 390
442 74 25 390
456 174 49 140
462 174 55 140
464 174 7 475
467 74 37 390
496 74 7 497
498 174 13 475
11 194 13 177
21 194 19 177
27 179 43 571
32 194 22 177
40 194 25 177
41 194 28 177
51 194 16 177
55 179 13 571
62 194 37 177
68 179 1 571
85 179 19 571
90 194 31 177
90 179 22 571
99 179 4 571
113 179 7 571
131 179 25 571
134 194 4 177
144 194 1 177
145 194 7 177
152 194 34 177
157 194 43 177
164 179 10 571
168 194 10 177
187 194 40 177
197 194 7 202
200 179 16 571
208 194 49 177
212 194 46 177
217 179 28 571
222 179 31 571
229 194 52 177
235 179 37 571
244 179 40 571
252 179 49 571
254 179 34 571
256 179 1 5
265 179 46 571
268 179 55 571
269 194 55 177
273 179 52 571
286 179 58 571
289 194 4 202
293 194 1 202
307 194 58 177
320 194 10 202
346 194 13 202
347 179 4 5
352 179 7 5
358 179 10 5
360 194 16 202
378 194 19 202
379 194 31 202
381 179 13 5
391 194 22 202
391 179 16 5
393 194 25 202
403 194 34 202
405 179 19 5
416 179 22 5
429 179 25 5
443 179 28 5
448 179 37 5
458 179 31 5
467 179 34 5
468 179 40 5
472 194 28 202
480 194 37 202
487 194 40 202
489 179 43 5
492 194 43 202
492 179 46 5
493 179 51 5
2 120 17 443
3 18 23 49
6 120 23 443
8 120 11 443
11 120 29 443
14 120 35 443
21 120 41 443
36 120 47 443
42 18 29 49
44 18 1 49
44 120 53 443
47 18 31 49
55 18 11 49
66 18 15 49
72 18 7 49
77 18 17 49
78 18 3 49
96 120 59 443
108 120 1 443
110 18 5 49
120 18 19 49
120 120 1 485
121 120 5 485
127 120 3 485
130 120 7 485
131 120 11 485
133 120 13 485
136 18 13 49
138 18 9 49
142 120 17 485
145 18 21 49
146 120 9 485
151 120 15 485
167 18 35 49
168 18 33 49
168 120 21 485
175 18 25 49
183 120 19 485
185 18 27 49
206 18 37 49
212 18 39 49
216 120 23 485
217 120 25 485
227 120 27 485
247 18 41 49
247 120 29 485
248 120 31 485
252 18 43 49
255 18 47 49
284 120 33 485
288 18 45 49
290 18 53 49
293 120 35 485
306 18 49 49
322 18 51 49
326 120 37 485
357 120 41 485
358 120 39 485
362 18 55 49
369 18 57 49
373 120 43 485
392 18 59 49
397 18 5 474
399 120 47 485
400 120 53 485
408 120 45 485
421 120 55 485
426 120 49 485
431 18 17 474
434 120 51 485
439 120 59 485
447 120 1 369
448 120 57 485
451 120 5 369
452 120 3 369
460 18 11 474
478 18 23 474
491 18 25 474
495 18 35 474
16 188 25 220
19 168 37 705
20 188 19 220
22 168 25 705
35 188 31 220
36 188 37 220
47 188 43 220
51 188 49 220
54 168 31 705
56 168 43 705
80 168 9 705
85 168 49 705
111 188 1 220
116 188 7 220
117 168 1 705
123 188 55 220
135 188 13 220
139 168 13 705
152 188 19 652
153 188 1 652
184 168 19 705
195 168 55 705
219 168 1 439
221 168 13 439
224 188 7 652
226 188 13 652
234 188 25 652
260 168 7 439
265 188 31 652
289 168 25 439
290 188 55 652
296 168 37 439
299 188 37 652
305 168 19 439
333 188 49 652
334 168 31 439
336 188 43 652
339 168 43 439
341 168 49 439
344 168 1 555
354 188 3 343
363 168 7 555
381 168 19 555
387 168 25 555
388 188 55 202
395 168 13 555
409 188 49 202
410 168 57 439
416 168 31 555
443 168 1 156
446 168 37 555
448 168 43 555
452 168 49 555
455 168 7 156
460 168 55 555
477 168 13 156
478 168 25 156
492 168 21 156
494 188 7 343
499 168 37 156
2 80 15 108
15 80 17 108
17 195 5 487
21 195 17 487
30 195 23 487
33 195 19 487
34 80 11 108
35 80 7 108
42 52 23 255
45 195 21 487
47 80 22 108
53 80 19 108
55 80 1 108
57 52 4 255
65 80 5 108
66 195 29 487
67 80 13 108
69 52 19 255
71 80 25 108
71 52 1 255
74 80 29 108
79 52 17 255
83 195 1 487
95 80 27 108
98 80 35 108
103 52 13 255
104 52 7 255
106 52 25 255
108 195 3 487
117 195 7 487
121 195 11 487
137 195 9 487
137 80 31 108
140 80 3 108
146 195 13 487
147 195 15 487
153 80 33 108
166 52 9 255
172 195 49 487
172 80 9 108
176 195 27 487
179 195 25 487
184 195 31 487
185 52 11 255
189 52 15 255
193 52 27 255
195 80 41 108
200 80 37 108
202 52 21 255
210 52 29 255
211 52 31 255
218 52 33 255
219 52 40 255
220 80 39 108
222 195 37 487
225 195 33 487
227 195 35 487
227 80 43 108
229 80 49 108
235 52 43 255
245 52 45 255
253 195 39 487
257 52 35 255
264 195 41 487
278 195 43 487
279 195 45 487
292 195 47 487
300 80 45 108
302 80 47 108
302 52 37 255
303 80 51 108
306 52 51 255
313 52 47 255
325 52 49 255
326 195 55 487
328 195 57 487
334 195 51 487
338 195 53 487
339 52 53 255
340 52 55 255
349 195 59 487
352 195 5 133
353 80 57 108
361 80 53 108
364 80 55 108
366 52 57 255
368 195 7 133
370 80 5 215
373 52 1 311
378 52 59 255
389 195 1 133
392 195 3 133
399 80 59 108
409 195 9 133
409 80 7 215
415 80 17 215
422 195 13 133
425 195 11 133
428 80 19 215
439 80 29 215
452 80 35 215
464 80 41 215
472 52 3 311
474 52 5 311
475 80 47 215
477 195 19 133
479 52 7 311
486 195 15 133
488 52 9 311
500 80 59 215
19 8 25 637
21 8 22 637
23 8 37 637
32 8 31 637
36 8 10 637
46 8 13 637
71 8 19 637
96 8 16 637
97 8 7 637
107 8 1 637
160 8 4 637
161 8 43 637
165 8 34 637
176 8 52 637
179 8 49 637
183 8 28 637
185 8 40 637
213 8 46 637
226 8 55 637
268 8 7 124
271 8 58 637
284 8 4 124
308 8 1 124
318 8 10 124
325 8 13 124
328 8 16 124
345 8 25 124
363 8 19 124
370 8 22 124
372 8 37 124
376 8 28 124
378 8 34 124
394 8 31 124
422 8 40 124
436 8 43 124
438 8 46 124
459 8 49 124
461 8 52 124
472 8 58 124
474 8 1 408
9 136 31 573
34 136 25 573
58 136 15 573
88 136 37 573
104 136 43 573
107 136 9 573
129 136 1 573
146 136 55 573
148 136 19 573
149 136 1 618
173 136 7 618
203 136 13 618
204 136 37 618
208 136 19 618
215 136 25 618
223 136 49 573
224 136 31 618
229 136 55 618
247 136 43 618
260 136 1 149
270 136 49 618
279 136 7 149
289 136 13 149
304 136 25 149
313 136 19 149
361 136 31 149
363 136 37 149
374 136 43 149
378 136 49 149
390 136 55 149
435 136 1 364
436 136 7 364
439 136 13 364
440 136 19 364
443 136 7 59
445 136 31 364
448 136 25 364
454 136 1 59
465 136 37 364
477 136 43 364
495 136 43 590
2 78 19 624
8 78 28 624
12 78 31 624
21 78 34 624
38 78 10 624
50 78 25 624
99 78 1 624
126 78 4 624
127 78 7 624
133 78 22 624
160 78 13 624
185 78 37 624
189 78 46 624
232 78 16 624
261 78 40 624
285 78 7 643
298 78 49 624
306 78 55 624
312 78 52 624
338 78 43 624
340 78 58 624
344 78 10 643
362 78 1 643
373 78 4 643
375 78 13 643
394 78 19 643
395 78 25 643
410 78 16 643
413 78 22 643
417 78 28 643
425 78 31 643
444 78 34 643
473 78 55 643
493 78 46 643
496 78 52 643
2 51 22 26
5 64 17 385
13 51 17 26
15 64 22 385
18 64 1 385
22 51 11 26
24 64 13 385
25 64 9 385
30 64 28 385
35 64 25 385
36 51 19 26
58 64 11 385
58 51 29 26
61 51 27 26
67 64 19 385
75 51 4 26
76 51 1 26
82 51 7 26
85 51 13 26
89 51 31 26
94 51 25 26
100 64 3 385
101 64 5 385
106 51 35 26
110 64 15 385
118 64 7 385
121 51 15 26
133 64 31 385
135 51 9 26
136 51 37 26
143 51 41 26
145 64 34 385
148 64 40 385
150 64 37 385
152 51 39 26
154 51 46 26
164 51 33 26
165 51 43 26
168 51 49 26
169 64 53 385
173 64 46 385
174 64 49 385
175 64 43 385
196 51 52 26
201 64 58 385
207 51 55 26
210 64 55 385
231 51 58 26
242 51 1 414
243 64 51 385
251 64 7 542
258 64 1 21
262 51 13 414
277 51 3 414
280 51 5 414
282 64 3 21
288 51 7 414
291 51 11 414
300 51 9 414
301 51 19 414
307 64 7 21
311 51 15 414
320 51 17 414
323 64 5 21
327 64 9 21
331 64 11 21
343 64 13 21
347 51 25 414
365 51 22 414
379 64 16 21
386 51 27 414
390 64 19 21
406 64 21 21
413 64 25 21
414 64 23 21
415 64 31 21
418 51 29 414
420 51 31 414
430 64 27 21
440 51 33 414
442 51 35 414
446 51 41 414
461 64 29 21
469 51 46 414
4 16 19 715
7 16 25 715
9 16 37 715
33 60 21 176
38 60 13 176
40 16 31 715
45 16 43 715
47 60 33 176
49 60 37 176
53 16 15 715
53 60 43 176
54 16 49 715
55 60 49 176
59 16 55 715
69 16 21 739
70 60 55 176
72 60 25 176
73 60 25 415
83 16 25 739
92 60 49 415
105 16 1 715
109 60 1 176
112 60 31 415
117 60 19 415
119 60 7 176
128 16 7 715
129 16 7 739
130 60 9 415
137 16 33 739
139 16 1 739
142 60 37 415
145 16 13 739
148 16 49 739
154 16 1 43
169 16 7 43
182 60 1 415
189 60 55 415
190 60 13 415
203 60 45 415
206 60 1 717
210 60 7 717
212 60 13 717
223 16 25 43
223 60 31 717
228 16 37 739
229 60 19 717
233 16 13 43
237 16 55 739
239 60 45 717
249 16 43 739
249 60 39 717
251 60 25 717
268 60 13 749
272 16 19 43
274 16 33 43
286 60 49 717
302 60 55 717
304 60 1 749
313 60 31 749
321 60 7 749
323 60 25 749
326 16 39 43
331 60 19 749
350 16 43 43
353 16 49 43
361 16 55 43
362 60 43 749
363 16 1 221
374 60 37 749
382 16 7 221
387 16 31 221
388 16 13 221
392 16 19 221
396 60 49 749
402 60 3 30
415 60 55 749
421 60 7 30
432 60 13 30
439 60 19 30
448 16 49 221
449 60 25 30
450 60 31 30
465 16 25 221
468 60 49 30
471 60 37 30
493 60 13 400
2 183 25 127
10 183 31 127
11 138 16 38
16 17 4 227
22 183 22 127
23 17 40 227
29 183 34 127
33 17 16 227
34 138 22 38
40 183 28 127
53 138 34 38
56 138 25 38
64 17 13 227
83 138 13 38
88 138 7 38
95 138 19 38
100 183 7 127
105 17 7 227
116 138 1 38
118 17 10 227
121 17 25 227
123 183 1 127
127 138 10 38
127 17 22 227
129 17 33 227
131 17 1 227
133 183 4 127
139 138 43 38
141 138 4 38
142 17 19 227
143 138 55 38
157 183 37 127
159 138 28 38
163 17 43 227
173 138 37 38
174 183 10 127
175 183 13 127
179 138 31 38
181 183 16 127
185 17 46 227
186 138 49 38
206 183 43 127
207 138 40 38
209 17 28 227
211 17 37 227
222 183 19 127
226 138 58 38
231 183 49 127
233 138 4 284
234 183 52 127
242 138 46 38
262 138 46 202
269 17 4 561
270 138 7 284
275 17 58 227
276 138 10 284
277 138 52 38
278 183 46 127
282 138 13 284
282 17 49 227
294 138 1 284
298 138 19 284
298 17 1 561
299 183 43 414
317 183 40 127
319 17 52 227
322 17 7 561
329 183 55 127
331 138 16 284
338 183 58 127
340 138 22 284
342 183 37 414
349 138 25 284
350 183 55 414
358 17 19 561
359 183 52 414
365 183 58 414
373 183 49 414
382 183 1 78
390 17 10 561
391 17 55 227
392 138 28 284
392 183 7 78
400 17 13 561
407 138 34 284
409 138 31 284
413 17 16 561
422 17 25 561
426 17 28 561
427 17 22 561
428 183 21 78
429 183 4 78
435 183 10 78
436 138 40 284
439 138 37 284
443 183 13 78
447 138 58 284
449 183 31 78
453 183 16 78
458 17 34 561
462 17 37 561
465 183 34 78
467 183 25 78
470 17 31 561
471 17 43 561
474 17 40 561
475 183 37 78
476 17 46 561
481 183 28 78
482 138 43 284
485 138 55 284
488 17 49 561
499 183 7 361
1 154 37 643
16 144 53 215
26 154 39 643
30 144 31 264
33 154 41 643
36 154 43 643
38 154 49 643
42 144 37 264
43 144 5 264
46 144 9 264
49 154 58 643
70 144 13 264
71 154 23 14
78 144 1 264
82 154 5 14
90 144 11 264
94 154 29 14
105 154 17 14
112 144 7 264
119 154 11 14
123 144 21 264
127 154 35 14
136 144 23 264
145 144 3 264
158 154 41 14
159 144 17 264
177 144 19 264
179 144 15 264
190 144 28 264
206 144 25 264
213 144 39 264
216 154 53 14
218 154 59 14
221 154 47 14
242 144 33 264
244 144 45 264
245 154 1 193
247 144 35 264
251 154 4 193
261 144 47 264
264 154 10 193
269 154 7 193
271 154 17 193
281 154 13 193
282 154 19 193
285 154 15 193
291 144 41 264
308 144 43 264
311 154 23 193
314 144 49 264
325 144 51 264
335 154 21 193
339 154 31 193
346 144 53 264
347 154 29 193
351 144 55 264
355 154 37 193
357 154 43 193
359 144 59 264
362 144 57 264
366 154 25 193
369 154 33 193
374 144 1 570
380 144 3 570
387 154 35 193
391 144 5 570
393 144 7 570
396 144 13 570
405 154 27 193
408 144 9 570
424 144 11 570
433 144 15 570
435 154 41 193
440 154 39 193
445 154 47 193
447 154 5 336
449 154 45 193
451 144 17 570
464 144 19 570
470 144 21 570
471 154 52 193
471 144 23 570
477 144 25 570
483 144 27 570
44 147 31 107
102 147 1 107
108 147 37 107
124 147 7 107
131 147 21 107
143 147 13 107
146 147 25 107
174 147 1 640
212 147 49 107
238 147 57 107
240 147 45 107
242 147 7 640
258 147 13 640
280 147 19 640
283 147 25 640
295 147 31 640
320 147 37 640
338 147 1 400
372 147 43 640
389 147 55 640
399 147 49 640
402 147 7 400
416 147 25 400
423 147 55 193
444 147 19 400
474 147 31 400
485 147 1 452
8 161 43 251
17 161 16 251
18 161 13 251
36 161 21 251
38 161 25 251
53 161 37 251
57 161 10 251
65 161 28 251
87 161 7 251
92 161 40 251
100 161 49 251
107 161 31 251
114 161 1 251
115 161 4 251
151 161 34 251
154 161 58 251
159 161 52 251
176 161 55 251
182 161 46 251
204 161 1 297
213 161 7 297
215 161 4 297
226 161 10 297
281 161 15 297
323 161 31 297
325 161 19 297
339 161 22 297
340 161 25 297
346 161 28 297
356 161 34 297
370 161 43 297
377 161 37 297
445 161 49 297
456 161 40 297
468 161 46 297
4 153 11 513
49 153 17 513
51 153 23 513
54 153 29 513
82 153 35 513
85 153 41 513
102 153 5 513
105 153 19 251
106 153 47 513
107 153 53 513
112 153 59 513
138 153 1 689
144 153 4 689
145 153 10 689
183 153 7 689
193 153 13 689
219 153 17 689
243 153 15 689
244 153 19 689
257 153 21 689
272 153 23 689
291 153 28 689
293 153 25 689
320 153 31 689
344 153 35 689
353 153 33 689
360 153 40 689
363 153 43 689
372 153 47 689
386 153 45 689
407 153 37 689
409 153 53 689
422 153 49 689
445 153 55 689
454 153 58 689
465 153 51 689
6 200 19 495
8 200 46 495
20 200 25 495
24 200 22 495
31 200 37 495
48 200 28 495
81 200 40 495
100 200 10 495
101 200 7 495
119 200 1 495
125 200 4 495
139 200 49 495
174 200 13 495
178 200 31 495
185 200 43 495
208 200 16 495
241 200 58 495
292 200 52 495
294 200 34 495
322 200 10 303
330 200 7 303
348 200 55 495
361 200 19 303
367 200 13 303
390 200 1 303
411 200 4 303
412 200 16 303
422 200 28 303
425 200 22 303
426 200 25 303
429 200 31 303
450 200 37 303
482 200 34 303
485 200 58 303
496 200 4 383
14 151 3 72
74 151 5 72
76 151 17 72
101 151 1 72
157 151 11 72
178 151 7 72
190 151 9 72
195 151 13 72
252 151 15 72
259 151 19 72
277 151 21 72
280 151 23 72
292 151 29 72
312 151 25 72
331 151 27 72
368 151 31 72
369 151 35 72
372 151 40 72
383 151 33 72
390 151 59 72
398 151 37 72
497 151 43 72
41 173 37 144
63 173 25 144
79 173 43 144
80 173 49 144
86 173 31 144
101 173 13 144
106 173 55 144
113 173 13 208
118 173 31 208
120 173 3 144
142 173 43 208
149 173 7 144
161 173 1 208
187 173 49 208
207 173 19 144
211 173 25 208
247 173 7 208
257 173 37 208
266 173 3 237
272 173 55 208
274 173 9 237
276 173 19 208
286 173 13 237
326 173 25 237
327 173 37 237
329 173 31 237
376 173 21 237
412 173 43 237
446 173 55 237
456 173 1 582
458 173 49 237
462 173 7 582
472 173 15 582
484 173 21 582
487 173 25 582
497 173 31 582
499 173 25 655
5 182 22 273
7 141 19 425
11 182 19 273
15 182 25 273
18 141 16 425
22 141 31 425
35 182 28 273
36 141 25 425
41 182 49 273
49 182 31 273
53 141 22 425
68 182 34 273
76 182 3 273
88 141 13 425
90 182 52 273
97 182 10 273
106 182 37 273
111 141 37 425
115 182 7 273
116 182 40 273
124 182 55 273
138 182 43 273
140 182 58 273
149 141 34 425
152 182 25 668
171 182 13 273
179 182 4 668
183 182 16 273
188 182 46 273
195 141 1 425
202 182 1 668
204 141 4 425
227 141 7 425
234 141 10 425
239 182 7 668
242 141 28 425
245 141 40 425
249 141 55 425
253 141 49 425
262 141 43 425
267 141 46 425
273 141 1 393
274 182 13 668
275 182 16 668
303 141 58 425
313 141 52 425
313 182 37 668
315 141 4 393
315 182 10 668
337 182 19 668
348 141 7 393
367 182 22 668
382 141 13 393
393 182 34 668
396 182 40 668
398 141 10 393
402 182 31 668
404 141 16 393
418 182 43 668
427 141 19 393
429 141 22 393
431 141 28 393
437 182 28 668
450 141 25 393
466 141 31 393
472 182 19 343
479 141 37 393
480 141 34 393
482 141 40 393
491 141 43 393
495 141 1 80
498 182 46 668
16 166 23 344
26 166 16 344
43 166 35 344
59 166 25 344
80 166 4 344
84 166 1 344
137 166 7 344
149 166 11 344
150 166 13 344
182 166 9 344
195 166 19 344
199 166 27 344
204 166 29 344
207 166 33 344
211 166 40 344
214 166 21 344
215 166 31 344
237 166 37 344
244 166 47 344
245 166 43 344
267 166 49 344
268 166 10 261
286 166 45 344
318 166 51 344
325 166 53 344
330 166 55 344
332 166 59 344
334 166 1 261
361 166 7 261
366 166 5 261
369 166 3 261
389 166 13 261
393 166 57 344
397 166 15 261
413 166 19 261
432 166 17 261
442 166 21 261
446 166 23 261
450 166 28 261
453 166 25 261
467 166 31 261
468 166 33 261
476 166 35 261
495 166 41 261
496 166 47 261
5 89 31 224
6 89 25 224
7 106 31 359
8 89 49 224
9 89 43 224
12 94 37 128
17 106 19 359
19 106 43 359
23 94 43 128
26 106 25 359
38 94 19 128
48 89 19 224
50 94 31 128
51 106 37 359
55 89 55 224
56 89 37 224
56 94 49 128
63 89 37 302
64 89 25 302
65 106 49 359
67 89 31 302
78 89 7 224
84 89 43 302
94 89 19 302
97 94 25 128
103 89 3 224
105 94 13 128
108 89 55 302
115 106 25 91
123 89 7 302
125 106 55 359
139 89 7 437
150 94 55 128
153 94 13 195
159 94 1 128
166 89 13 224
168 94 51 195
173 94 1 195
174 89 19 437
177 106 7 359
182 89 13 302
189 89 1 302
194 89 51 302
200 106 1 359
202 106 13 359
210 106 1 91
212 106 55 91
214 106 7 91
216 94 7 128
224 106 19 91
228 106 13 91
235 89 1 437
239 106 13 328
240 94 7 195
241 106 31 91
244 89 13 437
249 94 19 195
251 106 39 91
262 94 25 195
265 89 55 437
266 89 25 437
272 89 31 437
277 89 37 437
278 89 19 687
280 106 1 328
284 94 7 365
287 89 43 437
293 89 49 437
294 89 43 687
296 89 3 687
304 94 45 195
316 94 31 195
317 89 7 687
318 89 25 687
321 94 1 365
337 89 13 687
338 89 31 687
341 89 37 687
347 94 37 195
349 89 49 687
350 89 1 634
356 106 43 91
367 94 25 365
368 106 51 91
370 94 13 365
371 106 31 328
374 89 57 687
385 106 37 328
389 89 15 634
394 106 7 328
400 106 37 59
401 106 25 328
403 94 55 195
404 89 7 634
405 106 43 328
408 89 19 634
410 94 19 365
413 106 49 328
415 94 37 365
432 89 25 634
444 89 43 634
447 106 19 328
448 94 1 475
451 94 31 365
460 94 43 365
461 89 37 634
461 94 55 365
462 89 49 634
476 89 31 634
483 89 7 639
485 106 13 59
489 106 25 59
491 106 19 59
495 94 25 475
497 94 49 365
6 189 31 500
32 189 34 500
60 189 10 500
74 189 21 500
89 189 1 500
98 189 37 500
99 189 27 500
101 189 40 500
111 189 46 500
117 189 43 500
126 189 7 500
130 189 13 500
165 189 49 500
177 189 52 500
183 189 4 500
187 189 55 500
198 189 58 500
216 189 16 500
223 189 16 19
253 189 1 19
283 189 4 19
287 189 25 19
296 189 13 19
306 189 19 19
321 189 28 19
326 189 7 19
359 189 10 19
376 189 31 19
395 189 34 19
396 189 22 19
400 189 43 19
410 189 37 19
412 189 40 19
421 189 46 19
425 189 49 19
426 189 52 19
439 189 7 588
440 189 55 19
449 189 58 19
452 189 10 588
462 189 4 588
463 189 13 588
471 189 1 588
487 189 16 588
492 189 25 588
495 189 22 588
4 10 25 468
6 176 37 362
7 176 43 362
33 10 31 468
37 176 27 362
45 176 49 362
65 10 37 468
74 10 43 468
76 176 21 362
96 10 19 468
109 10 49 468
112 10 37 21
118 10 13 468
139 176 55 362
143 176 19 262
149 176 13 362
153 176 43 78
158 10 7 468
158 176 33 362
167 176 1 362
171 10 1 468
180 176 7 362
185 10 55 468
192 10 55 21
201 176 1 262
202 10 7 58
211 10 33 21
226 176 25 262
230 10 49 21
231 10 1 58
234 176 55 78
242 10 49 58
253 10 13 58
269 176 9 262
273 176 13 262
325 176 37 262
337 176 31 262
352 176 49 78
353 10 43 21
354 10 19 58
357 176 45 262
373 10 31 58
375 10 37 58
377 10 43 58
379 176 49 262
380 10 7 105
383 10 25 58
383 176 1 484
392 176 13 484
401 10 55 58
415 176 49 484
416 176 43 484
419 10 15 105
420 10 1 105
434 10 19 105
441 10 55 105
444 176 57 262
454 176 7 484
457 176 25 484
462 176 19 484
465 176 7 80
480 10 25 105
492 10 31 105
498 176 31 484
13 130 22 373
20 130 28 373
34 130 31 373
41 130 25 373
73 130 16 373
76 130 34 373
81 130 37 373
97 130 19 373
98 130 1 373
106 130 40 373
163 130 4 373
181 130 7 373
190 130 43 373
196 130 10 373
200 130 13 373
254 130 52 373
264 130 46 373
295 130 49 373
336 130 55 373
354 130 7 17
362 130 4 17
382 130 25 17
388 130 1 17
397 130 10 17
406 130 13 17
408 130 16 17
423 130 19 17
427 130 58 373
430 130 22 17
432 130 31 17
450 130 40 17
452 130 28 17
456 130 34 17
457 130 43 17
468 130 37 17
470 130 46 17
476 130 49 17
477 130 52 17
480 130 57 17
486 130 40 303
488 130 43 303
1 160 11 180
1 35 17 131
6 35 29 131
14 160 31 227
14 35 11 131
22 11 29 8
24 160 17 180
25 11 11 8
29 35 31 131
35 11 23 8
44 160 28 180
47 11 37 8
48 35 7 131
53 35 40 131
56 160 1 180
61 35 23 131
63 11 5 8
72 160 15 180
75 160 7 180
78 11 16 8
80 35 13 131
81 11 25 8
89 35 19 131
91 160 5 180
95 11 7 8
103 11 19 8
104 160 13 180
116 35 4 131
125 160 19 180
126 35 1 131
127 11 1 8
137 11 13 8
138 35 21 131
155 11 3 8
157 11 21 8
161 11 9 8
166 35 37 131
176 11 41 8
177 11 27 8
181 160 3 180
183 160 9 180
188 160 21 180
194 35 9 131
200 11 34 8
203 35 27 131
208 11 31 8
209 35 15 131
212 35 35 131
214 11 49 8
216 160 25 180
228 11 47 8
229 160 23 180
237 160 41 180
238 35 25 131
248 160 33 180
254 160 31 180
262 160 35 180
264 11 43 8
266 11 45 8
267 160 37 180
271 160 39 180
279 35 33 131
289 11 39 8
290 160 59 180
291 35 43 131
297 11 17 133
298 160 45 180
300 35 49 131
308 160 49 180
309 35 45 131
321 11 51 8
324 11 55 8
329 35 47 131
330 11 53 8
343 160 43 180
354 11 13 297
358 11 57 8
361 11 59 8
363 11 53 297
364 160 47 180
365 11 55 297
366 160 51 180
367 160 53 180
378 11 57 297
386 160 55 180
390 11 21 133
395 11 59 297
398 35 51 131
417 160 57 180
420 35 53 131
423 160 1 372
423 35 59 131
427 35 55 131
433 160 5 372
437 160 3 372
438 11 23 133
443 160 11 372
446 11 25 133
450 11 35 133
455 11 27 133
460 160 13 372
463 35 57 131
470 11 29 133
472 35 53 393
474 35 46 393
476 35 55 393
480 160 15 372
484 35 49 393
485 11 31 133
488 35 5 731
488 11 33 133
494 160 17 372
500 11 39 133
2 199 31 673
16 199 37 673
27 199 49 673
30 199 43 673
61 199 55 673
65 199 31 34
93 199 21 673
106 199 27 673
119 199 31 228
134 199 7 673
147 199 7 34
174 199 25 34
196 199 1 673
217 199 19 34
221 199 55 34
225 199 1 34
233 199 19 228
234 199 13 673
235 199 45 34
293 199 13 34
295 199 1 228
305 199 37 34
311 199 7 228
316 199 25 228
319 199 37 228
322 199 13 228
327 199 55 228
330 199 43 228
362 199 7 459
366 199 19 459
372 199 49 34
392 199 49 228
394 199 1 459
399 199 13 459
411 199 25 459
417 199 31 459
425 199 37 459
429 199 43 459
440 199 49 459
480 199 1 184
484 199 55 459
494 199 43 30
10 110 23 450
14 110 33 450
20 110 17 450
37 110 35 450
60 110 13 450
72 110 29 450
73 110 1 450
85 110 7 450
95 110 11 450
107 110 15 450
132 110 4 450
135 110 19 450
140 110 31 450
150 110 21 450
160 110 9 450
171 110 37 450
180 110 25 450
182 110 39 450
189 110 27 450
193 110 43 450
208 110 47 450
209 110 59 450
210 110 45 450
219 110 53 450
233 110 41 450
251 110 55 450
264 110 49 450
284 110 11 176
289 110 51 450
291 110 57 450
295 110 5 176
303 110 17 176
319 110 19 176
321 110 31 176
335 110 29 176
336 110 41 176
347 110 53 176
351 110 47 176
353 110 59 176
386 110 7 252
393 110 1 252
404 110 3 252
409 110 5 252
418 110 9 252
432 110 11 252
434 110 13 252
443 110 16 252
456 110 19 252
459 110 21 252
497 110 23 252
498 110 29 252
11 30 22 321
39 30 16 321
63 30 43 321
72 30 31 321
80 30 19 321
89 30 13 321
129 30 37 321
135 30 46 321
137 30 25 321
147 30 1 321
150 30 28 321
168 30 7 321
177 30 34 321
182 30 49 321
220 30 10 321
245 30 4 321
261 30 1 388
283 30 40 321
285 30 10 388
287 30 52 321
291 30 4 388
295 30 55 321
314 30 58 321
330 30 13 388
368 30 16 388
375 30 19 388
380 30 28 388
426 30 7 388
434 30 31 388
452 30 25 388
470 30 34 388
475 30 40 388
494 30 22 388
497 30 37 388
1 107 29 652
18 107 5 652
21 107 47 652
52 107 23 652
63 107 11 652
69 107 35 652
73 107 41 652
93 107 17 652
116 107 53 652
128 107 59 652
144 107 11 25
159 107 5 25
161 107 7 25
165 107 9 25
175 107 1 25
188 107 3 25
230 107 13 25
238 107 15 25
270 107 17 25
272 107 29 25
317 107 19 25
334 107 21 25
337 107 25 25
348 107 23 25
350 107 27 25
364 107 31 25
365 107 34 25
370 107 37 25
393 107 39 25
401 107 41 25
408 107 43 25
430 107 49 25
436 107 51 25
437 107 46 25
449 107 53 25
463 107 55 25
4 165 31 629
7 26 37 389
20 26 31 389
23 165 49 629
43 165 37 629
46 26 19 389
53 26 49 389
60 26 25 389
63 26 55 389
66 165 19 629
71 26 43 389
73 26 43 511
93 26 49 511
97 165 43 629
100 26 55 511
106 26 49 550
107 165 25 629
128 26 1 389
137 165 19 48
149 26 39 511
151 26 7 389
155 165 13 629
162 165 7 629
163 26 7 550
172 26 13 389
186 26 1 550
198 165 49 48
203 165 7 48
206 165 55 629
209 165 31 48
216 26 19 550
219 26 27 550
222 26 13 550
231 165 25 48
235 165 7 653
236 165 13 48
241 26 39 550
256 165 43 48
265 26 1 39
266 165 13 653
275 26 19 39
279 26 13 39
288 26 9 39
294 26 55 550
299 26 7 386
302 26 31 550
311 26 25 39
324 165 57 48
328 165 1 653
328 26 19 386
329 165 37 48
340 165 31 653
345 26 45 550
356 165 25 653
358 165 43 653
369 165 37 653
380 165 49 653
386 165 19 653
391 165 7 678
406 26 37 39
412 26 49 39
421 26 31 39
430 165 55 653
433 165 25 678
439 26 43 39
440 26 1 386
445 165 13 678
446 26 27 386
447 26 31 386
448 165 19 678
463 165 3 678
466 165 43 678
472 26 37 386
477 26 55 39
8 115 55 254
9 115 28 254
15 115 31 254
17 124 25 173
26 124 31 173
38 124 28 173
40 124 37 173
58 115 21 254
62 124 13 173
71 124 40 173
74 115 49 254
75 124 34 173
81 115 43 254
82 115 13 254
82 124 16 173
96 124 43 173
100 124 19 173
101 115 25 254
107 124 46 173
114 115 4 254
117 115 40 254
118 115 37 254
121 124 55 173
129 115 46 254
142 124 4 173
147 115 34 254
153 124 52 173
157 115 1 254
164 124 1 173
175 115 7 254
177 115 21 333
187 115 1 333
189 115 10 254
200 124 7 173
223 124 46 210
224 115 52 254
228 124 22 173
230 115 16 254
234 124 49 173
236 115 58 254
248 115 13 333
253 115 55 137
259 115 58 137
264 115 4 333
265 124 10 173
271 124 4 210
277 115 7 333
288 124 1 210
294 115 10 333
304 115 16 333
311 124 58 173
314 124 7 210
316 124 10 210
317 115 25 333
317 124 13 210
328 124 25 210
334 115 28 333
342 115 40 333
344 124 16 210
360 124 19 210
377 115 31 333
394 115 34 333
398 115 1 416
399 115 37 333
399 124 22 210
407 115 43 333
424 124 31 210
426 124 34 210
433 115 49 333
434 124 37 210
442 124 49 210
448 115 13 416
450 115 46 333
465 115 55 333
472 124 43 210
479 115 58 333
493 124 28 210
497 115 4 416
16 145 57 25
23 145 55 455
26 145 34 455
28 145 31 455
29 145 37 455
35 145 40 455
41 145 52 455
62 145 22 455
67 145 10 455
74 145 58 455
92 145 16 455
104 145 25 455
109 145 28 455
110 145 19 455
119 145 4 455
122 145 43 455
170 145 1 455
181 145 13 455
187 145 46 455
208 145 7 455
321 145 33 392
327 145 1 392
331 145 7 392
362 145 13 392
372 145 58 489
382 145 49 455
388 145 46 489
389 145 4 392
396 145 16 392
418 145 37 392
457 145 40 392
462 145 25 392
472 145 10 392
4 12 43 388
9 12 47 388
10 12 45 388
36 12 49 388
72 12 51 388
130 12 53 388
135 12 59 388
136 12 55 388
137 12 5 123
138 12 57 388
140 12 1 123
148 12 7 123
184 12 9 123
217 12 11 123
218 12 3 123
250 12 17 123
267 12 13 123
270 12 19 123
272 12 15 123
289 12 22 123
300 12 25 123
344 12 27 123
386 12 29 123
388 12 31 123
424 12 34 123
427 12 40 123
437 12 37 123
463 12 43 123
468 12 53 123
469 12 49 123
475 12 45 123
4 32 37 376
13 32 25 376
21 32 43 376
69 32 31 376
72 32 55 376
73 32 49 376
80 32 37 318
83 32 43 318
94 32 33 318
104 32 55 318
108 32 31 430
114 32 13 376
122 32 49 318
123 32 37 430
131 32 43 430
137 32 49 430
146 32 1 376
159 32 7 376
171 32 7 318
178 32 19 376
188 32 13 318
219 32 19 318
257 32 7 430
263 32 1 318
269 32 25 318
270 32 21 430
288 32 25 430
310 32 25 536
328 32 7 536
348 32 3 430
359 32 1 536
372 32 13 430
377 32 55 430
387 32 37 536
404 32 31 536
438 32 15 536
445 32 19 536
447 32 37 592
470 32 49 536
486 32 43 536
5 109 29 430
7 53 23 318
18 128 19 165
24 53 29 318
44 109 11 430
46 53 11 318
59 53 17 318
66 109 17 430
69 128 25 165
71 128 13 165
78 109 35 430
85 53 31 318
86 53 5 318
91 53 47 318
94 109 1 430
103 53 41 318
104 128 1 165
111 128 5 165
114 109 41 430
114 53 53 318
118 128 17 165
119 53 59 318
131 128 7 165
131 53 5 34
133 128 11 165
136 109 47 430
137 53 11 34
152 128 23 165
152 53 17 34
154 109 19 430
162 53 23 34
163 53 35 34
166 128 3 165
166 109 53 430
166 53 43 34
168 128 15 165
169 109 59 430
171 128 31 165
173 53 53 34
179 53 29 34
184 128 27 165
188 109 1 662
201 128 21 165
201 109 17 662
205 53 41 34
210 109 23 662
225 128 9 165
229 109 35 662
232 53 59 34
234 53 5 62
237 128 29 165
246 53 23 62
248 53 11 62
249 109 7 662
253 128 33 165
260 53 13 62
261 109 29 662
267 53 29 62
269 109 41 662
277 53 35 62
279 128 35 165
281 128 41 165
283 109 47 662
300 53 41 62
302 53 53 62
305 109 53 662
305 53 47 62
307 128 43 165
311 53 11 583
326 128 47 165
329 128 53 165
336 109 59 662
338 109 5 739
345 109 11 739
352 128 37 165
363 109 29 739
365 109 17 739
366 53 59 62
370 53 17 583
373 109 19 739
374 128 49 165
375 128 45 165
377 109 47 739
378 53 7 583
380 53 19 583
382 53 28 583
383 53 9 583
385 128 51 165
400 109 41 739
403 128 39 165
406 128 5 694
407 109 53 739
410 109 31 739
424 53 13 583
430 128 59 165
431 53 15 583
434 128 55 165
438 109 59 739
439 53 23 583
442 128 57 165
451 128 55 124
458 53 21 583
464 109 5 80
467 128 11 694
471 53 31 583
477 109 11 80
482 128 23 694
485 109 17 80
494 53 25 583
3 3 31 477
4 101 45 232
7 90 49 747
10 101 37 232
11 3 25 477
13 3 37 477
13 90 57 393
15 3 43 477
17 3 49 477
17 90 55 5
18 90 21 747
24 101 25 232
30 90 33 747
31 3 55 477
37 101 49 232
39 90 37 747
40 3 43 518
42 3 39 518
43 90 43 747
50 90 55 747
60 90 19 28
62 101 55 232
63 90 49 28
65 3 55 518
68 101 37 159
77 101 55 159
80 90 43 28
82 101 31 232
86 101 27 159
87 3 43 408
91 90 55 28
101 3 19 477
103 101 21 232
109 90 43 158
113 3 31 518
117 3 49 518
123 3 31 408
124 101 1 232
128 101 13 232
136 3 39 408
149 3 21 518
153 101 37 345
155 101 19 159
157 3 49 408
162 101 1 159
167 3 7 477
175 101 45 159
181 3 19 408
181 90 55 158
184 90 13 747
189 90 19 158
213 3 25 518
214 3 1 477
217 90 31 28
218 3 13 477
221 101 19 345
222 3 1 518
226 101 1 345
228 3 25 408
232 3 55 408
236 3 1 615
238 101 27 345
241 101 7 232
245 3 7 518
253 90 25 747
254 101 7 159
270 90 25 28
271 90 49 158
274 90 3 747
275 101 1 527
276 3 25 615
276 90 37 28
277 101 31 159
279 3 19 615
282 3 9 408
283 3 31 615
283 101 49 159
284 90 13 28
286 101 7 345
301 3 39 615
312 90 7 747
313 90 13 158
313 101 55 345
314 3 43 615
315 90 45 544
317 101 31 345
318 101 43 345
327 3 13 518
335 3 13 408
335 90 1 28
342 3 7 615
343 101 15 159
344 101 49 345
351 101 15 345
362 90 25 158
365 3 13 615
368 101 9 527
371 101 13 527
371 90 1 158
372 3 1 257
374 90 7 28
375 90 49 544
383 90 37 158
388 3 7 257
392 101 31 527
392 90 37 544
401 3 49 615
405 3 55 615
406 101 25 527
409 101 19 527
414 90 7 158
416 101 49 527
420 101 37 527
424 101 43 527
428 3 55 123
430 3 13 257
437 101 55 527
440 101 7 696
441 90 9 544
442 3 1 361
444 3 51 257
449 101 19 696
456 3 21 257
458 3 25 257
464 101 13 696
465 90 13 544
466 101 25 696
467 90 19 544
469 101 31 696
471 101 55 696
476 3 57 257
479 3 13 361
487 90 31 158
491 3 31 257
496 101 13 597
497 3 27 361
498 3 37 257
4 14 49 422
5 14 37 422
33 14 25 422
56 57 28 288
65 14 13 422
72 57 22 288
83 14 31 422
85 57 1 288
100 57 16 288
101 57 31 288
105 14 28 422
105 57 25 288
109 14 55 422
125 14 1 422
146 14 43 422
150 14 16 422
160 14 40 422
167 14 52 422
170 57 4 288
174 14 7 422
186 14 10 422
188 57 34 288
194 57 13 288
205 14 4 422
213 14 19 422
216 57 37 288
225 57 19 288
234 14 22 422
240 14 1 638
244 14 58 422
246 14 46 422
247 57 1 45
258 14 34 422
264 57 51 288
265 14 7 638
266 14 10 638
277 57 10 288
285 57 45 288
286 57 40 288
300 14 13 638
312 14 16 638
316 14 19 638
317 57 57 288
318 57 7 288
319 14 4 638
319 57 58 421
320 14 22 638
338 14 37 638
341 57 7 45
351 14 28 638
356 14 31 638
357 57 52 421
379 14 34 638
388 14 43 638
392 57 10 45
398 14 40 638
404 14 25 638
406 57 16 45
410 14 7 735
418 57 4 45
429 57 19 45
433 14 52 638
440 14 58 638
451 14 46 638
451 57 22 45
454 57 25 45
466 57 13 45
469 14 55 638
478 57 31 45
481 57 34 45
485 14 10 735
490 14 49 638
494 14 13 735
496 57 28 45
12 13 55 480
29 13 40 416
46 13 16 416
87 13 31 416
88 13 25 416
89 13 34 416
94 13 46 416
116 13 22 416
118 13 43 416
139 13 19 416
165 13 52 416
176 13 58 416
192 13 7 416
194 13 55 416
195 13 10 416
212 13 28 416
226 13 7 671
231 13 10 671
242 13 57 561
243 13 37 416
247 13 4 671
263 13 52 561
285 13 19 671
295 13 13 671
306 13 16 671
308 13 28 671
309 13 1 671
326 13 31 671
331 13 34 671
335 13 25 671
350 13 22 671
351 13 49 416
375 13 55 671
377 13 49 671
391 13 37 671
394 13 40 671
399 13 3 696
402 13 43 671
405 13 52 671
418 13 46 671
420 13 58 671
432 13 46 696
444 13 37 696
453 13 40 696
458 13 1 315
466 13 49 696
484 13 43 696
486 13 52 696
494 13 19 315
2 49 28 40
15 193 29 615
25 49 15 40
32 49 17 40
39 49 23 40
46 193 23 615
50 49 19 40
56 49 11 40
58 49 31 40
62 49 9 40
64 49 33 40
66 193 35 615
67 193 37 615
83 193 11 615
96 49 5 40
99 49 7 40
110 193 47 615
113 193 5 615
119 193 53 615
123 49 13 40
124 49 35 40
127 193 17 615
138 193 59 615
148 193 55 17
155 193 1 146
158 193 5 146
159 193 11 146
179 193 13 146
186 49 25 40
190 193 7 146
198 193 3 146
198 49 1 40
202 49 41 40
205 193 9 146
214 193 15 146
220 193 17 146
234 49 3 40
235 193 19 146
237 49 21 40
242 49 43 40
243 49 47 40
248 49 37 40
254 193 21 146
265 193 23 146
267 49 39 40
269 193 29 146
281 49 45 40
282 49 52 40
283 49 55 40
292 193 35 146
299 193 31 146
301 49 49 40
304 193 37 146
305 49 59 40
312 49 57 40
317 49 5 102
325 193 25 146
325 49 17 102
338 49 11 102
345 49 23 102
355 49 29 102
361 49 35 102
370 49 41 102
383 49 47 102
392 49 53 102
401 193 43 146
402 193 46 146
423 193 27 146
428 49 59 102
431 49 1 226
434 49 3 226
439 193 40 146
446 193 49 146
461 49 5 226
468 49 7 226
469 193 51 146
480 193 53 146
484 49 9 226
2 9 37 532
3 9 43 532
3 45 37 185
4 175 55 650
11 9 31 532
16 19 31 65
17 45 31 185
17 19 37 65
24 19 43 65
25 19 19 65
26 19 49 65
27 19 55 65
37 9 55 532
38 45 43 185
39 19 43 226
43 9 49 532
45 19 25 65
46 45 25 185
48 175 31 650
53 45 55 185
57 175 19 650
57 19 31 226
65 175 43 650
70 9 31 710
72 175 37 650
75 9 37 710
78 175 49 650
79 45 49 185
84 45 33 406
86 9 43 710
88 45 43 406
98 45 49 406
103 19 25 226
104 9 31 460
105 175 31 735
107 9 19 532
125 9 49 710
132 175 7 650
134 45 25 406
138 175 3 650
145 9 55 710
155 9 25 532
156 175 13 650
163 175 39 735
164 9 19 710
167 9 13 532
179 9 19 460
184 45 43 692
193 19 1 65
194 175 1 735
196 175 19 735
199 45 7 185
199 175 55 735
199 19 13 65
201 175 13 263
205 9 13 710
206 45 13 185
206 19 7 65
212 45 1 185
232 19 19 226
235 9 25 710
235 45 21 185
249 45 1 406
250 175 25 650
253 45 19 406
260 45 15 406
260 175 25 735
263 9 7 532
276 9 43 460
278 19 55 226
282 9 25 460
283 45 19 692
284 175 19 263
284 19 25 711
285 19 37 226
286 45 1 692
290 19 1 711
293 175 7 263
297 19 19 711
306 19 31 711
310 9 49 460
314 19 51 226
317 19 49 711
319 9 31 506
320 45 57 406
322 175 43 735
335 19 37 711
336 175 1 263
337 9 1 532
342 45 43 713
346 45 37 406
349 9 1 710
353 19 9 711
355 19 43 711
358 175 49 735
386 19 13 226
387 45 7 406
388 45 33 692
389 45 25 692
389 19 31 259
397 9 1 460
409 45 13 692
414 9 13 460
416 9 13 506
417 175 49 263
417 19 7 315
421 175 37 263
428 45 49 692
433 45 7 692
434 45 57 692
435 175 55 210
435 19 19 148
437 19 13 711
443 19 19 442
446 19 1 148
461 175 25 263
466 9 55 460
478 19 57 711
487 9 7 710
489 175 1 135
490 19 27 259
492 19 37 259
494 19 49 259
25 54 25 304
56 54 34 304
57 54 37 304
87 54 40 304
89 54 49 304
91 54 16 304
95 54 22 304
120 54 10 304
130 54 43 304
154 54 7 304
185 54 1 304
196 54 13 304
206 54 31 304
207 54 4 304
219 54 46 304
235 54 52 304
238 54 19 304
259 54 1 426
263 54 28 304
274 54 55 304
297 54 25 426
302 54 4 426
303 54 7 426
309 54 58 304
318 54 31 426
320 54 13 426
336 54 10 426
347 54 16 426
349 54 28 426
375 54 34 426
385 54 22 426
396 54 19 426
407 54 39 426
416 54 40 484
424 54 49 426
430 54 37 484
441 54 43 426
453 54 46 426
459 54 55 426
463 54 7 209
473 54 58 426
491 54 37 209
1 77 41 362
2 68 35 226
21 77 31 362
24 77 47 362
25 77 17 362
32 77 53 362
35 77 59 362
45 68 29 226
46 77 35 717
47 68 41 226
48 77 11 362
50 77 17 717
54 68 23 226
61 77 11 717
62 68 47 226
69 77 29 717
82 68 49 226
88 68 59 226
102 68 13 246
111 77 19 362
116 77 37 717
123 77 5 362
136 77 25 362
148 68 11 226
154 68 17 226
158 77 43 717
159 77 23 717
162 68 5 246
164 77 5 717
165 77 59 717
167 68 11 246
170 68 7 246
173 77 5 212
176 68 1 246
177 68 17 246
178 68 3 246
197 68 15 246
209 68 19 246
215 77 53 717
222 68 22 246
243 77 11 212
253 77 17 212
258 77 23 212
277 77 41 212
291 77 35 212
297 68 31 246
299 68 29 246
301 77 29 212
332 68 25 246
334 68 35 246
334 77 47 212
342 68 47 246
346 68 41 246
351 68 9 246
351 77 53 212
356 68 39 246
360 68 27 246
366 68 33 246
369 68 53 246
370 77 11 364
376 77 59 212
378 68 43 246
386 68 49 246
391 77 29 364
396 68 37 246
397 68 51 246
397 77 17 364
398 77 5 364
400 68 59 246
405 77 23 364
406 68 45 246
408 68 55 246
417 77 35 364
426 68 1 665
449 77 41 364
460 68 19 254
462 77 47 364
473 68 3 665
474 68 11 665
486 68 5 665
487 77 55 364
498 68 7 665
12 72 43 371
31 72 49 371
33 72 37 371
34 72 37 613
52 72 55 371
89 72 55 613
108 72 43 613
130 72 49 613
175 72 3 371
227 72 19 371
229 72 13 371
236 72 31 371
246 72 1 613
263 72 13 613
272 72 7 371
324 72 25 371
330 72 19 613
336 72 33 613
337 72 27 613
340 72 1 506
348 72 19 506
349 72 7 613
363 72 25 506
376 72 7 506
424 72 37 506
430 72 1 558
28 116 37 580
57 116 43 580
64 116 49 580
81 116 27 580
84 116 55 580
126 116 19 580
136 116 43 581
143 116 25 581
156 116 37 581
207 116 7 580
221 116 25 589
227 116 1 580
229 116 31 580
231 116 19 581
257 116 13 580
260 116 31 581
264 116 19 589
274 116 49 581
309 116 7 581
319 116 43 589
325 116 1 581
331 116 37 589
337 116 55 581
340 116 39 207
349 116 13 581
357 116 1 589
368 116 33 589
411 116 13 589
414 116 49 589
442 116 9 589
450 116 1 207
453 116 55 589
489 116 7 207
497 116 13 207
5 79 35 608
6 79 41 608
13 79 29 608
17 79 11 608
18 79 25 608
21 92 29 260
30 79 37 608
34 92 17 260
36 79 16 608
49 79 7 608
54 92 35 260
64 79 31 608
68 92 41 260
85 79 22 608
91 79 19 608
92 92 1 260
95 92 13 260
97 79 33 608
99 79 47 608
102 92 22 260
104 79 5 608
120 79 27 608
120 92 15 260
127 92 5 260
130 79 39 608
131 92 47 260
141 92 7 260
152 79 43 608
162 92 11 260
166 79 1 608
170 92 9 260
170 79 13 608
171 79 53 608
184 79 58 608
185 79 9 608
211 92 43 260
214 79 51 608
218 79 49 608
232 92 3 260
255 92 51 260
262 92 31 260
268 79 17 539
270 79 45 608
274 79 25 539
277 92 19 260
278 92 25 260
293 92 27 260
296 92 45 260
301 79 3 608
319 79 55 608
324 79 1 539
329 79 4 539
336 92 37 260
337 79 7 539
344 79 13 539
355 92 39 260
364 92 33 260
365 79 9 539
366 79 11 539
367 79 19 539
375 79 41 539
390 79 15 539
394 79 22 539
394 92 49 260
398 92 55 260
410 92 53 260
413 79 27 539
415 79 43 539
432 92 59 260
445 92 11 371
449 92 17 371
452 92 57 260
458 79 29 539
461 92 1 371
470 92 23 371
474 79 35 539
479 79 49 539
488 92 29 371
18 37 27 292
41 37 55 292
52 37 34 292
69 37 37 292
94 37 13 292
112 37 43 292
120 37 31 292
159 37 49 292
172 37 1 292
175 37 10 292
190 37 40 292
192 37 4 292
200 37 19 292
203 37 22 292
215 37 7 292
228 37 52 292
244 37 1 331
260 37 58 292
280 37 16 292
308 37 4 331
314 37 10 331
327 37 19 331
338 37 46 292
358 37 7 331
360 37 13 331
378 37 16 331
398 37 22 331
470 37 25 331
476 37 28 331
1 142 43 2
6 97 43 247
9 97 49 247
18 142 31 2
25 97 31 247
28 142 49 2
37 97 37 247
50 142 43 1
54 142 37 2
60 142 55 2
78 97 55 247
96 142 25 2
110 142 25 1
116 142 49 1
117 142 55 1
124 97 37 514
126 142 39 1
133 142 33 1
148 142 13 2
171 97 33 514
188 97 27 247
191 142 1 2
199 97 37 522
205 97 49 514
206 142 21 2
224 97 1 247
237 97 13 247
241 142 13 1
259 97 7 247
281 142 7 2
283 142 43 241
300 97 19 247
306 142 25 241
315 97 55 514
316 97 57 522
322 142 31 241
324 142 3 1
335 142 55 241
347 142 7 1
351 142 19 1
354 142 15 241
360 142 1 241
362 142 31 369
369 142 7 241
372 97 7 514
378 97 1 514
394 97 25 514
412 97 7 522
425 97 13 514
437 97 19 514
438 142 19 241
449 142 37 241
451 97 25 522
453 142 49 241
458 97 13 522
462 142 43 582
477 97 27 200
478 142 37 582
486 97 1 522
492 142 55 328
497 142 55 582
38 34 23 322
40 34 19 322
43 34 17 322
44 34 35 322
70 34 5 322
97 34 29 322
101 34 37 322
111 34 13 322
131 34 40 322
132 34 11 322
210 34 25 322
215 34 1 322
236 34 43 322
243 34 7 322
261 34 27 322
278 34 31 322
297 34 15 322
307 34 9 322
357 34 49 322
358 34 3 322
387 34 45 322
392 34 47 322
407 34 21 322
410 34 33 322
423 34 51 322
425 34 53 322
426 34 58 322
432 34 1 585
434 34 5 585
441 34 15 585
467 34 55 322
485 34 7 585
2 197 43 169
31 197 40 169
48 197 25 169
57 197 49 169
66 197 31 169
78 197 37 169
88 197 34 169
113 197 10 169
127 197 13 169
143 197 58 169
147 197 46 169
161 197 52 169
164 197 7 169
167 197 43 623
177 197 37 623
186 197 16 169
189 197 7 623
191 197 10 623
228 197 4 169
257 197 4 623
266 197 31 623
299 197 19 169
302 197 22 169
325 197 28 169
333 197 1 169
335 197 34 623
352 197 13 623
360 197 55 169
385 197 16 623
395 197 1 623
403 197 21 623
405 197 40 623
414 197 25 623
418 197 52 623
470 197 55 623
475 197 58 623
494 197 28 623
11 114 35 185
19 114 17 185
32 114 41 185
51 114 29 185
55 114 19 185
85 114 11 185
93 114 5 185
96 114 53 185
130 114 47 185
133 114 59 185
134 114 17 224
179 114 11 224
183 114 1 224
186 114 23 224
187 114 53 224
195 114 29 224
211 114 47 224
221 114 35 224
242 114 3 419
249 114 59 224
280 114 41 224
295 114 7 419
303 114 1 419
305 114 9 419
311 114 5 419
317 114 11 419
329 114 17 419
343 114 19 419
345 114 31 419
372 114 21 419
397 114 13 419
400 114 25 419
405 114 29 419
415 114 15 419
421 114 23 419
457 114 35 419
464 114 27 419
476 114 40 419
477 114 37 419
486 114 47 419
494 114 33 419
8 38 58 466
60 38 49 466
91 38 34 466
92 38 10 466
138 38 25 466
152 38 28 466
162 38 13 466
175 38 16 466
186 38 7 466
194 38 31 466
203 38 1 466
209 38 4 466
242 38 25 713
243 38 19 466
248 38 22 466
280 38 55 466
303 38 43 466
305 38 1 713
308 38 37 466
314 38 40 466
345 38 52 466
350 38 19 713
354 38 46 466
382 38 4 713
405 38 7 713
412 38 13 713
427 38 16 713
430 38 10 713
433 38 31 713
436 38 22 713
448 38 40 713
470 38 37 713
54 100 43 106
80 100 55 106
95 100 31 106
101 100 43 289
112 100 49 106
120 100 49 289
122 100 55 289
140 100 49 64
178 100 9 106
200 100 55 64
236 100 37 106
246 100 31 289
254 100 55 343
255 100 13 106
280 100 25 106
296 100 55 248
303 100 19 106
304 100 55 651
308 100 31 64
339 100 1 106
348 100 13 289
379 100 1 289
414 100 1 64
445 100 7 289
463 100 19 289
464 100 21 64
472 100 31 343
476 100 9 64
500 100 25 289
12 158 34 275
66 158 37 275
67 158 25 275
78 158 31 275
93 158 43 275
97 158 16 275
98 158 46 275
103 158 55 275
122 158 40 275
156 158 28 275
163 158 49 275
168 158 1 275
180 158 13 275
183 158 58 275
187 158 4 275
191 158 52 275
198 158 19 275
212 158 7 275
240 158 19 434
260 158 22 275
271 158 45 434
283 158 1 434
286 158 22 434
295 158 10 275
298 158 7 434
306 158 13 434
310 158 31 434
314 158 4 434
315 158 51 434
342 158 22 283
374 158 16 434
383 158 13 397
422 158 34 434
431 158 55 434
479 158 25 434
11 69 37 289
25 69 37 291
34 69 43 291
46 69 31 291
70 69 49 291
78 69 43 244
82 69 25 291
84 69 49 244
85 69 55 291
92 69 55 244
99 69 21 291
107 69 37 244
113 69 43 64
141 69 9 291
185 69 19 244
207 69 13 291
225 69 25 244
232 69 33 244
258 69 9 244
262 69 15 244
265 69 13 64
268 69 25 64
279 69 1 291
305 69 13 418
309 69 19 418
326 69 57 418
355 69 1 418
361 69 9 418
382 69 37 64
384 69 31 418
386 69 51 418
395 69 37 418
403 69 9 626
406 69 1 490
438 69 25 418
449 69 7 490
477 69 39 626
483 69 13 626
487 69 19 626
488 69 25 626
3 1 49 112
5 1 43 112
17 1 43 602
22 1 37 112
49 1 49 602
64 1 55 112
142 1 55 602
179 1 55 493
202 1 25 112
208 1 33 112
210 1 37 602
218 1 25 602
220 1 13 112
244 1 7 112
249 1 9 602
252 1 19 112
305 1 25 493
308 1 51 493
318 1 37 493
332 1 13 602
398 1 13 493
409 1 1 112
413 1 1 602
420 1 19 602
441 1 19 493
460 1 1 493
461 1 7 493
471 1 33 602
484 1 1 233
20 83 37 680
22 83 34 680
61 83 31 680
75 83 43 680
82 83 40 680
93 83 46 680
123 83 28 680
132 83 13 680
134 83 55 680
163 83 52 680
196 83 7 680
205 83 1 680
215 83 10 680
227 83 10 20
232 83 25 680
257 83 43 20
260 83 19 680
280 83 7 20
295 83 16 680
298 83 22 680
309 83 13 20
333 83 19 20
340 83 28 20
345 83 4 680
346 83 1 20
355 83 58 680
397 83 22 20
398 83 31 20
416 83 10 434
423 83 4 20
427 83 49 680
438 83 34 20
450 83 16 20
460 83 37 20
462 83 40 20
475 83 52 20
490 83 46 20
495 83 4 564
497 83 40 434
11 44 43 449
24 44 31 449
29 44 46 449
39 44 49 449
47 44 52 449
66 44 40 449
75 44 55 449
85 44 25 449
100 44 28 449
104 44 37 449
115 44 1 449
132 44 16 449
145 44 25 334
150 44 34 449
170 44 58 449
177 44 40 334
182 44 19 449
195 44 4 449
217 44 49 334
224 44 13 449
237 44 7 449
256 44 4 334
260 44 37 334
274 44 16 334
279 44 28 334
282 44 22 449
288 44 19 334
296 44 49 383
298 44 10 449
306 44 22 334
320 44 1 334
326 44 10 334
344 44 7 334
345 44 33 334
378 44 13 334
379 44 43 334
381 44 46 334
399 44 55 334
427 44 52 334
455 44 13 383
461 44 16 383
488 44 19 383
491 44 40 383
18 56 37 519
22 187 43 6
26 187 55 6
33 56 43 519
38 56 31 519
48 56 49 519
57 187 55 738
76 56 25 519
79 56 55 519
83 56 37 233
97 56 49 233
103 187 31 6
124 187 49 6
132 56 19 519
137 187 43 738
149 187 43 206
149 56 55 233
150 187 39 6
161 187 25 6
162 56 19 233
168 56 55 276
193 56 7 519
209 56 21 276
215 187 13 6
219 187 7 6
224 56 37 276
225 187 39 738
228 187 31 738
230 187 1 6
238 187 37 206
241 187 21 6
251 187 9 738
263 187 31 206
264 56 25 233
279 187 49 738
299 56 13 519
302 187 25 738
305 56 49 276
306 56 37 465
308 56 55 465
320 56 33 233
325 56 43 233
329 56 7 233
340 187 43 361
364 187 51 206
379 187 7 206
380 187 43 614
389 56 43 276
393 187 3 738
403 187 13 738
419 56 25 276
420 187 25 206
423 56 13 233
423 187 31 361
428 56 31 276
429 56 49 465
433 187 37 361
434 187 15 206
444 187 1 614
456 187 55 206
467 56 1 519
468 187 21 738
474 56 13 276
486 56 7 276
10 133 55 30
22 133 58 30
50 133 28 298
59 133 46 298
82 133 37 298
113 133 55 298
216 133 49 298
233 133 43 298
241 133 25 298
243 133 31 298
245 133 52 298
250 133 7 460
252 133 58 298
259 133 4 695
276 133 7 695
279 133 40 298
291 133 1 695
311 133 55 695
321 133 43 695
334 133 10 460
335 133 31 695
343 133 34 298
345 133 37 460
355 133 10 695
358 133 22 695
371 133 40 460
372 133 55 700
403 133 49 695
404 133 13 695
420 133 7 700
422 133 16 695
436 133 19 695
454 133 28 695
457 133 46 695
464 133 52 695
487 133 37 695
500 133 34 695
13 108 31 50
44 108 37 50
51 108 43 50
73 108 55 50
96 108 31 263
107 108 49 50
170 108 43 257
174 108 31 200
192 108 19 50
196 108 55 263
230 108 7 50
231 108 31 15
258 108 25 50
265 108 19 200
272 108 43 263
293 108 37 200
312 108 45 200
326 108 13 50
332 108 19 15
348 108 49 200
360 108 49 492
384 108 13 200
385 108 43 15
394 108 55 200
411 108 19 94
412 108 55 15
453 108 27 15
481 108 1 50
20 31 57 246
26 31 23 581
58 31 35 581
102 31 29 581
135 31 5 581
140 31 17 581
148 31 47 581
150 31 11 581
155 31 41 581
160 31 53 581
171 31 59 581
177 31 5 589
182 31 7 589
186 31 29 589
188 31 17 589
198 31 31 589
218 31 41 589
259 31 23 589
294 31 47 589
318 31 5 618
343 31 53 589
360 31 59 589
363 31 11 618
376 31 17 618
381 31 23 618
388 31 29 618
420 31 41 618
424 31 47 618
456 31 53 618
473 31 35 618
478 31 5 228
481 31 59 618
483 31 17 228
491 31 11 228
25 40 28 296
28 40 34 296
58 40 37 296
72 40 43 296
73 40 22 296
82 40 46 296
138 40 31 296
155 40 31 734
164 40 16 296
166 40 49 296
190 40 1 296
240 40 25 296
251 40 19 296
257 40 46 734
280 40 10 296
281 40 19 734
299 40 22 734
307 40 13 296
334 40 4 296
339 40 7 296
340 40 19 560
341 40 25 734
352 40 40 296
359 40 7 734
401 40 1 734
404 40 52 296
406 40 10 734
408 40 13 734
414 40 55 296
442 40 52 734
481 40 16 734
485 40 28 734
486 40 58 296
495 40 7 560
499 40 10 560
10 47 29 56
12 47 23 56
25 47 35 56
28 47 41 56
29 47 17 56
33 47 5 56
66 47 47 56
99 47 11 56
113 47 53 56
152 47 59 56
160 47 7 527
164 47 23 527
172 47 5 527
180 47 17 527
192 47 41 527
218 47 29 527
234 47 35 527
238 47 5 734
245 47 47 527
264 47 59 527
270 47 35 734
272 47 53 527
288 47 37 734
293 47 41 734
301 47 43 734
302 47 39 734
310 47 1 748
317 47 3 748
325 47 55 734
332 47 10 748
373 47 7 748
386 47 57 734
397 47 49 734
417 47 59 734
424 47 15 748
12 156 49 337
15 156 34 337
33 156 28 337
43 156 55 337
57 156 40 337
58 156 43 337
170 156 25 337
171 156 16 337
174 156 16 701
182 156 31 337
189 156 52 337
199 156 46 337
214 156 37 337
222 156 43 701
235 156 31 701
243 156 22 337
281 156 22 701
284 156 55 701
286 156 19 337
294 156 4 337
303 156 10 337
309 156 25 701
316 156 7 337
324 156 13 337
339 156 10 701
341 156 28 701
349 156 34 701
352 156 46 701
353 156 1 337
357 156 58 337
360 156 22 446
365 156 40 701
394 156 37 701
396 156 1 701
404 156 19 701
418 156 58 701
422 156 7 701
423 156 37 446
424 156 52 701
437 156 49 701
464 156 43 446
467 156 15 446
476 156 4 701
485 156 19 446
490 156 31 446
16 43 43 189
20 43 40 189
28 43 46 189
39 43 52 189
49 43 34 189
76 43 31 189
102 43 37 189
120 43 55 189
126 43 10 189
150 43 25 189
153 43 19 189
156 43 49 189
158 43 15 189
164 43 52 732
186 43 58 189
214 43 28 189
221 43 1 189
224 43 58 732
232 43 13 55
247 43 22 189
287 43 28 55
293 43 4 189
294 43 16 55
300 43 33 55
307 43 1 276
308 43 19 55
323 43 1 55
327 43 4 276
328 43 46 55
343 43 22 55
347 43 55 732
349 43 55 146
350 43 58 146
369 43 13 515
395 43 4 55
407 43 7 189
451 43 7 55
458 43 10 55
469 43 58 55
486 43 25 55
487 43 57 221
19 169 49 186
36 169 28 186
70 169 43 186
86 169 52 186
97 169 55 186
121 169 37 186
126 169 34 186
133 169 19 186
140 169 7 186
178 169 13 186
180 169 58 186
185 169 4 186
193 169 16 186
210 169 57 539
225 169 22 186
241 169 46 186
251 169 31 186
252 169 10 186
269 169 31 539
276 169 31 114
332 169 1 186
356 169 22 114
394 169 45 539
419 169 40 186
422 169 37 539
423 169 43 114
437 169 25 186
456 169 25 114
467 169 51 539
474 169 19 114
497 169 1 281
14 113 37 261
16 113 49 261
18 113 43 261
19 113 52 261
25 113 45 261
30 113 39 261
42 113 55 261
61 113 17 281
67 113 59 261
73 113 5 281
91 113 23 281
101 113 57 261
124 113 13 281
125 113 11 281
151 113 19 281
162 113 25 281
174 113 29 281
193 113 31 281
195 113 7 281
197 113 35 281
208 113 37 281
220 113 47 281
235 113 40 281
236 113 52 281
240 113 55 281
243 113 9 281
251 113 43 281
253 113 58 281
267 113 15 281
278 113 27 281
287 113 49 281
317 113 21 281
338 113 23 566
339 113 33 281
343 113 45 281
349 113 5 566
353 113 29 566
382 113 11 566
409 113 35 566
432 113 41 566
438 113 53 566
440 113 13 566
470 113 59 566
485 113 47 566
489 113 19 665
492 113 9 665
1 65 35 299
17 65 23 299
49 65 11 299
52 65 5 299
96 65 7 299
109 65 19 299
114 65 17 299
121 65 28 299
126 65 25 299
135 65 21 299
136 65 31 299
148 65 9 299
173 65 13 299
178 65 1 299
183 65 39 299
191 65 41 299
193 65 33 299
235 65 49 299
246 65 37 299
286 65 43 299
297 65 45 299
314 65 55 299
350 65 47 299
354 65 52 299
370 65 57 299
376 65 3 299
384 65 59 299
392 65 5 291
395 65 19 291
412 65 35 291
413 65 29 291
419 65 47 291
495 65 15 299
14 86 49 668
20 86 51 668
34 86 53 668
38 86 55 668
48 86 57 668
76 86 59 668
89 86 59 20
93 86 55 20
102 86 25 20
105 86 49 20
115 86 13 189
128 86 57 20
141 86 49 419
147 86 51 419
156 86 53 419
164 86 43 419
168 86 59 419
178 86 55 419
185 86 7 534
197 86 5 534
209 86 1 534
212 86 17 534
223 86 11 534
241 86 28 534
243 86 57 419
268 86 19 534
278 86 23 534
304 86 13 534
323 86 15 534
333 86 25 534
347 86 31 534
363 86 45 419
376 86 34 534
387 86 3 534
393 86 9 534
443 86 40 534
462 86 53 534
493 86 21 534
5 104 49 191
10 104 49 353
13 25 43 67
15 123 37 585
18 123 45 585
19 104 55 191
37 104 43 191
39 123 55 585
40 25 49 67
46 25 37 67
52 84 37 563
64 104 37 191
68 104 43 353
75 123 49 585
81 123 55 308
93 84 31 563
93 25 57 67
99 84 49 563
102 123 31 585
103 123 37 308
110 25 37 494
125 123 43 308
126 123 49 308
133 25 25 67
138 25 49 494
142 104 49 534
144 123 21 585
145 84 45 563
145 25 37 570
147 25 55 494
150 104 43 534
165 123 19 308
166 123 45 319
172 25 51 570
183 123 43 383
190 84 55 563
195 84 15 563
207 104 57 353
208 104 55 534
220 104 49 748
229 84 1 563
230 25 25 494
244 104 21 191
245 25 19 67
249 104 31 191
259 123 25 585
261 123 33 308
263 25 37 712
266 123 49 319
277 84 25 563
287 123 37 319
289 104 7 191
291 123 19 319
291 25 31 67
292 104 37 353
301 25 25 712
310 84 43 252
312 84 21 563
316 104 37 692
324 25 19 494
327 84 25 252
329 104 25 191
330 84 37 252
338 104 19 353
347 25 33 494
348 104 31 353
349 123 37 451
355 25 19 712
360 123 31 319
365 84 25 564
371 123 49 451
373 123 9 585
387 84 49 252
391 84 45 564
394 84 51 564
399 25 7 67
405 104 1 191
415 104 1 353
423 84 7 563
425 84 55 252
425 123 1 308
427 123 1 319
428 84 25 37
429 25 55 570
431 123 3 451
432 84 7 564
440 123 15 308
450 84 7 37
450 123 49 590
453 25 19 181
456 123 7 308
458 25 55 683
460 104 15 191
462 104 13 353
463 84 31 252
466 104 19 748
470 25 1 67
471 25 13 67
473 25 7 494
475 104 7 353
476 25 19 217
478 25 1 494
480 123 19 451
482 104 25 353
484 84 13 564
487 84 1 37
490 25 1 712
498 84 21 564
15 39 55 564
45 39 37 564
59 39 27 451
76 39 40 564
113 39 58 564
128 39 31 493
141 39 13 494
144 39 46 494
156 39 46 493
189 39 49 151
203 39 34 493
219 39 43 494
256 39 16 494
278 39 33 564
288 39 16 451
303 39 13 701
304 39 22 151
316 39 16 151
334 39 43 493
336 39 7 451
360 39 43 570
374 39 31 570
381 39 34 570
390 39 4 151
407 39 1 564
410 39 10 451
413 39 46 570
425 39 34 451
436 39 13 451
438 39 31 451
441 39 37 151
460 39 7 151
467 39 43 451
498 39 10 151
77 159 19 623
102 159 46 623
131 159 49 623
141 159 31 244
146 159 23 244
164 159 29 244
170 159 41 244
176 159 13 244
186 159 47 244
194 159 59 244
201 159 35 252
208 159 53 244
211 159 59 252
234 159 41 252
296 159 47 252
312 159 29 694
314 159 17 694
321 159 53 252
330 159 35 694
335 159 41 694
340 159 47 694
385 159 53 694
396 159 59 694
399 159 17 748
405 159 5 748
409 159 23 748
417 159 25 748
438 159 29 748
448 159 47 748
451 159 37 748
459 159 27 748
Điểm tối ưu: 7006
Thời gian: 0.983690 giây
Trạng thái: GREEDY_DONE
