6619
1 127 1 445
2 119 1 570
3 55 1 519
4 66 1 165
5 5 1 678
7 145 1 339
8 193 1 356
8 88 7 467
9 136 1 71
9 55 7 519
10 140 1 627
12 5 7 678
12 144 1 98
13 66 7 165
13 55 13 519
14 135 1 225
14 88 13 467
14 24 7 539
15 88 1 467
16 136 7 71
16 145 13 339
16 124 1 170
18 55 19 519
20 88 19 467
21 193 7 356
21 144 13 98
23 135 7 225
23 124 13 170
24 66 13 165
27 135 13 225
27 124 7 170
27 127 19 445
28 5 13 678
28 88 25 467
29 144 7 98
31 193 13 356
31 124 19 170
32 144 19 98
32 88 31 467
34 193 19 356
35 24 1 539
36 140 7 627
37 135 19 225
38 88 37 467
41 193 25 356
43 144 25 98
43 145 7 339
44 144 31 98
45 5 19 678
46 5 25 678
46 136 13 71
46 144 37 98
46 24 19 539
46 124 31 170
48 124 25 170
48 127 7 445
49 140 13 627
51 66 19 165
51 135 25 225
52 24 13 539
52 127 25 445
53 193 31 356
53 66 25 165
53 88 43 467
55 55 25 519
56 66 31 165
57 66 37 165
57 144 43 98
57 55 31 519
58 193 37 356
58 140 19 627
59 135 31 225
59 136 19 71
59 144 49 98
59 55 37 519
61 135 37 225
62 5 31 678
63 136 25 71
64 136 31 71
64 119 7 570
67 24 25 539
67 88 49 467
67 127 13 445
68 144 55 98
70 119 13 570
70 124 37 170
70 127 31 445
72 140 25 627
72 127 37 445
73 55 43 519
75 140 31 627
76 140 37 627
76 55 49 519
76 88 55 467
78 127 43 445
79 193 43 356
81 135 43 225
84 5 37 678
84 145 19 339
86 55 55 519
87 66 43 165
88 127 49 445
93 135 49 225
94 124 43 170
97 145 25 339
100 5 43 678
103 145 31 339
104 140 43 627
104 124 49 170
105 66 49 165
107 136 37 71
111 127 55 445
113 140 49 627
113 24 31 539
116 66 55 165
117 193 49 356
119 5 49 678
122 135 55 225
122 145 37 339
125 5 55 678
126 145 43 339
127 119 19 570
131 136 43 71
135 193 55 356
136 119 25 570
138 140 55 627
138 119 31 570
139 136 49 71
147 124 55 170
149 136 55 71
150 24 37 539
156 119 37 570
156 24 43 539
161 145 49 339
166 145 55 339
168 119 43 570
181 119 49 570
193 119 55 570
230 24 49 539
253 24 55 539
2 16 7 695
4 132 7 577
4 21 10 306
8 110 13 295
11 94 1 745
12 93 13 434
14 1 19 1
14 21 22 306
15 110 7 295
15 21 13 306
16 151 19 403
17 1 1 1
17 93 4 434
17 21 7 306
18 1 4 1
18 110 1 295
18 16 10 695
18 25 7 628
19 76 1 701
20 1 7 1
20 36 1 283
20 94 4 745
21 21 1 306
21 94 19 745
23 120 1 343
23 93 19 434
24 1 10 1
24 110 4 295
25 1 13 1
25 132 1 577
25 76 4 701
27 1 25 1
27 16 1 695
29 1 16 1
29 110 19 295
29 25 1 628
30 110 10 295
31 132 4 577
32 93 1 434
33 93 7 434
36 110 16 295
36 25 4 628
39 76 7 701
40 120 4 343
42 94 7 745
45 110 25 295
45 120 7 343
47 132 10 577
47 94 13 745
48 94 16 745
49 21 4 306
52 21 19 306
54 94 10 745
56 36 4 283
56 151 1 403
58 76 10 701
59 76 13 701
62 76 16 701
64 93 16 434
65 1 22 1
65 76 19 701
66 151 4 403
69 36 7 283
70 110 22 295
71 25 10 628
72 110 31 295
72 16 4 695
72 21 16 306
74 93 10 434
76 1 28 1
77 16 13 695
79 76 22 701
79 151 7 403
81 110 28 295
83 76 25 701
83 21 28 306
83 94 22 745
84 151 10 403
85 1 31 1
87 25 13 628
89 1 34 1
89 132 13 577
91 110 34 295
91 25 16 628
92 16 16 695
92 151 13 403
92 120 10 343
93 110 37 295
95 1 37 1
95 120 13 343
96 76 28 701
97 132 16 577
97 16 19 695
98 93 22 434
98 25 19 628
99 1 40 1
100 16 22 695
103 93 25 434
104 36 10 283
104 132 19 577
105 16 25 695
105 21 31 306
106 132 22 577
107 21 25 306
108 94 25 745
110 151 16 403
111 132 25 577
111 94 28 745
112 21 34 306
113 36 13 283
113 151 22 403
114 1 43 1
116 120 16 343
117 16 28 695
118 1 46 1
119 1 55 1
120 21 37 306
121 76 31 701
124 93 28 434
125 120 19 343
126 1 49 1
126 120 22 343
128 1 52 1
130 1 58 1
130 110 40 295
132 25 22 628
133 21 40 306
134 110 43 295
136 36 16 283
136 76 34 701
137 16 31 695
138 110 46 295
138 21 43 306
141 120 25 343
142 16 34 695
142 25 25 628
143 25 28 628
144 93 31 434
145 21 46 306
146 76 37 701
147 36 19 283
149 16 37 695
150 93 34 434
154 120 28 343
156 110 49 295
158 110 52 295
158 25 31 628
159 132 28 577
159 151 25 403
161 110 55 295
162 110 58 295
163 94 31 745
165 94 34 745
167 25 34 628
168 94 37 745
171 76 40 701
172 21 49 306
174 132 31 577
175 94 40 745
178 36 22 283
181 16 40 695
182 151 28 403
183 76 43 701
185 120 31 343
187 93 37 434
189 16 43 695
190 151 31 403
195 132 34 577
195 120 37 343
196 16 46 695
197 132 37 577
197 36 25 283
198 36 28 283
198 16 49 695
201 36 31 283
204 76 46 701
207 76 49 701
208 120 34 343
209 36 34 283
210 132 40 577
213 151 34 403
213 93 40 434
214 36 37 283
216 36 40 283
217 76 52 701
218 25 37 628
220 93 43 434
221 132 43 577
221 76 55 701
222 94 43 745
226 76 58 701
227 94 46 745
232 94 49 745
233 151 37 403
236 94 52 745
238 21 52 306
239 120 40 343
241 132 46 577
243 36 43 283
243 16 52 695
244 93 46 434
245 132 49 577
247 132 52 577
247 151 40 403
248 132 55 577
248 120 43 343
250 94 55 745
251 94 58 745
252 132 58 577
252 93 49 434
253 36 46 283
254 151 43 403
254 25 40 628
259 93 52 434
260 21 55 306
268 93 55 434
269 16 55 695
273 93 58 434
279 36 49 283
279 21 58 306
281 151 46 403
282 120 46 343
284 120 49 343
286 16 58 695
286 120 52 343
291 36 52 283
293 36 55 283
293 151 49 403
294 151 52 403
296 25 43 628
304 120 55 343
313 25 46 628
318 36 58 283
323 151 55 403
328 25 49 628
332 25 52 628
333 25 55 628
337 120 58 343
339 25 58 628
350 151 58 403
2 126 5 182
2 29 10 182
2 62 13 458
3 74 5 100
4 48 5 677
6 45 1 369
6 90 3 130
8 90 5 130
10 48 7 677
10 146 5 281
10 29 13 182
13 45 3 369
14 8 5 341
16 62 5 458
17 74 10 100
18 45 13 369
20 126 15 182
21 146 11 281
21 91 4 274
22 74 1 100
22 48 3 677
23 91 11 274
25 100 7 737
25 146 9 281
28 130 1 688
28 146 3 281
28 29 7 182
29 48 11 677
29 126 22 182
31 126 1 182
32 100 4 737
32 91 7 274
33 146 1 281
33 29 3 182
33 126 17 182
35 130 5 688
35 58 7 347
36 90 1 130
37 45 5 369
37 58 1 347
37 91 9 274
39 100 1 737
41 90 7 130
42 74 3 100
42 126 19 182
43 45 11 369
43 146 13 281
45 90 10 130
45 91 1 274
46 58 3 347
47 91 16 274
48 74 13 100
48 29 29 182
48 90 19 130
52 74 7 100
53 100 9 737
54 91 13 274
54 146 7 281
55 146 15 281
56 100 11 737
57 126 25 182
58 91 23 274
60 91 19 274
62 100 13 737
63 45 7 369
64 48 1 677
64 58 5 347
66 90 13 130
69 29 27 182
70 58 9 347
71 48 13 677
73 74 15 100
76 8 1 341
76 58 11 347
77 126 31 182
78 126 33 182
79 146 17 281
79 29 35 182
80 130 3 688
80 48 9 677
81 48 15 677
84 45 15 369
85 45 9 369
85 90 15 130
89 90 17 130
91 62 1 458
92 130 7 688
94 74 17 100
94 146 19 281
94 62 3 458
96 130 9 688
96 74 19 100
96 146 21 281
99 8 3 341
99 90 21 130
100 48 17 677
101 45 17 369
101 146 23 281
102 74 21 100
102 58 13 347
102 126 37 182
103 130 11 688
104 62 7 458
106 130 13 688
108 8 7 341
108 126 39 182
109 130 15 688
109 48 19 677
110 45 19 369
110 48 21 677
111 130 17 688
112 146 25 281
113 8 9 341
113 45 25 369
114 62 9 458
115 90 23 130
117 100 15 737
119 45 21 369
119 146 27 281
120 29 41 182
122 58 15 347
122 29 43 182
124 126 45 182
127 45 23 369
127 146 29 281
128 58 17 347
131 74 23 100
132 74 25 100
133 48 23 677
135 29 47 182
137 48 25 677
137 146 34 281
138 8 11 341
138 74 27 100
138 58 19 347
141 45 28 369
141 146 31 281
143 74 31 100
146 146 40 281
147 8 13 341
148 130 19 688
151 29 49 182
153 45 31 369
155 100 17 737
156 126 52 182
158 100 19 737
158 146 37 281
159 45 33 369
159 126 55 182
160 62 11 458
162 58 21 347
163 45 35 369
164 48 27 677
166 58 23 347
169 90 25 130
170 8 15 341
170 90 27 130
170 91 21 274
171 130 21 688
171 100 23 737
171 74 29 100
171 45 37 369
173 8 17 341
175 100 21 737
175 45 43 369
176 90 29 130
177 58 25 347
178 62 15 458
179 126 57 182
179 58 27 347
179 74 33 100
179 91 25 274
181 48 29 677
181 126 59 182
182 74 35 100
182 48 31 677
182 91 33 274
183 45 39 369
184 45 41 369
185 91 27 274
186 45 45 369
186 62 17 458
192 90 31 130
193 130 23 688
194 100 25 737
200 130 25 688
202 62 19 458
203 100 27 737
203 8 19 341
203 90 33 130
203 62 21 458
206 58 29 347
213 45 47 369
215 48 33 677
215 58 31 347
216 100 29 737
217 100 31 737
217 8 21 341
217 45 49 369
217 90 35 130
218 45 51 369
219 90 37 130
221 45 53 369
221 48 35 677
222 45 55 369
224 146 43 281
225 74 37 100
225 91 29 274
231 74 39 100
232 90 39 130
232 48 37 677
233 90 41 130
234 100 33 737
235 91 31 274
237 91 35 274
238 58 33 347
238 45 57 369
242 91 37 274
243 130 27 688
243 90 46 130
246 130 29 688
246 100 35 737
246 45 59 369
247 8 23 341
247 74 43 100
248 48 39 677
250 8 25 341
253 90 43 130
257 100 37 737
257 62 23 458
259 74 41 100
261 58 35 347
264 58 37 347
266 90 49 130
267 90 51 130
273 58 39 347
275 74 45 100
276 74 47 100
277 58 41 347
280 100 39 737
280 8 27 341
280 48 41 677
282 100 41 737
283 74 49 100
286 62 25 458
289 100 43 737
292 130 31 688
293 48 43 677
294 62 27 458
296 62 29 458
297 90 53 130
297 62 31 458
299 130 33 688
301 100 45 737
301 74 51 100
302 130 35 688
304 100 47 737
304 48 45 677
306 130 37 688
307 48 47 677
307 91 39 274
309 8 29 341
310 130 39 688
312 8 31 341
313 48 49 677
313 90 55 130
314 8 33 341
315 48 51 677
318 58 43 347
318 74 53 100
320 146 45 281
321 130 41 688
322 146 47 281
322 58 45 347
323 58 47 347
325 62 33 458
329 146 49 281
330 146 51 281
331 8 35 341
331 48 53 677
333 91 41 274
334 62 35 458
336 8 37 341
338 90 57 130
339 8 39 341
339 48 55 677
340 8 41 341
341 8 43 341
341 62 37 458
342 74 55 100
342 58 49 347
344 8 45 341
345 74 57 100
345 58 51 347
345 91 43 274
349 8 47 341
351 48 57 677
351 91 45 274
352 146 53 281
352 90 59 130
354 58 53 347
355 8 49 341
358 146 55 281
358 91 47 274
359 146 57 281
362 100 49 737
363 146 59 281
366 48 59 677
367 130 43 688
368 91 49 274
375 74 59 100
376 62 39 458
377 62 41 458
380 8 51 341
381 100 51 737
384 130 45 688
385 58 55 347
390 100 53 737
391 58 57 347
393 58 59 347
395 62 43 458
398 8 53 341
399 8 55 341
402 91 51 274
406 100 55 737
407 91 53 274
408 100 57 737
411 91 55 274
413 130 47 688
413 100 59 737
415 8 57 341
416 130 49 688
417 8 59 341
422 91 57 274
429 130 51 688
435 91 59 274
453 62 45 458
466 62 47 458
471 130 53 688
477 62 49 458
485 62 51 458
6 73 5 702
8 111 11 94
8 158 16 205
9 73 11 702
10 181 9 411
12 73 16 702
13 158 1 205
25 181 11 411
25 158 19 205
29 73 13 702
29 158 4 205
32 73 9 702
43 111 1 94
44 181 1 411
46 73 1 702
48 111 3 94
52 181 3 411
57 111 5 94
58 73 3 702
58 181 5 411
59 73 7 702
69 73 19 702
72 111 7 94
74 73 21 702
75 111 9 94
75 181 7 411
75 158 11 205
82 111 13 94
91 158 7 205
94 158 9 205
98 158 13 205
101 181 13 411
102 111 15 94
105 73 23 702
107 73 28 702
108 158 21 205
117 181 17 411
118 73 25 702
121 73 34 702
121 181 15 411
127 181 25 411
128 73 31 702
128 158 23 205
129 181 19 411
132 111 17 94
136 158 29 205
142 158 31 205
145 111 19 94
150 158 25 205
152 111 21 94
156 158 27 205
164 73 37 702
166 158 33 205
173 158 35 205
174 73 39 702
176 181 21 411
176 158 37 205
179 73 41 702
185 73 43 702
185 181 23 411
189 111 23 94
190 111 25 94
192 158 39 205
197 111 28 94
198 181 31 411
201 181 27 411
202 73 45 702
202 181 29 411
206 73 47 702
206 181 33 411
208 111 31 94
221 181 37 411
225 111 33 94
226 111 35 94
227 158 41 205
230 181 35 411
231 73 49 702
235 73 51 702
236 73 55 702
239 73 53 702
239 158 43 205
240 181 39 411
242 73 57 702
245 181 41 411
247 181 45 411
250 111 37 94
253 158 49 205
256 111 39 94
258 111 41 94
261 73 59 702
262 73 1 427
267 73 3 427
278 111 43 94
284 111 45 94
284 158 47 205
296 158 51 205
306 158 45 205
308 111 47 94
309 158 53 205
312 111 49 94
313 111 51 94
320 158 55 205
326 158 57 205
330 111 53 94
335 158 59 205
337 73 5 427
337 158 1 296
343 111 55 94
348 158 3 296
352 111 57 94
356 158 5 296
358 181 43 411
359 111 59 94
360 181 47 411
360 158 7 296
362 158 9 296
366 158 11 296
368 73 7 427
373 111 1 441
375 111 3 441
383 73 9 427
386 181 49 411
388 111 5 441
388 181 51 411
390 158 13 296
398 73 11 427
398 158 15 296
400 181 53 411
406 111 7 441
410 111 9 441
413 158 17 296
418 181 55 411
423 73 13 427
424 158 19 296
428 73 15 427
438 158 21 296
442 73 17 427
444 111 11 441
445 111 13 441
451 111 15 441
458 158 23 296
462 73 19 427
465 181 57 411
466 111 17 441
469 181 59 411
472 73 21 427
473 73 23 427
474 111 19 441
479 158 25 296
482 181 1 107
484 181 3 107
489 111 21 441
1 103 7 81
4 103 13 81
7 103 19 81
11 191 7 10
20 103 25 81
26 191 1 10
28 191 19 10
38 191 13 10
41 191 31 10
42 191 25 10
43 191 37 10
50 103 1 81
53 103 37 81
60 103 31 81
61 103 43 81
70 191 43 10
88 191 55 10
89 191 49 10
92 191 1 262
103 191 7 262
112 103 49 81
127 103 55 81
131 103 1 488
135 103 7 488
145 103 13 488
150 191 13 262
166 191 19 262
175 103 25 488
177 191 27 262
183 103 19 488
187 191 31 262
189 191 37 262
193 191 43 262
195 191 49 262
200 191 55 262
202 191 1 611
218 103 31 488
219 191 7 611
246 103 37 488
257 191 13 611
273 191 19 611
275 103 49 488
289 191 25 611
292 191 33 611
317 103 43 488
324 191 37 611
329 191 43 611
331 191 49 611
334 191 55 611
342 103 57 488
345 191 1 565
356 103 1 337
366 103 7 337
369 191 7 565
372 191 13 565
378 191 19 565
384 103 13 337
390 191 25 565
399 191 31 565
410 103 19 337
417 103 25 337
425 191 37 565
426 103 31 337
441 191 43 565
447 191 49 565
455 103 37 337
458 103 43 337
460 191 55 565
464 103 49 337
466 103 55 337
467 103 1 362
470 103 7 362
481 191 1 46
483 103 13 362
483 191 7 46
499 191 13 46
3 69 7 89
7 64 7 219
9 64 13 219
17 64 16 219
21 64 22 219
25 69 16 89
26 64 10 219
34 64 1 219
34 69 4 89
38 162 1 256
39 69 10 89
52 162 9 256
53 162 4 256
68 69 1 89
86 162 13 256
87 162 16 256
101 69 19 89
105 69 13 89
107 64 4 219
108 64 28 219
114 162 19 256
121 64 19 219
128 162 25 256
129 69 22 89
134 69 25 89
141 162 22 256
151 64 25 219
153 69 28 89
160 162 28 256
163 162 37 256
167 64 31 219
174 69 34 89
180 64 34 219
185 64 37 219
188 69 31 89
202 162 31 256
210 162 34 256
211 64 40 219
219 64 43 219
222 64 46 219
225 64 49 219
227 162 43 256
228 69 37 89
229 64 52 219
230 69 40 89
235 64 55 219
247 64 58 219
251 69 43 89
253 69 51 89
258 64 1 410
264 69 46 89
266 69 55 89
267 64 7 410
275 69 58 89
276 64 4 410
277 162 46 256
288 64 10 410
288 69 1 51
295 162 40 256
296 69 4 51
303 64 13 410
305 69 7 51
310 64 16 410
314 162 49 256
320 69 10 51
321 64 19 410
322 64 22 410
327 69 13 51
332 162 55 256
345 64 25 410
353 69 16 51
354 162 58 256
355 69 19 51
363 162 52 256
365 69 22 51
372 69 25 51
381 69 28 51
386 69 31 51
394 64 28 410
396 69 34 51
399 64 37 410
402 162 1 729
403 64 31 410
404 162 4 729
405 69 37 51
406 69 40 51
409 69 43 51
411 162 7 729
413 64 34 410
427 162 10 729
437 69 46 51
438 64 40 410
448 69 49 51
449 162 13 729
451 162 19 729
452 69 52 51
456 64 43 410
457 64 46 410
460 64 49 410
463 162 16 729
473 69 55 51
479 162 22 729
492 64 52 410
496 162 25 729
497 69 58 51
1 9 5 348
1 53 11 236
6 53 7 236
11 138 4 190
11 125 11 206
13 53 5 236
16 53 17 236
18 138 15 190
19 125 4 206
26 125 7 206
28 125 9 206
29 9 25 348
30 9 1 348
31 138 7 190
38 9 7 348
39 138 13 190
41 125 1 206
42 9 10 348
48 53 1 236
51 9 3 348
53 138 1 190
54 125 15 206
55 9 13 348
56 138 9 190
58 53 13 236
62 138 11 190
63 9 15 348
66 138 17 190
69 125 13 206
70 138 19 190
73 138 21 190
74 138 23 190
77 125 17 206
81 138 25 190
82 9 17 348
82 138 27 190
95 9 19 348
97 138 29 190
99 9 23 348
100 138 31 190
105 9 21 348
113 138 35 190
118 53 3 236
120 138 33 190
122 138 41 190
127 125 27 206
129 9 27 348
132 53 9 236
133 138 37 190
135 138 39 190
144 9 29 348
146 9 31 348
163 9 40 348
166 53 15 236
178 53 19 236
179 125 19 206
182 138 43 190
188 125 21 206
189 53 21 236
193 53 25 236
195 138 45 190
200 138 47 190
208 138 49 190
208 53 23 236
217 53 27 236
218 138 53 190
219 138 51 190
223 138 55 190
226 53 29 236
228 138 57 190
233 53 31 236
234 125 23 206
240 125 25 206
244 125 29 206
252 125 31 206
255 125 33 206
263 53 33 236
264 138 59 190
270 138 1 121
289 125 35 206
293 9 33 348
295 9 35 348
295 53 37 236
296 53 35 236
300 138 3 121
301 9 37 348
303 53 39 236
304 125 37 206
305 9 43 348
314 125 39 206
319 9 45 348
325 138 5 121
327 125 41 206
330 125 43 206
332 138 7 121
334 125 45 206
338 9 47 348
338 125 49 206
339 125 47 206
340 138 9 121
344 138 11 121
345 53 41 236
346 138 13 121
346 53 43 236
350 53 45 236
351 9 49 348
351 138 15 121
353 138 19 121
354 138 17 121
355 125 51 206
357 9 51 348
358 138 21 121
360 53 49 236
363 125 55 206
365 9 53 348
367 138 23 121
369 9 55 348
371 9 57 348
372 53 47 236
373 53 51 236
374 9 59 348
386 138 25 121
386 53 53 236
387 53 55 236
391 138 27 121
396 9 1 402
399 138 29 121
404 138 31 121
408 125 53 206
414 9 3 402
414 125 57 206
415 9 5 402
418 9 7 402
419 125 59 206
419 53 57 236
420 53 59 236
424 138 33 121
431 9 9 402
431 53 1 484
432 9 11 402
437 138 35 121
438 9 13 402
461 9 15 402
465 125 1 486
466 9 19 402
468 53 3 484
473 138 37 121
473 125 3 486
480 125 5 486
483 53 5 484
483 125 11 486
485 53 7 484
487 53 9 484
488 53 11 484
490 9 17 402
494 53 13 484
498 138 39 121
9 155 19 75
11 155 13 75
15 155 25 75
29 155 31 75
45 155 3 75
62 155 7 75
90 155 37 75
94 155 49 75
103 155 43 75
110 155 55 75
125 155 1 183
129 155 7 183
133 155 13 183
144 155 19 183
152 155 25 183
159 155 37 183
167 155 43 183
177 155 31 183
203 155 49 183
226 155 1 378
274 155 55 183
291 155 7 378
297 155 13 378
309 155 19 378
318 155 25 378
329 155 31 378
333 155 37 378
338 155 43 378
348 155 49 378
362 155 55 378
381 155 1 459
407 155 7 459
422 155 13 459
425 155 19 459
443 155 25 459
471 155 31 459
491 155 37 459
496 155 43 459
4 13 19 140
9 13 16 140
10 13 22 140
11 30 19 536
13 13 25 140
22 30 7 536
26 30 13 536
27 13 4 140
28 13 31 140
34 30 10 536
38 30 4 536
47 13 1 140
49 30 1 536
58 30 16 536
60 13 7 140
65 30 25 536
81 30 22 536
82 13 10 140
88 13 13 140
94 30 28 536
97 30 31 536
113 13 28 140
116 13 34 140
117 30 34 536
119 13 37 140
125 30 37 536
143 13 40 140
144 30 40 536
161 13 43 140
163 13 46 140
177 30 43 536
179 30 46 536
180 13 49 140
184 13 52 140
234 30 49 536
240 30 52 536
246 13 55 140
247 13 1 202
257 13 58 140
262 13 4 202
270 13 7 202
276 30 55 536
295 30 58 536
300 30 7 476
307 30 1 476
311 13 10 202
315 30 4 476
324 30 10 476
325 30 13 476
332 30 16 476
338 30 19 476
341 30 22 476
348 30 25 476
349 13 13 202
356 30 28 476
357 30 31 476
358 13 16 202
363 13 19 202
374 30 34 476
379 30 37 476
383 13 22 202
385 13 25 202
386 13 28 202
387 30 40 476
388 13 31 202
402 30 43 476
403 30 46 476
413 30 49 476
431 30 52 476
432 13 34 202
448 13 37 202
468 13 40 202
469 30 55 476
470 13 43 202
471 30 58 476
472 13 46 202
474 30 1 57
487 13 49 202
490 30 4 57
493 13 52 202
493 30 7 57
24 35 1 131
27 35 11 131
32 35 13 131
33 35 5 131
71 35 3 131
81 35 7 131
87 35 9 131
99 35 15 131
110 35 23 131
122 35 17 131
126 35 19 131
139 35 21 131
181 35 25 131
187 35 27 131
203 35 29 131
204 35 31 131
210 35 37 131
216 35 33 131
227 35 35 131
242 35 39 131
251 35 41 131
255 35 43 131
277 35 49 131
308 35 45 131
363 35 47 131
384 35 51 131
411 35 53 131
427 35 55 131
436 35 57 131
447 35 59 131
450 35 1 246
456 35 3 246
461 35 5 246
481 35 7 246
491 35 9 246
18 150 25 401
26 150 16 401
33 150 10 401
50 150 7 401
63 150 1 401
72 150 13 401
73 150 4 401
86 150 19 401
135 150 22 401
140 150 28 401
146 150 33 401
171 150 43 401
172 150 37 401
198 150 40 401
229 150 46 401
238 150 49 401
240 150 55 401
251 150 52 401
253 150 1 607
286 150 4 607
291 150 58 401
293 150 7 607
297 150 10 607
304 150 13 607
313 150 16 607
321 150 22 607
324 150 19 607
359 150 25 607
370 150 28 607
391 150 31 607
429 150 34 607
452 150 37 607
472 150 40 607
479 150 43 607
487 150 46 607
500 150 49 607
10 32 11 240
12 189 5 17
15 32 5 240
20 32 13 240
31 32 9 240
31 189 11 17
42 32 1 240
48 32 21 240
49 32 7 240
49 189 9 17
52 32 17 240
53 32 15 240
67 32 3 240
67 189 1 17
68 32 19 240
73 32 23 240
74 189 3 17
101 189 7 17
106 32 25 240
107 189 13 17
111 32 31 240
134 189 15 17
141 32 33 240
144 189 17 17
155 32 27 240
159 189 19 17
162 32 29 240
164 32 35 240
169 32 37 240
181 189 21 17
184 189 23 17
185 32 40 240
213 32 43 240
217 189 25 17
232 189 27 17
239 32 45 240
243 32 49 240
252 189 29 17
259 32 47 240
261 189 31 17
263 189 35 17
276 32 51 240
280 32 53 240
290 32 55 240
309 32 57 240
311 189 33 17
318 189 37 17
342 32 1 557
352 32 3 557
355 189 39 17
359 189 41 17
361 189 43 17
364 189 45 17
380 32 59 240
385 189 47 17
391 32 5 557
393 189 49 17
402 189 53 17
410 32 7 557
410 189 51 17
414 32 9 557
420 32 11 557
423 32 15 557
444 189 55 17
448 189 57 17
452 189 59 17
467 189 5 168
485 189 1 168
488 32 13 557
488 189 3 168
492 189 7 168
495 189 9 168
6 200 9 150
32 200 15 150
52 200 31 150
68 200 21 150
70 200 1 150
86 200 25 150
92 200 37 150
93 200 43 150
140 200 49 150
152 200 55 150
169 200 1 239
223 200 7 239
239 200 13 239
257 200 19 239
262 200 25 239
270 200 31 239
275 200 37 239
361 200 45 239
378 200 49 239
403 200 55 239
416 200 1 358
451 200 7 358
460 200 13 358
484 200 19 358
496 200 31 358
4 98 25 264
11 98 31 264
13 98 19 264
17 98 37 264
22 98 13 264
22 164 19 371
27 164 31 371
31 98 43 264
41 98 3 264
41 164 9 371
42 164 13 371
53 98 49 264
60 98 55 264
61 164 1 371
63 164 37 371
67 98 7 264
80 98 13 8
95 98 1 8
96 164 43 371
101 164 25 371
102 98 7 8
108 164 49 371
111 98 19 8
120 164 55 371
121 164 1 750
122 98 25 8
125 98 31 8
125 164 7 750
126 164 13 750
130 98 43 8
131 98 37 8
136 98 49 8
139 164 25 750
146 98 55 8
158 98 1 585
159 98 7 585
164 98 13 585
172 98 19 585
176 98 25 585
182 164 19 750
188 164 37 750
191 98 31 585
192 164 33 750
193 98 37 585
195 164 55 750
207 164 43 750
220 98 49 585
225 98 43 585
227 98 55 585
229 164 55 607
258 98 7 108
261 98 1 108
262 164 49 750
268 98 13 108
271 98 19 108
278 164 1 733
285 98 25 108
287 164 7 733
292 98 37 108
303 98 31 108
309 98 43 108
310 164 19 733
336 98 49 108
342 164 13 733
353 98 55 108
365 164 25 733
370 98 1 574
371 98 7 574
392 98 13 574
401 98 19 574
402 164 31 733
404 164 37 733
405 98 25 574
409 164 49 733
414 98 31 574
418 98 37 574
419 98 43 574
421 164 43 733
437 98 49 574
437 164 55 733
443 98 55 574
446 164 19 46
457 98 1 498
460 164 25 46
462 98 7 498
464 164 31 46
495 98 13 498
499 98 19 498
6 168 13 34
10 152 15 88
20 7 10 746
21 7 25 746
24 7 7 746
33 152 19 88
38 152 9 88
40 7 1 746
49 168 19 34
57 152 1 88
59 168 1 34
68 152 4 88
69 168 4 34
78 7 4 746
79 168 10 34
81 7 19 746
94 7 13 746
95 7 16 746
101 168 31 34
103 7 22 746
104 7 28 746
117 7 31 746
118 152 22 88
124 7 34 746
124 168 7 34
129 7 37 746
130 152 25 88
133 7 43 746
134 168 22 34
134 152 28 88
141 7 40 746
142 168 16 34
144 7 46 746
145 7 49 746
145 152 31 88
148 168 25 34
163 7 52 746
163 168 28 34
164 168 39 34
173 152 37 88
174 7 55 746
175 7 58 746
177 168 46 34
188 7 1 25
189 7 4 25
191 168 43 34
195 7 7 25
195 152 40 88
206 152 43 88
211 7 10 25
214 7 13 25
221 7 16 25
225 168 52 34
230 168 55 34
232 7 19 25
233 168 34 34
240 152 34 88
244 7 22 25
244 168 49 34
259 152 49 88
271 152 46 88
273 152 52 88
275 7 25 25
286 7 28 25
286 168 1 422
287 7 31 25
293 152 58 88
301 168 58 34
304 7 34 25
306 7 39 25
307 7 43 25
316 152 55 88
321 7 46 25
323 168 4 422
323 152 1 417
335 152 4 417
341 152 7 417
342 7 51 25
344 152 13 417
352 168 7 422
352 7 10 222
370 7 55 25
371 168 13 422
381 7 58 25
389 152 10 417
392 7 1 222
392 168 10 422
397 7 4 222
403 152 16 417
420 152 19 417
428 168 19 422
434 7 7 222
446 168 16 422
449 168 22 422
451 168 25 422
453 168 28 422
463 152 22 417
470 168 31 422
471 152 25 417
472 7 13 222
481 152 28 417
494 7 16 222
496 168 37 422
497 168 34 422
2 187 15 68
3 128 13 426
4 187 31 68
6 187 19 68
7 187 25 68
12 182 19 105
12 28 25 481
14 128 25 426
15 187 37 68
20 187 43 68
25 182 25 105
25 187 49 68
31 128 31 426
38 128 19 426
40 182 7 105
49 28 31 481
51 187 7 68
54 28 1 481
56 128 37 426
58 187 55 68
61 128 7 426
61 182 13 105
63 182 31 105
64 187 19 273
65 187 1 68
68 187 7 273
71 187 15 273
72 128 43 426
73 28 7 481
76 182 3 105
77 182 37 105
82 182 43 105
83 187 1 273
85 182 49 105
86 187 31 273
88 182 1 477
92 128 49 426
96 187 37 273
96 28 13 481
98 28 37 481
99 187 25 273
100 182 55 105
105 128 1 426
108 187 43 273
109 28 21 481
110 128 1 288
110 182 7 477
115 128 55 426
121 28 43 481
125 128 13 288
131 28 49 481
133 187 49 273
145 128 7 288
148 182 13 477
148 187 55 273
152 28 1 66
153 182 19 477
154 128 19 288
161 187 1 176
164 128 31 288
172 28 55 481
175 128 45 288
177 187 7 176
181 182 31 477
186 128 25 288
186 187 13 176
187 128 49 288
188 28 7 66
190 187 19 176
191 187 25 176
193 28 13 66
196 128 37 288
197 128 55 288
198 187 33 176
199 28 19 66
201 187 37 176
206 128 1 361
211 128 13 361
214 128 7 361
215 182 25 477
216 182 43 477
219 128 19 361
221 128 25 361
222 182 37 477
222 28 25 66
226 182 49 477
236 182 57 477
240 187 43 176
242 128 31 361
242 187 49 176
243 128 37 361
243 187 55 176
246 28 31 66
247 128 7 608
248 128 49 361
248 182 1 14
248 187 7 446
248 28 13 77
251 128 1 608
265 182 7 14
270 128 43 361
272 128 55 361
279 187 1 446
281 182 13 14
283 28 37 66
290 182 19 14
292 182 25 14
292 187 13 446
302 187 19 446
307 28 49 66
308 182 31 14
311 28 43 66
314 28 55 66
316 187 25 446
317 182 37 14
318 28 1 77
321 28 7 77
328 128 13 608
336 128 19 608
337 187 31 446
343 128 25 608
344 187 37 446
346 28 19 77
348 128 31 608
349 187 43 446
359 28 31 77
365 187 49 446
369 128 37 608
372 28 37 77
375 182 43 14
381 28 43 77
382 128 43 608
383 28 25 77
384 128 55 608
384 182 1 420
388 28 55 77
393 187 55 446
403 128 49 608
412 128 1 166
416 187 7 594
417 187 1 594
420 128 7 166
420 187 13 594
422 187 19 594
423 182 49 14
425 128 13 166
426 128 19 166
426 187 25 594
429 187 37 594
434 187 31 594
435 182 55 14
437 128 25 166
445 182 7 420
446 187 43 594
447 128 31 166
447 182 13 420
451 187 49 594
453 182 19 420
458 128 37 166
460 187 1 53
460 182 31 420
462 187 55 594
462 28 49 77
463 28 1 442
465 28 7 442
466 182 25 420
476 182 37 420
479 128 49 166
487 182 55 420
487 187 13 53
488 187 7 53
489 182 43 420
491 28 13 442
492 28 19 442
493 128 43 166
5 131 5 338
7 131 10 338
36 131 13 338
50 131 15 338
70 131 7 338
71 131 1 338
77 131 3 338
79 131 19 338
92 131 21 338
93 131 17 338
100 131 25 338
108 131 23 338
133 131 27 338
140 131 31 338
141 131 35 338
144 131 37 338
151 131 29 338
182 131 39 338
192 131 41 338
199 131 33 338
229 131 43 338
233 131 45 338
254 131 47 338
257 131 49 338
258 131 51 338
269 131 53 338
277 131 55 338
293 131 1 126
299 131 57 338
330 131 59 338
332 131 3 126
336 131 5 126
364 131 7 126
376 131 9 126
379 131 11 126
385 131 13 126
392 131 17 126
424 131 15 126
428 131 22 126
430 131 19 126
458 131 25 126
464 131 27 126
478 131 29 126
493 131 31 126
496 131 35 126
14 157 31 195
17 157 19 195
20 157 37 195
28 157 43 195
43 157 3 195
99 157 7 195
124 157 13 195
132 157 27 195
134 157 49 195
149 157 1 255
180 157 55 195
190 157 7 255
200 157 13 255
207 157 19 255
230 157 25 255
256 157 31 255
274 157 37 255
280 157 43 255
282 157 49 255
283 157 55 255
285 157 1 601
318 157 7 601
322 157 13 601
323 157 19 601
395 157 25 601
404 157 33 601
434 157 37 601
455 157 43 601
500 157 55 601
39 60 3 293
71 60 5 293
74 60 1 293
75 60 13 293
113 60 7 293
114 60 11 293
121 60 9 293
123 60 15 293
139 60 17 293
141 60 19 293
170 60 23 293
180 60 21 293
203 60 25 293
210 60 27 293
215 60 29 293
241 60 31 293
246 60 41 293
250 60 33 293
258 60 35 293
264 60 39 293
305 60 37 293
340 60 43 293
346 60 45 293
357 60 47 293
358 60 49 293
382 60 51 293
393 60 53 293
397 60 55 293
400 60 57 293
405 60 59 293
434 60 1 387
454 60 3 387
493 60 5 387
14 27 37 132
21 161 31 84
24 161 19 84
26 27 19 132
43 27 15 132
75 161 1 84
84 27 1 132
116 27 7 132
119 161 7 84
140 161 13 84
142 27 43 132
148 27 31 132
175 161 49 84
191 161 37 84
195 161 25 84
207 27 25 132
212 27 49 132
234 161 43 84
242 161 1 241
249 161 55 84
251 161 7 241
258 161 13 241
266 27 1 58
271 27 55 132
289 161 19 241
297 161 25 241
311 27 13 58
312 161 33 241
312 27 7 58
324 27 25 58
330 161 37 241
334 27 19 58
335 161 43 241
349 27 31 58
356 27 37 58
357 161 55 241
370 161 49 241
373 161 3 489
383 27 43 58
384 27 7 614
388 161 7 489
389 161 13 489
392 27 49 58
400 161 19 489
407 161 25 489
410 161 31 489
414 161 37 489
420 161 43 489
432 161 49 489
432 27 55 58
437 27 1 614
451 27 31 614
455 161 55 489
459 161 1 138
460 27 19 614
464 161 7 138
474 27 13 614
478 27 25 614
481 161 13 138
481 27 37 614
482 161 19 138
484 27 43 614
485 161 25 138
499 27 49 614
23 159 4 151
41 159 13 151
45 159 16 151
59 159 9 151
86 159 1 151
100 159 19 151
107 159 22 151
111 159 33 151
116 159 25 151
135 159 28 151
140 159 37 151
142 159 40 151
172 159 43 151
201 159 46 151
210 159 49 151
223 159 52 151
240 159 58 151
260 159 58 202
271 159 1 564
272 159 4 564
289 159 55 151
292 159 55 202
294 159 7 564
362 159 13 564
366 159 16 564
396 159 10 564
411 159 19 564
427 159 22 564
439 159 25 564
441 159 28 564
446 159 31 564
454 159 34 564
456 159 37 564
467 159 40 564
474 159 43 564
486 159 46 564
5 156 7 15
11 156 17 15
32 156 11 15
34 156 13 15
35 156 9 15
41 156 19 15
72 156 1 15
107 156 15 15
115 156 3 15
116 156 5 15
119 156 23 15
129 156 25 15
133 156 21 15
160 156 31 15
167 156 27 15
170 156 29 15
185 156 34 15
213 156 37 15
223 156 39 15
227 156 49 15
242 156 41 15
260 156 43 15
271 156 51 15
290 156 45 15
341 156 47 15
344 156 53 15
357 156 59 15
367 156 55 15
383 156 57 15
391 156 1 329
392 156 4 329
396 156 7 329
399 156 9 329
400 156 11 329
462 156 13 329
473 156 15 329
474 156 17 329
477 156 19 329
490 156 21 329
38 84 25 193
39 84 15 193
54 84 19 193
71 84 31 193
76 84 7 193
87 84 1 193
97 84 37 193
154 84 43 193
157 84 49 193
161 84 7 149
189 84 55 193
201 84 1 149
222 84 13 149
234 84 19 149
249 84 25 149
261 84 37 149
289 84 31 149
323 84 43 149
325 84 49 149
327 84 55 149
333 84 1 453
335 84 7 453
377 84 13 453
385 84 19 453
412 84 25 453
421 84 31 453
427 84 37 453
442 84 43 453
443 84 49 453
446 84 55 453
449 84 1 322
450 84 7 322
483 84 19 322
500 84 13 322
23 186 22 598
26 186 25 598
35 196 13 556
40 196 16 556
46 186 7 598
47 196 4 556
58 196 7 556
60 186 1 598
82 196 1 556
83 186 10 598
100 186 4 598
101 186 34 598
104 186 13 598
122 196 10 556
133 196 31 556
139 196 34 556
151 186 16 598
164 196 19 556
179 196 22 556
180 196 25 556
180 186 28 598
183 186 31 598
187 196 40 556
194 186 19 598
203 196 37 556
216 186 37 598
236 186 40 598
238 196 28 556
238 186 43 598
254 196 49 556
254 186 52 598
259 196 43 556
259 186 55 598
283 196 46 556
285 196 52 556
291 196 55 556
298 196 58 556
302 196 1 217
305 196 4 217
317 186 49 598
330 186 46 598
331 196 7 217
334 186 1 50
340 186 58 598
347 196 10 217
348 186 7 50
369 196 13 217
373 196 16 217
381 196 19 217
386 186 4 50
389 186 19 50
393 186 10 50
398 186 22 50
405 196 22 217
410 196 25 217
419 186 13 50
431 196 28 217
434 196 43 217
440 196 31 217
463 186 25 50
472 186 16 50
478 196 34 217
489 196 37 217
498 186 28 50
12 137 33 126
13 137 37 126
18 137 39 126
19 137 41 126
29 137 43 126
30 137 45 126
31 137 47 126
45 137 49 126
50 137 51 126
73 137 53 126
77 137 55 126
82 137 57 126
105 137 59 126
127 137 1 171
145 137 3 171
149 137 5 171
166 137 7 171
182 137 9 171
238 137 11 171
245 137 13 171
252 137 15 171
271 137 17 171
277 137 19 171
281 137 21 171
297 137 23 171
347 137 25 171
348 137 28 171
358 137 31 171
370 137 33 171
374 137 37 171
384 137 35 171
423 137 39 171
426 137 41 171
429 137 43 171
431 137 45 171
447 137 47 171
465 137 49 171
1 82 13 104
5 179 9 503
8 179 19 503
16 82 25 104
19 82 7 104
20 82 31 104
23 82 37 104
23 179 25 503
24 179 31 503
30 82 3 104
40 82 19 104
41 179 37 503
55 82 43 104
66 82 49 104
85 179 1 503
87 82 55 104
100 179 13 503
102 82 1 624
107 82 7 624
114 179 49 503
119 179 43 503
128 179 55 503
134 82 31 624
137 179 1 245
143 179 7 245
145 82 21 624
147 82 15 624
163 82 55 624
175 82 1 471
182 82 45 624
187 82 7 471
188 179 13 245
199 179 25 245
204 82 25 624
215 179 19 245
217 179 37 245
218 179 43 245
221 82 39 624
228 82 49 624
229 179 31 245
240 179 1 516
241 82 13 471
243 82 19 471
245 82 25 471
246 179 49 245
255 179 55 245
268 82 31 471
274 179 7 516
277 82 37 471
288 179 13 516
308 82 49 471
311 82 55 471
312 179 19 516
323 179 25 516
325 179 37 516
327 82 43 471
328 179 31 516
337 179 43 516
343 82 1 316
351 179 51 516
354 179 1 184
363 179 7 184
369 82 19 316
380 179 55 516
387 179 13 184
394 82 7 316
398 179 25 184
399 82 13 316
401 179 31 184
413 82 25 316
417 82 31 316
423 179 19 184
431 179 37 184
432 179 43 184
440 179 49 184
445 179 55 184
446 82 37 316
447 82 43 316
449 179 7 146
456 179 13 146
458 82 49 316
473 179 19 146
478 179 1 146
5 52 13 243
15 52 19 243
36 199 19 148
39 199 25 148
43 52 31 243
49 199 37 148
51 52 37 243
59 52 25 243
66 199 7 148
79 199 1 148
88 199 31 148
102 199 43 148
103 52 1 243
104 52 55 243
107 52 43 243
108 199 13 148
115 199 49 148
115 52 7 243
123 199 55 148
156 199 1 413
157 199 7 413
162 52 49 243
169 199 13 413
173 199 19 413
175 52 7 275
197 199 31 413
204 52 1 275
229 199 25 413
233 199 49 413
258 199 37 413
267 52 13 275
277 52 21 275
279 199 43 413
282 52 25 275
283 52 31 275
287 199 55 413
308 52 37 275
310 52 43 275
312 52 51 275
314 199 1 437
322 199 7 437
330 52 55 275
334 199 13 437
342 52 3 280
352 199 19 437
363 199 25 437
375 199 31 437
381 199 37 437
388 52 13 280
412 199 43 437
413 52 7 280
416 52 19 280
430 52 25 280
439 199 49 437
440 52 37 280
451 52 43 280
452 199 55 437
454 199 7 672
455 52 31 280
458 199 1 672
464 52 55 280
13 184 28 133
56 184 13 133
64 184 25 133
73 184 1 133
79 184 31 133
114 184 4 133
131 184 7 133
135 184 16 133
137 184 10 133
144 184 34 133
148 184 21 133
157 184 37 133
160 184 40 133
179 184 43 133
181 184 46 133
185 184 49 133
189 184 52 133
192 184 55 133
219 184 58 133
220 184 1 542
223 184 4 542
235 184 7 542
242 184 10 542
248 184 19 542
255 184 13 542
290 184 16 542
313 184 22 542
328 184 25 542
330 184 28 542
336 184 31 542
342 184 34 542
387 184 37 542
393 184 40 542
394 184 43 542
408 184 46 542
441 184 49 542
464 184 21 402
5 75 17 18
9 75 5 18
11 75 22 18
34 75 7 18
48 75 11 18
53 75 13 18
54 75 25 18
78 75 1 18
90 75 3 18
92 75 19 18
114 75 15 18
127 75 9 18
132 75 31 18
171 75 27 18
173 75 29 18
175 75 33 18
185 75 45 18
186 75 35 18
187 75 43 18
192 75 37 18
230 75 47 18
263 75 39 18
278 75 41 18
290 75 49 18
314 75 52 18
319 75 55 18
335 75 57 18
343 75 59 18
346 75 1 641
361 75 3 641
364 75 5 641
367 75 7 641
383 75 11 641
421 75 9 641
427 75 13 641
436 75 15 641
456 75 17 641
465 75 19 641
471 75 21 641
475 75 23 641
477 75 25 641
496 75 28 641
499 75 31 641
2 56 19 99
3 133 19 127
12 56 37 99
15 133 31 127
35 56 25 99
45 56 31 99
49 133 25 127
54 133 37 127
55 6 1 266
61 6 19 266
62 56 1 99
66 6 25 266
69 56 15 99
74 6 13 266
80 6 31 266
85 133 43 127
93 133 1 127
96 133 49 127
101 56 9 99
106 133 7 127
114 6 37 266
116 6 43 266
117 133 55 127
119 133 13 127
132 133 1 139
132 56 43 99
135 56 49 99
137 56 55 99
149 56 7 588
153 6 7 266
159 6 49 266
160 56 1 588
161 6 13 153
162 6 1 153
162 133 7 139
163 133 13 139
169 133 19 139
173 133 25 139
174 6 7 153
177 6 55 266
185 56 13 588
192 133 43 139
199 56 37 588
203 56 43 588
212 6 19 153
217 6 43 153
219 6 25 153
236 6 31 153
238 6 37 153
245 133 31 139
249 6 49 153
251 56 19 588
252 56 25 588
268 56 49 588
269 133 37 139
274 56 31 588
276 133 7 715
285 133 55 139
285 6 7 454
287 133 49 139
296 6 55 153
300 6 13 454
301 133 1 715
309 56 1 244
314 133 13 715
323 6 31 454
324 6 1 454
326 133 51 171
328 133 55 171
330 56 7 244
335 56 13 244
336 56 55 588
346 133 25 715
348 56 19 244
351 56 25 244
353 133 21 715
355 6 25 454
355 56 31 244
361 56 37 244
368 133 31 715
370 6 19 454
372 133 43 715
380 56 43 244
388 56 1 660
396 56 49 244
398 56 55 244
401 133 37 715
401 6 43 454
407 133 49 715
414 56 13 660
416 56 25 660
421 6 37 454
421 56 19 660
430 133 55 715
440 133 1 318
443 56 7 660
447 133 7 318
452 6 1 545
453 6 49 454
456 56 31 660
457 133 49 420
458 56 55 660
464 133 13 318
464 56 37 660
469 6 7 545
471 133 37 318
479 133 27 318
485 6 55 454
492 6 13 545
496 56 49 660
498 6 19 545
17 85 13 554
22 81 10 297
23 81 31 297
51 85 16 554
66 81 1 297
78 81 7 297
87 81 19 297
89 81 4 297
104 81 16 297
104 85 1 554
114 85 22 554
118 81 13 297
123 81 22 297
134 81 37 297
153 81 25 297
162 85 25 554
167 81 40 297
176 85 4 554
180 85 7 554
181 85 10 554
190 85 28 554
192 81 28 297
198 85 19 554
204 85 33 554
206 85 37 554
208 85 40 554
210 85 43 554
212 81 34 297
226 85 46 554
227 81 51 297
230 85 58 554
233 85 55 554
237 81 43 297
249 85 1 363
261 81 46 297
262 85 7 363
263 81 55 297
265 81 58 297
269 85 49 554
282 85 4 363
283 85 52 554
290 81 1 112
295 85 10 363
311 85 19 363
321 85 13 363
323 85 16 363
325 85 22 363
340 85 25 363
344 85 28 363
351 81 4 112
353 85 31 363
354 85 34 363
356 81 7 112
363 85 37 363
365 85 40 363
368 81 10 112
376 81 13 112
376 85 43 363
380 85 1 385
383 85 49 363
384 85 19 385
389 81 22 112
405 81 16 112
405 85 46 363
412 85 52 363
422 81 25 112
432 81 19 112
439 81 28 112
440 85 55 363
447 81 37 112
447 85 4 385
449 85 58 363
452 81 31 112
459 85 7 385
460 81 40 112
465 85 13 385
473 85 10 385
476 85 16 385
478 85 22 385
482 81 34 112
485 81 43 112
488 81 46 112
499 85 25 385
13 153 11 477
26 153 5 477
31 153 17 477
34 153 23 477
43 153 29 477
59 153 35 477
60 153 41 477
82 153 47 477
102 153 53 477
112 153 55 477
120 153 1 332
135 153 3 332
139 153 5 332
147 153 7 332
152 153 9 332
156 153 11 332
157 153 13 332
163 153 17 332
234 153 15 332
236 153 19 332
257 153 25 332
260 153 21 332
264 153 23 332
275 153 28 332
286 153 31 332
290 153 33 332
310 153 35 332
314 153 37 332
386 153 39 332
387 153 43 332
392 153 41 332
407 153 45 332
434 153 47 332
481 153 49 332
498 153 51 332
500 153 53 332
6 10 16 336
24 10 23 336
68 10 11 336
69 10 1 336
71 10 7 336
80 10 5 336
88 10 9 336
97 10 3 336
116 10 13 336
123 10 19 336
125 10 25 336
128 10 21 336
129 10 29 336
131 10 27 336
132 10 33 336
143 10 35 336
149 10 31 336
151 10 37 336
164 10 43 336
167 10 47 336
177 10 39 336
208 10 45 336
216 10 49 336
229 10 41 336
247 10 55 336
255 10 51 336
275 10 53 336
282 10 57 336
283 10 59 336
286 10 7 682
302 10 4 682
339 10 1 682
341 10 10 682
361 10 13 682
367 10 15 682
379 10 17 682
397 10 19 682
418 10 21 682
438 10 23 682
441 10 25 682
446 10 27 682
451 10 29 682
469 10 31 682
472 10 33 682
477 10 35 682
489 10 40 682
492 10 37 682
7 178 13 32
28 178 37 32
30 183 13 231
33 178 25 32
35 40 19 44
35 183 31 231
37 40 13 44
39 197 19 629
39 183 37 231
44 197 3 629
44 178 7 32
50 197 25 629
56 40 25 44
56 178 19 32
59 183 43 231
60 178 43 32
61 197 31 629
61 178 49 32
62 178 55 32
64 40 37 44
65 197 7 629
65 178 31 32
68 40 31 44
72 183 9 231
73 197 37 629
74 178 25 513
78 178 13 513
80 178 19 513
85 178 37 513
85 183 19 231
91 197 43 629
91 183 3 231
92 178 31 513
93 40 7 44
98 178 1 32
105 178 7 513
112 197 13 629
112 178 1 513
112 183 27 231
113 183 55 231
114 183 25 550
115 40 43 44
115 178 13 681
119 40 1 44
120 197 49 629
120 178 43 513
121 197 55 629
123 178 49 513
123 183 1 550
125 40 49 44
128 40 1 261
128 178 7 681
132 197 13 268
137 197 19 268
142 40 55 44
147 40 9 261
150 40 19 261
152 40 13 261
154 183 49 231
157 197 1 268
162 40 31 261
166 40 25 261
176 197 7 268
178 183 7 550
180 178 1 681
184 183 13 550
195 197 1 399
200 178 19 681
206 178 55 513
209 40 37 261
214 197 25 268
222 178 31 681
230 178 43 681
232 183 31 550
234 40 55 261
235 178 25 681
236 183 21 550
240 183 7 649
249 178 37 681
252 178 1 321
256 183 43 550
263 197 43 268
268 178 7 321
270 197 37 268
273 197 31 268
279 40 7 460
284 197 55 268
284 183 37 550
286 178 13 321
304 178 49 681
306 183 49 550
307 40 13 460
309 178 25 321
320 197 49 268
324 183 55 550
325 197 27 296
327 197 31 296
331 40 43 261
336 197 39 296
343 178 19 321
345 178 31 321
345 183 13 649
349 40 49 261
352 178 37 321
356 40 19 460
361 178 55 681
370 178 43 321
371 178 49 321
382 183 1 649
388 183 19 649
389 197 43 296
389 40 1 460
389 183 25 649
396 178 55 321
398 178 1 374
404 197 49 296
410 40 37 460
414 183 43 649
415 197 7 399
420 197 55 296
422 40 31 460
429 197 13 399
430 178 7 374
433 183 31 649
434 40 25 460
440 183 7 428
448 178 13 374
453 40 55 460
453 178 31 374
459 197 19 399
462 197 25 399
466 183 37 649
469 40 43 460
472 40 49 460
479 40 1 451
479 183 55 649
481 197 31 399
483 178 25 374
488 178 19 374
489 178 49 374
489 183 1 428
493 197 37 399
494 183 49 649
495 40 19 451
495 183 25 428
496 178 55 374
498 178 43 374
500 197 43 399
3 142 10 80
9 142 23 80
14 87 17 80
15 142 29 80
19 142 13 80
22 87 5 80
29 87 27 80
34 142 15 80
39 87 31 80
46 142 35 80
58 142 1 80
62 142 19 80
66 142 21 80
66 87 33 80
69 87 25 80
74 87 7 80
78 142 37 80
79 87 39 80
83 87 41 80
88 87 43 80
98 87 45 80
109 87 3 80
110 87 47 80
122 87 49 80
123 87 53 80
137 142 51 80
150 142 55 80
158 142 57 80
160 87 59 80
164 142 5 446
171 87 1 389
179 142 11 446
219 87 3 389
229 142 17 446
231 87 5 389
261 142 23 446
264 142 29 446
266 87 7 389
274 87 11 389
305 87 13 389
310 87 9 389
320 142 35 446
328 142 41 446
330 142 1 674
337 142 47 446
339 87 15 389
340 142 53 446
348 142 59 446
349 142 3 674
356 87 17 389
385 87 23 389
395 142 5 674
400 87 25 389
404 142 7 674
405 142 9 674
407 142 11 674
410 87 28 389
414 87 19 389
425 142 17 674
437 142 13 674
461 142 19 674
466 142 15 674
476 142 21 674
480 142 23 674
490 87 31 389
496 87 21 389
3 175 17 512
14 175 11 512
21 175 28 512
24 175 25 512
47 175 7 512
80 175 1 512
115 175 5 512
122 175 3 512
130 175 9 512
134 175 13 512
143 175 15 512
160 175 19 512
190 175 23 512
207 175 31 512
212 175 37 512
223 175 21 512
224 175 33 512
242 175 35 512
254 175 55 512
260 175 39 512
264 175 41 512
284 175 43 512
294 175 45 512
303 175 47 512
315 175 49 512
321 175 51 512
370 175 53 512
390 175 57 512
406 175 59 512
407 175 1 204
428 175 3 204
440 175 5 204
467 175 7 204
476 175 9 204
491 175 11 204
26 80 31 40
37 80 25 40
58 80 43 40
74 80 37 40
85 80 55 40
92 80 43 428
143 80 1 40
145 80 37 428
155 80 7 40
167 80 13 40
190 80 49 40
226 80 19 40
241 80 19 428
243 80 13 428
249 80 31 428
270 80 49 428
288 80 55 428
292 80 1 455
294 80 13 455
299 80 7 455
304 80 19 455
308 80 25 455
321 80 31 455
327 80 37 455
344 80 49 455
348 80 43 455
350 80 1 691
351 80 7 691
393 80 13 691
405 80 55 455
412 80 19 691
430 80 31 691
433 80 25 691
439 80 37 691
480 80 43 691
482 80 49 691
6 105 25 156
10 105 19 156
30 105 7 156
44 105 13 156
109 105 10 156
112 105 22 156
151 105 1 156
158 105 16 156
162 105 37 156
172 105 4 156
197 105 40 156
203 105 55 156
214 105 31 156
219 105 34 156
259 105 28 156
283 105 43 156
316 105 46 156
319 105 49 156
350 105 52 156
399 105 58 156
415 105 1 215
438 105 4 215
443 105 13 215
445 105 16 215
450 105 19 215
454 105 22 215
459 105 10 215
473 105 7 215
475 105 25 215
479 105 31 215
39 50 5 64
40 50 11 64
78 50 17 64
93 50 13 64
96 50 1 64
111 50 3 64
152 50 7 64
161 50 19 64
167 50 9 64
174 50 15 64
177 50 21 64
182 50 23 64
183 50 25 64
190 50 34 64
203 50 31 64
212 50 27 64
231 50 29 64
252 50 37 64
306 50 43 64
308 50 41 64
333 50 45 64
350 50 39 64
374 50 47 64
390 50 49 64
398 50 51 64
418 50 53 64
423 50 55 64
443 50 59 64
457 50 57 64
475 50 1 214
477 50 3 214
487 50 5 214
4 129 37 584
9 194 25 38
11 194 37 38
19 129 15 584
26 83 37 135
28 129 49 584
34 129 25 584
34 83 31 135
35 83 43 135
36 83 25 135
51 83 49 135
55 83 7 135
57 129 7 584
67 129 19 584
69 194 21 38
71 83 19 135
79 83 13 135
82 83 19 47
86 194 7 38
86 83 37 47
90 83 55 135
96 194 3 38
99 129 31 584
127 129 3 584
130 194 13 38
160 194 33 38
161 129 21 118
162 83 13 47
168 194 49 38
171 83 3 135
183 83 1 47
190 129 43 584
192 83 7 47
200 194 43 38
202 129 55 584
204 83 49 47
208 129 1 118
209 129 7 118
211 129 25 118
214 83 43 47
218 83 25 47
225 194 55 38
239 129 31 118
244 129 13 118
244 194 1 502
244 83 31 47
248 129 25 122
254 194 7 502
256 129 49 118
261 83 55 47
262 129 37 118
264 129 55 118
266 194 13 502
273 83 1 289
279 129 13 122
279 194 19 502
283 83 7 289
287 129 43 118
288 83 19 289
293 129 3 122
298 194 25 502
301 129 7 122
312 129 37 122
315 194 31 502
315 83 13 289
317 129 19 122
317 83 25 289
323 83 37 289
328 194 37 502
334 129 31 122
347 194 43 502
354 83 43 289
355 194 55 502
355 83 1 49
359 129 43 122
367 194 49 502
394 83 31 289
395 83 49 289
396 129 15 484
399 129 49 122
403 129 19 484
409 129 55 122
411 83 57 289
419 129 25 484
421 129 49 484
425 83 7 49
428 194 7 667
432 83 13 49
434 129 55 484
435 194 1 667
435 83 19 49
451 129 37 484
453 83 37 49
457 129 31 484
461 129 43 484
464 83 43 49
470 83 25 49
472 129 1 76
485 194 13 667
487 194 19 667
492 194 25 667
500 83 31 49
1 33 19 37
3 68 25 257
8 33 25 37
16 185 22 224
24 68 28 257
36 68 31 257
37 68 34 257
38 185 31 224
43 68 19 257
48 68 37 257
50 185 10 224
55 68 22 257
61 68 55 257
64 185 13 224
65 33 13 37
68 68 13 257
84 68 7 257
90 33 7 37
114 68 1 257
118 68 10 257
127 68 16 257
129 68 4 257
130 68 49 257
135 68 43 257
140 68 40 257
144 33 1 37
146 68 46 257
151 68 52 257
152 185 34 224
158 68 39 374
177 33 4 37
178 68 58 257
178 185 1 224
180 185 16 224
194 68 1 159
196 33 10 37
196 68 4 159
200 68 7 159
201 185 7 224
207 33 16 37
216 33 22 37
231 68 10 159
234 185 4 224
241 185 25 224
250 33 28 37
254 185 19 224
260 33 31 37
265 68 13 159
267 33 34 37
270 68 16 159
273 185 28 224
281 185 37 224
285 33 37 37
287 68 19 159
291 33 40 37
295 33 43 37
299 68 22 159
302 68 25 159
307 33 55 37
315 68 28 159
325 33 46 37
327 185 49 224
338 185 40 224
340 185 45 224
341 33 49 37
344 185 55 224
347 33 52 37
355 68 43 159
364 33 58 37
376 68 31 159
377 33 1 466
377 185 52 224
384 185 22 19
385 68 34 159
386 33 7 466
386 68 46 159
390 68 37 159
393 68 1 394
397 185 58 224
399 68 40 159
400 33 4 466
400 185 1 19
405 185 4 19
413 33 13 466
421 185 13 19
433 33 10 466
434 33 16 466
455 33 19 466
461 68 49 159
463 33 28 466
469 68 52 159
470 185 16 19
471 68 55 159
480 185 7 19
483 68 58 159
486 33 22 466
487 185 25 19
495 185 31 19
497 68 4 394
6 77 23 99
12 77 29 99
15 77 35 99
23 59 17 386
24 59 35 386
50 59 5 386
54 59 23 386
58 59 25 386
60 59 10 386
65 77 5 99
68 77 41 99
74 59 19 386
80 77 7 99
80 59 27 386
87 77 47 99
88 77 53 99
90 77 13 99
105 77 5 3
107 59 1 386
111 59 7 386
121 77 59 99
126 59 3 386
143 77 11 3
152 59 29 386
154 59 13 386
157 59 15 386
165 59 21 386
167 59 37 386
184 77 1 3
186 77 3 3
197 59 43 386
198 77 7 3
199 59 31 386
206 77 9 3
209 77 13 3
220 59 33 386
224 59 39 386
229 77 15 3
231 77 17 3
237 59 41 386
254 77 22 3
260 77 19 3
270 77 25 3
278 77 27 3
290 77 29 3
291 59 45 386
298 59 47 386
327 59 52 386
333 59 49 386
338 77 31 3
342 77 37 3
350 77 33 3
352 77 35 3
352 59 55 386
374 59 57 386
386 77 41 3
411 77 39 3
431 77 43 3
441 77 47 3
467 59 59 386
468 77 45 3
476 59 1 122
481 77 51 3
484 59 11 122
495 59 17 122
498 59 23 122
499 59 29 122
30 160 19 279
42 160 31 279
49 160 43 279
62 160 25 279
82 160 37 279
83 160 13 279
88 160 19 315
95 160 7 279
97 160 49 279
112 160 57 279
118 160 27 315
140 160 1 279
146 160 1 315
148 160 7 315
164 160 45 315
174 160 49 315
212 160 13 315
222 160 57 315
237 160 31 315
241 160 37 315
245 160 37 427
262 160 31 427
269 160 25 427
277 160 51 427
289 160 45 427
291 160 1 551
347 160 55 427
354 160 7 551
375 160 13 551
389 160 31 551
398 160 37 551
399 160 19 551
430 160 43 551
431 160 55 551
475 160 49 551
480 160 25 551
497 160 7 36
2 31 25 475
5 31 19 475
6 109 31 466
9 31 31 475
14 109 43 466
14 176 46 499
22 176 25 499
30 176 28 499
36 176 34 499
37 109 37 466
42 31 22 475
44 176 16 499
46 31 10 475
47 109 25 466
47 31 28 475
48 109 34 466
49 31 49 475
51 176 13 499
54 72 27 402
57 3 13 73
61 72 58 402
63 3 4 73
65 3 16 73
74 72 31 402
75 109 40 466
76 31 13 475
81 31 1 475
83 176 7 499
85 176 25 408
88 3 25 73
89 109 46 466
91 72 37 402
93 109 55 466
95 31 34 475
96 176 31 499
97 31 7 475
100 176 1 499
103 72 40 402
106 72 34 402
106 109 49 466
108 31 4 475
109 31 37 475
111 176 10 499
113 72 43 402
115 109 19 468
116 31 40 475
122 3 7 73
123 3 10 73
126 109 52 466
126 176 37 499
131 109 58 466
132 176 19 499
136 72 46 402
138 176 4 499
139 176 40 499
141 109 1 468
142 176 22 499
145 3 28 73
145 72 52 402
149 72 49 402
151 109 4 468
152 109 31 468
156 176 55 499
159 3 1 73
164 176 49 499
173 109 7 468
173 176 43 499
174 72 1 618
187 176 58 499
188 72 55 402
189 3 31 73
195 176 10 408
197 31 16 475
198 72 4 618
202 3 21 73
205 3 34 73
208 176 52 499
209 176 1 408
211 3 37 73
211 72 7 618
214 109 16 468
215 3 40 73
218 176 4 408
220 176 7 408
224 31 45 475
228 109 10 468
233 3 58 73
235 176 13 408
236 109 13 468
244 72 10 618
245 3 43 73
245 109 22 468
249 31 4 30
250 176 16 408
251 109 25 468
253 109 28 468
258 3 46 73
259 3 1 351
260 3 49 73
262 72 13 618
263 3 52 73
264 31 52 475
265 31 55 475
266 72 19 618
267 109 37 468
267 176 19 408
270 72 22 618
271 176 28 408
274 31 1 30
275 176 22 408
278 176 31 408
281 31 58 475
287 72 16 618
288 176 34 408
288 31 7 30
292 176 43 408
301 109 34 468
302 31 10 30
308 109 55 468
312 176 46 408
313 176 37 408
316 3 4 351
321 72 25 618
327 72 28 618
328 3 7 351
329 3 55 73
332 31 13 30
339 176 49 408
340 109 49 468
341 72 31 618
345 72 37 618
345 176 7 218
346 72 34 618
347 109 40 468
348 31 16 30
350 72 49 618
353 31 25 30
359 176 52 408
367 109 45 468
368 72 40 618
369 109 52 468
369 176 57 408
370 3 10 351
375 109 7 491
378 109 58 468
381 176 10 218
385 31 28 30
389 3 37 351
391 176 40 408
394 176 1 218
400 72 43 618
401 3 13 351
402 176 4 218
406 72 46 618
407 3 16 351
411 176 13 218
412 109 10 491
418 3 25 351
419 109 1 491
421 31 55 30
422 176 28 218
428 72 52 618
428 109 25 491
430 31 21 30
438 3 28 351
438 109 15 491
444 109 4 491
448 72 28 729
449 72 55 618
455 109 22 491
455 176 16 218
456 3 19 351
456 176 22 218
463 109 19 491
475 109 28 491
478 176 19 218
480 109 31 491
484 176 25 218
486 109 34 491
489 72 58 618
489 31 31 30
490 72 33 729
491 109 43 491
494 3 22 351
494 31 34 30
495 176 34 218
498 3 31 351
499 109 37 491
499 176 40 218
500 109 40 491
500 176 37 218
3 49 23 28
7 122 5 500
8 79 23 431
8 122 28 500
19 49 11 28
22 19 40 217
23 19 46 217
26 122 23 500
35 170 49 297
38 79 17 431
40 79 13 431
42 170 5 681
46 79 5 431
49 19 52 217
51 49 1 28
73 79 11 431
75 122 15 500
76 79 19 431
78 170 11 681
79 49 5 28
80 170 17 681
81 49 9 28
85 79 7 431
87 19 49 217
88 79 28 431
90 122 1 500
91 19 55 217
92 79 25 431
93 49 15 28
98 79 9 431
100 19 59 217
101 49 3 28
110 170 29 681
113 170 41 681
116 49 19 28
120 19 3 271
120 122 7 500
121 122 11 500
122 79 1 431
123 170 35 681
129 49 13 28
129 19 57 217
130 79 3 431
130 122 17 500
131 79 15 431
133 79 34 431
134 122 3 500
138 122 9 500
139 79 31 431
146 170 23 681
147 170 47 681
148 170 53 681
149 170 59 681
150 49 7 28
151 170 7 730
152 170 5 730
153 170 1 730
153 49 17 28
166 19 1 271
170 49 25 28
173 19 5 271
175 79 37 431
176 122 13 500
177 19 11 271
179 122 31 500
181 79 43 431
183 170 9 730
184 170 3 730
186 49 21 28
189 79 41 431
191 79 21 431
192 170 11 730
193 170 17 730
194 122 33 500
195 122 19 500
196 49 27 28
196 122 21 500
198 79 45 431
201 170 13 730
204 49 29 28
204 19 7 271
205 79 39 431
206 49 31 28
207 79 47 431
208 122 25 500
220 170 15 730
222 79 49 431
225 49 35 28
228 79 53 431
232 79 55 431
236 122 35 500
239 170 19 730
239 122 37 500
241 79 51 431
248 79 58 431
249 170 21 730
254 19 13 271
257 122 39 500
259 170 23 730
260 19 9 271
260 122 41 500
262 19 16 271
263 79 1 155
266 19 22 271
271 79 4 155
272 79 7 155
272 19 19 271
273 19 25 271
274 122 43 500
279 170 25 730
280 122 47 500
281 122 49 500
285 79 11 155
291 19 27 271
294 79 17 155
298 170 29 730
299 170 27 730
299 49 37 28
302 79 13 155
303 49 41 28
305 49 33 28
307 49 53 28
309 122 51 500
311 49 39 28
316 19 29 271
317 19 31 271
325 79 9 155
326 49 43 28
326 19 33 271
328 122 45 500
332 122 58 500
336 19 35 271
339 170 31 730
341 19 39 271
345 79 19 155
346 170 37 730
351 170 33 730
354 170 39 730
355 170 35 730
360 19 37 271
361 79 15 155
362 49 45 28
371 122 53 500
372 49 49 28
374 79 21 155
375 19 41 271
376 79 23 155
377 79 25 155
379 79 27 155
380 49 47 28
380 122 4 666
382 79 29 155
382 19 47 271
394 170 41 730
397 19 43 271
397 122 1 666
400 79 31 155
401 170 47 730
402 170 49 730
403 170 43 730
405 49 51 28
406 19 49 271
409 49 59 28
409 19 53 271
415 49 55 28
417 49 57 28
417 122 55 500
418 170 45 730
420 19 51 271
422 170 51 730
422 19 45 271
423 19 57 271
425 19 55 271
427 79 33 155
430 79 35 155
431 79 41 155
431 49 3 226
436 79 37 155
436 19 59 271
437 170 53 730
437 79 39 155
460 49 5 226
461 19 1 388
463 79 43 155
469 49 1 226
469 19 3 388
471 79 45 155
474 122 7 666
476 79 47 155
478 19 5 388
479 170 59 730
482 79 53 155
484 170 55 730
485 79 49 155
497 49 11 226
6 41 37 495
17 2 25 387
19 23 19 457
22 41 31 495
27 41 43 495
38 41 49 495
41 41 21 495
59 41 55 495
67 2 31 387
68 23 25 457
69 41 31 505
71 2 37 387
86 23 43 457
90 41 15 495
93 2 19 387
93 41 25 495
97 23 55 457
98 23 15 457
100 23 7 457
107 23 31 457
110 41 25 505
116 2 49 387
117 23 1 457
118 2 55 387
119 41 31 634
128 2 13 387
131 41 19 505
133 41 1 495
134 23 7 741
136 23 37 457
139 2 7 387
140 23 19 741
143 23 49 457
154 23 1 741
155 41 1 505
159 41 13 505
161 2 25 395
166 23 37 741
172 2 7 395
173 2 1 395
176 23 15 741
193 41 7 495
194 41 7 505
196 23 31 741
201 2 15 395
203 2 1 732
206 23 25 741
207 41 37 505
208 23 55 741
209 2 43 387
212 41 43 505
214 23 49 741
219 23 13 228
220 2 19 395
220 41 55 505
221 41 49 505
228 2 31 395
232 41 1 634
233 2 7 732
238 2 13 732
239 2 49 395
242 2 43 395
242 41 13 634
243 41 7 634
244 41 25 634
246 2 19 732
255 23 45 741
270 2 55 395
270 41 3 213
275 2 31 732
276 23 19 228
277 23 1 228
283 41 19 634
284 2 25 732
293 2 37 395
296 2 37 732
298 23 7 228
300 23 25 228
309 23 31 228
310 2 49 732
310 41 55 634
312 2 55 732
315 23 37 228
319 41 37 634
321 23 55 228
329 41 51 634
330 2 3 615
331 41 55 688
332 2 43 732
335 23 49 228
337 2 7 615
338 2 13 615
340 2 19 615
341 2 25 615
342 23 43 228
349 41 7 213
359 41 13 213
360 2 31 615
362 41 19 213
363 2 43 615
366 41 43 634
368 23 1 379
370 23 13 379
371 23 19 379
373 41 25 213
377 23 7 379
384 2 37 615
387 23 25 379
389 2 49 615
397 2 7 353
398 2 31 353
413 23 37 379
422 23 1 114
433 41 37 213
433 23 43 379
440 23 13 114
443 23 31 379
444 23 49 379
454 41 43 213
459 41 31 213
464 41 1 259
465 2 3 353
468 41 49 213
471 2 13 353
480 41 55 213
483 2 37 353
491 41 19 259
498 23 55 379
23 154 49 57
28 154 55 57
45 154 37 57
55 154 31 57
61 154 25 57
74 154 43 57
89 154 19 57
111 154 13 57
124 154 1 462
125 154 27 462
126 154 7 462
136 154 19 462
147 154 31 462
169 154 39 462
171 154 13 462
176 154 43 462
201 154 49 462
223 154 57 462
228 154 1 640
256 154 7 640
258 154 19 640
277 154 13 640
288 154 25 640
291 154 31 640
293 154 45 640
304 154 39 640
306 154 55 640
309 154 7 21
315 154 19 21
333 154 51 640
364 154 1 21
388 154 25 21
389 154 55 21
393 154 31 21
428 154 37 21
432 154 1 675
472 154 7 675
478 154 13 21
485 154 19 675
1 44 22 464
5 116 22 222
16 44 31 464
23 44 34 464
27 116 28 222
31 148 25 350
36 44 37 464
46 116 43 222
55 116 19 222
63 148 9 350
65 148 28 350
67 44 40 464
89 148 1 350
92 44 27 464
95 44 43 464
98 148 31 350
101 148 37 350
107 116 49 222
107 148 19 350
109 44 7 464
111 44 46 464
112 44 10 464
117 116 25 222
126 148 34 350
133 148 46 350
140 148 43 350
148 116 37 222
151 148 13 350
151 116 31 222
154 116 34 222
154 148 16 350
155 148 22 350
160 44 13 464
160 116 46 222
161 148 40 350
165 44 1 464
165 148 4 350
169 44 49 464
170 116 40 222
173 44 52 464
187 44 4 464
190 148 55 350
191 44 16 464
191 148 49 350
194 116 52 222
196 44 55 464
201 44 19 464
206 148 52 350
209 44 58 464
211 116 55 222
212 116 58 222
212 148 1 375
213 148 58 350
229 116 1 419
234 116 7 419
236 116 4 419
238 116 19 419
239 44 1 470
256 148 4 375
263 116 10 419
267 116 22 419
273 44 7 470
276 116 13 419
282 44 10 470
284 44 4 470
288 116 31 419
300 116 34 419
305 44 15 470
307 148 7 375
312 148 13 375
313 116 25 419
317 116 16 419
319 148 10 375
319 116 28 419
322 44 19 470
324 44 22 470
334 44 25 470
334 116 37 419
336 148 16 375
340 148 28 375
340 116 55 419
346 116 40 419
348 44 37 470
348 148 40 375
349 148 19 375
356 116 43 419
366 44 28 470
376 148 25 375
378 44 31 470
392 116 46 419
395 148 22 375
396 116 3 145
407 44 34 470
407 116 58 419
411 116 49 419
414 116 52 419
422 148 37 375
425 148 31 375
426 148 43 375
433 148 49 375
436 44 40 470
439 148 34 375
448 44 43 470
453 148 1 392
457 148 7 392
460 44 46 470
461 44 52 470
469 116 13 145
470 44 49 470
485 116 9 145
486 44 55 470
486 148 52 375
490 44 58 470
495 116 37 145
498 116 16 145
7 17 17 716
32 17 23 716
37 17 3 716
40 17 25 716
56 17 7 716
87 17 5 716
90 17 10 716
95 17 21 716
104 17 31 716
111 17 1 716
120 17 13 716
142 17 19 716
165 17 15 716
179 17 29 716
182 17 37 716
188 17 27 716
190 17 39 716
229 17 35 716
265 17 33 716
276 17 41 716
283 17 1 33
299 17 43 716
300 17 45 716
314 17 47 716
323 17 49 716
337 17 51 716
357 17 53 716
360 17 55 716
376 17 57 716
378 17 3 33
410 17 59 716
414 17 5 33
424 17 7 33
437 17 9 33
457 17 11 33
461 17 13 33
467 17 15 33
469 17 17 33
474 17 21 33
5 99 25 654
12 96 43 9
16 99 37 654
21 96 37 9
30 96 31 9
34 99 43 654
36 99 49 654
39 99 33 654
43 99 55 654
54 99 43 19
62 96 21 9
68 99 37 19
76 99 21 654
80 96 49 9
83 96 55 9
83 99 49 19
84 96 25 9
84 99 55 19
86 99 49 162
105 99 37 162
112 99 43 162
116 96 1 9
118 99 31 162
120 99 9 654
133 96 7 9
143 99 19 162
145 96 55 33
149 96 13 9
150 99 1 654
155 96 31 33
166 99 3 162
167 99 55 162
172 99 13 654
179 99 7 162
184 99 25 162
205 96 25 33
227 96 37 33
241 96 1 571
242 96 19 571
250 99 1 212
251 96 13 571
254 99 15 162
256 99 13 212
259 99 7 212
260 96 45 33
269 96 7 571
279 96 27 571
280 96 49 33
284 96 31 571
285 99 19 212
290 96 37 571
292 99 49 212
297 96 43 571
299 96 49 571
308 96 1 48
313 99 31 212
314 96 7 48
329 99 25 212
342 96 19 48
354 99 13 605
359 96 37 48
361 96 25 48
363 96 13 48
372 96 55 571
373 99 37 212
377 96 31 48
381 96 13 529
407 99 3 605
418 99 57 212
424 99 43 212
436 96 43 48
438 96 49 48
441 99 7 605
445 99 19 605
457 99 25 605
462 99 31 605
466 99 43 605
473 99 39 605
477 99 51 605
483 99 1 719
484 96 57 48
489 99 7 719
13 106 31 115
38 106 43 115
55 106 37 115
65 106 49 115
73 106 25 115
83 106 31 515
87 106 25 515
106 106 1 115
136 106 7 115
137 106 13 115
168 106 19 115
181 106 55 115
201 106 55 515
203 106 7 515
205 106 1 515
214 106 19 515
215 106 13 515
234 106 37 515
245 106 55 615
246 106 43 515
253 106 7 728
274 106 49 515
277 106 25 728
305 106 19 728
307 106 31 728
309 106 13 728
336 106 1 728
344 106 1 580
349 106 37 728
352 106 43 728
359 106 7 580
369 106 25 580
373 106 55 728
411 106 31 580
413 106 55 316
433 106 13 580
455 106 49 728
478 106 37 580
481 106 19 580
4 107 22 380
30 107 25 380
35 107 16 380
36 107 40 380
59 107 4 380
63 107 19 380
70 107 28 380
80 107 37 380
93 107 31 380
94 107 34 380
97 107 10 380
101 107 43 380
128 107 46 380
129 107 1 380
146 107 7 380
155 107 13 380
156 107 58 380
157 107 55 380
172 107 52 380
185 107 1 603
186 107 49 380
196 107 7 603
222 107 4 603
231 107 13 603
259 107 16 603
274 107 19 603
278 107 10 603
285 107 31 603
331 107 22 603
365 107 34 603
367 107 25 603
378 107 28 603
385 107 37 603
389 107 40 603
390 107 43 603
391 107 46 603
393 107 4 26
423 107 1 26
424 107 49 603
474 107 52 603
482 107 55 603
495 107 58 603
498 107 7 26
5 171 29 487
6 171 34 487
10 51 25 119
41 51 16 119
50 171 13 487
60 51 4 119
83 51 19 119
84 51 13 119
85 51 11 119
86 51 22 119
93 51 29 119
102 51 27 119
109 171 1 487
109 51 31 119
118 171 5 487
119 171 11 487
121 171 7 487
121 51 37 119
138 51 1 119
140 51 7 119
146 171 15 487
147 171 3 487
147 51 35 119
154 51 9 119
155 171 19 487
160 171 9 487
161 171 17 487
162 171 23 487
164 51 52 119
166 51 41 119
168 51 33 119
188 171 25 487
194 51 39 119
195 51 43 119
199 171 41 487
200 51 49 119
205 51 45 119
213 171 21 487
216 171 27 487
227 171 31 487
237 171 37 487
269 51 47 119
276 171 39 487
279 171 47 487
280 171 55 487
281 171 43 487
287 51 59 119
290 171 51 487
294 51 55 119
295 171 49 487
299 171 45 487
301 51 5 216
303 171 53 487
324 51 7 216
339 171 3 636
343 171 57 487
352 51 1 216
357 51 3 216
360 171 59 487
360 51 57 119
368 171 5 636
368 51 13 216
379 171 1 636
402 171 7 636
407 171 13 636
425 51 11 216
428 51 17 216
431 51 15 216
434 171 10 636
440 51 19 216
444 171 15 636
447 51 21 216
459 171 17 636
459 51 23 216
464 171 19 636
479 171 34 636
484 51 9 216
485 51 29 216
490 171 23 636
491 51 25 216
496 51 40 216
1 39 25 308
1 86 31 63
4 39 43 308
7 38 31 349
7 86 37 63
9 86 43 63
12 38 49 349
12 39 55 308
34 39 37 308
44 39 19 308
48 38 43 349
49 38 55 349
50 86 19 63
51 86 55 63
55 86 49 63
57 39 49 308
60 86 13 63
70 38 49 417
76 86 31 53
82 39 31 308
94 39 21 226
106 86 27 63
109 38 25 349
124 86 19 53
127 38 37 349
128 38 33 417
130 86 19 359
134 86 55 53
144 86 7 63
147 39 25 226
153 39 3 308
157 38 19 349
157 39 31 226
162 86 43 53
163 38 1 349
175 39 13 308
184 38 7 349
192 86 1 63
199 38 13 349
205 39 7 308
205 86 49 53
209 86 25 53
213 39 7 226
216 86 1 359
219 86 39 53
232 39 13 226
238 86 7 359
245 86 15 359
248 39 31 559
249 38 43 417
250 86 39 359
252 38 39 417
252 39 43 226
256 39 55 226
266 86 25 359
268 86 43 359
271 39 37 226
274 86 13 392
280 39 1 559
291 39 13 559
295 86 31 359
296 38 25 636
298 38 37 636
310 39 25 559
312 86 25 392
313 39 7 559
317 39 55 559
318 39 49 226
321 38 1 87
324 86 49 359
332 86 19 392
333 86 31 392
339 38 43 636
345 86 45 392
346 86 55 359
347 39 19 559
356 38 55 417
361 86 49 392
364 86 37 392
365 39 43 559
369 86 43 580
374 38 49 636
377 39 37 559
378 86 7 610
379 38 55 636
383 39 1 237
385 38 7 87
385 39 49 559
385 86 57 392
387 86 49 580
388 86 37 610
396 39 19 237
402 39 9 237
407 39 37 237
409 39 13 237
411 39 25 237
415 39 31 237
418 38 13 87
420 39 1 450
427 38 25 87
427 86 57 580
428 86 31 610
429 86 1 610
431 38 19 87
433 86 19 610
439 86 13 610
440 39 43 237
440 38 21 333
449 39 49 237
458 39 7 450
459 38 37 87
461 39 55 237
468 38 31 87
470 39 19 450
471 39 49 450
475 39 13 450
480 38 49 87
483 38 43 87
492 86 43 610
493 86 25 610
500 86 1 739
2 22 28 214
3 22 31 214
7 113 43 660
8 113 46 660
15 22 10 214
17 22 34 214
25 113 21 227
44 113 25 227
58 113 28 227
64 113 43 227
65 22 37 214
72 113 34 227
88 22 16 214
109 113 40 227
110 22 13 214
112 22 7 214
117 22 19 214
126 22 25 214
130 22 52 214
147 113 37 227
149 22 22 214
150 22 43 214
154 113 31 227
157 113 46 227
169 113 7 227
176 113 1 227
177 113 13 227
180 22 40 214
190 113 4 227
208 22 7 648
227 113 10 227
246 113 16 227
248 22 46 214
252 113 52 227
254 113 57 227
255 113 1 276
256 22 1 648
257 113 4 276
263 22 49 214
266 113 9 276
270 113 13 276
282 113 16 276
295 22 55 214
302 113 49 227
307 22 58 214
311 113 22 276
312 113 43 276
318 113 19 276
335 22 19 648
339 22 10 648
341 22 4 648
352 113 25 276
353 113 28 276
356 113 31 276
377 113 46 276
378 113 34 276
386 22 13 648
389 22 7 230
394 113 37 276
396 113 40 276
408 22 16 648
436 113 49 276
441 113 52 276
452 22 22 648
454 113 55 276
456 113 58 276
467 113 9 259
473 22 25 648
475 22 31 648
480 22 34 648
492 113 31 259
493 22 49 648
496 113 13 259
499 22 43 648
33 118 13 639
33 121 23 115
37 121 11 115
38 121 29 115
42 121 17 115
66 121 35 115
73 118 17 639
75 118 5 639
90 118 19 639
96 121 41 115
97 121 5 115
99 118 1 639
124 118 10 639
130 121 47 115
141 118 7 639
155 118 25 639
163 121 59 115
165 118 23 639
178 118 27 639
180 118 31 639
184 118 21 639
189 118 15 639
189 121 49 3
195 118 29 639
196 121 53 115
212 118 39 639
219 121 53 3
220 118 35 639
225 118 3 639
234 118 41 639
237 121 55 3
242 121 59 3
258 121 57 3
261 121 5 599
265 118 37 639
271 121 59 410
281 118 33 639
282 121 55 410
289 118 49 639
298 121 1 599
301 118 43 639
315 118 45 639
317 118 47 639
321 118 53 639
326 121 3 599
332 121 9 599
333 121 7 599
334 121 11 599
335 121 17 599
338 118 51 639
366 118 55 639
371 118 59 639
379 118 33 389
382 118 57 639
387 121 57 410
391 118 35 389
392 118 37 389
394 118 46 389
394 121 13 599
395 118 39 389
411 121 22 599
413 121 19 599
417 121 15 599
419 118 41 389
438 118 43 389
438 121 25 599
448 121 31 599
453 121 35 599
454 118 49 389
466 118 51 389
474 121 27 599
476 121 29 599
480 121 37 599
481 118 53 389
486 118 58 389
499 118 55 389
3 139 37 652
7 139 49 652
8 139 31 652
19 139 25 652
42 139 43 652
47 139 19 652
62 139 37 238
72 139 55 652
89 139 7 652
91 139 9 238
95 139 25 238
97 139 43 238
118 139 49 238
135 139 31 238
153 139 13 652
161 139 31 528
180 139 43 528
194 139 13 238
196 139 13 528
197 139 1 652
216 139 55 238
257 139 7 528
266 139 37 528
306 139 1 238
328 139 19 238
344 139 19 528
362 139 1 528
372 139 51 528
374 139 25 528
412 139 55 528
414 139 21 507
422 139 7 507
427 139 1 507
450 139 13 507
452 139 25 507
453 139 7 61
459 139 43 507
461 139 31 507
484 139 37 507
493 139 55 507
497 139 49 507
1 46 37 496
11 46 25 496
11 54 28 355
13 11 39 96
13 54 43 355
16 54 34 355
18 134 28 405
26 11 28 96
31 134 37 405
31 11 49 96
36 54 46 355
44 54 37 355
47 54 31 355
52 54 22 355
53 11 19 96
53 54 55 355
63 46 22 496
66 46 40 496
69 11 10 96
72 134 19 405
78 46 19 496
81 46 4 496
83 11 43 96
88 54 40 355
95 134 31 405
96 54 25 355
102 46 31 496
105 54 16 355
115 11 25 96
115 54 28 102
119 11 58 96
125 54 22 102
131 11 31 96
132 11 52 96
138 46 13 496
139 11 1 96
142 11 4 96
142 54 1 355
148 134 1 405
148 46 28 496
150 46 9 496
153 46 34 496
165 134 7 405
167 54 4 355
170 54 7 355
185 46 52 496
188 46 43 496
199 11 7 96
199 54 10 355
201 11 22 96
202 134 10 405
205 134 13 405
206 46 16 496
209 134 4 405
210 54 13 355
221 134 22 405
224 134 16 405
224 46 1 496
225 11 13 96
228 54 19 355
229 46 49 496
232 54 52 355
234 11 1 409
241 134 34 405
243 134 1 622
244 11 55 96
245 11 46 96
246 54 1 102
249 11 16 96
251 54 49 355
255 11 4 409
258 134 25 405
259 134 58 405
261 11 7 409
261 54 10 102
263 11 13 409
268 11 19 409
280 54 58 355
281 46 55 496
282 11 34 96
282 46 1 586
286 54 19 102
287 11 22 409
298 134 43 405
299 54 4 102
302 134 40 405
302 54 7 102
303 11 10 409
308 54 13 102
313 54 40 102
316 54 16 102
318 11 16 409
322 11 25 409
322 54 31 102
324 46 46 496
326 134 46 405
326 11 28 409
328 11 52 409
329 134 4 622
335 46 22 586
336 11 43 409
337 11 37 409
339 134 52 405
351 46 19 586
357 46 7 586
383 11 31 409
388 46 34 586
392 134 55 405
397 134 49 405
397 46 13 586
402 134 13 622
410 11 46 409
412 134 7 622
413 134 21 622
420 11 34 409
432 134 25 622
436 11 1 421
439 134 10 622
439 11 55 409
445 11 40 409
446 54 34 102
448 11 4 421
452 54 43 102
457 11 13 421
458 134 16 622
460 134 37 622
462 46 4 586
463 54 37 102
469 134 28 622
470 46 58 496
476 134 31 622
476 11 49 409
479 54 46 102
487 134 34 622
491 54 49 102
497 46 55 87
498 54 25 102
499 46 58 87
1 15 43 39
2 63 31 407
4 63 49 407
6 63 43 407
9 15 37 39
22 15 49 39
34 172 49 35
40 15 27 39
43 63 43 145
48 63 55 407
51 172 31 35
62 172 43 35
63 63 49 145
70 63 55 145
77 172 7 35
77 63 19 407
82 63 49 351
87 63 37 407
90 172 21 35
113 63 1 407
122 172 19 191
124 15 55 39
125 172 43 191
129 172 15 35
137 15 27 672
141 172 55 35
150 172 27 35
154 15 37 672
157 63 25 407
160 63 21 145
164 172 1 35
169 63 27 145
192 63 13 407
199 172 1 191
199 63 43 351
207 172 7 191
210 63 7 407
214 63 55 351
215 63 1 483
216 15 7 39
217 15 1 39
218 172 13 191
218 63 7 483
222 63 19 483
231 172 25 191
241 172 55 191
245 15 1 676
256 172 25 329
264 63 31 145
265 172 39 35
285 172 43 329
286 63 33 483
289 63 13 483
296 63 7 692
297 15 19 39
297 63 37 483
303 63 25 483
312 15 1 200
315 63 55 483
316 15 31 39
317 15 33 672
322 15 49 672
326 172 37 191
344 15 7 676
353 63 43 483
357 15 13 39
359 172 1 320
361 63 19 692
362 63 51 483
364 63 13 692
367 15 19 672
375 172 49 191
377 172 55 329
377 15 19 353
379 15 13 672
383 172 37 329
392 15 25 353
404 172 43 121
406 172 31 191
409 15 19 676
415 63 25 692
428 172 55 121
430 172 49 329
439 172 43 216
442 172 31 329
444 172 31 216
447 15 55 672
448 63 33 692
450 63 3 692
455 63 1 319
458 15 27 676
459 63 49 692
465 172 51 121
468 15 55 353
471 63 7 319
474 172 55 216
478 172 49 216
481 63 43 692
489 63 13 319
491 172 27 320
492 172 9 320
495 172 43 320
499 63 33 319
24 102 58 409
32 102 28 385
44 102 40 385
70 102 25 517
75 102 37 385
89 102 31 385
105 102 34 385
129 102 43 385
146 102 49 385
149 102 46 385
168 102 55 385
170 102 52 385
175 102 55 517
176 102 58 385
209 102 15 517
214 102 1 517
230 102 4 517
235 102 10 517
247 102 19 517
258 102 28 517
263 102 7 517
317 102 52 517
325 102 43 517
329 102 22 517
354 102 31 517
362 102 34 517
370 102 37 517
371 102 40 517
383 102 13 619
385 102 1 619
421 102 58 517
435 102 46 517
437 102 16 619
467 102 49 517
478 102 7 619
480 102 10 619
1 169 17 72
3 169 28 72
35 169 11 72
37 169 7 72
78 169 22 72
101 169 1 72
103 169 5 72
134 169 19 72
168 169 3 72
171 169 9 72
213 169 13 72
237 169 15 72
251 169 31 72
253 169 25 72
258 169 33 72
294 169 35 72
324 169 41 72
339 169 37 72
356 169 46 72
358 169 39 72
359 169 49 72
395 169 53 72
400 169 51 72
414 169 55 72
447 169 1 42
462 169 43 72
475 169 57 72
490 169 7 42
493 169 59 72
10 195 27 524
11 20 43 242
15 20 49 242
16 20 55 242
26 195 43 524
26 20 49 558
37 20 43 558
40 195 31 524
50 198 31 42
50 20 37 242
60 20 21 242
81 195 37 524
84 20 31 242
88 198 45 42
89 195 55 524
89 20 25 242
90 195 49 524
90 20 25 558
98 198 25 42
103 198 13 42
104 20 33 558
109 20 55 558
118 198 37 42
127 20 31 665
130 20 31 694
132 198 55 42
147 20 43 665
148 195 43 673
149 195 25 673
150 198 49 42
150 20 57 665
156 195 7 524
164 20 7 242
170 195 1 524
171 20 49 665
186 195 7 673
193 20 1 242
197 20 7 558
203 195 13 524
207 195 1 673
211 20 1 558
213 198 3 42
226 195 13 673
226 198 9 42
230 195 19 524
230 198 31 673
230 20 13 242
233 20 13 558
243 20 31 320
247 195 13 657
256 20 19 558
272 198 21 42
274 20 25 665
277 198 57 673
278 198 19 673
282 20 37 558
286 198 37 673
289 198 51 673
302 195 31 657
303 198 1 575
307 198 19 575
314 198 25 575
320 198 13 575
323 195 7 657
325 198 55 575
327 198 7 575
328 198 1 721
331 198 31 575
335 198 37 575
337 198 13 721
346 198 49 575
351 198 37 721
357 20 19 665
358 195 1 657
361 20 7 665
362 195 25 657
363 195 1 384
367 20 1 665
373 198 43 575
374 198 7 721
380 195 19 657
388 195 43 657
390 195 7 384
405 198 31 721
409 198 25 721
410 195 55 657
416 195 37 657
416 20 13 665
419 198 19 721
419 20 37 665
424 195 21 384
426 195 49 657
430 195 13 384
433 20 1 694
436 198 25 442
445 20 25 694
450 195 25 384
460 20 7 694
465 195 31 384
465 198 43 721
473 195 43 384
482 195 37 384
482 20 13 694
496 195 1 196
5 67 31 440
11 67 49 440
20 67 52 440
38 67 34 440
41 67 43 440
67 67 37 440
95 67 40 440
102 67 55 440
106 67 15 440
113 67 19 440
118 67 7 440
123 67 25 440
137 67 46 440
146 67 10 440
165 67 28 440
201 67 10 327
202 67 7 327
217 67 58 440
232 67 22 440
250 67 13 327
267 67 25 327
271 67 31 327
279 67 34 327
282 67 19 327
284 67 1 440
327 67 4 440
343 67 16 327
348 67 55 327
356 67 49 327
357 67 28 327
360 67 1 327
399 67 4 327
406 67 22 327
409 67 37 327
415 67 40 327
419 67 52 327
450 67 43 327
469 67 19 365
486 67 1 365
10 167 31 612
10 92 33 285
11 92 35 285
15 92 16 285
24 92 37 285
27 167 17 612
34 167 29 612
39 92 23 285
42 92 29 285
44 167 11 612
44 92 43 285
51 167 5 612
56 167 23 612
64 167 3 612
71 92 25 285
77 167 1 612
83 92 5 285
94 167 7 612
117 167 9 612
122 167 13 612
124 92 31 285
135 167 19 612
138 167 21 612
139 167 15 612
141 92 9 285
146 92 19 133
160 92 7 285
168 167 25 612
174 167 27 612
181 167 35 612
189 92 1 285
190 92 11 285
192 167 47 612
196 167 41 612
206 92 13 285
210 167 52 612
212 92 41 285
213 92 19 285
219 92 46 285
224 92 21 285
233 167 43 612
236 92 27 285
237 167 39 612
239 92 55 285
241 92 49 285
245 92 52 285
255 92 39 285
275 167 55 612
276 167 33 612
297 167 49 612
308 167 58 612
310 92 3 285
314 167 45 612
316 167 37 612
319 92 57 285
320 92 59 285
326 92 13 470
331 92 4 619
343 92 23 619
351 92 29 619
369 92 31 619
377 167 4 173
379 167 7 173
382 167 9 173
394 92 19 619
404 92 21 619
412 167 13 173
422 167 11 173
434 167 19 173
435 92 25 619
446 167 1 173
450 167 17 173
452 167 15 173
452 92 34 619
493 92 41 619
17 26 43 465
65 26 55 465
73 26 31 465
75 26 19 465
99 26 49 465
114 26 31 698
115 26 37 465
127 26 43 698
129 26 49 698
147 26 49 368
149 26 33 368
155 26 37 698
158 26 7 465
185 26 7 698
191 26 1 465
227 26 13 465
232 26 57 698
234 26 25 465
261 26 13 698
274 26 45 368
279 26 37 368
280 26 19 698
295 26 1 698
296 26 13 368
303 26 19 368
306 26 25 698
311 26 1 368
318 26 31 633
332 26 25 368
365 26 7 368
413 26 1 633
425 26 57 368
439 26 19 633
443 26 37 633
447 26 25 633
463 26 7 633
466 26 9 666
475 26 43 633
479 26 13 633
480 26 13 666
5 174 34 210
13 78 46 30
16 174 43 210
18 174 31 210
19 174 37 210
20 78 49 30
35 174 40 210
37 174 49 210
37 78 40 30
39 174 46 210
40 174 52 210
46 78 52 30
52 78 37 30
56 78 43 30
59 174 16 210
66 78 58 30
74 78 34 557
88 174 37 521
91 78 19 557
92 174 55 210
105 78 28 557
115 174 31 521
139 78 37 216
140 78 25 557
143 174 25 210
159 78 22 557
171 174 58 210
174 78 43 557
180 78 37 557
181 78 1 623
186 78 31 557
186 174 40 521
203 78 40 557
215 78 46 557
227 78 4 623
229 78 7 623
231 78 51 557
263 174 3 210
268 78 58 557
268 174 22 210
272 78 10 623
287 174 13 210
304 78 16 623
311 174 7 210
317 174 10 210
323 174 13 521
324 78 13 623
332 174 34 521
348 174 10 521
349 78 55 557
351 174 1 521
358 78 25 623
364 174 19 210
365 78 19 623
366 78 22 623
371 174 28 210
376 174 4 521
380 78 28 623
381 174 7 521
393 174 19 521
396 78 31 623
399 78 43 623
401 174 16 521
402 78 37 623
403 78 34 623
412 174 49 521
417 174 22 521
431 78 49 623
448 78 40 623
451 174 55 521
454 78 52 623
471 78 1 697
484 174 28 521
489 174 25 521
494 174 43 521
4 34 17 345
15 34 23 345
20 34 29 345
25 34 31 345
44 34 35 345
49 34 11 345
54 34 5 345
67 34 43 345
100 34 27 345
127 34 7 345
140 34 9 345
156 34 13 345
167 34 1 345
190 34 15 345
198 34 25 345
213 34 45 345
249 34 19 345
278 34 37 345
294 34 3 345
308 34 21 345
311 34 41 345
343 34 33 345
362 34 39 345
364 34 47 345
368 34 51 345
373 34 49 345
375 34 53 345
411 34 5 238
417 34 7 256
418 34 17 238
448 34 55 345
458 34 59 345
466 34 7 238
468 34 23 238
497 34 29 238
4 143 55 567
19 143 31 567
30 143 37 567
41 143 46 567
45 143 13 567
47 143 34 567
51 43 43 548
51 143 46 79
65 143 40 567
69 43 37 548
74 43 49 548
77 143 25 567
78 143 28 567
91 143 22 567
98 143 49 567
99 143 43 567
100 143 52 567
102 143 58 567
106 43 19 548
108 143 1 567
117 43 22 548
136 143 4 567
145 43 25 548
160 43 16 548
165 143 10 567
168 43 7 548
170 143 10 79
174 43 4 548
174 143 19 567
178 143 4 79
189 143 7 567
192 43 52 548
194 43 28 548
221 43 1 548
225 143 16 567
226 143 25 79
228 43 13 548
232 43 10 548
234 143 52 79
246 143 7 79
260 143 1 79
264 43 1 686
267 143 28 79
271 43 34 548
281 143 40 79
284 43 7 686
296 143 19 79
298 43 31 548
313 43 57 548
318 143 13 79
327 43 16 686
338 43 4 686
357 143 34 79
360 143 16 79
365 43 13 686
368 43 46 548
376 143 49 79
378 143 37 79
382 143 22 79
395 43 10 686
408 143 31 79
423 143 43 79
424 143 55 79
440 43 25 686
451 43 22 686
457 143 16 116
473 143 58 79
484 43 31 686
2 149 23 473
8 97 35 32
9 149 29 473
17 149 31 473
19 149 34 473
22 149 17 473
33 97 29 32
35 149 37 473
48 97 5 32
55 149 5 473
57 97 11 32
58 149 41 473
63 97 17 32
64 149 11 473
75 149 25 473
78 149 39 473
84 149 43 473
85 149 13 473
90 97 41 32
90 149 45 473
98 149 7 473
101 97 47 32
106 97 53 32
110 149 49 473
116 149 21 473
136 149 1 473
137 97 23 32
138 97 59 32
139 149 19 473
151 97 11 611
152 149 47 473
155 97 5 611
156 149 15 473
157 97 17 611
160 97 53 611
167 97 23 611
175 97 29 611
180 97 47 611
183 149 27 473
189 97 59 611
193 97 31 611
197 149 51 473
199 149 53 473
200 149 3 473
211 149 58 473
213 97 11 19
220 97 41 611
223 149 41 121
227 97 19 19
227 149 59 121
237 97 28 19
240 149 47 121
244 149 35 122
247 97 34 19
252 97 47 19
262 97 41 19
278 97 53 19
281 97 1 480
285 149 49 121
295 149 47 122
297 97 59 19
298 97 3 480
300 149 55 473
302 97 15 480
311 149 53 122
315 149 9 473
320 149 41 122
343 97 5 480
349 97 11 480
349 149 59 122
354 149 5 397
359 149 11 397
372 149 1 397
373 149 7 397
382 149 13 397
392 149 19 397
397 97 17 480
400 149 9 397
401 97 7 480
417 97 9 480
421 97 23 480
432 97 28 480
442 97 13 480
444 97 19 480
450 97 31 480
454 97 25 480
462 149 15 397
470 149 3 397
488 97 33 480
15 163 43 141
17 70 49 284
18 163 49 141
25 70 33 284
27 163 37 141
29 70 37 284
33 163 31 141
54 163 55 141
74 70 55 284
106 70 43 284
114 163 55 204
124 163 37 204
127 163 49 204
154 70 55 31
155 70 43 31
158 70 21 284
168 163 13 141
171 163 31 204
176 163 49 384
176 70 31 31
181 70 13 284
183 70 13 31
204 163 9 141
205 70 19 31
206 163 19 141
224 70 7 284
231 163 1 141
231 70 19 722
238 70 1 284
241 70 7 31
242 70 25 284
255 163 25 141
259 70 37 31
269 70 1 31
270 163 27 204
272 70 25 31
283 70 3 722
287 70 25 722
288 163 43 204
290 70 7 722
291 70 19 490
295 70 51 31
298 163 13 204
299 163 13 492
304 70 1 490
309 70 37 722
314 163 19 204
318 163 39 492
318 70 45 722
333 163 9 492
338 163 25 492
354 163 19 492
355 70 13 722
374 70 13 490
379 163 3 492
384 70 31 722
387 163 31 492
400 163 13 56
401 70 49 722
404 70 55 722
406 163 51 492
407 70 19 260
408 163 49 610
416 163 55 384
424 163 1 56
426 163 55 492
427 70 43 490
429 163 45 492
429 70 55 623
430 163 37 56
437 163 19 56
452 163 7 56
455 70 7 490
458 163 31 56
465 70 25 490
472 70 55 490
482 70 3 260
490 163 25 56
491 163 55 610
491 70 31 490
493 70 13 260
500 163 7 124
2 165 55 691
6 71 49 491
17 65 55 439
22 65 28 439
27 71 52 491
30 71 55 491
33 65 37 439
42 65 40 439
47 71 46 491
52 71 58 491
55 65 58 439
60 65 25 439
66 65 43 439
71 165 58 691
78 165 25 76
81 165 31 76
83 65 46 439
87 165 22 76
93 65 34 439
94 71 25 302
99 65 37 4
107 71 52 302
108 65 9 439
108 71 31 302
120 71 15 302
121 71 22 302
125 71 40 302
128 71 28 302
143 65 43 4
148 165 40 76
150 71 46 302
151 165 19 76
156 65 19 439
157 71 43 302
165 165 37 76
176 165 55 76
178 165 34 76
198 165 9 76
199 71 49 302
200 71 10 302
202 165 13 76
210 65 1 439
221 71 4 302
228 165 16 76
230 165 1 664
231 65 31 439
240 65 13 439
240 71 19 302
244 165 43 76
247 71 37 302
249 165 7 664
255 71 7 302
264 71 4 537
265 65 4 439
266 65 51 439
268 71 1 302
269 65 16 439
273 165 46 76
278 71 34 302
282 65 22 439
288 65 4 4
292 65 7 4
292 71 58 302
293 65 10 4
300 165 49 76
310 65 13 4
316 71 1 537
319 65 1 4
323 165 52 76
324 65 16 4
328 165 28 76
328 71 10 537
336 65 25 4
336 165 10 664
338 71 7 537
346 65 31 4
347 71 13 537
364 71 55 302
374 65 40 4
380 65 34 4
384 71 25 537
387 65 19 4
390 65 22 4
390 71 16 537
391 165 13 664
398 65 46 4
404 71 28 537
426 65 1 61
437 65 31 61
440 165 58 76
440 71 34 537
442 65 28 4
444 71 21 537
450 65 49 4
450 165 22 664
459 65 55 4
466 65 4 61
470 165 34 664
472 65 25 61
477 71 31 537
483 65 52 4
485 165 4 664
495 71 40 537
16 57 11 13
19 57 23 13
36 57 29 13
40 57 35 13
57 57 16 13
63 57 13 13
79 57 25 13
121 57 5 13
126 57 1 13
153 57 37 13
199 57 47 13
216 57 19 13
231 57 7 13
232 57 41 13
238 57 31 13
300 57 21 13
304 57 9 13
335 57 27 13
376 57 52 13
384 57 43 13
408 57 3 13
411 57 45 13
419 57 33 13
424 57 39 13
446 57 49 13
450 57 55 13
454 57 58 13
463 57 5 193
465 57 11 193
479 57 41 193
486 57 13 193
1 61 40 579
5 104 37 229
7 104 46 229
17 89 58 175
18 104 34 229
21 89 43 175
24 61 43 579
40 104 40 229
52 89 40 175
63 104 43 229
64 89 28 175
69 104 49 229
72 104 22 229
75 104 27 229
75 61 46 579
76 104 16 229
93 61 58 579
95 61 49 579
98 89 34 175
98 61 52 579
103 89 19 175
104 61 4 579
124 89 25 175
124 61 49 26
128 104 43 218
131 104 10 229
137 89 7 175
140 61 33 579
142 89 10 175
144 89 4 175
154 89 25 441
158 104 13 229
169 104 31 229
173 104 55 229
178 104 52 229
182 104 1 229
188 104 4 229
196 89 1 175
201 61 34 26
207 104 58 229
209 104 19 229
209 89 22 175
210 61 16 579
214 104 4 303
215 61 7 579
224 104 49 218
226 104 31 218
227 89 28 441
231 89 46 175
235 61 1 579
241 61 28 579
250 61 10 579
262 89 55 175
266 104 46 218
267 104 55 218
269 61 13 579
274 104 22 303
277 104 7 229
277 89 31 175
279 104 52 218
281 104 7 303
287 104 1 303
288 61 37 579
289 89 37 175
300 89 52 175
301 61 19 579
310 61 31 26
312 89 16 175
313 104 13 303
321 61 16 26
322 104 58 218
322 61 55 579
325 61 19 26
326 104 10 303
331 61 25 579
340 104 16 303
340 89 13 175
343 61 10 26
349 61 22 579
350 89 55 441
358 89 33 441
360 61 13 26
372 61 22 26
373 61 31 50
375 61 25 26
378 61 40 26
380 89 37 441
380 61 40 50
399 104 25 303
404 61 1 373
411 104 10 373
416 104 31 303
417 61 37 26
420 89 40 441
421 104 28 303
425 104 34 303
429 89 7 543
430 104 4 373
442 89 49 175
445 104 37 303
457 104 19 303
460 104 43 303
488 61 28 26
493 104 19 373
496 61 7 373
498 89 1 543
21 177 49 658
25 177 37 658
62 177 49 486
71 177 27 658
77 177 33 658
111 177 37 486
123 177 43 658
168 177 27 486
170 177 55 658
177 177 49 497
200 177 31 486
210 177 19 658
220 177 25 497
226 177 37 497
275 177 1 658
341 177 13 658
366 177 1 497
377 177 27 397
408 177 7 658
417 177 43 486
423 177 7 486
426 177 13 486
436 177 19 486
459 177 13 497
476 177 55 486
488 177 55 497
3 147 34 267
8 147 37 267
12 147 11 267
30 147 17 267
66 147 15 267
82 147 4 267
89 147 23 267
114 147 7 267
123 147 13 267
144 147 25 267
169 147 43 267
182 147 41 267
188 147 19 267
194 147 31 267
205 147 29 267
221 147 9 267
228 147 27 267
246 147 47 267
276 147 1 267
278 147 39 267
281 147 51 267
284 147 21 267
294 147 49 267
299 147 53 267
304 147 58 267
316 147 11 280
326 147 55 267
329 147 1 280
361 147 17 280
386 147 23 280
397 147 45 267
403 147 29 280
409 147 35 280
420 147 47 280
432 147 41 280
433 147 52 280
435 147 49 280
443 147 1 687
453 147 59 280
454 147 5 687
455 147 11 687
456 147 7 687
467 147 13 687
481 147 9 687
16 47 49 429
33 47 43 429
52 47 43 246
60 47 37 429
91 47 25 429
95 47 55 429
109 47 33 429
167 47 19 429
172 47 25 246
178 47 37 246
183 47 49 246
198 47 13 429
253 47 13 246
259 47 19 246
265 47 19 43
272 47 31 246
319 47 13 43
320 47 1 429
361 47 31 43
371 47 1 43
379 47 43 43
412 47 37 43
432 47 7 429
459 47 25 43
486 47 7 43
497 47 13 201
27 42 49 690
36 42 43 690
41 42 52 690
50 42 46 690
55 14 55 370
60 14 28 370
65 14 43 370
73 42 55 690
84 14 46 370
86 14 4 370
94 42 31 690
117 14 37 370
121 14 25 370
130 14 55 399
136 14 13 370
139 14 58 370
142 42 7 690
153 14 40 370
159 42 4 690
163 42 10 690
165 14 31 370
170 42 34 690
171 14 46 497
173 14 10 370
178 42 31 168
183 42 58 690
184 14 34 370
196 42 43 168
200 42 27 690
204 14 16 370
206 42 40 690
209 42 49 168
211 42 19 690
215 14 49 370
218 42 1 690
222 42 52 168
223 42 13 690
223 14 1 370
229 14 19 370
242 42 7 630
243 42 4 630
245 42 19 168
250 42 22 690
255 42 16 690
267 14 10 497
268 14 37 442
271 42 13 168
274 14 4 86
280 42 16 168
305 42 25 168
305 14 52 370
306 14 7 370
316 14 22 370
319 14 7 497
322 42 37 690
334 14 49 441
337 14 19 497
347 42 28 168
348 14 13 86
360 14 22 497
375 14 55 442
386 42 34 168
405 42 40 168
412 14 31 497
417 42 52 542
425 14 43 497
433 42 55 168
442 14 52 441
450 14 34 497
452 14 46 441
470 42 37 168
18 117 17 346
30 117 23 346
50 117 29 346
56 117 35 346
79 117 27 346
91 117 13 346
137 117 5 346
150 117 31 346
152 117 11 346
226 117 7 346
249 117 41 346
269 117 19 346
283 117 15 346
303 117 37 346
311 117 25 346
314 117 43 346
347 117 1 346
359 117 21 346
408 117 39 346
415 117 45 346
427 117 47 346
453 117 53 346
3 141 43 731
5 141 49 731
63 141 55 731
87 141 31 731
110 141 37 731
169 141 45 172
191 141 7 731
204 141 19 731
220 141 37 172
237 141 1 731
260 141 13 731
266 141 31 172
278 141 13 172
307 141 25 731
311 141 27 172
316 141 7 172
320 141 19 172
329 141 7 748
337 141 25 748
352 141 49 172
382 141 15 748
387 141 1 172
413 141 43 422
474 141 31 748
486 141 37 748
2 12 37 54
19 12 43 54
30 166 40 644
45 12 28 54
46 166 46 644
56 12 16 54
57 166 19 644
68 12 46 54
80 166 43 644
80 12 40 54
90 166 31 644
94 12 55 54
102 12 34 54
103 166 28 644
104 166 22 644
112 166 37 644
130 166 37 490
155 166 49 644
166 12 9 54
172 166 1 644
183 166 34 644
212 12 4 54
217 12 13 54
218 166 55 644
226 166 43 353
228 12 22 54
234 166 10 644
239 166 4 644
257 12 1 54
261 12 19 54
262 166 58 644
267 12 31 54
268 166 25 644
268 12 4 258
270 166 10 589
292 166 46 353
300 12 58 54
305 166 49 353
308 166 7 644
316 166 13 644
317 12 1 258
323 166 58 46
325 166 16 644
334 12 52 54
337 166 40 490
342 12 25 54
346 166 3 589
353 166 52 644
371 12 16 258
375 12 10 258
378 12 55 172
391 166 52 353
392 12 58 172
402 166 40 46
415 12 49 54
423 166 46 46
427 166 49 490
436 12 7 258
441 12 13 258
451 12 58 258
2 101 52 102
12 101 59 102
22 101 55 102
29 101 57 102
40 101 23 141
43 101 35 141
45 101 41 141
67 101 5 141
73 101 29 141
98 101 47 141
109 101 17 141
115 101 53 141
116 101 59 141
122 101 23 162
133 101 11 162
140 101 47 162
142 101 13 162
158 101 29 162
182 101 7 141
185 101 59 162
187 101 1 162
199 101 35 162
204 101 41 162
211 101 53 162
215 101 5 349
218 101 11 349
275 101 17 349
298 101 23 349
302 101 29 349
306 101 35 349
326 101 41 349
331 101 47 349
350 101 5 460
358 101 53 349
362 101 59 349
365 101 11 460
369 101 17 460
374 101 23 460
412 101 29 460
461 101 35 460
462 101 41 460
479 101 53 460
480 101 47 460
482 101 59 460
9 108 34 674
10 108 37 674
14 108 49 674
26 108 55 674
28 108 34 263
35 108 52 674
40 108 43 674
42 108 58 674
47 108 40 674
52 108 49 721
57 108 27 674
67 108 46 674
79 108 52 721
80 108 55 721
108 108 58 721
136 108 31 674
149 108 19 263
183 108 46 263
193 108 27 263
233 108 1 263
235 108 4 263
248 108 22 263
251 108 37 263
254 108 31 263
265 108 16 263
291 108 49 263
299 108 40 263
306 108 10 263
308 108 10 451
320 108 7 263
340 108 31 451
355 108 7 451
357 108 43 263
366 108 13 263
375 108 28 451
395 108 55 263
410 108 13 451
425 108 52 263
465 108 16 451
473 108 34 451
1 112 29 396
13 37 17 703
19 37 29 703
23 37 41 703
27 37 23 703
32 112 25 396
39 37 43 703
44 37 45 703
45 112 23 396
53 37 7 703
54 37 31 703
64 112 35 396
69 37 35 703
77 112 5 396
81 112 11 396
95 37 5 703
97 112 1 396
102 112 17 396
109 37 13 703
110 112 31 396
111 37 49 703
118 37 1 703
120 37 19 703
138 112 7 396
144 37 11 703
149 112 40 396
159 112 43 396
164 37 25 703
165 112 13 396
172 37 33 703
186 112 19 396
189 112 27 396
194 37 37 703
196 112 49 396
197 112 21 396
220 37 47 703
223 37 27 703
235 112 33 396
236 112 9 396
252 37 9 703
253 37 21 703
269 112 45 396
271 112 53 396
296 37 53 703
300 37 39 703
300 112 37 396
301 112 15 396
306 37 15 703
320 112 47 396
322 37 3 703
332 112 1 534
350 112 7 534
352 37 5 588
363 37 57 703
365 37 55 703
367 37 59 703
374 37 11 588
375 37 17 588
386 112 51 396
391 112 3 396
397 37 23 588
404 37 41 588
414 37 29 588
417 112 5 534
420 37 53 588
424 112 58 396
444 112 9 534
453 112 11 534
459 112 29 534
468 112 13 534
477 112 55 396
478 37 47 588
487 112 3 534
1 123 49 708
2 123 40 708
7 123 55 708
47 123 37 708
68 123 16 708
82 123 7 708
106 123 31 708
117 123 43 708
120 123 21 708
132 123 37 215
151 123 34 708
155 123 52 708
168 123 10 708
188 123 46 708
198 123 1 708
202 123 25 708
217 123 55 215
237 123 58 708
239 123 28 708
252 123 34 215
264 123 13 708
315 123 1 444
344 123 58 215
391 123 43 215
396 123 28 215
402 123 46 215
418 123 4 708
419 123 49 215
446 123 52 215
449 123 40 215
467 123 19 444
468 123 7 444
470 123 13 444
8 4 39 323
20 173 17 633
25 173 29 633
57 4 22 323
57 173 35 633
66 173 11 633
69 173 41 633
71 4 35 323
75 4 17 323
76 4 25 323
84 4 5 323
86 4 11 323
86 173 47 633
87 173 51 633
96 173 23 633
99 4 13 323
101 173 5 633
106 4 37 323
110 173 53 633
116 173 11 722
120 173 59 633
125 173 17 722
135 4 1 323
141 4 15 323
153 173 49 633
158 173 55 633
159 173 57 633
166 173 29 722
178 4 29 323
207 173 23 722
211 4 31 323
212 4 7 323
215 4 43 323
216 173 35 722
250 4 19 323
256 173 41 722
257 4 27 323
265 173 1 722
266 173 43 722
268 173 53 722
272 173 59 722
276 173 11 713
278 4 45 323
282 4 53 323
286 173 9 713
287 173 4 713
290 173 13 713
292 4 41 323
297 4 3 323
301 4 47 323
302 4 55 323
303 173 7 713
305 4 57 323
313 173 1 713
315 173 17 713
327 4 59 323
344 4 33 323
350 173 15 713
355 4 5 511
390 4 51 323
396 4 13 511
397 173 21 713
403 4 9 323
406 173 19 713
408 4 1 511
437 173 23 713
444 4 7 511
450 173 29 713
459 173 35 713
470 4 11 511
476 173 25 713
477 173 27 713
482 4 9 511
488 173 31 713
497 4 17 511
18 115 43 534
33 115 49 534
37 115 55 534
43 115 49 230
46 115 55 230
47 115 49 421
64 115 55 421
78 115 49 599
81 115 55 599
133 115 55 655
141 115 43 230
148 115 49 655
153 115 43 421
186 115 55 61
187 115 15 534
194 115 43 599
211 115 33 534
225 115 19 534
236 115 43 655
306 115 19 230
343 115 37 534
354 115 25 534
367 115 31 230
368 115 15 230
369 115 1 230
374 115 1 655
395 115 31 421
398 115 7 421
444 115 25 230
455 115 25 421
476 115 43 61
484 115 13 655
486 115 25 655
488 115 37 230
9 192 49 572
32 192 37 572
44 192 28 572
50 192 43 572
77 192 46 572
91 192 31 572
103 192 52 572
113 192 16 572
169 192 10 572
170 192 31 596
200 192 40 572
202 192 34 572
220 192 4 572
225 192 7 572
253 192 4 596
273 192 13 572
275 192 19 572
289 192 1 572
295 192 22 572
324 192 34 596
326 192 25 572
332 192 37 596
335 192 1 596
373 192 9 596
381 192 55 572
409 192 40 596
423 192 25 596
447 192 40 116
451 192 1 116
468 192 15 596
475 192 19 596
481 192 58 572
498 192 4 116
14 114 58 4
50 114 53 521
52 95 1 300
55 114 47 521
56 114 58 521
68 114 29 244
70 95 5 300
76 95 35 300
77 95 11 300
84 95 17 300
97 95 13 300
99 114 5 244
100 114 11 244
107 114 17 244
112 95 19 300
118 114 35 244
126 114 41 244
129 95 31 300
139 114 23 244
153 114 47 244
157 95 23 300
162 95 40 300
166 114 53 244
193 114 59 244
194 114 22 258
195 95 15 300
200 95 37 300
201 114 25 258
207 114 29 258
208 114 19 258
209 95 29 300
210 114 31 258
211 114 43 258
222 114 35 258
228 114 40 258
233 95 21 300
244 114 37 258
251 95 33 300
262 114 45 258
270 95 47 300
271 95 7 300
272 114 47 258
272 95 43 300
285 114 5 11
289 114 7 11
294 114 33 258
297 114 51 258
300 114 1 11
301 114 27 258
310 114 53 258
311 114 49 258
322 114 11 11
341 95 45 300
356 114 13 11
364 114 9 11
382 95 25 300
409 95 3 300
410 95 49 300
418 114 19 11
428 114 28 11
433 95 58 300
442 114 55 258
444 95 53 300
446 95 9 300
451 95 5 148
453 114 15 11
454 114 17 11
454 95 27 300
469 95 11 148
473 114 31 11
474 114 23 11
476 114 3 11
478 114 41 11
480 95 17 148
484 114 34 11
5 190 40 233
10 18 40 366
21 188 46 641
22 188 37 641
24 190 46 233
29 188 49 641
32 190 43 233
38 190 55 233
41 190 49 233
60 18 49 366
67 190 58 233
72 18 52 366
84 18 49 383
89 18 37 366
94 190 37 233
96 190 34 233
103 18 55 366
104 188 40 641
105 18 43 366
108 18 34 366
123 18 7 366
124 18 52 383
128 188 37 667
136 190 55 332
142 18 28 366
144 188 43 641
145 188 34 641
147 188 40 667
148 18 4 366
156 190 22 233
158 190 25 233
169 190 52 233
172 190 40 693
173 190 13 233
174 188 58 641
177 190 1 233
178 190 43 693
179 190 4 233
184 18 31 366
184 190 58 332
186 190 37 693
191 188 52 641
200 18 51 391
209 18 31 383
210 190 4 693
214 190 34 693
216 18 13 366
217 18 10 366
222 188 1 591
224 188 55 641
226 190 55 693
233 18 25 366
233 190 28 233
238 18 22 366
249 18 10 383
255 18 19 366
267 18 46 366
269 188 31 667
273 188 43 667
276 188 58 667
284 190 10 233
284 188 52 667
285 188 34 667
288 190 49 693
289 190 10 57
292 190 19 233
293 18 16 366
295 18 7 383
297 188 55 667
298 18 19 383
300 188 10 591
303 190 16 233
304 190 31 233
319 18 4 383
319 190 19 693
333 18 58 366
334 188 4 591
337 190 22 693
342 190 7 233
344 188 16 591
345 188 21 591
355 18 22 383
360 190 9 693
365 18 1 366
366 18 25 383
368 18 28 383
379 18 40 383
390 188 46 667
394 188 49 667
401 18 1 383
403 18 13 383
406 188 13 591
423 188 28 591
424 18 9 391
427 188 7 591
429 188 25 591
439 18 58 383
439 190 1 693
443 18 16 383
443 190 46 693
444 18 37 383
445 18 34 383
445 188 31 591
454 190 13 693
457 18 43 383
461 188 37 591
463 188 34 591
463 190 31 693
466 18 1 391
466 190 21 298
467 18 46 383
468 190 25 693
475 188 40 591
480 18 19 391
481 18 55 383
483 188 49 591
488 190 16 693
490 190 52 693
492 18 4 391
493 188 1 117
494 190 28 693
500 188 19 117
Điểm tối ưu: 6619
Thời gian: 0.845708 giây
Trạng thái: GREEDY_DONE
