1317
1 1 1 16
1 29 7 59
2 1 7 16
2 68 1 88
2 29 13 59
3 26 1 43
4 68 7 88
5 26 7 43
5 32 13 43
5 68 19 88
6 1 13 16
6 26 19 43
7 32 25 43
8 68 13 88
11 32 31 43
11 26 37 43
13 68 25 88
14 1 19 16
15 32 43 43
17 68 31 88
17 26 49 43
17 29 1 59
18 26 55 43
19 68 37 88
20 1 25 16
23 1 31 16
23 68 43 88
23 29 19 59
26 68 49 88
26 1 37 16
28 1 43 16
28 68 55 88
29 1 49 16
30 1 55 16
32 29 25 59
38 29 31 59
44 29 37 59
48 29 43 59
50 29 49 59
52 29 55 59
1 40 13 12
6 28 1 93
7 28 4 93
9 40 1 12
9 61 4 69
10 40 4 12
11 40 7 12
11 61 1 69
12 40 10 12
13 40 16 12
13 28 7 93
14 61 7 69
15 40 19 12
15 61 10 69
19 40 22 12
20 40 31 12
21 61 13 69
22 28 10 93
22 40 25 12
24 40 28 12
24 61 16 69
27 61 19 69
29 28 13 93
30 40 34 12
31 40 37 12
31 61 22 69
32 28 16 93
33 28 19 93
34 28 22 93
37 28 25 93
38 61 25 69
39 61 28 69
40 28 28 93
41 40 40 12
41 28 31 93
46 61 31 69
46 28 34 93
47 40 43 12
47 28 37 93
51 61 34 69
52 40 46 12
52 61 37 69
53 40 49 12
53 28 40 93
54 40 52 12
56 61 40 69
57 61 43 69
58 40 55 12
58 61 46 69
59 40 58 12
66 61 49 69
70 28 43 93
72 61 52 69
73 28 46 93
75 28 49 93
79 28 52 93
87 28 55 93
89 28 58 93
89 61 55 69
92 61 58 69
9 15 7 71
10 15 1 71
14 15 3 71
15 71 1 9
19 71 3 9
20 15 5 71
22 15 13 71
38 15 9 71
41 71 5 9
44 71 7 9
44 15 11 71
45 71 9 9
47 71 11 9
49 15 15 71
49 71 13 9
50 71 15 9
56 71 17 9
57 71 19 9
57 15 17 71
58 15 19 71
62 71 21 9
66 71 23 9
66 15 21 71
68 71 25 9
70 15 23 71
71 71 27 9
74 71 29 9
76 15 25 71
77 71 31 9
81 71 33 9
82 71 35 9
83 15 27 71
84 71 37 9
85 15 29 71
85 71 39 9
89 71 41 9
93 15 31 71
1 34 19 21
1 45 25 19
1 54 31 20
3 34 7 21
3 54 13 20
4 34 1 21
4 45 13 19
4 54 19 20
5 5 1 35
6 5 7 35
7 5 13 35
8 5 19 35
8 45 1 19
10 34 13 21
10 70 7 62
10 53 19 14
11 70 13 62
11 53 25 14
12 70 1 62
13 34 31 21
15 54 3 20
16 34 25 21
16 53 1 14
16 54 7 20
17 34 37 21
17 70 19 62
18 34 43 21
18 45 7 19
19 34 49 21
19 53 7 14
20 3 13 14
20 5 37 35
20 53 43 14
20 54 49 20
21 3 31 14
21 54 25 20
22 5 31 35
23 5 25 35
23 45 37 19
23 54 55 20
24 34 55 21
25 2 1 50
25 3 37 14
26 2 7 50
26 3 55 14
27 5 43 35
27 70 25 62
27 53 49 14
28 53 1 97
29 3 1 99
29 70 31 62
31 2 13 50
31 45 31 19
31 53 7 97
32 34 1 25
32 70 37 62
33 2 25 50
33 53 13 97
34 34 7 25
34 5 49 35
35 3 7 99
35 53 19 97
37 3 13 99
37 53 31 97
38 34 13 25
39 2 19 50
39 3 31 99
39 54 37 20
40 5 55 35
40 45 19 19
41 2 43 50
41 3 19 99
41 45 49 19
42 5 1 47
42 70 43 62
43 34 19 25
43 45 43 19
43 54 1 77
45 3 25 99
45 53 37 97
46 2 37 50
47 3 49 99
47 45 55 19
48 5 7 47
49 34 25 25
49 45 1 41
49 70 49 62
51 45 7 41
52 34 31 25
52 45 13 41
52 53 25 97
53 34 43 25
53 3 55 99
53 70 1 74
54 70 55 62
54 45 19 41
54 54 43 20
55 5 13 47
55 70 7 74
55 53 43 97
57 70 13 74
58 2 31 50
58 70 21 74
60 34 37 25
60 3 43 99
60 70 25 74
61 34 49 25
61 2 55 50
61 5 19 47
62 2 49 50
62 3 37 99
62 70 31 74
62 45 25 41
63 34 55 25
63 70 37 74
63 2 33 71
63 45 43 41
64 2 37 71
65 53 49 97
65 54 7 77
66 53 55 97
66 54 13 77
67 2 43 71
67 70 49 74
68 2 49 71
68 5 27 47
68 70 43 74
68 54 19 77
69 5 31 47
69 54 25 77
70 2 55 71
70 5 37 47
71 54 31 77
73 70 55 74
73 45 31 41
73 54 37 77
74 54 43 77
75 5 43 47
75 54 55 77
76 45 37 41
76 54 49 77
77 45 49 41
82 45 55 41
84 5 49 47
91 5 55 47
1 18 16 7
1 56 37 90
2 9 19 10
2 43 22 73
2 16 25 3
2 30 28 30
3 16 19 3
4 43 25 73
4 52 28 51
4 30 31 30
5 43 28 73
5 52 25 51
5 56 31 90
6 37 4 10
6 43 31 73
7 37 1 10
7 56 7 90
8 16 7 3
8 52 10 51
8 30 25 30
9 52 13 51
9 56 10 90
10 43 34 73
11 9 10 10
11 43 4 73
11 18 19 7
12 37 7 10
12 9 13 10
12 43 16 73
12 30 19 30
13 43 1 73
13 52 4 51
13 56 13 90
13 30 10 30
14 9 16 10
15 37 22 10
15 43 7 73
15 18 13 7
16 9 31 10
16 30 13 30
17 30 7 30
18 37 25 10
18 16 1 3
18 30 4 30
19 43 13 73
20 56 1 90
21 9 37 10
21 52 1 51
23 16 4 3
24 52 7 51
25 56 16 90
25 37 28 10
25 9 34 10
25 52 19 51
26 37 43 10
26 43 19 73
26 52 16 51
27 9 40 10
27 52 22 51
27 30 1 30
28 37 49 10
28 18 7 7
28 52 31 51
28 30 16 30
29 52 37 51
29 56 19 90
30 43 10 73
30 18 1 7
31 37 46 10
31 18 4 7
32 37 52 10
32 18 10 7
32 30 22 30
33 9 55 10
34 43 37 73
34 52 34 51
34 56 4 90
35 9 58 10
35 43 40 73
35 16 13 3
36 37 1 68
37 43 43 73
37 52 40 51
38 43 46 73
38 16 22 3
38 52 43 51
39 43 49 73
40 52 46 51
41 52 55 51
43 16 10 3
44 43 52 73
45 18 22 7
45 43 55 73
47 18 25 7
48 30 34 30
49 18 31 7
51 37 4 68
54 30 37 30
55 16 28 3
57 16 31 3
57 56 22 90
58 43 58 73
58 18 28 7
58 52 49 51
58 56 25 90
59 30 40 30
59 52 52 51
61 56 28 90
62 30 43 30
63 37 7 68
64 30 46 30
65 16 16 3
65 30 55 30
66 30 52 30
68 52 58 51
68 56 34 90
69 52 1 96
69 56 40 90
70 30 49 30
71 52 4 96
71 56 43 90
73 37 10 68
73 18 43 7
73 30 1 78
74 16 34 3
74 52 7 96
74 56 49 90
75 56 52 90
79 16 37 3
79 52 10 96
81 52 13 96
82 37 13 68
83 16 40 3
84 16 43 3
84 30 58 30
85 16 46 3
85 37 16 68
86 16 49 3
86 18 34 7
86 56 46 90
88 52 16 96
89 52 19 96
90 18 37 7
92 30 4 78
1 65 5 38
1 60 52 3
3 65 11 38
5 60 55 3
5 69 5 11
6 69 11 11
9 69 16 11
13 65 19 38
13 69 21 11
13 60 57 3
21 69 7 11
21 60 59 3
22 65 1 38
23 65 7 38
23 60 1 5
24 60 3 5
26 65 3 38
29 65 9 38
31 60 11 5
32 69 13 11
32 60 5 5
33 65 17 38
33 60 7 5
34 69 1 11
35 69 3 11
36 60 9 5
39 65 13 38
40 65 15 38
42 60 13 5
43 65 23 38
43 60 15 5
45 60 17 5
45 65 29 38
45 69 19 11
49 65 21 38
50 60 19 5
50 65 25 38
50 69 9 11
53 69 23 11
58 65 35 38
58 69 37 11
59 60 21 5
59 69 25 11
60 65 31 38
60 69 29 11
64 65 27 38
65 69 27 11
65 60 23 5
67 69 31 11
67 60 25 5
68 69 39 11
68 60 31 5
69 65 37 38
70 69 33 11
72 69 35 11
73 60 27 5
74 60 37 5
75 69 41 11
76 65 33 38
76 60 29 5
78 60 33 5
80 65 39 38
84 65 41 38
84 60 35 5
85 60 41 5
88 65 43 38
88 60 39 5
90 69 43 11
90 65 45 38
91 60 43 5
91 69 45 11
92 65 47 38
93 65 49 38
93 69 47 11
3 46 25 33
3 27 31 94
4 31 37 55
5 4 49 11
7 46 19 33
7 51 31 63
8 46 31 33
8 31 43 55
9 51 19 63
10 46 37 33
10 49 25 56
11 46 43 33
11 49 49 56
12 4 55 11
12 49 31 56
14 46 49 33
14 49 37 56
15 46 55 33
15 51 25 63
16 51 37 63
16 31 19 55
17 49 13 56
17 51 43 63
18 51 13 63
19 31 25 55
20 4 7 32
22 51 3 63
23 51 9 63
25 27 7 94
26 4 25 32
27 27 13 94
27 46 7 33
29 4 43 32
29 49 55 56
29 27 25 94
30 46 13 33
30 27 19 94
31 46 49 63
31 51 55 63
32 51 31 72
32 31 55 55
33 4 1 32
33 49 9 56
33 31 31 55
34 31 13 55
35 4 31 32
35 49 43 56
35 31 49 55
36 4 13 32
37 46 1 33
37 49 19 56
37 31 7 55
39 4 55 32
39 51 1 72
40 51 7 72
40 27 1 94
42 27 37 94
42 31 7 81
43 49 25 87
43 27 49 94
43 31 31 81
44 4 19 32
44 51 13 72
44 27 43 94
45 4 49 32
45 49 1 56
46 51 19 72
48 49 1 87
48 31 13 81
49 27 55 94
49 31 37 81
49 51 43 72
50 4 37 32
50 49 21 87
50 51 27 72
51 49 13 87
51 51 37 72
51 31 19 81
52 27 1 106
53 27 7 106
54 27 13 106
56 49 7 87
56 51 49 72
56 27 19 106
56 31 1 55
57 49 37 87
57 51 55 72
59 27 27 106
60 31 1 81
61 49 31 87
64 31 49 81
65 27 31 106
69 31 43 81
73 49 49 87
74 49 55 87
74 31 25 81
76 31 55 81
78 49 43 87
86 27 37 106
93 27 43 106
1 33 40 42
3 19 22 103
4 20 34 6
5 33 34 42
5 44 37 23
6 33 25 42
6 44 28 23
7 44 10 23
7 20 37 6
8 33 28 42
9 20 25 6
10 33 31 42
14 20 10 6
16 19 16 103
18 33 19 42
19 44 16 23
20 20 19 6
21 19 4 103
23 44 13 23
23 19 49 103
24 44 19 23
25 19 13 103
25 20 22 6
28 44 22 23
28 19 10 103
29 19 40 103
30 44 4 23
33 44 40 23
34 20 28 6
35 33 16 42
39 19 7 103
40 33 37 42
41 20 1 6
42 33 22 42
42 19 19 103
43 20 7 6
45 33 13 42
45 44 31 23
46 33 1 42
47 19 1 103
48 33 49 42
48 44 25 23
50 19 31 103
50 20 4 6
51 20 31 6
52 20 40 6
53 33 52 42
53 20 13 6
54 20 49 6
55 20 52 6
56 44 34 23
58 33 4 42
59 20 16 6
60 19 34 103
61 20 43 6
65 33 43 42
65 19 37 103
65 20 46 6
67 19 27 103
70 20 1 28
70 19 46 103
71 33 7 42
71 44 1 23
71 20 55 6
72 19 43 103
73 33 4 85
74 44 52 23
74 20 4 28
75 20 7 28
77 20 58 6
78 19 52 103
78 20 10 28
79 33 46 42
80 44 7 23
81 33 10 42
81 44 43 23
85 20 13 28
85 44 49 23
88 33 55 42
89 44 46 23
89 20 16 28
90 44 55 23
91 20 19 28
91 33 1 85
93 20 22 28
1 38 11 24
3 38 5 24
4 48 5 67
5 38 17 24
5 64 11 25
6 38 23 24
7 64 17 25
7 24 45 5
8 38 35 24
9 35 28 24
9 42 23 39
9 48 31 67
9 64 35 25
10 35 41 24
11 38 47 24
11 48 17 67
12 64 5 25
12 42 25 39
13 24 47 5
14 35 1 24
14 24 53 5
15 64 29 25
15 35 31 24
15 38 33 24
16 64 23 25
16 24 49 5
17 42 5 39
18 24 51 5
19 35 19 24
20 64 41 25
20 35 53 24
22 24 55 5
22 35 7 24
22 64 47 25
23 38 59 24
24 24 59 5
25 64 53 25
25 38 25 24
25 24 57 5
26 64 59 25
27 64 5 43
28 35 13 24
29 38 5 35
29 24 53 38
31 38 43 24
31 48 1 67
32 35 45 24
32 48 7 67
33 64 23 43
34 42 11 39
35 24 55 38
36 24 51 38
36 38 21 24
37 48 11 67
38 35 3 24
38 24 57 38
40 24 59 38
41 38 9 24
43 64 17 43
43 35 37 24
44 42 1 39
44 48 3 67
45 38 11 35
45 64 35 43
47 35 15 24
47 42 7 39
48 35 39 24
49 38 17 35
50 64 11 43
51 38 49 24
53 38 29 35
53 48 19 67
54 42 3 39
54 48 9 67
54 24 25 103
55 42 17 39
56 35 55 24
56 24 57 103
57 48 25 67
57 24 59 103
58 38 41 35
60 35 51 24
60 48 13 67
62 38 57 24
63 64 29 43
63 35 19 68
64 48 15 67
67 42 9 39
67 24 55 103
68 42 13 39
70 35 21 68
71 64 41 43
71 42 15 39
72 38 23 35
72 42 19 39
74 64 47 43
74 42 21 39
75 64 59 43
78 42 27 39
78 64 5 56
79 48 21 67
84 35 23 68
86 38 53 35
86 48 23 67
88 64 53 43
88 38 35 35
89 35 25 68
89 38 7 78
90 64 7 56
90 42 29 39
91 48 27 67
92 64 17 56
92 35 27 68
93 38 59 35
93 42 33 39
2 11 31 83
3 11 37 83
3 55 43 1
4 55 49 1
6 11 43 83
6 14 37 28
7 14 49 28
7 55 55 1
8 14 55 28
9 12 37 2
9 14 43 28
10 12 43 2
11 14 55 75
12 12 27 2
12 14 37 75
13 12 49 2
13 14 43 75
14 12 31 2
14 14 25 28
16 11 51 83
17 14 25 75
19 47 31 34
21 14 9 75
21 47 19 34
22 12 15 2
22 47 37 34
25 12 43 85
27 55 31 1
28 11 25 83
28 14 37 79
30 12 25 85
36 14 31 28
37 12 55 2
38 55 37 1
39 12 15 85
39 47 43 34
40 12 31 85
40 47 49 34
41 47 13 34
42 11 15 83
42 14 31 75
43 11 55 83
43 12 39 85
44 12 55 85
46 47 7 34
47 11 19 83
47 47 31 46
48 14 19 75
50 14 43 79
51 47 25 34
52 11 7 83
52 12 19 2
54 47 27 46
55 11 1 83
57 55 1 1
60 14 15 75
60 55 7 1
62 14 1 75
62 55 13 1
64 14 1 79
64 55 19 1
65 12 1 2
66 14 7 79
69 14 49 75
72 14 13 79
75 47 1 34
77 14 19 79
77 47 1 46
78 12 19 85
79 47 55 34
80 12 49 85
80 47 13 46
80 55 25 1
81 14 25 79
83 14 31 79
83 47 7 46
84 47 19 46
87 12 7 2
87 14 49 79
87 47 37 46
88 47 45 46
89 47 49 46
90 12 9 85
91 47 9 78
92 47 13 78
2 10 40 7
4 58 43 67
6 58 34 67
7 10 40 61
12 10 46 7
16 58 46 67
18 58 37 67
19 10 55 7
20 10 58 7
24 10 49 7
24 58 40 67
25 58 49 67
33 58 52 67
36 10 4 61
41 10 25 61
42 10 52 7
44 10 28 61
50 10 1 61
54 58 31 95
55 58 55 67
59 10 7 61
61 10 10 61
63 10 13 61
64 10 31 61
67 10 16 61
76 58 1 95
77 10 34 61
78 58 58 67
79 10 43 61
81 10 19 61
81 58 4 95
83 58 13 95
88 10 22 61
89 10 37 61
91 58 16 95
2 23 5 2
2 62 11 8
4 50 11 15
4 23 23 2
4 62 17 8
5 36 23 15
5 62 40 8
7 23 35 2
8 50 5 15
8 62 23 8
9 23 41 2
9 62 33 8
10 36 17 15
10 23 11 2
12 50 35 15
14 23 13 2
16 36 29 15
16 50 41 15
17 23 47 2
18 36 31 15
18 23 53 2
19 50 1 15
19 23 59 2
21 62 29 8
22 50 19 15
24 23 25 2
24 50 13 15
26 50 33 15
26 23 1 8
27 36 37 15
28 23 5 8
29 62 7 8
30 62 31 8
32 62 19 8
34 36 25 15
34 62 43 8
35 50 27 15
36 50 7 15
36 62 25 8
37 36 46 15
38 50 49 15
39 23 35 8
40 23 13 8
41 23 37 8
42 36 55 15
43 50 53 15
45 62 45 8
46 50 15 15
46 23 27 8
47 36 9 15
48 50 57 15
48 23 47 8
49 23 9 8
49 36 59 15
49 62 53 8
52 36 43 15
52 50 51 15
53 23 21 8
54 23 59 8
55 50 21 15
56 50 5 16
56 62 15 8
58 36 39 15
59 23 3 8
59 62 49 8
60 36 5 26
61 62 5 75
62 62 55 8
63 36 3 15
63 62 51 8
64 50 11 16
64 62 57 8
65 23 5 58
65 62 13 75
66 50 17 16
66 23 1 58
67 50 23 16
68 62 7 75
69 23 7 58
69 62 23 75
71 23 10 58
73 23 13 58
75 36 10 26
76 36 7 26
77 23 15 58
78 62 29 75
79 36 1 26
79 50 29 16
80 50 35 16
80 23 3 58
81 36 16 26
81 50 41 16
81 23 22 58
82 23 17 58
82 62 41 75
83 23 19 58
86 23 25 58
87 36 3 26
88 36 13 26
89 23 27 58
90 50 47 16
91 36 22 26
91 62 35 75
92 62 53 75
93 50 53 16
1 66 43 91
2 66 49 91
2 25 43 13
4 66 55 91
14 25 55 13
15 25 37 13
16 25 55 95
21 25 49 13
22 66 21 91
24 66 31 91
30 66 37 91
36 66 27 91
37 25 49 95
46 25 43 95
55 25 31 13
57 25 7 13
58 66 7 91
66 66 3 91
70 25 13 13
73 66 15 91
76 25 19 13
77 25 25 13
80 25 19 95
86 25 1 13
91 25 37 95
92 25 7 95
1 67 23 1
1 59 58 23
2 67 17 1
3 67 29 1
4 59 41 44
6 67 41 1
9 59 47 44
9 67 53 1
12 67 59 1
13 67 35 1
13 59 23 44
15 59 16 44
21 59 35 44
22 59 28 44
22 67 35 53
23 67 47 1
24 59 1 44
26 67 5 1
27 67 11 1
27 59 53 44
28 67 47 35
31 67 17 53
37 59 5 44
38 67 1 53
44 67 5 53
47 59 13 44
50 59 7 44
50 67 13 53
51 67 11 53
52 67 23 53
54 59 11 44
55 59 19 44
57 67 27 53
59 59 31 44
59 67 19 53
64 59 9 44
67 59 3 44
69 67 9 53
70 59 25 44
76 59 43 44
77 59 37 44
79 67 3 53
82 67 7 53
83 67 21 53
85 67 25 53
86 67 15 53
87 59 21 44
88 59 33 44
89 59 1 60
90 67 31 53
93 59 39 44
1 7 29 21
1 21 35 13
3 39 47 9
3 21 17 13
4 22 46 18
5 13 47 21
6 21 47 13
7 22 23 18
8 7 17 21
8 13 41 21
9 22 49 18
9 39 51 9
10 39 49 9
10 7 23 21
10 13 53 21
11 39 53 9
12 7 23 50
13 39 55 9
14 39 43 9
15 13 35 21
17 13 11 21
18 13 59 21
18 22 11 18
19 7 5 21
19 13 11 34
20 22 17 18
21 39 45 9
21 22 40 18
22 7 41 50
23 7 17 50
23 21 23 13
24 21 5 13
24 22 35 18
25 7 5 50
25 13 41 34
26 7 11 50
26 22 13 18
27 13 17 34
27 21 29 13
28 13 29 34
30 7 29 50
30 13 23 34
31 7 35 50
31 21 41 13
32 7 47 50
33 7 59 50
34 7 53 50
34 21 59 13
34 22 19 18
35 21 11 13
36 13 35 34
36 21 53 13
36 22 37 18
38 7 7 63
38 22 5 18
39 21 25 26
39 22 52 18
40 13 5 34
41 39 58 9
41 13 47 34
42 13 59 34
44 22 9 18
45 7 41 63
46 7 17 63
47 7 23 63
47 13 53 34
48 7 29 63
48 39 31 26
48 22 55 18
49 22 7 18
49 39 19 26
50 13 17 82
52 7 35 63
52 21 29 26
54 21 34 26
54 22 1 18
56 13 11 82
57 22 29 18
59 21 37 26
59 39 43 26
60 21 41 26
61 22 3 18
63 7 1 63
67 7 47 63
69 39 47 26
69 13 4 82
71 21 39 26
72 7 59 63
72 21 27 26
74 39 59 26
74 22 15 18
75 13 13 82
75 22 21 18
76 21 45 26
76 22 27 18
77 39 53 26
77 21 55 26
77 22 43 18
78 7 17 77
78 13 1 82
78 39 49 26
79 7 5 77
79 39 7 27
80 39 57 26
82 39 51 26
82 22 25 18
83 39 1 27
83 7 53 63
84 39 3 27
85 7 11 77
85 13 7 82
85 21 1 57
86 13 9 82
87 22 31 18
88 39 5 27
90 39 13 27
91 13 25 82
91 21 4 57
91 39 29 27
92 22 33 18
93 22 57 18
2 41 37 29
5 41 43 29
6 41 49 29
8 8 52 29
9 41 55 29
11 17 22 78
12 17 43 78
14 8 46 29
15 8 49 70
16 41 34 29
17 8 58 29
17 17 55 78
19 8 43 70
19 17 46 78
24 8 10 29
24 41 22 29
26 17 22 86
29 8 16 29
32 17 49 78
33 41 37 49
33 17 43 86
36 8 40 29
36 17 58 78
36 41 43 49
40 8 25 29
41 41 28 29
42 17 25 78
46 41 4 29
46 17 52 78
49 41 34 49
50 17 34 78
50 41 55 49
51 17 1 86
55 8 25 70
55 41 40 49
56 17 28 78
58 8 1 29
59 17 10 86
60 8 19 29
60 17 55 86
61 17 37 78
63 41 10 49
65 8 19 70
66 41 31 29
66 17 40 78
67 8 13 29
68 41 1 49
68 8 4 70
70 8 7 29
71 8 22 70
71 41 19 49
72 8 1 70
77 8 7 70
77 17 39 86
78 17 7 86
79 8 13 70
81 41 7 49
82 41 4 49
85 17 19 78
86 17 31 78
87 8 16 70
1 63 49 61
2 63 55 61
3 63 52 61
5 63 58 61
10 63 55 76
15 63 52 76
16 63 43 76
18 63 22 76
20 63 34 76
21 63 16 76
22 63 49 76
24 63 46 61
25 63 31 76
30 63 7 76
36 63 46 76
39 63 10 76
40 63 40 76
45 63 58 76
46 63 49 89
53 63 25 76
55 63 37 76
57 63 34 89
59 63 13 76
61 63 7 89
64 63 43 89
69 63 19 76
75 63 28 76
76 63 4 76
77 63 10 89
78 63 13 89
81 63 1 76
82 63 1 89
91 63 31 89
Điểm tối ưu: 1317
Thời gian: 0.666645 giây
Trạng thái: GREEDY_DONE
