2572
6 9 1 50
6 58 4 54
8 5 1 65
8 58 7 54
9 58 1 54
10 9 4 50
10 58 10 54
11 58 13 54
13 5 4 65
18 5 7 65
21 5 10 65
22 9 7 50
24 58 16 54
27 9 10 50
33 9 13 50
37 9 16 50
40 58 19 54
41 58 22 54
42 58 25 54
44 58 28 54
46 5 13 65
47 9 19 50
48 9 22 50
51 58 31 54
59 9 25 50
60 5 16 65
62 9 28 50
65 58 34 54
66 9 31 50
70 58 37 54
74 5 19 65
78 5 22 65
84 9 34 50
84 58 40 54
91 58 43 54
100 5 25 65
101 5 28 65
101 58 46 54
102 5 31 65
103 58 49 54
104 58 52 54
105 5 34 65
113 5 37 65
114 9 37 50
117 9 40 50
118 58 55 54
120 58 58 54
120 9 43 50
123 9 46 50
124 5 40 65
125 5 43 65
125 9 49 50
127 9 52 50
129 5 46 65
132 5 49 65
132 9 55 50
134 9 58 50
145 5 52 65
152 5 55 65
156 5 58 65
13 82 1 66
27 82 4 66
30 82 7 66
34 82 10 66
45 82 13 66
49 82 16 66
58 82 19 66
84 82 22 66
89 82 25 66
93 82 28 66
95 82 31 66
104 82 34 66
107 82 37 66
115 82 40 66
116 82 43 66
123 82 49 66
130 82 46 66
133 82 52 66
135 82 55 66
139 82 58 66
145 82 1 79
149 82 4 79
151 82 7 79
154 82 10 79
1 104 1 11
4 42 1 22
4 78 4 53
5 42 4 22
6 78 7 53
7 42 7 22
7 78 1 53
8 78 10 53
9 78 13 53
10 42 13 22
10 59 1 34
10 104 7 11
11 78 16 53
13 104 10 11
13 78 19 53
16 42 10 22
16 59 4 34
21 104 4 11
21 78 22 53
22 42 16 22
24 104 13 11
25 104 16 11
26 42 19 22
28 42 22 22
29 78 25 53
29 104 19 11
31 42 25 22
34 78 28 53
35 42 28 22
36 78 31 53
38 78 34 53
38 104 22 11
39 59 7 34
39 78 37 53
43 59 10 34
44 78 40 53
45 78 43 53
46 78 46 53
46 104 25 11
49 42 31 22
50 104 28 11
50 59 13 34
52 78 49 53
53 78 52 53
54 59 16 34
55 59 19 34
56 42 34 22
60 78 55 53
60 104 31 11
62 78 58 53
63 59 22 34
64 59 25 34
65 78 1 95
68 104 34 11
72 59 28 34
73 42 37 22
73 78 4 95
74 42 40 22
75 78 7 95
75 59 31 34
76 78 10 95
76 59 34 34
77 104 37 11
79 42 43 22
80 42 46 22
81 104 40 11
81 78 13 95
85 78 16 95
86 59 37 34
88 78 19 95
90 42 49 22
90 59 40 34
92 42 52 22
95 78 22 95
96 59 43 34
98 104 43 11
102 78 25 95
103 78 28 95
104 42 55 22
107 59 46 34
108 104 46 11
115 42 58 22
115 78 31 95
115 104 49 11
119 78 34 95
121 42 1 81
122 104 52 11
125 59 52 34
127 104 55 11
128 59 49 34
129 78 37 95
132 104 58 11
134 42 4 81
138 104 1 121
140 104 4 121
142 104 7 121
145 42 7 81
145 78 40 95
148 59 55 34
149 78 43 95
150 59 58 34
154 104 13 121
155 78 46 95
8 2 4 51
12 26 1 75
15 2 1 51
15 26 3 75
17 2 7 51
17 26 5 75
18 26 10 75
30 26 13 75
32 26 7 75
36 2 9 51
37 26 19 75
40 26 15 75
41 26 17 75
42 26 21 75
43 2 13 51
47 2 11 51
47 26 23 75
49 2 19 51
50 26 25 75
56 2 15 51
61 2 17 51
64 2 21 51
75 2 23 51
76 2 25 51
77 26 27 75
79 26 29 75
80 2 27 51
82 2 29 51
89 26 31 75
90 26 33 75
91 26 35 75
92 26 37 75
95 26 39 75
96 2 31 51
97 2 33 51
99 26 41 75
105 2 37 51
107 2 35 51
109 2 39 51
110 2 41 51
112 2 43 51
114 2 45 51
117 26 43 75
118 26 45 75
123 26 52 75
136 2 47 51
144 2 49 51
149 2 51 51
153 2 53 51
156 2 55 51
2 45 1 47
4 45 7 47
5 4 7 52
5 101 13 61
7 4 13 52
7 17 19 19
7 22 25 23
8 4 19 52
8 45 13 47
8 22 31 23
9 17 7 19
10 4 25 52
10 17 31 19
11 22 1 23
12 22 7 23
12 45 19 47
14 17 1 19
15 101 7 61
16 45 25 47
17 45 31 47
18 4 1 52
21 101 25 61
21 45 37 47
24 101 1 61
25 17 25 19
26 17 13 19
27 45 43 47
27 22 13 23
31 45 49 47
31 22 19 23
32 4 31 52
32 101 19 61
33 4 37 52
34 4 43 52
34 45 55 47
34 22 37 23
35 4 49 52
36 45 1 77
39 17 43 19
40 101 31 61
41 4 55 52
41 45 7 77
42 4 1 63
43 45 15 77
44 101 43 61
45 4 7 63
45 17 37 19
45 22 49 23
46 22 55 23
47 101 37 61
47 45 25 77
47 22 43 23
49 17 49 19
49 22 1 26
51 45 19 77
52 101 55 61
53 17 55 19
54 22 7 26
56 4 19 63
58 101 49 61
59 4 13 63
61 17 1 44
62 17 7 44
62 101 1 62
64 17 13 44
64 101 7 62
66 101 13 62
67 4 25 63
68 101 19 62
68 17 25 44
69 45 31 77
70 45 43 77
71 4 31 63
72 45 37 77
76 101 27 62
76 45 49 77
77 101 31 62
78 4 37 63
78 45 55 77
78 17 31 44
79 4 49 63
80 45 1 80
83 22 13 26
84 4 43 63
85 17 19 44
85 22 25 26
89 45 7 80
92 101 39 62
93 45 13 80
93 17 37 44
95 45 25 80
96 45 19 80
97 22 19 26
104 45 37 80
106 22 31 26
108 101 49 62
108 45 31 80
109 45 43 80
111 101 43 62
112 17 45 44
115 22 43 26
119 4 55 63
121 4 7 112
121 22 37 26
123 101 55 62
124 4 1 112
124 17 49 44
124 22 55 26
127 101 1 138
127 22 7 73
129 101 7 138
129 22 49 26
130 4 13 112
130 101 19 138
131 101 13 138
133 101 25 138
133 17 55 44
134 4 19 112
136 22 1 73
142 101 31 138
144 101 37 138
145 45 55 80
147 101 43 138
148 22 13 73
150 45 49 80
151 101 49 138
154 4 25 112
155 101 55 138
10 96 16 31
12 96 3 31
17 51 1 30
20 51 4 30
22 51 10 30
23 51 7 30
25 96 7 31
26 51 22 30
27 96 19 31
28 96 10 31
29 51 13 30
30 51 16 30
31 96 13 31
31 51 28 30
37 96 22 31
38 51 19 30
38 96 25 31
39 51 25 30
42 96 28 31
42 51 31 30
44 51 34 30
45 96 31 31
48 96 34 31
51 96 37 31
53 96 40 31
54 96 43 31
57 51 37 30
59 51 40 30
63 51 43 30
70 96 49 31
72 96 46 31
73 96 52 31
74 96 55 31
75 96 58 31
77 96 1 70
79 96 4 70
82 51 46 30
83 96 7 70
85 96 10 70
89 96 13 70
90 51 52 30
97 51 49 30
99 51 55 30
99 96 16 70
100 51 58 30
103 96 19 70
107 96 22 70
112 51 1 109
112 96 25 70
120 51 4 109
123 96 28 70
126 51 7 109
128 51 10 109
134 96 31 70
135 96 34 70
136 51 13 109
137 96 37 70
139 96 40 70
150 51 16 109
152 96 43 70
155 51 19 109
156 96 46 70
3 86 5 19
9 86 11 19
18 86 17 19
19 86 23 19
30 86 29 19
33 86 35 19
43 86 41 19
44 86 47 19
45 86 53 19
59 86 59 19
64 86 1 29
84 86 3 29
92 86 5 29
93 86 7 29
94 86 9 29
97 86 11 29
100 86 13 29
101 86 15 29
102 86 17 29
104 86 19 29
118 86 21 29
122 86 23 29
124 86 25 29
144 86 27 29
157 86 29 29
1 76 7 28
3 31 1 3
3 71 7 42
4 71 13 42
4 84 19 3
8 31 25 3
13 84 13 3
15 76 13 28
19 71 1 42
22 84 31 3
23 76 1 28
28 76 25 28
30 76 19 28
31 76 31 28
33 31 7 3
34 71 19 42
35 84 37 3
37 71 25 42
39 84 49 3
41 76 37 28
42 84 43 3
45 84 55 3
49 76 43 28
52 71 31 42
52 76 1 97
53 71 43 42
55 76 49 28
57 31 1 68
59 84 1 110
61 84 7 110
62 84 13 110
65 71 37 42
66 71 49 42
67 76 55 28
69 84 19 110
70 84 25 110
72 71 55 42
72 76 7 97
74 84 31 110
75 71 49 70
78 71 1 100
79 71 55 70
79 84 37 110
80 31 7 68
81 71 7 100
82 71 13 100
83 71 19 100
83 84 43 110
83 31 25 68
85 84 49 110
86 31 13 68
87 84 55 110
88 71 25 100
89 76 19 97
90 76 13 97
95 71 43 100
96 76 25 97
98 76 31 97
99 71 31 100
103 71 37 100
103 84 1 129
106 71 49 100
106 76 37 97
108 76 55 97
108 31 19 68
110 31 31 68
112 76 49 97
116 71 55 100
117 84 7 129
122 31 37 68
123 76 1 128
126 76 43 97
127 76 13 128
130 76 7 128
131 84 19 129
133 31 43 68
135 84 13 129
136 31 49 68
139 84 25 129
140 76 19 128
142 76 25 128
143 76 31 128
144 76 43 128
146 76 37 128
146 31 55 68
149 31 7 120
151 84 31 129
158 84 37 129
1 67 4 20
1 48 13 74
1 81 16 10
2 92 7 17
2 81 10 10
3 11 13 1
3 67 16 20
4 91 25 109
4 92 28 17
5 11 1 1
6 67 10 20
7 48 4 74
9 48 16 74
10 92 19 17
11 80 7 2
11 48 10 74
11 85 19 114
11 92 22 17
12 48 25 74
12 85 13 114
13 48 7 74
13 81 22 10
14 48 19 74
14 92 10 17
16 67 1 20
16 81 7 10
17 11 9 1
17 80 13 2
18 80 19 2
18 81 13 10
19 92 13 17
19 81 19 10
20 80 1 2
20 92 16 17
21 67 7 20
21 80 16 2
21 85 1 114
21 92 31 17
23 81 25 10
23 91 22 109
25 48 1 74
26 48 28 74
26 80 4 2
26 85 7 114
28 11 4 1
28 80 31 2
28 85 16 114
29 48 22 74
29 67 28 20
30 80 10 2
30 81 1 10
30 85 4 114
31 92 1 17
32 85 10 114
32 92 4 17
33 11 16 1
35 85 22 114
35 91 31 109
36 81 28 10
39 91 28 109
40 48 37 74
41 48 31 74
42 48 34 74
42 91 37 109
43 48 43 74
43 92 25 17
45 80 22 2
45 48 46 74
46 11 19 1
46 85 28 114
47 92 34 17
48 11 25 1
49 80 25 2
49 92 37 17
50 91 34 109
50 80 37 2
51 67 13 20
51 81 4 10
52 11 22 1
53 85 25 114
54 92 40 17
56 48 40 74
56 81 31 10
57 92 43 17
58 11 28 1
59 91 43 109
60 81 34 10
61 80 28 2
62 81 37 10
65 80 43 2
65 85 31 114
66 81 40 10
66 92 46 17
67 11 31 1
67 48 49 74
68 48 52 74
68 81 43 10
68 92 49 17
69 67 25 20
70 85 34 114
71 91 40 109
72 67 19 20
74 85 37 114
75 11 34 1
75 85 40 114
76 48 55 74
76 92 58 17
77 48 58 74
77 85 43 114
78 67 43 20
79 48 1 84
79 91 46 109
81 67 22 20
81 48 4 84
81 80 34 2
81 81 46 10
83 80 40 2
83 92 52 17
85 85 46 114
86 67 31 20
86 80 46 2
86 81 49 10
87 11 37 1
87 81 52 10
87 85 49 114
87 91 1 136
89 11 40 1
90 11 43 1
90 91 55 109
91 92 55 17
92 81 55 10
92 92 1 71
93 92 4 71
94 67 34 20
94 80 49 2
95 67 49 20
97 67 37 20
97 80 52 2
97 91 58 109
98 92 7 71
99 85 52 114
99 92 10 71
101 91 49 109
101 92 19 71
102 67 40 20
102 91 52 109
102 92 13 71
103 48 7 84
104 48 10 84
105 80 55 2
105 91 4 136
106 92 16 71
111 85 55 114
112 11 55 1
112 81 58 10
112 92 22 71
114 11 49 1
114 80 58 2
114 92 25 71
115 11 52 1
118 92 28 71
119 67 46 20
120 48 13 84
120 80 1 130
121 91 13 136
123 92 31 71
124 80 7 130
125 11 46 1
125 91 7 136
126 48 16 84
127 11 58 1
128 11 1 85
128 80 4 130
128 81 7 45
128 92 34 71
129 67 55 20
130 11 4 85
130 80 25 130
130 81 1 45
130 48 28 84
131 48 25 84
131 81 4 45
133 85 10 130
133 91 16 136
133 92 37 71
134 80 13 130
135 85 58 114
135 91 10 136
136 11 7 85
136 48 19 84
136 91 22 136
138 67 52 20
139 92 43 71
140 48 31 84
142 80 16 130
142 85 19 130
143 11 10 85
144 81 10 45
145 81 13 45
145 91 19 136
147 67 58 20
147 80 22 130
148 81 19 45
149 11 13 85
149 85 28 130
152 48 22 84
152 67 1 21
154 80 31 130
154 85 34 130
156 48 34 84
156 80 37 130
158 81 16 45
158 91 25 136
1 19 11 4
2 65 5 3
3 46 11 96
6 74 13 13
7 65 11 3
9 46 4 96
12 46 16 96
13 74 17 13
14 99 5 12
15 65 17 3
16 46 13 96
17 19 16 4
18 19 5 4
18 46 22 96
20 99 7 12
22 74 1 13
23 99 10 12
25 99 13 12
27 65 23 3
27 19 1 4
28 65 29 3
30 65 35 3
32 74 15 13
33 19 3 4
33 46 1 96
34 99 1 12
34 19 7 4
38 99 3 12
40 46 7 96
43 74 3 13
44 74 5 13
46 46 9 96
46 74 7 13
47 99 15 12
48 99 17 12
49 65 41 3
49 74 9 13
50 99 19 12
53 99 21 12
55 65 47 3
55 99 23 12
56 99 25 12
57 74 11 13
57 19 9 4
58 46 25 96
60 19 13 4
62 19 19 4
63 19 25 4
63 46 19 96
63 65 53 3
63 74 27 13
64 19 23 4
64 99 28 12
67 99 34 12
67 19 21 4
68 99 31 12
68 19 29 4
69 99 37 12
70 19 31 4
70 74 19 13
71 74 21 13
71 99 43 12
72 46 31 96
74 46 27 96
75 19 27 4
79 46 33 96
79 19 35 4
80 46 29 96
81 65 59 3
82 46 35 96
82 65 1 5
82 99 39 12
84 65 5 5
85 99 41 12
86 46 40 96
87 74 23 13
89 19 33 4
89 46 37 96
89 65 3 5
89 99 45 12
91 19 37 4
91 74 25 13
92 46 43 96
92 74 29 13
96 65 7 5
96 19 39 4
97 19 41 4
98 74 35 13
99 99 47 12
100 65 9 5
100 74 31 13
100 99 49 12
101 65 11 5
101 99 52 12
103 74 33 13
105 19 43 4
106 74 41 13
107 19 49 4
108 74 37 13
110 99 55 12
111 19 47 4
112 19 53 4
115 19 55 4
115 46 47 96
116 46 49 96
116 19 51 4
117 19 45 4
117 74 47 13
119 99 59 12
120 99 7 64
120 19 9 36
121 46 45 96
122 65 13 5
125 74 39 13
126 99 57 12
128 99 13 64
129 99 1 64
129 46 53 96
131 74 43 13
132 46 1 111
132 65 15 5
132 99 3 64
135 19 1 36
135 74 45 13
135 99 5 64
137 74 49 13
138 19 57 4
140 99 9 64
143 19 59 4
143 99 15 64
144 74 51 13
147 46 51 96
148 65 17 5
148 99 11 64
149 19 11 36
151 99 17 64
152 99 19 64
153 99 21 64
153 74 55 13
155 19 3 36
156 19 5 36
156 74 53 13
4 68 31 48
7 68 37 48
8 57 37 36
10 57 43 36
13 57 25 36
22 68 3 48
23 68 13 48
27 68 25 48
28 57 49 36
35 68 7 48
36 68 19 48
39 57 13 36
41 68 43 48
44 57 19 36
52 57 7 72
60 57 49 48
61 57 31 36
66 68 55 48
67 57 1 72
68 68 1 78
69 57 55 36
70 57 13 72
80 57 19 72
83 68 31 78
86 57 25 72
88 57 31 72
90 68 7 78
93 68 19 78
98 68 13 78
105 68 25 78
109 57 49 72
110 68 37 78
110 57 43 72
113 57 55 72
114 68 1 91
120 57 37 72
122 68 43 78
123 68 7 91
131 68 49 78
132 57 19 81
133 68 19 91
134 57 25 81
136 68 55 78
137 68 13 91
138 57 13 81
144 68 31 91
147 68 25 91
153 68 37 91
1 64 19 55
1 20 25 64
2 20 28 64
6 64 15 55
6 20 31 64
8 20 43 64
9 97 19 38
10 97 22 38
11 97 25 38
13 97 31 38
14 64 7 55
15 20 34 64
15 102 19 40
18 64 25 55
18 102 28 40
19 14 25 5
23 20 37 64
25 97 4 38
26 64 1 55
27 64 31 55
28 64 34 55
28 97 1 38
29 64 4 55
33 14 19 5
33 20 46 64
37 20 40 64
38 14 28 5
38 97 7 38
38 102 10 40
40 97 10 38
41 97 13 38
44 64 10 55
46 64 22 55
47 14 31 5
48 20 49 64
49 14 22 5
51 97 16 38
52 64 28 55
52 97 37 38
52 102 13 40
53 102 1 40
55 97 28 38
58 102 4 40
59 14 34 5
60 20 58 64
62 14 40 5
62 20 52 64
63 14 37 5
63 20 55 64
66 14 43 5
66 20 10 81
67 20 37 81
69 20 40 81
71 14 46 5
73 97 34 38
74 97 43 38
74 102 7 40
74 14 49 5
77 14 52 5
78 20 46 81
79 64 7 88
82 97 49 38
83 64 37 55
83 97 55 38
83 20 49 81
84 20 31 81
86 97 52 38
88 97 40 38
88 102 16 40
93 97 46 38
93 20 34 81
94 97 58 38
95 20 52 81
96 102 33 40
97 20 43 81
97 102 25 40
99 20 58 81
99 102 22 40
101 14 55 5
104 97 1 46
108 20 1 120
109 97 4 46
111 64 40 55
111 14 58 5
112 102 37 40
113 97 7 46
115 14 1 57
115 20 4 120
115 97 10 46
117 20 55 81
117 64 49 55
118 97 13 46
119 97 16 46
121 20 16 120
122 64 55 55
122 97 19 46
124 20 13 120
126 64 52 55
127 64 43 55
127 97 22 46
129 97 25 46
130 102 40 40
130 14 31 57
130 20 34 120
132 97 28 46
132 102 43 40
133 20 31 120
135 97 31 46
136 20 25 120
137 97 34 46
138 97 37 46
139 64 46 55
139 102 49 40
140 64 58 55
141 14 4 57
142 97 40 46
143 20 19 120
144 64 1 88
145 64 4 88
145 20 22 120
147 20 37 120
147 102 55 40
148 14 7 57
149 20 40 120
151 20 28 120
151 64 10 88
152 20 46 120
153 64 13 88
153 102 46 40
153 14 10 57
155 102 52 40
156 102 1 105
157 64 16 88
157 97 43 46
157 102 58 40
157 14 13 57
158 14 19 57
158 20 43 120
2 50 13 37
3 6 57 13
3 53 23 42
4 60 11 16
5 8 11 9
5 50 17 37
5 24 19 7
6 60 19 16
7 6 59 13
7 77 17 24
9 60 22 16
10 21 29 42
10 50 35 37
11 21 31 40
12 77 11 24
14 53 17 42
15 6 5 110
15 77 22 24
16 6 17 110
16 56 15 37
17 8 19 9
17 21 35 42
17 56 21 37
18 53 41 42
20 53 11 42
20 60 9 16
20 77 13 24
21 24 13 7
22 6 23 110
23 50 5 37
24 77 5 24
24 56 7 37
24 60 25 16
25 50 10 37
27 21 47 42
28 6 41 110
29 60 1 16
30 6 47 110
30 8 23 9
31 6 11 110
32 56 1 37
33 8 5 9
34 6 35 110
34 21 5 42
34 60 3 16
35 50 3 37
36 50 23 37
36 56 25 37
37 56 29 37
37 60 5 16
38 53 53 42
38 77 1 24
39 6 53 110
39 21 59 42
39 53 1 113
39 77 3 24
40 56 27 37
40 60 13 16
41 8 1 9
43 21 1 58
43 60 7 16
44 53 3 113
46 6 59 110
46 8 3 9
46 53 5 113
47 21 3 58
47 56 41 37
48 24 1 7
48 56 19 37
49 24 5 7
50 77 7 24
51 56 43 37
54 6 29 110
55 53 7 113
56 24 3 7
57 6 13 113
57 77 15 24
57 21 5 58
58 56 31 37
59 50 37 37
59 53 9 113
60 8 7 9
61 56 39 37
62 50 33 37
62 60 17 16
63 77 9 24
64 60 31 16
65 60 15 16
66 53 17 113
68 77 37 24
69 8 9 9
70 6 11 113
70 53 21 113
71 56 49 37
71 77 19 24
73 50 45 37
74 6 15 113
74 53 23 113
74 60 29 16
76 50 47 37
76 21 7 58
76 53 19 113
78 24 7 7
79 21 10 58
81 53 25 113
82 21 17 58
82 50 52 37
82 53 27 113
82 60 33 16
85 53 29 113
87 21 13 58
89 21 23 58
90 56 58 37
90 60 27 16
91 6 31 113
91 50 16 57
91 60 39 16
91 77 27 24
92 77 25 24
93 6 41 113
93 24 9 7
94 6 37 113
94 24 11 7
94 50 55 37
94 53 39 113
94 56 5 77
95 8 13 9
95 24 15 7
95 60 35 16
97 24 17 7
97 77 29 24
99 8 25 9
99 77 35 24
100 8 15 9
100 53 33 113
101 50 22 57
102 50 28 57
103 56 11 77
103 77 31 24
104 60 41 16
105 6 45 113
105 8 17 9
105 77 39 24
106 21 19 58
106 77 43 24
107 8 27 9
107 24 25 7
109 24 21 7
110 21 15 58
112 60 4 39
112 77 33 24
114 53 35 113
114 21 21 58
115 21 25 58
117 24 23 7
117 53 52 113
117 56 13 77
118 77 41 24
119 8 21 9
119 77 49 24
121 21 27 58
122 6 47 113
122 77 58 24
123 60 37 16
123 56 23 77
124 8 29 9
124 50 34 57
125 21 29 58
126 21 31 58
126 24 27 7
128 56 29 77
128 24 31 7
129 60 43 16
130 60 49 16
131 6 55 113
131 56 35 77
131 77 45 24
132 50 25 57
132 77 47 24
134 53 43 113
135 24 29 7
135 60 47 16
136 56 41 77
137 77 51 24
137 24 40 7
138 53 49 113
139 6 52 130
139 24 33 7
140 77 53 24
141 24 35 7
141 77 55 24
142 6 57 113
142 24 37 7
143 24 43 7
143 56 47 77
143 60 45 16
147 6 40 130
147 77 1 49
148 24 45 7
149 24 47 7
149 60 53 16
150 6 43 130
150 77 3 49
150 60 55 16
151 6 59 113
151 21 35 58
151 50 37 57
152 8 31 9
153 60 51 16
155 53 1 116
156 6 49 130
156 21 40 58
156 53 7 116
156 56 9 82
156 60 11 39
156 77 13 49
1 16 31 8
1 49 37 14
2 103 15 14
2 16 19 8
3 16 25 8
3 49 19 14
4 106 37 83
5 36 31 29
5 103 25 14
5 16 37 8
6 16 43 8
6 49 49 14
8 36 49 29
8 49 55 14
11 54 33 90
12 16 49 8
12 49 31 14
13 36 37 29
13 103 43 14
14 54 13 90
15 54 25 90
17 16 55 8
17 103 25 82
18 54 37 90
19 103 7 14
19 106 31 83
20 103 19 82
22 36 43 29
24 103 31 82
24 49 9 27
25 36 55 29
27 16 49 58
27 49 37 27
28 16 43 58
29 49 31 27
30 16 55 58
30 54 43 90
32 106 25 83
33 54 49 90
33 106 55 83
34 36 13 99
35 106 13 83
36 16 13 8
37 106 1 83
37 49 43 27
37 54 7 90
38 16 13 94
39 49 19 27
40 54 1 90
41 49 3 14
41 16 25 94
45 103 1 82
45 16 25 108
47 106 7 83
47 16 49 94
48 16 3 8
48 49 13 27
48 106 43 83
50 106 21 83
50 49 1 27
50 54 55 90
51 49 25 27
52 103 43 82
53 106 31 121
54 36 1 99
54 103 49 82
57 36 19 99
60 49 1 67
60 54 19 90
61 54 13 98
62 103 21 118
63 36 31 99
63 103 13 82
65 103 55 82
65 49 49 27
66 106 19 121
66 16 1 94
67 16 7 8
68 103 39 82
69 36 43 99
70 103 1 118
71 49 55 27
72 106 49 83
72 49 13 67
73 16 7 94
73 36 25 99
74 49 3 116
75 16 19 94
76 106 37 121
76 49 21 67
77 103 7 118
77 49 13 116
78 106 25 121
80 36 37 99
82 36 7 99
83 16 1 108
84 16 55 94
84 49 7 67
85 36 55 99
85 54 1 98
86 103 55 118
90 103 1 141
91 49 49 67
92 16 31 94
92 36 7 123
92 49 45 67
93 36 49 99
93 103 55 129
94 49 25 67
94 103 13 118
95 106 55 96
95 54 7 98
99 16 37 94
99 103 27 118
100 49 37 67
101 36 1 123
101 49 31 67
104 36 13 123
104 106 43 121
105 49 9 116
106 103 45 118
106 106 55 121
107 54 31 98
110 36 19 123
110 49 57 67
111 103 31 118
112 16 7 108
113 49 19 116
113 54 25 98
115 49 27 116
116 103 37 118
116 16 13 108
119 103 51 118
120 106 49 121
121 16 19 108
122 54 1 104
123 16 39 108
124 54 19 98
129 103 13 141
129 54 19 104
130 103 51 129
132 16 31 108
132 36 37 123
132 103 7 141
133 16 1 117
134 103 45 129
134 16 49 108
136 103 31 141
137 16 43 94
139 103 19 141
141 16 43 108
142 16 43 117
143 54 37 98
143 103 25 141
145 103 43 141
146 16 7 117
146 49 31 116
147 36 31 123
147 54 7 104
148 16 25 117
150 16 19 117
151 103 39 141
152 103 49 141
153 36 25 123
155 16 13 117
155 49 37 116
158 49 49 116
158 54 55 98
2 28 25 133
3 105 31 32
7 15 31 6
9 28 28 133
10 15 37 6
19 28 16 133
20 28 31 133
22 105 13 32
23 15 19 6
24 28 19 133
25 15 22 6
28 28 7 133
29 15 7 6
32 15 40 6
32 105 37 32
33 28 22 133
35 105 19 32
36 105 34 32
38 105 40 32
42 15 10 6
42 28 13 133
43 15 28 6
43 105 22 32
49 105 28 32
54 15 13 6
58 15 1 6
60 28 10 133
62 28 43 133
65 105 4 32
66 105 7 32
67 15 16 6
69 105 1 32
69 15 4 6
71 28 1 133
75 15 43 6
78 28 49 133
79 15 25 6
84 105 16 32
85 105 43 32
86 15 34 6
88 15 46 6
91 28 4 133
93 15 25 105
94 15 52 6
101 105 25 32
102 15 49 6
103 15 55 6
104 15 58 6
105 15 49 46
106 15 4 105
107 15 52 46
107 28 40 133
108 15 7 105
109 15 55 46
115 15 13 105
120 15 46 46
124 28 37 133
125 15 58 46
126 15 10 105
131 105 10 32
137 28 55 133
140 15 16 105
141 28 52 133
144 105 55 32
144 28 58 133
146 28 46 133
149 28 34 133
150 105 46 32
153 15 31 105
156 15 19 105
4 10 17 43
5 43 21 25
6 10 21 43
7 10 23 43
8 70 17 18
8 27 35 9
9 43 25 25
10 27 40 9
10 43 47 25
11 27 37 9
14 10 25 43
15 27 43 9
18 27 33 9
19 27 45 9
20 27 47 9
22 10 19 43
22 43 27 25
23 70 28 18
24 10 27 43
25 70 19 18
26 10 10 43
28 43 13 25
28 27 53 9
29 70 10 18
31 70 4 18
33 70 25 18
36 10 5 43
38 27 49 9
40 27 51 9
40 70 22 18
41 10 29 43
46 10 1 31
47 70 1 18
47 43 5 25
53 43 7 25
55 70 13 18
55 27 55 9
56 43 1 25
57 27 57 9
58 27 59 9
58 43 9 25
59 43 11 25
60 43 23 25
60 70 37 18
63 43 3 25
64 43 17 25
64 70 33 18
66 10 34 43
67 70 40 18
67 43 19 25
69 70 7 18
70 10 7 43
72 70 35 18
72 10 1 43
72 27 11 14
73 43 15 25
77 27 23 14
78 10 13 43
80 43 31 25
80 70 15 18
82 10 3 43
85 70 31 18
87 27 29 14
88 43 29 25
90 10 31 43
92 43 35 25
94 43 41 25
94 70 43 18
96 27 1 14
97 70 46 18
98 43 37 25
99 10 43 43
100 27 35 14
101 70 58 18
102 43 43 25
105 43 52 25
106 70 53 18
107 27 13 14
109 27 41 14
110 43 49 25
111 10 15 43
112 10 40 43
112 70 11 49
113 10 45 43
115 27 7 60
115 43 16 121
116 10 47 43
117 10 37 43
118 43 33 25
118 70 49 18
120 70 55 18
120 27 53 14
121 10 49 43
122 43 10 121
126 70 5 49
129 70 17 49
130 10 55 43
131 27 47 14
132 70 23 49
133 43 59 25
134 43 39 25
136 43 45 25
137 43 23 121
137 27 59 14
141 70 7 49
143 43 55 25
143 70 51 18
145 27 10 60
146 10 51 43
149 10 57 43
151 27 1 60
152 27 4 60
152 43 13 55
153 27 16 60
155 10 59 43
158 27 13 60
1 55 43 35
2 61 31 76
3 35 37 59
4 61 43 76
5 35 43 59
5 13 49 86
6 23 25 85
6 55 37 35
6 61 55 76
7 30 43 85
11 23 39 85
11 30 49 85
12 35 55 59
13 13 55 86
14 23 31 85
15 35 49 59
17 61 37 76
18 35 43 86
19 13 37 86
19 55 49 35
19 61 55 101
20 30 55 85
23 61 49 76
24 35 37 89
24 23 43 93
25 13 31 86
26 35 31 59
26 61 37 101
28 61 37 136
29 61 43 101
31 35 7 59
31 13 43 98
31 30 37 139
32 13 49 98
32 35 43 89
34 23 31 93
35 13 43 115
35 61 55 136
36 30 43 139
36 35 49 89
37 30 31 139
38 23 55 93
40 61 43 136
41 61 49 101
42 23 49 93
44 35 13 59
44 61 49 136
46 35 31 89
48 61 7 76
50 13 9 86
50 55 43 102
50 30 49 139
51 35 7 89
51 13 49 115
54 13 19 86
54 23 25 93
54 30 55 139
55 13 1 86
55 61 15 76
56 23 7 93
57 35 25 59
58 30 13 139
58 55 33 35
59 23 19 85
59 30 55 141
61 55 19 35
61 23 43 124
63 13 49 146
64 55 3 35
65 55 7 35
65 61 19 76
66 55 25 35
67 35 43 146
68 35 13 86
68 61 7 101
69 55 13 35
70 13 55 115
71 55 13 93
73 23 19 93
73 35 55 89
77 35 19 59
78 61 15 101
80 30 33 148
81 35 27 86
81 55 55 35
81 23 49 124
85 55 37 93
85 61 33 101
86 61 1 76
87 23 7 124
87 55 15 102
88 13 1 115
89 13 55 146
89 55 49 102
90 23 19 124
91 55 7 102
92 23 13 124
94 30 1 139
94 61 19 101
95 30 1 148
96 55 3 93
96 30 9 139
98 23 1 124
98 61 25 76
104 35 21 89
104 13 25 115
105 35 13 89
107 30 7 148
107 35 1 59
108 30 25 139
109 35 25 89
111 13 7 115
113 35 1 89
113 13 13 115
113 23 31 124
114 55 31 102
115 23 19 139
116 35 1 146
118 55 1 102
119 23 25 124
119 55 37 102
120 35 19 146
122 35 15 146
124 35 43 148
126 61 1 101
127 13 31 115
128 35 25 146
128 23 37 124
129 13 31 146
131 23 57 124
137 13 19 115
137 55 25 102
138 35 7 146
139 35 13 148
144 30 19 148
146 61 25 101
150 61 31 136
150 30 25 148
153 35 57 148
154 35 37 146
154 55 19 102
157 55 49 128
1 69 49 75
2 69 55 75
7 37 34 69
9 69 58 75
12 37 28 69
14 62 22 41
16 37 19 69
21 37 43 69
29 37 16 69
30 62 25 41
31 37 55 69
41 62 19 41
42 37 7 69
47 62 55 41
48 37 31 69
53 69 28 136
57 37 40 69
58 37 22 69
61 37 25 69
62 62 46 41
63 37 46 69
64 37 37 69
68 62 58 41
71 37 4 69
72 62 3 41
74 62 10 41
77 37 49 69
80 62 43 41
82 62 22 45
86 62 7 41
87 37 4 119
98 37 10 69
100 62 28 41
102 37 1 69
106 37 13 69
114 37 52 69
114 62 13 41
117 37 58 69
118 62 16 41
121 37 31 119
121 62 34 41
125 37 1 119
127 62 37 41
128 37 15 119
133 62 40 41
140 37 25 119
141 62 31 41
144 37 7 119
157 62 25 45
1 39 23 36
2 39 35 36
2 88 23 21
3 88 29 21
4 100 35 21
7 39 29 36
8 39 41 36
8 88 46 21
8 29 23 47
9 34 31 87
12 88 37 21
12 100 39 21
14 34 27 87
15 39 47 36
16 88 31 21
16 100 33 21
17 39 53 36
17 100 41 21
20 29 29 47
21 88 19 21
22 34 21 87
22 39 59 36
23 100 17 21
23 29 35 47
24 34 23 87
25 100 43 21
26 29 17 47
29 88 49 21
31 39 17 36
32 88 13 21
32 100 53 21
35 100 5 21
35 29 11 47
36 29 41 47
36 100 7 21
37 100 11 21
39 88 55 21
39 100 57 21
40 34 5 87
40 100 25 21
42 34 16 87
43 34 19 87
43 39 5 62
48 34 11 87
49 29 47 47
49 34 7 87
51 88 59 21
56 29 5 47
56 88 27 21
58 88 11 76
60 39 25 62
61 34 35 87
62 100 5 28
63 100 11 28
64 39 11 62
64 88 51 21
68 88 5 76
69 39 17 62
70 39 23 62
71 39 7 36
72 34 25 87
73 34 1 87
73 88 13 76
73 100 17 28
75 34 3 87
75 29 53 47
76 88 15 21
77 88 29 76
78 34 9 87
80 39 53 62
80 88 23 76
82 29 59 47
82 34 37 87
86 88 21 21
87 100 35 28
88 100 9 21
88 29 53 77
89 34 29 87
90 39 35 62
90 88 47 76
91 34 13 87
91 39 47 62
91 88 41 76
92 39 59 62
93 29 59 77
94 29 17 78
94 34 45 87
95 100 29 28
98 100 23 28
103 39 5 101
103 88 35 76
105 29 23 78
105 34 41 87
106 29 11 78
106 39 23 101
106 88 59 76
108 39 11 101
109 34 33 87
109 39 37 62
110 34 47 87
110 29 5 78
111 39 13 101
115 39 23 107
116 39 29 101
118 34 39 87
118 100 47 28
119 100 41 28
120 29 29 78
121 29 41 78
124 88 53 76
130 34 43 87
131 100 53 28
135 34 49 87
135 88 17 99
135 100 41 29
136 39 53 101
138 39 31 101
138 34 55 87
139 100 35 29
140 29 35 78
140 88 11 99
140 100 47 29
141 29 47 78
141 39 41 101
141 100 59 28
144 88 5 99
145 34 59 87
146 39 59 101
146 29 53 78
147 29 5 104
148 34 51 87
148 39 47 101
148 100 53 29
149 100 59 29
151 100 15 49
152 34 53 87
152 88 29 99
154 39 1 107
156 34 15 92
157 39 3 107
157 88 23 99
158 100 9 49
1 52 55 39
2 52 37 39
9 3 49 41
9 89 33 33
14 89 37 33
14 52 43 39
15 32 37 104
16 3 37 105
16 89 43 33
17 89 49 33
18 89 55 33
20 3 43 105
20 32 25 104
20 93 37 49
21 89 49 45
22 72 55 108
22 93 49 49
23 32 31 104
23 89 43 45
24 32 49 104
24 89 55 45
26 3 49 105
27 89 55 103
28 32 55 104
30 32 31 131
33 89 27 33
34 32 49 131
37 89 49 103
38 52 43 137
39 52 31 39
43 52 49 39
43 89 31 45
44 32 55 131
46 52 37 45
48 52 37 137
49 93 55 49
53 32 13 104
54 93 31 49
55 32 43 104
55 52 9 137
56 52 49 137
57 52 31 137
58 93 43 49
59 3 49 120
60 89 27 103
61 32 49 135
69 3 49 144
79 52 13 39
84 93 25 49
87 52 19 39
91 89 19 33
92 52 19 137
96 3 55 105
96 89 13 33
97 3 1 144
97 89 7 33
100 3 19 144
100 89 1 33
101 32 7 131
102 32 19 131
102 52 7 39
102 89 45 103
106 3 7 144
108 32 13 131
108 3 39 144
111 32 1 131
111 3 25 144
111 89 19 103
113 32 49 149
114 3 7 145
116 32 25 131
116 3 31 144
117 52 25 39
119 52 1 137
119 89 7 103
120 32 25 135
121 3 55 120
122 32 31 135
122 3 25 145
123 93 19 49
125 52 13 137
126 3 19 145
126 32 37 131
136 3 37 145
137 3 1 145
138 3 43 144
140 89 37 103
141 52 25 137
142 3 49 145
144 32 13 135
146 89 1 103
147 3 13 144
148 32 1 135
152 3 15 145
158 32 1 149
6 79 34 15
7 79 49 15
9 79 37 15
12 79 43 15
27 79 7 15
32 79 55 15
42 79 40 15
44 79 25 15
50 79 16 15
56 79 46 15
64 79 58 15
75 79 10 15
82 79 19 15
88 79 13 15
96 79 52 15
111 79 49 57
112 79 28 15
118 79 52 57
120 79 31 15
122 79 49 60
123 79 43 57
124 79 31 60
141 79 1 15
147 79 19 60
149 79 22 15
154 79 4 15
158 79 28 45
1 98 29 27
1 40 35 61
2 98 41 27
3 25 35 44
3 83 59 51
5 41 53 7
7 25 41 44
8 25 29 44
9 41 55 7
9 98 47 27
10 25 53 44
10 41 49 7
11 7 53 32
14 25 59 44
16 41 51 7
17 41 59 7
18 41 35 102
18 98 53 27
19 7 59 32
20 25 23 44
20 98 35 27
21 98 59 27
21 40 57 25
22 40 29 61
22 41 41 102
22 98 53 95
23 7 41 33
23 83 57 51
24 41 29 102
25 7 49 32
25 25 29 56
25 41 47 102
26 40 41 61
26 83 35 67
29 83 41 67
30 7 51 32
30 25 37 56
30 83 53 67
31 41 23 102
31 83 35 116
31 25 41 56
32 41 58 102
32 83 17 67
33 7 11 33
33 25 43 44
34 25 17 44
35 25 1 56
36 40 11 61
37 40 47 61
38 25 5 44
38 41 17 108
39 98 5 27
40 41 57 7
40 83 29 67
41 41 11 102
41 25 34 56
43 25 39 56
43 40 53 61
45 40 5 61
45 7 17 33
48 7 47 33
48 25 52 56
50 98 59 95
50 25 5 56
51 25 11 44
52 83 5 67
53 7 5 33
54 40 23 61
54 25 11 56
55 7 25 33
55 83 41 116
56 25 13 56
56 98 17 27
59 40 17 61
60 41 5 102
60 83 43 67
61 98 23 27
61 41 53 102
62 41 55 102
63 25 7 1
64 41 35 108
64 98 49 95
65 98 23 64
65 7 53 33
66 41 5 108
67 25 23 56
70 25 9 56
70 83 17 116
71 41 11 108
71 98 51 95
73 41 23 108
73 83 11 67
78 40 59 61
79 41 53 108
80 7 59 33
80 41 13 102
80 98 57 87
82 41 25 116
82 83 55 67
85 98 7 27
87 40 11 93
87 41 47 108
87 98 40 115
89 7 35 45
89 40 1 93
89 41 59 108
89 83 43 116
93 98 11 115
93 40 17 93
93 7 23 33
95 98 5 115
95 7 41 45
95 25 17 56
96 98 17 115
96 40 23 93
98 7 47 45
98 41 29 108
100 98 55 95
102 41 37 108
103 7 53 45
105 41 47 116
107 25 15 56
108 7 59 45
110 7 11 129
110 83 23 116
113 40 29 93
113 41 53 116
115 41 34 119
117 25 3 56
117 40 35 93
122 7 5 129
123 25 25 56
124 83 59 116
125 40 41 93
126 41 55 116
127 98 29 115
127 83 19 67
128 25 19 56
129 7 23 129
129 25 58 56
130 83 57 116
131 25 7 56
131 98 23 115
132 40 53 93
134 25 55 56
140 7 29 129
140 25 43 56
141 25 21 56
141 98 57 95
142 40 47 93
142 25 5 94
143 40 5 118
146 25 49 56
147 25 47 56
147 40 11 118
147 41 29 119
148 7 31 33
148 98 35 115
149 83 17 129
151 25 45 56
151 83 43 129
152 98 37 115
154 83 45 116
155 83 35 129
155 25 27 56
157 25 31 56
158 40 59 93
3 73 43 106
4 73 57 16
5 33 55 106
10 73 55 123
13 33 49 106
15 33 55 142
17 33 43 142
18 73 49 123
26 73 43 123
29 73 37 106
51 73 45 131
53 33 9 106
55 73 31 106
57 33 49 142
65 33 25 106
71 33 25 142
75 73 13 106
76 33 1 106
87 33 31 142
98 33 19 106
101 33 37 142
103 33 13 142
109 33 7 142
138 33 19 142
142 33 1 142
2 63 46 57
3 38 49 140
4 63 49 71
7 63 55 57
14 63 52 71
15 38 31 140
16 38 22 140
21 38 34 140
21 63 46 71
42 38 55 140
47 63 58 57
49 38 13 140
52 38 16 140
56 63 55 71
57 38 46 140
60 38 39 140
63 38 58 140
64 38 43 140
73 63 40 57
84 38 19 140
98 38 52 140
103 38 25 140
113 38 10 140
118 63 58 71
121 38 4 140
129 38 28 140
131 38 1 140
135 38 7 140
138 63 40 71
2 75 53 41
4 95 23 52
11 87 5 59
12 75 47 58
12 87 23 59
13 12 29 48
16 12 35 48
17 87 29 59
18 12 47 48
19 12 11 48
20 75 53 58
20 95 41 52
25 75 37 58
27 95 17 52
29 87 35 59
31 95 47 52
35 95 35 52
36 87 17 59
40 12 17 48
40 95 53 52
41 87 41 59
43 87 47 59
44 75 1 41
48 75 59 58
48 87 29 63
49 12 53 48
51 12 1 48
51 95 29 52
52 12 41 48
54 12 59 48
56 87 11 59
58 12 37 84
58 95 7 82
59 12 23 48
64 95 47 82
65 87 59 59
69 12 11 52
70 12 5 52
71 87 53 59
72 12 59 52
73 75 29 107
75 75 5 107
79 87 17 63
80 95 5 82
82 75 11 107
83 75 17 107
83 95 11 82
86 75 19 107
88 12 43 84
88 95 23 82
89 75 47 107
90 12 23 105
90 87 5 63
90 95 17 82
92 75 27 107
92 95 49 84
94 95 29 82
97 75 13 107
99 12 45 84
100 75 7 107
100 95 53 82
102 95 35 82
103 95 59 82
104 95 47 84
106 12 28 105
106 95 21 107
107 87 11 63
108 95 53 84
109 75 15 107
110 75 9 107
116 12 41 84
116 75 35 107
116 95 59 84
118 87 23 63
119 12 31 107
121 12 51 84
121 75 25 107
121 87 47 63
122 75 41 107
124 75 5 126
125 75 33 58
126 87 35 63
128 12 55 84
134 75 37 107
135 95 37 82
138 75 33 107
139 87 1 132
140 87 41 63
142 75 53 107
143 12 57 84
144 12 35 105
145 87 16 132
147 87 53 63
150 75 39 107
150 95 10 119
151 12 47 105
153 87 3 132
156 12 43 107
156 87 22 132
157 12 39 84
158 95 22 119
25 1 51 91
36 1 55 91
43 1 55 137
58 1 55 145
103 1 43 91
128 1 43 145
158 1 31 145
9 94 40 127
11 18 28 60
14 18 55 60
16 18 58 60
27 18 34 60
28 18 19 143
29 18 52 60
37 18 37 60
38 94 31 127
39 18 40 60
42 94 58 127
44 94 7 127
51 94 34 127
52 94 19 127
53 94 37 127
59 94 28 127
65 94 46 127
67 18 13 143
72 18 22 60
74 18 46 60
75 94 55 127
76 94 43 127
77 94 4 127
78 18 52 143
79 18 22 143
81 94 1 127
84 18 37 143
84 94 13 127
87 18 25 60
96 94 49 127
97 18 55 143
99 18 1 143
101 18 43 60
103 94 22 127
106 18 25 143
107 18 43 143
109 18 58 143
114 18 16 143
116 94 10 127
117 18 31 143
125 18 4 143
125 94 25 127
127 18 40 143
134 18 7 143
134 94 16 127
137 18 10 143
157 18 34 143
1 47 41 134
12 90 35 89
13 90 41 89
15 90 11 89
16 90 29 89
24 47 35 134
26 47 25 134
29 47 47 134
35 47 17 134
36 47 37 134
37 47 13 134
38 47 51 134
42 90 5 89
46 90 17 89
53 47 19 134
53 90 47 89
55 90 53 89
58 47 39 134
61 47 5 134
61 90 59 89
62 90 49 107
65 90 41 105
69 47 23 134
73 47 31 134
80 47 11 134
80 90 51 107
81 90 19 89
82 47 43 134
82 90 57 107
83 47 29 134
86 90 59 105
89 47 53 134
91 90 53 105
97 47 15 134
99 47 7 134
100 47 45 134
108 47 5 135
109 47 1 134
109 90 11 146
112 90 13 146
114 90 55 107
116 90 5 146
118 47 9 134
120 90 23 146
121 90 59 107
123 90 35 146
126 47 33 134
131 90 29 146
142 47 55 134
143 90 41 146
146 47 21 134
150 47 7 135
152 47 27 134
154 90 47 146
156 47 17 135
3 44 41 79
7 44 47 79
12 44 53 79
17 44 23 79
25 44 35 79
29 44 55 79
33 44 31 79
35 44 25 79
38 44 37 79
39 44 17 79
40 44 49 79
41 44 59 79
46 44 43 79
49 44 11 91
50 44 41 91
51 44 57 79
54 44 5 91
57 44 29 79
61 44 47 91
62 44 35 91
73 44 49 91
76 44 13 79
81 44 17 91
87 44 45 79
90 44 29 91
99 44 19 79
117 44 15 79
126 44 23 91
127 44 27 79
130 44 59 91
132 44 35 121
137 44 29 121
143 44 53 121
144 44 41 121
155 44 33 79
Điểm tối ưu: 2572
Thời gian: 0.841955 giây
Trạng thái: GREEDY_DONE
