213
1 1 1 11
1 2 7 21
1 6 13 13
1 9 19 14
1 12 25 12
2 1 7 11
2 2 1 21
2 6 19 13
2 9 13 14
2 12 31 12
3 1 13 11
3 6 1 13
3 9 7 14
3 12 19 12
4 1 19 11
4 2 13 21
4 6 7 13
4 9 1 14
4 12 37 12
5 1 25 11
5 2 19 21
5 6 31 13
5 9 37 14
5 12 1 12
6 1 31 11
6 2 25 21
6 6 37 13
6 9 43 14
6 12 7 12
7 1 37 11
7 2 31 21
7 6 25 13
7 9 49 14
7 12 13 12
8 2 37 21
8 6 43 13
8 9 25 14
8 12 49 12
9 1 43 11
9 2 49 21
9 6 55 13
9 9 31 14
10 1 49 11
10 2 43 21
10 9 55 14
11 1 55 11
11 6 49 13
11 12 43 12
12 2 55 21
13 12 55 12
1 5 5 12
2 5 11 12
3 5 17 12
4 5 23 12
5 5 29 12
6 5 35 12
7 5 41 12
8 5 47 12
9 5 53 12
10 5 59 12
1 13 31 9
1 17 37 7
2 13 25 9
2 17 43 7
3 13 37 9
3 17 25 7
4 13 43 9
5 13 7 9
5 17 13 7
6 13 1 9
7 13 19 9
7 17 1 7
8 13 13 9
8 17 7 7
9 17 19 7
10 17 31 7
12 13 49 9
13 17 49 7
14 13 55 9
15 17 55 7
1 3 43 16
1 7 46 17
2 3 37 16
2 7 40 17
3 3 31 16
3 7 34 17
4 3 25 16
4 7 28 17
5 3 46 16
5 7 43 17
6 3 13 16
6 7 16 17
7 3 7 16
7 7 10 17
8 3 1 16
8 7 4 17
9 3 4 16
9 7 1 17
10 3 10 16
10 7 7 17
11 3 16 16
11 7 13 17
12 3 19 16
12 7 22 17
13 3 22 16
13 7 19 17
14 3 28 16
14 7 25 17
15 3 34 16
15 7 31 17
16 3 40 16
16 7 37 17
17 3 49 16
17 7 52 17
18 3 52 16
18 7 49 17
19 3 55 16
19 7 58 17
20 3 58 16
20 7 55 17
1 8 11 4
2 8 5 4
3 8 23 4
4 8 17 4
5 8 35 4
6 8 19 4
7 8 29 4
8 8 21 4
9 8 7 4
10 8 1 4
11 8 3 4
12 8 9 4
13 8 13 4
14 8 15 4
15 8 25 4
16 8 27 4
17 8 31 4
18 8 33 4
19 8 37 4
20 8 39 4
1 10 49 1
1 15 52 3
1 16 55 5
2 10 52 1
2 15 49 3
2 16 58 5
3 10 43 1
3 15 46 3
3 16 49 5
4 10 31 1
4 15 34 3
4 16 52 5
5 15 55 3
5 16 49 20
6 10 21 1
6 15 58 3
6 16 52 20
7 10 46 1
7 15 43 3
8 10 34 1
8 15 31 3
8 16 55 20
9 15 9 3
9 16 13 5
10 10 3 1
10 15 13 3
10 16 16 5
11 10 7 1
11 15 19 3
11 16 10 5
12 10 13 1
12 15 1 3
12 16 4 5
13 10 10 1
13 15 4 3
13 16 1 5
14 10 37 1
14 15 22 3
14 16 7 5
15 10 16 1
15 15 27 3
15 16 19 5
16 10 55 1
16 15 16 3
16 16 22 5
17 10 25 1
17 15 37 3
17 16 28 5
18 10 28 1
18 15 40 3
19 10 40 1
19 15 1 15
19 16 25 5
20 10 31 5
20 15 4 15
20 16 34 5
1 4 17 7
3 4 5 7
4 4 11 7
5 4 23 7
6 4 29 7
7 4 35 7
8 4 41 7
9 4 47 7
10 4 53 7
13 4 59 7
14 4 5 14
15 4 11 14
16 4 29 14
17 4 17 14
18 4 23 14
19 4 35 14
20 4 41 14
Điểm tối ưu: 213
Thời gian: 0.014966 giây
Trạng thái: GREEDY_DONE
