1390
1 24 1 86
2 24 7 86
3 24 13 86
11 24 19 86
15 24 25 86
16 24 31 86
17 24 37 86
18 24 43 86
21 24 49 86
22 24 55 86
2 1 1 1
6 1 4 1
7 2 1 104
7 11 4 118
8 1 7 1
8 2 4 104
8 11 1 118
9 1 10 1
9 11 7 118
10 1 13 1
11 1 16 1
13 11 10 118
14 11 13 118
16 2 7 104
18 2 10 104
18 11 16 118
19 11 19 118
20 1 19 1
21 1 22 1
21 2 13 104
22 11 22 118
23 1 25 1
23 2 16 104
23 11 28 118
24 2 19 104
24 1 28 1
25 1 31 1
26 2 22 104
27 11 25 118
28 1 34 1
28 2 25 104
29 2 28 104
30 2 31 104
32 1 37 1
32 2 34 104
34 1 40 1
34 2 37 104
35 2 40 104
35 1 43 1
35 11 31 118
36 2 43 104
36 11 34 118
38 2 46 104
39 2 49 104
41 2 52 104
42 1 46 1
42 2 55 104
44 1 49 1
44 2 58 104
47 1 52 1
49 11 37 118
50 1 55 1
51 1 58 1
53 11 40 118
55 11 43 118
57 11 46 118
58 11 49 118
59 11 52 118
63 11 55 118
65 11 58 118
1 13 5 84
4 34 1 142
4 12 3 148
5 34 3 142
5 12 1 148
6 12 7 148
7 13 7 84
8 34 10 142
8 13 13 84
9 12 5 148
10 34 5 142
10 13 1 84
11 34 7 142
11 13 3 84
12 34 13 142
14 12 9 148
17 34 15 142
19 34 17 142
19 12 11 148
19 13 9 84
21 13 11 84
23 34 19 142
24 34 22 142
26 12 13 148
27 12 15 148
27 13 17 84
29 34 25 142
29 12 17 148
29 13 15 84
30 34 27 142
30 13 19 84
31 34 29 142
31 12 19 148
32 12 21 148
33 34 31 142
33 12 23 148
34 34 33 142
35 34 35 142
35 13 21 84
36 12 25 148
37 34 37 142
37 12 27 148
39 12 29 148
39 13 23 84
40 12 31 148
40 13 25 84
42 12 33 148
43 34 39 142
43 12 35 148
44 13 27 84
46 13 29 84
49 12 40 148
49 13 31 84
51 13 33 84
52 34 41 142
54 12 37 148
55 34 46 142
55 12 49 148
55 13 35 84
57 13 37 84
58 13 39 84
59 12 43 148
59 13 41 84
60 12 45 148
61 34 43 142
61 12 47 148
61 13 45 84
64 34 49 142
64 12 51 148
65 12 53 148
65 13 43 84
66 34 51 142
66 13 47 84
67 12 55 148
68 34 53 142
70 12 57 148
70 13 49 84
71 12 59 148
74 13 51 84
75 13 53 84
77 34 55 142
78 34 57 142
81 13 55 84
85 34 59 142
85 13 57 84
87 13 59 84
2 40 4 80
3 40 1 80
7 40 9 80
10 40 16 80
13 40 13 80
22 40 19 80
23 40 22 80
29 40 31 80
32 40 25 80
36 40 28 80
38 40 34 80
41 40 37 80
42 40 40 80
43 40 43 80
44 40 46 80
47 40 49 80
50 40 52 80
51 40 55 80
52 40 58 80
55 40 1 97
56 40 4 97
58 40 7 97
60 40 10 97
63 40 13 97
66 40 16 97
67 40 19 97
75 40 22 97
77 40 25 97
78 40 28 97
79 40 31 97
81 40 34 97
82 40 37 97
83 40 40 97
85 40 43 97
86 40 46 97
88 40 49 97
89 40 52 97
93 40 55 97
94 40 58 97
95 40 1 91
96 40 4 91
97 40 7 91
98 40 10 91
100 40 13 91
1 35 7 46
1 38 9 103
1 28 11 88
2 35 11 46
5 38 5 103
5 28 7 88
6 38 1 103
7 38 13 103
7 28 15 88
9 38 3 103
11 28 1 88
12 38 7 103
12 28 3 88
13 35 1 46
13 38 16 103
14 38 11 103
15 38 19 103
16 28 5 88
17 38 21 103
18 28 13 88
19 35 3 46
19 38 23 103
19 28 25 88
21 35 5 46
21 38 25 103
22 35 9 46
23 35 13 46
23 38 31 103
24 28 9 88
25 35 15 46
27 38 28 103
28 35 17 46
29 28 19 88
30 38 34 103
31 28 17 88
32 38 40 103
32 28 23 88
34 38 43 103
35 35 19 46
35 38 37 103
36 35 21 46
37 38 45 103
37 28 21 88
38 35 23 46
39 35 25 46
40 35 27 46
41 35 29 46
41 28 27 88
44 35 31 46
44 28 29 88
45 38 47 103
46 28 31 88
47 38 55 103
48 28 33 88
49 35 33 46
50 35 35 46
51 28 35 88
52 35 37 46
52 38 49 103
52 28 39 88
53 28 37 88
54 28 41 88
55 35 39 46
57 35 41 46
57 38 51 103
58 35 43 46
59 38 57 103
59 28 45 88
60 38 53 103
60 28 43 88
61 35 49 46
63 35 45 46
65 35 47 46
65 28 49 88
66 38 59 103
67 38 1 26
69 38 3 26
69 28 47 88
70 35 51 46
70 28 53 88
71 28 51 88
72 35 53 46
74 28 55 88
75 35 55 46
75 38 5 26
76 38 7 26
77 35 57 46
77 38 9 26
78 28 59 88
79 28 57 88
80 35 59 46
80 28 1 143
81 28 3 143
84 38 11 26
85 28 5 143
86 38 13 26
87 35 1 98
87 38 15 26
88 38 17 26
90 35 3 98
91 35 5 98
93 35 7 98
94 35 9 98
94 38 19 26
97 28 10 143
99 38 21 26
100 35 11 98
100 38 23 26
1 18 13 105
6 18 9 105
8 18 15 105
14 18 1 105
15 18 3 105
18 18 5 105
22 18 7 105
23 18 11 105
25 18 17 105
28 18 19 105
31 18 21 105
33 18 25 105
36 18 23 105
38 18 27 105
39 18 31 105
42 18 29 105
43 18 33 105
51 18 37 105
60 18 35 105
61 18 39 105
63 18 41 105
66 18 43 105
68 18 45 105
69 18 49 105
71 18 47 105
74 18 53 105
75 18 51 105
76 18 55 105
78 18 1 114
80 18 57 105
81 18 59 105
84 18 3 114
87 18 5 114
92 18 7 114
94 18 11 114
97 18 13 114
98 18 15 114
2 4 13 67
3 4 4 67
4 4 7 67
4 6 10 72
5 4 10 67
5 21 13 66
6 4 16 67
6 6 13 72
7 4 19 67
7 21 22 66
9 6 16 72
10 6 7 72
11 4 25 67
11 6 28 72
11 21 9 66
12 4 22 67
12 21 16 66
14 4 28 67
14 21 3 66
15 21 31 66
16 4 1 67
16 21 19 66
17 4 31 67
18 4 34 67
18 6 1 72
19 4 37 67
19 6 31 72
20 4 40 67
20 6 4 72
21 4 43 67
21 21 27 66
24 4 46 67
24 21 34 66
25 4 49 67
25 21 37 66
27 21 40 66
28 6 21 72
28 21 43 66
29 4 52 67
29 6 34 72
29 21 46 66
30 4 55 67
31 6 25 72
32 21 49 66
33 6 37 72
33 4 58 67
33 21 52 66
34 6 45 72
34 21 55 66
35 6 49 72
35 21 58 66
36 21 1 37
37 6 40 72
38 4 1 94
39 4 4 94
39 21 7 37
43 4 7 94
43 21 4 37
44 21 10 37
45 6 52 72
46 4 10 94
46 21 13 37
48 4 13 94
48 6 55 72
50 4 16 94
50 6 58 72
51 6 1 131
52 4 19 94
52 21 16 37
53 4 22 94
54 4 25 94
55 4 28 94
55 6 4 131
56 4 31 94
56 21 19 37
57 6 7 131
59 6 10 131
60 4 37 94
60 6 13 131
61 4 34 94
61 21 22 37
62 4 40 94
62 6 16 131
65 21 25 37
66 6 19 131
67 4 43 94
68 21 28 37
69 4 51 94
70 4 46 94
71 21 31 37
72 4 55 94
73 21 34 37
74 21 37 37
75 6 25 131
76 4 58 94
77 6 22 131
79 6 28 131
80 4 3 102
81 4 7 102
82 6 31 131
84 4 13 102
84 6 34 131
85 4 10 102
85 21 40 37
87 4 19 102
88 6 37 131
90 4 16 102
90 6 40 131
91 4 22 102
91 21 43 37
92 6 43 131
93 21 46 37
94 6 46 131
95 6 49 131
96 4 25 102
96 21 49 37
97 6 52 131
99 4 28 102
99 21 52 37
1 3 17 114
1 26 15 23
2 26 17 23
2 29 19 137
3 37 7 58
3 20 9 141
3 29 11 137
4 37 5 58
4 16 13 136
4 29 15 137
5 20 16 141
6 20 11 141
6 26 19 23
6 29 21 137
7 20 25 141
8 37 17 58
9 16 1 136
9 26 13 23
10 37 3 58
10 29 23 137
11 16 5 136
11 20 13 141
12 3 9 114
12 37 1 58
12 26 5 23
13 37 19 58
13 16 3 136
13 26 7 23
15 3 21 114
15 20 1 141
15 29 5 137
16 3 23 114
16 26 10 23
17 16 7 136
17 20 3 141
17 26 1 23
18 20 7 141
18 26 21 23
20 16 9 136
20 26 23 23
20 29 1 137
21 3 19 114
21 20 31 141
21 26 3 23
21 29 7 137
22 3 25 114
22 37 11 58
22 26 27 23
22 29 3 137
23 3 33 114
23 20 5 141
24 3 31 114
24 37 13 58
24 29 17 137
25 3 27 114
25 37 9 58
25 29 13 137
26 3 29 114
26 16 11 136
27 3 35 114
27 16 19 136
28 16 15 136
28 20 28 141
28 26 31 23
28 29 9 137
29 37 21 58
30 37 15 58
31 3 37 114
31 37 23 58
31 20 33 141
32 3 43 114
32 29 28 137
33 16 17 136
33 26 29 23
33 29 33 137
34 37 25 58
34 16 21 136
35 37 27 58
35 20 23 141
36 37 31 58
36 26 37 23
37 3 47 114
37 16 23 136
38 37 29 58
38 16 25 136
38 26 39 23
39 3 39 114
40 3 41 114
40 37 33 58
40 26 35 23
41 16 31 136
41 29 25 137
42 3 49 114
42 29 31 137
43 26 25 23
44 37 35 58
44 26 33 23
45 26 41 23
45 29 35 137
46 3 45 114
47 3 57 114
47 37 37 58
47 16 27 136
47 20 19 141
47 26 43 23
48 16 29 136
48 20 21 141
49 37 43 58
49 3 51 114
49 16 35 136
49 20 45 141
50 3 1 19
50 20 37 141
50 26 45 23
52 3 53 114
52 29 43 137
53 3 55 114
53 37 45 58
53 16 33 136
54 37 39 58
54 20 35 141
54 26 47 23
54 29 45 137
55 29 37 137
56 3 59 114
57 16 39 136
57 29 49 137
58 20 41 141
58 26 52 23
59 37 47 58
59 26 49 23
59 29 39 137
60 26 55 23
61 16 37 136
61 20 51 141
61 26 57 23
62 16 43 136
62 26 59 23
63 3 3 19
63 37 49 58
63 20 39 141
63 29 47 137
65 29 41 137
66 20 49 141
66 26 1 133
67 20 47 141
68 16 41 136
68 26 3 133
68 29 51 137
69 3 5 19
69 37 41 58
69 20 43 141
69 29 55 137
70 16 55 136
71 3 7 19
71 26 5 133
72 3 9 19
72 16 45 136
72 20 58 141
73 16 47 136
73 20 53 141
73 26 7 133
74 16 49 136
74 26 9 133
74 29 57 137
75 37 57 58
75 16 59 136
75 29 1 101
76 3 11 19
76 20 1 147
76 29 53 137
77 37 51 58
78 37 53 58
78 26 11 133
79 37 55 58
79 16 51 136
79 29 59 137
80 37 7 81
80 16 53 136
80 20 55 141
81 16 57 136
82 37 59 58
82 29 3 101
83 37 1 81
83 20 3 147
83 26 13 133
84 26 16 133
84 29 5 101
85 20 7 147
85 29 13 101
86 16 1 22
86 20 5 147
87 37 3 81
87 26 22 133
88 3 13 19
88 16 3 22
88 29 7 101
89 3 15 19
89 16 5 22
89 20 9 147
89 26 19 133
89 29 11 101
90 37 5 81
90 3 19 19
90 20 11 147
91 20 13 147
93 3 17 19
93 29 9 101
94 16 7 22
94 20 15 147
94 29 17 101
95 16 9 22
95 20 17 147
96 37 9 81
96 29 15 101
97 26 25 133
98 16 13 22
99 16 11 22
99 20 19 147
99 29 23 101
100 37 16 81
100 16 19 22
100 26 27 133
1 14 19 120
1 15 22 21
2 14 22 120
2 25 25 16
2 30 28 10
3 14 25 120
3 15 19 21
5 15 25 21
5 30 19 10
6 30 25 10
7 25 28 16
7 30 31 10
8 15 28 21
8 25 19 16
8 30 22 10
9 15 31 21
10 15 10 21
12 30 34 10
13 14 28 120
13 25 22 16
13 30 37 10
14 30 16 10
15 15 7 21
16 14 13 120
17 14 9 120
18 14 31 120
18 30 40 10
19 30 13 10
20 15 13 21
20 25 16 16
20 30 43 10
21 25 33 16
22 14 16 120
22 25 13 16
23 15 1 21
24 30 1 10
25 15 4 21
25 25 1 16
26 15 16 21
27 30 4 10
28 30 46 10
29 30 7 10
30 14 1 120
30 15 37 21
30 30 10 10
32 14 4 120
32 25 7 16
32 30 52 10
34 14 49 120
34 25 4 16
34 30 58 10
36 15 40 21
36 25 10 16
37 15 34 21
38 15 43 21
38 25 49 16
39 14 34 120
40 25 37 16
40 30 49 10
41 15 46 21
41 30 55 10
42 15 51 21
42 30 1 8
43 15 55 21
44 30 4 8
45 14 37 120
45 25 43 16
45 30 7 8
46 15 58 21
47 25 40 16
47 30 10 8
48 14 40 120
48 25 46 16
49 30 13 8
50 25 3 60
51 25 52 16
52 14 45 120
52 15 1 68
53 14 52 120
53 25 57 16
53 30 16 8
54 14 55 120
54 15 4 68
54 25 7 60
54 30 19 8
55 14 58 120
56 15 7 68
57 15 10 68
57 25 13 60
57 30 22 8
58 14 1 18
58 25 10 60
58 30 25 8
59 14 4 18
59 25 16 60
60 15 16 68
60 25 19 60
61 14 7 18
62 15 13 68
62 25 22 60
62 30 28 8
63 15 19 68
64 14 10 18
64 15 22 68
64 30 31 8
65 15 28 68
67 25 25 60
68 15 25 68
69 14 13 18
69 25 28 60
70 14 16 18
70 15 31 68
70 30 34 8
71 14 19 18
72 15 34 68
72 30 37 8
73 30 40 8
75 30 43 8
76 14 22 18
76 15 37 68
77 14 28 18
77 25 31 60
77 30 46 8
78 25 34 60
79 25 37 60
80 15 40 68
81 15 43 68
81 25 40 60
82 15 46 68
82 25 43 60
82 30 49 8
83 30 52 8
84 14 25 18
85 15 49 68
86 14 31 18
86 15 52 68
86 25 49 60
87 15 55 68
88 15 58 68
88 30 55 8
89 30 58 8
90 25 46 60
92 15 1 56
92 30 4 82
93 15 4 56
94 14 34 18
94 15 21 56
94 30 1 82
95 14 37 18
95 30 13 82
96 15 28 56
96 30 19 82
97 15 15 56
98 30 7 82
99 30 16 82
100 30 31 82
3 10 31 41
4 10 19 41
5 10 37 41
8 10 43 41
9 10 25 41
11 10 49 41
13 10 55 41
15 10 13 41
17 10 25 90
18 10 49 90
20 10 31 90
21 10 37 90
26 10 1 41
34 10 7 41
35 10 1 90
38 10 7 90
40 10 13 90
41 10 19 90
44 10 13 89
45 10 55 90
46 10 1 89
48 10 7 89
49 10 19 89
56 10 43 90
59 10 25 89
60 10 31 89
63 10 51 89
65 10 37 89
66 10 55 89
67 10 3 144
68 10 7 144
72 10 13 144
74 10 43 89
87 10 25 144
89 10 21 144
100 10 37 144
1 19 25 55
3 19 22 55
3 23 28 146
6 19 28 55
6 23 31 146
7 19 34 55
8 23 25 146
14 19 19 55
14 23 22 146
15 23 10 146
17 23 34 146
20 19 37 55
24 23 4 146
26 23 7 146
28 23 1 146
30 19 4 55
31 23 13 146
34 23 16 146
35 23 46 146
37 23 49 146
38 19 13 55
39 19 1 55
40 23 19 146
42 19 7 55
43 23 52 146
45 19 10 55
45 23 1 112
48 23 37 146
50 23 40 146
51 19 16 55
53 19 49 55
53 23 4 112
54 23 58 146
55 19 31 55
56 19 40 55
56 23 55 146
58 19 45 55
59 19 1 121
60 23 7 112
62 19 52 55
64 19 55 55
66 19 40 18
67 19 58 55
70 19 43 18
70 23 10 112
71 19 55 18
72 23 19 112
73 23 43 146
75 23 13 112
76 19 46 18
76 23 16 112
77 19 4 121
78 19 49 18
78 23 22 112
80 23 25 112
82 23 28 112
83 19 58 18
84 23 31 112
86 19 55 37
87 19 52 18
88 23 34 112
89 19 25 121
91 19 58 37
92 19 9 121
92 23 37 112
95 19 19 121
1 39 31 38
2 31 31 100
4 39 25 38
4 31 37 100
5 39 43 38
7 31 43 100
8 31 49 100
9 31 19 100
10 31 25 100
12 39 37 38
13 39 49 38
13 31 31 75
14 31 55 100
16 39 55 38
17 39 43 4
18 39 25 4
19 31 27 75
23 31 7 100
26 39 31 4
26 31 37 75
27 39 7 38
27 31 21 75
33 31 1 100
34 31 27 98
37 39 1 38
41 39 13 38
41 31 1 75
42 31 13 100
44 39 19 38
46 39 19 4
48 39 1 4
49 39 7 4
50 39 7 73
50 31 19 98
51 31 7 75
52 31 31 98
53 31 7 51
57 31 55 75
59 39 19 73
61 39 13 4
62 31 45 75
65 31 13 75
68 39 37 4
69 39 57 4
69 31 37 98
72 39 49 4
73 39 1 73
75 31 31 51
76 31 49 75
80 31 13 98
83 39 15 73
84 31 43 98
85 39 25 73
85 31 1 51
87 39 31 73
88 39 43 73
89 39 37 73
91 39 49 73
91 31 15 51
92 39 55 73
92 31 49 98
93 39 13 27
93 31 19 51
96 39 55 98
96 31 37 51
98 39 1 27
98 31 25 51
100 39 7 27
100 31 43 51
1 27 28 39
5 27 22 39
9 27 34 39
10 27 19 39
13 27 25 39
15 27 37 39
16 27 16 39
19 27 40 39
20 27 46 39
23 27 43 39
29 27 1 39
30 27 7 39
33 27 10 39
36 27 4 39
37 27 13 39
43 27 49 39
47 27 31 39
48 27 52 39
50 27 49 51
54 27 52 51
55 27 55 39
56 27 16 91
58 27 58 39
60 27 57 51
64 27 19 91
66 27 22 91
75 27 28 91
76 27 25 91
80 27 31 91
82 27 34 91
83 27 37 91
86 27 40 91
90 27 43 91
91 27 46 91
93 27 49 91
94 27 52 91
95 27 55 91
96 27 1 44
1 7 35 50
1 8 37 129
3 8 17 129
4 7 17 50
4 8 23 129
10 7 29 50
10 8 31 129
11 8 33 129
14 7 7 50
17 8 5 129
20 7 11 50
22 8 1 129
23 7 37 50
24 7 15 50
26 7 5 50
26 8 19 129
27 7 1 50
31 7 3 50
32 7 13 50
32 8 10 129
36 7 19 50
37 7 9 50
38 8 21 129
39 8 13 129
40 7 22 50
41 7 33 50
42 7 25 50
43 8 15 129
45 7 27 50
45 8 25 129
46 8 7 129
47 7 45 50
48 7 31 50
49 8 3 129
49 7 47 50
50 8 27 129
51 8 29 129
53 7 43 50
56 8 35 129
57 7 53 50
58 7 55 50
60 7 40 50
61 8 41 129
65 7 51 50
68 8 43 129
70 7 59 50
72 7 5 89
72 8 47 129
73 8 49 129
74 7 11 89
79 8 45 129
80 7 49 50
81 8 51 129
82 7 57 50
83 8 55 129
84 7 23 89
88 8 53 129
89 8 7 121
90 7 29 89
93 8 39 129
94 8 13 121
95 7 35 89
96 7 17 89
97 7 41 89
97 8 57 129
98 7 47 89
98 8 59 129
99 8 31 121
2 9 37 12
6 9 43 12
7 9 49 12
11 9 55 12
12 9 25 12
14 9 31 12
15 9 43 47
18 9 55 47
20 9 25 47
21 9 55 149
24 9 37 47
25 9 19 12
26 9 49 47
27 9 31 47
31 9 7 12
33 9 13 12
37 9 55 31
39 9 15 47
42 9 19 47
43 9 19 149
45 9 13 149
46 9 25 149
48 9 25 31
50 9 31 149
51 9 39 149
53 9 25 27
55 9 7 47
56 9 49 149
58 9 13 31
63 9 7 149
64 9 1 12
66 9 3 47
67 9 7 31
68 9 19 31
69 9 31 31
73 9 55 60
74 9 1 149
77 9 37 31
78 9 43 149
79 9 1 31
85 9 19 27
86 9 7 44
88 9 19 44
90 9 49 31
91 9 31 27
92 9 13 44
93 9 25 44
94 9 37 27
95 9 43 31
96 9 43 27
97 9 31 44
99 9 55 27
3 36 35 13
4 36 29 13
6 36 23 13
9 33 23 20
9 36 37 13
10 36 33 13
12 36 11 13
13 33 5 20
14 36 25 13
15 33 17 20
15 36 40 13
16 33 25 20
17 36 13 13
20 33 7 20
22 33 29 20
22 36 5 13
24 33 11 20
25 33 34 20
25 36 7 13
26 36 27 13
27 36 43 13
28 36 49 13
29 33 13 20
29 36 55 13
30 33 21 20
30 36 17 13
31 33 1 20
33 36 19 13
35 33 9 20
37 36 31 13
39 36 21 13
40 33 3 20
41 36 9 13
43 33 27 20
44 36 1 13
45 36 59 13
46 36 47 13
47 33 15 20
48 33 19 20
49 33 49 20
49 36 53 13
51 33 31 20
53 33 47 20
55 33 41 20
56 33 37 20
56 36 25 26
57 36 3 13
58 33 17 121
62 36 57 13
63 33 43 20
64 36 15 13
65 33 45 20
66 36 45 13
67 33 39 20
67 36 51 13
70 33 22 121
71 33 53 20
71 36 27 26
73 36 29 26
74 36 31 26
75 36 35 26
78 33 55 20
79 33 15 121
79 36 40 26
80 33 51 20
80 36 37 26
81 36 46 26
82 36 52 26
83 33 28 121
83 36 33 26
84 36 49 26
86 36 43 26
89 33 33 121
90 36 55 26
91 33 35 121
93 33 58 20
94 36 4 74
95 33 40 121
97 33 37 121
97 36 59 26
98 36 57 26
99 36 1 74
100 36 21 74
2 22 43 93
3 22 37 93
4 22 31 93
5 22 49 93
7 22 55 93
8 22 31 22
10 22 37 22
12 22 43 22
16 22 27 93
25 22 55 22
27 22 49 22
31 22 43 121
38 22 55 121
54 22 13 93
58 22 19 93
62 22 1 93
65 22 7 93
68 22 15 22
72 22 25 22
73 22 21 22
81 22 13 6
83 22 43 112
87 22 7 6
92 22 19 6
93 22 31 6
98 22 49 121
2 32 49 59
4 32 43 59
8 32 37 59
14 32 40 59
16 32 46 59
17 32 52 59
19 32 34 59
22 32 31 59
23 32 55 59
25 32 40 101
26 32 58 59
30 32 43 101
36 32 7 59
37 32 16 59
40 32 10 59
42 32 4 59
46 32 33 101
47 32 1 59
51 32 13 59
52 32 22 59
56 32 27 59
57 32 19 59
60 32 25 101
61 32 19 101
63 32 28 101
64 32 37 101
66 32 31 133
67 32 34 133
69 32 7 123
71 32 37 133
73 32 10 123
77 32 43 133
78 32 40 133
81 32 19 123
87 32 46 101
91 32 55 101
95 32 52 101
99 32 49 101
2 5 35 25
3 5 41 25
5 5 28 25
5 17 31 49
6 17 34 49
9 5 39 25
9 17 29 49
10 17 41 49
11 5 23 25
11 17 37 49
12 5 19 25
12 17 47 49
14 17 43 49
15 5 47 25
16 5 37 25
16 17 39 49
17 17 17 49
19 5 1 25
19 17 5 49
28 5 4 25
30 17 13 49
31 5 11 25
31 17 49 49
32 5 15 25
33 5 7 25
33 17 21 49
34 5 13 25
35 5 17 25
36 17 15 49
38 5 31 25
39 5 43 25
40 5 45 25
40 17 1 49
41 17 7 49
44 5 25 25
44 17 23 49
46 5 49 25
51 5 21 25
52 5 9 25
54 17 10 49
56 17 53 49
57 5 33 25
62 5 55 25
64 5 53 25
64 17 25 49
68 5 57 25
68 17 55 49
71 5 1 42
71 17 3 49
74 17 19 49
75 17 3 126
77 5 59 25
78 5 3 42
79 5 5 42
79 17 7 126
81 5 10 42
82 5 7 42
82 17 1 126
84 17 51 49
87 17 11 126
88 5 15 42
88 17 27 49
90 5 13 42
90 17 57 49
91 5 19 42
91 17 9 126
95 5 22 42
95 17 59 49
97 5 27 42
98 17 45 49
100 5 51 25
Điểm tối ưu: 1390
Thời gian: 0.093753 giây
Trạng thái: GREEDY_DONE
