2923
13 44 1 113
25 44 3 113
31 44 5 113
41 44 7 113
44 44 9 113
46 44 11 113
48 44 13 113
49 44 15 113
61 44 17 113
62 44 19 113
68 44 21 113
71 44 23 113
84 44 25 113
86 44 27 113
88 44 29 113
91 44 31 113
93 44 33 113
100 44 35 113
103 44 37 113
132 44 39 113
136 44 41 113
139 44 43 113
141 44 45 113
154 44 47 113
155 44 49 113
156 44 51 113
169 44 53 113
172 44 55 113
178 44 57 113
182 44 59 113
189 44 1 237
1 56 1 227
28 56 7 227
32 56 13 227
33 56 19 227
34 56 25 227
39 56 31 227
45 56 37 227
55 56 43 227
58 56 49 227
65 56 55 227
71 56 1 45
73 56 7 45
77 56 13 45
90 56 19 45
98 56 25 45
102 56 31 45
104 56 37 45
114 56 43 45
118 56 49 45
129 56 55 45
130 56 1 289
134 56 7 289
138 56 13 289
148 56 19 289
149 56 25 289
151 56 31 289
161 56 37 289
165 56 43 289
166 56 49 289
168 56 55 289
2 17 1 16
3 29 1 151
7 17 3 16
8 29 3 151
16 29 5 151
17 17 5 16
18 17 7 16
19 29 7 151
23 17 9 16
24 17 11 16
28 29 11 151
31 29 9 151
33 29 13 151
35 29 15 151
37 29 17 151
42 29 19 151
43 29 21 151
45 17 13 16
47 17 15 16
54 17 17 16
56 17 19 16
60 17 21 16
63 17 23 16
63 29 25 151
66 17 25 16
67 29 23 151
69 17 27 16
70 29 27 151
74 29 29 151
79 29 31 151
80 29 33 151
82 17 29 16
83 29 35 151
84 29 37 151
90 29 39 151
91 17 33 16
92 17 31 16
92 29 41 151
93 29 43 151
96 17 35 16
97 17 37 16
97 29 45 151
101 17 39 16
106 29 47 151
111 17 41 16
112 17 43 16
116 29 49 151
118 17 45 16
128 17 47 16
130 17 49 16
133 17 51 16
133 29 53 151
136 17 53 16
136 29 51 151
138 17 55 16
143 17 57 16
144 29 55 151
146 29 57 151
148 29 59 151
149 17 59 16
161 17 1 68
162 17 3 68
162 29 1 165
163 17 5 68
164 29 3 165
165 17 7 68
165 29 5 165
166 17 9 68
167 17 11 68
168 29 7 165
172 17 13 68
178 17 15 68
180 17 17 68
182 29 9 165
186 29 11 165
187 17 19 68
187 29 13 165
189 17 21 68
4 39 1 191
5 39 7 191
21 39 13 191
36 39 19 191
40 39 25 191
49 39 31 191
53 39 37 191
54 39 43 191
55 39 49 191
78 39 55 191
81 39 1 36
85 39 7 36
90 39 13 36
91 39 19 36
97 39 25 36
102 39 37 36
106 39 31 36
113 39 43 36
116 39 51 36
121 39 55 36
122 39 1 185
123 39 7 185
124 39 13 185
125 39 19 185
133 39 25 185
135 39 31 185
143 39 37 185
146 39 43 185
148 39 49 185
149 39 55 185
151 39 1 214
159 39 7 214
161 39 13 214
163 39 19 214
172 39 25 214
178 39 31 214
189 39 37 214
190 39 43 214
191 39 49 214
193 39 55 214
194 39 1 238
197 39 7 238
199 39 13 238
200 39 19 238
6 1 1 67
6 70 4 266
10 1 4 67
17 1 7 67
19 1 10 67
22 1 13 67
24 1 16 67
25 70 7 266
26 1 19 67
29 70 1 266
35 1 22 67
36 1 25 67
36 70 10 266
40 1 31 67
41 1 28 67
42 1 34 67
43 70 13 266
45 70 16 266
48 70 19 266
54 1 37 67
55 1 40 67
55 70 22 266
60 70 25 266
67 70 28 266
68 1 43 67
70 70 31 266
71 1 46 67
75 70 34 266
79 70 37 266
86 1 49 67
88 70 40 266
89 70 43 266
94 1 52 67
96 70 46 266
98 1 55 67
101 70 49 266
102 1 58 67
102 70 52 266
103 70 55 266
106 70 58 266
124 1 1 88
126 1 4 88
129 70 1 15
131 70 4 15
138 70 7 15
142 1 7 88
142 70 10 15
143 70 13 15
148 70 16 15
149 1 10 88
158 1 13 88
159 1 16 88
166 1 19 88
171 1 22 88
171 70 19 15
173 70 22 15
174 1 25 88
174 70 28 15
176 70 25 15
181 1 28 88
183 70 31 15
188 70 34 15
192 1 31 88
196 70 37 15
197 1 34 88
199 1 37 88
7 61 1 18
9 8 1 175
9 61 3 18
16 61 7 18
17 61 10 18
18 8 3 175
20 8 5 175
22 8 7 175
24 8 9 175
26 8 11 175
38 8 13 175
41 8 15 175
43 61 5 18
48 61 15 18
55 8 17 175
65 61 13 18
77 8 19 175
78 8 21 175
79 61 17 18
82 8 23 175
89 8 25 175
91 61 23 18
92 8 27 175
92 61 19 18
94 61 21 18
95 61 25 18
98 61 29 18
103 8 29 175
105 61 27 18
107 61 31 18
109 61 33 18
116 8 31 175
117 8 33 175
119 61 35 18
121 61 37 18
122 8 35 175
122 61 39 18
124 61 41 18
128 8 37 175
128 61 43 18
135 61 45 18
139 8 39 175
140 8 41 175
147 8 43 175
150 61 47 18
151 61 49 18
152 61 51 18
157 8 45 175
169 61 55 18
170 8 47 175
170 61 53 18
171 61 57 18
173 8 49 175
173 61 59 18
176 8 51 175
177 8 53 175
180 61 1 47
183 8 55 175
184 8 57 175
185 61 3 47
186 8 59 175
187 8 1 93
188 8 3 93
189 8 5 93
195 8 7 93
199 8 9 93
200 8 11 93
2 10 3 279
5 10 13 279
5 53 1 34
7 10 7 279
8 53 7 34
10 53 10 34
12 10 10 279
14 53 4 34
15 10 16 279
16 10 19 279
18 10 22 279
19 53 13 34
20 10 25 279
20 53 16 34
22 10 28 279
30 10 31 279
30 53 19 34
32 53 22 34
35 10 34 279
41 53 25 34
42 53 28 34
44 10 37 279
45 53 31 34
46 10 40 279
48 10 43 279
51 10 46 279
52 10 49 279
53 53 34 34
54 10 52 279
56 10 55 279
57 53 37 34
58 10 58 279
58 53 40 34
62 53 43 34
69 10 1 46
71 10 7 46
77 10 4 46
77 53 46 34
79 53 49 34
82 53 52 34
85 10 13 46
86 10 10 46
90 10 25 46
92 10 16 46
93 10 19 46
95 10 22 46
96 53 55 34
97 10 31 46
100 53 58 34
104 53 1 275
108 10 28 46
111 10 34 46
112 10 37 46
113 10 40 46
114 10 49 46
115 53 4 275
119 53 7 275
120 53 10 275
123 10 43 46
124 53 19 275
127 53 13 275
131 53 16 275
134 53 22 275
135 53 25 275
136 10 46 46
137 10 52 46
138 53 28 275
139 10 55 46
140 10 58 46
151 53 37 275
152 53 31 275
154 53 34 275
164 53 40 275
165 10 1 53
165 53 49 275
168 10 4 53
171 53 43 275
173 10 7 53
177 10 10 53
178 53 46 275
183 10 13 53
186 10 16 53
187 53 52 275
189 10 25 53
193 53 1 167
196 10 19 53
197 53 55 275
199 53 58 275
200 53 4 167
2 57 7 99
6 79 7 73
8 43 13 43
9 79 13 73
10 43 19 43
10 25 13 184
11 79 1 73
12 25 1 184
15 57 1 99
16 79 25 73
18 57 13 99
20 43 1 43
22 25 9 184
22 57 19 99
26 43 7 43
28 43 25 43
29 25 19 184
31 43 31 43
32 43 37 43
32 25 25 184
33 43 43 43
34 43 49 43
35 43 55 43
36 57 31 99
38 57 25 99
39 79 19 73
39 25 37 184
40 25 43 184
42 43 1 118
43 25 31 184
45 79 43 73
45 25 49 184
47 43 7 118
49 57 37 99
50 79 31 73
52 43 13 118
53 79 49 73
57 25 55 184
58 43 19 118
58 79 7 167
59 43 25 118
61 25 1 48
62 79 37 73
67 79 55 73
68 57 49 99
70 25 7 48
71 57 55 99
72 43 31 118
72 57 43 99
73 25 13 48
74 43 37 118
75 79 13 167
75 57 1 188
78 79 25 167
79 43 43 118
88 25 19 48
89 25 27 48
91 25 37 48
96 79 19 167
97 43 49 118
98 43 1 124
99 25 31 48
99 57 7 188
100 25 43 48
102 43 7 124
104 25 49 48
105 43 55 118
106 43 13 124
107 25 55 48
108 57 13 188
109 43 19 124
110 43 25 124
111 25 1 294
111 57 19 188
113 57 25 188
114 43 31 124
115 43 37 124
115 57 31 188
116 25 7 294
120 25 13 294
123 25 19 294
123 57 37 188
124 79 31 167
126 25 25 294
128 25 31 294
129 57 43 188
130 57 51 188
131 57 55 188
132 43 43 124
133 57 1 207
136 25 37 294
137 25 43 294
139 57 7 207
141 43 49 124
142 79 37 167
144 57 13 207
147 43 55 124
148 79 43 167
150 57 19 207
152 57 25 207
153 79 49 167
154 43 1 44
154 25 49 294
155 79 55 167
156 79 1 178
157 79 7 178
157 57 31 207
160 43 7 44
160 79 13 178
162 79 19 178
163 57 37 207
164 43 13 44
164 57 43 207
165 43 19 44
166 25 55 294
167 79 25 178
169 25 1 95
171 25 7 95
172 43 31 44
172 25 15 95
173 25 25 95
173 57 51 207
175 57 55 207
177 57 1 37
178 57 7 37
181 57 13 37
182 57 19 37
182 25 31 95
183 25 19 95
184 57 25 37
188 25 37 95
191 43 25 44
191 79 31 178
192 79 37 178
192 57 43 37
193 43 37 44
194 43 43 44
196 43 49 44
196 57 31 37
197 43 1 78
197 79 43 178
3 35 3 81
6 67 13 30
6 18 16 156
7 35 10 81
8 35 19 81
10 18 1 156
11 35 7 81
12 67 7 30
15 35 13 81
17 35 16 81
18 18 9 156
21 18 4 156
23 18 13 156
25 67 10 30
25 35 22 81
26 18 22 156
27 18 19 156
29 18 25 156
30 35 25 81
30 67 1 30
31 35 28 81
33 67 4 30
35 67 19 30
36 35 37 81
37 18 28 156
39 35 43 81
44 18 31 156
48 67 22 30
50 67 16 30
50 35 40 81
54 18 34 156
55 18 37 156
57 35 31 81
59 35 34 81
59 18 40 156
63 35 46 81
64 67 25 30
65 35 49 81
69 67 31 30
70 18 43 156
74 67 34 30
76 67 28 30
80 35 52 81
84 35 55 81
85 67 37 30
85 18 46 156
86 67 40 30
87 67 43 30
92 67 46 30
93 35 58 81
96 35 1 119
98 67 49 30
103 35 4 119
105 35 7 119
107 18 49 156
111 35 10 119
111 18 52 156
113 35 13 119
116 35 16 119
117 35 19 119
118 67 55 30
120 18 55 156
123 67 52 30
125 35 25 119
125 67 58 30
126 35 22 119
126 18 58 156
129 35 28 119
130 35 31 119
130 67 7 296
133 67 10 296
133 18 7 179
137 18 1 179
138 35 34 119
140 67 1 296
143 35 43 119
143 18 4 179
148 35 37 119
154 67 13 296
155 35 40 119
158 18 10 179
159 18 13 179
160 67 4 296
162 18 16 179
163 18 25 179
168 35 46 119
169 18 19 179
170 18 22 179
175 67 16 296
175 35 49 119
178 67 19 296
181 35 52 119
183 35 57 119
184 35 1 285
189 18 28 179
191 35 4 285
195 35 9 285
195 18 31 179
198 18 34 179
200 67 25 296
1 30 5 110
4 50 5 79
8 6 1 171
8 51 5 298
11 50 10 79
14 6 7 171
14 30 1 110
17 30 3 110
19 50 1 79
24 6 3 171
24 50 7 79
25 51 1 298
25 30 13 110
27 6 5 171
28 50 3 79
29 51 7 298
31 50 13 79
34 51 3 298
35 6 9 171
35 51 11 298
38 51 9 298
40 30 7 110
41 30 9 110
42 6 11 171
42 50 15 79
43 6 16 171
44 30 11 110
46 6 13 171
46 51 15 298
47 6 19 171
49 51 13 298
50 30 19 110
51 50 17 79
51 51 19 298
53 51 17 298
55 6 25 171
56 6 21 171
57 51 21 298
57 30 15 110
58 6 23 171
61 50 19 79
61 51 23 298
62 51 25 298
62 30 17 110
64 30 21 110
66 6 27 171
66 30 23 110
67 51 31 298
68 6 29 171
70 50 21 79
73 50 23 79
76 30 25 110
78 6 31 171
78 50 29 79
81 50 25 79
81 51 27 298
81 30 29 110
82 6 33 171
83 30 27 110
84 50 27 79
84 30 31 110
85 50 31 79
87 50 33 79
88 50 35 79
88 51 33 298
90 50 37 79
90 30 33 110
91 50 41 79
92 51 29 298
93 51 35 298
94 6 35 171
94 30 37 110
96 6 37 171
97 50 39 79
99 51 37 298
99 30 35 110
101 6 41 171
101 50 43 79
103 50 45 79
106 51 39 298
106 30 41 110
109 6 39 171
109 50 47 79
111 51 43 298
113 6 47 171
113 51 49 298
113 30 51 110
115 30 43 110
116 50 55 79
117 51 41 298
120 51 45 298
121 30 39 110
122 6 43 171
123 6 49 171
124 6 45 171
125 51 47 298
126 6 51 171
127 51 51 298
128 6 53 171
128 51 55 298
129 51 53 298
130 6 55 171
132 51 57 298
137 51 59 298
137 30 47 110
138 30 45 110
140 30 49 110
142 50 49 79
142 30 53 110
143 50 51 79
143 30 55 110
144 6 57 171
145 30 57 110
147 51 1 89
149 50 53 79
150 30 59 110
153 51 3 89
154 50 57 79
155 50 59 79
155 30 1 50
156 30 5 50
157 6 59 171
159 50 1 11
160 30 11 50
166 51 5 89
168 51 9 89
169 51 7 89
173 50 3 11
173 30 13 50
174 50 5 11
176 50 7 11
179 30 3 50
180 51 11 89
181 6 1 49
182 50 11 11
182 51 13 89
183 50 9 11
185 50 13 11
185 51 15 89
187 51 17 89
188 51 19 89
189 6 3 49
190 30 7 50
192 30 9 50
194 6 5 49
194 30 15 50
197 51 21 89
198 50 15 11
198 30 17 50
199 30 19 50
200 6 7 49
6 47 43 15
16 47 49 15
17 47 55 15
27 47 1 57
33 47 7 57
37 47 13 57
46 47 19 57
65 47 25 57
70 47 37 57
71 47 31 57
82 47 43 57
83 47 49 57
90 47 55 57
98 47 7 134
104 47 13 134
105 47 1 134
110 47 19 134
121 47 25 134
129 47 31 134
131 47 37 134
135 47 49 134
145 47 43 134
146 47 1 158
157 47 55 134
165 47 9 158
172 47 19 158
173 47 15 158
182 47 25 158
183 47 37 158
188 47 43 158
193 47 31 158
1 13 7 163
2 41 13 122
3 59 7 51
5 13 4 163
5 59 16 51
6 13 19 163
6 59 22 51
10 41 7 122
12 13 13 163
13 13 10 163
14 34 9 177
14 13 16 163
15 41 10 122
16 34 1 177
16 59 10 51
19 34 4 177
22 41 1 122
23 34 16 177
24 13 22 163
26 13 1 163
30 13 28 163
35 41 4 122
37 59 1 51
39 59 4 51
40 59 13 51
41 59 19 51
42 41 21 122
43 13 25 163
47 13 31 163
48 59 25 51
50 13 37 163
51 13 34 163
52 13 40 163
54 34 13 177
54 59 28 51
55 34 19 177
59 34 22 177
59 59 31 51
61 41 25 122
62 13 46 163
63 41 16 122
64 41 28 122
66 13 43 163
67 13 49 163
70 59 34 51
72 34 25 177
73 41 31 122
73 13 52 163
73 59 37 51
76 34 31 177
76 41 34 122
77 41 37 122
81 41 40 122
82 13 55 163
82 59 40 51
85 34 28 177
86 34 34 177
86 41 43 122
87 13 58 163
89 13 1 82
92 41 49 122
93 41 46 122
94 41 55 122
95 13 4 82
97 41 58 122
98 41 52 122
100 13 7 82
100 59 49 51
104 41 4 212
107 34 37 177
107 41 1 212
109 13 10 82
110 34 40 177
112 34 45 177
112 41 7 212
112 13 13 82
113 13 16 82
114 34 52 177
114 41 10 212
115 34 49 177
115 13 19 82
120 34 58 177
120 59 52 51
121 34 1 94
122 13 22 82
123 59 46 51
124 41 22 212
125 41 13 212
125 59 43 51
127 34 55 177
129 34 4 94
131 41 19 212
132 34 7 94
132 59 1 42
133 34 13 94
134 41 16 212
135 41 28 212
136 13 25 82
137 34 10 94
139 59 58 51
141 59 55 51
143 34 16 94
144 34 19 94
145 41 25 212
146 59 7 42
147 59 4 42
148 59 10 42
149 41 31 212
151 59 13 42
152 34 22 94
155 41 34 212
157 34 25 94
158 41 37 212
158 59 16 42
160 59 19 42
161 59 22 42
163 34 28 94
164 13 28 82
166 41 40 212
168 41 43 212
169 34 31 94
171 13 31 82
173 59 31 42
174 41 46 212
175 41 52 212
176 41 55 212
179 41 49 212
179 59 25 42
180 34 34 94
181 13 34 82
181 59 37 42
183 13 43 82
184 34 37 94
185 34 40 94
187 59 28 42
188 34 49 94
188 13 52 82
189 41 58 212
191 13 37 82
193 34 43 94
194 34 52 94
196 59 40 42
199 59 34 42
1 42 10 35
2 80 11 247
3 42 13 35
4 66 7 190
5 80 19 247
7 66 5 190
7 80 13 247
9 66 9 190
9 80 5 247
10 80 17 247
11 66 13 190
12 66 16 190
13 80 3 247
15 66 19 190
18 66 1 190
27 42 7 35
27 80 9 247
30 66 11 190
31 42 1 35
32 66 3 190
32 42 5 35
33 80 1 247
34 66 21 190
34 42 15 35
34 80 7 247
37 66 23 190
37 80 21 247
43 66 28 190
45 66 25 190
46 66 31 190
47 66 34 190
49 66 41 190
49 42 3 35
50 80 23 247
51 66 37 190
54 80 25 247
55 80 15 247
56 66 39 190
56 42 17 35
57 42 19 35
59 80 29 247
60 42 23 35
60 80 31 247
61 80 33 247
62 66 49 190
63 66 43 190
64 66 45 190
65 66 47 190
68 42 25 35
68 80 27 247
70 66 51 190
75 80 37 247
76 80 39 247
77 80 35 247
78 66 53 190
78 80 41 247
79 42 21 35
80 80 43 247
82 42 27 35
87 66 55 190
89 42 31 35
94 66 58 190
99 42 29 35
99 80 45 247
100 42 33 35
103 66 11 124
104 80 47 247
105 66 5 124
105 42 35 35
106 42 37 35
107 66 17 124
108 80 49 247
109 80 51 247
112 80 53 247
113 42 53 35
114 80 55 247
116 80 57 247
117 80 59 247
118 66 23 124
118 42 39 35
120 66 29 124
122 66 41 124
125 42 41 35
126 42 43 35
126 80 1 283
127 80 3 283
129 66 35 124
135 42 47 35
138 66 47 124
140 42 45 35
145 66 53 124
145 80 5 283
147 42 49 35
148 66 1 229
148 42 55 35
149 66 3 229
149 80 7 283
150 66 5 229
151 66 59 124
151 42 51 35
155 66 7 229
160 80 17 283
162 80 9 283
163 80 11 283
165 80 13 283
166 66 11 229
167 42 57 35
171 42 59 35
172 42 1 98
173 80 19 283
174 42 3 98
175 66 9 229
177 42 5 98
178 42 11 98
182 66 15 229
184 66 13 229
184 80 15 283
187 80 21 283
190 80 23 283
191 66 17 229
191 42 7 98
191 80 29 283
193 42 9 98
195 80 25 283
197 80 27 283
198 66 19 229
200 80 31 283
1 4 13 271
2 4 16 271
2 52 19 52
3 65 10 63
3 11 15 183
3 58 43 42
4 52 9 52
5 4 21 271
5 74 25 97
6 4 25 271
6 73 28 280
7 4 28 271
8 65 22 63
8 4 10 271
8 52 25 52
11 52 15 52
12 73 19 280
12 52 22 52
13 65 7 63
13 4 31 271
14 52 28 52
14 58 46 42
15 52 31 52
16 65 13 63
17 65 19 63
18 11 19 183
18 58 49 42
19 65 16 63
19 73 22 280
19 52 34 52
19 58 52 42
20 4 7 271
21 4 1 271
21 11 7 183
21 58 55 42
23 65 1 63
23 74 4 97
23 58 58 42
24 73 13 280
25 11 25 183
26 4 4 271
26 52 37 52
26 58 13 84
27 11 22 183
28 65 31 63
28 73 16 280
29 4 34 271
31 58 16 84
33 58 25 84
34 52 40 52
35 52 1 52
37 73 4 280
37 11 10 183
38 73 1 280
39 4 46 271
39 73 7 280
39 58 1 84
40 65 4 63
41 65 34 63
41 4 37 271
41 74 1 97
41 11 4 183
41 58 22 84
42 73 25 280
44 52 4 52
45 58 4 84
47 58 28 84
48 74 7 97
49 11 28 183
51 73 10 280
51 52 43 52
52 65 25 63
52 52 46 52
53 58 7 84
53 73 31 280
53 74 10 97
53 52 55 52
57 65 28 63
58 4 43 271
58 11 1 183
60 11 33 183
61 4 40 271
62 52 51 52
63 4 49 271
63 73 34 280
63 58 10 84
65 65 37 63
65 73 40 280
66 73 37 280
66 52 58 52
67 65 40 63
67 11 37 183
68 58 31 84
69 65 43 63
70 4 55 271
72 73 49 280
72 52 7 78
73 4 58 271
73 73 43 280
73 74 19 97
75 4 52 271
75 52 10 78
75 58 19 84
76 4 1 198
76 11 43 183
76 52 13 78
78 4 4 198
78 11 46 183
79 65 52 63
81 4 7 198
81 58 34 84
82 73 58 280
83 73 46 280
84 4 10 198
84 58 39 84
85 74 16 97
87 65 46 63
87 58 49 84
88 65 49 63
88 4 13 198
89 73 52 280
89 52 16 78
90 58 43 84
93 4 16 198
94 4 25 198
94 73 1 6
95 4 19 198
95 74 13 97
96 4 28 198
96 11 40 183
98 73 13 6
99 52 19 78
100 4 22 198
100 11 52 183
101 58 46 84
102 4 43 198
102 73 55 280
102 58 1 101
103 4 31 198
104 74 22 97
104 11 55 183
106 11 49 183
106 58 52 84
107 74 28 97
107 73 4 6
107 58 7 101
108 65 55 63
108 74 31 97
108 58 58 84
109 65 58 63
111 65 7 204
112 4 34 198
112 74 40 97
113 4 37 198
113 58 55 84
114 65 1 204
114 73 7 6
114 11 58 183
116 74 34 97
116 11 1 32
117 11 4 32
117 52 22 78
117 58 10 101
118 74 58 97
118 11 7 32
118 52 25 78
120 4 40 198
121 52 31 78
124 65 4 204
124 4 49 198
125 4 52 198
125 52 28 78
126 4 46 198
128 65 10 204
129 73 10 6
130 65 13 204
130 74 37 97
131 73 22 6
131 58 13 101
133 11 16 32
134 4 55 198
134 11 13 32
135 58 4 101
136 74 43 97
137 65 16 204
137 4 4 28
137 74 49 97
139 73 16 6
139 11 19 32
140 73 19 6
141 65 19 204
141 52 34 78
142 58 16 101
142 11 22 32
143 73 25 6
143 11 10 32
143 52 46 78
144 4 1 28
144 52 37 78
145 74 1 153
147 65 22 204
147 73 28 6
147 74 46 97
147 11 25 32
149 73 34 6
149 11 37 32
149 74 13 153
150 11 28 32
151 4 7 28
152 73 37 6
152 11 34 32
152 52 40 78
152 58 19 101
153 65 25 204
153 4 58 198
153 74 55 97
154 74 7 153
154 52 43 78
154 58 22 101
155 74 52 97
155 11 31 32
157 65 28 204
158 58 25 101
159 52 49 78
160 65 31 204
160 11 40 32
161 74 4 153
162 58 28 101
163 65 34 204
163 4 13 28
164 74 10 153
164 52 52 78
165 65 37 204
167 74 16 153
167 52 1 29
167 58 31 101
169 74 22 153
169 11 43 32
170 4 10 28
170 73 31 6
170 11 49 32
170 52 55 78
171 52 4 29
172 73 40 6
172 74 37 153
173 4 34 28
174 4 16 28
174 11 52 32
175 4 19 28
175 74 25 153
175 58 34 101
176 4 22 28
176 11 46 32
178 73 43 6
179 65 40 204
179 52 58 78
180 52 7 29
181 58 40 101
182 65 43 204
183 58 46 101
185 65 46 204
185 52 10 29
186 4 25 28
186 58 37 101
187 11 55 32
189 74 31 153
190 73 49 6
190 52 13 29
191 73 46 6
193 73 52 6
193 74 19 153
193 52 16 29
193 58 49 101
194 11 58 32
196 11 13 93
198 74 28 153
199 52 21 29
200 65 49 204
200 58 43 101
1 2 16 199
4 71 13 5
4 72 40 88
4 26 15 55
6 72 47 88
8 20 28 28
9 60 7 202
10 2 23 199
10 20 31 28
10 60 25 202
11 72 43 88
11 20 37 28
12 2 5 199
12 60 27 202
13 72 45 88
13 20 39 28
14 2 13 199
14 20 41 28
14 60 19 202
15 72 49 88
15 20 43 28
15 60 5 202
17 2 1 199
18 60 17 202
19 72 55 88
20 20 45 28
21 60 10 202
22 2 25 199
22 20 47 28
23 2 7 199
23 71 11 5
24 72 51 88
24 60 1 202
25 72 53 88
26 60 29 202
27 20 49 28
28 20 51 28
29 72 57 88
29 20 53 28
29 26 4 55
32 20 55 28
34 72 59 88
34 26 1 55
35 60 13 202
36 2 3 199
36 71 1 5
38 20 57 28
40 20 59 28
41 60 31 202
43 20 1 211
44 71 7 5
46 2 9 199
46 71 3 5
47 71 5 5
47 72 1 170
47 20 3 211
48 71 17 5
48 72 3 170
48 20 5 211
49 2 11 199
50 2 21 199
50 71 9 5
51 71 15 5
51 20 7 211
52 2 19 199
52 72 5 170
53 2 27 199
53 26 13 55
55 72 7 170
56 72 9 170
57 20 9 211
57 26 7 55
57 60 3 202
58 20 11 211
61 72 11 170
61 60 15 202
62 2 29 199
64 20 13 211
65 20 15 211
65 60 21 202
66 71 19 5
66 26 9 55
67 60 33 202
69 60 23 202
73 72 17 170
73 60 35 202
74 2 31 199
74 26 11 55
74 60 41 202
75 2 39 199
76 26 17 55
77 26 21 55
78 20 17 211
79 2 33 199
79 26 19 55
80 71 21 5
81 72 13 170
81 20 19 211
82 71 25 5
82 20 21 211
83 72 15 170
83 26 23 55
85 72 19 170
87 20 23 211
88 71 23 5
88 72 25 170
89 2 35 199
91 71 27 5
91 72 29 170
91 26 25 55
92 72 21 170
93 72 23 170
93 20 25 211
93 26 27 55
94 20 28 211
95 2 37 199
95 26 29 55
96 72 31 170
97 72 34 170
97 20 41 211
97 60 43 202
98 2 41 199
98 72 37 170
100 60 37 202
102 2 46 199
102 72 27 170
103 2 43 199
103 20 34 211
103 26 39 55
105 60 39 202
107 26 33 55
108 60 45 202
114 60 47 202
115 2 52 199
116 60 59 202
116 20 37 211
117 71 29 5
118 72 41 170
119 2 49 199
119 26 31 55
120 26 35 55
120 60 49 202
122 2 55 199
124 2 57 199
124 71 35 5
124 20 39 211
125 2 9 49
125 71 31 5
126 2 11 49
127 60 53 202
128 71 39 5
128 60 51 202
128 26 41 55
129 60 7 60
131 2 59 199
131 26 43 55
133 2 19 49
134 20 31 211
134 26 37 55
135 2 13 49
136 71 33 5
138 71 37 5
139 2 22 49
139 26 45 55
139 60 1 60
140 60 55 202
142 26 47 55
144 71 41 5
145 71 47 5
145 60 9 60
146 71 49 5
146 72 39 170
147 26 51 55
148 26 53 55
149 20 43 211
150 72 43 170
150 26 49 55
151 2 16 49
151 20 45 211
152 26 55 55
153 71 43 5
153 20 47 211
155 2 25 49
155 26 21 50
156 2 27 49
156 26 57 55
157 2 35 49
157 60 3 60
158 26 59 55
159 72 45 170
160 71 45 5
160 72 47 170
162 71 51 5
162 72 49 170
162 60 57 202
163 71 53 5
163 72 51 170
164 71 55 5
164 20 49 211
165 2 29 49
165 26 23 50
166 2 31 49
166 72 53 170
167 2 37 49
167 71 59 5
167 72 55 170
169 2 39 49
171 71 11 118
172 71 57 5
174 71 23 118
174 72 57 170
175 60 5 60
176 72 59 170
176 26 28 50
177 2 33 49
177 26 25 50
179 20 52 211
179 60 11 60
182 72 1 114
183 60 16 60
184 60 19 60
185 71 5 118
187 2 41 49
188 60 13 60
189 71 17 118
190 2 47 49
190 71 29 118
190 26 31 50
191 72 9 114
193 2 59 49
195 71 35 118
195 60 21 60
196 60 23 60
197 60 25 60
199 60 27 60
200 71 41 118
1 40 19 120
1 54 25 59
3 7 19 72
3 54 31 59
5 54 37 59
10 40 27 120
11 7 25 72
12 54 43 59
16 7 31 72
17 40 31 120
17 45 25 147
20 40 37 120
20 45 19 147
21 45 31 147
22 40 43 120
23 40 49 120
24 7 37 72
24 40 55 120
24 45 43 147
24 54 25 102
28 54 19 59
29 40 9 120
29 54 13 59
30 45 7 147
30 54 49 59
32 7 7 72
34 40 9 166
35 7 43 72
36 7 13 72
37 40 31 166
38 45 15 147
38 54 19 102
39 54 55 59
40 54 9 59
42 54 7 102
50 40 1 120
53 45 1 147
54 54 1 59
55 40 1 166
55 54 31 102
57 45 49 147
59 7 1 72
60 7 49 72
61 7 55 72
61 40 43 166
61 54 49 102
63 7 55 211
64 40 15 120
65 40 1 77
69 54 13 102
72 40 13 166
73 54 1 102
74 54 43 102
75 7 25 237
76 45 55 147
77 7 7 237
77 45 25 123
79 7 3 237
80 7 13 237
80 54 37 102
82 40 7 77
83 7 19 237
85 45 1 123
88 45 7 123
88 54 55 102
89 54 7 223
90 45 49 123
92 54 1 223
95 54 31 223
97 7 1 9
99 7 39 237
99 45 13 123
100 7 13 9
101 45 19 123
102 40 19 166
102 54 13 223
106 45 43 123
108 45 37 147
108 54 19 223
109 7 43 237
109 40 25 166
110 45 31 123
110 54 43 223
111 54 25 223
112 40 49 166
113 54 1 13
118 45 1 270
119 45 37 123
119 54 51 223
121 7 49 237
122 40 57 166
122 54 7 13
123 7 31 237
123 54 55 223
124 7 7 9
127 54 37 223
129 40 37 166
130 7 57 237
130 54 19 13
132 54 13 13
134 54 25 13
135 54 37 13
136 40 13 77
137 45 55 123
139 45 25 270
141 7 25 9
145 45 13 270
146 40 19 77
146 45 31 270
147 7 31 9
149 7 19 9
151 45 19 270
153 54 31 13
154 45 37 270
156 45 7 270
157 7 37 9
158 45 43 270
159 54 55 13
161 7 43 9
162 40 31 77
163 7 55 9
168 54 49 13
171 40 25 77
174 40 37 77
174 54 7 180
176 40 1 218
178 45 49 270
179 45 7 277
180 45 55 270
181 7 3 22
181 54 43 13
184 7 49 9
184 40 43 77
184 45 21 277
185 40 49 77
185 54 19 180
186 54 1 180
188 40 55 77
191 54 13 180
192 54 25 180
193 54 25 7
195 40 13 218
195 45 1 277
195 7 27 22
195 54 37 180
196 40 7 218
197 40 37 218
200 45 13 277
4 22 49 178
4 62 19 213
6 22 52 178
6 62 31 213
9 22 55 178
12 62 34 213
14 62 22 213
20 62 10 213
21 62 25 213
25 22 58 178
28 22 13 215
29 62 28 213
33 22 16 215
33 62 37 213
35 62 40 213
43 62 7 213
44 62 1 213
47 62 43 213
49 22 7 215
51 62 4 213
52 22 1 215
56 62 13 213
57 62 46 213
60 62 16 213
64 22 4 215
67 22 10 215
70 22 46 215
71 22 19 215
73 22 25 215
74 22 22 215
76 22 49 215
84 62 49 213
91 62 52 213
93 62 55 213
95 22 39 215
95 62 58 213
98 62 16 2
101 22 28 215
101 62 1 2
105 22 31 215
107 62 10 2
108 62 4 2
110 22 52 215
111 62 13 2
112 62 19 2
115 62 7 2
117 22 43 215
118 22 34 215
120 22 1 196
121 22 4 196
129 22 13 196
131 22 7 196
131 62 25 2
132 22 10 196
133 62 22 2
134 62 33 2
145 22 19 196
148 62 28 2
150 22 55 215
159 22 22 196
161 22 58 215
168 22 16 196
171 62 37 2
180 62 40 2
185 62 43 2
186 62 46 2
190 22 25 196
190 62 52 2
198 62 49 2
199 22 31 196
1 55 23 65
2 55 25 65
3 48 23 133
5 64 11 128
7 64 15 128
9 64 17 128
9 48 11 133
9 55 19 65
13 15 5 66
15 48 7 133
16 55 16 65
17 15 13 66
18 48 5 133
19 55 27 65
20 64 13 128
20 55 29 65
21 15 17 66
22 64 4 128
22 15 23 66
22 55 31 65
25 64 19 128
27 15 11 66
28 48 1 133
30 15 15 66
31 64 7 128
32 15 1 66
36 64 23 128
37 55 7 65
38 15 7 66
38 48 29 133
39 15 25 66
39 48 13 133
40 64 1 128
44 15 19 66
52 55 9 65
59 15 9 66
60 64 9 128
61 64 21 128
62 15 3 66
64 48 9 133
64 55 1 65
66 48 3 133
71 48 15 133
71 55 5 65
72 64 28 128
75 48 17 133
75 55 41 65
76 55 11 65
80 64 25 128
80 55 3 65
83 55 13 65
84 15 21 66
86 64 31 128
86 48 19 133
87 64 35 128
87 48 21 133
87 55 37 65
88 55 43 65
89 48 33 133
91 55 35 65
93 15 29 66
95 15 27 66
96 48 25 133
98 48 31 133
98 15 33 66
99 15 43 66
99 48 27 133
100 15 31 66
101 48 35 133
101 55 33 65
103 64 41 128
103 55 21 65
104 15 35 66
105 15 37 66
105 55 45 65
106 55 55 65
107 55 47 65
108 64 43 128
110 64 37 128
110 15 47 66
111 15 39 66
112 64 55 128
112 15 57 66
115 64 45 128
116 15 41 66
118 55 53 65
119 48 41 133
119 55 57 65
122 64 33 128
123 15 59 66
123 55 1 284
127 15 45 66
127 55 49 65
128 15 49 66
129 64 47 128
132 15 51 66
132 55 59 65
135 15 53 66
136 55 3 284
140 64 39 128
140 48 37 133
141 15 5 99
147 15 11 99
147 48 39 133
148 48 47 133
150 64 51 128
150 55 39 65
152 48 43 133
159 48 52 133
161 55 51 65
162 48 45 133
163 48 49 133
165 64 53 128
166 48 59 133
168 64 59 128
169 15 17 99
169 55 5 284
170 15 29 99
171 55 13 284
175 64 1 282
178 15 55 66
179 48 55 133
179 55 15 284
180 55 19 284
181 48 57 133
181 55 7 284
183 48 1 144
186 55 9 284
187 48 3 144
188 15 23 99
189 15 35 99
192 55 11 284
196 64 57 128
196 48 5 144
198 15 41 99
199 48 7 144
1 75 31 31
2 33 27 74
2 3 31 209
2 69 37 112
2 75 43 31
3 3 25 209
3 75 37 31
3 63 49 21
4 75 25 31
5 33 31 74
5 3 43 209
7 12 19 10
8 69 31 112
8 36 37 234
9 3 21 209
9 69 25 112
11 69 19 112
11 75 49 31
13 33 13 74
13 3 49 209
13 75 19 31
13 12 25 10
14 36 31 234
14 75 55 31
15 3 37 209
15 36 21 234
15 63 25 21
16 33 37 74
16 69 43 112
17 3 37 268
17 36 43 234
19 69 57 112
20 36 49 234
21 3 19 268
23 3 25 268
24 69 31 87
25 33 43 74
26 33 49 74
26 36 25 234
27 63 13 21
28 36 55 234
30 63 37 21
31 33 19 74
31 36 37 244
32 63 31 21
33 33 55 74
33 75 31 111
33 12 49 10
34 12 31 10
36 33 43 160
37 69 49 112
37 63 43 21
38 3 31 268
38 75 37 111
38 63 43 68
40 69 19 87
40 75 49 111
41 63 55 21
42 63 37 68
44 36 13 234
44 63 21 21
46 69 25 87
46 12 43 10
47 12 37 10
49 33 19 160
50 12 55 10
51 36 21 244
52 12 21 240
54 3 7 209
54 69 55 87
55 33 9 74
55 63 27 68
56 3 1 209
59 36 13 244
59 12 43 240
60 3 55 209
60 36 1 234
60 69 37 87
61 69 7 112
62 12 7 10
63 63 1 21
65 12 7 240
66 12 13 10
67 33 1 74
67 63 13 137
68 33 1 160
68 75 7 31
69 33 7 160
69 3 49 268
69 69 19 39
69 63 55 68
70 33 13 160
71 3 25 27
72 33 37 160
72 3 1 268
72 36 55 244
72 63 19 137
74 69 1 112
75 33 55 160
75 3 43 268
77 69 49 87
77 75 55 111
78 3 13 209
79 75 13 31
80 3 7 268
80 12 27 240
81 33 49 160
81 69 15 112
81 12 55 240
82 12 1 10
83 12 1 240
83 63 7 21
84 75 1 31
85 36 33 244
85 63 49 68
86 33 15 165
87 3 13 268
88 69 1 87
89 36 19 260
90 69 7 87
90 75 1 111
91 33 43 165
91 69 13 87
92 36 7 234
92 69 33 39
94 3 7 27
94 12 13 240
95 69 43 87
95 75 7 111
96 69 7 39
96 75 13 111
97 3 13 27
99 63 1 137
101 12 7 148
104 33 25 160
104 75 43 111
105 36 49 244
105 69 13 39
108 63 7 137
110 69 1 39
112 36 1 244
113 33 31 160
114 33 19 165
114 69 25 39
114 75 37 53
115 33 25 165
115 63 55 137
117 3 55 268
119 36 25 244
119 12 1 148
119 63 43 137
120 63 31 68
121 12 13 148
123 75 25 111
124 12 25 148
126 33 31 165
126 69 37 39
127 69 7 206
127 75 19 111
128 3 1 27
132 75 31 53
132 63 25 137
133 12 31 240
134 33 39 165
134 75 43 53
134 63 49 137
135 36 7 244
135 12 19 148
137 36 25 260
138 36 1 260
138 63 39 137
139 33 49 165
139 3 31 27
140 3 51 27
140 63 31 137
141 36 7 260
142 36 43 244
143 69 19 206
144 69 43 39
145 69 49 39
146 36 13 260
146 63 25 19
148 63 3 19
150 12 31 148
151 12 55 148
152 69 57 39
152 75 1 154
154 33 25 245
155 75 9 154
155 63 13 19
156 63 19 19
157 3 19 27
157 63 49 19
158 33 55 165
158 69 1 206
158 75 49 53
160 75 55 53
161 75 25 154
162 3 37 27
164 69 31 206
166 63 33 19
167 3 43 27
167 12 39 240
168 33 19 245
168 36 31 260
168 12 37 148
169 69 13 206
170 33 1 245
170 3 13 172
170 69 25 206
172 33 7 245
172 12 49 240
174 75 19 154
175 75 37 154
176 3 9 172
176 69 37 206
177 69 43 206
177 63 37 19
178 75 1 222
178 12 25 140
179 3 19 172
181 3 9 221
182 75 49 154
182 12 3 140
183 12 49 148
184 3 31 172
185 69 55 206
186 33 31 245
186 3 55 27
186 12 19 140
187 69 7 83
188 12 7 140
188 63 15 104
190 75 33 154
190 12 37 140
192 33 13 245
192 3 1 172
192 63 55 19
194 36 37 260
194 69 19 83
194 12 31 140
194 63 7 19
195 75 43 154
195 12 49 140
195 63 55 104
196 12 43 148
197 36 49 260
197 63 13 116
198 36 43 260
198 69 1 83
198 75 55 154
199 33 43 245
200 69 33 83
200 12 55 140
1 31 37 14
2 5 22 100
4 49 22 239
5 31 28 14
6 5 34 100
6 31 40 14
7 5 25 100
7 31 31 14
11 31 34 14
16 49 55 239
18 49 25 239
18 31 43 14
20 5 31 100
25 31 15 14
26 49 16 239
27 49 28 239
27 31 25 14
28 49 34 239
29 5 37 100
30 31 4 14
31 31 46 14
32 5 19 100
35 31 49 14
36 31 7 14
39 31 10 14
40 49 37 239
44 5 28 100
44 49 40 239
45 49 1 239
46 31 52 14
48 49 10 239
49 49 43 239
49 31 55 14
52 49 31 239
53 5 43 100
53 49 19 239
54 31 19 14
56 49 46 239
56 31 58 14
58 49 4 239
59 5 49 100
61 31 28 54
62 49 13 239
63 49 7 239
63 31 13 54
64 49 49 239
65 5 52 100
66 5 40 100
66 49 52 239
68 5 13 100
72 31 10 54
73 31 40 54
76 31 22 14
79 5 7 100
80 49 58 239
83 31 31 54
86 31 1 14
87 49 1 139
91 5 1 100
91 31 4 54
93 5 4 100
93 31 1 54
94 31 43 54
96 49 4 139
97 5 10 100
100 5 55 100
102 49 49 139
106 5 28 196
107 31 19 54
108 5 34 196
108 31 25 54
110 5 16 100
110 31 7 54
116 5 46 100
118 5 10 205
118 31 16 54
119 49 10 139
120 5 37 196
121 31 22 54
126 5 55 196
128 31 57 54
130 31 34 54
131 5 45 196
131 49 28 139
132 31 4 228
136 49 7 139
137 5 40 196
138 31 49 54
140 49 13 139
141 5 58 100
144 5 49 196
144 31 52 54
147 31 7 228
150 5 1 205
153 49 16 139
153 31 37 54
156 31 46 54
158 49 19 139
159 5 4 205
159 49 25 139
159 31 19 228
161 31 10 228
162 31 13 228
163 49 31 139
164 31 22 228
167 5 52 196
168 31 1 228
169 49 34 139
170 5 58 196
171 5 15 205
172 49 43 139
175 31 28 228
177 5 7 205
179 49 37 139
185 5 25 205
186 5 28 205
188 49 25 200
189 49 46 139
191 31 40 228
199 5 40 205
199 49 52 139
4 46 17 130
8 46 35 130
9 46 29 130
10 14 33 132
12 14 25 132
17 14 22 132
17 46 41 130
19 46 19 130
20 14 35 132
21 46 23 130
26 46 31 130
28 46 5 130
31 46 3 130
34 46 13 130
37 46 25 130
42 46 43 130
44 14 17 132
45 46 7 130
46 46 1 130
47 46 11 130
51 46 27 130
54 14 5 132
63 46 21 130
65 14 11 132
66 46 33 130
67 14 7 132
67 46 45 130
74 14 9 132
79 14 1 132
81 14 31 132
85 46 53 130
88 46 37 130
90 14 28 132
98 14 19 132
102 46 5 172
103 46 9 130
107 14 13 132
109 14 3 132
111 46 47 130
111 14 37 132
113 14 58 132
117 14 15 132
125 46 39 130
131 14 41 132
133 14 39 132
133 46 49 130
135 46 15 130
136 14 49 132
138 46 57 130
139 14 47 132
143 14 53 132
148 46 7 172
151 46 23 172
152 14 45 132
153 46 28 172
156 14 43 132
158 46 35 172
160 46 51 130
161 14 55 132
164 14 1 69
164 46 59 130
167 14 4 69
173 14 10 69
173 46 55 130
176 46 17 172
177 46 41 172
179 14 13 69
180 46 25 172
181 14 17 69
182 46 37 172
184 46 47 172
187 46 39 172
190 14 19 69
192 14 51 132
193 46 4 264
198 14 7 69
1 68 43 278
1 21 49 126
2 68 49 278
2 21 55 126
3 68 55 278
4 76 31 243
7 21 37 126
10 68 37 278
11 76 39 243
21 76 43 243
22 68 33 278
29 68 43 273
30 68 55 273
31 68 49 273
36 21 49 40
38 21 49 224
39 76 15 243
40 68 55 8
42 76 49 243
43 76 55 243
48 68 31 273
50 68 25 278
56 21 25 126
59 76 55 69
67 68 19 278
69 68 37 273
71 68 37 8
74 68 13 278
76 68 7 278
78 68 7 273
78 76 33 69
83 68 37 71
84 21 13 126
85 21 21 126
89 76 37 69
89 21 55 40
93 21 7 126
94 21 31 126
96 21 49 259
104 76 7 243
107 68 43 8
109 68 13 273
110 68 55 71
114 68 13 8
115 68 13 71
116 21 19 40
117 68 25 273
117 76 49 69
119 21 13 40
120 21 25 40
122 68 25 8
125 21 1 126
127 68 31 8
129 21 19 224
130 76 25 243
134 76 1 243
135 76 55 125
136 68 19 273
137 21 31 40
138 68 19 8
142 76 25 69
142 21 1 40
145 76 31 125
146 76 51 125
147 21 13 224
148 21 31 224
150 21 7 40
153 76 19 243
156 21 37 40
157 76 13 125
159 68 31 71
159 76 37 125
160 21 25 224
161 21 31 259
163 76 43 69
163 21 1 224
165 21 55 224
172 76 3 125
175 76 43 125
177 68 49 8
180 68 3 278
180 76 21 69
180 21 43 126
181 76 19 125
182 68 39 109
183 21 3 259
190 21 9 224
191 68 19 71
7 9 17 73
14 9 35 73
16 9 23 73
18 9 29 73
27 9 41 73
29 9 47 73
32 9 11 73
34 9 5 73
36 9 53 73
37 9 59 73
42 9 5 135
50 9 7 135
56 9 37 84
58 9 13 135
60 9 11 135
64 9 19 135
68 9 16 135
83 9 25 135
86 9 21 135
95 9 1 135
105 9 23 135
106 9 3 135
110 9 29 135
122 9 31 135
125 9 33 135
133 9 35 135
143 9 41 135
150 9 37 135
156 9 49 135
178 9 39 135
180 9 27 135
183 9 53 135
187 9 43 135
194 9 47 135
195 9 59 135
199 9 55 135
1 23 55 4
5 23 49 4
19 23 37 4
23 23 19 4
47 23 21 197
52 23 55 197
64 23 31 4
65 23 43 4
77 23 31 197
79 23 25 4
84 23 43 197
85 23 55 299
86 23 55 101
100 23 1 4
101 23 13 4
104 23 31 299
122 23 13 197
127 23 25 197
141 23 1 197
144 23 7 4
149 23 49 197
153 23 7 197
167 23 7 299
169 23 25 299
180 23 13 299
183 23 25 157
186 23 49 299
192 23 19 299
11 28 31 17
18 28 34 17
21 28 28 17
23 28 37 17
25 28 40 17
32 28 43 17
36 28 55 17
40 28 16 17
45 28 9 17
47 28 25 17
55 28 58 17
59 28 19 17
64 28 52 17
67 28 25 20
69 28 4 17
70 28 1 17
71 28 49 17
74 28 19 20
84 28 7 20
92 28 13 17
94 28 46 17
101 28 4 20
103 28 1 20
104 28 58 20
106 28 22 17
116 28 13 20
117 28 37 20
118 28 28 20
121 28 10 20
122 28 45 20
128 28 16 20
134 28 19 26
141 28 22 20
143 28 31 20
144 28 34 20
145 28 40 20
153 28 13 26
156 28 16 26
158 28 7 26
164 28 25 26
165 28 31 26
166 28 1 26
168 28 28 26
174 28 49 20
177 28 55 20
186 28 40 26
188 28 28 127
189 28 52 20
196 28 1 127
7 16 23 38
9 16 31 38
10 27 35 242
12 27 29 242
13 27 17 242
14 27 25 242
15 16 29 38
19 27 31 242
20 27 23 242
22 16 16 38
23 16 33 38
23 27 40 242
28 16 37 38
29 27 49 242
32 16 35 38
34 16 19 38
39 27 27 242
43 27 3 242
47 27 13 242
48 16 1 38
50 27 5 242
56 27 7 242
58 27 15 242
59 16 5 38
60 27 19 242
62 16 11 38
63 27 37 242
65 27 33 242
68 27 11 242
69 16 25 38
77 27 1 242
81 27 21 242
82 27 47 242
83 16 41 38
86 27 52 242
87 16 7 38
87 27 9 242
88 16 27 38
89 27 59 242
96 27 43 242
98 27 45 242
103 27 49 49
105 27 43 49
109 16 49 38
110 16 13 38
119 27 55 242
121 16 43 38
121 27 45 49
126 16 9 38
128 27 23 165
130 16 45 38
132 27 53 49
136 27 57 242
137 27 29 165
138 16 52 38
140 27 35 165
141 16 39 38
144 27 47 165
145 27 55 49
146 27 37 165
150 16 35 60
151 16 47 38
154 27 53 165
155 27 5 188
157 27 11 188
166 27 17 188
176 16 31 60
177 27 59 165
179 27 23 188
186 16 43 60
187 27 35 188
188 16 21 38
189 27 41 188
192 16 59 38
194 27 29 188
196 27 47 188
197 27 59 188
199 27 49 188
200 27 1 230
4 77 43 152
7 38 43 91
8 38 49 91
11 37 45 179
11 77 55 152
12 37 37 179
21 37 49 179
23 38 43 258
25 37 31 292
30 38 43 40
31 37 55 179
35 77 25 152
37 77 37 152
42 37 45 292
42 38 55 91
43 37 37 292
44 37 49 292
46 37 55 292
49 37 49 218
50 77 49 152
51 37 55 218
56 38 31 91
58 37 25 292
60 77 43 203
64 38 37 91
74 37 25 218
74 38 49 258
74 77 55 203
78 38 37 258
78 77 49 203
80 37 45 218
83 77 55 6
84 77 33 152
92 38 55 258
94 37 39 233
95 37 49 233
99 77 49 251
100 77 25 203
108 77 51 206
111 37 55 233
112 38 25 91
113 37 7 292
119 38 19 91
120 77 19 152
126 77 13 152
129 37 49 290
131 37 31 218
132 38 19 258
133 77 43 251
137 37 19 292
139 77 3 152
141 77 13 203
142 38 31 258
142 37 55 290
149 37 45 233
152 37 13 292
156 37 31 233
158 38 31 80
165 37 15 233
167 38 19 80
169 37 9 233
170 38 37 80
173 37 37 290
174 37 31 290
176 38 13 91
177 38 13 258
184 38 7 91
194 77 25 251
198 37 21 218
198 77 9 152
9 24 33 105
10 24 43 105
15 24 46 105
25 24 28 105
27 24 37 105
28 24 40 105
30 24 22 105
35 24 52 105
38 24 4 292
43 24 10 105
45 24 19 105
46 24 49 105
50 24 13 105
54 24 22 131
58 24 55 105
62 24 58 105
68 24 34 131
70 24 4 105
80 24 49 131
87 24 25 105
90 24 46 131
97 24 7 105
101 24 25 131
105 24 10 131
106 24 7 131
111 24 16 105
121 24 19 131
123 24 3 131
126 24 19 146
130 24 16 131
138 24 31 131
140 24 28 131
144 24 4 146
154 24 10 146
166 24 13 131
168 24 13 146
170 24 43 131
171 24 1 292
175 24 22 146
177 24 27 146
184 24 40 131
198 24 37 131
200 24 52 131
3 19 29 186
8 19 17 186
13 32 23 236
13 19 34 186
21 19 37 186
24 19 5 186
26 32 33 236
26 19 40 186
27 19 31 186
30 19 13 186
32 32 17 236
33 19 11 186
34 32 29 236
38 32 11 236
39 19 23 186
41 32 13 236
43 32 19 236
43 19 43 186
44 19 25 186
45 32 27 236
45 19 47 186
46 19 7 186
48 32 35 236
48 19 49 186
51 32 1 236
52 19 52 186
56 32 5 236
58 19 17 182
60 19 59 186
62 32 21 236
64 32 7 236
68 19 19 186
71 32 41 236
72 19 5 182
76 19 19 182
77 19 11 182
79 19 55 186
81 32 37 236
82 19 15 186
84 32 47 236
86 19 7 182
97 32 53 236
99 19 57 186
100 32 39 236
101 32 31 236
102 32 25 236
109 19 1 186
112 32 59 236
122 19 49 128
123 32 15 236
127 19 1 182
141 32 43 236
142 32 51 236
144 32 59 82
145 32 7 208
146 19 23 182
152 19 9 186
154 32 55 236
155 32 3 236
156 32 41 82
158 19 28 182
160 19 34 182
161 32 49 236
171 32 46 82
176 19 41 182
178 32 5 208
178 19 13 182
179 32 45 236
180 32 49 82
185 19 31 182
190 32 57 236
194 19 49 182
198 19 25 182
200 19 9 182
4 78 29 125
5 78 35 125
12 78 41 125
16 78 47 125
18 78 59 125
22 78 49 125
27 78 17 125
31 78 11 125
41 78 40 139
45 78 23 125
49 78 1 125
51 78 25 125
53 78 22 139
54 78 59 139
63 78 27 125
66 78 7 125
68 78 55 139
70 78 17 284
71 78 29 284
89 78 23 284
92 78 25 284
99 78 47 284
123 78 35 284
135 78 41 284
140 78 9 125
141 78 31 284
151 78 27 284
160 78 37 284
161 78 53 284
166 78 43 284
170 78 5 287
184 78 55 284
185 78 33 284
187 78 45 284
189 78 49 284
191 78 57 139
194 78 11 287
196 78 59 284
Điểm tối ưu: 2923
Thời gian: 0.247845 giây
Trạng thái: GREEDY_DONE
