1469
8 51 1 102
9 51 4 102
13 51 7 102
21 51 10 102
25 51 13 102
28 51 16 102
31 51 19 102
34 51 22 102
39 51 25 102
42 51 28 102
49 51 31 102
61 51 34 102
62 51 37 102
77 51 40 102
78 51 43 102
83 51 46 102
89 51 49 102
90 51 52 102
3 83 1 56
4 84 1 29
7 83 3 56
8 84 4 29
9 83 7 56
11 83 5 56
14 83 9 56
16 84 7 29
21 83 13 56
28 83 11 56
28 84 9 29
33 84 11 29
34 83 15 56
34 84 13 29
36 83 17 56
40 84 15 29
43 84 17 29
44 84 19 29
47 83 19 56
48 84 21 29
51 83 21 56
56 83 23 56
57 84 23 29
63 83 25 56
64 84 25 29
65 84 27 29
66 83 27 56
70 84 29 29
72 83 29 56
72 84 31 29
74 84 33 29
75 84 35 29
76 84 37 29
85 83 31 56
85 84 39 29
88 83 33 56
90 84 41 29
92 84 43 29
5 22 1 62
10 22 4 62
11 22 7 62
13 22 10 62
24 22 13 62
27 22 16 62
31 22 22 62
38 22 19 62
39 22 28 62
56 22 25 62
63 22 31 62
70 22 34 62
78 22 37 62
87 22 40 62
89 22 43 62
4 24 3 60
13 24 1 60
23 24 5 60
31 24 7 60
32 24 9 60
47 24 11 60
53 24 13 60
54 24 15 60
57 24 17 60
59 24 19 60
61 24 21 60
64 24 23 60
77 24 25 60
79 24 27 60
82 24 29 60
87 24 31 60
88 24 35 60
90 24 33 60
1 15 1 42
2 23 1 24
3 23 7 24
4 15 7 42
5 23 13 24
6 67 1 25
6 23 19 24
7 15 13 42
8 15 19 42
8 23 25 24
13 15 25 42
16 67 9 25
18 67 13 25
21 23 31 24
22 15 31 42
25 67 19 25
30 67 25 25
36 67 31 25
36 23 37 24
38 15 37 42
38 23 43 24
39 15 43 42
39 23 49 24
40 67 37 25
42 15 49 42
42 23 55 24
44 15 55 42
45 23 43 25
47 67 49 25
48 15 1 100
51 23 55 25
52 15 7 100
53 23 1 76
57 23 7 76
58 67 1 28
58 15 13 100
59 23 13 76
60 15 19 100
61 23 25 76
62 15 25 100
62 67 7 28
63 67 13 28
64 15 31 100
68 15 37 100
70 15 43 100
71 15 49 100
72 67 19 28
74 15 55 100
78 67 25 28
79 67 31 28
81 23 19 76
82 15 1 103
83 67 37 28
84 67 43 28
85 15 7 103
87 67 49 28
87 23 33 76
92 23 37 76
3 38 3 17
4 38 13 17
4 60 16 5
5 38 7 17
5 80 4 13
5 60 10 5
7 38 10 17
9 60 1 5
11 80 1 13
12 80 7 13
13 80 13 13
14 60 4 5
15 38 16 17
20 80 10 13
21 60 7 5
24 60 19 5
25 60 25 5
28 38 19 17
29 38 22 17
29 60 13 5
31 60 28 5
34 38 25 17
36 80 19 13
37 80 16 13
39 60 22 5
40 60 31 5
42 38 31 17
45 80 22 13
46 60 34 5
47 38 28 17
47 80 25 13
50 38 34 17
51 80 28 13
54 80 31 13
54 60 37 5
57 60 40 5
60 60 43 5
61 38 37 17
62 80 34 13
63 60 46 5
64 38 40 17
64 60 49 5
65 38 43 17
69 80 37 13
70 80 40 13
71 80 43 13
74 60 52 5
75 60 55 5
80 80 46 13
80 60 58 5
81 80 49 13
83 60 1 67
86 38 46 17
87 80 55 13
89 80 52 13
89 60 4 67
90 38 49 17
91 80 58 13
91 60 7 67
92 38 52 17
5 2 17 8
9 2 9 8
10 2 1 8
14 2 7 8
18 2 3 8
21 2 5 8
23 2 11 8
31 2 13 8
34 2 19 8
35 2 15 8
47 2 21 8
59 2 23 8
60 2 25 8
62 2 29 8
78 2 31 8
81 2 27 8
85 2 33 8
90 2 35 8
91 2 37 8
1 7 39 8
2 9 7 40
2 57 13 12
3 9 13 40
3 11 19 4
3 57 25 12
5 9 19 40
6 9 25 40
7 10 19 11
9 9 31 40
10 10 7 11
11 11 13 4
11 57 19 12
12 11 1 4
13 57 3 12
15 57 7 12
16 57 31 12
17 10 1 11
18 7 43 8
18 10 25 11
19 7 49 8
19 11 7 4
20 7 55 8
22 11 25 4
23 7 1 49
23 11 31 4
24 9 1 40
24 57 37 12
26 9 37 40
26 57 43 12
28 9 43 40
29 10 31 11
31 57 49 12
32 10 13 11
33 7 7 49
33 10 37 11
34 57 55 12
35 10 43 11
36 10 49 11
37 11 37 4
41 7 13 49
41 10 55 11
42 10 1 73
46 7 19 49
46 10 7 73
47 11 43 4
48 10 13 73
49 10 19 73
50 11 49 4
52 57 1 47
53 7 25 49
53 9 49 40
53 10 31 73
54 9 55 40
54 11 1 15
56 7 31 49
56 11 55 4
57 9 1 84
57 10 25 73
59 10 37 73
59 11 7 15
59 57 25 47
60 57 7 47
63 7 37 49
63 57 19 47
65 11 13 15
66 7 43 49
66 9 7 84
67 57 13 47
69 11 19 15
70 10 49 73
71 57 31 47
72 9 13 84
74 9 19 84
76 9 25 84
76 57 39 47
78 9 33 84
78 11 49 15
79 9 37 84
80 7 49 49
81 10 43 73
82 9 43 84
85 10 55 73
85 57 43 47
86 10 1 81
88 7 55 49
88 57 49 47
89 7 7 83
89 57 55 47
90 7 1 83
92 9 55 84
92 57 1 58
1 3 7 7
1 8 10 1
1 82 13 16
2 8 19 1
3 82 31 16
4 14 22 1
4 53 19 27
5 8 25 1
5 14 28 1
5 53 31 27
6 14 7 1
7 8 31 1
7 14 34 1
7 82 7 16
7 53 25 27
8 76 7 27
8 14 13 1
9 14 16 1
10 82 16 16
10 53 13 27
12 14 37 1
13 14 40 1
17 82 10 16
19 40 1 27
19 76 4 27
19 21 13 7
21 14 1 1
22 76 10 27
22 14 4 1
23 8 43 1
23 14 46 1
24 82 22 16
25 3 1 7
25 21 4 7
26 82 1 16
27 40 22 27
27 8 49 1
27 76 28 27
27 14 52 1
27 82 4 16
28 76 34 27
28 82 25 16
28 21 22 7
29 8 55 1
29 76 16 27
29 14 58 1
30 8 37 56
30 21 10 7
31 21 16 7
32 40 37 27
34 76 40 27
34 21 28 7
35 40 49 27
35 76 52 27
36 8 43 56
38 8 49 56
39 21 19 7
40 40 43 27
40 82 19 16
41 76 46 27
46 14 1 31
47 76 55 27
48 40 58 27
48 76 7 37
48 21 25 7
49 3 34 7
49 8 40 56
50 40 4 31
51 76 1 37
52 21 31 7
53 3 37 7
53 14 7 31
54 76 10 37
54 14 19 31
55 8 46 56
55 21 40 7
56 40 10 31
58 3 43 7
58 53 7 53
59 76 4 37
60 3 46 7
60 21 49 7
60 82 28 16
61 3 52 7
66 76 13 37
67 40 22 31
67 53 1 53
68 40 13 31
69 76 16 37
69 21 55 7
70 3 58 7
71 21 1 43
72 14 25 31
72 82 34 16
72 21 4 43
72 53 10 53
73 14 16 31
75 14 28 31
76 53 4 53
76 82 43 16
77 8 52 56
77 14 31 31
78 3 1 48
78 40 40 31
79 8 55 56
79 21 7 43
79 53 13 53
80 3 4 48
82 53 16 53
83 40 34 31
83 76 19 37
84 14 37 31
84 53 19 53
85 3 13 48
85 8 1 63
85 82 49 16
86 14 43 31
86 53 22 53
87 82 37 16
87 21 10 43
88 8 4 63
88 82 40 16
89 3 16 48
89 76 22 37
89 82 46 16
90 21 13 43
91 76 25 37
91 14 46 31
92 76 28 37
3 68 11 21
3 31 17 40
4 27 25 43
8 25 10 19
8 31 23 40
11 25 17 19
12 68 5 21
14 45 1 34
15 68 1 21
16 68 3 21
17 45 5 34
19 25 19 19
20 45 3 34
20 25 1 19
20 31 5 40
21 27 16 43
24 45 7 34
24 31 11 40
25 68 7 21
26 45 9 34
28 25 3 19
29 31 29 40
30 25 5 19
32 25 7 19
32 27 19 43
32 31 35 40
33 27 21 43
34 45 11 34
35 45 13 34
35 68 9 21
36 25 13 19
37 27 23 43
37 31 41 40
38 68 13 21
38 31 47 40
40 31 53 40
42 25 15 19
42 27 34 43
43 27 27 43
45 27 29 43
47 27 31 43
50 68 15 21
52 25 21 19
53 68 17 21
54 45 17 34
55 25 23 19
55 27 37 43
57 27 43 43
57 45 15 34
57 68 19 21
58 45 19 34
58 31 59 40
59 27 41 43
59 31 11 76
59 45 21 34
60 25 31 19
62 27 45 43
62 31 5 76
63 31 17 76
65 25 25 19
66 27 39 43
67 25 27 19
67 31 29 76
68 31 23 76
69 68 23 21
69 45 25 34
72 45 23 34
72 25 37 19
73 68 21 21
73 27 47 43
75 31 31 76
76 45 29 34
76 27 49 43
78 25 29 19
81 45 31 34
82 25 33 19
83 68 25 21
84 31 41 76
86 68 27 21
86 25 35 19
87 68 29 21
87 31 43 76
88 31 45 76
91 31 49 76
92 27 59 43
1 64 45 29
1 36 19 6
1 49 25 10
1 56 33 34
2 89 25 26
2 4 31 37
2 55 37 41
2 29 43 88
3 65 37 22
3 20 43 3
3 56 49 34
4 4 37 37
4 29 27 88
5 56 37 34
6 65 13 22
6 20 31 3
6 55 43 41
7 36 37 6
7 69 43 2
7 29 49 88
7 62 55 9
8 55 31 41
8 56 43 34
9 89 19 26
10 64 49 29
10 20 19 3
10 62 25 9
11 56 55 34
12 62 13 9
14 4 43 37
14 37 13 39
14 20 25 3
14 62 19 9
15 49 3 10
15 20 37 3
16 64 55 29
16 65 19 22
16 56 13 55
16 29 37 88
17 64 13 59
17 49 19 10
17 20 49 3
18 64 7 59
18 65 31 22
18 37 19 39
18 56 37 55
18 62 49 9
19 89 31 26
19 36 25 6
19 20 55 3
20 37 25 39
20 20 13 3
20 29 19 88
21 29 55 88
22 34 39 19
22 18 13 44
22 56 19 55
23 64 19 59
24 64 25 59
24 89 43 26
24 36 31 6
24 56 49 55
25 64 31 59
26 37 31 39
26 18 19 44
26 89 13 26
27 65 7 22
27 89 37 26
27 29 31 88
28 37 37 39
28 49 49 10
28 18 55 44
29 64 1 59
29 69 7 2
29 56 25 55
30 65 1 22
30 36 13 6
30 37 43 39
30 4 49 37
30 20 31 9
31 36 1 6
31 37 9 39
32 4 55 37
32 34 43 19
32 37 1 39
32 49 31 10
32 55 21 41
32 62 25 30
33 64 43 59
33 65 25 22
34 37 49 39
34 49 7 10
35 20 1 3
35 37 55 39
35 64 37 59
36 37 1 95
36 69 25 2
36 18 7 3
37 64 49 59
37 49 43 10
37 89 1 26
37 62 7 9
38 65 55 22
38 37 7 95
39 64 55 59
39 69 1 2
39 49 13 10
39 55 7 41
40 36 7 6
40 56 1 55
40 62 49 30
40 89 55 26
41 65 49 22
41 36 37 10
41 55 1 41
41 89 7 26
41 62 19 30
42 37 19 95
42 69 37 2
43 20 1 9
43 29 7 88
43 34 49 19
44 64 51 76
44 65 43 22
44 36 7 63
44 56 31 55
44 29 1 88
45 65 13 41
45 36 49 6
45 37 25 95
45 55 55 41
45 29 1 90
46 37 49 84
46 18 25 44
46 20 37 9
47 65 1 54
48 64 31 97
48 34 37 21
48 29 43 90
49 34 55 19
49 36 43 6
49 37 13 95
49 4 1 44
49 20 25 63
49 29 7 90
50 34 43 21
50 62 7 30
51 65 49 41
51 34 31 21
51 49 7 51
52 18 37 44
52 29 13 88
53 65 19 54
53 36 55 6
54 18 43 44
54 56 49 63
54 29 25 90
55 20 13 63
55 34 49 21
56 34 13 67
57 56 45 55
57 89 49 26
58 64 55 76
58 4 31 44
58 56 21 63
59 20 43 9
60 49 55 10
61 64 1 97
61 36 43 63
61 18 7 44
61 56 55 55
62 4 49 44
62 55 1 66
63 69 49 2
63 20 55 63
63 56 7 55
64 4 1 50
64 49 13 51
64 20 19 103
64 18 7 85
64 56 27 68
65 36 31 63
65 49 1 51
66 36 1 89
66 37 31 95
66 69 19 2
67 20 37 63
67 89 7 72
68 64 7 97
68 36 19 89
68 69 31 2
68 37 43 95
68 29 49 90
69 34 27 67
69 69 1 23
70 34 19 67
70 49 25 51
70 62 1 30
71 89 13 72
71 34 55 21
71 37 37 95
71 55 25 41
72 36 39 89
72 49 43 51
72 55 49 66
73 4 7 50
73 36 25 89
73 18 1 85
73 20 31 103
74 64 13 97
74 4 25 50
74 37 1 101
75 34 37 67
75 36 7 89
75 37 49 95
75 20 13 103
76 29 13 90
77 37 55 95
77 20 27 103
77 29 19 90
77 62 13 30
78 34 55 67
78 55 7 66
78 89 19 72
79 34 43 67
79 69 19 23
79 37 49 101
79 49 1 69
80 37 7 101
80 18 13 85
80 29 31 90
81 65 7 54
81 36 13 89
81 20 37 103
82 89 25 72
82 65 37 54
82 69 55 2
82 20 49 103
83 56 7 68
83 89 49 72
84 36 31 89
84 89 1 72
84 56 13 68
86 65 13 54
86 18 31 85
87 65 25 54
87 37 13 101
87 89 45 72
88 18 19 85
88 49 25 53
89 64 25 97
89 65 31 54
90 64 19 97
90 20 43 103
91 4 13 50
91 36 51 89
91 18 39 85
92 64 45 97
92 65 7 82
92 69 13 2
1 32 16 86
1 73 49 50
1 72 52 46
1 79 55 45
2 70 55 28
2 19 22 65
3 79 34 45
4 1 31 14
4 79 43 45
6 70 58 28
6 54 55 17
8 54 58 17
9 26 43 54
9 71 13 35
9 79 25 45
10 70 31 52
10 81 34 65
10 26 46 54
11 26 49 54
11 32 10 86
11 73 31 50
12 32 19 86
12 70 10 52
12 19 25 65
13 71 16 35
13 70 19 52
13 19 31 65
14 32 31 86
14 79 37 45
15 81 13 65
16 79 28 45
16 81 43 65
17 70 7 52
17 19 28 65
18 72 55 46
18 26 58 54
20 32 7 86
20 1 34 14
20 72 31 46
20 79 40 45
20 19 37 65
21 1 19 14
21 71 22 35
21 73 37 50
22 19 1 65
23 70 13 52
23 73 40 50
23 54 51 43
24 81 16 65
24 19 55 65
25 70 16 52
26 26 52 54
26 81 4 65
26 54 55 43
27 19 19 65
28 26 13 86
28 19 31 72
29 71 19 35
32 54 40 51
33 1 1 14
33 19 49 65
34 54 31 51
35 19 34 72
35 32 22 86
35 70 25 52
36 1 22 14
36 71 46 35
36 79 58 45
36 81 55 80
37 71 25 35
37 19 58 65
38 32 1 86
38 70 4 52
38 19 52 65
38 26 25 86
39 72 34 46
40 1 25 14
40 70 22 52
40 72 28 46
40 79 46 45
41 32 28 86
41 70 34 52
41 79 31 45
42 72 7 46
42 79 10 45
43 32 34 86
43 71 31 35
43 72 13 46
43 73 19 50
43 79 22 45
43 81 40 65
44 71 28 35
44 73 22 50
45 71 7 35
45 72 10 46
48 1 10 14
48 70 28 52
48 19 55 72
49 1 37 14
49 73 52 50
49 19 49 81
50 1 28 14
51 32 4 86
51 1 13 14
51 71 37 35
51 72 16 46
51 73 43 50
51 26 40 86
52 73 34 50
53 81 10 65
54 70 40 52
54 71 34 35
54 79 7 45
55 70 1 52
55 71 4 35
55 73 55 50
56 72 1 46
56 26 37 86
57 19 37 72
57 26 55 54
57 81 31 80
58 70 37 52
58 79 49 45
60 19 40 72
60 70 52 52
60 72 4 46
61 32 49 86
61 81 13 80
62 1 16 14
62 73 58 50
62 79 13 45
63 71 1 35
63 19 27 81
64 26 43 86
64 19 46 65
64 54 37 51
65 79 19 45
65 81 7 65
66 1 49 14
66 71 52 35
66 81 16 80
67 19 58 72
67 32 46 86
67 71 43 35
68 1 4 14
68 73 55 103
68 19 16 81
69 73 46 50
70 70 55 52
70 79 16 45
70 19 7 81
71 73 4 106
71 26 7 87
72 79 1 45
72 26 55 86
73 70 43 52
73 73 58 103
73 79 52 45
74 70 46 52
74 72 37 46
74 79 7 61
74 54 49 51
75 70 58 52
75 79 4 45
76 72 19 46
76 79 1 61
76 19 10 81
76 26 52 86
77 1 7 14
77 70 49 52
77 81 1 80
78 73 13 106
78 72 46 46
78 81 4 80
80 70 1 87
80 72 22 46
80 81 19 80
83 1 43 14
83 26 58 86
83 32 4 87
84 32 10 87
84 71 49 35
86 70 19 87
86 81 7 80
86 19 37 81
86 54 52 51
87 1 58 14
88 19 13 81
88 26 16 87
89 81 37 80
90 32 25 87
90 26 28 87
91 70 22 87
91 81 10 80
1 42 5 3
2 6 5 18
2 42 11 3
2 78 53 29
2 59 17 2
3 59 23 2
4 59 5 2
4 88 47 8
5 42 23 3
6 78 29 53
6 59 11 2
8 88 53 8
9 87 11 11
10 6 11 18
10 87 23 11
10 59 29 2
11 50 23 10
11 59 35 2
11 88 59 8
13 6 22 18
13 87 29 11
13 88 35 37
14 6 17 18
15 88 41 37
15 59 47 2
16 39 5 4
17 39 17 4
18 87 5 11
18 59 41 2
19 87 17 11
21 59 53 2
22 50 17 10
22 78 59 29
23 39 23 4
23 6 7 18
23 88 59 37
25 78 35 53
25 87 41 11
26 88 47 37
26 59 59 2
27 42 35 3
27 88 25 46
29 42 41 3
31 78 31 53
31 87 35 11
32 6 29 18
32 78 47 53
33 78 33 53
34 78 37 53
34 59 5 28
35 42 17 3
37 87 47 11
38 6 15 18
38 50 11 10
40 6 13 18
40 39 11 4
40 50 35 10
40 59 17 28
41 88 53 37
42 6 25 18
42 88 41 46
43 59 11 28
43 78 43 53
44 42 47 3
44 87 59 11
45 39 35 4
45 42 53 3
45 87 5 32
46 59 23 28
47 39 41 4
47 50 47 10
47 88 58 46
48 39 47 4
49 39 29 4
50 87 53 11
52 42 29 3
52 87 11 32
52 88 43 46
53 39 53 4
53 42 59 3
54 42 5 20
55 6 9 18
55 50 29 10
55 78 53 53
55 88 58 62
56 6 19 18
56 88 49 46
57 59 29 28
58 78 40 53
58 59 35 28
59 39 59 4
59 78 49 53
60 39 11 51
60 42 1 20
60 87 13 32
61 42 11 20
61 50 41 10
62 6 31 18
62 87 19 32
62 88 47 62
63 39 5 51
63 88 53 62
64 39 17 51
64 87 35 32
64 59 53 28
65 78 51 53
65 50 53 10
65 87 17 32
65 59 41 28
66 59 47 28
66 50 59 10
66 88 55 62
67 78 55 53
67 88 49 62
68 78 58 53
70 50 5 84
72 78 7 57
73 50 35 56
75 6 1 18
76 42 7 20
76 50 58 56
77 78 45 53
78 39 23 51
79 50 11 84
81 50 1 10
81 87 3 32
82 50 23 84
83 42 13 20
83 78 11 57
83 88 15 77
84 6 27 18
84 39 29 51
84 42 17 20
84 88 5 77
85 78 4 57
86 42 25 20
86 78 17 57
87 6 3 18
87 59 1 38
88 42 9 20
88 88 1 77
89 78 1 57
89 88 11 77
90 50 17 84
91 39 19 51
91 87 1 32
92 78 19 57
2 61 49 96
4 63 49 48
5 35 43 66
5 61 55 96
6 35 37 66
8 63 37 48
10 63 55 48
12 63 31 48
13 35 55 66
13 61 43 96
14 35 49 67
15 35 19 66
15 86 27 20
15 61 31 96
16 86 49 20
19 35 21 99
22 61 43 101
23 86 55 20
23 63 25 48
25 35 9 99
25 86 37 20
25 61 55 101
25 63 43 48
26 61 25 96
29 86 43 20
30 86 19 20
31 61 37 96
31 63 55 51
34 35 1 99
39 35 37 99
42 35 43 99
44 63 13 69
45 35 31 66
46 35 13 66
48 86 49 60
50 35 55 99
50 61 19 96
52 61 25 101
55 35 25 66
55 86 31 20
56 35 51 99
59 35 31 67
60 35 15 99
67 35 31 99
68 35 25 99
69 61 7 96
73 86 37 60
75 86 43 60
76 61 31 101
80 63 25 69
83 86 27 64
91 86 3 64
92 61 21 101
92 63 31 69
1 17 58 83
8 12 49 18
9 12 37 18
12 17 22 83
14 12 34 18
15 17 43 83
16 12 46 18
17 17 25 83
21 17 28 83
22 17 49 83
22 12 52 18
30 12 40 18
30 17 55 83
33 12 55 18
33 17 13 83
35 17 19 83
37 12 55 90
37 17 31 83
41 12 43 18
50 17 37 83
56 17 40 83
69 12 58 18
71 17 46 83
81 12 58 90
81 17 34 83
85 17 16 83
1 74 23 36
1 77 29 23
3 74 29 36
3 52 41 23
4 85 11 30
6 13 52 16
7 77 59 16
7 85 5 30
8 74 16 36
9 13 55 16
9 74 35 36
9 85 23 30
11 85 29 30
12 13 57 16
14 52 11 23
15 74 11 36
15 77 23 23
16 74 1 36
17 77 31 23
17 13 23 26
19 85 35 30
19 52 37 23
20 77 17 23
20 52 43 23
21 13 35 26
21 52 25 23
21 85 40 30
22 13 29 26
23 85 17 30
25 77 47 23
28 74 5 36
28 52 7 23
29 74 37 36
29 52 5 23
30 74 7 36
31 77 33 23
31 52 45 23
32 13 5 26
32 52 49 23
32 77 51 23
33 85 31 30
35 77 59 23
35 85 47 30
37 77 13 23
37 52 35 23
38 85 33 30
39 85 53 30
40 77 5 42
41 85 59 30
42 52 53 23
43 74 25 36
43 85 37 30
44 13 11 26
45 77 39 23
46 77 55 23
46 13 17 26
47 85 5 47
50 77 11 42
50 13 41 26
51 77 23 42
52 74 19 36
52 77 57 23
53 74 40 36
53 85 43 30
56 74 21 36
56 13 47 26
57 13 53 26
57 52 5 39
58 13 25 57
58 77 27 23
59 77 17 42
59 85 55 30
60 52 23 39
61 77 29 42
62 74 43 36
64 52 59 39
65 13 59 26
66 13 23 57
67 13 35 57
67 52 17 39
68 74 47 36
69 74 13 36
69 77 35 42
72 77 47 42
73 13 13 57
73 52 29 39
74 52 35 39
75 13 21 57
76 13 46 57
77 77 59 42
79 77 41 42
80 77 53 42
80 85 11 47
81 77 11 67
81 52 41 39
83 52 53 39
83 77 17 67
85 13 27 57
85 52 47 39
85 74 52 36
86 77 41 67
87 77 23 67
88 13 29 57
88 52 7 39
89 74 59 36
90 77 9 23
91 13 31 57
92 77 25 67
92 52 5 89
92 85 17 47
9 46 49 74
12 75 49 31
12 46 43 74
14 75 55 31
19 46 39 74
44 46 37 90
47 46 7 74
62 46 21 74
65 46 55 36
2 44 58 69
3 43 55 60
4 5 55 32
4 47 58 32
5 44 49 36
5 30 34 51
6 30 49 98
7 47 28 32
8 41 55 35
9 30 28 98
9 47 40 32
10 44 37 69
10 47 43 32
10 30 40 98
11 41 40 35
11 44 43 69
12 44 40 69
13 44 49 69
13 30 37 98
14 47 40 61
15 43 58 60
16 41 25 58
17 33 43 89
17 41 58 35
17 30 33 98
19 5 46 32
20 30 45 98
21 41 43 58
22 44 7 69
22 30 55 98
23 5 37 32
27 41 13 58
29 44 52 69
30 30 58 98
31 44 25 92
33 33 58 89
33 44 4 92
33 30 16 98
35 44 31 36
38 47 22 32
39 5 31 32
41 47 25 32
43 41 46 58
43 44 55 69
44 47 25 61
45 47 19 61
46 33 46 89
46 41 31 58
47 30 13 98
50 30 1 98
51 47 46 61
55 44 19 69
56 41 7 58
58 41 10 35
58 47 52 32
59 44 1 92
61 44 16 92
65 44 10 69
67 30 4 98
67 44 19 92
69 41 40 58
69 47 49 32
70 41 10 58
71 44 22 69
71 47 10 61
71 30 19 98
74 47 43 61
75 47 25 70
77 41 34 58
80 41 37 58
80 47 55 61
82 41 19 58
83 30 22 98
84 41 22 58
84 47 7 32
86 41 49 58
87 44 7 92
88 41 37 104
90 44 37 92
90 47 58 61
15 58 49 97
27 58 43 81
37 58 19 81
47 58 33 81
65 58 37 97
3 48 58 93
11 16 37 57
11 48 46 14
12 16 28 75
15 48 55 14
17 16 40 57
26 48 49 93
27 16 55 57
33 16 52 57
43 16 58 57
46 16 43 57
46 48 4 93
47 16 16 75
47 48 37 93
50 48 25 93
52 48 52 14
55 16 43 75
61 16 31 75
62 48 40 14
65 16 22 75
69 16 52 75
73 48 55 93
81 16 55 75
82 16 7 75
89 48 13 93
90 16 55 78
4 66 34 61
12 66 17 61
20 66 23 61
24 66 5 61
27 66 1 74
35 66 28 61
39 66 5 74
42 66 13 61
48 66 53 61
51 66 11 74
59 66 51 61
60 66 37 61
62 66 53 74
67 66 25 74
70 66 31 61
81 66 17 74
84 66 35 74
86 66 29 74
9 28 46 78
17 28 37 78
24 28 58 78
29 28 49 78
56 28 4 78
74 28 10 78
85 28 19 78
91 28 28 78
Điểm tối ưu: 1469
Thời gian: 0.336381 giây
Trạng thái: GREEDY_DONE
