2127
1 64 1 149
1 3 7 2
2 33 1 28
2 45 7 114
3 12 1 112
4 33 7 28
4 12 13 112
4 91 1 8
5 68 1 55
5 53 7 86
5 91 13 8
5 94 19 82
6 33 13 28
6 64 7 149
6 54 1 37
7 66 1 15
7 72 7 60
7 76 13 105
7 14 19 155
8 64 13 149
8 66 7 15
8 91 19 8
9 33 19 28
9 12 7 112
9 53 1 86
10 33 25 28
10 3 1 2
10 76 7 105
10 14 13 155
10 53 19 86
10 94 31 82
11 66 13 15
11 14 1 155
11 15 7 21
11 94 25 82
12 107 1 148
12 15 13 21
13 76 1 105
14 72 1 60
14 45 13 114
14 91 7 8
15 12 19 112
16 72 13 60
16 94 1 82
17 15 1 21
18 72 19 60
18 107 7 148
18 14 25 155
18 15 31 21
19 45 1 114
19 54 7 37
19 91 25 8
20 54 13 37
20 66 19 15
20 76 25 105
20 94 7 82
21 14 7 155
21 45 19 114
21 64 25 149
21 72 31 60
21 107 13 148
22 3 13 2
22 91 31 8
23 107 19 148
23 15 25 21
23 12 31 112
23 91 37 8
24 66 25 15
24 72 37 60
24 107 31 148
24 53 13 86
24 54 19 37
25 64 19 149
25 72 25 60
25 14 31 155
26 72 43 60
26 54 25 37
27 91 43 8
28 64 31 149
28 72 49 60
29 45 25 114
29 53 31 86
29 72 55 60
30 64 37 149
30 53 25 86
31 66 31 15
31 107 25 148
31 94 13 82
32 76 19 105
33 53 37 86
34 33 31 28
34 107 37 148
34 53 43 86
34 94 49 82
35 66 37 15
35 3 19 2
35 12 25 112
35 76 31 105
35 15 43 21
36 64 43 149
36 12 37 112
36 14 49 155
37 64 49 149
37 53 55 86
38 107 43 148
39 68 7 55
39 53 49 86
40 3 25 2
40 54 31 37
40 91 49 8
41 33 37 28
42 64 55 149
42 76 37 105
43 33 43 28
43 66 49 15
43 3 31 2
44 107 49 148
44 12 43 112
44 94 37 82
45 3 37 2
47 91 55 8
48 33 49 28
48 76 43 105
48 45 31 114
49 66 43 15
50 15 19 21
50 45 37 114
50 68 13 55
51 12 49 112
51 76 55 105
51 54 37 37
52 66 55 15
53 3 43 2
53 76 49 105
53 14 37 155
54 12 55 112
54 14 43 155
55 94 43 82
56 45 43 114
56 94 55 82
57 33 55 28
58 45 49 114
60 15 37 21
61 14 55 155
61 54 43 37
62 68 19 55
62 45 55 114
62 15 49 21
63 107 55 148
64 15 55 21
64 54 49 37
65 54 55 37
69 68 25 55
70 3 49 2
70 68 31 55
75 68 37 55
81 3 55 2
85 68 43 55
92 68 49 55
98 68 55 55
1 43 13 151
1 56 16 109
2 62 13 19
3 56 7 109
4 98 19 109
5 103 25 43
8 103 1 43
8 41 4 144
8 56 25 109
10 96 37 16
11 103 19 43
16 96 7 16
16 103 10 43
17 103 7 43
17 56 10 109
18 67 1 147
20 56 1 109
22 41 1 144
22 56 4 109
22 62 7 19
22 96 10 16
23 98 13 109
23 41 7 144
24 62 1 19
26 43 1 151
26 56 22 109
27 98 28 109
27 43 4 151
29 67 4 147
29 103 13 43
30 98 31 109
30 62 4 19
31 67 7 147
31 103 4 43
31 41 10 144
31 56 37 109
32 67 10 147
32 103 16 43
32 62 25 19
33 41 13 144
33 56 34 109
33 98 43 109
34 67 13 147
34 56 55 109
35 67 16 147
36 43 7 151
38 98 40 109
38 103 22 43
39 103 28 43
39 41 16 144
40 67 19 147
41 43 10 151
41 56 46 109
41 62 16 19
42 98 49 109
43 103 37 43
43 41 19 144
44 41 22 144
45 43 16 151
48 96 1 16
48 62 10 19
49 98 52 109
49 41 25 144
50 103 31 43
51 41 28 144
52 96 4 16
53 41 31 144
54 62 19 19
55 98 58 109
57 103 34 43
57 62 22 19
58 96 13 16
59 103 40 43
59 43 19 151
59 41 34 144
60 96 16 16
60 43 22 151
61 96 19 16
66 41 37 144
66 96 22 16
67 96 25 16
67 67 22 147
67 103 43 43
68 96 28 16
68 103 46 43
69 103 49 43
70 41 40 144
70 96 43 16
70 103 55 43
71 67 25 147
74 43 25 151
75 96 31 16
77 41 43 144
78 96 34 16
78 67 28 147
78 103 52 43
78 62 31 19
79 62 28 19
79 67 31 147
80 67 34 147
83 41 46 144
83 62 34 19
84 96 40 16
84 103 58 43
86 62 37 19
87 96 46 16
87 62 40 19
89 62 43 19
90 62 46 19
91 62 49 19
92 96 55 16
93 67 37 147
94 96 49 16
94 67 40 147
95 43 28 151
98 41 49 144
100 96 52 16
100 43 31 151
102 62 52 19
103 62 55 19
104 41 52 144
105 41 55 144
105 62 58 19
107 67 43 147
107 43 34 151
110 41 58 144
116 96 58 16
117 43 37 151
120 43 40 151
121 43 43 151
123 43 46 151
126 67 46 147
128 43 49 151
136 43 52 151
141 43 55 151
147 67 49 147
148 67 52 147
149 43 58 151
150 67 55 147
155 67 58 147
1 95 5 152
2 28 5 13
3 95 10 152
4 48 5 125
4 86 11 140
5 71 5 8
6 86 5 140
6 95 17 152
7 71 11 8
11 48 11 125
11 63 5 63
12 108 5 138
12 28 7 13
13 86 7 140
14 78 5 95
15 71 17 8
16 63 17 63
16 78 19 95
16 86 21 140
18 71 23 8
18 106 4 81
18 95 13 152
19 95 15 152
20 95 23 152
21 95 1 152
21 106 11 81
22 95 19 152
22 106 17 81
23 28 1 13
23 63 3 63
25 48 1 125
25 86 3 140
26 108 7 138
26 63 9 63
27 63 1 63
28 86 1 140
28 63 7 63
29 71 29 8
29 95 7 152
30 106 1 81
30 63 11 63
31 78 1 95
32 108 1 138
33 106 7 81
34 106 9 81
34 63 19 63
36 106 13 81
36 28 3 13
37 108 3 138
38 71 35 8
38 108 9 138
38 48 3 125
39 108 11 138
39 78 3 95
39 48 13 125
39 63 21 63
40 48 7 125
41 71 41 8
41 106 19 81
42 28 9 13
42 48 15 125
42 78 7 95
43 106 15 81
43 63 13 63
44 28 11 13
44 63 15 63
45 28 13 13
46 95 3 152
46 108 13 138
47 78 9 95
47 95 21 152
49 106 21 81
49 86 9 140
50 63 23 63
50 106 25 81
51 108 15 138
52 106 23 81
52 28 15 13
54 63 25 63
54 95 27 152
55 78 11 95
56 106 27 81
56 78 13 95
57 95 25 152
58 95 29 152
59 48 9 125
60 108 19 138
60 78 25 95
61 86 13 140
61 108 17 138
63 48 17 125
63 86 15 140
63 106 29 81
65 71 47 8
65 106 31 81
66 78 15 95
66 86 17 140
67 95 31 152
68 28 17 13
68 63 31 63
69 48 19 125
69 63 29 63
70 48 21 125
71 106 33 81
71 78 17 95
72 28 19 13
72 95 33 152
73 48 23 125
73 95 35 152
75 48 25 125
75 63 27 63
75 78 21 95
75 106 35 81
75 108 23 138
76 28 21 13
76 63 33 63
76 71 53 8
76 86 19 140
76 106 37 81
77 106 39 81
78 78 23 95
79 78 34 95
79 106 41 81
80 71 59 8
80 108 21 138
80 28 23 13
81 63 35 63
83 48 27 125
84 95 37 152
85 86 23 140
85 63 37 63
86 86 25 140
86 95 40 152
87 48 29 125
88 106 43 81
88 108 25 138
89 108 27 138
89 78 29 95
89 63 39 63
92 63 41 63
92 78 27 95
92 108 29 138
94 78 31 95
97 106 45 81
97 28 25 13
98 86 27 140
99 28 27 13
99 63 43 63
99 95 45 152
100 108 34 138
102 95 43 152
106 48 31 125
107 78 37 95
107 48 39 125
108 108 31 138
108 28 29 13
110 28 31 13
111 108 37 138
112 108 39 138
114 95 47 152
115 86 29 140
115 108 41 138
116 108 43 138
116 95 49 152
117 106 47 81
117 108 45 138
117 48 33 125
117 95 51 152
118 86 31 140
118 95 53 152
119 28 33 13
120 28 35 13
121 63 46 63
121 78 39 95
122 86 33 140
123 28 37 13
124 78 41 95
124 108 47 138
125 28 39 13
125 48 35 125
125 63 49 63
125 78 43 95
125 86 37 140
125 106 51 81
126 28 41 13
126 63 51 63
127 28 43 13
127 78 45 95
127 86 35 140
127 108 49 138
128 63 53 63
128 86 39 140
128 106 55 81
128 108 57 138
129 48 37 125
131 86 41 140
132 63 55 63
134 48 41 125
134 95 55 152
134 106 49 81
135 78 47 95
137 106 53 81
137 108 51 138
138 28 45 13
139 106 57 81
139 78 49 95
140 63 57 63
141 48 43 125
142 78 51 95
142 48 45 125
143 78 53 95
143 86 43 140
143 28 47 13
144 108 53 138
144 28 49 13
145 95 57 152
146 28 51 13
147 48 47 125
149 86 45 140
150 106 59 81
151 48 49 125
151 95 59 152
151 108 55 138
152 28 53 13
153 78 55 95
153 86 47 140
154 48 51 125
154 108 59 138
156 28 55 13
1 32 19 31
1 2 25 11
3 16 13 48
3 32 25 31
4 16 25 48
6 32 31 31
6 16 19 48
7 16 31 48
8 2 31 11
12 32 9 31
12 16 37 48
12 88 19 49
13 88 9 49
15 32 1 31
15 88 13 49
17 2 13 11
22 2 21 11
23 88 43 49
26 2 37 11
27 88 31 49
28 32 13 31
30 2 7 11
32 32 37 31
32 2 3 11
32 88 49 49
37 88 25 49
38 2 49 11
39 32 43 31
40 32 55 31
40 16 1 48
41 88 1 49
48 2 55 11
53 16 7 48
55 16 49 48
56 88 37 49
57 2 43 11
59 32 49 31
60 32 1 85
65 32 7 85
67 16 55 48
69 88 55 49
78 16 43 48
78 88 1 70
80 88 7 70
83 32 13 85
83 88 19 70
86 32 19 85
86 88 13 70
90 32 25 85
94 32 33 85
97 88 27 70
100 88 37 70
101 88 31 70
108 88 43 70
109 32 37 85
112 88 49 70
118 32 43 85
119 88 55 70
121 32 49 85
123 32 55 85
1 11 31 80
2 11 16 80
2 20 19 59
2 31 22 24
2 49 25 74
3 82 19 23
4 1 22 40
4 49 31 74
4 82 34 23
4 60 37 133
5 11 28 80
5 26 31 73
5 60 34 133
6 11 25 80
6 49 28 74
6 31 37 24
7 11 37 80
8 1 28 40
8 73 37 7
8 49 40 74
8 61 43 111
9 1 13 40
9 49 16 74
9 26 25 73
9 61 28 111
10 11 40 80
10 82 43 23
10 20 46 59
10 26 49 73
11 44 22 32
12 11 34 80
12 44 25 32
12 82 28 23
12 61 31 111
13 49 13 74
13 24 16 12
14 49 19 74
15 4 7 84
15 82 10 23
16 26 28 73
16 31 25 24
16 49 34 74
16 61 37 111
16 73 31 7
17 1 19 40
17 11 22 80
17 61 25 111
18 26 15 73
18 60 40 133
19 73 19 7
19 49 22 74
19 24 31 12
20 11 4 80
20 60 31 133
20 73 34 7
20 82 37 23
21 44 3 32
22 1 25 40
22 24 28 12
22 82 40 23
23 82 16 23
23 60 10 133
24 24 4 12
25 11 7 80
25 21 10 142
26 1 4 40
26 11 13 80
26 21 16 142
27 1 7 40
27 20 10 59
27 21 13 142
27 26 19 73
28 82 3 23
29 26 1 73
29 60 16 133
30 24 13 12
30 26 22 73
32 26 7 73
32 20 13 59
32 61 34 111
32 31 28 24
33 21 1 142
33 26 4 73
33 31 9 24
37 4 10 84
37 11 19 80
37 20 7 59
38 44 13 32
39 1 31 40
39 26 34 73
39 49 37 74
40 24 9 12
41 1 34 40
42 1 1 40
42 21 4 142
43 4 1 84
43 24 22 12
44 20 1 59
44 24 19 12
44 61 4 111
45 44 7 32
45 60 1 133
45 49 4 74
45 61 10 111
46 11 10 80
46 31 15 24
46 73 7 7
46 82 22 23
48 4 4 84
48 44 16 32
48 21 7 142
49 20 4 59
49 21 28 142
49 24 1 12
50 11 1 80
50 26 10 73
50 44 28 32
50 60 4 133
51 1 10 40
51 4 19 84
51 44 31 32
52 26 37 73
52 44 10 32
52 82 7 23
53 4 13 84
53 73 1 7
53 24 25 12
54 1 16 40
54 60 7 133
55 20 16 59
55 44 19 32
56 11 49 80
56 24 34 12
57 1 37 40
57 20 27 59
57 31 1 24
59 4 16 84
60 73 10 7
60 44 34 32
61 24 37 12
61 44 40 32
62 4 25 84
62 21 31 142
62 20 34 59
63 60 19 133
63 61 1 111
64 20 22 59
65 24 40 12
66 1 40 40
66 11 43 80
66 20 31 59
67 4 28 84
67 60 13 133
68 1 43 40
68 20 37 59
68 21 19 142
68 61 7 111
69 26 40 73
70 4 37 84
70 24 46 12
71 26 43 73
72 26 46 73
72 4 22 84
72 82 13 23
73 24 43 12
74 4 31 84
74 82 46 23
74 21 22 142
74 26 52 73
75 24 49 12
76 21 25 142
77 20 49 59
78 26 55 73
78 31 19 24
79 21 37 142
80 31 4 24
80 49 1 74
81 26 1 100
81 20 40 59
82 21 34 142
82 44 37 32
82 60 22 133
84 4 34 84
84 24 52 12
86 20 43 59
86 26 58 73
87 1 49 40
87 26 4 100
87 73 13 7
87 49 7 74
88 4 40 84
88 73 4 7
88 82 31 23
88 24 55 12
89 60 46 133
90 73 16 7
90 44 43 32
93 26 7 100
94 20 52 59
95 20 55 59
96 73 22 7
96 21 40 142
96 31 31 24
97 61 13 111
97 24 58 12
98 44 46 32
98 61 16 111
98 82 52 23
99 61 19 111
99 73 40 7
100 60 25 133
101 49 10 74
101 61 22 111
102 1 46 40
102 31 34 24
102 60 28 133
103 49 43 74
103 20 58 59
103 26 10 100
103 31 40 24
104 61 40 111
105 82 25 23
106 82 49 23
106 21 43 142
107 11 46 80
107 82 55 23
108 20 1 69
109 11 52 80
109 26 13 100
109 31 43 24
109 44 49 32
109 49 46 74
109 60 55 133
109 61 58 111
110 11 55 80
111 4 43 84
111 44 52 32
111 20 4 69
111 21 46 142
112 44 55 32
112 49 58 74
112 26 16 100
113 20 7 69
113 21 49 142
114 4 49 84
115 1 52 40
115 20 10 69
115 61 46 111
116 31 46 24
116 49 51 74
116 24 1 98
118 73 25 7
118 60 49 133
119 4 46 84
119 21 52 142
120 20 13 69
121 4 55 84
121 20 16 69
121 21 58 142
122 44 58 32
122 82 55 142
123 4 52 84
123 11 19 100
124 4 58 84
124 60 43 133
124 61 49 111
125 49 55 74
125 73 28 7
125 82 58 23
127 21 1 158
127 24 4 98
127 49 7 110
127 61 52 111
127 73 55 7
128 11 22 100
128 31 1 101
129 11 58 80
129 20 19 69
130 49 1 110
131 11 25 100
131 31 49 24
132 49 4 110
132 20 22 69
132 24 7 98
133 1 55 40
133 61 1 127
134 26 28 100
134 73 43 7
136 24 10 98
137 11 31 100
138 11 34 100
138 20 25 69
138 26 37 100
139 61 4 127
139 31 52 24
140 73 46 7
140 60 52 133
142 1 58 40
142 24 13 98
143 11 40 100
143 26 49 100
144 24 16 98
145 20 28 69
146 60 58 133
146 61 55 111
147 49 10 110
148 73 49 7
149 24 19 98
150 73 52 7
150 11 43 100
150 26 46 100
151 11 52 100
151 20 31 69
151 24 22 98
151 31 4 101
151 49 13 110
152 20 34 69
152 24 25 98
153 31 57 24
156 49 16 110
2 99 11 48
3 9 57 13
5 25 11 78
8 25 17 78
10 99 5 48
10 79 11 1
12 99 17 48
12 9 59 13
15 99 23 48
16 9 5 123
16 99 41 48
17 25 5 78
18 99 29 48
18 79 35 1
19 99 35 48
20 9 11 123
21 25 23 78
21 99 47 48
22 99 53 48
24 25 7 78
28 79 9 1
29 25 9 78
34 99 59 48
35 25 1 78
38 9 1 123
44 9 7 123
47 9 3 123
48 9 13 123
53 25 19 78
58 79 1 1
61 25 3 78
61 79 5 1
65 9 15 123
65 25 13 78
67 79 3 1
68 25 15 78
70 25 25 78
76 9 9 123
76 79 7 1
79 79 13 1
80 79 15 1
83 9 17 123
84 79 17 1
84 25 21 78
88 9 19 123
88 79 21 1
90 25 29 78
94 25 27 78
95 9 21 123
95 25 31 78
99 79 23 1
103 9 23 123
104 79 19 1
109 25 33 78
112 25 35 78
114 25 37 78
120 9 25 123
123 9 27 123
124 25 39 78
125 9 31 123
125 79 25 1
129 9 29 123
129 25 41 78
130 25 43 78
131 79 28 1
134 25 46 78
136 9 33 123
137 9 35 123
137 25 49 78
140 79 31 1
144 25 51 78
145 25 53 78
146 79 33 1
148 9 37 123
148 25 55 78
148 79 39 1
1 36 37 25
2 46 31 6
3 93 31 77
6 10 43 50
7 80 25 54
8 36 49 25
9 80 31 54
10 46 55 6
11 10 31 50
11 80 37 54
11 93 43 77
13 46 19 6
13 80 43 54
13 27 25 67
14 10 25 50
18 93 49 77
19 46 37 6
20 27 43 67
20 93 55 77
23 36 55 25
25 80 13 54
28 46 25 6
28 27 19 67
28 93 37 77
29 10 19 50
30 36 43 25
30 80 49 54
31 93 19 77
32 46 43 6
33 93 25 77
34 46 1 6
35 36 3 25
35 10 7 50
35 27 49 67
35 93 55 89
36 36 15 25
36 46 19 71
37 93 13 77
38 27 31 67
41 36 21 25
41 80 55 54
44 80 25 116
44 93 31 89
45 27 55 67
45 93 19 89
46 27 37 67
48 80 19 54
51 10 1 50
51 46 43 71
53 46 55 71
53 27 21 75
54 80 1 54
55 46 7 6
56 46 15 6
56 80 7 54
57 36 7 25
58 46 3 71
59 80 1 116
60 93 27 89
62 93 1 77
62 27 7 67
63 93 7 77
64 36 25 25
64 27 1 67
66 80 7 116
67 10 37 50
67 46 49 6
71 27 13 67
72 10 49 50
72 80 37 116
73 10 13 50
74 93 1 89
75 27 1 75
77 36 31 25
77 93 7 89
83 93 37 89
85 27 7 75
86 80 31 116
86 27 27 75
87 27 31 75
90 27 37 75
90 46 7 71
93 46 13 71
93 27 43 75
93 93 49 89
94 27 13 75
96 46 25 71
96 80 13 116
97 27 49 75
98 10 19 116
99 93 13 89
101 80 43 116
103 10 49 116
104 10 55 50
106 93 1 159
111 93 7 159
113 10 55 116
115 46 31 71
115 93 13 159
118 93 19 159
120 10 1 153
123 10 7 153
123 93 31 159
126 27 55 75
127 10 13 153
130 93 45 89
131 10 19 153
132 10 25 153
135 10 31 153
135 46 37 71
141 10 37 153
141 93 25 159
143 93 55 159
144 10 43 153
144 93 37 159
153 93 43 159
5 100 58 7
6 100 40 83
7 100 43 83
11 59 49 146
25 59 37 146
30 100 16 83
40 100 13 83
45 100 25 83
45 59 28 146
46 100 19 83
47 59 13 146
49 100 31 83
49 59 16 146
52 59 1 146
60 59 7 146
66 59 4 146
66 100 1 83
69 100 4 83
69 59 10 146
71 59 19 146
73 59 25 146
73 100 7 83
83 59 31 146
91 100 10 83
92 59 22 146
94 100 22 83
96 100 34 83
97 100 37 83
97 59 34 146
98 59 40 146
101 100 28 83
104 100 46 83
108 100 49 83
111 100 55 83
113 100 52 83
115 59 43 146
125 59 46 146
148 59 57 146
149 59 52 146
156 100 58 83
2 97 29 86
3 84 5 76
3 97 17 86
5 97 23 86
5 13 17 28
5 84 37 76
7 8 5 50
8 8 11 50
9 84 11 76
11 8 17 50
12 51 23 26
14 97 11 86
14 8 23 50
15 8 29 50
16 97 47 86
18 97 53 86
19 8 41 50
21 8 35 50
23 13 5 28
24 13 11 28
27 13 23 28
28 97 35 86
28 13 29 28
29 8 47 50
29 51 11 26
29 84 23 76
30 84 19 76
31 51 17 26
32 97 41 86
33 13 41 28
35 51 13 26
41 13 53 28
43 8 53 50
45 84 31 76
46 8 59 50
46 51 1 26
46 84 25 76
47 8 1 64
48 84 27 76
49 8 7 64
50 51 7 26
50 97 59 86
53 13 35 28
53 51 4 26
54 84 13 76
55 13 47 28
55 97 5 86
56 51 19 26
58 8 9 64
58 13 59 28
59 8 5 64
61 8 11 64
61 13 1 61
62 8 13 64
62 84 15 76
65 8 3 64
66 51 25 26
66 84 29 76
68 51 33 26
71 8 22 64
76 8 15 64
80 8 17 64
82 13 3 61
82 51 9 26
82 84 1 76
87 8 19 64
87 51 21 26
88 8 27 64
88 13 7 61
90 84 3 76
93 13 5 61
93 51 27 26
96 84 7 76
97 13 9 61
97 51 31 26
98 8 25 64
98 84 9 76
99 51 29 26
100 51 15 26
101 84 17 76
102 51 37 26
102 84 21 76
106 84 33 76
108 8 33 64
108 84 35 76
110 13 11 61
110 51 35 26
110 84 39 76
114 8 29 64
114 51 39 26
115 8 35 64
115 13 17 61
116 84 41 76
118 8 37 64
121 8 31 64
123 84 43 76
124 84 52 76
125 13 13 61
126 8 39 64
127 84 47 76
128 51 41 26
131 51 43 26
132 51 45 26
132 84 49 76
140 84 55 76
143 13 15 61
143 51 59 26
144 84 57 76
145 8 41 64
146 8 43 64
148 8 45 64
149 8 47 64
151 8 57 64
151 84 45 76
154 8 49 64
154 51 47 26
155 13 19 61
156 8 51 64
156 51 49 26
1 42 43 107
3 42 37 107
6 42 49 107
7 42 55 107
13 42 31 107
41 42 25 107
68 42 1 107
79 42 7 107
95 42 13 107
100 42 19 107
11 5 52 47
17 5 28 47
21 38 37 47
24 5 43 47
24 38 46 47
26 5 19 47
26 38 31 47
27 5 16 47
28 38 55 47
31 5 40 47
38 5 25 47
40 38 22 47
41 38 7 47
49 38 13 47
55 5 1 47
57 5 4 47
57 38 49 47
61 5 34 47
64 5 10 47
69 5 1 143
74 5 58 47
76 5 4 143
86 5 7 143
91 5 13 143
94 5 10 143
95 5 25 143
99 5 31 143
100 5 28 143
102 5 16 143
117 5 19 143
120 5 22 143
129 5 34 143
130 5 37 143
131 5 45 143
139 5 40 143
142 5 55 143
145 5 49 143
1 104 41 1
1 29 11 22
2 22 35 29
2 29 37 22
3 22 22 29
3 40 29 6
3 85 35 22
4 40 41 6
5 40 47 6
7 85 17 22
8 22 46 29
9 85 5 22
10 22 17 29
11 85 29 22
13 22 5 29
14 85 31 22
14 29 33 22
15 22 25 29
15 29 27 22
15 40 5 6
15 104 37 1
16 29 23 22
20 40 53 6
22 29 43 22
22 104 45 1
24 22 9 29
28 104 43 1
28 22 11 29
29 29 39 22
30 85 41 22
30 29 47 22
31 22 29 29
33 29 19 22
34 22 7 29
37 29 1 22
40 104 47 1
40 85 45 22
44 40 13 6
44 22 41 29
47 29 7 22
48 22 37 29
53 22 53 29
57 85 13 22
58 40 11 6
58 85 21 22
59 104 53 1
60 104 49 1
60 22 13 29
61 22 15 29
61 40 23 6
62 29 53 22
63 29 25 22
64 85 15 22
65 40 35 6
66 85 49 22
66 104 51 1
67 40 59 6
68 40 5 15
69 104 59 1
70 85 3 22
72 104 55 1
72 40 11 15
73 22 1 29
75 85 9 22
76 104 57 1
78 104 5 58
78 22 39 29
79 104 1 58
82 29 51 22
82 40 17 15
83 104 3 58
88 22 49 29
91 85 55 22
92 22 3 29
92 29 58 22
94 85 1 30
98 85 3 30
99 22 51 29
99 85 5 30
102 40 23 15
102 85 7 30
104 40 29 15
106 104 7 58
106 22 19 29
106 29 5 56
107 29 1 56
109 29 3 56
109 40 35 15
111 85 11 30
112 29 7 56
114 40 41 15
114 85 9 30
122 40 47 15
123 22 59 29
124 29 9 56
124 40 1 41
131 85 13 30
132 85 15 30
132 22 31 29
133 85 17 30
135 104 9 58
135 29 11 56
142 40 53 15
142 22 27 29
143 104 11 58
145 22 33 29
145 40 59 15
146 29 13 56
148 22 43 29
149 22 55 29
153 104 13 58
154 104 15 58
155 85 21 30
4 50 43 58
5 50 39 58
21 50 49 58
22 50 55 58
33 50 21 58
45 50 33 58
47 50 25 58
61 50 7 121
65 50 19 121
66 50 55 121
79 50 3 121
81 50 13 121
89 50 31 121
91 50 25 121
107 50 49 121
116 50 37 121
118 50 1 122
129 50 43 121
133 50 7 122
143 50 19 122
148 50 13 122
2 17 55 100
2 18 39 20
17 30 31 4
19 17 58 100
21 18 43 20
24 30 49 4
25 18 46 20
26 17 34 101
26 30 52 4
27 30 25 4
29 17 43 101
30 18 34 20
30 30 55 4
31 18 49 20
33 18 16 20
36 17 10 101
38 18 19 20
43 30 4 4
46 17 27 101
46 18 31 20
47 17 16 101
48 17 39 101
49 18 55 20
50 18 52 20
51 30 7 4
55 30 13 4
58 30 16 4
61 30 28 4
63 17 22 101
63 30 34 4
68 18 10 20
68 30 22 4
69 17 7 101
70 30 10 4
81 17 19 101
81 30 37 4
82 30 19 4
86 17 46 101
86 18 1 20
89 30 1 4
90 18 13 20
91 30 40 4
98 17 13 101
103 17 31 101
104 18 4 20
108 17 52 101
108 30 58 4
113 30 43 4
114 30 1 88
119 30 4 88
120 17 49 101
120 30 46 4
123 18 22 20
126 30 7 88
128 18 7 20
130 30 10 88
131 18 58 20
131 30 15 88
132 30 19 88
134 30 22 88
136 17 55 101
136 18 25 20
138 17 58 101
139 17 1 118
141 17 4 118
141 30 31 88
143 18 28 20
145 17 7 118
150 17 10 118
150 30 25 88
152 18 55 26
153 17 15 118
154 17 19 118
155 17 25 118
155 18 51 26
3 34 41 14
3 90 43 41
4 90 17 41
6 90 11 41
7 34 23 14
13 90 23 41
14 34 17 14
15 34 31 14
17 34 34 14
19 90 5 41
20 90 29 41
26 34 11 14
27 34 37 14
31 90 35 41
32 90 31 41
33 90 46 41
37 34 5 14
42 34 13 14
44 34 9 14
45 90 41 41
46 34 43 14
64 34 7 14
65 34 1 14
68 34 25 14
70 34 15 14
70 90 7 41
72 90 3 41
73 34 3 14
74 90 9 41
79 34 19 14
80 34 27 14
81 90 25 41
85 90 13 41
86 34 49 14
87 90 27 41
89 90 15 41
90 90 19 41
97 34 21 14
99 90 37 41
100 34 45 14
100 90 49 41
104 90 21 41
107 90 53 41
108 34 39 14
109 90 17 58
112 90 33 41
118 34 29 14
118 90 39 41
129 90 51 41
130 34 51 14
131 34 53 14
132 90 57 41
134 34 57 14
139 90 55 41
146 90 19 58
3 58 45 27
4 58 49 27
6 58 55 27
15 58 33 27
40 58 37 27
43 58 7 27
52 58 19 27
71 58 1 27
74 58 13 27
77 58 25 27
2 52 43 110
3 70 49 56
7 70 40 56
7 105 46 30
9 39 37 52
9 52 40 110
11 105 55 30
13 70 37 56
13 39 40 52
14 70 43 56
18 70 46 56
19 39 43 52
23 70 52 56
24 39 52 52
27 105 39 30
31 70 55 56
31 52 46 110
32 39 55 52
36 39 25 52
36 70 28 56
38 70 16 56
39 52 25 110
40 105 16 44
41 39 13 52
42 105 25 30
43 39 28 52
44 39 58 52
47 70 31 56
47 52 34 110
49 105 34 30
51 105 22 44
51 52 25 156
52 105 28 30
55 39 22 52
55 105 31 30
56 39 1 52
57 52 19 110
58 52 31 110
59 52 22 110
61 52 49 110
61 105 52 30
62 52 28 110
63 105 43 30
64 39 19 52
65 105 49 30
68 39 49 52
69 39 16 52
71 39 7 52
72 39 7 57
72 105 58 30
74 70 19 56
75 39 46 52
75 105 13 44
76 52 1 156
76 70 28 117
76 105 39 44
78 105 7 44
79 39 15 57
79 70 22 56
80 70 31 117
81 39 4 52
81 105 10 44
81 52 52 110
82 105 25 44
83 39 10 52
85 70 25 56
91 39 31 52
92 52 37 110
92 70 34 56
94 70 58 56
99 39 34 52
99 52 55 110
101 39 1 57
102 39 4 57
103 70 1 117
106 105 28 44
110 105 1 44
110 52 4 156
111 52 58 110
112 52 9 156
114 39 19 57
114 105 4 44
115 52 19 156
117 39 10 57
117 52 13 156
120 52 16 156
120 70 7 117
121 52 22 156
121 70 4 117
122 70 10 117
122 39 22 57
124 105 19 44
128 105 31 44
129 105 55 44
130 70 13 117
132 39 33 57
133 70 19 117
136 70 16 117
136 105 43 44
137 70 22 117
138 39 28 57
140 70 25 117
141 52 34 156
142 52 31 156
144 105 34 44
145 105 46 44
146 39 25 57
146 52 28 156
146 105 1 79
152 52 37 156
1 37 47 14
1 87 49 74
3 81 53 31
6 87 23 90
9 37 55 14
11 37 59 14
13 81 29 31
14 87 29 90
16 37 43 91
16 81 59 31
20 37 17 91
20 81 41 31
21 87 17 90
22 81 35 31
23 81 23 31
24 37 23 91
25 87 5 90
27 37 35 91
29 81 35 51
32 87 47 90
33 37 29 91
33 81 31 51
34 37 5 91
36 37 1 91
37 37 31 91
38 81 5 31
45 81 47 31
49 87 11 90
50 37 41 91
50 81 17 31
50 87 34 90
51 81 5 51
51 87 13 73
54 37 10 91
55 81 25 51
55 87 27 90
58 87 7 90
59 81 7 31
69 37 13 91
69 81 21 51
74 37 7 91
74 81 11 51
75 87 19 90
76 81 13 51
78 87 13 90
83 37 25 91
83 81 1 51
90 81 23 51
92 87 1 90
93 81 3 51
97 37 3 91
97 87 40 90
98 87 31 90
102 81 9 51
105 37 15 91
106 87 9 90
108 81 7 51
109 81 19 51
111 81 15 51
112 37 19 91
112 87 3 90
113 81 17 51
114 37 27 91
115 81 27 51
119 81 29 51
119 87 15 90
120 81 33 51
124 81 37 51
129 81 39 51
129 87 25 90
131 87 37 90
133 81 41 51
140 37 21 91
140 81 43 51
144 37 47 91
144 81 55 51
148 37 33 91
149 81 49 51
153 81 51 51
156 87 21 90
2 69 46 17
4 69 55 17
9 69 43 17
23 69 49 17
28 69 58 17
36 69 31 17
58 69 25 17
62 69 37 17
63 69 4 17
73 69 10 17
77 69 1 17
85 69 15 17
91 69 7 17
96 69 19 17
106 69 22 17
107 69 28 17
121 69 34 17
134 69 52 17
137 69 40 17
20 47 47 5
21 47 29 5
31 47 23 5
33 47 49 5
38 47 7 5
42 47 11 5
50 47 43 5
52 47 13 5
54 47 5 5
55 47 34 5
62 47 17 5
70 47 1 5
82 47 15 5
90 47 21 5
105 47 3 5
108 47 9 5
111 47 19 5
113 47 25 5
119 47 27 5
121 47 37 5
127 47 31 5
134 47 39 5
137 47 45 5
1 7 51 38
5 89 43 62
9 7 57 38
12 7 43 38
13 77 57 51
14 7 37 38
14 77 49 72
16 89 49 62
17 7 37 53
17 77 45 51
18 7 55 53
19 89 49 91
25 89 55 62
26 89 55 91
34 77 21 72
34 89 25 62
36 77 55 72
37 7 33 38
39 77 55 88
42 89 19 62
45 7 43 53
50 77 45 72
52 89 31 62
54 77 31 72
59 7 25 38
60 7 51 53
63 7 37 96
64 7 31 53
67 7 7 38
69 7 31 96
71 77 37 72
74 7 37 120
77 7 13 38
80 89 37 62
81 7 27 53
84 77 1 72
85 77 39 88
88 89 9 62
91 77 43 88
93 77 55 125
94 77 3 135
95 7 1 38
95 89 37 91
99 7 1 53
100 89 1 62
102 77 39 135
103 7 19 38
108 89 13 62
108 77 25 72
111 77 21 135
112 77 25 135
119 77 7 72
130 77 31 135
134 77 13 72
139 77 7 135
140 7 7 53
141 77 49 88
144 7 19 53
145 7 13 53
152 77 13 135
2 83 53 58
10 83 29 58
25 83 59 58
52 83 47 58
55 83 37 58
57 83 31 58
62 83 5 70
67 83 11 70
72 83 17 70
79 83 25 70
87 83 23 70
93 83 35 70
94 83 47 70
96 83 53 70
119 83 41 70
120 83 59 70
125 83 1 106
139 83 11 106
144 83 3 106
148 83 5 106
154 83 7 106
8 65 55 46
9 35 46 92
13 65 49 46
14 65 46 46
15 65 39 46
18 65 43 46
19 65 55 92
21 65 58 46
24 65 58 92
24 35 55 102
25 65 52 46
25 35 40 92
26 35 49 92
28 65 45 117
31 35 43 92
33 35 52 92
34 35 16 92
37 35 22 92
38 65 28 46
38 35 37 92
41 35 31 92
42 35 28 92
42 65 31 46
45 35 49 102
47 65 37 117
49 65 40 117
50 65 49 117
56 35 4 92
58 65 34 46
62 35 40 102
66 35 19 92
67 65 16 46
71 65 10 46
81 65 7 46
83 65 7 92
85 35 1 92
86 35 10 92
87 65 1 46
89 35 4 102
92 35 13 92
95 65 34 92
96 35 1 102
99 65 58 117
102 65 13 46
104 65 25 46
107 65 4 46
113 35 10 102
114 65 22 46
119 65 19 46
119 35 22 102
124 65 25 92
128 65 34 117
129 35 7 102
130 35 16 102
136 65 1 120
137 35 13 102
141 35 19 102
142 65 4 120
145 65 10 120
150 65 7 120
154 65 55 117
155 35 28 102
156 65 13 120
9 102 23 3
17 19 41 5
20 19 51 5
26 102 29 3
34 102 11 3
46 19 53 5
51 19 59 5
52 102 17 3
54 19 29 25
58 19 55 5
59 19 57 5
60 102 5 3
63 19 11 25
63 102 13 3
65 102 25 3
65 19 53 25
71 19 35 25
73 102 19 3
74 102 34 3
79 102 43 3
87 19 59 25
89 102 7 3
90 102 1 3
92 102 9 3
98 19 1 25
99 19 47 25
104 102 15 3
107 102 21 3
110 19 13 25
113 102 3 3
118 102 41 3
121 102 27 3
124 102 31 3
125 19 19 25
128 102 37 3
129 19 5 38
133 19 11 38
134 102 59 3
137 102 47 3
139 19 17 38
141 19 41 25
151 102 39 3
154 19 23 38
154 102 45 3
155 102 49 3
47 55 43 36
54 55 37 36
57 55 15 36
72 55 25 36
79 55 49 36
90 55 31 36
91 55 1 36
103 55 13 93
109 55 7 36
113 55 19 36
122 55 37 69
133 55 43 69
15 6 53 51
22 6 59 72
24 6 17 72
29 6 41 72
35 6 11 72
42 6 35 72
46 6 5 72
59 6 29 72
64 6 43 72
71 6 53 72
83 6 5 114
84 6 19 72
92 6 11 114
104 6 17 114
106 6 35 114
111 6 29 114
117 6 23 114
119 6 59 114
121 6 41 114
127 6 11 116
131 6 5 116
132 6 47 114
138 6 53 114
145 6 17 116
147 6 23 116
152 6 29 116
155 6 35 116
2 75 49 35
5 101 49 39
14 75 35 35
15 75 43 35
17 101 17 39
21 75 40 35
21 101 53 39
22 75 37 35
22 101 47 39
23 75 29 35
34 101 29 39
40 101 5 39
42 75 17 35
42 101 23 39
43 101 11 39
51 101 34 39
52 75 25 35
56 101 21 39
64 75 5 35
70 75 13 35
73 101 31 39
75 75 7 35
82 75 11 35
91 75 19 35
92 75 31 35
96 101 9 39
104 75 1 35
104 101 7 39
113 101 1 32
114 101 13 39
115 101 1 39
117 75 3 35
118 75 9 35
122 101 3 39
122 75 15 35
124 101 15 39
125 75 21 35
127 101 19 39
140 75 23 35
147 101 25 39
7 74 49 34
12 74 55 34
15 74 45 34
15 92 49 103
16 74 55 36
17 74 49 42
27 74 55 42
42 74 43 42
46 92 45 103
47 74 49 90
59 74 43 90
60 74 55 90
65 92 27 103
68 74 55 103
70 74 27 34
71 92 49 104
75 74 55 122
77 74 19 34
80 74 43 122
81 92 31 103
84 92 7 103
85 92 19 103
87 74 55 123
95 92 7 104
96 74 49 122
98 74 33 34
101 74 13 34
101 92 37 103
102 74 55 130
105 74 7 34
105 92 19 104
110 92 15 103
112 74 21 42
114 92 15 104
116 92 25 104
120 74 27 42
123 74 1 34
126 92 1 103
127 74 37 34
133 92 31 104
134 74 1 42
141 74 7 42
144 92 25 106
150 74 13 42
152 74 43 123
155 74 31 42
Điểm tối ưu: 2127
Thời gian: 0.214892 giây
Trạng thái: GREEDY_DONE
