4852
3 184 1 59
4 193 1 249
4 145 7 166
5 154 1 251
5 156 7 4
7 182 1 138
7 120 7 178
9 182 7 138
9 120 1 178
12 139 1 192
14 145 1 166
15 47 1 261
18 154 7 251
21 170 1 281
22 154 13 251
22 120 19 178
23 80 1 290
25 80 7 290
26 47 7 261
26 182 13 138
28 120 13 178
28 184 7 59
29 170 7 281
31 182 19 138
34 47 13 261
34 182 25 138
34 193 7 249
35 184 13 59
36 193 13 249
37 120 25 178
39 145 13 166
40 120 31 178
41 182 31 138
42 120 37 178
44 156 1 4
45 47 19 261
46 184 19 59
47 170 13 281
48 139 7 192
49 139 13 192
49 145 19 166
51 193 19 249
51 137 1 223
53 137 7 223
53 182 37 138
55 184 25 59
56 139 19 192
56 156 13 4
58 145 25 166
60 184 31 59
60 193 25 249
61 184 37 59
64 156 19 4
65 139 25 192
65 47 31 261
66 193 31 249
66 139 37 192
67 137 13 223
67 184 43 59
68 145 31 166
68 193 37 249
70 80 13 290
70 154 19 251
72 154 25 251
72 156 31 4
72 80 19 290
74 80 25 290
76 120 43 178
78 80 31 290
78 145 37 166
78 182 43 138
79 170 19 281
82 137 19 223
85 184 49 59
85 80 37 290
86 184 55 59
86 156 25 4
87 182 49 138
87 154 31 251
88 120 49 178
88 156 37 4
89 170 25 281
90 137 25 223
90 80 43 290
90 182 55 138
92 170 31 281
95 120 55 178
97 193 43 249
102 193 49 249
102 154 37 251
103 193 55 249
105 139 31 192
107 47 25 261
110 145 43 166
114 137 31 223
116 139 43 192
119 154 43 251
119 80 49 290
121 170 37 281
121 145 49 166
122 145 55 166
123 154 49 251
124 170 43 281
125 170 49 281
125 139 55 192
126 80 55 290
127 137 37 223
132 154 55 251
133 170 55 281
137 47 37 261
147 156 43 4
150 156 49 4
153 137 43 223
159 139 49 192
161 137 49 223
171 156 55 4
175 47 43 261
176 47 49 261
179 47 55 261
197 137 55 223
1 67 1 94
1 75 4 54
3 119 7 264
4 1 13 135
4 75 16 54
4 77 19 271
5 74 13 300
6 77 1 271
7 202 13 145
8 176 1 128
8 19 4 37
9 74 16 300
11 1 1 135
11 119 4 264
14 176 7 128
16 67 4 94
16 75 1 54
20 74 1 300
22 25 1 204
26 77 4 271
27 19 1 37
28 67 19 94
30 67 7 94
30 202 1 145
30 75 10 54
31 67 10 94
32 119 1 264
33 77 7 271
37 176 4 128
37 25 7 204
38 176 10 128
38 119 13 264
40 74 4 300
42 77 10 271
42 176 13 128
46 19 7 37
48 19 13 37
48 67 16 94
50 74 7 300
52 1 4 135
52 77 13 271
55 19 10 37
57 25 4 204
58 19 16 37
58 67 13 94
60 75 7 54
61 74 10 300
61 19 19 37
63 119 10 264
64 1 7 135
64 75 13 54
65 74 19 300
66 1 10 135
67 25 10 204
68 77 16 271
69 74 22 300
71 67 22 94
72 74 37 300
74 202 4 145
77 19 22 37
77 67 25 94
78 25 13 204
81 75 19 54
83 202 7 145
83 19 25 37
84 77 22 271
85 67 28 94
87 75 22 54
87 77 25 271
87 19 28 37
88 119 16 264
89 19 31 37
90 119 19 264
91 25 16 204
93 19 34 37
96 176 16 128
98 77 28 271
99 67 31 94
99 77 34 271
100 1 16 135
100 25 19 204
104 67 34 94
104 75 25 54
107 67 37 94
112 74 25 300
115 119 22 264
118 75 28 54
119 67 40 94
120 25 22 204
122 67 43 94
122 176 19 128
124 119 25 264
124 25 28 204
126 75 31 54
127 119 28 264
128 119 31 264
130 67 46 94
131 74 28 300
132 74 31 300
134 119 34 264
135 75 34 54
138 119 37 264
141 202 10 145
142 1 19 135
143 77 31 271
144 25 25 204
146 74 34 300
147 202 16 145
149 119 40 264
150 119 43 264
151 202 19 145
151 119 46 264
154 75 37 54
159 176 22 128
160 202 22 145
160 25 31 204
162 77 37 271
165 176 25 128
166 25 34 204
170 1 22 135
171 67 49 94
171 75 40 54
172 119 49 264
173 1 25 135
173 176 28 128
175 119 52 264
176 202 25 145
176 19 37 37
177 67 52 94
182 25 37 204
184 75 43 54
185 202 28 145
187 1 28 135
187 67 55 94
187 202 31 145
187 119 58 264
188 202 34 145
188 75 46 54
188 119 55 264
190 1 31 135
190 74 40 300
191 176 31 128
192 202 37 145
193 67 58 94
194 1 34 135
194 74 43 300
194 25 40 204
198 75 49 54
200 75 52 54
202 77 40 271
207 77 43 271
209 176 34 128
210 75 55 54
211 74 46 300
212 75 58 54
212 176 37 128
216 77 46 271
220 77 49 271
222 77 52 271
222 176 40 128
222 25 43 204
225 176 43 128
226 19 40 37
228 74 49 300
230 25 46 204
230 176 49 128
230 202 40 145
235 1 37 135
240 25 49 204
241 74 52 300
246 1 40 135
247 77 55 271
248 74 55 300
248 176 46 128
249 202 43 145
251 74 58 300
252 1 43 135
252 202 46 145
252 77 58 271
258 1 46 135
259 1 49 135
267 1 52 135
267 19 43 37
268 19 46 37
270 1 55 135
273 1 58 135
274 176 52 128
277 25 52 204
282 176 55 128
287 25 55 204
288 202 49 145
295 176 58 128
3 7 5 260
3 147 10 33
3 165 13 257
3 39 15 81
3 228 17 211
5 56 5 161
5 94 11 170
10 94 1 170
11 226 7 112
11 165 9 257
11 7 11 260
13 226 1 112
13 94 3 170
14 226 5 112
15 165 5 257
15 226 9 112
18 179 1 113
19 226 3 112
20 165 7 257
21 147 5 33
21 94 7 170
24 7 1 260
24 56 3 161
25 147 1 33
25 56 11 161
26 94 17 170
27 7 7 260
27 227 4 297
27 228 9 211
28 39 1 81
29 39 3 81
33 165 1 257
36 228 1 211
36 82 3 40
37 226 11 112
38 165 3 257
38 94 5 170
39 39 5 81
41 226 13 112
42 56 1 161
43 17 1 235
43 179 3 113
45 39 7 81
49 7 3 260
51 179 5 113
52 165 11 257
54 7 9 260
54 179 7 113
56 147 3 33
57 165 15 257
57 56 7 161
58 39 9 81
58 94 19 170
59 227 1 297
63 7 13 260
63 165 17 257
64 165 23 257
69 165 19 257
69 82 1 40
72 179 9 113
74 227 7 297
74 179 11 113
75 7 15 260
75 17 3 235
76 39 11 81
76 56 9 161
76 226 15 112
77 56 13 161
77 227 9 297
78 147 7 33
81 226 17 112
81 17 5 235
82 82 5 40
84 227 11 297
84 7 17 260
85 82 7 40
88 17 7 235
89 227 13 297
89 82 9 40
89 56 15 161
90 147 13 33
92 17 9 235
92 82 11 40
93 228 3 211
94 228 5 211
94 179 13 113
95 227 15 297
97 226 19 112
99 82 13 40
101 56 17 161
101 226 21 112
101 228 7 211
103 94 9 170
104 179 15 113
104 228 11 211
107 7 19 260
107 17 11 235
111 39 13 81
112 227 17 297
112 94 13 170
113 17 13 235
113 165 21 257
113 39 17 81
113 226 23 112
114 94 15 170
115 165 25 257
117 7 21 260
118 82 15 40
119 56 19 161
120 165 27 257
123 228 13 211
123 82 17 40
128 226 25 112
129 165 29 257
129 179 17 113
131 39 19 81
132 7 23 260
132 82 19 40
132 227 21 297
133 94 21 170
134 94 23 170
135 17 15 235
137 227 19 297
138 179 19 113
138 56 21 161
139 39 21 81
142 226 27 112
143 165 34 257
143 17 17 235
144 165 31 257
146 17 19 235
150 17 21 235
152 7 25 260
152 56 23 161
154 179 21 113
154 82 23 40
154 228 15 211
156 56 25 161
156 227 23 297
157 179 23 113
159 39 25 81
160 227 25 297
161 7 27 260
161 94 25 170
161 227 29 297
162 82 21 40
163 179 25 113
165 227 31 297
165 39 23 81
166 147 15 33
166 56 27 161
170 56 29 161
171 7 29 260
171 227 27 297
176 147 17 33
178 165 37 257
178 39 27 81
179 56 31 161
180 179 27 113
182 56 33 161
183 7 31 260
184 179 29 113
185 17 23 235
186 165 39 257
186 56 35 161
187 165 41 257
188 165 43 257
189 165 45 257
189 226 29 112
189 228 19 211
190 17 25 235
192 39 29 81
192 227 33 297
193 179 31 113
194 39 31 81
197 94 27 170
198 17 27 235
200 179 33 113
201 94 29 170
202 7 33 260
202 94 31 170
204 179 35 113
206 228 21 211
207 94 33 170
207 227 35 297
208 39 33 81
208 94 35 170
209 39 37 81
211 7 35 260
213 165 47 257
213 82 25 40
214 165 49 257
215 147 19 33
216 165 51 257
216 82 27 40
217 7 37 260
217 94 39 170
217 228 23 211
218 39 35 81
218 82 29 40
218 227 37 297
218 228 25 211
220 165 53 257
221 147 21 33
224 94 37 170
225 228 27 211
226 179 37 113
227 7 39 260
227 82 31 40
229 39 39 81
231 39 41 81
232 147 23 33
234 94 41 170
235 39 43 81
235 228 29 211
236 227 39 297
236 7 41 260
237 165 55 257
239 227 41 297
239 179 39 113
243 179 41 113
245 165 57 257
246 147 25 33
246 39 45 81
246 227 43 297
248 226 31 112
248 17 29 235
250 227 45 297
251 227 47 297
251 228 31 211
252 228 33 211
256 94 43 170
257 179 43 113
261 56 37 161
261 94 45 170
263 226 33 112
264 147 27 33
266 82 33 40
267 17 31 235
270 226 35 112
270 179 45 113
272 94 47 170
272 228 35 211
273 227 49 297
273 17 33 235
274 7 43 260
274 82 35 40
274 94 49 170
275 228 37 211
275 147 29 33
278 82 37 40
279 7 45 260
279 56 39 161
280 147 31 33
280 228 39 211
281 228 41 211
283 39 47 81
285 39 49 81
285 227 51 297
286 165 59 257
286 39 51 81
289 39 53 81
291 227 53 297
294 7 47 260
294 39 55 81
296 228 43 211
296 179 47 113
1 212 7 159
4 6 25 156
4 22 31 64
8 69 7 140
8 230 13 143
8 205 19 259
9 6 19 156
11 22 13 64
12 142 7 179
14 230 19 143
16 44 7 157
18 22 3 64
19 69 13 140
20 205 9 259
20 22 19 64
25 69 3 140
28 212 3 159
30 212 13 159
32 44 13 157
32 142 19 179
33 230 3 143
36 205 25 259
37 6 13 156
40 44 19 157
43 22 7 64
43 205 13 259
43 230 25 143
44 44 25 157
50 6 1 156
53 44 1 157
58 69 21 140
59 44 31 157
59 69 25 140
61 205 1 259
61 142 13 179
64 22 25 64
65 205 37 259
67 212 19 159
69 230 7 143
74 212 31 159
75 142 25 179
77 230 31 143
78 44 49 157
81 69 31 140
81 205 43 259
84 44 37 157
85 22 43 64
86 142 1 179
88 44 43 157
89 22 37 64
91 6 7 156
95 22 49 64
96 142 31 179
99 44 55 157
99 212 25 159
102 69 43 140
104 6 37 156
104 142 43 179
104 69 49 140
106 142 37 179
106 205 31 259
110 205 49 259
111 230 37 143
112 69 37 140
112 212 43 159
114 44 1 258
116 142 49 179
119 44 7 258
120 22 55 64
121 69 55 140
122 212 37 159
124 205 55 259
124 22 1 310
125 22 7 310
126 142 1 292
127 212 49 159
128 22 13 310
138 44 13 258
138 22 25 310
139 22 31 310
140 22 19 310
141 212 55 159
144 142 55 179
144 22 37 310
145 230 43 143
147 69 1 277
148 6 31 156
148 44 19 258
156 22 43 310
158 6 43 156
162 230 49 143
166 22 49 310
169 212 1 216
169 22 55 310
170 69 7 277
171 44 31 258
172 69 13 277
174 44 25 258
175 44 37 258
178 6 49 156
180 212 7 216
181 230 55 143
184 69 19 277
184 6 55 156
184 212 13 216
187 44 43 258
192 69 25 277
196 69 31 277
197 44 49 258
197 142 7 292
200 142 13 292
202 230 1 263
206 142 25 292
208 44 55 258
210 230 7 263
211 69 37 277
211 230 13 263
212 212 19 216
216 142 19 292
218 69 43 277
220 142 31 292
223 69 49 277
228 69 55 277
235 230 19 263
236 212 25 216
238 212 31 216
239 230 25 263
241 142 37 292
263 230 37 263
264 212 37 216
277 230 31 263
278 212 43 216
286 230 43 263
290 230 49 263
294 230 57 263
1 21 13 90
2 195 1 124
3 100 19 158
6 203 4 286
7 195 16 124
10 203 7 286
11 203 19 286
12 100 13 158
13 21 7 90
14 203 10 286
15 100 16 158
16 136 13 74
17 203 1 286
19 185 7 12
19 203 22 286
21 21 10 90
24 185 10 12
24 58 7 111
26 185 1 12
31 100 1 158
31 169 4 208
31 58 13 111
32 58 4 111
33 203 13 286
33 78 10 109
35 21 1 90
35 58 10 111
38 78 7 109
41 169 1 208
41 58 16 111
43 100 22 158
44 78 13 109
45 195 4 124
45 169 9 208
45 78 1 109
46 78 4 109
46 21 16 90
47 148 1 3
49 78 25 109
50 203 16 286
51 169 13 208
51 203 25 286
51 78 16 109
52 195 7 124
52 21 19 90
52 148 16 3
53 148 13 3
54 136 1 74
55 21 4 90
57 78 19 109
59 203 37 286
60 169 16 208
60 195 10 124
61 195 22 124
61 78 28 109
63 185 4 12
65 21 22 90
66 148 4 3
68 148 7 3
69 195 13 124
70 21 25 90
71 195 19 124
73 136 4 74
73 78 22 109
75 136 7 74
75 58 19 111
75 100 10 158
76 21 28 90
76 58 1 111
77 136 16 74
77 78 37 109
85 195 25 124
85 203 31 286
85 78 34 109
87 169 19 208
87 148 10 3
89 195 34 124
97 100 4 158
97 203 28 286
98 203 34 286
98 185 13 12
99 78 40 109
99 185 16 12
100 148 22 3
103 78 31 109
105 195 28 124
107 203 40 286
108 136 10 74
109 21 31 90
111 100 7 158
112 21 34 90
113 148 25 3
114 169 22 208
114 21 37 90
116 58 22 111
117 185 25 12
118 100 25 158
120 100 31 158
120 58 34 111
121 58 25 111
123 195 31 124
125 195 37 124
127 100 34 158
131 195 40 124
131 185 21 12
132 136 25 74
133 100 28 158
136 100 37 158
137 21 43 90
139 195 43 124
139 203 46 286
140 185 28 12
140 169 25 208
141 185 31 12
141 169 28 208
141 21 40 90
144 203 43 286
145 58 28 111
147 185 34 12
148 148 28 3
149 195 46 124
149 21 49 90
151 148 31 3
152 21 46 90
154 136 28 74
155 21 52 90
158 169 31 208
158 78 49 109
159 169 34 208
159 100 40 158
160 203 49 286
161 185 37 12
162 148 34 3
164 21 55 90
167 203 52 286
167 185 40 12
170 169 37 208
170 21 58 90
173 148 19 3
174 100 43 158
174 21 1 194
174 58 31 111
176 203 55 286
177 58 37 111
177 136 19 74
179 58 40 111
183 78 43 109
185 21 4 194
185 58 43 111
186 58 46 111
187 78 52 109
188 21 7 194
189 185 49 12
190 136 22 74
193 148 37 3
193 78 46 109
194 136 37 74
194 148 46 3
195 100 46 158
200 148 40 3
201 100 49 158
202 78 55 109
205 185 43 12
205 58 49 111
206 148 43 3
211 169 43 208
211 195 49 124
211 100 52 158
212 195 52 124
213 100 55 158
214 148 51 3
217 136 31 74
217 195 55 124
220 148 55 3
221 203 58 286
222 58 55 111
223 203 1 306
225 148 58 3
226 169 46 208
227 195 58 124
229 21 10 194
229 203 4 306
230 58 52 111
232 78 58 109
232 148 1 44
232 21 13 194
233 203 7 306
234 185 46 12
235 78 1 137
236 21 16 194
236 148 4 44
238 185 52 12
239 78 4 137
239 21 19 194
239 185 55 12
240 136 34 74
240 185 58 12
240 195 1 188
241 185 49 216
243 148 7 44
247 21 22 194
248 136 40 74
249 21 25 194
249 58 58 111
251 148 10 44
252 136 49 74
254 169 40 208
257 203 10 306
258 100 58 158
261 195 4 188
262 100 1 299
263 169 49 208
264 169 52 208
264 185 55 216
265 21 28 194
265 203 13 306
266 58 1 186
267 21 33 194
268 195 7 188
269 100 4 299
269 148 13 44
271 203 16 306
272 148 16 44
272 195 10 188
275 78 7 137
276 100 7 299
276 78 10 137
278 100 10 299
278 185 52 216
279 203 19 306
280 100 13 299
281 136 43 74
281 58 4 186
282 136 46 74
283 169 55 208
284 100 16 299
284 195 13 188
284 136 52 74
285 148 19 44
286 78 13 137
288 203 22 306
289 78 16 137
293 195 16 188
293 100 19 299
293 78 22 137
295 195 19 188
295 203 25 306
295 58 7 186
297 100 22 299
1 43 11 177
2 83 4 187
3 54 22 231
3 102 25 75
5 102 16 75
6 98 7 172
11 98 17 172
15 102 7 75
16 54 11 231
17 83 7 187
19 102 1 75
27 43 13 177
31 103 7 45
32 102 9 75
33 102 19 75
34 15 52 145
36 103 5 45
37 83 1 187
37 54 17 231
38 15 55 145
38 43 1 177
38 54 19 231
40 83 9 187
41 83 11 187
41 103 9 45
42 83 16 187
43 83 19 187
44 83 21 187
45 54 13 231
48 103 1 45
50 83 13 187
53 54 5 231
54 102 4 75
55 83 23 187
56 102 11 75
56 43 5 177
57 83 25 187
57 103 11 45
58 54 1 231
58 103 3 45
59 103 13 45
60 15 57 145
61 54 7 231
62 43 3 177
62 54 9 231
63 102 21 75
63 103 15 45
64 15 59 145
64 83 29 187
66 103 17 45
66 15 1 289
68 98 1 172
69 43 16 177
70 83 31 187
72 102 13 75
72 103 23 45
73 83 27 187
79 83 33 187
83 54 3 231
84 54 15 231
86 43 7 177
98 54 25 231
100 83 35 187
103 43 19 177
103 103 21 45
104 54 28 231
104 83 41 187
104 103 19 45
106 102 23 75
107 103 29 45
110 98 3 172
110 103 25 45
115 43 9 177
116 98 5 172
119 54 31 231
122 83 46 187
122 54 33 231
123 102 27 75
124 15 5 289
125 98 11 172
127 98 9 172
127 103 31 45
130 54 35 231
132 102 29 75
132 103 34 45
135 103 27 45
136 98 13 172
137 15 3 289
142 102 31 75
143 103 37 45
143 43 21 177
145 54 37 231
146 83 37 187
146 103 39 45
147 15 7 289
149 43 23 177
149 54 43 231
152 102 33 75
156 43 27 177
156 54 39 231
158 98 15 172
158 102 35 75
158 83 39 187
159 103 43 45
162 98 19 172
162 103 41 45
163 54 41 231
165 83 43 187
165 54 45 231
166 15 9 289
166 43 25 177
166 102 37 75
167 15 11 289
169 43 29 177
173 54 47 231
175 43 31 177
178 43 33 177
183 98 21 172
185 15 13 289
186 15 15 289
187 15 17 289
189 83 52 187
191 15 19 289
198 83 55 187
199 83 49 187
200 98 23 172
201 98 25 172
202 98 27 172
202 103 45 45
203 15 21 289
207 98 29 172
209 83 57 187
210 103 47 45
211 54 55 231
211 83 59 187
217 43 35 177
219 102 39 75
219 54 49 231
222 83 1 266
224 43 39 177
225 15 23 289
227 15 25 289
228 103 52 45
228 15 27 289
229 83 7 266
230 43 37 177
234 43 43 177
235 102 41 75
236 83 9 266
240 15 29 289
241 43 41 177
242 15 31 289
244 98 31 172
245 43 45 177
246 103 49 45
254 54 51 231
258 83 3 266
258 103 55 45
260 102 43 75
260 83 5 266
261 43 47 177
261 98 33 172
262 15 33 289
264 43 49 177
265 83 11 266
271 43 51 177
276 98 35 172
276 83 13 266
279 102 47 75
280 15 35 289
280 83 16 266
281 43 53 177
282 54 53 231
284 102 45 75
285 98 37 172
286 83 19 266
288 102 52 75
289 43 55 177
291 43 57 177
291 102 49 75
1 171 19 55
4 9 37 15
5 9 19 15
8 9 25 15
10 50 57 45
10 85 3 169
12 50 19 220
13 50 13 220
13 85 19 169
15 16 19 39
18 50 25 220
19 59 25 27
20 85 13 169
20 59 31 27
22 50 7 220
24 215 25 169
25 9 13 15
25 59 19 27
25 109 25 72
26 162 19 234
28 166 25 67
29 9 31 15
29 59 13 27
30 215 31 169
33 9 43 15
33 215 37 169
37 85 43 169
38 59 37 27
39 162 1 234
39 85 7 169
39 215 49 169
44 171 7 55
46 215 55 169
48 50 3 220
49 59 7 27
50 85 19 217
51 9 7 15
51 109 31 72
51 85 37 217
54 59 43 27
55 59 49 27
58 215 31 198
59 215 3 198
60 171 1 55
62 9 49 15
64 16 1 39
65 50 43 220
65 215 7 198
66 9 55 15
66 50 49 220
67 171 25 55
67 85 1 217
69 171 31 55
70 50 33 220
71 166 1 67
74 59 55 27
75 171 37 55
76 215 19 198
76 109 37 72
77 215 43 198
80 166 7 67
80 9 1 15
81 59 1 27
82 162 7 234
82 109 1 72
83 171 13 55
83 59 19 123
85 215 13 198
89 162 43 234
89 166 19 67
89 215 49 198
91 162 25 234
91 109 19 72
93 50 37 220
95 162 31 234
97 109 7 72
97 50 55 220
98 9 1 134
98 85 7 217
98 59 37 123
100 85 25 217
102 215 25 198
104 162 55 234
105 166 13 67
106 50 1 246
107 50 7 246
107 85 13 217
108 166 31 67
110 215 37 198
112 109 49 72
114 162 49 234
114 59 7 123
115 16 13 39
116 215 55 198
117 166 37 67
117 59 1 123
118 162 37 234
118 59 31 123
119 109 13 72
120 162 13 234
122 9 7 134
123 85 43 217
124 166 49 67
125 171 43 55
129 59 13 123
132 50 13 246
132 85 49 217
133 162 1 252
133 109 43 72
138 162 7 252
138 109 55 72
139 162 13 252
143 16 7 39
146 9 13 134
147 162 19 252
149 171 55 55
151 50 25 246
152 166 55 67
153 16 25 39
153 85 31 217
154 9 31 134
155 50 19 246
157 50 31 246
157 85 55 217
159 162 27 252
160 9 27 134
160 50 37 246
161 59 43 123
163 16 31 39
164 9 19 134
165 166 1 180
166 166 43 67
168 9 37 134
168 16 43 39
168 166 7 180
169 162 31 252
171 162 43 252
173 9 43 134
175 59 25 123
176 16 1 296
177 171 25 188
178 59 55 123
179 162 49 252
179 9 1 227
179 171 33 188
183 16 37 39
188 59 49 123
190 162 55 252
192 166 13 180
195 166 19 180
199 9 51 134
200 50 43 246
201 171 37 188
203 9 55 134
203 16 49 39
204 162 37 252
212 9 7 227
213 166 27 180
214 50 55 246
218 109 1 78
222 16 7 296
224 50 49 246
225 162 37 289
232 171 49 55
233 166 31 180
233 171 43 188
237 171 49 188
237 109 7 78
244 109 13 78
246 16 55 39
246 162 51 289
248 166 49 180
249 9 13 227
251 109 19 78
252 171 1 254
253 109 25 78
254 162 43 289
255 171 55 188
260 171 7 254
261 16 13 296
267 109 37 78
270 9 19 227
271 9 25 227
271 16 19 296
273 166 37 180
277 16 25 296
278 9 31 227
281 166 55 180
282 109 31 78
283 109 43 78
288 162 55 289
289 16 31 296
295 9 37 227
295 16 43 296
296 16 37 296
297 16 49 296
4 140 22 272
4 155 43 125
7 163 19 87
7 18 22 175
7 155 25 125
9 104 13 77
9 18 25 175
11 155 22 125
12 104 16 77
15 73 13 61
16 104 19 77
17 200 45 211
17 86 4 43
19 150 10 1
20 104 4 77
21 86 13 43
22 150 4 1
23 163 7 87
24 155 13 125
25 200 49 211
25 106 43 161
26 163 25 87
26 200 52 211
26 140 28 272
26 159 31 206
27 152 15 10
27 86 19 43
29 200 55 211
29 106 46 161
29 86 22 43
30 163 4 87
33 159 16 206
34 73 1 61
34 104 22 77
35 18 4 175
35 163 22 87
36 152 7 10
37 159 19 206
38 140 16 272
38 155 28 125
38 200 58 211
39 150 19 1
40 163 1 87
41 86 25 43
42 200 3 214
43 140 31 272
43 150 34 1
44 106 49 161
44 86 16 43
45 140 25 272
46 152 1 10
47 18 7 175
48 159 22 206
51 150 28 1
52 18 1 175
54 150 13 1
55 104 1 77
56 140 7 272
56 18 28 175
58 150 37 1
58 152 40 10
58 104 43 77
59 18 10 175
59 152 19 10
59 73 7 61
62 155 16 125
65 86 1 43
65 150 16 1
68 140 3 272
68 200 10 214
70 200 7 214
70 150 1 1
71 159 7 206
72 159 1 206
73 155 1 125
73 106 52 161
75 18 31 175
76 140 34 272
77 159 4 206
77 163 28 87
78 152 4 10
78 86 9 43
79 140 10 272
79 163 13 87
80 159 13 206
81 18 13 175
82 104 25 77
82 159 28 206
83 200 28 214
83 86 31 43
86 163 10 87
87 104 7 77
87 140 13 272
87 18 16 175
88 106 55 161
91 155 4 125
93 106 58 161
94 163 16 87
94 200 19 214
94 106 1 174
95 163 37 87
95 140 19 272
96 86 28 43
96 104 10 77
99 106 4 174
101 159 10 206
103 200 13 214
106 155 7 125
106 200 16 214
108 163 40 87
108 200 22 214
108 140 37 272
109 163 34 87
109 140 40 272
110 200 31 214
110 73 10 61
110 18 19 175
113 152 10 10
113 104 28 77
116 73 16 61
116 140 1 308
119 140 55 272
120 104 37 77
122 73 4 61
122 140 49 272
124 200 34 214
124 152 22 10
125 163 31 87
125 200 25 214
126 73 19 61
127 140 43 272
127 73 22 61
128 18 34 175
128 150 7 1
128 86 37 43
129 150 22 1
129 152 25 10
130 104 31 77
132 152 37 10
134 86 40 43
135 73 31 61
135 86 43 43
135 155 10 125
137 155 31 125
138 73 34 61
139 18 37 175
141 106 7 174
146 86 46 43
146 104 49 77
147 159 25 206
148 104 40 77
150 140 46 272
151 159 34 206
153 106 10 174
155 86 34 43
156 140 52 272
156 106 13 174
157 163 43 87
158 163 52 87
159 18 45 175
159 150 31 1
159 159 37 206
160 73 43 61
161 200 40 214
162 140 58 272
163 18 49 175
164 150 25 1
164 155 34 125
168 155 19 125
168 159 49 206
168 73 25 61
170 140 4 308
171 155 37 125
171 86 52 43
172 200 37 214
172 150 40 1
173 155 40 125
176 150 43 1
177 155 46 125
177 86 49 43
178 106 16 174
179 159 43 206
180 140 13 308
181 73 28 61
182 140 7 308
182 86 55 43
183 150 46 1
183 159 52 206
186 104 52 77
187 140 10 308
188 106 19 174
189 152 31 10
192 163 46 87
193 73 40 61
196 18 40 175
197 104 34 77
197 200 43 214
199 152 28 10
199 200 46 214
200 73 37 61
203 163 37 194
203 106 25 174
203 86 1 108
204 104 46 77
204 73 49 61
204 159 55 206
205 150 52 1
205 159 40 206
206 150 49 1
208 152 43 10
209 150 1 8
209 86 4 108
209 104 7 154
214 73 46 61
218 159 58 206
218 73 52 61
219 150 55 1
219 86 58 43
220 73 58 61
220 159 46 206
222 18 58 175
223 155 55 125
223 73 4 69
225 86 7 108
225 106 31 174
226 200 49 214
226 18 52 175
228 140 16 308
229 18 55 175
230 150 58 1
231 140 19 308
233 155 49 125
234 163 49 87
242 155 52 125
244 152 34 10
247 163 58 87
248 140 22 308
252 150 7 8
252 155 10 168
252 200 52 214
253 86 10 108
255 155 1 168
256 104 55 77
258 104 10 154
259 106 22 174
259 155 58 125
265 140 25 308
266 150 4 8
266 106 28 174
267 104 58 77
267 140 28 308
268 163 55 87
269 155 7 168
272 150 13 8
272 86 19 108
274 150 10 8
274 155 4 168
277 140 37 308
278 140 40 308
279 163 49 194
279 200 55 214
279 152 52 10
280 163 43 194
280 200 58 214
282 163 40 194
283 152 49 10
288 86 13 108
289 104 1 154
290 150 16 8
291 140 31 308
291 104 4 154
292 163 46 194
292 140 34 308
294 150 19 8
295 140 49 308
295 155 13 168
2 13 7 21
2 61 58 204
2 208 9 19
3 29 29 27
3 208 27 19
6 61 9 287
10 13 10 21
12 13 5 21
15 89 11 52
16 13 16 21
16 208 22 19
17 61 11 287
19 209 5 20
22 208 11 19
22 89 17 52
25 29 17 27
27 13 22 21
27 61 25 287
29 208 1 19
30 208 17 19
35 209 7 20
40 175 7 7
40 208 13 19
42 61 7 287
43 61 5 287
43 208 29 19
44 175 5 7
44 29 11 27
46 89 13 52
47 175 10 7
49 89 1 52
54 13 19 21
54 61 16 287
54 209 11 20
55 13 13 21
57 29 23 27
58 208 5 19
59 29 35 27
60 208 19 19
62 13 1 21
62 61 13 287
62 208 7 19
63 208 25 19
64 89 5 52
65 61 29 287
67 29 5 27
71 61 27 287
75 29 41 27
75 208 34 19
76 89 7 52
77 29 47 27
79 209 1 20
80 13 25 21
81 175 22 7
81 209 9 20
86 175 13 7
90 175 1 7
92 175 3 7
92 208 15 19
94 209 22 20
96 29 53 27
106 89 19 52
108 89 3 52
111 175 15 7
111 89 21 52
115 29 59 27
116 89 9 52
117 13 28 21
118 89 23 52
120 209 3 20
121 175 17 7
124 208 31 19
124 209 13 20
126 208 37 19
129 61 1 287
136 175 19 7
137 208 41 19
138 13 3 21
138 89 29 52
139 61 3 287
139 208 49 19
144 61 19 287
145 175 25 7
147 208 39 19
153 209 15 20
155 209 17 20
157 209 19 20
159 175 53 7
161 13 31 21
161 29 5 138
161 61 21 287
162 208 3 19
162 209 25 20
163 209 27 20
164 13 37 21
165 175 28 7
165 29 11 138
166 61 23 287
169 89 15 52
170 208 43 19
176 209 29 20
180 89 25 52
182 209 31 20
183 89 27 52
187 29 23 138
188 175 31 7
189 61 34 287
192 175 35 7
192 209 40 20
199 13 33 21
199 29 17 138
199 175 37 7
201 175 33 7
201 209 35 20
202 208 47 19
205 29 29 138
206 209 33 20
208 175 39 7
208 209 37 20
209 29 41 138
209 89 31 52
210 209 43 20
210 61 31 287
211 175 41 7
212 175 43 7
213 175 45 7
213 208 51 19
215 89 33 52
217 89 41 52
218 209 47 20
221 29 35 138
221 175 47 7
222 208 5 296
223 13 35 21
223 89 37 52
225 209 49 20
225 89 35 52
226 61 43 287
227 29 47 138
228 13 39 21
228 89 43 52
229 29 53 138
230 208 55 19
234 209 52 20
234 89 39 52
235 208 45 19
236 61 37 287
237 13 41 21
238 89 45 52
242 209 45 20
245 175 49 7
247 61 39 287
249 13 46 21
250 175 51 7
250 209 55 20
251 209 1 118
252 29 17 140
252 89 55 52
253 89 47 52
256 209 58 20
257 175 55 7
258 29 1 140
258 61 41 287
259 29 11 140
263 209 3 118
266 13 43 21
270 29 59 138
272 29 29 140
273 175 1 239
285 89 53 52
287 208 53 19
297 13 53 21
1 97 25 149
1 210 31 62
3 8 31 82
4 131 49 36
6 27 13 29
6 64 19 79
7 27 31 29
10 131 13 36
12 131 25 36
13 64 25 79
14 97 13 149
15 131 31 36
18 8 13 82
23 64 13 79
33 210 21 62
36 97 19 149
36 8 37 82
41 8 19 82
42 131 19 36
46 64 31 79
46 8 25 82
49 64 37 79
50 64 43 79
53 64 49 79
53 8 43 82
55 131 37 36
64 131 43 36
64 8 49 82
64 23 31 2
66 131 13 69
71 97 31 149
71 27 37 29
78 210 25 62
79 131 3 36
81 8 55 82
83 131 55 36
84 97 1 149
90 97 7 149
91 97 37 149
91 23 43 2
93 131 7 36
94 131 7 69
94 27 25 29
99 27 7 29
105 131 19 69
105 27 1 29
108 64 55 79
108 131 25 69
112 8 1 82
116 8 25 210
119 64 1 79
121 8 7 82
123 27 19 29
125 23 1 2
129 8 3 210
130 97 49 149
130 27 55 29
135 8 19 210
136 27 43 29
137 131 49 69
138 64 43 299
139 27 51 29
141 27 1 34
142 131 33 69
142 64 7 79
145 27 7 34
148 97 43 149
148 27 13 34
150 210 1 62
151 97 55 149
158 8 7 210
164 8 13 210
167 8 31 210
169 97 19 168
169 210 7 62
171 27 19 34
173 210 13 62
179 97 25 168
179 27 7 239
190 23 7 2
191 8 37 210
191 97 43 168
192 131 55 69
193 210 49 62
194 97 49 168
194 210 55 62
195 23 13 2
200 210 1 147
201 131 43 69
201 210 7 147
204 8 1 221
205 131 1 240
206 210 37 62
206 23 55 2
207 131 37 69
208 64 25 299
208 131 7 240
210 131 13 240
215 8 43 210
215 23 21 2
219 97 31 168
219 23 25 2
220 131 19 240
228 64 31 299
228 27 45 34
236 97 55 168
237 210 43 62
238 210 13 147
239 97 7 202
241 210 19 147
243 64 37 299
243 27 25 34
247 210 25 147
247 23 49 2
250 131 25 240
251 23 37 2
254 23 57 19
255 23 7 233
256 97 37 168
257 64 49 299
259 23 1 233
260 97 1 202
260 131 31 240
261 27 39 34
263 23 13 233
265 8 49 210
266 97 13 202
269 8 55 210
270 23 25 233
273 210 43 147
281 23 19 233
283 97 19 202
283 8 7 221
284 210 31 147
285 131 39 240
286 131 55 240
286 210 37 147
286 23 31 233
292 23 37 233
293 64 55 299
3 51 37 5
6 181 57 7
8 60 31 205
9 199 28 181
13 34 10 103
15 107 25 91
18 99 19 5
19 181 19 13
23 51 10 5
23 60 19 205
24 34 16 103
24 199 19 181
24 99 22 5
24 107 31 91
28 51 31 5
30 51 25 5
31 34 25 103
32 199 25 181
33 60 25 205
34 181 4 13
37 34 22 103
39 51 28 5
41 51 4 5
41 60 28 205
43 34 37 103
47 199 4 181
47 60 22 205
47 51 34 5
48 60 34 205
49 51 43 5
55 199 7 181
55 51 15 5
56 107 34 91
58 34 46 103
60 60 13 205
62 51 40 5
62 199 22 181
62 99 46 5
63 199 1 181
68 51 49 5
69 60 3 205
77 60 40 205
77 107 1 91
79 34 7 103
80 199 16 181
80 181 22 13
80 60 37 205
81 51 52 5
82 51 55 5
88 51 1 5
93 107 13 91
95 60 7 205
96 107 4 91
99 107 19 91
100 107 7 91
101 60 43 205
102 99 7 5
106 99 58 5
107 199 31 181
107 99 1 89
108 99 7 89
109 99 4 89
109 107 10 91
110 107 16 91
111 181 1 13
116 34 13 103
116 51 19 130
117 34 31 103
124 60 10 205
125 107 22 91
126 34 28 103
128 60 46 205
134 107 28 91
136 60 16 205
139 51 7 130
142 181 13 13
143 99 13 89
144 199 10 181
148 107 37 91
149 51 1 130
152 199 13 181
157 99 10 89
157 181 7 13
163 107 43 91
166 99 19 89
167 99 16 89
169 199 37 181
172 107 46 91
176 51 10 130
177 199 34 181
181 34 1 103
183 34 4 103
183 199 49 181
184 181 10 13
186 51 4 130
186 199 43 181
188 181 16 13
194 34 19 103
194 181 25 13
194 60 1 238
197 99 22 89
197 51 13 130
197 181 31 13
208 199 46 181
209 181 28 13
212 107 40 91
218 181 39 13
218 107 49 91
223 99 25 89
223 107 58 91
231 181 34 13
233 51 16 130
233 60 52 205
234 107 55 91
235 51 25 130
235 60 49 205
236 51 22 130
238 99 28 89
239 51 31 130
244 199 40 181
247 181 43 13
248 199 58 181
250 107 1 301
253 34 34 103
256 99 31 89
256 181 46 13
257 99 34 89
262 181 49 13
263 51 28 130
269 107 52 91
270 34 40 103
271 99 37 89
275 107 4 301
278 34 49 103
279 60 58 205
280 99 46 89
284 34 55 103
291 99 40 89
291 107 7 301
292 181 52 13
294 34 43 103
296 199 52 181
297 99 43 89
297 181 55 13
297 60 4 238
2 224 11 223
3 224 35 223
6 112 11 99
10 112 17 99
14 224 17 223
22 224 23 223
23 224 5 223
24 112 5 99
27 224 29 223
27 112 27 99
32 133 7 25
34 112 19 99
35 133 17 25
41 133 23 25
42 92 57 81
49 224 41 223
58 149 7 104
61 133 5 25
61 112 25 99
61 92 59 81
68 149 13 5
71 133 10 25
85 149 1 104
85 224 47 223
88 149 4 104
88 92 53 103
93 112 1 99
101 133 1 25
102 149 10 104
103 112 3 99
104 224 53 223
106 92 5 269
106 224 45 287
107 112 21 99
108 224 59 223
108 92 1 269
109 133 13 25
110 133 27 25
115 92 3 269
115 112 7 99
118 133 3 25
118 92 58 103
122 112 13 99
123 133 15 25
128 224 49 287
130 133 19 25
131 112 9 99
132 224 47 287
134 133 21 25
135 92 7 269
142 112 23 99
145 224 51 287
146 224 53 287
147 112 29 99
148 112 35 99
153 92 13 269
154 149 13 104
157 149 15 104
157 112 37 99
158 112 41 99
161 92 9 269
162 224 55 287
173 133 31 25
174 112 15 99
178 92 11 269
179 224 59 287
180 224 57 287
181 112 31 99
183 92 15 269
186 112 33 99
189 149 17 104
191 224 5 290
192 224 11 290
199 92 19 269
200 149 19 104
209 224 17 290
210 92 17 269
212 92 23 269
217 224 29 290
220 112 39 99
220 92 25 269
223 92 21 269
227 92 27 269
230 133 25 25
231 133 29 25
232 149 21 104
234 112 58 99
237 224 23 290
237 112 47 99
238 149 23 104
240 149 25 104
241 224 35 290
241 112 43 99
244 92 29 269
246 149 27 104
246 224 47 290
250 133 33 25
250 149 29 104
251 149 33 104
256 149 35 104
261 133 35 25
262 224 41 290
265 92 31 269
265 224 53 290
265 112 45 99
266 133 37 25
266 149 31 104
274 92 33 269
275 92 35 269
276 92 37 269
278 133 47 25
280 133 41 25
284 92 39 269
285 112 55 99
286 133 49 25
286 92 41 269
287 149 37 104
287 92 43 269
289 149 39 104
291 149 43 104
293 112 49 99
3 190 43 153
6 219 25 8
9 138 31 71
12 206 31 65
13 219 31 8
15 206 37 65
16 190 25 153
18 141 39 40
21 138 19 71
21 141 43 40
28 116 37 41
30 206 19 65
34 138 37 71
34 206 43 65
36 116 31 41
38 219 43 8
52 206 25 65
60 141 49 40
66 190 19 153
67 219 37 8
69 190 37 153
74 190 13 153
79 116 25 41
81 116 37 112
84 141 55 40
84 206 7 65
86 141 15 144
90 219 49 8
96 206 49 65
98 206 55 65
101 206 3 65
101 219 55 8
111 190 31 153
112 190 7 153
113 206 1 163
116 190 31 207
117 219 7 184
118 206 7 163
119 116 21 41
120 141 7 144
121 206 13 65
123 206 37 163
126 141 39 144
130 138 1 71
131 206 13 163
134 141 1 144
135 219 1 184
136 219 21 184
137 138 7 71
140 206 31 163
140 190 1 153
148 190 49 153
150 138 13 71
151 141 49 144
152 141 19 144
155 190 55 153
163 206 19 163
165 206 49 163
166 116 1 41
169 206 25 163
170 190 13 207
172 190 1 207
173 138 49 71
173 141 33 144
174 219 37 184
176 138 13 173
177 219 13 184
178 138 43 71
178 141 21 266
178 206 7 207
179 190 19 207
180 219 31 184
181 206 43 163
182 190 25 207
184 219 25 184
186 141 25 144
187 206 37 207
191 141 55 144
194 138 7 173
196 138 25 71
197 219 1 247
202 219 49 184
208 206 49 207
210 116 49 41
212 141 45 144
214 141 25 266
214 219 7 247
215 219 55 184
216 190 55 207
220 206 1 295
222 190 13 288
225 141 51 266
227 116 7 41
229 190 43 207
230 141 31 266
231 190 1 288
238 116 55 41
244 219 43 184
245 141 37 266
250 206 57 163
252 138 39 172
253 116 13 41
255 141 43 266
257 138 57 71
257 219 13 247
263 141 55 266
266 190 7 288
269 138 43 172
271 138 55 172
273 219 19 247
276 190 19 288
281 219 25 247
283 219 31 247
287 116 45 41
289 206 7 295
291 138 19 173
292 219 55 247
293 138 51 172
293 219 37 247
293 190 25 288
1 20 16 16
2 146 13 53
2 41 16 85
5 5 25 6
9 41 37 85
10 146 19 53
13 5 37 6
14 146 25 53
17 5 13 6
19 20 31 16
20 172 25 48
21 146 16 53
22 146 28 53
24 20 34 16
26 172 34 48
27 41 31 85
28 20 22 16
34 172 31 48
36 172 10 48
39 172 22 48
40 146 37 53
41 172 37 48
43 41 40 85
44 146 31 53
45 172 15 48
50 146 10 53
51 146 43 53
52 20 37 16
53 20 19 16
54 41 21 85
55 41 34 85
59 41 43 85
62 41 25 85
66 172 7 48
67 20 7 16
68 5 19 6
70 20 4 16
71 172 43 48
72 20 40 16
77 172 19 48
81 172 28 48
84 146 34 53
85 172 3 48
88 41 9 85
90 20 3 49
92 41 28 85
92 172 40 48
93 41 46 85
93 172 49 48
94 146 40 53
94 20 43 16
96 20 1 16
98 172 46 48
98 146 22 53
101 41 13 85
105 20 10 16
107 20 46 16
109 172 52 48
109 146 1 53
112 172 55 48
115 20 27 16
115 41 49 85
118 146 46 53
127 41 1 85
128 146 4 53
129 41 52 85
132 5 1 6
132 41 4 85
136 20 49 16
136 172 58 48
139 41 55 85
141 146 49 53
144 41 1 129
144 20 13 16
146 20 55 16
149 146 7 53
150 146 55 53
153 172 1 176
159 172 4 176
160 20 52 16
164 41 58 85
167 172 7 176
169 41 40 129
175 5 4 6
177 5 7 6
178 41 4 129
182 20 58 16
184 20 7 49
188 146 58 53
192 20 19 49
196 172 10 176
199 20 10 49
201 5 16 6
201 146 52 53
203 20 13 49
205 5 10 6
209 41 10 129
211 20 22 49
215 146 1 96
216 5 31 6
217 146 4 96
223 5 28 6
226 20 16 49
230 20 27 49
231 5 22 6
238 172 19 176
240 5 40 6
240 20 31 49
241 20 45 49
247 20 34 49
249 172 22 176
252 5 13 46
252 146 19 96
254 20 37 49
260 5 45 6
261 5 49 6
261 172 25 176
269 172 16 176
270 20 49 49
274 5 55 6
275 5 52 6
277 41 7 129
277 146 10 96
279 20 1 51
286 146 7 96
287 20 40 49
288 5 34 6
289 41 13 129
290 172 13 176
291 5 1 46
292 146 13 96
293 41 31 129
294 5 4 46
295 5 10 46
297 146 16 96
1 128 23 28
2 128 19 28
5 128 28 28
11 161 29 163
15 128 35 28
19 161 17 163
20 161 23 163
21 231 23 134
23 161 35 163
28 31 11 118
34 128 11 28
34 231 17 134
37 31 29 118
39 128 17 28
41 31 7 118
43 128 43 28
48 161 11 163
51 31 23 118
56 128 1 28
57 128 9 28
60 128 5 28
63 128 7 28
65 128 13 28
65 231 5 134
67 128 31 28
71 161 5 163
75 161 47 163
79 231 35 134
89 128 3 28
99 128 37 28
103 231 11 134
105 128 25 28
112 31 5 118
117 161 41 163
125 128 15 28
127 128 41 28
134 128 45 28
136 31 9 118
138 128 47 28
141 231 25 134
142 128 39 28
155 231 41 134
159 128 55 28
164 128 49 28
168 161 53 163
173 231 59 134
175 161 55 163
178 161 53 170
182 128 21 28
183 31 13 118
185 31 15 118
186 31 17 118
187 161 5 259
188 231 5 166
193 128 33 28
199 128 57 28
206 161 59 170
207 128 51 28
208 231 11 166
209 128 53 28
215 231 47 134
217 128 59 28
218 128 19 118
218 231 17 166
220 231 23 166
223 128 31 118
225 231 29 166
228 128 21 118
229 231 49 134
230 128 35 118
231 31 25 118
231 231 47 166
235 231 35 166
239 231 53 166
243 128 33 118
245 128 27 118
255 128 37 118
258 161 51 170
267 231 41 166
270 31 43 118
271 128 40 118
272 161 55 170
285 31 45 118
285 231 59 166
288 128 47 118
288 31 59 118
291 231 11 198
292 161 7 259
295 31 52 118
296 161 57 170
297 128 34 130
297 161 29 259
1 62 37 73
2 12 21 196
2 46 25 276
4 127 55 31
6 127 31 31
11 127 25 31
13 12 43 196
14 127 37 31
16 36 31 47
17 46 19 276
22 62 31 73
23 62 25 73
24 12 37 196
26 36 37 47
30 46 37 276
31 46 31 276
44 62 43 73
45 12 31 196
48 62 49 73
49 46 49 276
52 127 43 31
54 46 55 276
55 36 19 47
62 36 55 47
63 36 27 47
68 46 43 276
70 36 43 47
70 62 55 73
73 12 7 196
76 36 49 47
78 62 19 73
79 62 49 113
80 36 27 203
80 12 49 196
82 36 13 47
83 12 37 243
87 62 1 73
89 127 55 92
91 12 55 196
92 46 43 308
97 12 13 196
98 62 49 136
109 127 15 31
111 12 25 196
114 62 55 113
116 12 37 245
121 36 1 47
130 62 7 73
133 46 7 276
134 36 7 47
137 127 21 31
140 46 13 276
147 62 9 136
151 36 1 203
153 36 19 203
159 127 7 31
165 12 7 243
166 12 55 243
172 46 55 308
173 46 1 276
181 62 13 73
196 127 1 31
196 62 13 136
197 62 37 136
198 62 1 136
200 36 7 203
202 36 13 203
206 12 1 196
214 36 31 203
217 12 13 243
220 127 7 92
220 62 27 136
222 12 19 243
224 36 43 203
242 12 1 243
244 36 49 203
244 127 1 92
258 127 13 92
268 62 19 136
269 36 37 203
273 127 51 31
278 12 25 243
286 12 1 245
297 62 7 191
6 118 43 25
8 118 51 25
12 197 37 60
14 197 28 60
16 218 49 52
17 218 57 52
22 218 25 105
22 96 37 38
28 218 34 105
31 118 55 25
35 197 19 60
40 197 15 60
43 218 45 105
44 96 34 38
45 218 28 105
48 197 25 60
51 218 49 105
53 118 58 25
72 118 4 98
75 118 22 98
83 197 10 60
91 96 1 38
95 218 1 105
100 96 4 38
105 96 7 38
114 118 19 98
121 96 19 38
129 218 7 105
136 197 1 60
138 197 31 60
140 118 7 98
145 96 13 38
146 197 4 60
147 218 13 105
151 96 10 38
151 218 16 105
152 96 16 38
153 197 7 60
153 218 4 105
156 118 1 98
158 197 22 60
160 197 34 60
160 218 10 105
167 118 13 98
170 218 19 105
171 197 16 168
174 96 22 38
175 197 49 60
178 118 39 98
181 218 22 105
182 218 40 105
183 118 10 98
185 218 31 105
188 96 25 38
193 96 28 38
195 96 31 38
195 118 25 98
196 197 43 60
207 218 55 105
207 96 46 38
216 218 37 105
218 197 55 60
224 96 55 38
225 118 16 98
227 197 52 60
232 118 28 98
236 96 43 38
237 118 31 98
249 118 34 98
250 197 40 60
262 218 52 105
264 197 46 60
266 197 58 60
267 218 1 193
277 96 40 38
278 197 55 136
280 218 4 193
282 96 49 38
282 118 43 98
284 118 49 98
290 118 46 98
1 48 29 56
3 229 58 13
4 48 5 56
6 3 39 25
6 201 17 70
6 123 23 127
8 3 11 182
9 229 5 88
10 3 22 182
10 123 25 127
12 123 11 127
14 187 23 24
15 123 28 127
18 201 11 70
19 123 34 127
21 48 25 56
23 187 37 13
24 3 29 182
24 216 41 30
25 123 31 127
26 216 11 30
30 187 28 24
31 229 16 88
32 201 23 70
32 48 11 56
32 123 17 127
35 229 25 88
36 229 23 88
39 216 25 30
42 201 25 70
43 229 11 88
45 229 35 88
47 216 17 30
48 3 19 182
50 187 5 24
52 3 31 182
52 187 33 24
60 123 21 127
61 3 17 182
64 216 35 30
64 123 37 127
66 123 41 127
67 229 29 88
68 187 25 24
69 201 27 70
71 187 13 24
72 3 7 182
73 123 13 127
75 187 1 24
76 201 4 70
77 216 7 30
77 229 49 88
82 229 31 88
82 48 17 56
84 187 19 24
85 187 9 24
85 229 19 88
86 229 21 88
87 201 35 70
91 229 13 88
95 48 13 56
96 187 7 24
96 201 13 70
96 216 19 30
97 229 1 88
99 201 1 70
99 48 22 56
103 48 1 56
103 187 16 24
103 216 5 30
105 123 5 127
109 201 7 70
110 216 1 30
113 48 7 56
115 187 11 24
116 201 29 70
117 187 35 24
119 229 27 88
123 201 9 70
125 187 40 24
128 3 1 182
130 201 15 70
136 3 4 182
136 187 31 24
137 187 46 24
139 229 40 88
142 216 3 30
143 123 1 127
145 187 3 24
146 3 9 182
148 3 25 182
150 48 9 56
151 187 37 24
153 187 49 24
153 201 37 70
153 123 39 127
155 187 43 24
157 201 21 70
158 201 19 70
161 3 13 182
161 187 53 24
163 201 39 70
165 201 33 70
165 187 21 24
168 187 55 24
172 48 19 56
174 48 34 56
174 123 7 127
177 187 57 24
178 229 47 88
178 201 31 70
179 3 15 182
179 123 46 127
180 3 35 182
180 123 3 127
183 48 41 56
184 3 33 182
185 201 41 70
189 216 9 30
190 187 51 24
191 3 27 182
191 48 3 56
191 201 47 70
192 3 43 182
192 48 31 56
193 123 9 127
195 187 59 24
197 187 16 154
202 3 37 182
202 216 21 30
202 229 7 88
204 216 13 30
204 187 19 154
205 201 55 70
205 216 15 30
207 3 41 182
209 48 15 56
210 3 39 182
211 187 25 154
211 216 27 30
213 201 43 70
213 216 23 30
215 187 13 154
221 216 29 30
224 187 21 154
225 48 46 56
226 201 57 70
229 201 51 70
231 229 9 88
232 48 37 56
235 3 47 182
240 201 45 70
240 216 37 30
245 201 53 70
246 48 59 56
246 216 31 30
250 187 23 154
252 48 27 56
253 48 39 56
256 229 3 88
264 229 33 88
265 187 33 154
267 123 15 127
270 3 52 182
272 48 43 56
273 216 47 30
275 229 43 88
281 3 49 182
282 229 37 88
282 187 27 154
284 187 29 154
286 187 35 154
290 201 59 70
293 48 1 115
294 216 33 30
294 123 49 127
295 229 55 88
296 123 19 127
2 174 31 132
4 124 46 201
14 26 31 9
21 174 27 132
22 174 40 132
23 174 22 132
25 174 34 132
28 174 43 132
30 174 46 132
30 124 52 98
31 49 28 9
39 26 34 9
39 174 37 132
42 49 43 9
46 26 10 9
46 174 49 132
47 174 19 132
60 26 37 9
60 124 40 201
61 124 55 98
62 49 19 9
65 174 52 132
67 174 55 132
72 174 15 132
72 124 58 98
73 174 58 132
73 49 15 9
78 49 1 9
78 124 16 201
85 174 21 201
85 49 55 9
88 174 13 201
92 124 25 201
97 174 31 201
103 49 25 9
104 26 4 9
110 26 7 9
119 26 58 9
128 26 22 9
129 174 10 132
131 49 46 9
133 124 34 201
136 174 28 201
141 26 52 9
143 26 40 9
144 124 4 201
145 174 55 201
150 49 25 142
152 124 1 201
158 174 1 132
163 26 1 26
175 49 1 142
177 26 4 26
181 174 4 132
184 49 49 9
184 124 37 201
187 174 7 132
190 124 43 201
191 49 7 142
192 174 7 201
194 174 4 280
195 124 10 201
207 124 58 201
209 124 49 201
216 49 4 142
219 124 52 201
226 49 10 142
227 26 13 26
228 174 1 280
229 174 13 280
234 49 13 142
235 49 16 142
243 174 43 240
244 174 7 280
246 26 7 26
248 49 19 142
251 124 3 228
254 174 10 280
256 49 22 142
258 26 19 26
262 49 28 142
266 26 22 26
268 124 10 228
269 174 49 240
271 174 46 240
273 26 10 26
276 174 52 240
278 124 7 228
285 124 13 228
286 174 16 280
3 177 40 209
14 153 52 38
17 177 9 209
19 130 29 84
23 189 47 40
25 114 23 68
25 177 29 209
25 153 58 38
26 130 23 84
26 153 41 78
27 189 53 40
30 177 23 209
33 189 59 40
37 114 31 68
40 130 11 84
49 177 5 209
49 189 11 102
50 114 25 68
51 130 35 84
53 153 11 78
54 153 29 78
56 189 17 102
62 189 5 102
64 189 39 102
65 189 35 102
65 153 47 78
66 177 25 209
69 189 25 102
72 130 43 84
72 153 35 78
74 130 1 84
76 114 13 68
78 114 29 68
79 189 23 102
79 114 16 68
83 177 1 209
86 130 5 84
94 189 29 102
96 153 23 78
96 189 21 102
97 130 17 84
97 189 37 102
98 130 19 84
98 177 11 209
100 153 49 78
102 189 1 102
103 114 7 68
104 153 17 78
104 177 7 209
105 189 41 102
111 177 17 209
112 114 11 68
115 114 1 68
117 189 13 102
120 114 5 68
123 177 3 209
131 130 3 84
133 153 5 78
135 130 13 84
136 130 7 84
136 114 33 68
139 130 25 84
140 177 35 209
141 130 15 84
142 153 51 78
144 153 53 78
146 153 58 78
147 130 31 84
148 153 55 78
154 130 9 84
155 177 13 209
156 153 5 233
157 114 3 68
157 189 27 102
162 153 11 233
168 177 15 209
169 153 17 233
172 130 21 84
180 130 37 84
181 177 19 209
182 153 23 233
182 114 19 68
183 153 29 233
184 153 35 233
185 153 46 233
185 189 7 102
189 177 21 209
194 189 15 102
198 189 9 102
199 114 21 68
203 189 19 102
204 153 41 233
210 177 27 209
213 114 9 68
216 114 35 68
217 130 27 84
223 153 43 233
223 177 33 209
224 189 3 102
229 177 31 209
230 189 43 102
235 114 52 68
238 114 37 68
240 130 47 84
245 189 31 102
245 114 41 68
251 130 41 84
251 153 49 233
255 177 47 209
258 130 33 84
260 177 37 209
260 114 27 68
262 130 39 84
264 130 58 84
264 189 10 186
265 153 55 233
268 189 33 102
269 130 47 102
271 153 53 233
271 114 43 68
274 153 58 233
276 153 5 258
277 130 45 84
285 189 57 102
288 189 45 102
289 153 51 233
289 177 43 209
290 153 11 258
291 130 51 84
295 189 16 186
296 114 45 68
17 164 51 88
28 188 49 164
34 188 55 164
39 164 57 88
40 188 25 164
45 188 37 164
59 164 15 122
71 188 15 164
74 188 19 164
92 188 19 225
107 164 49 122
108 188 43 164
117 188 15 225
120 188 43 225
150 188 31 164
157 164 39 122
163 164 7 122
170 188 25 225
184 164 1 122
190 164 27 122
213 164 19 122
219 164 43 122
224 188 7 164
237 188 1 164
239 164 13 191
241 188 1 225
242 188 7 225
243 164 55 122
247 188 1 293
248 188 33 225
256 164 25 191
272 164 31 122
274 188 37 225
276 164 1 191
276 188 55 225
288 164 37 191
8 186 34 23
9 204 55 75
9 93 43 180
10 204 27 212
14 204 58 75
27 186 37 23
29 88 19 107
32 207 28 11
32 186 31 23
33 93 28 221
36 88 43 107
38 93 22 8
40 204 40 212
41 88 40 107
42 207 31 11
45 186 43 23
46 186 40 23
48 204 31 212
52 93 22 221
54 186 25 23
57 88 1 107
57 93 46 180
67 93 33 221
68 88 22 107
72 204 45 212
72 93 49 221
73 186 19 23
73 207 34 11
76 93 25 221
79 204 37 212
81 204 49 212
83 204 34 212
84 204 52 212
88 186 22 23
90 186 15 23
92 93 37 221
99 204 43 262
100 88 10 107
101 93 40 221
102 186 3 23
102 204 13 212
102 88 16 107
103 93 43 221
104 88 31 107
105 93 46 221
108 88 13 107
110 186 55 23
120 207 19 11
123 93 55 221
124 88 7 107
124 93 15 221
128 204 10 212
131 88 25 107
135 204 55 212
145 88 34 107
147 186 49 23
152 207 4 11
153 88 51 107
156 204 7 212
158 204 4 212
158 93 58 221
165 186 58 23
167 93 19 221
169 207 43 11
174 207 9 11
177 207 1 11
180 204 16 212
181 207 25 11
185 204 1 212
190 88 4 107
197 93 19 307
199 204 1 262
206 207 13 11
210 207 22 11
215 93 52 221
221 186 7 23
221 207 16 11
222 93 25 307
223 207 39 11
224 207 58 11
226 186 28 23
228 88 4 148
228 186 10 23
229 204 19 212
229 93 1 307
231 88 37 107
232 88 46 107
233 207 55 11
234 93 4 307
237 204 58 212
241 204 7 262
242 204 22 212
242 207 49 11
243 93 10 307
244 93 22 307
244 88 55 107
246 204 4 262
247 207 46 11
248 88 1 148
254 186 33 33
255 204 13 262
255 207 52 11
256 88 7 148
257 186 46 23
262 207 43 130
263 88 10 148
264 207 1 189
265 186 37 33
267 207 46 130
270 186 1 219
277 204 16 262
280 186 52 23
282 207 58 130
283 88 28 107
283 93 13 307
285 204 10 262
287 186 49 33
288 93 7 307
290 88 19 148
293 186 43 33
295 93 28 307
297 204 19 262
1 84 35 2
17 84 17 2
19 84 41 2
20 144 17 36
23 84 29 2
26 84 47 2
30 121 35 14
31 144 23 36
32 121 37 14
39 121 11 14
41 84 53 2
41 121 43 14
54 144 35 36
57 84 59 2
59 121 22 14
70 121 17 14
74 144 29 36
88 84 19 2
100 144 1 36
101 84 19 31
101 121 25 14
111 121 4 14
113 144 41 36
113 84 5 2
120 121 1 14
125 144 47 36
140 121 39 14
142 144 11 36
156 84 11 2
163 144 53 36
164 84 5 31
166 144 59 36
171 144 1 64
171 121 7 14
181 144 11 64
182 121 13 14
183 121 19 14
189 84 11 31
189 121 15 14
191 121 29 14
193 84 13 31
197 84 29 31
202 144 17 64
202 121 9 14
204 84 59 31
212 144 29 64
219 144 23 64
221 144 41 64
222 144 35 64
228 84 35 31
229 144 47 64
229 121 27 14
230 144 22 96
231 121 31 14
232 121 33 14
232 84 41 31
240 84 52 56
245 121 47 14
249 144 53 64
253 84 49 31
254 121 49 14
255 121 41 14
256 84 49 56
261 121 52 14
270 144 29 96
274 121 45 14
290 144 25 96
295 144 31 96
296 84 55 56
1 53 55 33
2 183 49 260
5 183 57 231
8 125 37 35
11 183 55 260
20 183 37 262
24 125 43 35
27 183 49 262
28 53 55 209
29 183 25 262
29 125 49 35
30 53 55 241
32 53 49 209
32 125 55 35
44 183 55 262
45 53 49 241
52 53 49 269
53 125 25 35
56 53 37 241
57 183 31 262
57 125 27 101
69 53 43 241
69 125 49 101
70 125 37 101
90 53 31 241
93 125 19 35
105 125 55 101
106 53 25 241
106 125 49 148
122 53 15 241
128 53 55 269
129 53 45 269
130 53 21 241
135 125 37 148
144 125 33 35
154 53 1 241
165 125 13 35
187 125 1 35
188 125 1 101
193 125 15 101
200 125 25 148
201 125 19 101
204 125 7 35
221 125 31 101
223 53 7 241
262 125 7 101
275 125 45 101
1 90 43 162
7 90 28 162
14 160 34 18
15 90 46 162
23 160 31 18
24 160 49 18
31 90 37 162
35 160 27 18
44 160 37 18
49 160 46 18
56 160 43 18
65 160 55 18
66 160 27 50
69 90 55 162
70 160 10 18
73 160 40 18
86 90 31 162
92 90 49 162
100 160 13 18
109 160 19 18
113 160 52 18
125 160 19 50
125 90 34 162
126 90 7 162
131 90 52 162
142 90 16 162
144 90 21 162
145 90 40 162
152 90 10 162
155 90 1 162
156 90 58 162
159 90 13 162
167 160 1 18
167 90 4 162
177 160 22 18
186 90 55 182
195 160 4 18
198 160 16 18
203 90 4 200
208 90 1 200
221 160 1 50
234 90 25 162
240 90 7 200
241 90 58 182
250 160 7 18
251 160 7 50
258 90 22 200
259 90 13 200
265 90 16 200
272 90 25 200
287 160 58 18
294 90 10 200
1 143 41 33
5 52 23 100
7 143 46 33
7 52 5 100
11 105 47 31
22 52 35 100
24 105 47 218
30 105 41 218
35 52 31 100
39 105 45 88
68 105 27 218
75 52 13 23
79 143 53 33
81 143 59 33
82 52 11 100
83 105 5 218
84 143 5 39
85 143 11 39
88 105 25 218
95 105 10 218
96 143 35 39
96 105 37 218
102 143 23 39
103 143 29 39
120 105 17 218
123 52 1 23
126 105 13 218
129 52 19 100
133 105 19 85
133 52 13 100
139 105 1 218
143 105 3 218
148 52 1 100
150 52 7 100
153 143 17 39
154 105 7 85
159 143 59 39
159 105 19 218
166 52 17 100
167 52 25 100
168 105 22 218
172 105 7 218
175 52 9 100
176 143 41 39
179 105 29 218
181 143 47 39
182 52 3 100
183 143 17 73
192 143 53 39
193 52 21 100
195 105 34 218
195 52 28 100
203 52 33 100
208 105 15 218
209 105 39 218
213 143 5 73
227 143 11 73
227 105 43 218
231 105 45 218
234 105 31 218
241 52 15 100
244 143 47 73
250 143 35 73
254 105 53 218
261 105 55 218
266 143 41 73
268 52 37 100
273 52 41 100
277 52 43 100
285 143 23 73
287 143 29 73
292 143 59 73
2 95 37 146
16 196 37 110
16 95 43 146
17 32 25 22
17 225 31 244
20 32 43 22
21 32 31 22
21 225 37 244
23 225 43 244
26 32 55 22
29 225 37 279
37 32 37 22
40 95 49 146
42 196 27 110
53 196 31 110
54 32 49 22
61 225 49 244
62 225 31 279
63 196 43 110
74 225 43 279
82 225 49 279
83 32 43 83
86 196 49 110
87 95 55 146
92 95 55 239
94 225 55 244
94 95 31 146
95 65 45 104
96 196 55 110
102 65 55 104
105 65 49 104
109 32 25 83
111 225 55 279
113 196 31 137
113 95 37 239
114 225 25 244
117 196 43 137
120 32 49 83
121 196 43 174
121 95 31 239
124 32 37 83
126 32 15 22
129 65 31 136
132 225 7 244
133 65 37 174
133 225 15 244
137 32 13 83
140 196 49 137
142 65 43 136
143 65 49 174
143 196 25 137
155 32 7 22
156 225 19 244
162 32 7 83
167 225 27 279
167 95 43 239
176 32 19 22
185 32 19 83
189 32 1 22
189 196 37 137
193 95 1 146
195 32 55 83
223 32 13 215
224 95 13 146
225 32 1 83
229 95 33 291
231 32 49 215
231 225 13 279
232 95 7 146
233 32 1 215
233 196 19 110
243 225 1 244
250 32 19 215
257 95 19 146
265 65 57 174
269 225 19 279
277 196 1 110
279 225 7 279
280 95 25 146
284 196 7 110
290 196 55 137
294 95 13 239
296 32 31 83
5 42 43 30
9 70 49 37
15 101 52 49
18 70 52 37
19 158 37 120
19 101 55 49
22 101 58 49
28 42 46 171
35 42 49 30
36 158 46 120
37 101 51 127
37 70 55 37
40 70 58 37
44 158 40 120
46 158 43 120
55 158 31 120
56 158 25 120
61 42 31 171
67 70 49 256
68 158 52 120
72 70 52 256
73 42 55 30
73 70 31 256
79 158 55 120
79 70 40 256
82 158 34 120
88 101 58 127
92 42 52 30
94 70 37 256
100 101 43 127
103 101 34 195
107 158 4 120
107 101 55 127
112 42 58 30
113 101 43 195
119 101 37 195
123 42 58 147
127 42 55 147
127 101 4 195
134 70 13 256
137 158 28 120
139 158 10 120
140 70 10 256
143 42 43 171
144 70 7 256
149 101 10 195
151 70 22 256
158 101 25 195
160 158 1 120
163 101 13 195
163 42 4 171
167 70 55 256
168 42 1 171
169 70 46 256
177 101 31 195
181 101 7 195
183 158 7 120
191 158 13 120
192 101 1 195
198 42 52 147
201 101 55 195
203 70 16 256
204 101 16 195
205 70 19 256
209 70 25 256
215 101 28 195
216 101 40 195
219 42 7 171
221 70 4 256
227 70 1 256
239 70 34 256
239 42 49 147
253 70 43 256
257 70 28 256
258 42 25 171
259 158 16 120
260 101 19 195
265 101 22 195
266 158 19 120
268 70 58 256
269 42 10 171
271 42 13 171
275 101 49 195
279 70 4 283
280 70 1 283
282 158 22 120
285 101 16 307
287 42 16 171
288 158 16 148
291 158 13 148
291 42 28 171
297 42 37 171
7 33 37 58
20 33 49 58
25 220 37 167
27 33 43 58
27 87 55 126
37 87 33 126
42 220 49 100
47 220 45 100
48 87 37 126
49 220 55 100
54 87 31 148
54 220 37 229
56 220 49 167
57 220 55 167
61 220 43 167
63 87 49 126
70 33 49 293
90 33 37 293
93 33 25 58
95 33 25 293
97 87 21 126
101 87 27 126
111 33 43 293
111 87 49 268
114 33 43 294
117 33 55 58
128 87 27 268
132 87 43 126
134 33 55 293
147 87 55 148
148 87 3 126
148 220 7 167
151 87 39 268
152 87 27 283
162 87 13 126
165 33 37 294
168 33 31 58
172 220 25 167
180 220 19 167
183 87 33 268
187 220 13 167
189 87 55 268
200 220 55 229
206 220 7 229
210 220 1 167
217 87 7 126
222 87 31 283
224 220 31 167
227 220 19 229
254 33 1 58
255 220 25 229
270 33 7 58
284 33 19 58
287 87 1 268
290 33 7 293
293 33 3 294
296 87 7 268
297 33 25 294
7 45 43 97
8 122 55 21
9 122 58 21
21 122 49 21
38 45 25 97
39 45 31 97
41 122 45 32
42 122 34 32
50 122 27 32
55 122 55 32
64 122 10 32
86 45 34 97
109 122 22 32
115 122 19 32
118 45 19 97
123 122 34 50
129 45 37 97
130 45 28 97
133 45 49 97
138 45 40 97
140 45 46 97
142 122 58 32
149 45 4 97
196 45 7 97
199 122 4 32
200 122 49 32
201 45 1 97
216 122 1 32
218 45 10 97
229 122 16 32
240 45 13 97
240 122 4 50
251 45 16 97
251 122 13 32
253 122 7 32
274 122 13 50
275 45 22 97
277 45 55 97
278 122 16 50
282 122 10 50
287 45 31 243
288 45 19 268
290 122 31 32
2 129 35 47
2 151 29 41
6 110 37 32
8 72 17 65
8 110 41 32
9 110 52 32
10 151 35 41
13 110 53 100
14 151 41 41
15 129 23 47
18 110 43 32
18 178 23 122
20 72 29 65
21 151 53 41
21 72 35 65
26 178 59 122
28 72 41 65
31 151 43 41
33 110 35 164
36 129 17 47
38 151 31 42
39 129 41 47
39 151 43 42
41 72 59 65
42 178 47 122
48 178 53 122
57 151 13 9
63 151 19 41
63 110 39 32
64 72 47 65
64 110 41 164
69 151 11 41
73 151 11 42
73 178 25 122
74 178 35 122
75 151 5 41
77 72 11 65
78 151 59 41
84 72 49 70
91 178 11 122
92 72 1 65
92 110 59 100
100 72 53 65
101 72 23 65
102 178 19 140
103 178 37 122
104 129 47 47
108 110 5 164
110 178 5 122
114 110 11 164
114 178 13 122
115 178 35 140
118 151 17 41
120 151 25 42
127 178 47 140
128 151 17 42
128 178 41 140
132 151 40 42
134 151 5 42
140 129 5 47
140 151 23 42
142 129 25 47
142 72 1 106
145 178 53 140
145 110 23 164
151 72 5 106
154 110 25 32
156 151 29 42
156 72 16 106
167 178 59 140
169 178 11 159
172 72 9 106
173 151 7 42
176 178 23 159
181 110 39 100
182 129 11 47
182 178 1 159
184 72 23 106
184 178 17 159
186 178 29 159
188 151 13 42
189 72 7 106
195 178 41 159
204 151 21 42
206 110 29 164
213 151 1 42
214 178 35 159
220 129 5 58
220 151 15 42
221 151 19 42
225 129 11 58
226 129 59 47
229 72 25 106
232 151 35 42
235 178 59 159
235 110 13 164
243 110 47 164
244 129 53 47
249 178 1 160
249 110 29 168
250 110 53 164
253 151 3 42
254 110 23 168
256 72 11 106
260 178 53 159
262 151 37 42
263 129 17 58
264 72 13 106
266 110 35 168
268 72 3 106
269 151 27 42
271 129 23 58
271 72 29 106
272 151 45 42
272 110 59 164
274 129 29 58
278 110 59 168
281 129 13 58
285 110 47 168
288 110 41 168
289 129 35 58
292 178 3 160
294 129 41 58
297 110 41 174
11 24 31 106
16 68 55 74
31 79 45 193
32 79 39 193
33 24 49 106
35 24 37 106
45 24 55 106
47 24 55 194
50 111 31 34
51 68 55 89
57 79 49 193
58 111 49 34
63 24 31 288
68 24 55 288
71 68 49 89
73 24 43 106
80 79 31 193
82 68 37 219
87 24 43 243
88 24 27 302
97 79 39 238
97 24 49 243
112 79 19 193
113 24 55 302
117 79 49 238
130 24 37 288
134 79 49 283
141 79 19 238
143 68 55 219
146 111 21 236
150 79 37 283
155 111 25 236
155 79 45 238
155 24 37 302
156 79 31 238
160 79 13 193
164 111 1 236
180 111 39 236
185 111 55 34
187 68 19 219
190 79 13 238
198 68 31 219
204 111 31 236
205 24 31 302
216 79 7 193
216 111 13 236
221 24 43 288
223 68 45 219
226 24 19 106
230 79 7 238
236 68 49 219
237 79 25 193
238 68 7 219
238 24 1 302
242 111 55 236
247 68 13 219
248 79 25 238
251 68 25 219
253 111 51 236
257 79 37 306
259 24 7 302
263 24 19 302
272 68 49 225
275 24 13 302
276 79 15 283
285 79 31 306
291 79 45 283
296 79 21 283
2 192 55 14
19 198 51 99
23 192 58 14
27 192 34 139
31 192 49 120
32 198 34 114
33 192 31 139
40 192 43 139
51 192 46 139
53 192 16 139
59 198 55 61
73 198 37 114
74 192 37 139
84 198 25 114
101 192 49 139
102 198 31 114
107 198 43 114
111 198 10 114
113 198 46 114
119 192 33 226
131 192 58 120
143 192 46 226
145 192 19 139
155 198 4 114
156 198 49 114
162 198 28 114
163 192 55 139
168 192 4 139
169 192 52 139
173 198 22 114
196 192 22 139
199 192 7 139
199 198 13 114
205 192 25 139
212 192 1 139
216 198 43 142
217 192 1 226
221 198 52 114
225 192 13 139
248 192 10 139
251 198 55 114
255 198 16 114
260 192 40 139
261 192 28 139
268 198 40 114
274 192 7 226
288 192 4 226
292 198 19 114
15 108 41 71
31 108 35 71
35 108 47 71
45 108 23 71
80 108 5 71
86 108 29 71
105 108 17 71
110 108 53 71
115 108 55 71
124 108 53 73
125 108 5 185
126 108 11 71
128 108 19 185
139 108 17 185
154 108 49 118
193 108 55 118
195 108 1 185
203 108 7 185
205 108 57 118
224 108 11 185
244 108 25 185
266 108 39 185
8 30 58 6
9 14 40 117
10 14 49 68
11 30 37 63
12 14 55 68
15 14 58 68
17 14 37 117
24 30 52 63
46 14 46 117
56 30 31 63
61 14 34 117
74 30 40 63
78 14 55 117
80 14 19 117
85 30 58 63
103 14 49 117
106 14 10 117
109 30 43 63
112 30 28 63
115 30 46 63
126 14 22 117
133 14 25 117
135 30 49 63
142 30 55 63
148 14 58 117
149 30 13 63
163 30 16 63
164 14 7 117
169 14 49 298
179 30 37 155
205 14 7 298
214 14 1 117
232 30 4 63
234 30 1 63
242 14 13 117
245 30 7 63
248 14 4 117
253 30 19 63
254 30 25 63
273 14 16 117
276 14 28 117
276 30 25 155
279 30 22 63
6 81 29 4
10 81 41 4
16 81 35 4
30 2 59 69
36 2 29 69
37 2 41 69
38 2 47 69
39 2 53 69
41 2 35 72
49 81 17 4
59 2 29 72
65 2 11 69
76 81 23 4
79 81 47 4
87 81 5 4
96 81 59 4
103 2 23 69
107 81 53 4
117 2 5 72
118 2 1 69
131 2 17 69
134 81 11 4
140 81 17 59
146 2 31 69
146 81 11 59
151 81 29 59
158 81 47 59
160 81 5 59
161 2 11 72
163 2 23 72
173 2 17 72
174 2 41 72
175 81 23 59
180 2 47 72
182 2 53 72
186 81 41 59
191 2 59 72
192 81 59 59
196 81 35 59
210 2 5 95
210 81 53 59
211 2 1 95
212 2 11 95
214 2 13 95
227 81 5 79
236 81 11 79
237 2 15 95
241 2 17 95
245 2 3 95
257 2 7 95
261 81 17 79
268 2 23 95
270 81 23 79
274 2 19 95
278 81 29 79
294 2 25 95
294 81 35 79
5 173 31 115
6 134 46 96
7 134 49 96
11 134 40 96
11 213 43 93
13 173 40 115
13 213 49 93
14 213 46 93
17 213 40 93
18 134 33 96
22 173 43 115
25 173 46 115
36 213 52 93
40 173 55 115
40 213 46 245
43 134 52 96
46 173 37 115
47 134 37 96
48 173 28 115
50 173 49 115
52 173 58 115
52 213 55 93
57 173 37 129
58 213 58 93
63 134 55 96
67 134 58 96
71 173 46 129
88 134 31 121
93 173 16 115
95 134 4 121
96 134 43 96
98 173 16 129
99 173 52 115
131 213 31 93
133 173 52 129
133 213 31 245
136 213 25 93
149 134 16 121
150 213 28 93
152 173 7 115
155 134 49 121
164 213 10 93
175 173 13 115
176 213 7 93
186 134 1 121
186 173 10 115
186 213 19 93
188 134 10 121
192 173 4 115
196 173 19 115
197 173 46 255
204 134 25 121
207 213 1 93
209 173 22 115
209 213 19 245
217 134 19 121
228 213 13 93
231 173 55 129
231 213 58 245
233 134 13 121
233 173 25 115
237 213 34 93
244 134 37 121
245 213 16 93
249 173 19 129
250 134 37 142
255 134 22 121
262 134 46 121
267 134 7 121
272 134 40 121
280 134 55 121
283 134 52 121
285 134 28 121
3 10 47 167
9 76 11 167
12 76 49 3
14 10 43 189
18 76 17 167
18 157 31 50
19 10 59 167
22 38 46 112
22 76 53 167
23 76 41 167
34 10 29 167
34 38 59 105
38 157 41 50
44 10 19 162
46 38 52 112
48 38 43 6
50 10 23 167
62 76 35 167
64 157 53 50
69 76 29 243
73 157 47 50
74 157 23 50
75 157 43 50
76 76 17 243
78 38 41 112
79 157 45 50
87 38 59 112
100 38 55 112
106 10 13 189
106 38 43 105
110 157 58 50
115 157 37 50
117 10 11 189
118 10 5 167
122 157 25 50
134 76 47 243
142 38 49 112
146 38 43 112
159 38 57 112
160 76 41 243
160 10 7 189
168 10 17 189
171 10 4 189
172 38 11 143
172 76 5 243
173 10 9 189
177 10 29 189
182 10 15 189
185 10 25 189
185 38 17 143
186 10 22 189
192 76 23 243
193 76 11 243
196 38 29 143
196 157 49 50
199 38 23 143
203 10 31 189
207 10 19 189
209 10 45 189
214 10 37 189
214 76 59 243
218 10 27 189
220 10 35 189
223 10 53 189
226 76 34 243
227 10 33 189
229 157 22 133
233 38 35 143
234 76 11 244
235 157 55 50
237 38 53 143
237 76 5 244
245 157 51 50
249 38 41 143
251 10 51 189
252 10 23 210
254 157 55 84
255 76 29 244
257 38 1 143
260 10 49 189
261 157 1 133
262 157 4 133
263 76 53 243
264 76 23 244
266 38 47 143
271 157 49 84
273 157 7 133
274 76 41 244
275 157 39 50
279 157 11 133
283 10 39 189
285 157 25 133
286 38 5 144
293 38 59 143
295 76 35 244
6 223 49 51
8 223 43 51
10 223 31 51
23 223 49 151
32 223 43 151
47 223 25 51
94 223 49 155
96 223 39 51
137 223 55 51
140 223 55 151
149 223 19 51
154 223 43 155
174 223 55 155
196 223 51 160
230 223 13 51
235 223 7 51
250 223 13 151
286 223 21 151
288 223 25 151
295 223 1 151
13 211 55 130
19 211 43 200
21 211 55 200
43 211 49 130
44 211 52 130
63 211 58 200
82 211 46 200
103 211 39 130
129 211 40 155
162 211 31 155
168 211 28 155
175 211 16 155
199 211 39 200
205 211 22 155
221 211 10 155
222 211 28 200
268 211 13 155
289 211 4 155
5 194 34 17
7 132 11 29
9 132 23 29
20 132 35 29
23 40 53 42
29 194 5 17
35 40 33 42
35 194 41 17
43 132 17 29
48 194 45 17
51 40 59 42
56 40 47 42
58 194 11 17
66 132 47 29
68 132 29 29
69 194 47 17
80 132 41 29
83 132 49 29
89 132 5 29
95 40 17 83
96 194 25 17
104 194 1 17
106 132 29 51
118 194 13 17
119 132 5 51
124 194 19 17
127 194 7 17
135 194 17 17
137 194 53 17
137 132 59 29
154 132 11 51
162 194 23 17
167 40 49 42
171 40 9 42
172 132 17 51
180 40 51 42
182 40 5 83
182 194 29 17
185 132 35 51
191 132 23 51
193 40 7 43
196 132 37 51
201 194 27 17
207 40 11 83
214 40 23 83
215 132 59 51
219 132 47 51
230 40 5 268
233 40 29 83
234 132 35 83
234 194 9 17
244 194 58 17
249 40 55 42
249 194 3 17
260 132 59 74
264 40 41 83
265 194 43 17
268 194 31 17
280 194 21 17
281 194 15 17
281 132 47 83
285 194 7 46
289 194 37 17
294 40 53 83
296 132 59 83
5 71 37 46
7 167 52 26
18 167 45 26
50 167 37 26
58 167 55 26
59 71 40 46
67 71 52 46
70 167 28 26
71 167 58 26
77 167 58 107
86 71 43 46
93 71 31 46
95 71 22 46
98 71 31 66
102 71 34 46
107 167 34 26
118 167 49 26
121 71 28 46
127 71 16 46
138 167 49 202
141 71 46 46
155 71 31 95
173 71 55 46
181 167 34 174
183 71 58 46
185 71 49 46
195 71 7 66
208 71 19 46
211 167 31 26
217 167 43 202
221 71 25 46
222 71 37 66
233 167 40 26
234 71 16 66
236 167 13 110
239 71 1 66
242 71 19 66
269 71 34 66
275 167 25 26
279 71 13 66
284 71 4 66
290 71 22 66
291 167 16 26
4 35 29 44
50 35 35 44
59 35 46 44
71 35 25 44
77 35 51 44
99 35 49 44
122 35 22 44
141 35 37 44
152 35 31 44
161 35 33 44
168 35 41 44
182 35 43 44
189 35 27 44
202 35 53 44
226 35 55 44
243 35 59 44
2 222 43 173
10 37 37 76
11 37 49 76
12 222 40 173
14 37 55 76
22 222 49 173
27 37 40 76
38 37 33 76
47 37 52 76
48 222 55 173
55 222 46 173
56 37 58 76
60 37 43 76
69 222 58 173
84 222 28 173
97 222 25 173
100 37 46 76
126 222 34 173
135 222 52 173
170 222 1 173
180 37 43 213
210 222 19 137
211 222 4 173
219 37 1 76
224 37 25 76
239 37 22 76
242 222 37 173
246 37 10 76
258 222 7 283
266 37 25 213
273 222 55 283
277 37 13 76
279 37 16 76
280 37 7 76
288 222 31 173
292 37 28 76
292 222 10 283
7 214 55 171
18 214 49 171
20 214 58 171
43 214 55 191
49 214 34 171
75 214 52 171
77 214 55 235
101 214 31 191
105 214 43 191
106 214 55 238
108 214 19 171
109 214 46 191
135 214 58 191
140 214 43 235
186 214 49 191
202 214 58 218
212 214 34 191
226 214 1 273
250 214 4 273
263 214 46 235
280 214 49 218
294 214 22 171
6 221 35 8
8 55 49 107
34 55 35 148
47 221 29 8
50 55 52 97
51 55 41 148
52 55 29 148
54 221 41 8
59 55 58 97
68 55 59 114
70 221 47 8
86 221 53 8
89 221 59 8
94 55 46 148
95 221 59 10
111 55 19 76
113 221 59 113
122 55 31 76
127 221 13 10
128 221 53 113
129 221 55 10
139 221 5 179
149 55 25 132
151 55 7 114
160 221 46 10
166 55 5 76
167 221 23 179
181 221 17 179
185 221 11 179
186 221 59 179
190 55 1 114
191 221 35 179
198 55 13 132
203 221 43 175
209 221 47 179
213 55 53 148
213 221 41 179
234 221 29 179
259 55 43 148
263 55 23 148
264 55 5 240
280 221 11 239
287 55 11 240
290 55 41 161
290 221 53 179
292 55 17 240
293 221 29 239
297 221 47 239
5 113 49 304
18 113 55 193
36 113 55 202
74 168 49 142
80 168 55 142
91 168 31 142
109 168 55 154
122 168 27 224
154 168 51 154
161 168 1 224
170 113 31 202
172 113 31 304
175 168 33 200
175 113 19 304
185 113 37 202
191 113 49 306
213 113 13 304
241 168 31 224
245 168 19 224
246 168 13 224
262 113 55 304
265 168 7 224
267 168 19 232
273 113 25 202
276 168 39 154
282 168 1 229
3 57 49 133
5 57 40 133
7 57 58 133
23 57 55 133
35 57 43 133
47 57 31 133
59 57 52 133
80 57 46 133
90 57 22 183
115 57 31 183
141 57 34 133
152 57 37 133
154 57 58 139
171 57 13 133
184 57 40 183
196 57 46 183
230 57 19 133
241 57 27 133
242 57 16 133
243 57 13 183
246 57 1 183
254 57 7 183
264 57 16 183
16 180 29 15
18 180 59 15
29 180 11 15
34 180 41 15
35 180 35 15
48 180 47 15
50 180 55 17
74 180 17 15
75 180 49 17
83 180 23 15
90 180 53 15
98 180 5 15
102 180 29 35
105 180 39 17
109 180 59 35
125 180 17 35
141 180 5 35
171 180 11 35
184 180 31 35
204 180 23 35
207 180 53 35
216 180 23 93
223 180 11 101
243 180 51 17
252 180 5 93
256 180 41 35
269 180 23 101
274 180 47 35
284 180 37 93
10 126 43 250
41 126 55 189
75 126 55 250
86 126 37 250
146 126 25 250
157 126 49 200
164 126 51 250
170 126 45 273
210 126 33 250
238 126 39 273
243 126 19 250
293 126 7 250
35 66 55 199
84 66 43 199
100 66 31 199
149 66 27 199
182 66 49 199
212 66 13 199
215 66 7 199
256 66 13 237
258 66 37 199
275 66 31 237
12 117 43 183
13 117 58 183
20 117 55 183
33 117 55 185
91 117 49 183
95 117 40 151
101 117 34 151
122 117 52 183
126 117 25 183
134 117 31 151
144 117 28 183
147 117 52 185
153 117 58 185
170 117 49 185
173 117 37 151
174 117 4 183
203 117 9 151
206 117 46 185
233 117 10 183
253 117 22 185
264 117 19 183
273 117 13 185
284 117 58 296
287 117 34 183
288 117 1 303
296 117 27 185
10 4 47 22
42 4 23 22
62 4 11 22
95 4 29 22
131 4 5 22
137 4 25 18
145 4 59 22
150 4 35 22
174 4 13 22
199 4 25 66
221 4 49 66
223 4 17 67
238 4 11 66
243 4 53 22
254 4 28 66
258 4 43 66
282 4 5 67
293 4 41 22
47 91 43 26
60 91 29 95
66 91 35 95
69 91 41 95
71 91 53 95
90 91 47 95
98 91 43 95
112 91 23 110
151 91 59 95
153 91 55 95
174 91 49 95
187 91 25 110
196 91 57 56
198 91 21 95
228 91 37 95
229 91 41 110
242 91 27 95
246 91 17 110
267 91 5 110
280 91 19 155
295 91 47 110
12 63 51 131
152 63 49 176
161 63 15 131
164 63 39 131
166 63 39 160
239 63 43 131
247 63 7 131
254 63 19 131
259 63 25 131
272 63 1 131
290 63 27 160
1 217 49 80
50 217 57 80
66 115 43 92
76 115 55 152
115 115 39 92
126 217 43 80
160 217 55 215
164 115 43 152
176 217 31 80
195 217 37 80
198 217 37 215
240 115 19 92
246 115 33 92
260 217 13 80
261 217 7 80
262 115 13 152
271 217 1 80
275 217 55 224
290 115 1 152
19 11 46 224
21 11 58 216
29 191 43 119
31 11 52 92
34 191 49 119
38 191 52 119
53 11 22 255
55 191 58 119
60 11 46 236
76 135 31 141
79 11 58 255
80 11 43 224
82 11 43 236
91 191 52 165
99 135 46 66
108 11 49 92
120 11 40 224
121 135 22 141
122 11 1 255
127 135 58 66
137 11 34 255
145 135 16 141
154 191 40 119
166 11 31 255
168 135 57 141
177 11 10 236
184 135 52 66
192 135 49 141
195 191 43 165
199 11 43 255
211 135 7 141
214 135 40 66
214 191 4 119
217 191 46 119
219 135 4 141
224 11 28 92
225 11 19 255
227 135 55 66
236 11 1 270
241 191 10 63
247 191 19 119
249 135 10 141
249 191 7 119
253 191 31 119
262 191 22 119
264 135 43 141
274 191 1 119
282 11 7 236
283 191 16 119
284 191 25 119
289 135 19 141
289 11 25 92
290 191 34 63
291 135 25 141
292 135 22 160
21 28 41 62
30 28 43 49
60 28 53 51
66 28 53 62
76 28 47 62
86 28 19 62
87 28 39 44
97 28 11 62
105 28 35 62
106 28 21 80
107 28 17 62
129 28 57 44
145 28 1 49
146 28 29 62
147 28 5 62
157 28 25 49
161 28 59 62
168 28 11 80
173 28 5 80
177 28 17 80
181 28 41 80
205 28 35 80
208 28 23 80
212 28 25 80
287 28 19 80
Điểm tối ưu: 4852
Thời gian: 0.825168 giây
Trạng thái: GREEDY_DONE
