4361
8 68 1 313
9 68 3 313
12 68 5 313
18 68 7 313
25 68 9 313
26 68 11 313
39 68 13 313
48 68 15 313
51 68 17 313
52 68 19 313
55 68 21 313
62 68 23 313
64 68 25 313
78 68 27 313
125 68 29 313
128 68 31 313
132 68 33 313
135 68 35 313
136 68 37 313
161 68 39 313
166 68 41 313
169 68 43 313
175 68 45 313
177 68 47 313
179 68 49 313
191 68 51 313
200 68 53 313
203 68 55 313
208 68 57 313
211 68 59 313
12 82 1 438
19 82 3 438
20 82 5 438
35 82 7 438
36 82 9 438
47 82 11 438
60 82 13 438
61 82 15 438
78 82 17 438
88 82 19 438
95 82 21 438
110 82 23 438
114 82 25 438
123 82 27 438
124 82 29 438
128 82 33 438
130 82 31 438
131 82 35 438
143 82 37 438
153 82 39 438
154 82 41 438
159 82 43 438
184 82 45 438
185 82 47 438
187 82 49 438
189 82 51 438
200 82 55 438
211 82 53 438
214 82 57 438
215 82 59 438
217 82 1 40
220 82 3 40
222 82 5 40
232 82 7 40
243 82 9 40
245 82 11 40
247 82 13 40
270 82 15 40
279 82 17 40
290 82 19 40
296 82 21 40
10 94 1 237
19 94 7 237
21 94 4 237
23 94 10 237
24 94 13 237
29 94 16 237
39 94 19 237
61 94 22 237
73 94 25 237
77 94 28 237
78 94 31 237
86 94 34 237
90 94 37 237
94 94 40 237
96 94 43 237
123 94 46 237
143 94 49 237
154 94 52 237
169 94 55 237
182 94 58 237
185 94 1 179
189 94 4 179
200 94 7 179
206 94 10 179
213 94 13 179
214 94 16 179
218 94 19 179
223 94 22 179
226 94 25 179
234 94 28 179
256 94 31 179
262 94 34 179
267 94 37 179
268 94 40 179
281 94 43 179
3 6 1 332
5 6 7 332
21 6 13 332
22 6 19 332
27 6 25 332
35 6 31 332
37 6 37 332
41 6 43 332
58 6 49 332
62 6 55 332
79 6 1 397
82 6 7 397
91 6 13 397
96 6 19 397
130 6 25 397
132 6 37 397
139 6 31 397
162 6 43 397
164 6 49 397
168 6 55 397
172 6 1 345
182 6 7 345
184 6 13 345
188 6 19 345
189 6 25 345
193 6 31 345
195 6 37 345
203 6 43 345
214 6 49 345
223 6 55 345
224 6 1 62
232 6 9 62
256 6 13 62
262 6 19 62
265 6 25 62
266 6 31 62
283 6 37 62
288 6 43 62
289 6 49 62
297 6 55 62
6 29 1 173
8 29 4 173
12 29 7 173
13 29 10 173
17 29 13 173
22 29 16 173
27 29 19 173
51 29 22 173
65 29 25 173
69 29 28 173
75 29 31 173
86 29 37 173
100 29 34 173
113 29 40 173
131 29 43 173
135 29 46 173
152 29 49 173
171 29 52 173
175 29 55 173
183 29 58 173
194 29 1 131
208 29 4 131
223 29 7 131
225 29 10 131
244 29 13 131
269 29 16 131
287 29 19 131
289 29 22 131
290 29 25 131
1 15 1 240
15 15 3 240
17 15 5 240
31 15 7 240
43 58 1 304
43 15 9 240
45 15 11 240
49 58 3 304
52 15 13 240
53 15 15 240
56 58 5 304
57 58 7 304
59 58 9 304
60 58 11 304
66 15 17 240
70 15 19 240
71 58 13 304
76 15 21 240
78 58 15 304
80 58 17 304
81 15 23 240
85 58 19 304
87 58 21 304
88 15 25 240
89 58 23 304
91 58 25 304
103 58 27 304
105 15 27 240
114 15 29 240
118 15 31 240
120 15 33 240
125 58 31 304
128 15 35 240
129 15 37 240
131 58 29 304
134 15 39 240
137 15 41 240
144 15 43 240
149 15 45 240
153 15 47 240
165 58 33 304
168 15 49 240
169 15 51 240
172 15 53 240
178 15 55 240
179 58 35 304
182 15 1 326
193 58 37 304
196 58 39 304
199 58 41 304
201 58 43 304
202 15 57 240
202 58 45 304
204 58 47 304
205 15 59 240
207 15 3 326
222 15 7 326
227 15 5 326
227 58 49 304
228 15 9 326
240 58 51 304
243 15 11 326
251 15 13 326
253 15 15 326
255 15 17 326
256 58 53 304
263 58 55 304
275 58 57 304
278 58 59 304
283 15 19 326
288 58 1 249
292 58 3 249
1 69 3 347
4 69 7 347
5 69 13 347
7 69 19 347
20 69 25 347
22 69 31 347
39 69 37 347
47 69 43 347
53 69 49 347
64 69 55 347
80 69 1 79
85 69 7 79
90 69 13 79
95 69 25 79
99 69 19 79
116 69 31 79
121 69 37 79
136 69 43 79
139 69 49 79
140 69 55 79
145 69 1 392
149 69 7 392
151 69 13 392
195 69 19 392
201 69 25 392
205 69 31 392
220 69 37 392
231 69 43 392
247 69 49 392
255 69 55 392
261 69 1 325
268 69 7 325
272 69 13 325
286 69 19 325
288 69 25 325
296 69 31 325
15 105 7 55
25 105 1 55
32 105 4 55
33 105 10 55
38 105 13 55
50 105 16 55
65 105 19 55
74 105 22 55
77 105 25 55
92 105 28 55
95 105 31 55
96 105 34 55
99 105 37 55
100 105 40 55
104 105 43 55
127 105 46 55
128 105 49 55
134 105 52 55
139 105 55 55
142 105 58 55
155 105 1 296
158 105 4 296
162 105 7 296
165 105 10 296
185 105 13 296
204 105 16 296
215 105 19 296
221 105 22 296
229 105 25 296
243 105 28 296
245 105 31 296
250 105 34 296
252 105 37 296
271 105 40 296
272 105 43 296
275 105 46 296
278 105 49 296
284 105 52 296
285 105 55 296
8 78 7 83
25 74 4 431
31 74 1 431
31 13 3 318
33 78 1 83
37 74 7 431
38 74 9 431
38 13 1 318
39 78 3 83
41 13 5 318
48 13 7 318
49 13 9 318
50 13 11 318
51 13 13 318
55 78 5 83
57 74 11 431
57 78 9 83
59 13 15 318
62 78 11 83
64 74 13 431
65 78 13 83
68 74 15 431
69 74 17 431
74 74 19 431
74 13 17 318
81 78 15 83
82 74 21 431
84 74 23 431
85 78 17 83
87 78 19 83
88 74 27 431
88 78 21 83
92 78 23 83
93 74 25 431
94 13 19 318
98 13 21 318
100 13 23 318
101 78 25 83
109 13 25 318
115 78 27 83
119 78 29 83
125 74 33 431
128 74 29 431
130 78 33 83
131 78 31 83
133 74 31 431
134 13 27 318
145 74 35 431
145 13 29 318
147 78 35 83
148 74 37 431
150 78 37 83
151 74 39 431
152 74 41 431
155 78 39 83
156 74 43 431
158 74 45 431
161 78 41 83
162 78 47 83
164 74 47 431
167 78 43 83
168 74 51 431
169 74 49 431
169 13 31 318
170 13 33 318
173 13 35 318
179 78 45 83
180 13 37 318
185 74 53 431
186 78 49 83
188 74 55 431
190 74 57 431
191 74 59 431
192 13 39 318
193 74 1 112
196 78 51 83
200 13 41 318
202 74 3 112
212 78 53 83
216 74 5 112
218 13 43 318
219 74 7 112
224 13 45 318
226 78 55 83
231 13 47 318
232 74 13 112
239 78 57 83
242 13 49 318
248 13 51 318
253 74 9 112
258 13 53 318
262 78 59 83
265 78 1 257
274 74 11 112
276 13 55 318
279 13 57 318
291 78 3 257
293 74 15 112
298 13 59 318
6 72 7 396
19 72 13 396
20 72 1 396
45 72 19 396
49 72 25 396
52 72 31 396
60 72 37 396
63 72 43 396
76 72 49 396
88 72 55 396
91 72 1 365
104 72 7 365
105 72 13 365
116 72 19 365
119 72 25 365
124 72 31 365
130 72 37 365
132 72 43 365
136 72 49 365
140 72 1 273
146 72 55 365
158 72 7 273
162 72 13 273
164 72 19 273
166 72 25 273
184 72 31 273
198 72 37 273
199 72 43 273
210 72 49 273
212 72 55 273
224 72 7 386
225 72 1 386
230 72 13 386
256 72 19 386
257 72 25 386
262 72 37 386
264 72 31 386
270 72 43 386
279 72 49 386
284 72 55 386
298 72 1 146
299 72 7 146
1 103 7 35
4 61 1 120
7 39 1 445
14 61 7 120
17 61 19 120
18 39 9 445
22 61 25 120
24 103 1 35
24 61 31 120
26 103 13 35
27 39 13 445
28 103 19 35
31 39 19 445
32 61 13 120
36 61 37 120
40 103 25 35
40 39 31 445
41 61 49 120
43 39 25 445
43 103 31 35
46 103 37 35
47 39 37 445
53 103 43 35
55 61 43 120
57 103 49 35
60 103 55 35
61 103 1 267
67 61 55 120
68 103 7 267
71 39 43 445
72 39 49 445
73 39 55 445
77 61 1 220
81 103 19 267
82 103 13 267
83 39 1 208
90 103 25 267
93 39 7 208
97 103 31 267
103 103 37 267
105 103 43 267
105 61 7 220
106 103 49 267
108 103 55 267
111 103 1 329
113 39 13 208
113 61 19 220
114 39 19 208
115 103 7 329
117 61 13 220
119 103 13 329
119 39 31 208
122 103 19 329
123 39 37 208
127 103 25 329
127 39 49 208
130 103 43 329
132 39 25 208
133 39 43 208
134 61 31 220
136 61 25 220
143 39 55 208
145 39 7 298
154 103 31 329
156 61 37 220
161 39 1 298
163 39 13 298
166 61 43 220
168 39 19 298
171 61 55 220
172 103 37 329
174 61 49 220
177 103 49 329
183 39 25 298
189 103 55 329
194 103 7 352
199 103 1 352
202 39 31 298
202 61 7 271
205 61 1 271
206 61 13 271
209 61 19 271
210 103 13 352
212 61 25 271
213 61 31 271
218 61 37 271
220 39 43 298
221 103 25 352
223 103 31 352
225 103 19 352
226 61 43 271
232 39 37 298
238 103 37 352
239 61 49 271
241 61 55 271
244 39 49 298
247 61 1 275
248 39 55 298
248 103 43 352
250 39 1 413
250 61 7 275
254 61 13 275
256 61 25 275
260 103 49 352
265 103 55 352
266 103 1 424
268 61 19 275
270 61 31 275
271 103 7 424
273 103 13 424
274 103 19 424
274 61 37 275
276 39 7 413
277 39 13 413
277 61 43 275
278 39 19 413
281 103 25 424
287 103 31 424
291 61 49 275
293 61 55 275
294 61 1 221
296 103 37 424
5 95 1 282
6 95 4 282
15 95 10 282
16 95 7 282
23 95 13 282
34 95 16 282
49 95 19 282
56 95 22 282
58 95 25 282
59 95 28 282
60 95 31 282
74 95 34 282
79 95 37 282
90 95 40 282
97 95 43 282
98 95 46 282
99 95 49 282
106 95 55 282
107 95 52 282
111 95 58 282
125 95 1 198
129 95 4 198
133 95 7 198
176 95 10 198
189 95 13 198
197 95 16 198
198 95 19 198
202 95 22 198
208 95 25 198
213 95 28 198
229 95 31 198
237 95 34 198
258 95 37 198
261 95 40 198
282 95 43 198
283 95 46 198
290 95 49 198
293 95 52 198
295 95 55 198
4 60 5 90
10 60 7 90
16 60 1 90
17 91 1 409
23 91 3 409
24 91 5 409
26 60 3 90
27 60 9 90
28 91 7 409
29 91 9 409
34 60 11 90
35 91 11 409
37 60 13 90
41 60 15 90
46 60 17 90
47 60 19 90
48 60 21 90
50 91 13 409
54 60 23 90
59 91 17 409
62 91 15 409
68 60 25 90
72 91 19 409
73 60 28 90
81 60 31 90
89 91 21 409
89 60 33 90
97 91 23 409
100 91 25 409
102 60 35 90
104 60 37 90
106 91 27 409
113 91 29 409
114 91 31 409
117 91 33 409
124 60 39 90
126 60 41 90
128 91 37 409
144 91 35 409
145 91 39 409
146 60 43 90
150 60 45 90
155 60 47 90
159 60 49 90
169 91 41 409
170 60 51 90
176 60 53 90
183 60 55 90
185 91 43 409
187 60 57 90
193 91 45 409
197 60 59 90
206 60 1 231
207 91 47 409
227 60 3 231
239 60 5 231
240 91 49 409
245 60 7 231
257 60 9 231
258 91 51 409
259 91 53 409
260 91 55 409
266 91 57 409
267 91 59 409
272 91 1 219
274 91 3 219
277 60 11 231
280 60 13 231
285 60 15 231
290 91 5 219
292 60 17 231
9 47 7 362
14 47 1 362
17 114 7 299
32 114 19 299
36 47 13 362
39 47 25 362
51 47 31 362
60 47 19 362
67 114 1 299
68 114 27 299
73 114 13 299
76 114 31 299
77 47 37 362
80 47 43 362
81 47 49 362
85 47 55 362
87 114 37 299
88 114 43 299
99 47 1 43
106 114 1 99
115 114 49 299
120 114 55 299
121 47 7 43
124 47 13 43
124 114 7 99
129 47 19 43
135 114 13 99
138 114 19 99
143 47 25 43
150 47 31 43
151 114 25 99
152 47 37 43
156 114 31 99
161 114 43 99
163 114 37 99
164 114 55 99
166 114 49 99
168 114 1 29
173 47 43 43
174 114 7 29
180 114 13 29
182 47 49 43
186 47 55 43
188 47 1 406
192 114 19 29
193 47 7 406
197 47 19 406
198 114 25 29
200 47 13 406
202 47 25 406
204 47 31 406
204 114 37 29
211 114 31 29
212 114 43 29
213 47 37 406
214 47 43 406
216 114 49 29
218 47 49 406
222 114 55 29
223 114 1 167
230 47 55 406
233 114 7 167
237 114 13 167
244 47 1 414
245 47 13 414
245 114 19 167
252 47 7 414
254 114 25 167
265 47 19 414
276 114 31 167
282 114 37 167
284 47 25 414
290 114 43 167
292 114 49 167
294 47 31 414
294 114 55 167
295 47 37 414
3 115 7 114
16 115 3 114
28 115 10 114
40 115 13 114
42 115 16 114
48 115 25 114
53 115 19 114
68 115 22 114
80 115 28 114
83 115 31 114
91 115 34 114
94 115 37 114
108 115 40 114
114 115 43 114
115 115 46 114
142 115 49 114
145 115 52 114
146 115 1 123
150 115 55 114
158 115 58 114
173 115 4 123
182 115 13 123
187 115 7 123
199 115 10 123
200 115 19 123
212 115 16 123
215 115 22 123
224 115 25 123
226 115 28 123
229 115 34 123
235 115 31 123
247 115 37 123
263 115 40 123
265 115 43 123
267 115 46 123
272 115 49 123
274 115 52 123
280 115 55 123
288 115 58 123
292 115 7 163
299 115 1 163
1 36 11 76
2 93 1 52
16 36 13 76
20 36 7 76
23 93 5 52
24 93 7 52
27 93 3 52
30 36 1 76
32 36 9 76
32 93 11 52
35 36 3 76
39 36 5 76
42 93 9 52
48 93 13 52
58 93 15 52
62 36 17 76
65 36 15 76
66 36 19 76
74 93 25 52
79 36 21 76
81 93 17 52
83 93 19 52
85 93 21 52
87 93 23 52
92 93 31 52
94 36 23 76
94 93 27 52
96 36 25 76
99 36 27 76
101 93 29 52
103 93 33 52
104 36 29 76
106 93 35 52
112 36 31 76
114 93 37 52
115 93 39 52
119 36 35 76
123 93 41 52
131 36 33 76
139 36 37 76
143 93 43 52
145 36 41 76
147 36 39 76
154 36 43 76
156 93 45 52
160 93 47 52
162 36 49 76
164 36 45 76
165 93 49 52
167 36 47 76
168 36 53 76
170 93 53 52
172 93 51 52
176 93 55 52
185 93 57 52
197 36 51 76
210 36 55 76
211 93 1 272
216 93 59 52
217 36 57 76
226 93 3 272
241 36 59 76
241 93 5 272
249 93 7 272
250 36 5 368
253 93 11 272
255 93 9 272
259 36 1 368
260 93 13 272
261 36 7 368
267 36 3 368
271 93 15 272
281 36 9 368
281 93 17 272
291 93 19 272
292 93 21 272
295 36 11 368
297 93 23 272
5 25 19 363
6 25 13 363
10 25 9 363
13 25 1 363
18 84 1 278
19 25 25 363
20 84 9 278
22 25 37 363
31 25 31 363
33 84 13 278
43 25 43 363
49 84 31 278
50 84 19 278
51 84 25 278
53 84 37 278
56 25 49 363
59 84 43 278
63 25 55 363
64 25 1 41
66 25 7 41
72 84 55 278
74 25 13 41
77 25 19 41
80 25 31 41
81 25 25 41
94 25 43 41
103 84 49 278
103 25 55 41
105 25 37 41
106 25 7 225
107 25 1 225
109 25 49 41
111 84 7 263
112 84 1 263
112 25 13 225
113 84 25 263
115 84 13 263
120 84 19 263
120 25 25 225
121 84 31 263
124 84 43 263
128 84 39 263
128 25 19 225
132 84 49 263
134 84 55 263
135 25 31 225
141 25 37 225
145 25 43 225
149 25 49 225
173 84 7 36
174 84 1 36
179 84 13 36
180 84 19 36
183 25 1 209
190 25 7 209
196 25 55 225
201 84 31 36
207 84 25 36
208 25 13 209
209 84 37 36
212 25 19 209
215 84 43 36
218 25 25 209
223 25 37 209
224 25 31 209
226 25 49 209
231 84 49 36
232 84 55 36
232 25 43 209
234 25 55 209
235 84 1 144
238 84 7 144
240 25 1 412
241 25 7 412
242 25 13 412
243 25 19 412
245 25 25 412
246 84 13 144
252 84 19 144
256 84 37 144
259 84 25 144
262 25 43 412
272 84 31 144
272 25 37 412
275 25 31 412
278 84 43 144
279 84 1 162
282 25 49 412
284 25 1 139
285 84 49 144
285 25 7 139
291 84 55 144
294 25 13 139
296 84 7 162
298 84 13 162
299 84 19 162
300 84 25 162
1 23 21 326
2 23 25 326
11 23 28 326
15 23 31 326
17 23 34 326
18 23 37 326
21 23 40 326
28 23 43 326
31 23 46 326
38 23 49 326
39 23 52 326
47 23 55 326
58 23 58 326
72 23 1 390
80 23 7 390
84 23 4 390
87 23 10 390
93 23 13 390
99 23 16 390
107 23 19 390
109 23 22 390
116 23 25 390
123 23 31 390
138 23 28 390
167 23 34 390
171 23 37 390
173 23 40 390
180 23 43 390
197 23 46 390
199 23 49 390
205 23 52 390
210 23 57 390
214 23 1 177
233 23 4 177
250 23 13 177
251 23 7 177
252 23 16 177
262 23 10 177
272 23 19 177
278 23 25 177
280 23 22 177
285 23 28 177
290 23 31 177
300 23 34 177
6 26 11 180
15 26 1 180
29 26 3 180
43 26 5 180
49 26 7 180
50 26 9 180
54 26 13 180
55 26 15 180
63 26 17 180
66 26 21 180
70 26 23 180
71 26 19 180
86 26 25 180
102 26 27 180
107 26 29 180
116 26 35 180
118 26 33 180
123 26 43 180
129 26 31 180
143 26 39 180
158 26 37 180
164 26 41 180
176 26 45 180
179 26 47 180
181 26 49 180
183 26 51 180
186 26 53 180
192 26 55 180
200 26 57 180
203 26 59 180
213 26 1 256
221 26 3 256
229 26 5 256
231 26 7 256
250 26 11 256
264 26 9 256
289 26 13 256
300 26 15 256
2 76 3 71
3 76 13 71
4 76 19 71
8 76 9 71
25 76 25 71
43 76 37 71
58 76 31 71
60 76 43 71
63 76 49 71
65 76 55 71
67 76 7 361
68 76 1 361
69 76 13 361
78 76 19 361
83 76 25 361
89 76 37 361
106 76 31 361
116 76 43 361
118 76 49 361
129 76 55 361
136 76 1 246
137 76 7 246
150 76 13 246
155 76 19 246
157 76 25 246
170 76 37 246
178 76 31 246
187 76 43 246
189 76 7 316
200 76 49 246
230 76 1 316
234 76 13 316
243 76 55 246
282 76 19 316
286 76 25 316
292 76 31 316
294 76 37 316
1 42 13 206
2 42 7 206
7 42 10 206
9 66 13 444
16 42 16 206
19 66 10 444
21 66 1 444
22 66 4 444
24 42 19 206
28 66 16 444
31 66 25 444
32 66 28 444
39 66 7 444
39 42 22 206
42 42 1 206
47 42 4 206
52 42 25 206
53 42 28 206
54 42 31 206
65 66 22 444
90 42 34 206
98 66 31 444
102 42 37 206
105 42 49 206
108 66 19 444
111 66 34 444
115 66 43 444
117 66 37 444
141 66 46 444
148 42 40 206
150 66 40 444
151 42 43 206
154 42 46 206
157 42 52 206
162 42 55 206
170 66 55 444
174 42 58 206
177 42 1 401
191 66 37 177
198 42 4 401
199 42 7 401
200 42 10 401
206 66 49 444
207 66 52 444
210 42 19 401
217 66 40 177
217 42 13 401
230 66 43 177
241 66 46 177
247 42 16 401
248 66 1 81
253 66 58 444
259 66 49 177
271 66 52 177
274 66 55 177
275 42 22 401
278 66 4 81
279 66 7 81
282 66 58 177
291 42 25 401
295 66 13 81
296 66 16 81
299 42 28 401
3 90 5 396
7 33 5 51
9 90 11 396
10 33 13 51
11 33 1 51
12 90 17 396
13 33 7 51
14 33 11 51
15 90 23 396
16 90 29 396
25 33 15 51
30 90 35 396
35 33 9 51
37 33 3 51
40 33 17 51
40 90 41 396
52 33 21 51
53 90 47 396
63 33 19 51
64 33 23 51
65 33 28 51
65 90 53 396
71 33 25 51
72 90 59 396
73 90 1 285
80 90 5 285
86 90 3 285
94 33 31 51
102 33 33 51
108 90 7 285
109 90 9 285
110 90 11 285
114 90 13 285
118 33 35 51
123 33 49 51
128 90 15 285
130 90 17 285
147 90 19 285
156 33 41 51
159 90 21 285
168 33 37 51
181 90 23 285
182 90 25 285
184 33 39 51
187 90 27 285
189 33 43 51
190 90 29 285
193 33 47 51
199 33 52 51
204 90 35 285
210 90 31 285
211 90 37 285
214 90 33 285
234 33 45 51
239 33 55 51
240 33 57 51
242 33 59 51
245 90 39 285
246 90 41 285
256 90 43 285
257 90 45 285
258 90 47 285
268 33 1 238
274 33 5 238
274 90 49 285
279 90 53 285
288 33 3 238
290 33 7 238
290 90 55 285
1 83 25 428
2 83 13 428
5 119 25 26
8 119 13 26
9 119 19 26
10 96 15 185
11 83 3 428
17 119 37 26
18 83 19 428
19 96 19 185
20 83 31 428
22 96 7 185
27 83 37 428
34 96 1 185
35 83 43 428
36 96 25 185
36 83 49 428
36 119 1 26
37 119 9 26
40 83 7 428
50 83 55 428
54 119 43 26
66 96 31 185
67 83 13 371
70 96 37 185
71 96 49 185
71 83 1 371
72 83 7 371
75 96 43 185
75 83 19 371
76 96 55 185
79 83 25 371
87 119 31 26
89 119 49 26
90 83 43 371
93 119 55 26
95 83 37 371
103 96 1 37
104 96 13 37
104 83 31 371
105 83 55 371
106 96 19 37
107 83 7 248
113 96 7 37
114 119 1 344
117 96 25 37
121 119 13 344
122 96 31 37
124 96 49 37
124 83 1 248
125 96 37 37
130 83 49 371
134 96 43 37
141 96 55 37
141 83 13 248
142 119 7 344
142 83 19 248
144 96 1 80
144 119 19 344
148 96 7 80
148 83 25 248
149 119 25 344
154 83 37 248
161 119 31 344
171 96 13 80
175 83 31 248
178 83 43 248
180 119 39 344
181 83 51 248
184 83 55 248
185 83 7 295
186 96 19 80
194 119 43 344
195 96 25 80
197 83 1 295
200 119 1 46
202 119 49 344
207 83 13 295
209 96 31 80
209 83 25 295
212 119 7 46
215 83 31 295
216 96 37 80
219 83 19 295
220 96 49 80
227 83 37 295
237 119 55 344
242 96 43 80
244 83 43 295
246 83 49 295
246 119 19 46
251 96 55 80
256 83 55 295
256 119 45 46
257 83 1 196
258 119 13 46
260 96 1 93
264 119 25 46
266 83 7 196
267 119 31 46
267 83 13 196
268 96 13 93
277 96 7 93
277 83 19 196
280 119 37 46
281 119 49 46
283 96 21 93
283 119 55 46
286 96 31 93
291 96 37 93
294 83 25 196
295 83 31 196
297 83 37 196
8 100 19 15
8 55 22 60
11 9 7 233
13 100 13 15
14 100 16 15
14 55 13 60
17 100 25 15
20 100 22 15
26 55 7 60
28 100 1 15
28 55 4 60
30 9 3 233
30 55 10 60
31 100 9 15
33 9 19 233
35 100 28 15
38 100 4 15
38 55 16 60
42 100 31 15
42 9 13 233
43 9 16 233
45 55 1 60
50 9 25 233
54 9 10 233
56 100 34 15
59 100 37 15
60 100 49 15
61 9 28 233
62 9 31 233
63 55 25 60
64 55 19 60
68 55 31 60
69 100 40 15
69 9 22 233
71 55 28 60
72 9 34 233
78 55 34 60
82 55 37 60
85 9 37 233
87 100 43 15
90 55 49 60
92 9 40 233
95 100 46 15
98 9 43 233
99 55 40 60
100 100 52 15
102 55 43 60
103 9 46 233
104 55 46 60
107 9 49 233
108 100 1 178
109 9 55 233
110 100 55 15
112 55 52 60
113 100 58 15
113 9 52 233
114 100 7 178
117 55 55 60
118 55 58 60
120 9 1 244
122 9 58 233
123 55 4 178
130 9 4 244
132 100 10 178
136 55 13 178
137 9 13 244
137 55 16 178
138 9 7 244
142 55 25 178
144 9 10 244
151 55 19 178
155 100 28 178
158 100 22 178
159 100 31 178
163 55 34 178
164 9 16 244
165 9 19 244
167 100 37 178
171 100 40 178
172 55 43 178
173 100 49 178
176 55 57 178
178 55 52 178
180 9 25 244
181 9 28 244
182 9 22 244
183 9 31 244
187 9 34 244
193 100 3 381
193 55 13 373
196 100 46 178
198 9 43 244
201 100 7 381
201 55 1 373
202 55 16 373
205 9 37 244
210 9 40 244
214 9 4 58
224 9 49 244
228 100 13 381
229 55 7 373
230 9 46 244
231 9 55 244
231 55 4 373
236 55 10 373
237 55 19 373
238 100 16 381
239 100 10 381
239 55 22 373
240 100 19 381
242 9 52 244
243 9 1 58
244 9 58 244
247 9 7 58
247 55 25 373
256 9 10 58
257 9 13 58
258 9 19 58
261 100 22 381
268 9 25 58
269 100 25 381
269 9 22 58
270 9 28 58
271 9 31 58
277 9 34 58
279 9 37 58
285 9 40 58
288 100 31 381
295 9 16 58
296 9 43 58
299 9 46 58
300 100 37 381
2 102 10 349
4 102 13 349
6 102 17 349
19 102 1 349
25 102 7 349
30 102 15 349
35 102 5 349
37 102 19 349
40 102 3 349
42 102 21 349
52 102 23 349
74 102 27 349
80 102 25 349
102 102 29 349
110 102 31 349
112 102 33 349
122 102 35 349
123 102 51 349
127 102 37 349
131 102 39 349
134 102 41 349
135 102 43 349
150 102 47 349
151 102 49 349
154 102 55 349
159 102 45 349
174 102 53 349
178 102 57 349
181 102 59 349
204 102 1 110
212 102 3 110
220 102 5 110
223 102 10 110
224 102 13 110
233 102 15 110
234 102 7 110
244 102 17 110
254 102 19 110
255 102 21 110
267 102 23 110
275 102 25 110
280 102 27 110
285 102 31 110
299 102 33 110
10 1 4 38
13 62 5 120
14 1 19 38
19 1 17 38
21 1 7 38
26 1 1 38
30 1 13 38
32 1 23 38
36 62 11 120
46 62 23 120
50 62 29 120
57 62 17 120
60 62 35 120
64 62 41 120
67 62 47 120
70 1 9 38
70 62 53 120
74 62 59 120
75 62 1 64
79 62 5 64
80 1 11 38
83 62 7 64
90 62 3 64
93 1 21 38
95 1 15 38
101 1 27 38
108 1 25 38
110 62 9 64
119 62 11 64
121 62 17 64
126 1 29 38
127 1 31 38
129 62 13 64
133 1 33 38
140 62 15 64
143 1 35 38
147 1 37 38
148 62 19 64
152 1 43 38
155 62 23 64
157 1 39 38
157 62 21 64
158 1 41 38
160 62 25 64
165 1 45 38
166 1 47 38
170 1 49 38
174 62 27 64
179 62 29 64
186 1 51 38
210 62 33 64
214 1 53 38
223 62 35 64
225 1 55 38
227 62 31 64
234 62 37 64
237 1 59 38
241 1 1 264
247 62 40 64
249 62 43 64
258 62 45 64
261 1 57 38
266 1 5 264
268 1 3 264
273 62 47 64
275 1 7 264
277 62 49 64
280 1 9 264
284 62 59 64
287 1 11 264
294 1 17 264
11 75 10 7
23 75 7 7
33 75 3 7
50 75 31 7
60 75 15 7
64 75 27 7
117 75 19 7
118 75 22 7
122 75 37 7
127 75 34 7
155 75 43 7
178 75 40 7
186 75 46 7
193 75 49 7
199 75 55 7
208 75 52 7
220 75 58 7
221 75 9 238
232 75 15 238
243 75 25 238
248 75 19 238
250 75 22 238
259 75 31 238
266 75 28 238
270 75 37 238
273 75 34 238
283 75 43 238
284 75 40 238
287 75 46 238
10 52 23 332
16 52 11 332
17 52 17 332
20 52 29 332
26 52 5 332
45 52 35 332
52 52 41 332
66 52 47 332
78 52 53 332
83 52 59 332
90 52 1 343
91 52 5 343
94 52 3 343
95 52 7 343
120 52 9 343
126 52 11 343
138 52 13 343
153 52 15 343
155 52 17 343
165 52 22 343
171 52 19 343
181 52 25 343
199 52 27 343
205 52 29 343
222 52 31 343
225 52 33 343
230 52 35 343
255 52 37 343
261 52 43 343
269 52 39 343
270 52 41 343
294 52 45 343
13 16 49 238
19 16 52 238
24 16 55 238
37 16 58 238
51 16 7 219
58 16 10 219
62 16 19 219
65 16 31 219
68 16 34 219
74 16 37 219
75 16 13 219
91 16 22 219
108 16 16 219
116 16 28 219
117 16 40 219
131 16 25 219
148 16 43 219
154 16 49 219
158 16 52 219
159 16 55 219
164 16 1 437
171 16 46 219
176 16 49 343
190 16 52 343
191 16 55 343
201 16 58 219
204 16 58 343
209 16 43 424
212 16 49 424
224 16 52 424
238 16 46 424
253 16 55 424
260 16 58 424
275 16 4 437
278 16 7 437
297 16 10 437
6 49 19 247
17 49 3 247
18 49 5 247
32 49 1 247
38 49 7 247
44 49 9 247
46 49 11 247
48 49 17 247
51 49 15 247
53 49 13 247
56 49 25 247
58 49 21 247
61 49 31 247
79 49 23 247
83 49 29 247
86 49 27 247
88 49 33 247
105 49 35 247
122 49 40 247
133 49 37 247
144 49 45 247
147 49 43 247
154 49 57 247
176 49 47 247
185 49 49 247
189 49 53 247
190 49 55 247
205 49 5 414
206 49 59 247
209 49 51 247
215 49 11 414
219 49 17 414
234 49 23 414
238 49 29 414
255 49 35 414
258 49 41 414
265 49 46 414
268 49 43 414
274 49 58 414
282 49 53 414
283 49 49 414
286 49 51 414
289 49 55 414
294 49 5 169
297 49 1 169
4 108 15 21
7 7 13 450
9 59 25 358
11 10 13 5
13 59 19 358
14 59 31 358
25 10 19 5
26 108 19 21
27 59 43 358
29 108 25 21
33 10 25 5
35 59 13 358
36 59 55 358
45 10 7 5
45 108 31 21
45 59 37 358
50 108 1 21
56 7 1 450
56 108 7 21
59 7 19 450
59 108 49 21
64 7 7 450
65 108 37 21
70 59 1 358
71 10 31 5
71 108 55 21
74 59 7 358
75 59 49 358
77 108 43 21
78 10 1 5
78 59 7 447
80 59 13 447
82 59 1 447
83 59 21 447
84 108 7 39
88 59 37 447
91 108 27 39
93 7 27 450
95 108 1 39
96 7 37 450
96 10 49 5
97 59 25 447
98 7 49 450
98 10 37 5
99 7 31 450
99 59 43 447
100 108 13 39
102 108 19 39
104 7 55 450
105 10 1 384
107 108 31 39
108 108 43 39
111 10 43 5
115 108 55 39
117 59 49 447
118 7 43 450
121 59 55 447
125 59 7 48
126 108 37 39
129 10 7 384
131 59 1 48
134 7 1 132
142 10 13 384
142 59 31 447
143 10 19 384
144 10 55 5
146 108 49 39
147 59 13 48
151 59 31 48
154 7 7 132
155 108 7 303
156 10 25 384
157 10 31 384
160 7 13 132
161 108 13 303
166 7 19 132
168 7 25 132
170 7 43 132
175 10 37 384
175 59 19 48
178 7 1 157
178 59 25 48
183 108 19 303
184 7 49 132
184 10 19 81
187 7 37 132
187 59 51 48
188 7 31 132
189 7 19 157
189 59 37 48
193 10 55 384
194 10 49 384
195 7 55 132
197 7 7 157
197 59 55 48
198 10 31 81
202 59 37 66
203 108 1 303
203 59 7 66
204 108 25 303
204 59 43 48
205 7 13 157
207 108 31 303
213 59 3 66
214 7 25 157
219 7 31 157
221 108 37 303
222 7 37 157
222 10 43 384
224 108 55 303
227 7 43 157
227 108 51 303
227 59 13 66
232 7 49 157
233 10 25 81
242 10 37 81
247 59 19 66
249 59 25 66
249 108 45 303
251 10 43 81
251 59 31 66
257 108 19 426
258 7 55 157
260 10 7 223
263 108 1 426
263 59 43 66
265 59 49 66
268 7 31 311
270 59 55 66
271 10 55 81
273 7 1 311
274 108 7 426
275 108 13 426
277 10 51 81
277 108 25 426
279 59 13 73
284 108 31 426
286 108 37 426
287 108 49 426
290 59 1 73
291 7 7 311
293 7 19 311
294 108 7 75
294 59 19 73
299 10 13 223
1 79 16 370
2 57 19 18
15 57 13 18
26 57 25 18
30 57 7 18
34 57 22 18
36 79 19 370
44 79 1 370
45 79 4 370
47 79 7 370
47 57 1 18
49 79 13 370
53 79 10 370
55 79 25 370
58 57 4 18
62 57 28 18
63 79 22 370
72 79 28 370
82 79 31 370
91 79 37 370
94 79 34 370
96 79 46 370
96 57 10 18
101 79 40 370
101 57 16 18
113 79 43 370
114 79 49 370
126 79 52 370
127 79 55 370
137 79 58 370
147 79 1 211
149 57 31 18
151 79 4 211
163 57 43 18
167 57 40 18
172 57 34 18
181 57 37 18
185 79 16 211
186 57 1 72
188 57 46 18
190 57 49 18
191 79 7 211
201 57 52 18
202 79 13 211
212 57 13 72
215 79 25 211
215 57 55 18
217 79 10 211
229 79 19 211
230 79 22 211
231 57 58 18
235 57 7 72
250 57 16 72
251 79 28 211
253 57 4 72
254 57 10 72
255 79 31 211
262 79 49 211
264 57 19 72
269 57 28 72
272 57 22 72
282 57 25 72
288 57 34 72
289 57 31 72
293 79 34 211
300 79 40 211
6 97 21 422
10 97 19 422
11 97 17 422
26 97 23 422
28 97 13 422
52 97 1 422
54 97 3 422
88 97 5 422
92 97 7 422
99 97 9 422
116 97 11 422
121 97 25 422
129 97 15 422
142 97 28 422
145 97 31 422
152 97 33 422
167 97 45 422
171 97 35 422
179 97 37 422
191 97 40 422
192 97 43 422
196 97 49 422
203 97 47 422
216 97 53 422
221 97 51 422
224 97 59 422
225 97 57 422
226 97 1 78
229 97 55 422
233 97 11 78
245 97 3 78
247 97 5 78
248 97 7 78
249 97 9 78
286 97 13 78
1 110 31 328
3 45 19 236
4 45 25 236
4 110 37 328
6 45 31 236
8 110 25 328
9 45 37 236
9 88 31 112
10 45 43 236
13 88 25 112
14 45 49 236
22 88 43 112
26 45 55 236
28 110 49 328
33 88 37 112
37 45 15 236
37 110 21 328
38 45 19 293
46 45 1 236
49 110 43 328
54 45 15 293
57 110 1 328
61 45 7 236
63 88 1 403
67 45 25 293
68 110 55 328
69 110 7 328
73 110 7 73
79 110 13 328
80 110 37 73
82 88 49 112
84 45 31 293
84 110 25 73
84 88 19 112
92 88 55 112
93 88 31 403
97 88 7 403
98 110 55 73
98 88 13 403
100 88 19 403
101 110 31 73
105 110 19 156
106 88 37 403
109 88 27 403
111 45 37 293
112 110 43 73
123 110 7 156
126 88 43 403
127 110 1 156
129 45 43 293
130 45 7 293
132 110 13 156
132 88 55 403
133 110 49 73
133 88 1 234
134 88 7 234
138 88 49 403
139 88 13 234
144 45 49 293
145 110 25 156
147 110 31 156
151 110 51 156
154 45 1 293
155 110 55 156
156 45 55 293
156 88 19 234
161 110 7 379
170 88 25 234
173 110 13 379
174 45 13 226
178 45 7 226
180 110 1 379
181 45 1 226
183 110 37 156
183 45 43 226
185 88 31 234
188 45 25 226
190 88 37 234
195 45 31 226
196 88 1 350
203 88 49 234
205 110 43 156
209 88 55 234
210 45 43 373
213 45 19 226
219 88 43 234
222 45 49 226
223 45 49 373
227 88 7 350
233 110 19 379
234 45 39 226
239 45 31 373
242 45 55 226
243 88 13 350
244 110 25 379
251 45 37 373
252 110 31 379
258 45 1 408
263 88 19 350
264 45 55 373
267 45 7 408
268 45 45 408
270 45 19 408
271 45 25 408
272 45 55 408
272 110 3 224
276 45 13 408
278 110 37 379
279 110 43 379
281 88 31 350
287 45 37 408
287 88 25 350
291 110 43 196
291 88 31 131
292 88 37 350
293 45 25 139
293 88 43 350
295 110 49 379
297 88 49 350
299 110 55 379
300 110 49 196
5 12 31 257
10 112 25 122
12 12 10 257
16 12 19 257
22 104 1 355
23 112 16 122
26 112 28 122
27 12 22 257
32 112 31 122
44 12 13 257
45 104 13 355
52 12 7 257
56 104 16 355
57 12 25 257
60 12 28 257
62 12 34 257
67 12 37 257
68 104 19 355
68 112 37 122
72 104 4 355
80 112 19 122
87 104 7 355
91 12 40 257
94 12 16 257
96 104 27 355
102 112 1 122
104 104 22 355
105 112 52 122
107 12 43 257
109 12 46 257
116 104 37 355
118 112 4 122
119 12 49 257
121 104 43 355
121 12 52 257
122 12 55 257
122 112 7 122
126 112 13 122
127 12 58 257
135 112 10 122
136 104 10 355
138 112 34 122
145 112 22 122
147 104 46 355
150 12 1 50
152 112 45 122
153 104 31 355
153 112 49 122
155 104 34 355
166 12 4 50
173 104 52 355
174 12 19 50
174 112 40 122
175 104 49 355
175 112 58 122
176 104 40 355
178 104 13 3
179 12 7 50
185 112 4 280
192 12 10 50
192 112 58 198
195 12 13 50
196 104 7 3
207 12 22 50
208 104 1 3
213 104 55 355
213 12 16 50
214 104 10 3
215 112 1 280
218 104 58 355
221 104 16 3
222 104 19 3
231 104 22 3
233 104 31 3
234 112 9 280
239 112 13 280
246 112 55 122
249 104 4 3
254 104 34 3
254 112 21 280
260 104 25 3
261 112 16 280
262 112 25 280
263 104 28 3
265 104 37 3
268 112 28 280
269 104 43 3
274 112 31 280
275 12 27 50
276 112 37 280
277 104 40 3
278 12 31 50
281 12 37 50
284 104 46 3
287 112 43 280
288 12 40 50
289 112 34 280
290 104 52 3
290 112 40 280
293 104 49 3
293 12 7 169
295 104 58 3
295 12 43 50
297 12 34 50
298 104 55 3
300 12 46 50
1 67 29 71
6 67 23 71
7 89 17 347
11 67 35 71
12 67 41 71
13 67 17 71
13 107 23 312
14 89 23 347
20 107 13 312
21 67 47 71
22 89 11 347
26 67 53 71
33 107 7 312
33 89 29 347
44 67 7 71
44 107 4 312
52 89 35 347
54 67 1 71
60 89 1 347
63 89 41 347
64 67 59 71
66 89 53 347
69 107 1 312
69 89 47 347
72 89 37 211
74 89 43 211
79 107 9 312
79 89 59 347
82 67 5 116
84 89 45 211
93 107 11 312
95 67 9 116
96 67 1 114
100 89 47 211
101 107 19 312
103 67 7 116
103 107 15 312
103 89 53 211
107 89 55 211
108 107 27 312
110 67 1 116
115 89 59 211
119 67 3 116
120 67 11 116
128 89 57 211
131 107 17 312
132 107 21 312
135 107 25 312
139 67 17 116
141 67 19 116
144 107 29 312
152 107 31 312
152 89 52 179
155 67 13 116
157 67 15 116
157 107 35 312
159 67 23 116
161 107 37 312
163 89 46 179
163 107 41 312
177 89 55 179
180 67 28 116
180 89 49 179
181 67 21 116
184 107 43 312
186 67 25 116
189 107 33 312
190 67 31 116
194 89 57 179
199 107 39 312
201 67 35 116
205 107 47 312
207 89 59 179
208 107 45 312
208 89 11 295
214 89 23 295
220 67 33 116
221 89 5 295
226 89 17 295
228 67 37 116
228 89 29 295
229 107 49 312
231 107 53 312
236 67 39 116
236 107 51 312
237 107 1 266
239 107 59 312
240 67 41 116
240 107 55 312
241 67 43 116
243 107 59 296
244 89 35 295
248 67 47 116
251 89 41 295
252 107 57 312
253 67 45 116
261 107 5 266
264 89 47 295
264 107 3 266
266 89 53 295
271 107 11 266
272 89 59 295
273 89 5 91
275 67 49 116
281 107 7 266
281 89 1 91
290 107 9 266
298 89 7 91
299 107 17 266
3 37 55 412
8 37 31 423
10 37 37 423
14 37 25 423
18 37 13 423
21 37 9 423
23 37 19 423
29 99 19 297
30 37 43 423
31 99 13 297
31 37 49 423
40 37 55 423
44 99 25 297
44 37 19 425
51 99 1 297
56 37 27 425
57 37 13 425
59 37 1 423
61 37 33 425
73 37 3 425
76 99 7 297
81 37 7 425
82 99 43 297
83 99 37 297
85 37 43 425
87 37 49 425
93 37 37 425
94 37 55 425
114 37 15 25
116 99 49 297
118 99 7 34
118 37 25 25
126 99 31 297
127 99 13 34
133 99 55 297
135 37 1 25
141 99 1 34
149 37 19 25
153 99 19 34
156 37 7 25
157 37 43 25
162 37 31 25
164 37 37 25
166 99 31 34
168 99 39 34
169 37 1 108
170 99 13 368
172 99 25 34
179 37 51 25
181 37 55 25
189 99 45 34
193 37 19 108
195 37 7 108
200 37 25 108
201 37 13 108
205 99 55 34
215 37 37 108
218 37 31 108
221 37 43 108
222 99 25 368
223 99 43 368
230 99 49 34
240 99 31 368
241 99 19 368
254 37 49 108
257 99 37 368
259 37 55 108
260 37 15 199
262 37 1 199
265 37 7 199
268 37 49 199
269 99 49 368
271 37 19 199
278 37 55 199
280 99 31 40
281 37 3 202
288 99 49 40
293 37 37 199
295 99 25 40
3 80 10 372
7 71 7 301
15 71 16 301
19 80 31 372
23 80 25 372
34 71 13 301
39 71 10 301
42 71 4 301
46 71 19 301
48 80 1 372
51 71 37 301
55 80 7 372
56 71 31 301
58 80 28 372
63 80 13 372
66 80 4 372
77 71 34 301
79 71 40 301
81 80 34 372
83 80 16 372
85 71 1 301
86 80 19 372
90 71 22 301
93 71 43 301
98 80 1 176
110 80 37 372
115 80 22 372
117 80 43 372
125 71 25 301
125 80 46 372
126 80 49 372
136 71 55 301
139 80 40 372
142 80 52 372
143 80 4 176
144 80 7 176
146 80 10 176
148 71 46 301
149 80 55 372
150 80 58 372
153 80 25 176
156 80 13 176
159 71 28 301
179 80 19 176
182 80 16 176
184 71 1 184
186 80 28 176
192 71 49 301
196 71 10 184
198 71 52 301
207 71 7 184
215 71 4 184
216 80 22 176
217 80 31 176
218 80 45 176
235 71 58 301
236 71 13 184
244 80 37 176
249 71 16 184
253 71 19 184
253 80 34 176
254 80 40 176
255 71 25 184
260 71 22 184
270 71 49 184
273 71 28 184
274 80 13 4
275 80 51 176
278 71 34 184
280 80 58 176
281 71 40 184
281 80 55 176
285 71 37 184
285 80 1 4
287 71 55 184
298 71 31 184
2 113 17 149
4 21 51 116
13 113 29 149
24 21 53 116
35 113 1 149
41 21 55 116
44 113 11 149
46 113 5 149
53 21 57 116
58 21 1 137
59 113 7 149
61 21 59 116
65 21 3 137
69 21 5 137
71 113 9 149
77 113 13 149
80 21 22 137
86 113 15 149
87 113 3 149
89 21 7 137
94 21 9 137
96 21 13 137
108 21 11 137
115 21 17 137
116 113 23 149
121 113 19 149
126 21 19 137
131 113 21 149
136 113 31 149
137 21 25 137
141 113 25 149
141 21 27 137
148 113 33 149
153 21 29 137
157 113 37 149
169 113 27 149
176 21 15 137
178 21 35 137
179 113 39 149
185 113 35 149
186 21 31 137
188 113 41 149
191 113 43 149
192 21 33 137
196 21 37 137
200 113 45 149
204 21 41 137
206 21 39 137
213 113 47 149
215 113 49 149
222 113 53 149
227 21 47 137
228 113 51 149
231 113 15 78
234 21 43 137
239 113 17 78
240 113 59 149
243 21 45 137
247 113 55 149
248 113 22 78
250 113 57 149
254 21 53 137
263 21 49 137
265 21 59 137
267 21 51 137
286 21 55 137
287 113 29 78
295 21 5 447
1 77 37 161
1 50 43 367
2 50 31 367
3 77 25 161
5 117 37 430
11 50 19 367
12 50 13 367
16 50 25 367
20 50 37 367
22 50 49 367
25 117 31 430
29 77 31 161
30 77 19 161
31 77 55 161
33 117 43 430
34 77 7 161
37 50 25 57
46 77 13 161
46 117 7 430
48 117 49 430
52 77 3 161
53 50 1 367
56 117 55 430
60 77 3 284
61 50 55 367
64 50 15 57
67 50 19 57
70 117 13 430
71 117 21 430
74 77 45 161
75 117 3 430
76 77 13 284
77 50 7 367
78 50 55 368
79 117 31 6
83 50 9 57
89 77 9 284
90 50 55 57
92 117 1 6
93 50 1 57
98 50 7 192
101 50 43 57
109 117 13 6
110 77 49 161
119 117 7 6
122 77 25 284
127 117 19 6
130 77 19 284
131 77 49 284
133 117 25 430
135 77 37 284
137 117 27 6
140 50 31 57
143 77 31 284
144 50 37 57
149 77 1 333
151 77 55 284
153 117 43 6
156 50 49 57
158 50 13 192
161 77 19 333
163 77 7 333
165 50 1 192
167 77 13 333
174 50 31 192
174 117 43 106
177 50 19 192
178 50 19 389
179 117 55 6
183 77 7 217
183 50 13 389
184 77 25 333
188 117 37 6
191 77 45 284
193 77 39 333
195 77 43 333
198 117 7 106
199 77 31 333
208 117 19 106
209 50 1 389
209 117 13 106
211 77 49 333
211 117 3 106
213 117 49 6
219 50 25 192
220 117 25 106
223 50 25 389
224 117 37 106
225 77 13 217
228 50 39 192
235 77 19 217
235 117 49 106
236 77 55 333
237 50 43 192
238 50 49 192
239 117 1 145
245 117 55 106
249 77 31 217
254 50 55 192
255 77 1 217
255 50 39 389
257 50 31 389
259 77 37 217
259 50 7 389
259 117 13 145
261 50 45 389
261 117 31 106
263 50 51 389
267 50 55 389
270 50 1 158
271 117 43 145
272 117 7 145
273 77 43 217
278 117 13 130
279 50 19 158
279 117 25 145
282 77 1 98
284 50 7 158
285 50 33 158
292 77 25 217
296 117 49 145
297 50 13 158
298 117 19 145
12 43 19 239
14 43 37 239
16 32 22 151
17 32 28 151
22 32 13 151
23 32 31 151
28 43 25 239
29 32 37 151
34 43 28 239
49 43 16 239
54 43 7 239
57 32 19 151
63 43 10 239
65 43 34 239
67 43 31 239
73 32 34 151
76 32 1 151
77 32 16 151
81 43 1 239
85 32 4 151
85 43 13 239
86 43 22 239
88 32 7 151
89 43 4 239
91 43 43 239
93 43 46 239
95 43 49 239
96 32 55 151
101 32 10 151
104 32 25 151
108 32 49 151
112 32 40 151
114 43 40 239
119 43 52 239
124 32 58 151
125 43 55 239
135 43 58 239
138 32 43 151
143 32 46 151
147 32 52 151
148 32 1 261
150 32 4 261
151 32 7 261
152 32 10 261
162 32 19 261
180 32 31 261
196 32 13 261
206 32 22 261
208 43 7 336
209 32 46 261
211 43 10 336
213 32 25 261
213 43 43 336
220 32 16 261
225 43 25 336
229 32 28 261
231 32 34 261
236 32 43 261
239 43 19 336
240 32 37 261
241 32 40 261
244 32 55 261
245 32 49 261
246 43 1 336
250 32 52 261
250 43 28 336
254 43 4 336
259 32 43 158
263 32 58 261
265 32 40 158
266 43 13 336
271 32 37 158
276 43 22 336
277 32 55 158
282 43 16 336
293 32 31 199
7 101 55 390
9 44 5 21
10 101 21 319
11 98 23 42
16 44 35 21
20 44 41 21
24 101 9 319
28 44 23 21
32 44 47 21
41 44 11 21
51 98 5 42
52 101 11 319
53 98 7 42
53 101 5 319
57 101 23 319
64 98 11 42
65 98 1 42
67 98 17 42
67 44 29 21
75 101 7 319
84 98 13 42
84 101 1 319
86 98 9 42
86 101 13 319
88 98 3 42
88 44 13 21
89 101 15 319
90 44 53 21
92 44 59 21
101 98 21 42
104 98 19 42
110 101 3 319
112 101 17 319
112 44 5 374
113 101 31 319
115 44 1 374
117 101 29 319
120 44 7 374
121 98 27 42
123 44 11 374
124 98 25 42
126 98 35 42
128 98 43 42
130 101 35 319
132 98 29 42
136 101 19 319
137 101 33 319
139 44 3 374
140 101 25 319
145 101 37 319
146 98 15 42
146 101 27 319
147 98 41 42
147 101 49 319
149 101 39 319
150 101 43 319
153 44 9 374
154 101 59 319
158 44 17 374
161 101 47 319
161 44 23 374
162 98 37 42
166 98 39 42
167 101 51 319
168 101 45 319
168 44 13 374
169 101 53 319
169 44 15 374
172 98 31 42
175 101 41 319
177 98 33 42
181 98 45 42
187 98 47 42
192 44 25 374
194 44 19 374
197 44 27 374
198 101 55 319
201 44 21 374
203 98 53 42
207 98 49 42
211 98 55 42
215 98 51 42
224 101 5 391
227 44 29 374
228 98 57 42
236 98 59 42
237 98 3 56
238 101 57 319
242 44 31 374
244 98 5 56
244 44 33 374
248 101 9 391
252 101 1 391
255 44 43 374
256 101 3 391
257 44 35 374
259 98 11 56
260 98 19 56
262 44 41 374
264 98 1 56
267 44 49 374
268 44 37 374
269 101 7 391
273 98 7 56
278 44 47 374
281 101 11 391
282 101 13 391
282 44 55 374
284 44 5 220
285 101 17 391
286 101 15 391
288 44 53 374
290 101 21 391
292 101 19 391
295 101 23 391
295 44 29 220
296 101 25 391
299 98 23 56
300 101 29 391
15 20 19 147
20 20 15 147
21 20 25 147
25 20 37 147
45 20 43 147
81 20 55 147
85 20 31 147
111 20 49 147
129 20 25 200
152 20 1 147
153 20 1 200
157 20 7 147
158 20 31 200
162 20 39 200
165 20 13 200
168 20 7 200
207 20 43 200
216 20 55 200
217 20 19 200
229 20 51 200
230 20 25 93
248 20 13 193
253 20 49 93
256 20 49 193
261 20 9 193
264 20 43 93
266 20 19 193
273 20 55 93
280 20 1 193
286 20 43 193
292 20 55 193
7 118 25 104
13 118 31 104
14 118 40 104
16 118 37 104
20 118 19 104
27 118 34 104
34 118 43 104
44 118 16 104
47 118 13 104
48 118 4 104
70 118 28 104
77 118 49 104
100 118 1 104
109 118 58 104
112 118 7 104
132 118 1 67
135 118 22 104
136 118 33 272
139 118 10 104
141 118 52 104
150 118 25 272
152 118 55 104
158 118 28 272
165 118 37 272
170 118 58 272
173 118 55 272
176 118 4 67
177 118 40 272
179 118 10 67
182 118 46 104
183 118 34 67
190 118 43 272
191 118 13 67
195 118 49 272
196 118 16 67
226 118 7 67
231 118 19 67
233 118 46 272
237 118 52 272
253 118 22 67
261 118 25 67
262 118 28 67
264 118 37 67
269 118 31 67
271 118 49 67
279 118 40 67
285 118 43 67
19 63 57 137
30 63 17 256
47 63 21 256
59 63 23 256
90 63 19 256
97 63 29 256
98 63 25 256
106 63 41 256
111 63 27 256
120 63 31 256
123 63 34 256
133 63 39 256
138 63 37 256
140 63 43 256
148 63 49 256
153 63 52 256
158 63 47 256
176 63 17 384
184 63 59 256
192 63 45 256
199 63 5 384
208 63 55 256
209 63 11 384
213 63 23 384
217 63 29 384
232 63 35 384
260 63 41 384
286 63 57 256
297 63 47 384
32 87 51 64
42 87 55 64
49 87 37 242
58 87 43 242
83 87 49 242
84 87 15 242
89 87 25 242
103 87 9 242
110 87 19 242
118 87 13 221
121 87 1 242
122 87 43 221
140 87 7 221
145 87 55 242
146 87 31 242
160 87 19 221
164 87 25 221
171 87 31 221
180 87 51 221
184 87 7 324
191 87 1 324
197 87 37 221
218 87 13 324
220 87 19 324
222 87 33 324
224 87 15 31
235 87 25 324
243 87 37 324
251 87 49 324
260 87 43 324
264 87 49 31
275 87 9 31
276 87 57 221
277 87 1 31
284 87 19 31
289 87 57 324
300 87 55 31
5 38 4 44
9 54 43 264
12 35 22 449
16 120 31 449
18 92 25 341
21 35 19 449
24 54 22 264
26 120 34 449
27 92 31 341
29 38 13 44
30 35 25 449
33 54 31 264
37 54 34 264
37 120 43 449
38 92 28 341
39 35 15 449
39 92 34 341
40 35 37 449
41 35 1 449
41 92 7 341
42 38 25 44
43 92 13 341
44 92 37 341
47 120 28 449
49 54 49 264
50 92 40 341
52 35 46 449
54 38 19 44
56 35 40 449
57 35 55 449
59 120 58 449
61 38 37 44
62 92 1 341
63 54 28 264
64 120 49 449
67 92 43 341
68 92 46 341
69 35 52 449
71 120 37 110
74 35 4 449
75 35 9 449
75 54 25 264
76 92 4 341
76 120 40 110
82 92 55 341
83 35 13 207
85 38 28 44
87 54 13 264
90 120 7 202
92 120 43 110
95 54 52 264
97 92 16 341
101 38 1 44
101 54 37 264
104 35 1 207
104 38 40 44
104 54 49 131
105 120 31 202
107 54 40 264
109 35 4 207
110 92 58 341
111 54 19 264
111 92 22 341
112 38 10 44
113 35 33 207
115 35 19 207
115 92 31 169
117 38 7 44
117 54 46 264
117 120 58 110
120 38 16 44
120 54 37 131
123 38 22 44
125 35 16 207
126 92 16 169
127 38 43 44
129 38 33 44
129 120 49 110
130 35 55 207
133 54 10 9
134 38 49 44
134 120 13 202
138 38 46 44
138 92 10 341
140 35 22 207
140 54 28 131
145 54 49 316
149 54 58 264
151 54 46 131
153 38 55 44
154 38 13 183
154 92 19 341
155 38 52 44
156 35 1 10
157 92 49 341
160 35 7 207
160 120 52 110
160 92 10 169
161 35 25 207
161 120 55 110
163 35 28 207
163 120 52 184
164 35 10 207
171 35 43 207
172 54 55 264
174 120 22 202
175 35 52 207
175 54 1 9
177 54 43 131
179 54 4 9
180 35 46 207
180 120 58 184
180 92 34 169
182 35 37 207
187 54 13 9
188 120 43 184
189 120 16 202
191 38 31 145
194 38 34 145
194 92 13 169
195 35 4 10
197 38 31 183
198 54 57 131
199 92 19 169
200 120 34 202
201 54 40 131
204 35 49 207
205 54 7 9
206 38 52 50
207 120 10 202
207 92 37 169
217 38 49 50
220 120 55 202
223 92 13 359
226 38 58 44
228 92 22 169
230 54 19 9
232 120 19 202
233 35 40 207
233 120 37 202
236 120 46 110
237 35 7 10
237 120 25 202
237 54 22 9
238 38 1 183
240 92 25 169
241 35 13 10
241 120 28 202
246 54 43 316
247 35 58 207
248 54 25 9
249 38 55 50
251 38 4 183
252 35 25 10
252 38 40 145
252 54 52 131
252 120 46 184
255 54 46 316
258 38 7 183
260 92 28 169
261 54 52 316
263 38 37 145
263 54 16 9
264 38 16 183
264 54 40 9
265 35 16 10
267 38 19 183
270 92 52 341
272 120 46 202
273 92 40 169
274 92 43 169
276 35 19 10
276 54 28 9
276 92 46 169
278 120 52 202
280 35 43 10
280 54 46 9
283 38 10 183
288 35 10 10
289 38 25 183
291 35 22 10
292 120 43 202
294 54 49 9
295 38 46 183
296 92 55 169
298 35 28 10
2 27 22 356
4 27 11 356
11 31 25 16
12 31 3 16
18 27 17 356
21 27 29 356
28 27 31 356
30 27 33 356
36 27 5 356
39 27 1 356
46 27 25 356
48 27 9 356
49 27 35 356
54 31 5 16
55 27 3 356
56 27 13 356
66 27 15 356
69 31 11 16
72 27 39 356
85 31 23 16
97 31 1 16
103 31 13 16
118 27 19 356
121 31 21 16
122 31 15 16
124 31 17 16
125 31 19 16
128 27 7 356
130 27 41 356
134 27 37 356
136 27 47 356
137 31 31 16
138 27 53 356
142 27 43 356
144 31 27 16
150 27 49 356
159 27 51 356
163 31 49 16
168 27 59 356
168 31 29 16
170 31 7 16
171 27 27 356
173 27 31 272
180 31 9 16
188 27 57 356
194 31 37 16
197 27 5 361
210 27 11 361
222 27 17 361
232 27 23 361
234 27 35 361
235 27 45 356
237 27 29 361
237 31 39 16
245 27 41 361
245 31 34 16
246 27 47 361
249 27 53 361
251 27 59 361
253 27 7 242
263 31 47 16
270 27 5 242
271 31 59 16
273 31 51 16
274 31 41 16
296 31 53 16
297 31 43 16
298 27 23 242
300 27 13 242
2 70 37 82
3 40 31 351
4 40 43 351
7 40 37 351
8 70 43 82
9 70 49 82
9 40 55 351
17 70 55 82
18 40 49 351
29 70 43 95
34 70 31 82
34 40 37 391
36 70 31 95
38 70 37 95
41 70 19 82
44 70 49 95
44 40 31 391
63 40 37 311
78 70 37 413
79 40 43 391
82 40 25 351
87 70 25 82
89 70 55 95
94 40 49 391
99 40 55 391
100 70 7 82
101 40 49 311
102 40 7 351
107 40 13 351
109 70 31 413
112 40 19 351
114 40 55 311
116 70 1 82
119 70 19 95
120 70 43 413
139 40 25 311
146 40 45 311
150 40 7 340
157 40 1 351
165 70 25 95
170 70 1 95
173 40 19 340
177 70 13 82
182 70 27 413
188 70 7 95
206 40 3 340
209 70 7 418
210 70 1 418
211 40 13 311
216 40 13 340
225 40 37 340
226 40 31 340
227 70 55 413
230 70 31 418
231 70 25 418
247 40 43 340
248 40 31 388
252 40 3 388
254 70 43 418
257 70 49 413
259 70 19 418
267 40 25 340
275 40 37 388
286 70 1 11
287 70 13 95
289 70 15 418
292 70 13 11
293 70 1 84
296 40 27 388
298 70 37 418
299 40 49 340
5 2 58 50
5 18 34 56
7 2 28 258
10 18 28 56
21 2 22 258
25 18 43 56
27 18 49 56
28 2 33 258
30 18 37 56
32 18 25 56
38 18 31 56
41 18 40 56
43 2 19 258
44 18 46 56
45 2 16 258
55 18 52 56
61 18 49 217
65 2 7 258
68 2 40 258
69 18 55 56
73 18 52 217
75 18 16 56
82 18 58 56
87 2 46 258
97 18 13 56
100 18 55 217
107 2 25 258
109 2 1 258
115 2 4 258
118 18 37 183
129 2 52 258
133 2 13 258
136 18 58 217
143 2 10 258
149 18 34 183
150 18 22 183
155 2 49 258
159 2 37 258
163 2 55 258
163 18 58 183
165 2 58 258
169 2 7 135
172 2 10 135
175 18 28 183
176 18 7 388
177 2 4 135
179 18 22 388
186 18 40 183
188 2 13 135
190 2 1 135
192 18 52 183
193 2 16 135
194 2 21 135
201 18 49 183
204 18 55 183
206 18 43 183
215 18 13 388
216 18 10 388
218 2 55 135
220 18 7 416
223 2 16 181
233 2 43 258
234 2 25 135
235 2 34 135
238 18 19 388
240 18 16 388
243 2 31 135
243 18 49 388
254 18 1 416
265 18 4 416
269 2 46 135
269 18 55 316
282 18 46 388
283 18 52 388
284 18 43 388
296 18 58 316
298 18 10 416
32 11 55 16
40 11 19 119
54 11 25 119
57 11 31 119
58 11 37 119
66 11 43 119
72 11 13 119
80 11 49 119
86 11 55 119
88 11 15 405
95 11 55 405
124 11 19 405
133 11 19 88
175 11 7 119
194 11 25 405
196 11 31 405
211 11 39 405
212 11 37 40
231 11 9 405
240 11 43 405
244 11 7 88
247 11 31 88
263 11 7 92
1 116 49 69
4 17 55 40
4 51 31 274
8 116 37 69
10 51 34 274
15 51 25 274
17 17 49 405
20 51 43 274
26 17 43 40
29 116 40 69
31 17 28 91
32 116 34 69
34 51 19 274
35 116 19 69
35 51 22 274
36 51 46 274
43 51 49 274
43 116 22 69
44 116 43 69
45 116 25 69
46 17 52 405
49 17 58 40
55 17 49 169
63 17 31 91
65 116 10 69
66 116 1 69
70 116 31 69
70 51 55 274
71 17 15 91
72 51 21 172
73 17 46 40
73 51 37 274
78 17 43 91
78 116 46 69
82 116 34 172
84 51 40 274
91 17 52 169
94 116 13 69
96 51 3 274
98 116 4 69
102 51 13 274
107 51 58 274
109 116 37 172
112 116 28 69
113 51 1 172
119 116 55 69
130 17 1 405
131 17 58 169
132 51 7 274
139 51 7 172
142 116 46 280
142 51 4 172
144 51 16 274
145 17 19 91
146 116 7 69
147 116 58 69
148 116 16 69
159 51 10 274
160 51 28 274
161 51 52 274
165 116 52 69
166 116 10 81
167 17 4 405
170 17 9 91
170 116 19 243
171 17 22 91
172 116 58 280
173 51 25 172
177 51 10 172
178 17 37 91
181 51 13 172
182 116 55 280
186 116 16 172
188 116 49 280
191 116 28 172
194 116 31 172
195 51 52 172
195 116 1 243
196 51 43 172
201 17 46 91
202 17 19 103
203 17 25 91
205 116 40 172
210 116 7 243
211 51 46 172
212 17 34 91
214 51 7 427
217 116 52 280
218 17 1 103
219 17 40 91
219 51 49 172
223 116 19 354
226 51 10 427
226 116 13 243
229 51 57 172
233 17 49 91
235 51 13 427
238 17 31 162
238 116 4 243
242 51 1 427
242 116 10 243
243 116 34 243
244 116 22 243
251 17 10 103
251 51 16 427
260 116 31 243
262 17 52 91
266 51 25 427
276 116 25 243
280 116 16 243
286 17 7 103
289 17 37 162
289 116 28 243
292 17 46 162
293 17 10 163
295 116 1 354
298 17 34 162
300 116 43 243
3 85 39 374
6 85 45 374
23 85 51 374
29 85 57 374
46 85 59 374
50 85 5 333
51 85 11 333
53 85 17 333
70 85 35 333
72 85 47 333
75 85 23 333
97 85 37 333
98 85 29 333
99 85 53 333
102 85 59 333
103 85 5 234
104 85 11 234
122 85 17 234
143 85 23 234
146 85 29 234
169 85 35 234
173 85 47 234
191 85 53 234
208 85 41 234
215 85 7 251
221 85 59 234
228 85 1 251
229 85 3 251
259 85 5 251
267 85 11 251
269 85 9 251
272 85 17 251
279 85 23 251
289 85 19 251
291 85 13 251
299 85 25 251
2 28 43 78
3 64 43 419
5 48 43 113
7 48 31 193
8 48 49 113
11 64 31 419
11 48 37 193
12 64 25 419
13 64 37 419
14 64 55 419
15 64 49 419
21 64 31 11
22 28 55 78
24 64 25 11
25 48 55 113
29 64 49 11
37 64 49 30
40 64 43 11
41 64 57 11
45 48 55 388
47 48 31 113
48 48 37 113
55 64 37 11
55 28 31 78
56 64 43 30
59 28 31 375
69 28 43 375
79 64 55 30
85 64 49 287
88 48 49 191
89 28 43 53
91 64 7 419
93 48 49 194
103 64 19 419
108 48 31 9
110 64 13 419
116 48 7 113
119 28 37 78
125 28 49 78
129 64 39 30
135 28 27 375
137 48 1 113
139 28 19 375
140 28 37 375
160 48 55 9
167 64 7 11
169 48 19 113
175 48 13 113
182 48 3 191
185 64 19 11
185 28 25 78
187 48 19 191
190 28 13 375
193 48 25 193
213 48 7 191
214 64 19 30
216 28 1 375
217 28 3 53
219 48 55 67
219 28 9 375
221 64 31 30
224 64 19 287
225 48 43 191
228 48 25 113
229 64 13 30
235 64 37 287
239 64 25 30
239 48 37 191
241 48 31 191
242 28 19 53
246 48 25 191
249 64 19 294
249 48 37 194
250 48 43 194
253 64 25 287
253 28 37 53
257 28 55 375
258 48 25 194
262 28 13 53
263 28 31 53
266 64 43 287
268 28 55 53
269 64 1 419
281 64 13 287
297 48 3 194
298 28 49 375
299 28 37 125
300 48 7 194
300 28 1 125
2 41 29 200
5 41 11 200
5 73 17 6
7 73 23 6
9 73 35 6
13 41 35 200
17 73 31 44
18 41 23 200
22 73 41 6
24 73 11 6
30 41 47 200
31 41 5 200
33 73 47 6
37 41 5 226
45 73 53 6
46 73 35 39
47 41 17 200
48 73 59 6
54 41 37 200
61 41 11 226
67 41 49 200
69 41 59 200
70 73 5 6
73 41 17 226
76 41 23 226
82 73 11 39
84 41 29 226
89 73 17 39
90 73 5 39
91 73 47 39
97 73 41 39
99 73 25 6
100 41 37 226
101 41 35 226
119 73 23 39
121 41 47 226
123 41 53 226
126 73 25 39
131 41 37 401
133 41 59 226
136 73 53 39
137 41 35 401
138 73 59 39
141 41 31 401
142 41 39 401
148 41 51 401
149 41 41 401
160 73 23 81
162 41 53 401
164 41 33 401
165 41 43 401
184 41 47 401
185 41 45 401
194 73 29 81
206 41 55 401
216 73 35 81
217 73 47 81
219 73 59 81
222 41 59 401
225 73 41 81
225 41 49 401
227 41 11 93
228 41 5 93
229 73 11 25
233 73 13 25
234 41 17 93
235 41 29 93
236 73 49 81
236 41 19 93
245 73 5 25
246 41 35 93
249 41 41 93
249 73 23 25
252 41 59 93
254 73 29 25
259 41 47 93
269 73 35 25
271 41 5 350
280 73 41 25
287 41 53 93
288 73 47 25
296 41 11 350
298 73 5 115
300 73 59 25
9 5 16 378
12 5 31 378
18 5 28 378
20 5 46 378
24 5 37 378
25 5 49 378
28 5 40 378
33 5 22 378
72 5 25 378
75 5 34 378
77 5 52 378
78 5 49 87
81 5 4 378
95 5 43 378
99 5 13 378
103 5 43 87
111 5 55 378
122 5 1 378
125 5 58 378
137 5 19 378
141 5 7 378
149 5 13 87
162 5 10 378
166 5 1 87
169 5 10 87
200 5 22 87
203 5 16 87
218 5 4 87
221 5 19 87
226 5 37 87
227 5 25 87
230 5 7 87
234 5 31 87
236 5 28 87
263 5 13 300
276 5 40 87
297 5 7 300
2 8 35 80
5 8 23 80
8 8 17 80
12 8 29 80
16 111 41 278
19 19 5 190
23 19 1 190
24 111 17 278
27 8 1 274
29 8 5 80
29 111 7 278
33 19 17 190
40 19 11 190
42 111 23 278
43 19 3 190
48 111 29 278
64 8 47 80
66 8 11 80
70 19 7 190
73 19 19 190
74 19 29 190
75 8 41 80
76 111 35 278
78 8 59 80
80 19 35 190
81 19 13 190
82 111 47 278
89 19 31 190
92 111 5 278
97 8 53 80
100 19 27 190
102 111 53 278
110 8 5 303
113 8 11 303
117 111 35 391
122 111 47 391
123 19 15 190
124 111 27 391
125 111 41 391
127 111 53 391
129 111 59 278
131 19 9 190
134 19 21 190
135 111 5 445
137 8 23 303
140 8 17 303
140 19 41 190
141 19 23 190
146 19 25 190
151 19 37 190
152 8 29 303
152 19 58 190
156 19 47 190
159 8 1 233
160 8 35 303
160 111 59 391
162 8 59 303
163 8 1 92
163 19 19 231
164 111 7 445
166 111 17 445
169 8 5 92
170 8 41 303
171 111 29 445
176 8 43 303
186 19 33 190
187 111 23 445
188 19 52 190
190 19 21 231
191 111 35 445
192 111 41 445
192 19 23 231
197 8 49 303
198 8 11 92
199 19 25 231
203 19 39 190
207 111 29 251
208 8 17 92
211 111 21 251
211 19 43 190
216 19 45 190
217 8 23 92
218 19 29 231
220 8 13 92
221 8 29 92
226 19 35 231
228 8 3 92
235 19 55 190
242 111 47 445
242 19 27 231
245 19 37 231
246 111 53 445
248 111 59 445
248 19 49 190
251 19 47 231
253 8 31 92
255 8 15 92
256 19 41 231
257 111 41 251
258 19 31 231
261 111 35 251
266 111 37 251
266 19 39 231
270 19 59 231
276 111 43 251
277 111 31 251
283 19 33 231
285 19 53 231
299 19 43 231
1 86 55 102
6 86 25 102
8 86 55 115
14 86 43 102
17 86 43 115
23 86 37 102
27 86 55 4
34 86 49 102
38 86 43 4
42 86 37 115
60 86 7 102
66 86 25 115
77 86 55 47
86 86 49 115
135 86 49 4
138 86 1 102
147 86 21 102
187 86 1 119
206 86 31 102
219 86 13 102
246 86 7 115
249 86 49 47
258 86 33 115
276 86 1 115
280 86 49 189
283 86 13 115
291 86 15 47
6 14 29 236
12 14 35 236
36 14 23 236
41 14 13 236
46 14 41 236
47 14 47 236
49 14 5 236
67 14 11 236
68 14 53 236
81 14 59 236
84 14 37 72
86 14 40 72
88 14 47 72
92 14 49 72
111 14 53 72
112 14 55 72
117 14 5 29
126 14 57 72
143 14 59 72
146 14 17 29
155 14 11 29
190 14 23 29
195 14 29 29
197 14 43 72
203 14 35 29
209 14 41 29
228 14 45 72
232 14 47 29
234 14 51 72
235 14 53 29
238 14 59 29
247 14 11 95
252 14 23 95
255 14 5 95
265 14 29 95
270 14 17 95
277 14 47 95
292 14 35 95
7 34 43 306
15 34 37 306
18 46 31 203
23 46 43 203
35 46 37 203
39 34 55 306
40 46 49 203
41 34 25 306
42 34 49 306
48 46 55 203
50 46 43 8
51 34 43 47
55 46 55 8
62 34 7 306
64 34 31 306
81 46 37 8
91 34 55 129
92 46 9 203
96 34 15 306
102 46 49 8
106 46 13 203
110 46 25 203
112 34 57 181
114 34 33 47
120 46 49 53
127 46 7 8
128 46 1 203
139 34 43 129
140 34 49 129
148 46 21 203
152 46 13 8
163 34 3 306
167 34 19 306
172 34 19 47
176 34 25 47
181 46 31 8
190 46 25 8
199 34 13 129
200 46 37 61
204 34 3 47
205 34 19 129
206 34 25 129
210 34 25 181
211 46 25 53
217 46 25 61
236 34 1 129
245 34 43 181
260 34 37 47
266 46 49 61
273 34 9 47
282 34 7 129
290 46 13 61
3 109 49 231
6 81 49 251
11 81 45 251
15 109 55 231
16 109 57 285
18 81 55 251
21 81 55 196
35 109 49 300
43 81 55 212
44 109 55 300
45 81 49 212
47 81 49 291
51 109 49 109
51 81 55 291
57 81 37 212
61 81 43 212
62 109 37 300
67 109 51 117
75 81 37 291
76 81 25 212
86 109 43 300
100 109 43 109
106 109 43 117
111 81 13 212
116 81 13 291
122 81 49 415
136 81 21 212
140 109 45 140
141 109 33 300
146 81 19 291
152 81 25 291
160 81 1 212
166 109 13 109
166 81 55 415
171 109 1 300
172 109 13 117
177 109 25 300
177 81 57 10
182 81 31 212
186 109 7 109
194 81 39 415
203 81 31 291
204 109 19 300
207 109 55 109
208 109 31 109
214 109 37 109
218 109 7 117
222 109 1 109
225 81 51 10
238 109 25 109
242 81 33 415
246 81 31 10
272 81 25 415
276 81 49 130
282 109 31 117
284 81 13 415
285 109 19 109
287 109 1 117
288 109 19 117
290 109 57 117
296 81 1 291
297 81 19 415
300 81 19 130
1 24 52 175
18 24 40 175
28 24 28 175
30 24 49 175
31 24 37 175
33 24 34 175
38 24 25 175
59 24 55 175
70 24 43 175
76 24 46 175
92 24 13 175
102 24 4 175
106 24 58 175
107 24 22 175
108 24 13 266
116 24 40 266
130 24 58 266
137 24 37 266
140 24 19 175
148 24 55 266
157 24 55 126
159 24 7 175
167 24 1 175
171 24 10 175
173 24 28 373
175 24 25 266
177 24 7 126
181 24 16 175
189 24 1 126
198 24 22 266
218 24 22 126
225 24 28 266
233 24 34 266
236 24 31 175
241 24 49 266
251 24 19 266
255 24 52 266
271 24 34 126
274 24 46 266
281 24 19 126
289 24 43 266
5 65 29 428
8 106 29 330
12 106 37 330
15 106 5 330
25 65 11 428
27 106 7 330
35 106 17 330
38 65 23 428
39 106 31 330
42 106 11 330
46 106 27 330
48 106 19 330
49 65 1 428
50 65 35 428
51 106 35 330
55 106 1 330
59 106 13 330
61 106 25 330
68 65 17 428
71 106 40 330
74 106 49 330
92 65 47 428
100 106 58 330
101 106 23 330
108 65 53 428
109 106 43 330
111 106 47 330
114 65 59 428
119 106 45 330
120 106 53 330
128 106 9 330
133 65 41 428
137 65 5 450
141 65 11 450
143 65 17 450
151 106 11 119
154 65 23 450
160 65 41 450
162 65 25 450
167 65 53 450
167 106 55 330
176 65 35 450
190 106 33 330
193 65 59 450
203 65 5 167
216 65 47 450
219 106 3 330
225 106 5 119
232 65 29 167
236 65 17 167
240 65 11 167
241 65 23 167
248 65 35 167
250 65 55 178
250 106 41 119
252 106 29 119
256 65 59 167
261 65 29 248
273 106 21 330
278 65 41 167
283 106 17 119
291 65 47 167
293 106 23 119
7 56 49 22
19 56 37 22
21 56 43 22
23 56 55 22
34 56 55 89
38 56 55 191
41 56 31 22
69 56 31 89
97 56 3 22
102 56 55 277
116 56 55 308
144 56 31 277
192 56 13 22
196 56 19 22
198 56 13 89
216 56 25 22
221 56 55 385
228 56 31 308
230 56 37 89
232 56 1 89
270 56 7 22
279 56 31 385
287 56 7 53
289 56 7 89
297 56 25 89
298 56 43 89
6 22 37 407
9 22 46 407
11 22 49 407
15 22 28 407
25 22 52 407
34 22 25 407
42 22 34 407
57 22 43 407
62 22 4 407
73 22 21 407
83 22 55 407
109 22 40 407
111 22 31 407
120 22 13 407
125 22 4 75
127 22 39 75
128 22 25 75
132 22 4 427
138 22 16 407
139 22 58 407
142 22 1 407
144 22 13 75
146 22 40 202
157 22 58 75
160 22 31 75
164 22 13 437
167 22 28 75
172 22 7 407
177 22 37 427
178 22 16 75
184 22 4 68
187 22 10 407
196 22 28 427
208 22 49 75
216 22 19 75
224 22 28 437
227 22 22 75
228 22 19 115
230 22 10 68
233 22 1 75
237 22 49 202
241 22 52 75
242 22 7 68
264 22 22 115
265 22 34 75
267 22 43 75
283 22 25 437
291 22 28 68
2 53 41 132
3 53 17 132
10 53 47 132
19 53 23 132
24 53 29 132
34 53 5 132
50 53 53 132
55 53 11 132
79 53 35 132
84 53 59 132
86 53 5 193
92 53 17 193
94 53 7 193
106 53 23 193
110 53 29 193
147 53 5 203
158 53 35 193
198 53 41 193
203 53 19 203
205 53 17 203
210 53 47 193
217 53 59 193
219 53 53 193
222 53 29 203
229 53 41 203
238 53 35 203
239 53 7 203
246 53 59 203
262 53 47 203
275 53 17 423
279 53 5 423
284 53 23 423
294 53 53 203
297 53 29 423
13 3 43 302
19 4 43 446
26 4 37 446
52 4 55 350
53 3 31 302
54 3 39 302
62 3 49 302
66 3 55 302
70 4 49 446
79 3 49 126
87 4 55 446
97 4 19 446
126 3 1 302
131 3 13 302
138 3 39 126
159 4 3 446
168 4 15 446
191 3 19 302
240 3 7 302
250 4 37 101
262 3 55 346
283 3 1 346
288 3 13 126
3 30 23 34
21 30 17 34
32 30 37 34
41 30 29 34
42 30 43 34
52 30 53 34
54 30 35 34
57 30 5 34
58 30 7 15
60 30 59 34
62 30 41 102
63 30 5 102
66 30 29 102
83 30 35 102
84 30 11 34
87 30 17 102
97 30 11 102
98 30 19 102
141 30 59 102
159 30 47 102
162 30 23 405
166 30 53 102
178 30 29 405
181 30 7 405
182 30 35 405
186 30 13 405
192 30 37 405
195 30 47 405
198 30 17 82
204 30 11 82
206 30 29 82
221 30 35 82
230 30 59 405
236 30 25 50
246 30 5 82
287 30 23 82
288 30 5 144
289 30 41 82
296 30 47 82
Điểm tối ưu: 4361
Thời gian: 0.902907 giây
Trạng thái: GREEDY_DONE
