189
1 3 1 18
1 5 7 10
1 9 13 16
1 10 19 3
1 11 25 14
2 3 7 18
2 5 1 10
2 9 19 16
2 10 13 3
2 11 31 14
3 3 13 18
3 5 19 10
3 9 1 16
3 10 7 3
3 11 37 14
4 3 19 18
4 5 13 10
4 9 7 16
4 10 1 3
4 11 43 14
5 3 25 18
5 5 31 10
5 9 37 16
5 10 43 3
5 11 1 14
6 3 31 18
6 5 25 10
6 9 43 16
6 10 37 3
6 11 7 14
7 3 37 18
7 5 43 10
7 9 25 16
7 10 31 3
7 11 13 14
8 3 43 18
8 5 37 10
8 9 31 16
8 10 25 3
8 11 19 14
9 3 49 18
9 5 55 10
10 3 55 18
10 5 49 10
11 9 49 16
11 10 55 3
12 9 55 16
12 10 49 3
13 11 49 14
14 11 55 14
1 7 31 11
1 15 34 2
2 7 25 11
2 15 28 2
3 7 28 11
3 15 25 2
4 7 34 11
4 15 31 2
5 7 7 11
5 15 10 2
6 7 1 11
6 15 4 2
7 7 4 11
7 15 1 2
8 7 10 11
8 15 7 2
9 7 13 11
9 15 16 2
10 7 16 11
10 15 13 2
11 7 19 11
11 15 22 2
12 7 22 11
12 15 19 2
13 7 37 11
13 15 40 2
14 7 40 11
14 15 37 2
15 7 43 11
15 15 46 2
16 7 46 11
16 15 43 2
17 7 49 11
17 15 52 2
18 7 52 11
18 15 49 2
1 1 55 11
1 2 5 4
1 4 11 9
1 8 17 3
1 12 23 3
1 14 29 15
2 1 57 11
2 2 11 4
2 4 5 9
2 8 35 3
2 12 41 3
2 14 17 15
3 1 59 11
3 2 17 4
3 4 23 9
3 8 5 3
3 12 11 3
3 14 31 15
4 2 23 4
4 4 17 9
4 8 29 3
4 12 47 3
4 14 5 15
5 2 13 4
5 4 15 9
5 8 53 3
5 12 59 3
5 14 19 15
6 2 15 4
6 4 13 9
6 14 11 15
7 2 7 4
7 4 9 9
7 14 21 15
8 2 1 4
8 4 3 9
8 14 13 15
9 2 3 4
9 4 1 9
9 14 7 15
10 2 9 4
10 4 7 9
10 14 1 15
11 2 25 4
11 4 27 9
11 14 3 15
12 2 27 4
12 4 25 9
12 14 9 15
13 2 19 4
13 4 21 9
13 14 15 15
14 2 21 4
14 4 19 9
14 14 23 15
15 2 29 4
15 4 31 9
15 14 25 15
16 2 31 4
16 4 29 9
16 14 27 15
17 2 33 4
17 4 35 9
17 14 37 15
18 2 35 4
18 4 33 9
18 14 39 15
1 13 37 5
2 13 23 5
3 13 33 5
4 13 11 5
5 13 5 5
6 13 17 5
7 13 19 5
8 13 15 5
9 13 9 5
10 13 3 5
11 13 1 5
12 13 7 5
13 13 13 5
14 13 25 5
15 13 21 5
16 13 35 5
17 13 27 5
18 13 29 5
1 6 39 1
2 6 37 1
3 6 35 1
4 6 25 1
5 6 17 1
6 6 19 1
7 6 11 1
8 6 5 1
9 6 21 1
10 6 23 1
11 6 7 1
12 6 1 1
13 6 3 1
14 6 9 1
15 6 13 1
16 6 15 1
17 6 29 1
18 6 27 1
Điểm tối ưu: 189
Thời gian: 0.009402 giây
Trạng thái: GREEDY_DONE
