1126
1 4 1 62
3 4 7 62
4 4 13 62
5 4 19 62
7 4 25 62
9 4 31 62
10 4 37 62
12 4 43 62
13 4 49 62
15 4 55 62
1 20 7 85
2 20 1 85
3 20 4 85
5 20 10 85
13 20 13 85
14 20 16 85
15 20 19 85
16 20 22 85
17 20 25 85
18 20 28 85
19 20 31 85
22 20 34 85
24 20 37 85
25 20 40 85
26 20 43 85
27 20 46 85
30 20 49 85
31 20 52 85
33 20 55 85
34 20 58 85
1 14 5 88
2 14 7 88
5 14 1 88
8 14 3 88
10 14 9 88
19 14 11 88
20 14 13 88
21 14 15 88
23 14 17 88
25 14 19 88
32 14 21 88
34 14 23 88
36 14 25 88
37 14 27 88
45 14 29 88
46 14 31 88
55 14 33 88
61 14 35 88
62 14 37 88
67 14 39 88
68 14 41 88
73 14 43 88
75 14 45 88
76 14 47 88
78 14 49 88
1 32 13 40
2 32 9 40
3 32 19 40
4 32 1 40
6 32 25 40
7 32 31 40
16 32 37 40
18 32 43 40
24 32 49 40
26 32 55 40
29 32 1 96
30 32 7 96
33 32 13 96
34 32 19 96
36 32 27 96
37 32 31 96
39 32 37 96
40 32 43 96
41 32 49 96
42 32 55 96
1 5 10 57
3 2 1 19
4 2 7 19
6 5 1 57
7 2 4 19
7 5 7 57
8 5 13 57
9 2 10 19
10 2 13 19
10 5 4 57
11 5 16 57
12 5 19 57
13 5 22 57
14 2 19 19
15 5 25 57
17 2 16 19
17 5 28 57
18 2 22 19
18 5 31 57
20 5 34 57
21 5 37 57
22 2 25 19
22 5 40 57
23 5 43 57
24 2 28 19
24 5 46 57
25 5 49 57
26 5 52 57
27 2 31 19
27 5 55 57
29 2 34 19
30 2 37 19
30 5 58 57
31 5 1 9
32 5 4 9
33 2 40 19
35 2 43 19
36 2 46 19
36 5 7 9
37 5 10 9
38 2 49 19
39 5 13 9
41 5 16 9
42 2 52 19
42 5 19 9
43 5 22 9
44 2 55 19
46 2 58 19
47 5 25 9
48 2 1 78
48 5 28 9
51 2 4 78
51 5 31 9
52 2 7 78
53 2 10 78
54 5 34 9
55 5 37 9
56 2 13 78
57 5 40 9
58 2 16 78
59 2 19 78
59 5 43 9
60 5 46 9
61 5 49 9
62 2 22 78
64 2 25 78
65 2 28 78
65 5 52 9
66 5 55 9
67 2 31 78
69 5 58 9
70 2 34 78
71 2 37 78
72 2 40 78
73 2 45 78
75 2 49 78
78 2 52 78
79 2 55 78
1 16 17 103
4 30 5 102
5 16 3 103
6 16 5 103
7 16 1 103
7 30 10 102
8 16 7 103
9 16 13 103
10 30 1 102
11 16 9 103
11 30 3 102
12 30 7 102
13 16 11 103
14 30 13 102
15 16 15 103
17 16 19 103
17 30 21 102
18 30 15 102
19 16 21 103
19 30 17 102
20 16 23 103
21 16 25 103
21 30 19 102
22 16 28 103
22 30 23 102
24 30 25 102
26 30 27 102
27 30 29 102
29 16 31 103
29 30 37 102
30 16 33 103
31 30 31 102
33 16 35 103
34 16 37 103
34 30 33 102
37 16 39 103
37 30 35 102
38 30 39 102
39 30 41 102
40 16 41 103
41 30 43 102
42 16 43 103
42 30 45 102
43 16 45 103
43 30 47 102
44 16 47 103
46 16 49 103
46 30 51 102
47 30 49 102
48 16 51 103
48 30 53 102
51 16 53 103
52 16 55 103
53 30 55 102
56 16 57 103
57 16 59 103
57 30 57 102
58 16 1 87
60 30 59 102
62 16 3 87
62 30 1 23
63 16 5 87
64 30 3 23
65 16 7 87
66 16 9 87
67 16 11 87
67 30 5 23
68 16 13 87
68 30 7 23
71 30 9 23
73 30 11 23
77 30 13 23
78 16 15 87
79 16 17 87
2 13 4 72
4 13 10 72
5 13 7 72
9 13 1 72
12 13 13 72
13 13 16 72
15 13 22 72
16 13 19 72
17 13 31 72
18 13 25 72
19 13 28 72
20 13 37 72
22 13 43 72
23 13 34 72
26 13 40 72
30 13 46 72
32 13 49 72
35 13 52 72
37 13 55 72
38 13 58 72
39 13 1 4
44 13 4 4
45 13 7 4
47 13 10 4
48 13 13 4
49 13 16 4
50 13 19 4
55 13 22 4
56 13 25 4
58 13 28 4
59 13 31 4
62 13 34 4
63 13 37 4
65 13 40 4
66 13 43 4
67 13 46 4
70 13 49 4
73 13 52 4
74 13 55 4
78 13 58 4
79 13 1 95
1 27 19 75
3 27 11 75
3 31 13 7
4 27 17 75
4 31 19 7
6 31 7 7
7 27 13 75
7 31 15 7
8 31 1 7
10 31 11 7
11 31 5 7
12 27 1 75
13 27 3 75
13 31 9 7
14 31 3 7
15 31 17 7
17 27 5 75
19 27 7 75
19 31 23 7
21 31 21 7
23 27 9 75
24 27 15 75
25 31 25 7
26 27 21 75
27 27 23 75
28 31 27 7
29 27 25 75
30 27 27 75
31 31 29 7
32 31 31 7
34 31 35 7
35 27 29 75
37 31 37 7
38 27 31 75
40 27 33 75
41 31 33 7
43 27 35 75
43 31 39 7
44 27 37 75
44 31 41 7
45 27 39 75
48 27 41 75
49 31 43 7
50 31 45 7
51 27 43 75
52 27 45 75
52 31 47 7
53 27 47 75
54 31 49 7
55 27 49 75
55 31 51 7
56 31 53 7
58 27 51 75
58 31 55 7
59 27 53 75
60 31 57 7
61 27 55 75
62 27 57 75
63 31 59 7
64 27 59 75
66 31 1 36
68 31 3 36
69 27 1 109
69 31 5 36
70 27 3 109
70 31 7 36
73 31 9 36
74 27 5 109
74 31 11 36
76 31 13 36
77 27 7 109
78 27 9 109
79 27 11 109
79 31 15 36
80 27 13 109
8 15 9 37
11 15 19 37
14 15 25 37
15 15 1 37
16 15 13 37
18 15 37 37
20 15 43 37
25 15 31 37
28 15 49 37
29 15 55 37
30 15 1 100
31 15 7 100
33 15 19 100
34 15 13 100
35 15 25 100
36 15 31 100
37 15 43 100
42 15 37 100
46 15 1 104
50 15 49 100
53 15 57 100
56 15 7 104
57 15 13 104
59 15 25 104
60 15 19 104
61 15 31 104
62 15 39 104
64 15 43 104
66 15 49 104
67 15 55 104
70 15 9 61
71 15 1 61
72 15 13 61
73 15 19 61
74 15 25 61
79 15 31 61
80 15 37 61
3 21 15 21
5 21 25 21
6 21 9 21
7 21 19 21
9 21 4 21
11 21 28 21
12 21 22 21
14 21 31 21
17 21 1 21
18 21 34 21
19 21 37 21
21 21 40 21
22 21 46 21
23 21 49 21
24 21 43 21
26 21 1 70
28 21 55 21
33 21 52 21
34 21 4 70
35 21 58 21
39 21 7 70
41 21 10 70
43 21 13 70
45 21 16 70
46 21 19 70
48 21 22 70
50 21 25 70
52 21 28 70
54 21 31 70
55 21 40 70
58 21 34 70
60 21 37 70
63 21 43 70
67 21 49 70
69 21 46 70
70 21 52 70
71 21 55 70
74 21 58 70
75 21 1 90
76 21 4 90
78 21 19 90
5 25 5 76
6 25 13 76
7 25 17 76
13 25 1 76
17 25 7 76
18 25 3 76
22 25 9 76
23 25 11 76
24 25 19 76
26 25 15 76
27 25 21 76
28 25 23 76
29 25 27 76
32 25 25 76
36 25 35 76
37 25 29 76
39 25 31 76
42 25 33 76
43 25 37 76
44 25 39 76
45 25 41 76
50 25 43 76
51 25 45 76
53 25 49 76
63 25 47 76
64 25 51 76
65 25 55 76
66 25 53 76
68 25 57 76
71 25 59 76
72 25 1 29
76 25 7 29
79 25 4 29
80 25 9 29
1 1 21 74
1 9 25 48
2 1 13 74
2 9 16 48
6 1 16 74
9 1 7 74
9 9 19 48
10 1 25 74
11 1 31 74
11 9 13 48
12 9 3 48
16 1 1 74
16 9 7 48
17 9 10 48
18 1 10 74
19 1 4 74
21 9 28 48
22 1 37 74
24 1 34 74
25 1 28 74
25 9 22 48
26 9 31 48
28 1 40 74
28 9 34 48
29 9 39 48
30 1 43 74
30 9 52 48
31 9 43 48
32 1 46 74
32 9 55 48
34 1 49 74
34 9 46 48
35 9 49 48
38 1 52 74
39 1 55 74
39 9 58 48
40 1 58 74
42 1 1 81
43 1 4 81
43 9 1 53
45 1 10 81
46 1 7 81
47 1 13 81
47 9 4 53
48 1 16 81
49 1 19 81
50 1 22 81
50 9 7 53
51 9 10 53
53 1 25 81
53 9 13 53
54 1 28 81
54 9 16 53
55 1 43 81
56 1 31 81
57 9 19 53
58 1 37 81
58 9 22 53
60 1 34 81
61 9 25 53
63 9 28 53
64 1 40 81
64 9 31 53
65 1 46 81
65 9 34 53
66 9 37 53
68 1 49 81
68 9 43 53
69 9 40 53
70 1 55 81
70 9 46 53
71 9 49 53
72 1 52 81
73 1 58 81
73 9 55 53
74 1 1 93
75 9 52 53
76 1 9 93
77 9 58 53
78 1 4 93
79 9 7 58
80 9 1 58
2 8 19 120
3 8 25 120
7 8 37 120
8 8 31 120
14 8 7 120
17 8 43 120
20 8 1 120
22 8 13 120
23 8 55 120
27 8 49 120
28 8 1 38
31 8 13 38
32 8 7 38
34 8 25 38
35 8 19 38
36 8 37 38
38 8 33 38
44 8 43 38
46 8 13 1
47 8 51 38
48 8 55 38
50 8 1 1
51 8 19 1
56 8 37 1
60 8 7 1
61 8 43 1
62 8 25 1
63 8 31 1
65 8 57 1
67 8 1 5
70 8 13 5
71 8 19 5
72 8 7 5
74 8 49 1
77 8 25 5
79 8 37 5
1 23 28 106
2 23 25 106
5 23 13 106
6 23 19 106
8 23 16 106
9 23 22 106
12 23 9 106
13 23 31 106
14 23 34 106
15 23 37 106
19 23 1 106
20 23 40 106
24 23 4 106
26 23 46 106
28 23 43 106
30 23 55 106
32 23 52 106
33 23 49 106
36 23 58 106
40 23 1 101
42 23 4 101
44 23 7 101
45 23 13 101
49 23 10 101
50 23 16 101
53 23 19 101
55 23 25 101
58 23 31 101
59 23 22 101
61 23 28 101
63 23 40 101
65 23 37 101
68 23 34 101
69 23 43 101
73 23 49 101
75 23 55 101
77 23 46 101
78 23 1 69
80 23 52 101
2 11 23 73
2 17 28 115
3 11 29 73
3 17 23 115
4 11 21 73
8 11 5 73
9 17 15 115
10 11 7 73
10 17 17 115
11 17 1 115
12 11 16 73
13 11 19 73
15 17 5 115
19 11 9 73
20 11 11 73
22 11 1 73
23 11 3 73
24 11 13 73
24 17 7 115
25 11 35 73
25 17 3 115
26 11 25 73
27 11 27 73
27 17 9 115
29 11 43 73
31 11 33 73
31 17 11 115
33 11 31 73
35 11 37 73
36 11 41 73
38 11 45 73
38 17 13 115
39 11 47 73
39 17 19 115
40 17 21 115
41 11 39 73
42 17 25 115
43 17 31 115
46 17 33 115
48 11 49 73
49 17 35 115
51 11 51 73
52 11 53 73
52 17 37 115
53 17 39 115
54 11 55 73
55 17 46 115
56 11 59 73
57 17 43 115
59 17 41 115
60 11 1 13
60 17 49 115
61 11 57 73
62 17 51 115
63 17 53 115
66 11 3 13
66 17 58 115
68 17 55 115
69 17 3 66
70 11 5 13
71 11 7 13
72 17 5 66
73 17 1 66
75 11 9 13
75 17 7 66
76 17 15 66
77 17 9 66
79 17 13 66
80 11 11 13
80 17 17 66
2 19 31 11
3 19 37 11
4 19 25 11
5 19 43 11
8 19 19 11
14 19 49 11
16 19 55 11
18 19 49 33
20 19 7 11
21 19 1 11
23 19 13 11
25 19 7 33
29 19 13 33
33 19 1 33
35 19 31 33
37 19 19 33
38 19 25 33
39 19 43 33
40 19 37 33
41 19 55 33
42 19 7 55
43 19 25 55
44 19 13 55
46 19 37 55
48 19 31 55
51 19 55 55
52 19 1 55
53 19 43 55
56 19 19 55
57 19 49 55
58 19 3 68
67 19 7 68
69 19 13 68
70 19 19 68
71 19 25 68
75 19 31 68
76 19 37 68
77 19 49 68
1 24 31 30
4 24 23 30
5 24 16 30
8 24 25 30
10 24 19 30
11 24 7 30
14 24 1 30
15 24 9 30
17 24 13 30
19 24 34 30
20 24 5 30
21 24 11 30
23 24 21 30
27 24 3 30
28 24 29 30
32 24 27 30
34 24 39 30
40 24 47 30
41 24 37 30
43 24 41 30
44 24 49 30
45 24 43 30
46 24 45 30
47 24 55 30
54 24 51 30
64 24 53 30
66 24 5 119
67 24 59 30
72 24 57 30
76 24 1 119
78 24 7 119
2 12 37 45
2 18 40 36
3 18 31 36
4 12 31 45
5 18 28 36
6 12 22 45
6 18 34 36
7 18 22 36
8 12 27 45
9 12 40 45
10 18 43 36
11 18 25 36
12 12 34 45
12 18 37 36
13 12 43 45
15 12 46 45
15 18 49 36
16 12 4 45
16 18 46 36
18 18 19 36
19 12 13 45
20 12 16 45
20 18 52 36
23 12 52 45
23 18 25 65
24 12 1 45
25 12 55 45
25 18 58 36
26 12 7 45
27 12 58 45
28 12 10 45
29 12 19 45
29 18 7 65
31 12 49 45
31 18 55 36
32 18 1 65
33 18 10 65
34 18 43 65
35 12 1 107
37 12 4 107
38 18 4 65
39 12 10 107
39 18 16 65
40 12 7 107
40 18 13 65
41 12 13 107
41 18 19 65
44 18 22 65
45 12 19 107
47 12 16 107
47 18 28 65
48 12 25 107
49 12 22 107
50 12 28 107
51 18 34 65
52 18 31 65
53 12 31 107
54 12 37 107
55 18 55 65
58 12 40 107
59 12 34 107
59 18 37 65
60 12 43 107
61 12 52 107
61 18 40 65
63 12 49 107
64 12 55 107
65 12 1 22
66 12 46 107
66 18 13 29
68 18 46 65
69 12 7 22
71 12 13 22
72 12 19 22
75 18 58 65
76 12 58 107
77 12 4 22
77 18 16 29
78 12 22 22
79 12 25 22
80 12 28 22
80 18 49 65
1 6 33 67
1 10 35 52
3 10 41 52
4 6 29 67
5 10 23 52
6 10 29 52
8 6 23 67
8 10 37 52
9 7 17 24
9 10 25 52
10 7 21 24
10 10 31 52
11 6 11 67
12 10 27 52
13 6 5 67
14 6 37 67
15 7 7 24
15 10 11 52
16 6 17 67
16 10 33 52
17 6 35 67
20 6 19 67
21 6 7 67
21 10 5 52
22 6 3 67
23 6 1 67
25 10 1 52
26 6 13 67
27 7 1 24
28 10 7 52
29 10 17 52
30 6 15 67
30 7 5 24
32 7 11 24
33 6 25 67
33 10 43 52
35 6 9 67
35 10 13 52
36 7 3 24
37 7 13 24
38 10 9 52
40 6 27 67
40 7 19 24
40 10 49 52
41 6 31 67
41 7 23 24
41 10 3 52
42 6 41 67
42 10 15 52
43 10 19 52
44 6 51 67
44 10 53 52
46 6 43 67
46 7 25 24
47 10 21 52
48 6 39 67
49 6 45 67
49 7 27 24
49 10 39 52
50 6 47 67
50 10 55 52
52 10 51 52
53 7 29 24
53 10 16 13
54 6 21 67
54 7 9 24
54 10 45 52
55 6 53 67
55 10 58 52
56 6 49 67
56 7 34 24
57 6 55 67
57 7 31 24
57 10 47 52
58 6 57 67
58 7 43 24
58 10 13 13
59 7 15 24
59 10 29 13
60 6 11 22
60 7 40 24
60 10 23 13
61 7 37 24
61 10 19 13
62 7 45 24
62 10 31 13
63 6 16 22
63 10 21 13
64 6 34 22
64 10 37 13
67 6 37 22
67 7 52 24
68 10 25 13
69 6 31 22
69 10 27 13
70 6 59 67
71 7 47 24
72 10 33 13
73 10 35 13
74 7 7 59
74 10 39 13
75 7 4 59
75 10 41 13
76 10 43 13
77 6 39 22
78 7 55 24
78 10 45 13
79 10 47 13
80 6 41 22
80 10 55 13
3 28 43 49
5 28 31 49
6 28 37 49
13 28 25 49
14 28 55 49
15 28 31 80
16 28 49 49
17 28 37 80
18 28 55 80
21 28 43 80
25 28 13 49
27 28 13 80
30 28 19 49
32 28 13 118
35 28 39 118
36 28 19 80
37 28 49 80
47 28 31 118
50 28 57 118
52 28 19 118
55 28 1 49
56 28 1 80
59 28 7 49
62 28 7 80
65 28 9 118
72 28 25 80
73 28 3 118
75 28 25 118
77 28 19 14
79 28 43 118
1 26 37 39
2 22 35 3
4 22 37 3
4 26 34 39
5 22 39 3
6 22 31 3
6 26 41 39
7 26 29 39
9 22 27 3
9 26 43 39
10 22 23 3
11 26 23 39
12 22 25 3
12 26 31 39
13 22 7 3
14 22 5 3
16 22 10 3
18 22 1 3
19 22 19 3
19 26 25 39
20 26 21 39
21 22 13 3
21 26 9 39
22 26 5 39
23 22 29 3
24 22 17 3
24 26 11 39
25 26 17 39
28 26 13 39
29 26 45 39
30 26 11 97
31 22 21 3
32 22 33 3
33 26 7 39
34 22 41 3
36 22 15 3
37 26 1 39
38 22 43 3
38 26 15 39
44 26 19 39
45 22 3 3
45 26 27 39
47 26 39 39
48 22 45 3
49 22 47 3
49 26 3 39
50 22 53 3
51 22 49 3
52 26 49 39
54 22 57 3
56 26 47 39
57 22 25 45
57 26 53 39
59 26 51 39
60 26 55 39
61 22 59 3
62 22 55 3
64 26 1 97
66 22 7 63
67 22 13 63
67 26 15 97
68 22 1 63
68 26 59 39
69 22 51 3
69 26 17 97
70 22 17 63
71 22 5 63
72 22 3 63
72 26 22 97
73 22 15 63
74 22 9 63
74 26 13 97
76 26 19 97
78 22 11 63
80 22 19 63
80 26 57 39
1 29 39 27
2 29 43 27
3 29 34 27
4 29 46 27
7 29 49 27
8 29 52 27
9 29 55 27
11 29 58 27
14 29 22 27
16 29 25 27
18 29 7 27
22 29 19 27
23 29 31 27
27 29 34 79
28 29 15 27
31 29 4 27
33 29 28 27
36 29 10 27
39 29 4 79
42 29 22 79
43 29 7 79
45 29 31 79
47 29 1 27
48 29 10 79
49 29 13 79
50 29 37 79
51 29 1 79
52 29 16 79
53 29 51 79
54 29 25 79
57 29 28 79
62 29 19 79
63 29 55 79
64 29 7 12
65 29 43 79
66 29 40 79
69 29 10 12
70 29 25 12
71 29 16 12
72 29 46 79
73 29 28 12
75 29 13 12
76 29 21 12
5 3 35 32
6 3 43 32
7 3 41 32
8 3 39 32
10 3 28 32
11 3 37 32
12 3 47 32
13 3 53 32
14 3 11 32
20 3 25 32
26 3 4 32
27 3 7 32
28 3 19 32
29 3 22 32
31 3 17 32
33 3 33 32
35 3 15 32
38 3 1 32
40 3 31 32
41 3 45 32
45 3 49 32
47 3 57 32
51 3 13 32
52 3 59 32
55 3 9 32
56 3 51 32
59 3 55 32
62 3 29 63
64 3 21 63
68 3 23 63
72 3 31 63
77 3 33 63
78 3 25 63
79 3 35 63
Điểm tối ưu: 1126
Thời gian: 0.070942 giây
Trạng thái: GREEDY_DONE
