2404
1 112 1 87
4 86 1 48
5 86 7 48
6 5 7 87
8 5 13 87
12 112 19 87
15 112 25 87
15 86 13 48
16 86 19 48
17 5 31 87
17 86 25 48
17 112 37 87
18 86 31 48
19 112 43 87
22 86 37 48
25 112 49 87
26 5 55 87
28 86 43 48
35 86 49 48
52 86 55 48
2 85 1 102
4 35 7 9
7 20 1 126
8 129 1 91
9 35 1 9
12 129 4 91
14 20 4 126
14 85 7 102
19 20 7 126
24 129 7 91
25 20 10 126
25 35 4 9
28 35 10 9
32 85 4 102
38 20 13 126
39 129 10 91
40 85 10 102
41 20 16 126
42 35 13 9
42 85 16 102
43 20 19 126
44 129 13 91
46 129 16 91
46 35 19 9
49 35 16 9
51 20 22 126
51 85 13 102
52 20 25 126
54 129 19 91
54 35 22 9
56 20 28 126
59 35 25 9
59 85 19 102
60 35 28 9
62 129 22 91
64 85 22 102
65 35 31 9
67 85 25 102
69 20 31 126
70 129 25 91
73 20 34 126
77 129 28 91
78 85 28 102
79 20 37 126
80 129 31 91
83 35 34 9
90 35 37 9
91 20 40 126
93 35 40 9
93 85 31 102
95 20 43 126
95 35 46 9
97 129 34 91
97 20 46 126
98 129 37 91
98 20 49 126
101 20 52 126
103 85 34 102
108 35 43 9
108 20 55 126
108 85 37 102
109 20 58 126
109 85 40 102
114 129 40 91
115 85 43 102
116 129 43 91
116 85 46 102
120 85 49 102
124 129 46 91
125 35 49 9
126 85 52 102
128 129 49 91
129 129 52 91
129 85 55 102
130 129 55 91
134 85 58 102
138 129 58 91
138 35 52 9
142 35 55 9
1 80 5 10
2 6 4 6
4 80 10 10
6 98 1 18
9 23 4 45
10 66 1 73
11 23 1 45
11 98 3 18
13 13 1 74
13 80 3 10
14 13 10 74
14 66 13 73
14 98 15 18
15 23 7 45
17 98 5 18
19 6 1 6
20 23 9 45
20 98 7 18
21 6 7 6
21 98 9 18
22 13 3 74
23 66 3 73
24 13 5 74
24 80 1 10
24 23 11 45
25 80 7 10
26 98 11 18
26 6 9 6
27 66 5 73
29 6 11 6
31 80 13 10
31 98 17 18
32 6 13 6
32 13 7 74
32 23 15 45
36 6 15 6
36 23 13 45
36 98 19 18
39 98 13 18
43 13 13 74
44 13 16 74
44 23 19 45
46 98 22 18
47 13 19 74
49 66 7 73
51 66 9 73
52 23 17 45
54 98 25 18
56 6 17 6
56 66 11 73
58 23 21 45
58 80 15 10
59 98 28 18
60 80 17 10
62 80 19 10
64 6 19 6
65 23 23 45
66 80 21 10
67 23 28 45
68 98 31 18
70 80 23 10
71 13 21 74
74 23 25 45
76 6 21 6
78 80 25 10
80 13 23 74
81 23 31 45
81 80 27 10
82 6 23 6
82 13 25 74
82 98 33 18
83 66 15 73
85 13 27 74
85 23 33 45
86 98 35 18
86 80 29 10
86 23 37 45
87 13 29 74
88 13 31 74
89 23 35 45
90 80 31 10
91 6 25 6
92 6 27 6
92 23 39 45
95 6 29 6
95 66 17 73
96 66 19 73
98 6 31 6
98 13 33 74
99 66 21 73
100 6 33 6
101 6 35 6
101 66 23 73
101 98 37 18
103 13 37 74
103 98 39 18
104 98 41 18
105 66 25 73
105 80 33 10
113 6 37 6
114 6 43 6
114 13 35 74
114 23 45 45
116 23 41 45
117 6 39 6
118 13 39 74
118 66 27 73
120 66 29 73
120 98 43 18
121 6 41 6
121 23 43 45
121 80 35 10
123 13 41 74
125 23 47 45
126 66 31 73
126 80 37 10
128 98 45 18
129 98 47 18
133 66 33 73
134 6 45 6
135 80 39 10
137 6 47 6
138 80 41 10
138 98 49 18
139 98 51 18
139 6 49 6
140 66 35 73
141 6 51 6
144 98 53 18
2 17 7 5
2 99 13 42
3 130 1 43
5 99 1 42
5 3 13 33
5 17 19 5
6 3 3 33
6 17 13 5
7 3 7 33
7 91 13 127
8 99 7 42
9 3 19 33
9 130 7 43
9 91 25 127
10 91 3 127
11 17 25 5
12 91 7 127
14 99 19 42
18 17 1 5
21 3 25 33
22 99 25 42
22 44 7 23
26 44 1 23
26 17 31 5
27 91 19 127
28 99 31 42
29 99 37 42
30 3 31 33
33 91 31 127
34 91 37 127
36 3 37 33
36 44 21 23
37 130 13 43
37 3 43 33
37 99 49 42
37 44 25 23
39 3 49 33
40 130 19 43
41 91 43 127
43 17 37 5
44 130 25 43
44 3 55 33
44 44 31 23
45 99 43 42
47 91 49 127
48 44 13 23
50 99 55 42
50 17 43 5
54 17 49 5
55 99 37 73
56 17 55 5
57 3 43 74
58 17 1 57
59 44 37 23
64 3 49 74
64 99 43 73
66 17 7 57
66 91 55 127
67 91 1 131
68 3 55 74
68 17 13 57
69 91 7 131
71 17 25 57
73 44 43 23
73 91 13 131
76 130 31 43
77 91 19 131
78 44 49 23
81 99 49 73
82 44 55 23
82 91 27 131
83 130 37 43
85 99 55 73
86 91 31 131
89 44 1 34
94 17 19 57
96 130 43 43
96 17 31 57
97 44 7 34
101 17 39 57
102 91 37 131
103 91 43 131
104 17 43 57
109 44 13 34
109 17 49 57
110 91 49 131
113 91 55 131
117 44 19 34
121 44 25 34
132 130 49 43
133 17 55 57
134 44 31 34
135 130 55 43
136 44 37 34
138 44 43 34
139 130 1 103
140 44 49 34
143 44 55 34
2 14 19 29
3 119 7 55
4 119 13 55
6 43 19 71
7 14 4 29
9 119 16 55
14 119 1 55
15 14 1 29
17 14 7 29
19 119 4 55
20 119 19 55
22 43 13 71
24 14 13 29
26 43 16 71
29 14 16 29
31 14 10 29
32 43 1 71
32 119 10 55
35 43 4 71
36 119 25 55
37 14 22 29
44 43 7 71
46 119 28 55
47 14 25 29
47 43 10 71
48 43 22 71
60 14 31 29
60 43 25 71
62 43 28 71
74 119 22 55
77 14 34 29
79 43 31 71
79 119 34 55
83 119 31 55
85 14 37 29
86 43 39 71
86 119 43 55
88 43 34 71
89 119 37 55
91 14 28 29
91 43 43 71
93 14 43 29
93 43 46 71
96 14 40 29
97 119 40 55
99 119 46 55
101 119 49 55
105 43 49 71
106 14 46 29
110 119 55 55
117 43 52 71
119 119 52 55
120 14 52 29
123 43 55 71
123 119 58 55
128 43 58 71
130 119 1 98
131 43 1 109
132 14 55 29
134 14 49 29
135 43 4 109
138 119 4 98
139 119 7 98
144 119 10 98
2 27 58 29
2 71 11 103
10 27 11 33
11 27 17 33
11 71 5 103
21 27 1 33
21 71 13 103
32 27 23 33
34 27 29 33
38 27 35 33
40 71 7 103
46 71 9 103
47 71 15 103
51 71 17 103
56 71 19 103
57 27 41 33
59 27 47 33
60 71 21 103
62 27 53 33
68 71 23 103
76 71 25 103
76 27 59 33
80 71 27 103
94 71 29 103
119 71 31 103
125 71 33 103
135 71 35 103
141 71 37 103
145 71 39 103
1 123 7 12
3 123 13 12
5 123 25 12
10 125 19 12
16 125 1 12
22 123 31 12
24 123 37 12
26 15 43 10
26 125 49 12
27 125 43 12
30 123 55 12
31 15 49 10
34 15 55 10
34 125 1 60
35 15 7 16
35 125 13 60
36 15 1 16
38 125 7 60
41 15 19 16
42 15 25 16
45 15 13 16
49 15 31 16
49 125 19 60
51 15 37 16
53 125 25 60
57 125 31 60
61 15 43 16
64 123 1 40
66 125 37 60
69 15 49 16
69 125 43 60
72 123 7 40
72 125 49 60
74 15 55 16
75 123 13 40
76 125 55 60
79 125 1 76
79 123 19 40
88 123 25 40
88 125 7 76
92 123 31 40
93 125 13 76
95 15 1 26
98 123 43 40
99 15 7 26
99 123 37 40
100 123 49 40
102 125 19 76
108 15 13 26
111 15 19 26
111 125 25 76
113 125 31 76
116 125 37 76
118 125 43 76
119 125 55 76
122 15 25 26
123 15 31 26
125 123 55 40
132 15 37 26
133 125 49 76
137 15 43 26
138 15 7 50
2 92 22 25
4 36 49 45
6 32 22 41
12 32 1 41
18 36 52 45
22 36 55 45
28 32 4 41
30 32 7 41
30 92 1 25
34 36 7 100
34 92 10 25
36 92 7 25
37 32 10 41
40 36 58 45
43 36 1 100
46 32 13 41
47 36 4 100
47 92 28 25
51 32 19 41
52 32 28 41
54 32 16 41
66 92 4 25
75 92 19 25
77 92 13 25
81 92 16 25
82 92 37 25
85 36 10 100
86 36 13 100
87 36 16 100
90 92 25 25
91 32 31 41
92 92 43 25
94 92 31 25
95 92 34 25
97 92 49 25
98 32 25 41
100 92 40 25
101 36 19 100
103 92 52 25
105 92 46 25
109 92 55 25
110 92 58 25
112 36 22 100
114 32 37 41
114 92 1 80
117 36 25 100
118 36 31 100
119 32 34 41
121 32 45 41
122 32 40 41
122 92 4 80
123 32 49 41
125 32 52 41
126 36 28 100
129 92 7 80
130 36 34 100
131 92 10 80
133 36 37 100
135 36 43 100
138 32 55 41
138 92 13 80
140 32 58 41
141 32 1 49
141 36 40 100
141 92 16 80
142 92 19 80
143 36 46 100
1 2 11 32
6 2 17 32
9 2 13 32
11 2 7 32
15 40 4 15
18 90 5 35
19 2 15 32
22 40 1 15
23 40 7 15
30 2 4 32
31 40 15 15
33 2 1 32
34 2 19 32
34 40 13 15
39 7 1 3
39 40 17 15
40 7 3 3
41 90 1 35
42 2 9 32
42 40 11 15
43 2 22 32
45 7 5 3
45 40 9 15
47 2 31 32
47 90 7 35
48 90 3 35
49 7 9 3
50 40 19 15
54 2 27 32
55 40 21 15
60 40 23 15
66 40 25 15
66 90 11 35
67 40 31 15
72 90 13 35
73 90 9 35
80 40 29 15
81 2 25 32
81 90 19 35
84 2 29 32
85 90 15 35
88 2 37 32
89 40 27 15
91 2 34 32
91 90 17 35
92 7 7 3
92 40 35 15
93 2 49 32
93 40 37 15
94 90 23 35
95 40 39 15
98 7 11 3
99 2 41 32
100 90 21 35
101 2 43 32
104 7 13 3
104 90 25 35
105 2 39 32
109 90 27 35
110 90 29 35
112 7 15 3
114 90 31 35
115 90 33 35
118 2 47 32
118 90 35 35
120 2 45 32
120 90 37 35
121 7 17 3
121 40 33 15
121 90 39 35
123 2 52 32
124 7 19 3
131 40 41 15
133 7 21 3
133 40 43 15
134 2 55 32
135 90 41 35
138 7 23 3
139 90 43 35
140 40 45 15
144 90 45 35
2 103 25 19
15 111 55 6
16 103 7 19
20 103 1 19
21 111 3 21
29 111 7 21
31 103 19 19
33 103 13 19
38 103 31 19
43 103 43 19
44 111 21 21
45 111 25 21
52 103 37 19
71 111 13 21
73 103 49 19
74 111 31 21
83 111 43 21
87 111 37 21
91 111 49 21
94 111 55 21
108 111 1 22
111 103 55 19
114 111 7 22
116 111 13 22
118 103 1 30
122 111 19 22
123 103 7 30
130 111 25 22
137 111 31 22
140 103 13 30
144 111 37 22
3 41 10 31
3 127 19 14
4 127 16 14
5 24 58 9
8 105 4 17
8 108 19 7
9 57 31 13
10 1 49 15
11 108 9 7
15 57 9 13
17 108 1 7
18 41 7 31
19 105 10 17
20 41 13 31
21 127 22 14
27 1 52 15
27 105 1 17
28 1 55 15
29 41 1 31
30 57 13 13
32 24 19 28
32 57 25 13
33 108 4 7
34 105 15 17
34 24 22 28
35 105 19 17
37 105 7 17
38 105 22 17
38 108 16 7
39 105 25 17
39 108 22 7
40 24 13 28
40 41 16 31
41 24 3 28
41 57 28 13
42 57 1 13
43 57 4 13
43 108 25 7
45 108 31 7
46 41 4 31
48 57 19 13
48 105 28 17
49 1 58 15
49 105 37 17
49 108 13 7
51 105 31 17
53 108 34 7
54 41 31 31
54 57 34 13
55 105 34 17
55 57 16 13
56 24 7 28
56 105 40 17
57 24 10 28
58 127 7 14
59 127 1 14
60 57 37 13
60 108 40 7
60 127 4 14
61 108 28 7
62 41 25 31
62 24 16 28
63 105 43 17
65 105 46 17
66 41 28 31
68 57 40 13
70 127 10 14
71 105 49 17
72 57 22 13
74 57 43 13
74 127 13 14
78 57 46 13
78 108 37 7
78 127 31 14
79 108 43 7
82 57 49 13
83 57 52 13
86 127 25 14
88 57 55 13
88 127 39 14
89 127 43 14
90 105 52 17
91 1 19 30
91 24 37 28
93 41 19 31
96 127 28 14
97 41 22 31
100 24 25 28
100 57 58 13
101 1 25 30
101 108 46 7
102 1 28 30
104 41 34 31
105 127 52 14
106 127 34 14
107 24 28 28
108 57 7 52
109 24 31 28
110 1 22 30
111 1 31 30
113 105 1 65
115 41 37 31
115 108 49 7
115 24 40 28
116 24 34 28
117 24 43 28
119 108 13 98
119 57 1 52
120 57 4 52
122 1 34 30
122 57 10 52
123 108 16 98
124 1 37 30
125 108 19 98
125 127 40 30
126 127 46 14
128 41 40 31
128 57 13 52
129 41 43 31
129 127 49 14
131 1 43 30
131 41 46 31
131 108 52 7
132 41 58 31
132 24 46 28
133 127 46 30
140 1 55 30
141 24 55 28
141 41 4 82
142 41 49 31
142 108 58 7
142 24 52 28
142 127 1 51
143 41 52 31
143 108 22 98
144 1 49 30
144 105 55 17
145 57 16 52
145 127 55 14
7 89 11 21
13 89 17 21
14 89 29 21
25 89 1 21
27 89 35 21
29 89 19 21
37 89 41 21
39 89 47 21
49 89 53 21
53 89 59 21
55 89 5 40
57 89 17 40
70 89 29 40
81 89 11 40
94 89 35 40
108 89 23 40
123 89 47 40
2 124 31 59
3 26 22 36
4 68 19 38
4 49 22 59
5 124 34 59
10 68 7 38
11 68 13 38
11 124 19 59
12 49 13 59
13 49 7 59
16 124 16 59
19 26 19 36
27 68 10 38
29 26 4 36
29 124 25 59
30 49 10 59
31 26 1 36
35 68 1 38
37 26 31 36
40 26 25 36
42 124 4 59
45 49 1 59
48 124 37 59
51 26 28 36
52 26 7 36
53 26 10 36
58 49 28 59
58 68 25 38
59 68 4 38
62 124 40 59
65 68 16 38
66 26 13 36
68 124 43 59
69 124 55 59
70 68 31 38
70 124 46 59
74 124 49 59
75 68 22 38
77 26 16 36
78 49 58 59
79 124 52 59
82 68 40 38
83 49 1 96
83 124 4 61
84 68 34 38
85 49 4 96
88 68 43 38
88 26 46 36
89 26 40 36
89 124 7 61
90 124 1 61
95 49 7 96
99 68 28 38
99 124 13 61
101 49 10 96
103 68 49 38
103 124 10 61
104 68 37 38
106 26 37 36
108 124 19 61
110 26 34 36
110 124 16 61
111 68 46 38
118 26 49 36
120 49 13 96
127 49 16 96
127 124 22 61
129 68 58 38
132 49 19 96
133 124 25 61
134 68 52 38
136 68 55 38
137 68 1 63
139 68 10 63
140 49 22 96
141 26 43 36
145 68 4 63
1 69 17 5
3 8 55 7
4 84 5 34
6 69 11 5
7 54 17 1
10 8 52 36
10 69 23 5
12 19 11 16
12 54 23 1
12 84 17 34
13 54 5 1
14 8 55 36
16 19 5 16
16 54 11 1
17 69 29 5
18 54 13 1
21 19 17 16
21 54 15 1
23 54 1 1
23 84 11 34
24 69 35 5
25 84 23 34
26 69 5 5
26 8 7 7
30 54 19 1
30 84 29 34
32 54 28 1
33 69 41 5
41 69 47 5
43 8 57 36
44 54 3 1
45 84 35 34
48 54 7 1
49 19 23 16
49 69 5 12
52 84 41 34
56 54 21 1
56 84 47 34
58 69 53 5
58 84 59 34
59 54 9 1
60 8 59 36
61 8 1 58
61 19 35 16
61 54 25 1
62 8 3 58
62 54 31 1
64 19 29 16
68 84 53 34
69 69 59 5
71 84 1 53
72 69 11 12
76 84 3 53
77 84 5 53
78 8 5 58
81 54 33 1
81 84 7 53
82 8 7 58
83 8 9 58
85 84 13 53
87 19 41 16
90 8 11 58
91 69 23 12
93 8 17 58
93 54 35 1
93 69 29 12
97 8 13 58
97 84 11 53
99 19 53 16
99 84 16 53
100 19 47 16
104 84 9 53
107 69 17 12
107 84 19 53
108 69 35 12
108 8 25 58
109 8 19 58
110 19 5 42
110 54 37 1
112 8 27 58
112 54 39 1
116 69 53 12
116 54 49 1
117 19 59 16
118 84 21 53
119 54 41 1
120 19 55 18
120 84 23 53
124 19 57 18
124 84 25 53
126 54 43 1
127 84 27 53
127 54 45 1
128 19 11 42
133 19 59 18
133 54 53 1
133 69 41 12
134 8 15 58
137 84 29 53
141 54 47 1
145 54 51 1
1 59 13 47
1 114 19 37
4 61 55 26
5 114 37 37
9 11 37 24
11 61 49 26
13 11 13 24
13 59 19 47
14 45 25 27
16 61 25 64
17 59 43 47
17 114 13 37
18 114 25 37
18 59 37 47
19 117 25 24
21 59 31 47
22 45 19 27
24 59 25 47
25 45 13 27
28 45 37 27
28 59 49 47
29 61 21 64
30 61 37 64
33 59 7 47
34 45 31 27
34 61 43 64
35 11 31 24
35 117 43 24
36 45 43 27
36 59 55 47
38 45 1 27
40 61 31 64
41 61 7 64
42 117 19 24
42 59 31 84
43 11 7 24
44 114 43 37
44 117 49 24
45 61 49 64
46 61 55 64
47 45 55 27
48 59 9 84
48 114 31 37
50 114 1 37
51 114 49 37
53 61 1 64
57 45 49 27
59 61 13 64
60 117 55 24
63 114 7 37
64 61 7 81
65 11 1 24
66 45 31 44
68 11 1 112
69 117 1 77
70 45 1 44
70 117 13 77
73 45 19 44
74 45 7 27
74 114 27 52
74 61 1 81
79 45 7 44
81 114 55 37
82 45 13 44
84 59 1 47
89 11 13 112
90 61 13 81
91 59 1 84
92 117 9 77
93 45 25 44
94 45 37 44
95 11 19 112
96 114 21 52
98 11 7 112
98 45 55 44
99 117 31 77
100 61 43 81
100 114 1 69
101 59 13 84
102 11 31 112
104 61 19 81
105 114 55 52
105 59 19 84
106 117 19 77
107 61 31 81
108 114 31 52
109 59 43 84
110 117 25 77
111 59 37 84
112 117 43 77
113 114 39 52
113 117 49 77
116 59 25 84
117 117 55 77
118 45 55 80
119 45 43 44
121 45 49 44
124 45 27 80
124 59 49 84
127 114 49 52
127 117 37 77
129 61 25 81
130 61 37 81
134 59 1 92
135 114 7 69
135 61 49 81
137 45 37 80
139 45 31 80
142 11 25 112
143 117 1 110
145 11 43 112
145 117 7 110
6 128 52 30
6 48 25 8
7 48 19 8
18 48 10 8
19 39 49 28
25 39 58 28
30 128 16 89
30 48 22 8
31 128 58 30
31 39 4 50
35 128 22 89
36 128 10 89
38 39 57 32
42 39 37 50
43 128 28 89
46 39 1 50
47 39 21 50
50 39 13 50
52 48 1 8
54 39 40 50
62 48 7 8
63 39 16 50
70 48 34 8
71 39 31 50
74 128 19 89
74 39 46 50
75 39 25 50
75 48 4 8
80 128 1 89
80 39 34 50
81 39 43 50
81 48 13 8
83 128 25 89
85 39 49 50
87 48 31 8
90 128 4 89
91 48 46 8
93 128 7 89
95 48 49 8
102 128 13 89
103 128 31 89
104 128 49 89
106 128 40 89
112 39 52 50
115 39 28 50
116 39 55 50
117 39 1 85
118 39 7 85
121 39 58 50
123 48 28 8
127 128 34 89
130 48 16 8
135 39 13 85
140 48 37 8
142 39 4 85
143 39 10 85
143 48 40 8
144 39 16 85
145 128 58 89
145 48 19 85
1 122 23 11
3 96 25 3
4 113 29 22
5 21 5 19
5 122 11 11
7 81 25 11
7 96 27 3
7 113 23 22
9 96 29 3
9 75 47 12
9 21 11 19
10 113 17 22
11 81 29 11
12 113 35 22
13 81 27 11
13 96 31 3
13 122 33 11
14 113 41 22
15 75 59 12
16 96 33 3
16 122 13 11
17 81 17 11
17 122 19 11
20 113 5 22
22 96 35 3
23 96 37 3
25 122 21 11
27 81 7 11
28 113 47 22
28 122 1 11
33 75 47 15
33 21 17 19
34 96 41 3
35 96 39 3
35 21 29 19
36 75 31 53
37 113 53 22
37 21 35 19
38 113 11 22
39 21 41 19
40 96 43 3
42 75 35 53
42 81 40 11
43 75 33 53
43 113 49 22
44 75 37 53
46 21 47 19
46 75 39 53
46 96 45 3
47 21 53 19
48 81 5 11
48 122 35 11
49 113 43 22
50 75 41 53
50 81 9 11
51 113 45 22
52 122 15 11
54 21 59 19
54 81 3 11
54 96 47 3
56 122 31 11
57 81 37 11
57 122 47 11
58 21 23 19
58 75 43 53
59 96 49 3
60 75 45 53
63 75 47 53
64 75 53 53
64 122 55 11
65 75 49 53
65 81 43 11
66 96 51 3
67 81 45 11
67 96 53 3
68 113 51 22
69 75 22 80
69 81 53 11
69 122 13 17
70 21 5 27
72 21 17 27
74 113 59 22
76 96 5 48
76 81 49 11
78 21 11 27
78 113 55 22
79 75 55 53
79 21 23 27
80 113 57 22
82 122 59 11
84 75 51 53
86 113 5 47
86 122 51 11
87 113 11 47
87 81 57 11
89 113 17 47
96 75 57 53
98 96 59 3
99 75 59 53
100 81 5 23
100 96 55 3
101 122 58 17
103 113 23 47
103 122 19 50
105 113 29 47
106 81 11 23
107 113 35 47
108 81 17 23
110 113 41 47
111 113 53 47
113 81 19 23
114 21 29 27
114 75 25 80
115 96 57 3
115 21 35 27
116 75 51 80
116 113 59 47
117 113 47 47
118 113 13 63
119 113 7 63
120 75 35 80
121 81 29 23
122 96 17 48
122 21 47 27
124 21 41 27
124 81 35 23
124 122 11 50
125 113 15 63
132 81 41 23
134 113 17 63
134 122 7 82
139 81 47 23
141 75 49 80
141 122 9 82
143 96 29 48
144 75 41 80
144 21 59 27
145 96 11 48
145 113 22 63
3 38 27 2
6 38 31 2
7 9 31 51
9 38 43 2
11 38 37 2
14 9 37 51
15 95 19 56
20 95 25 56
21 9 43 51
23 38 13 2
24 38 19 2
27 38 55 2
30 38 49 2
31 9 25 51
32 38 31 65
33 38 19 65
39 9 55 51
39 95 3 56
42 95 43 56
43 9 15 51
45 95 37 56
47 9 33 93
53 38 13 65
55 9 7 51
57 95 13 56
60 95 7 56
61 38 3 2
64 38 25 65
68 38 7 2
72 95 31 56
75 95 49 56
77 95 55 56
84 95 7 90
86 9 19 51
86 95 1 90
87 9 49 51
92 95 13 90
94 9 1 93
96 9 7 93
97 9 15 93
99 9 49 93
101 38 1 86
107 9 21 93
110 95 43 90
112 9 55 93
116 9 1 107
116 95 19 90
118 38 15 86
119 9 25 93
124 9 31 96
125 38 7 65
126 38 39 65
128 38 7 86
130 9 43 93
130 95 49 90
135 9 25 96
136 95 25 90
139 9 37 93
143 9 13 107
144 38 19 86
1 4 43 52
1 51 46 52
4 51 31 61
4 56 52 35
5 22 43 89
6 4 28 86
6 126 37 39
7 51 37 61
7 56 49 35
7 107 40 39
8 56 55 35
9 22 52 89
9 126 34 39
10 107 13 39
11 51 34 61
11 107 22 39
12 4 25 86
12 51 28 61
13 10 10 4
15 4 31 86
15 10 34 4
16 4 37 86
16 22 46 89
16 107 43 39
17 56 58 35
18 107 16 39
20 4 34 86
20 22 37 89
20 107 31 39
21 107 19 39
21 126 49 39
22 10 16 4
22 107 46 39
22 126 52 39
23 22 55 89
24 10 31 4
24 107 55 39
24 126 58 39
25 4 40 86
25 100 25 68
26 10 13 4
26 22 19 95
27 126 25 39
29 4 43 86
29 10 28 4
30 100 43 68
33 22 25 95
35 100 55 68
37 4 55 86
38 10 19 4
39 4 7 101
39 10 37 4
40 51 40 61
40 56 46 86
40 107 28 39
41 56 49 86
42 100 49 68
42 56 52 86
43 4 51 101
44 10 40 4
45 22 22 95
45 126 19 75
46 51 49 61
46 100 31 68
47 22 1 95
49 22 28 95
50 126 16 75
51 10 1 4
53 126 7 39
55 56 58 86
56 10 4 4
56 51 43 61
56 56 37 96
57 56 55 96
58 22 10 95
58 51 46 61
59 56 43 96
59 100 22 68
60 51 52 61
60 56 49 96
60 107 1 39
61 56 40 96
62 22 13 95
63 4 1 101
63 107 4 39
63 22 31 95
63 126 13 75
64 22 16 95
65 10 7 4
65 51 55 61
66 56 46 96
67 4 10 101
69 10 25 4
69 107 15 70
70 107 7 70
71 22 4 95
72 107 1 70
72 51 58 61
73 107 4 70
74 4 16 101
75 22 7 95
77 107 10 39
78 10 22 4
80 10 43 4
80 107 10 70
81 10 46 4
81 100 1 68
83 56 58 96
84 51 13 72
85 4 19 101
87 22 34 95
88 51 1 72
88 56 52 96
89 10 49 4
89 22 46 95
89 51 10 72
89 56 31 98
92 22 49 95
93 107 22 70
94 22 43 95
95 10 52 4
95 56 25 98
95 100 10 68
96 22 37 95
97 10 55 4
98 22 40 95
99 4 4 101
99 10 1 46
100 51 7 72
102 4 25 101
103 4 13 101
103 22 55 95
104 10 58 4
104 107 27 70
105 4 43 101
105 10 4 46
105 107 1 94
106 107 31 70
107 4 37 101
108 100 28 68
109 10 7 46
110 56 1 111
111 22 1 97
112 126 1 75
114 107 19 70
117 10 10 46
119 56 37 98
125 126 4 75
127 56 55 98
128 100 4 68
129 22 4 97
130 51 4 72
131 4 22 101
131 107 34 70
132 126 7 75
136 107 43 70
136 126 10 75
139 107 55 70
143 4 31 101
143 126 25 75
1 52 55 1
2 52 47 10
2 106 17 46
2 116 43 8
2 120 52 8
3 52 57 1
3 109 47 35
3 121 5 20
5 121 17 20
5 116 55 8
6 106 35 46
7 52 59 1
7 79 57 8
8 106 22 46
8 52 53 10
8 120 59 8
10 109 29 51
10 116 25 54
11 70 59 10
12 121 31 20
13 109 23 51
14 52 58 14
15 70 23 48
17 52 21 72
17 106 41 46
18 52 19 72
19 109 13 51
19 120 17 24
20 79 11 20
20 116 16 54
21 52 37 14
21 116 11 54
22 109 5 51
22 120 11 24
24 120 23 24
24 121 3 20
25 116 19 54
25 120 29 24
27 121 13 20
28 52 16 72
29 52 31 72
30 52 25 72
30 70 35 48
31 116 7 13
31 121 23 20
32 79 35 20
33 79 28 20
34 120 5 24
36 70 41 48
39 116 28 54
40 120 35 24
44 120 47 24
45 52 29 72
45 121 7 20
46 52 34 72
47 79 37 20
47 106 13 46
47 120 41 24
48 79 1 20
48 121 25 20
50 106 25 46
50 109 11 51
50 120 53 24
51 52 41 72
51 121 43 20
52 116 4 54
54 52 37 72
54 70 53 48
54 121 9 20
55 109 41 51
57 106 19 46
58 79 19 20
58 120 5 44
59 121 33 20
60 70 47 48
61 109 47 51
63 70 59 48
63 120 11 44
65 116 13 54
66 116 1 54
67 106 15 46
67 120 59 24
71 116 7 54
74 121 39 20
75 70 1 56
77 121 41 20
78 106 43 46
78 120 17 44
79 70 11 56
79 121 15 20
81 120 23 44
83 79 21 20
87 109 53 51
90 120 29 44
91 52 53 72
91 70 59 56
92 79 46 20
92 121 52 20
94 79 49 20
95 70 23 56
98 109 35 51
98 121 5 60
99 109 19 68
99 121 55 20
101 106 28 46
102 52 23 72
102 116 9 54
102 121 57 20
103 52 27 72
103 121 59 20
104 106 31 46
104 121 11 60
106 109 59 51
106 121 17 60
107 109 7 68
112 52 47 72
113 116 21 54
113 120 35 44
114 120 47 44
116 116 23 54
120 70 17 56
120 106 33 46
125 52 43 72
125 106 37 46
125 109 13 68
126 52 49 72
127 79 53 27
128 109 16 68
129 106 39 46
129 52 17 77
130 52 58 72
130 116 31 54
130 120 41 44
130 121 23 60
131 52 39 72
131 116 37 54
131 121 29 60
132 116 33 54
132 121 35 60
133 116 35 54
134 106 47 46
134 121 41 60
135 52 47 74
136 70 29 56
136 79 5 57
137 52 51 72
138 116 39 54
138 120 11 57
139 106 45 46
140 106 53 46
140 116 41 54
140 120 17 57
141 116 53 54
142 106 35 56
143 79 35 57
143 109 37 68
143 116 43 54
145 52 53 74
145 70 41 56
145 106 49 46
145 116 47 54
4 77 43 65
7 77 43 85
8 97 25 88
8 77 49 65
8 118 31 69
10 53 31 83
10 118 37 69
11 101 43 111
13 77 55 65
14 53 43 83
15 77 37 85
17 53 49 83
19 74 31 97
20 74 43 97
20 101 49 111
21 118 55 69
23 97 19 88
24 118 43 69
25 53 31 111
25 97 43 88
26 118 25 69
27 77 31 85
27 53 15 83
32 101 37 111
34 97 49 88
34 118 25 85
36 118 49 69
37 101 1 114
39 74 31 129
41 101 55 111
41 77 31 94
41 53 37 83
45 97 55 46
49 97 1 88
50 74 21 97
52 77 49 85
53 97 37 88
53 101 19 111
53 74 49 97
54 77 55 85
55 77 25 94
56 118 13 69
57 101 25 111
57 53 1 83
57 118 21 69
58 74 37 97
58 101 31 114
58 118 49 75
61 97 7 88
63 77 19 94
64 53 57 83
65 97 19 92
67 74 55 97
68 97 33 88
68 101 19 114
69 53 37 120
71 97 55 88
73 97 25 92
73 118 37 75
75 74 37 129
76 118 43 75
77 118 43 98
78 101 7 111
79 77 57 94
79 53 25 83
80 97 13 88
81 74 37 137
82 53 9 83
82 97 43 92
85 74 43 129
86 77 7 94
86 53 55 120
87 118 1 125
90 77 43 94
93 77 51 94
93 101 55 114
96 118 49 98
97 97 25 107
98 97 13 92
102 118 43 125
104 74 15 97
107 77 13 94
109 118 21 125
111 101 13 111
111 77 7 115
113 97 7 92
113 74 25 97
113 53 13 120
114 74 13 129
114 101 49 114
115 77 1 115
116 101 7 114
117 101 13 114
117 118 31 75
119 77 19 115
120 74 7 97
122 101 43 114
123 118 37 125
126 74 1 129
126 97 33 92
127 77 1 116
128 74 19 129
131 97 55 92
133 74 7 129
133 77 13 115
133 118 1 138
135 77 31 115
137 101 25 114
138 97 19 107
140 97 7 107
141 53 19 83
141 74 25 129
142 53 7 120
144 77 25 115
145 74 25 137
2 12 49 54
12 12 55 54
15 94 43 128
30 12 46 66
31 12 31 66
32 12 58 54
37 12 19 66
38 94 25 128
39 12 43 66
50 12 27 66
52 12 10 66
59 94 51 128
63 12 34 66
65 94 10 128
68 12 37 66
75 12 55 66
76 94 7 128
77 94 1 128
78 12 1 66
84 12 16 66
84 94 19 128
92 12 4 66
96 94 4 111
97 94 4 128
100 12 13 66
100 94 16 128
107 12 40 66
110 94 13 128
115 94 22 128
122 94 31 128
126 12 7 66
128 12 52 66
129 12 22 66
133 12 28 79
1 37 29 83
2 34 41 73
6 25 47 57
13 37 35 83
13 42 53 6
14 42 17 115
16 25 23 57
16 37 41 83
17 37 23 83
18 104 22 75
19 37 47 83
20 25 29 57
20 34 47 56
23 34 53 56
23 42 59 6
26 42 59 74
28 42 23 115
29 42 35 115
29 25 53 57
30 42 41 115
31 34 47 73
31 42 45 54
34 25 59 57
35 37 53 83
36 37 5 83
36 42 29 115
38 25 5 30
39 104 35 75
40 34 53 73
40 42 5 115
41 104 41 75
43 42 11 115
46 42 37 115
47 104 47 75
48 34 59 73
48 37 55 83
50 34 35 97
50 42 39 115
51 37 7 83
53 104 29 75
53 42 43 115
55 37 13 83
55 25 11 30
56 34 53 97
59 104 55 75
60 25 13 70
65 25 37 57
66 25 17 30
67 42 47 115
67 104 5 94
68 25 25 70
70 34 19 97
72 37 5 90
75 37 11 90
77 37 23 90
81 34 29 97
82 42 52 115
83 34 11 97
84 37 31 90
85 42 59 115
86 42 49 115
87 104 59 75
88 42 11 127
89 34 59 97
92 37 17 90
94 34 13 97
96 37 35 90
96 42 55 115
100 42 23 127
100 104 53 75
101 37 33 90
102 104 1 28
102 25 41 70
104 34 47 97
106 34 57 115
107 34 45 115
108 25 46 70
110 25 39 70
116 37 29 90
118 25 37 70
118 34 41 97
119 104 11 94
121 37 37 90
123 25 45 72
123 34 1 123
126 25 58 70
126 37 55 90
128 42 1 127
130 37 47 90
130 104 29 94
133 25 5 87
136 42 17 127
136 25 49 70
138 37 17 107
139 37 41 90
140 37 5 107
140 104 47 94
141 37 58 90
143 37 49 107
144 104 23 94
145 34 13 123
145 104 35 94
1 46 25 63
1 47 31 79
3 110 43 103
4 33 25 99
5 82 49 79
6 33 43 99
8 67 37 117
8 73 43 105
9 46 55 63
10 46 43 63
11 82 55 79
12 46 37 63
12 67 51 70
13 47 37 79
14 67 49 103
16 73 49 105
18 82 43 79
23 46 31 63
23 47 39 99
23 110 43 107
24 33 49 99
26 47 37 114
28 33 19 99
28 110 25 130
29 46 49 63
31 33 37 108
32 47 43 123
32 110 51 107
33 67 55 103
33 46 37 94
50 46 31 109
50 47 49 123
51 47 55 99
52 110 31 107
52 82 19 79
54 33 43 108
55 67 1 117
56 47 33 99
58 47 55 123
61 46 13 109
63 67 25 117
63 73 37 105
65 33 51 100
65 67 25 133
65 46 39 68
67 46 19 109
67 47 33 123
68 67 27 138
70 82 55 100
71 110 37 107
71 47 9 79
71 46 43 109
72 33 25 108
72 82 43 120
73 67 55 117
75 33 31 108
76 33 13 99
76 110 37 130
77 47 37 123
77 82 49 120
78 33 13 108
80 67 19 117
80 47 49 130
84 33 55 108
84 73 25 105
84 110 43 130
87 82 19 120
88 73 13 105
88 110 19 130
89 46 55 109
90 47 7 99
90 82 33 120
91 46 7 109
92 33 19 108
92 46 55 132
94 46 25 109
94 47 15 79
95 73 55 105
98 73 1 105
102 33 3 99
102 73 49 117
103 82 1 79
106 47 3 123
106 82 25 120
107 67 9 117
107 110 55 107
107 47 1 130
108 67 49 133
112 110 7 130
113 33 43 119
114 47 55 130
115 73 7 105
115 110 13 130
120 47 19 123
121 67 13 117
121 73 19 105
123 46 3 132
124 33 1 108
125 46 25 132
128 33 25 119
128 47 31 130
129 110 13 132
132 82 1 120
134 110 9 132
136 73 31 105
136 110 19 132
137 33 7 108
138 67 31 117
139 67 13 133
139 73 19 136
142 73 43 117
1 102 37 116
2 88 34 82
3 62 31 135
4 50 34 118
5 62 46 80
9 102 49 116
10 31 55 135
10 62 58 135
11 50 31 118
13 62 43 80
14 62 34 135
15 31 49 108
18 102 55 116
18 63 58 84
19 50 22 118
19 62 37 135
19 88 40 82
20 102 22 116
22 63 43 122
23 31 25 135
27 62 28 123
29 62 13 135
31 102 34 116
32 88 55 82
33 63 49 122
38 50 28 118
38 102 40 116
39 50 19 118
41 102 13 116
42 102 58 116
42 88 55 128
44 63 10 122
48 88 43 82
51 50 4 118
51 63 25 122
53 50 45 118
55 62 43 135
56 50 1 118
57 63 7 122
59 50 57 118
61 31 52 108
61 50 37 118
62 50 10 118
62 62 46 135
63 88 49 82
64 50 13 118
64 62 40 135
67 31 7 135
69 88 19 82
69 31 28 135
70 102 43 116
71 102 52 116
72 62 19 63
73 88 1 82
73 62 31 139
77 50 7 118
78 31 19 135
78 62 34 139
80 88 37 82
82 63 1 122
84 31 22 135
85 102 7 116
89 62 52 135
92 88 1 133
94 102 10 116
94 88 46 82
98 88 22 82
99 88 25 82
100 31 10 135
102 31 16 135
103 50 16 118
104 62 1 135
105 62 7 123
106 88 13 82
106 63 52 122
107 50 25 118
108 62 10 123
110 62 7 139
111 63 4 122
112 63 19 122
113 31 4 135
115 50 52 118
117 31 49 135
119 62 16 123
119 63 49 138
120 63 39 122
122 50 49 118
124 88 16 82
126 62 25 123
126 88 10 133
126 102 16 116
127 63 13 122
131 63 16 122
131 102 19 116
134 63 22 122
134 88 28 82
135 62 1 139
135 63 16 138
140 62 19 139
142 88 31 82
1 72 35 62
3 64 53 23
4 64 59 23
5 72 23 62
6 72 40 62
7 76 55 72
8 93 11 26
9 93 23 26
10 64 27 62
12 72 33 62
12 76 59 46
13 16 59 80
15 16 53 80
16 115 29 93
17 72 10 62
19 64 29 62
19 93 35 26
20 16 41 93
21 93 29 26
21 115 47 93
22 58 29 63
23 58 35 63
25 64 17 62
27 76 59 82
29 76 47 99
33 64 43 62
33 115 11 93
35 76 11 82
35 93 17 26
36 64 47 62
37 16 5 93
37 93 47 26
38 76 51 46
38 115 37 71
39 64 15 62
40 64 1 62
43 58 41 63
45 76 53 82
46 58 53 63
47 58 59 63
47 93 17 76
48 72 49 62
48 76 17 99
51 16 53 93
52 58 47 63
52 93 53 26
53 64 5 62
53 16 31 93
54 58 5 69
55 58 46 68
56 72 25 62
56 76 23 99
56 93 59 26
58 72 13 62
60 64 19 62
61 64 21 62
61 76 11 99
61 93 59 40
62 16 43 41
63 16 23 107
67 76 37 99
68 16 59 93
68 58 11 69
69 72 5 67
69 115 34 98
70 93 41 26
71 64 59 62
71 58 34 68
75 76 29 96
75 115 41 98
76 115 19 93
78 72 53 62
79 64 17 87
81 76 35 96
82 76 31 99
82 93 5 26
83 58 17 69
84 64 37 62
84 93 41 40
87 76 5 120
88 115 29 98
89 72 25 66
92 72 59 66
93 115 59 98
95 64 31 62
97 64 29 87
97 72 1 67
98 16 29 107
101 64 7 62
101 93 5 76
101 115 17 112
103 93 29 76
104 72 55 62
105 115 13 93
107 16 47 107
108 115 53 98
109 16 11 107
110 72 10 67
111 76 29 99
112 76 59 99
112 115 5 112
113 72 17 67
115 115 47 98
117 58 29 69
119 64 23 87
119 58 59 68
121 58 53 68
121 93 11 76
122 93 53 40
123 64 11 87
123 72 13 67
123 93 23 76
124 16 59 107
124 72 7 67
125 64 45 62
125 72 22 67
126 72 19 67
128 16 35 107
128 58 47 69
128 115 23 112
129 76 1 99
129 93 35 76
131 72 49 66
131 93 59 76
132 58 53 69
133 93 11 121
135 16 11 119
136 16 41 107
136 93 47 76
137 93 41 76
140 16 1 119
141 16 7 119
141 93 13 121
142 76 11 120
143 64 59 87
144 64 3 62
144 115 29 112
145 115 37 112
1 28 49 124
2 83 37 104
3 83 49 104
13 29 49 119
35 28 25 124
55 83 49 106
62 83 33 104
62 29 55 119
63 28 55 124
67 28 39 124
76 83 27 104
89 83 19 104
90 83 55 104
96 83 13 104
106 28 7 124
112 29 31 119
120 83 25 106
121 28 1 124
122 28 13 124
124 83 21 106
127 83 7 104
132 83 13 106
137 83 55 106
137 28 19 124
2 60 55 112
3 60 39 112
12 60 46 116
16 131 55 58
20 131 58 58
21 60 52 112
26 60 22 85
38 60 43 139
40 60 49 112
49 60 25 116
53 60 55 139
64 131 31 58
70 131 37 58
74 60 52 139
80 60 4 139
85 131 22 58
86 131 46 58
87 60 13 139
90 131 40 58
94 131 51 58
108 60 58 112
114 60 22 139
115 60 25 139
122 60 37 139
131 60 31 116
142 131 40 118
2 78 29 64
3 55 17 109
3 78 35 64
8 18 17 2
14 18 23 2
16 65 53 60
16 78 59 64
17 55 53 99
18 78 41 64
18 55 29 109
19 65 59 60
23 55 23 109
32 65 47 60
33 55 35 109
34 18 35 2
35 18 41 2
36 18 53 2
37 55 37 109
38 18 47 2
38 65 53 85
40 18 55 31
49 55 11 109
52 18 59 2
54 78 11 64
55 18 23 65
61 18 17 65
61 65 23 92
65 78 5 64
66 78 19 64
68 55 47 109
70 65 59 85
72 65 29 85
76 65 35 85
76 78 17 64
77 65 47 85
79 65 41 85
81 78 53 64
82 78 47 64
87 18 25 2
89 18 5 65
90 55 49 109
91 78 5 77
94 18 59 65
95 65 41 87
95 78 59 77
97 65 53 87
103 65 47 87
103 78 7 77
104 55 52 109
106 65 29 92
107 55 59 109
111 65 35 87
113 65 53 90
118 18 11 2
121 78 23 77
122 55 57 75
124 55 5 113
126 18 5 81
126 65 13 138
130 18 11 65
133 18 17 81
134 18 35 65
134 65 39 90
137 78 35 77
137 55 11 113
140 18 29 65
141 78 29 77
143 78 5 108
Điểm tối ưu: 2404
Thời gian: 0.580360 giây
Trạng thái: GREEDY_DONE
