786
1 23 1 25
3 27 1 27
3 40 7 13
4 23 7 25
4 27 13 27
5 23 13 25
5 30 1 2
5 40 19 13
6 40 1 13
6 27 7 27
6 30 13 2
7 30 7 2
8 23 19 25
9 40 13 13
9 23 25 25
9 30 19 2
10 23 31 25
10 27 19 27
10 30 25 2
11 27 25 27
11 30 31 2
12 40 25 13
12 27 31 27
13 23 37 25
13 27 43 27
14 23 43 25
14 30 37 2
15 23 49 25
15 27 37 27
16 40 31 13
17 30 43 2
18 40 37 13
19 40 43 13
19 27 49 27
20 40 49 13
20 23 55 25
21 27 55 27
21 30 49 2
23 30 55 2
24 40 55 13
1 6 7 17
2 6 1 17
6 6 19 17
8 6 4 17
10 6 10 17
14 6 13 17
16 6 16 17
17 6 22 17
18 6 25 17
20 6 28 17
21 6 31 17
23 6 34 17
25 6 37 17
31 6 40 17
37 6 43 17
39 6 46 17
40 6 49 17
43 6 52 17
49 6 55 17
50 6 58 17
1 1 5 36
1 13 10 45
2 8 4 29
2 13 7 45
3 13 5 45
4 13 1 45
5 8 7 29
5 13 17 45
7 8 1 29
7 13 3 45
8 1 1 36
9 8 9 29
10 1 3 36
10 8 13 29
11 8 11 29
11 13 13 45
12 8 15 29
13 8 17 29
16 1 7 36
16 13 19 45
17 1 9 36
18 8 19 29
19 8 21 29
21 8 23 29
22 13 15 45
23 8 25 29
23 13 21 45
24 8 27 29
25 8 29 29
26 8 31 29
27 1 11 36
27 8 33 29
28 1 13 36
30 8 35 29
31 1 15 36
31 13 23 45
32 8 37 29
33 1 17 36
33 8 39 29
35 1 19 36
37 1 21 36
38 1 23 36
38 13 25 45
39 13 27 45
40 8 41 29
40 13 29 45
41 1 25 36
41 8 43 29
41 13 31 45
43 8 45 29
45 1 27 36
46 1 29 36
46 13 33 45
47 1 31 36
47 13 35 45
48 8 47 29
48 13 37 45
50 1 33 36
50 13 39 45
51 8 49 29
52 8 51 29
1 28 13 5
4 28 3 5
9 28 31 5
10 28 37 5
11 28 7 5
13 28 19 5
17 28 25 5
18 28 43 5
19 28 55 5
21 28 1 53
23 28 49 5
26 28 7 53
29 28 13 53
33 28 19 53
35 28 25 53
37 28 31 53
38 28 37 53
41 28 45 53
45 28 49 53
46 28 55 53
1 37 55 29
1 12 19 14
2 37 58 29
3 37 13 42
4 12 22 14
5 12 9 14
6 12 25 14
9 12 1 14
11 37 1 42
12 37 4 42
12 12 37 14
13 12 4 14
15 37 7 42
16 37 10 42
17 37 16 42
18 12 13 14
19 37 25 42
20 37 19 42
20 12 16 14
21 37 28 42
23 12 28 14
23 37 31 42
24 12 31 14
24 37 22 42
25 12 34 14
25 37 40 42
26 12 40 14
27 12 43 14
28 12 46 14
30 12 49 14
31 12 52 14
32 12 55 14
32 37 34 42
34 37 37 42
34 12 58 14
36 37 43 42
36 12 1 18
37 12 4 18
38 37 46 42
38 12 7 18
39 12 10 18
40 37 52 42
43 12 13 18
44 12 16 18
45 37 55 42
45 12 19 18
46 37 49 42
46 12 22 18
47 12 25 18
47 37 58 42
1 20 17 32
2 20 9 32
3 20 11 32
4 19 11 10
4 31 17 6
6 19 5 10
6 20 22 32
6 31 11 6
7 31 5 6
8 20 7 32
9 31 7 6
10 31 1 6
11 20 4 32
11 31 15 6
12 31 9 6
13 20 1 32
15 19 1 10
15 20 13 32
15 31 3 6
16 20 25 32
16 31 13 6
17 19 3 10
17 20 19 32
17 31 29 6
19 19 7 10
19 20 15 32
20 20 31 32
20 31 22 6
22 31 19 6
23 19 9 10
24 20 29 32
25 20 27 32
26 19 13 10
26 31 25 6
27 20 35 32
28 19 15 10
28 20 33 32
30 19 17 10
32 19 19 10
32 20 39 32
32 31 27 6
34 20 41 32
35 19 21 10
35 20 37 32
36 20 46 32
37 20 49 32
39 19 23 10
39 20 43 32
39 31 31 6
40 31 33 6
41 19 27 10
41 31 35 6
42 19 25 10
42 20 51 32
42 31 37 6
43 19 29 10
43 31 39 6
44 19 31 10
45 20 53 32
46 19 35 10
46 20 59 32
47 20 55 32
49 31 41 6
50 31 43 6
51 31 45 6
52 31 47 6
1 33 22 19
1 29 25 7
2 14 13 4
2 25 16 41
2 33 19 19
3 25 19 41
3 33 16 19
4 25 25 41
4 29 19 7
4 33 28 19
5 29 28 7
6 33 31 19
7 25 13 41
7 29 16 7
7 33 25 19
8 25 9 41
8 33 13 19
9 33 4 19
9 29 37 7
11 25 22 41
11 29 40 7
12 33 1 19
12 14 19 4
12 25 40 41
12 29 22 7
13 14 7 4
14 25 1 41
14 29 4 7
15 29 10 7
16 14 1 4
16 25 4 41
16 29 43 7
17 33 34 19
17 29 13 7
18 33 7 19
18 14 4 4
18 29 1 7
19 14 10 4
19 29 31 7
20 33 10 19
20 14 25 4
21 33 37 19
21 25 34 41
22 33 40 19
22 25 28 41
22 29 7 7
23 14 16 4
23 25 37 41
24 25 43 41
24 29 34 7
25 14 22 4
26 14 28 4
26 29 46 7
27 14 37 4
28 25 49 41
28 29 52 7
30 33 43 19
30 29 55 7
31 25 31 41
31 29 49 7
32 25 46 41
33 14 31 4
33 29 58 7
34 14 34 4
34 25 52 41
34 29 1 11
35 33 46 19
36 33 49 19
36 25 55 41
37 25 58 41
38 29 4 11
39 25 1 44
39 29 7 11
40 33 55 19
41 25 4 44
41 29 10 11
42 29 13 11
43 33 58 19
43 14 49 4
44 25 7 44
44 29 19 11
46 33 52 19
47 14 40 4
47 29 16 11
48 33 1 35
48 29 22 11
49 25 10 44
50 33 4 35
50 14 45 4
50 25 13 44
51 29 25 11
52 14 55 4
52 29 28 11
1 11 28 15
1 22 31 18
1 26 35 2
2 11 11 15
2 22 28 18
2 38 22 20
3 11 22 15
3 22 33 18
3 26 29 2
3 38 25 20
4 11 31 15
4 38 33 20
5 11 5 15
5 22 35 18
5 38 31 20
6 11 17 15
7 26 11 2
7 38 19 20
8 11 25 15
8 22 37 18
8 38 16 20
9 11 35 15
9 22 40 18
9 26 17 2
10 38 5 20
10 11 7 15
10 26 23 2
11 11 19 15
12 26 47 2
13 11 13 15
13 22 47 18
13 26 41 2
13 38 10 20
14 38 7 20
14 11 9 15
14 26 53 2
15 26 5 2
15 38 27 20
17 38 1 20
18 38 29 20
19 38 3 20
19 26 59 2
22 38 13 20
22 26 43 4
23 11 1 15
23 38 40 20
24 11 3 15
24 22 49 18
24 26 52 4
24 38 37 20
25 11 15 15
25 22 43 18
25 38 45 20
26 11 33 15
26 22 51 18
27 22 53 18
27 26 58 4
28 11 37 15
28 26 1 8
28 38 35 20
29 11 39 15
29 22 45 18
30 38 47 20
30 22 58 18
30 26 3 8
31 11 43 15
31 26 5 8
32 11 41 15
32 26 7 8
33 11 45 15
34 38 43 20
34 26 9 8
35 38 49 20
36 22 7 41
36 26 11 8
37 38 51 20
37 11 47 15
37 26 13 8
39 22 55 18
39 26 15 8
39 38 53 20
40 22 1 51
40 26 17 8
42 38 55 20
44 11 49 15
44 26 22 8
44 38 57 20
45 38 59 20
45 22 3 51
45 26 25 8
46 22 5 51
47 11 51 15
47 22 7 51
47 38 1 37
48 26 19 8
49 22 13 51
50 38 7 37
50 26 27 8
51 22 9 51
51 26 29 8
51 38 3 37
52 38 5 37
52 22 11 51
1 34 43 45
1 21 37 34
2 10 31 26
3 10 37 26
3 21 43 34
3 34 49 45
5 4 37 16
5 21 49 34
6 39 37 3
6 10 43 26
6 21 55 34
7 4 21 16
7 39 31 3
8 21 27 34
8 34 55 45
9 34 43 51
10 39 15 3
11 4 43 16
11 10 49 26
12 39 43 3
12 10 55 26
13 21 31 34
14 4 25 16
14 10 19 26
15 10 15 26
15 39 19 3
16 21 21 34
17 10 37 36
18 34 21 51
18 4 31 16
19 34 37 51
20 10 1 26
21 39 7 3
21 10 43 36
22 39 1 3
22 10 49 36
23 34 3 54
24 10 7 26
25 21 1 34
25 39 49 3
27 34 15 51
27 10 25 26
28 21 7 34
28 34 25 51
29 34 31 51
29 4 1 16
29 39 25 3
29 10 55 36
30 4 7 16
30 39 37 10
31 34 55 51
32 10 1 43
32 21 13 34
33 4 13 16
33 10 7 43
35 34 51 51
35 4 55 16
35 10 13 43
36 34 13 54
36 4 19 24
37 34 7 54
38 4 49 16
38 39 55 3
39 10 19 43
40 10 25 43
40 34 19 54
41 34 37 54
42 10 31 43
42 39 43 10
43 4 1 24
43 10 7 49
44 34 25 54
45 10 37 43
46 4 7 24
47 4 43 24
48 4 13 24
48 10 43 43
49 34 31 54
49 10 49 43
51 34 51 54
52 4 31 24
1 16 49 11
1 17 52 9
2 16 37 11
2 35 25 22
3 17 55 9
4 15 37 38
4 17 40 9
4 35 43 22
5 16 43 11
5 35 46 22
6 16 34 11
6 17 28 9
7 17 37 9
7 35 28 22
8 16 31 11
8 17 34 9
8 35 39 22
9 35 49 22
10 35 52 22
11 35 55 22
12 15 49 38
13 15 25 38
13 16 52 11
13 35 58 22
14 16 55 11
15 15 31 38
15 17 43 9
15 35 34 22
16 35 27 23
17 15 52 38
18 15 10 38
20 35 7 22
20 15 13 38
20 16 40 11
22 35 10 22
22 15 21 38
22 16 46 11
24 15 16 38
24 16 13 22
24 17 19 9
25 17 7 9
26 16 58 11
27 17 1 9
28 16 3 22
29 16 19 22
30 15 28 38
30 17 13 9
31 17 10 9
32 15 43 38
32 16 22 22
32 17 31 9
33 35 1 23
33 15 4 38
33 17 25 9
34 15 46 38
35 35 31 22
35 15 1 38
36 15 34 38
37 16 16 22
39 17 4 9
40 15 7 38
41 17 16 9
42 15 40 38
42 17 22 9
42 35 4 23
43 35 16 23
44 15 1 39
44 35 10 23
45 35 7 23
46 35 13 23
46 15 16 39
47 15 4 39
47 17 9 47
47 35 19 23
48 15 55 38
50 35 22 23
51 17 58 9
51 35 31 23
52 15 58 38
52 17 1 47
2 9 35 31
3 7 41 10
3 9 27 31
5 7 33 10
5 9 23 31
7 7 47 10
7 9 40 31
8 7 49 10
8 9 43 31
9 9 11 31
10 9 29 31
12 9 7 31
13 7 55 10
14 7 51 10
14 9 16 31
15 7 53 10
15 9 25 31
16 9 37 31
17 7 57 10
18 9 47 31
19 9 1 31
20 9 5 31
21 9 13 31
22 7 59 10
22 9 31 31
23 7 11 25
23 9 19 31
24 7 5 25
24 9 59 31
25 7 17 25
26 9 3 31
28 7 23 25
28 9 21 31
31 7 29 25
31 9 45 31
32 9 9 31
34 7 4 30
36 7 41 25
38 7 35 25
41 9 33 31
42 9 49 31
43 7 47 25
44 7 53 25
44 9 51 31
45 9 5 47
47 7 13 30
48 7 59 25
48 9 53 31
49 7 1 30
51 7 7 30
51 9 55 31
2 5 43 8
2 41 49 37
4 41 55 37
6 5 49 8
7 3 55 8
9 3 55 43
10 5 43 50
14 3 31 8
16 5 39 8
21 5 15 50
21 41 19 37
23 41 43 37
26 5 19 50
27 5 7 50
28 41 39 37
30 5 31 50
31 5 1 50
31 41 25 37
33 5 49 50
34 5 25 50
34 41 13 37
37 5 37 50
39 5 57 50
42 41 9 37
45 41 31 37
7 18 43 46
8 18 46 46
9 18 52 46
15 18 55 46
16 18 49 46
17 18 31 46
20 18 34 46
21 18 25 46
26 18 15 46
28 18 58 46
30 18 19 46
31 18 7 46
35 18 4 46
36 18 28 46
38 18 1 46
40 18 10 46
41 18 22 46
44 18 37 46
2 2 40 1
2 24 47 1
2 36 53 13
3 2 31 1
3 24 35 1
3 36 47 13
4 2 49 1
4 36 35 13
5 2 25 1
5 24 53 1
6 36 41 13
6 24 59 1
7 2 51 1
7 24 35 12
8 2 23 1
8 24 51 12
8 36 59 13
11 2 17 1
11 36 29 13
12 2 11 1
12 36 17 13
13 36 23 13
14 36 11 13
14 24 29 1
15 24 23 12
16 2 55 1
16 24 57 1
16 36 35 36
17 24 5 1
18 24 16 12
19 24 13 1
20 2 37 1
22 2 33 1
23 2 7 1
24 2 1 1
25 24 19 1
25 36 5 13
26 24 43 1
26 36 53 36
27 2 21 1
27 36 41 36
28 2 11 5
28 24 19 12
29 2 9 1
30 36 1 49
31 36 47 36
32 2 17 5
33 24 11 12
34 36 11 49
34 24 7 12
35 2 23 5
36 36 59 36
36 24 4 12
37 2 27 1
37 36 19 49
38 36 13 49
39 2 29 5
40 2 3 1
40 24 15 1
40 36 5 49
41 36 29 49
42 2 1 5
42 24 27 12
42 36 16 49
44 24 45 1
45 2 35 5
45 36 22 49
46 24 1 12
47 2 47 5
47 36 33 49
48 36 25 49
48 24 9 12
49 24 21 12
50 24 25 12
51 2 41 5
51 24 13 12
52 2 53 5
52 24 37 12
Điểm tối ưu: 786
Thời gian: 0.073567 giây
Trạng thái: GREEDY_DONE
