1064
2 7 1 105
2 17 7 33
4 17 1 33
7 7 7 105
7 17 13 33
8 7 13 105
8 17 19 33
9 7 19 105
9 17 25 33
11 17 31 33
12 7 25 105
13 7 31 105
14 7 37 105
15 7 43 105
16 7 49 105
17 17 37 33
18 7 55 105
18 17 43 33
19 17 49 33
20 17 55 33
1 2 1 29
1 22 4 68
2 1 13 1
2 22 16 68
3 22 1 68
4 1 7 1
5 1 1 1
6 1 4 1
6 2 7 29
7 1 19 1
7 2 4 29
8 1 10 1
10 22 7 68
11 1 16 1
12 1 22 1
12 2 10 29
13 1 25 1
13 2 13 29
13 22 10 68
14 22 13 68
15 2 16 29
16 2 19 29
17 2 22 29
17 22 19 68
19 1 28 1
19 2 25 29
19 22 22 68
20 1 31 1
20 22 25 68
21 22 28 68
22 2 28 29
23 2 31 29
23 22 34 68
24 1 34 1
24 22 31 68
25 1 37 1
25 2 34 29
27 1 40 1
28 1 43 1
30 1 46 1
31 2 37 29
32 1 49 1
35 1 52 1
35 2 40 29
36 1 55 1
36 2 43 29
36 22 37 68
37 2 46 29
37 22 40 68
38 1 58 1
38 22 43 68
39 22 46 68
40 2 49 29
40 22 52 68
41 22 49 68
42 2 52 29
42 22 55 68
43 22 58 68
44 2 55 29
45 2 58 29
1 27 7 5
1 28 13 51
2 28 19 51
3 28 7 51
4 18 13 54
5 27 13 5
6 18 19 54
6 27 25 5
6 28 31 51
7 18 25 54
7 28 37 51
8 27 1 5
8 28 25 51
9 18 1 54
10 27 19 5
11 18 7 54
12 27 31 5
13 18 37 54
13 27 43 5
14 18 31 54
14 28 1 51
15 27 37 5
16 27 55 5
16 28 43 51
17 18 43 54
19 27 1 84
19 28 55 51
20 27 49 5
21 27 7 84
21 28 49 51
22 18 49 54
22 27 13 84
22 28 1 73
23 27 19 84
23 28 7 73
24 27 25 84
24 28 13 73
25 27 43 84
25 28 19 73
26 27 31 84
26 28 25 73
27 18 55 54
28 27 37 84
28 28 31 73
29 27 49 84
30 18 1 20
30 28 37 73
32 28 43 73
33 28 49 73
34 18 7 20
34 28 55 73
35 28 1 40
36 18 13 20
37 27 55 84
38 18 19 20
38 28 7 40
41 18 25 20
41 27 1 58
42 18 31 20
42 27 7 58
42 28 13 40
43 27 13 58
43 28 19 40
44 27 19 58
45 18 37 20
45 27 25 58
45 28 31 40
46 27 31 58
47 27 37 58
48 18 43 20
49 18 49 20
49 27 43 58
50 18 55 20
52 18 1 30
52 28 25 40
53 18 7 30
54 18 13 30
54 27 49 58
55 18 19 30
55 27 55 58
55 28 37 40
56 18 25 30
56 27 1 118
57 18 31 30
57 28 43 40
58 27 7 118
58 28 49 40
59 28 55 40
60 27 13 118
62 27 19 118
63 18 37 30
63 27 25 118
63 28 1 110
64 27 31 118
65 28 7 110
66 27 37 118
67 27 43 118
68 27 49 118
68 28 13 110
69 18 43 30
69 27 55 118
69 28 19 110
70 28 25 110
71 18 49 30
73 18 55 30
73 28 31 110
75 28 37 110
76 18 1 104
77 28 43 110
78 18 7 104
78 28 49 110
79 18 13 104
80 28 55 110
1 4 19 12
1 19 22 49
1 30 25 59
2 30 28 59
3 19 4 49
3 30 13 59
4 19 10 49
5 19 7 49
7 19 1 49
7 30 22 59
8 19 31 49
8 30 7 59
9 19 13 49
10 19 16 49
10 30 1 59
11 4 1 12
11 19 19 49
13 30 4 59
14 4 7 12
14 19 25 49
14 30 10 59
16 4 4 12
17 4 10 12
17 30 16 59
18 4 13 12
18 19 28 49
18 30 19 59
19 4 16 12
19 19 34 49
20 4 22 12
20 30 34 59
21 19 37 49
23 4 25 12
23 19 40 49
25 4 28 12
26 19 43 49
27 30 31 59
28 4 46 12
28 30 49 59
30 30 43 59
31 4 31 12
31 19 46 49
32 19 52 49
32 30 37 59
33 19 55 49
33 30 40 59
34 19 49 49
34 30 46 59
36 4 34 12
39 4 37 12
39 30 52 59
40 4 40 12
40 30 55 59
41 4 43 12
41 19 58 49
42 19 1 75
43 19 4 75
43 30 1 19
44 30 58 59
45 4 49 12
45 30 4 19
46 4 52 12
46 19 7 75
46 30 10 19
47 19 10 75
48 4 55 12
48 30 7 19
49 4 58 12
49 30 13 19
50 30 16 19
51 4 1 108
51 19 13 75
52 19 16 75
53 4 4 108
53 19 19 75
54 4 7 108
54 19 22 75
54 30 19 19
55 30 25 19
56 4 10 108
56 19 31 75
57 4 13 108
57 19 25 75
60 4 19 108
63 30 22 19
64 19 28 75
65 4 16 108
66 4 22 108
67 4 25 108
67 30 28 19
68 4 28 108
68 19 34 75
69 4 31 108
69 19 37 75
70 4 34 108
71 4 37 108
72 4 40 108
72 30 31 19
74 19 40 75
74 30 34 19
76 4 43 108
76 19 46 75
76 30 37 19
77 4 49 108
78 19 43 75
79 19 49 75
80 4 46 108
2 24 31 71
3 24 19 71
4 12 19 17
4 24 25 71
5 12 25 17
5 14 19 11
6 12 13 17
6 14 37 11
8 12 37 17
9 12 7 17
10 14 25 11
11 12 43 17
12 14 1 11
12 24 13 71
13 12 49 17
14 12 55 17
15 12 1 17
16 12 31 17
16 14 7 11
16 24 37 71
17 12 1 93
17 24 49 71
20 24 1 71
21 14 13 11
21 24 43 71
22 12 7 93
22 14 31 11
23 12 13 93
23 14 43 11
23 24 55 71
24 14 49 11
24 24 7 71
26 14 55 11
27 12 19 93
27 14 1 34
28 14 7 34
29 12 25 93
29 14 13 34
30 24 7 111
31 24 1 111
32 24 13 111
33 14 19 34
34 14 25 34
34 24 19 111
35 12 31 93
36 12 49 93
36 24 25 111
37 24 31 111
38 24 37 111
39 14 31 34
39 24 55 111
40 12 43 93
40 14 1 95
42 12 37 93
42 24 43 111
43 14 37 34
43 24 49 111
45 14 43 34
46 24 1 10
47 12 55 93
47 14 49 34
48 14 13 95
50 14 7 95
50 24 19 10
52 24 7 10
53 14 55 34
55 24 13 10
57 24 37 10
58 24 25 10
60 14 25 95
62 14 31 95
62 24 43 10
63 14 43 95
63 24 31 10
64 24 49 10
65 14 19 95
66 24 55 10
68 14 37 95
68 24 1 52
69 14 49 95
70 24 7 52
72 14 55 95
72 24 13 52
74 14 43 19
75 14 49 19
77 24 19 52
79 14 55 19
79 24 25 52
1 23 28 119
5 23 4 119
8 23 34 119
9 23 16 119
10 23 10 119
11 23 13 119
12 23 7 119
13 23 1 119
14 23 19 119
15 23 22 119
18 23 25 119
19 23 31 119
21 23 40 119
22 23 37 119
23 23 49 119
26 23 46 119
27 23 43 119
29 23 55 119
31 23 52 119
33 23 58 119
36 23 40 19
39 23 40 52
41 23 31 52
42 23 49 52
43 23 34 52
44 23 37 52
45 23 52 52
47 23 43 52
49 23 55 52
53 23 46 52
57 23 58 52
58 23 1 53
59 23 4 53
61 23 7 53
62 23 10 53
66 23 13 53
67 23 16 53
69 23 25 53
72 23 19 53
75 23 22 53
77 23 28 53
78 23 31 53
79 23 34 53
80 23 37 53
1 3 52 75
1 26 11 57
2 3 55 75
2 26 5 57
3 26 16 57
4 3 57 75
5 3 59 75
9 3 5 18
10 26 13 57
12 3 17 18
13 26 7 57
14 26 22 57
15 3 7 18
16 3 1 18
18 26 1 57
20 3 9 18
20 26 19 57
22 3 11 18
22 26 25 57
23 26 3 57
25 3 3 18
25 26 9 57
26 3 13 18
26 26 29 57
28 26 27 57
29 3 19 18
30 3 15 18
31 3 21 18
31 26 34 57
33 3 23 18
34 3 29 18
34 26 31 57
35 26 37 57
36 26 46 57
37 3 25 18
40 3 27 18
40 26 58 57
41 3 34 18
41 26 39 57
42 3 41 18
43 3 31 18
44 26 41 57
45 3 47 18
46 3 37 18
46 26 43 57
47 3 53 18
49 3 39 18
49 26 53 57
50 26 49 57
51 26 51 57
52 26 55 57
55 3 43 18
56 3 45 18
57 3 49 18
60 26 5 95
61 3 51 18
62 3 55 18
63 3 57 18
63 26 11 95
64 26 17 95
65 3 59 18
67 26 23 95
70 26 29 95
71 3 5 20
71 26 35 95
72 3 11 20
72 26 47 95
74 3 17 20
74 26 53 95
75 26 41 95
76 26 59 95
77 3 23 20
78 26 5 52
79 26 11 52
80 3 29 20
80 26 17 52
2 11 25 88
3 11 28 88
4 9 31 113
6 11 1 88
7 9 34 113
8 9 43 113
8 11 46 88
10 9 4 113
11 9 22 113
11 11 4 88
12 11 19 88
13 9 16 113
14 9 28 113
15 9 9 113
15 11 13 88
16 9 13 113
16 11 16 88
17 11 7 88
18 9 37 113
18 11 10 88
19 11 37 88
21 11 22 88
22 11 40 88
23 9 52 113
24 11 43 88
27 9 25 113
27 11 34 88
28 9 1 113
29 9 40 113
30 9 19 113
31 11 49 88
32 9 55 113
33 9 46 113
34 9 40 53
35 9 49 113
38 9 46 53
41 9 52 53
42 9 58 113
44 11 31 88
46 9 49 53
48 9 58 53
48 11 52 88
49 11 1 28
50 9 43 53
51 9 55 53
51 11 58 88
54 9 1 76
54 11 55 88
55 9 4 76
57 11 4 28
58 9 13 76
59 9 7 76
59 11 10 28
60 11 7 28
61 11 13 28
62 9 16 76
63 11 16 28
64 9 10 76
64 11 19 28
66 9 19 76
66 11 25 28
67 9 31 76
68 11 22 28
69 9 28 76
69 11 34 28
70 11 31 28
71 11 28 28
72 9 22 76
72 11 37 28
73 9 25 76
76 9 34 76
76 11 40 28
77 9 37 76
78 9 40 76
79 11 43 28
2 15 11 51
4 15 5 51
6 15 17 51
7 15 29 51
9 15 23 51
10 15 35 51
13 15 41 51
14 15 47 51
17 15 53 51
18 15 59 51
20 15 41 20
21 15 35 20
22 15 47 20
24 15 53 20
25 15 59 20
26 15 1 21
29 15 3 21
30 15 5 21
31 15 7 21
32 15 9 21
38 15 11 21
40 15 13 21
44 15 15 21
46 15 17 21
52 15 19 21
53 15 22 21
59 15 25 21
64 15 35 21
67 15 37 21
68 15 31 21
75 15 27 21
76 15 29 21
77 15 33 21
79 15 39 21
3 10 31 9
5 10 37 9
10 10 43 9
11 10 25 9
16 10 25 115
18 10 3 9
24 10 19 9
25 10 13 9
27 10 7 9
28 10 55 9
30 10 49 9
31 10 9 115
33 10 1 115
34 10 13 115
35 10 19 115
37 10 49 115
39 10 1 56
40 10 31 115
41 10 7 56
46 10 39 115
50 10 25 56
51 10 43 115
52 10 57 115
53 10 13 56
54 10 31 56
56 10 19 56
58 10 37 56
59 10 43 56
60 10 49 56
63 10 49 76
71 10 55 56
73 10 43 76
75 10 55 76
1 20 17 74
2 8 23 2
3 8 11 2
3 20 23 74
4 20 29 74
5 8 17 2
5 20 10 74
6 8 29 2
8 8 5 2
9 20 31 74
12 20 5 74
13 20 19 74
14 8 35 2
16 8 41 2
17 20 13 74
20 20 7 74
21 20 1 74
23 8 1 2
23 20 37 74
25 8 7 2
27 8 13 2
32 8 3 2
32 20 21 74
34 8 33 2
34 20 3 74
35 8 9 2
35 20 15 74
36 8 19 2
36 20 53 74
37 20 27 74
39 20 25 74
41 8 15 2
43 8 25 2
44 8 27 2
45 8 21 2
45 20 35 74
46 20 45 74
47 8 31 2
47 20 33 74
48 8 37 2
48 20 39 74
49 8 47 2
49 20 41 74
51 8 39 2
51 20 47 74
54 20 43 74
55 20 49 74
56 8 43 2
57 20 51 74
58 8 45 2
59 20 59 74
61 8 49 2
61 20 55 74
62 20 57 74
63 8 53 2
64 8 55 2
66 8 51 2
70 20 1 87
71 20 3 87
72 20 5 87
73 20 7 87
74 8 57 2
75 20 9 87
77 20 11 87
78 8 59 2
79 8 1 55
79 20 17 87
1 6 31 69
2 16 37 99
5 6 34 69
6 6 10 69
6 16 43 99
7 16 31 99
8 16 49 99
9 6 37 69
9 16 34 99
10 6 40 69
12 6 43 69
12 16 40 99
13 16 21 99
15 6 19 69
18 6 7 69
19 16 7 99
20 6 13 69
21 6 3 69
21 16 25 99
22 16 55 99
24 6 46 69
26 6 16 69
26 16 3 99
27 6 28 69
27 16 15 99
28 6 22 69
29 16 10 99
30 6 25 69
30 16 28 99
33 6 7 85
34 6 52 69
35 6 55 69
35 16 46 99
37 6 1 85
39 16 7 35
40 16 10 35
41 6 19 85
41 16 22 35
44 6 49 69
44 16 52 99
46 6 58 69
47 6 4 85
47 16 1 35
48 16 4 35
49 16 16 35
50 6 13 85
50 16 31 35
52 16 13 35
53 6 25 85
53 16 28 35
54 16 58 99
55 6 10 85
56 6 16 85
57 6 22 85
58 16 19 35
59 6 28 85
59 16 34 35
60 6 31 85
61 6 34 85
61 16 25 35
62 6 37 85
63 6 7 32
63 16 19 104
64 6 40 85
65 16 37 35
66 6 43 85
66 16 46 35
67 16 40 35
70 6 46 85
72 6 49 85
72 16 43 35
73 16 49 35
74 16 22 104
75 6 1 32
76 16 52 35
77 16 55 35
80 16 25 104
1 13 34 72
1 29 37 63
3 5 25 36
3 13 37 72
4 13 17 72
5 29 23 63
6 5 23 36
6 13 41 72
7 13 11 72
7 29 17 63
9 5 11 36
9 29 29 63
10 5 29 36
10 13 23 72
11 5 35 36
11 13 29 72
11 29 11 63
12 13 46 72
13 5 47 36
14 5 5 36
15 13 5 72
15 29 25 63
16 5 53 36
16 29 35 63
17 29 5 63
19 13 13 72
20 5 16 36
20 29 39 63
21 29 19 63
22 5 19 36
24 5 1 36
24 29 3 63
25 5 31 36
25 13 1 72
26 5 7 36
26 13 9 72
27 5 37 36
28 5 13 36
29 5 21 36
30 5 33 36
31 5 27 36
31 13 15 72
31 29 13 63
32 5 40 36
32 13 7 72
32 29 1 63
33 5 43 36
33 13 25 72
33 29 15 63
34 13 43 72
35 29 7 63
37 13 19 72
37 29 9 63
38 5 3 36
38 13 27 72
38 29 31 63
39 5 49 36
39 29 21 63
40 13 21 72
41 29 41 63
42 5 4 116
42 29 27 63
44 5 9 36
44 13 3 72
46 5 55 36
46 13 5 114
48 13 31 72
48 29 33 63
49 5 7 116
50 13 39 72
51 5 9 116
51 13 49 72
52 5 45 36
52 13 51 72
54 13 53 72
55 29 45 63
56 13 55 72
56 29 47 63
57 13 1 114
58 13 57 72
58 29 43 63
59 13 13 114
59 29 49 63
60 5 57 36
60 29 53 63
61 5 59 36
62 5 51 36
62 13 59 72
62 29 1 66
64 13 3 114
65 5 1 116
65 29 51 63
66 5 11 116
67 5 13 116
67 13 7 114
68 5 17 116
68 13 9 114
68 29 55 63
69 13 11 114
69 29 59 63
70 13 15 114
70 29 57 63
71 5 15 116
71 13 17 114
71 29 7 66
73 13 19 114
74 5 19 116
74 13 25 114
75 13 29 114
75 29 4 66
76 29 9 66
77 5 25 116
77 13 31 114
78 5 21 116
78 13 23 114
79 29 19 66
2 32 43 6
3 32 39 6
4 32 49 6
5 32 55 6
7 32 43 44
11 32 37 44
14 32 49 44
15 32 27 6
18 32 31 6
20 32 43 109
22 32 21 6
26 32 19 44
29 32 31 44
30 32 55 44
31 32 55 109
32 32 25 44
33 32 27 109
35 32 25 83
36 32 1 6
37 32 13 6
38 32 13 44
40 32 15 109
42 32 19 109
46 32 13 83
53 32 31 109
54 32 37 109
59 32 51 109
61 32 1 44
65 32 3 109
70 32 3 83
72 32 7 6
73 32 9 44
75 32 31 83
80 32 7 109
2 21 40 42
3 21 43 42
4 21 34 42
5 21 31 42
6 21 46 42
8 21 52 42
9 21 49 42
10 21 37 42
11 21 55 42
15 21 58 42
17 21 25 42
18 21 16 42
19 21 10 42
21 21 31 79
24 21 37 79
25 21 25 79
27 21 46 79
28 21 4 42
29 21 7 42
30 21 22 42
31 21 40 79
33 21 10 79
35 21 43 79
36 21 7 79
37 21 4 79
38 21 34 79
39 21 13 42
45 21 1 42
47 21 19 42
48 21 28 42
50 21 1 79
51 21 16 79
54 21 28 79
57 21 19 79
59 21 22 79
68 21 57 79
69 21 13 79
70 21 49 79
71 21 9 90
73 21 52 79
74 21 1 90
75 21 13 90
76 21 16 90
80 21 4 90
1 31 39 45
3 31 35 45
4 25 23 15
4 31 37 45
5 25 29 15
7 31 41 45
8 31 17 45
9 31 43 45
10 25 31 15
12 25 35 15
12 31 29 45
15 25 33 15
15 31 31 45
17 25 41 15
17 31 33 45
18 31 22 45
19 25 5 15
19 31 19 45
21 25 11 15
23 31 5 45
24 25 17 15
26 25 37 15
27 25 49 15
28 31 11 45
29 25 1 15
29 31 45 45
30 31 13 45
32 25 19 15
32 31 47 45
34 31 1 45
36 25 21 15
37 25 7 15
38 31 25 45
39 31 27 45
40 31 7 45
41 25 13 15
43 25 9 15
43 31 53 45
44 25 25 15
44 31 47 19
47 25 15 15
48 25 47 15
49 25 27 15
50 25 51 15
53 25 39 15
53 31 49 45
54 31 5 105
55 31 51 45
56 25 53 15
56 31 57 45
58 25 55 15
59 31 15 45
60 25 3 15
61 25 43 15
61 31 53 19
62 25 3 25
62 31 53 108
64 25 45 15
64 31 59 45
65 25 57 15
65 31 55 45
66 25 59 15
67 31 3 45
68 31 11 105
69 25 1 25
71 31 59 19
73 25 5 25
73 31 59 108
74 25 7 25
74 31 9 45
75 25 11 25
78 25 13 25
78 31 55 108
79 25 9 25
80 25 15 25
80 31 23 52
Điểm tối ưu: 1064
Thời gian: 0.089469 giây
Trạng thái: GREEDY_DONE
