157
1 2 1 2
1 4 7 10
2 2 7 2
2 4 1 10
3 2 13 2
3 4 19 10
4 2 19 2
4 4 13 10
5 2 25 2
5 4 31 10
6 2 31 2
6 4 25 10
7 2 37 2
7 4 43 10
8 2 43 2
8 4 37 10
9 2 49 2
9 4 55 10
10 2 55 2
10 4 49 10
1 1 5 1
1 3 11 28
1 6 13 13
1 10 15 7
2 1 11 1
2 3 5 28
2 6 15 13
2 10 13 7
3 1 1 1
3 3 3 28
3 6 5 13
3 10 7 7
4 1 3 1
4 3 1 28
4 6 7 13
4 10 5 7
5 1 7 1
5 3 9 28
5 6 1 13
5 10 3 7
6 1 9 1
6 3 7 28
6 6 3 13
6 10 1 7
7 1 13 1
7 3 15 28
7 6 9 13
7 10 11 7
8 1 15 1
8 3 13 28
8 6 11 13
8 10 9 7
9 1 17 1
9 3 19 28
9 6 21 13
9 10 23 7
10 1 19 1
10 3 17 28
10 6 23 13
10 10 21 7
11 1 21 1
11 3 23 28
11 6 17 13
11 10 19 7
12 1 23 1
12 3 21 28
12 6 19 13
12 10 17 7
13 1 25 1
13 3 27 28
13 6 29 13
13 10 31 7
14 1 27 1
14 3 25 28
14 6 31 13
14 10 29 7
15 1 29 1
15 3 31 28
15 6 25 13
15 10 27 7
16 1 31 1
16 3 29 28
16 6 27 13
16 10 25 7
17 1 33 1
17 3 35 28
17 6 37 13
17 10 39 7
18 1 35 1
18 3 33 28
18 6 39 13
18 10 37 7
19 1 37 1
19 3 39 28
19 6 33 13
19 10 35 7
20 1 39 1
20 3 37 28
20 6 35 13
20 10 33 7
1 5 19 9
2 5 25 9
3 5 9 9
4 5 31 9
5 5 13 9
6 5 37 9
7 5 1 9
8 5 49 9
9 5 43 9
10 5 43 1
11 5 55 9
12 5 49 1
13 5 55 1
1 7 25 26
1 9 31 16
2 7 19 26
2 9 37 16
3 7 31 26
3 9 25 16
4 7 9 26
4 9 43 16
5 7 37 26
5 9 19 16
6 7 13 26
6 9 49 16
7 7 49 26
7 9 55 16
8 7 1 26
8 9 55 7
9 9 1 16
10 9 7 16
11 7 43 26
11 9 13 16
12 7 55 26
12 9 43 7
13 7 43 13
13 9 49 7
14 7 49 13
15 7 55 13
1 8 41 28
2 8 43 28
3 8 45 28
4 8 47 28
5 8 49 28
6 8 53 28
7 8 59 28
8 8 41 1
9 8 47 1
10 8 53 1
11 8 51 28
12 8 59 1
13 8 41 13
14 8 55 28
15 8 47 13
16 8 57 28
17 8 53 13
18 8 59 13
Điểm tối ưu: 157
Thời gian: 0.014931 giây
Trạng thái: GREEDY_DONE
