3583
6 1 1 130
10 101 1 43
10 114 7 151
11 101 7 43
11 114 1 151
11 120 13 30
12 114 13 151
14 1 7 130
14 101 13 43
17 101 19 43
19 1 13 130
20 101 25 43
22 114 19 151
24 114 25 151
25 1 19 130
26 114 31 151
27 1 25 130
27 40 1 56
29 1 31 130
30 101 31 43
30 40 7 56
33 120 1 30
35 120 7 30
37 1 37 130
38 101 37 43
38 40 13 56
44 101 43 43
44 114 37 151
47 120 19 30
49 120 25 30
50 40 19 56
51 120 31 30
55 114 43 151
56 1 43 130
57 101 49 43
59 1 49 130
59 101 55 43
61 1 55 130
64 114 49 151
66 120 37 30
67 114 55 151
85 120 43 30
86 120 49 30
88 40 25 56
89 40 31 56
94 120 55 30
105 40 37 56
118 40 43 56
129 40 49 56
133 40 55 56
3 99 1 124
7 118 1 84
10 24 13 27
12 118 4 84
13 99 4 124
15 99 7 124
15 24 1 27
22 118 7 84
25 99 10 124
25 24 4 27
27 99 13 124
30 118 13 84
32 99 16 124
35 24 16 27
37 99 19 124
37 118 10 84
42 118 16 84
44 99 22 124
45 118 19 84
47 99 25 124
50 24 7 27
51 118 22 84
57 24 10 27
58 118 25 84
59 24 19 27
60 118 28 84
62 24 22 27
63 118 31 84
66 99 28 124
68 99 31 124
75 99 34 124
88 99 37 124
95 99 40 124
96 118 34 84
99 99 43 124
105 118 43 84
106 24 25 27
107 118 37 84
108 24 28 27
108 118 40 84
113 99 46 124
113 118 49 84
121 24 31 27
122 24 34 27
132 99 49 124
135 24 37 27
139 118 46 84
145 24 40 27
149 118 52 84
152 118 55 84
155 118 58 84
157 24 43 27
157 99 52 124
161 24 46 27
173 99 55 124
181 99 58 124
182 24 49 27
183 24 52 27
188 24 55 27
196 24 58 27
1 119 1 110
3 80 4 133
5 37 1 122
5 71 3 55
6 18 5 10
7 71 5 55
9 90 1 90
10 80 11 133
11 71 11 55
13 80 1 133
18 71 1 55
18 119 3 110
20 71 7 55
21 37 3 122
21 80 7 133
23 119 5 110
27 18 7 10
29 71 9 55
31 90 3 90
31 108 1 159
32 71 13 55
33 71 15 55
34 18 1 10
34 108 3 159
36 108 5 159
38 37 5 122
38 18 3 10
40 18 9 10
41 37 7 122
42 37 9 122
42 18 11 10
46 37 11 122
48 80 9 133
49 108 7 159
50 37 13 122
50 90 5 90
51 90 7 90
53 80 13 133
53 18 15 10
54 71 17 55
56 90 9 90
57 80 15 133
57 108 13 159
59 90 11 90
61 108 9 159
64 90 13 90
64 119 7 110
65 37 15 122
65 71 19 55
66 119 9 110
68 71 21 55
68 119 11 110
70 80 17 133
70 18 13 10
71 37 17 122
71 71 23 55
71 80 19 133
72 119 13 110
73 90 15 90
76 90 17 90
78 108 11 159
78 90 19 90
79 18 17 10
80 18 19 10
81 71 25 55
82 18 21 10
83 18 23 10
83 71 27 55
83 80 21 133
85 37 19 122
85 119 15 110
86 71 29 55
87 108 15 159
87 18 25 10
89 80 23 133
89 90 21 90
91 18 27 10
93 80 25 133
93 90 23 90
94 80 27 133
95 37 21 122
95 18 29 10
96 71 31 55
97 108 17 159
99 119 17 110
101 90 25 90
102 90 27 90
105 71 33 55
106 80 29 133
107 71 35 55
108 18 31 10
110 18 33 10
112 119 19 110
114 71 37 55
114 108 19 159
114 90 29 90
115 18 35 10
117 71 39 55
117 108 21 159
121 80 34 133
121 119 21 110
122 108 23 159
122 18 37 10
122 119 25 110
124 18 39 10
126 119 23 110
128 108 25 159
131 18 41 10
131 90 31 90
132 71 41 55
134 37 23 122
135 90 33 90
136 71 43 55
136 90 35 90
137 18 43 10
139 18 49 10
141 37 25 122
145 71 45 55
145 18 47 10
147 37 27 122
147 90 37 90
148 80 31 133
149 119 27 110
151 80 37 133
152 71 47 55
152 119 29 110
153 80 39 133
153 108 27 159
156 80 41 133
156 90 39 90
159 119 31 110
160 18 45 10
160 90 41 90
161 37 29 122
161 108 31 159
163 71 49 55
163 108 29 159
165 108 33 159
167 108 35 159
169 71 51 55
171 108 37 159
171 119 33 110
174 18 51 10
175 108 39 159
176 90 43 90
178 37 31 122
178 108 41 159
178 119 35 110
180 80 43 133
180 119 37 110
181 71 53 55
181 80 45 133
181 119 39 110
182 108 43 159
183 71 55 55
185 18 53 10
187 108 45 159
187 119 41 110
187 90 47 90
188 37 33 122
191 119 43 110
192 119 45 110
192 90 49 90
193 37 35 122
193 71 57 55
194 71 59 55
194 80 47 133
195 90 45 90
197 18 55 10
198 37 37 122
199 90 51 90
200 108 47 159
201 37 39 122
201 80 49 133
201 119 47 110
203 37 41 122
205 119 49 110
206 18 57 10
208 80 51 133
208 90 53 90
210 37 43 122
214 108 49 159
214 18 59 10
216 80 53 133
218 90 55 90
219 80 55 133
1 42 3 65
1 127 7 119
2 85 1 82
3 35 7 42
3 42 13 65
6 33 7 155
9 33 3 155
10 134 19 167
12 85 7 82
13 35 13 42
14 35 1 42
15 127 13 119
17 35 25 42
17 127 1 119
18 85 13 82
19 33 19 155
19 127 25 119
20 33 13 155
21 42 9 65
22 83 1 153
23 33 25 155
23 42 19 65
24 83 7 153
25 134 13 167
25 127 31 119
26 85 19 82
27 35 19 42
28 33 31 155
28 35 37 42
29 33 37 155
33 33 43 155
33 42 25 65
35 35 31 42
35 42 37 65
35 83 19 153
35 85 25 82
39 134 1 167
40 33 49 155
41 83 13 153
45 35 43 42
47 42 31 65
47 127 37 119
48 33 55 155
48 83 25 153
52 85 31 82
54 42 43 65
58 33 1 173
58 134 7 167
61 35 49 42
62 33 7 173
62 35 55 42
67 33 13 173
67 83 31 153
68 83 37 153
69 134 25 167
72 134 31 167
72 83 43 153
73 35 57 90
81 134 37 167
82 127 43 119
84 134 43 167
86 42 55 65
87 134 49 167
87 127 19 119
88 33 19 173
90 85 37 82
91 134 55 167
92 33 25 173
97 33 31 173
97 83 49 153
98 85 43 82
99 85 49 82
100 85 55 82
101 83 55 153
104 134 1 191
104 127 49 119
105 42 49 65
105 127 55 119
106 85 1 158
107 33 43 173
109 134 7 191
109 42 1 111
110 85 7 158
111 134 13 191
112 83 1 184
112 127 7 127
115 42 7 111
115 83 13 184
117 33 49 173
117 134 25 191
119 83 7 184
120 85 13 158
123 33 37 173
124 127 1 127
127 83 19 184
128 42 13 111
129 134 19 191
130 85 19 158
132 33 55 173
132 85 25 158
134 134 31 191
139 83 25 184
141 42 19 111
142 127 13 127
144 127 19 127
147 83 31 184
148 134 37 191
149 134 43 191
152 83 37 184
153 127 31 127
154 42 25 111
156 42 31 111
157 83 55 184
158 127 25 127
158 83 43 184
160 42 37 111
160 127 49 127
161 42 49 111
164 134 49 191
165 134 55 191
166 42 43 111
169 85 31 158
170 85 37 158
173 127 37 127
175 127 43 127
177 42 55 111
177 85 43 158
182 85 55 158
186 85 49 158
187 83 49 184
198 127 55 127
3 138 19 9
7 26 7 1
9 138 7 9
13 138 10 9
16 138 1 9
17 138 13 9
17 26 10 1
29 138 4 9
39 26 13 1
45 138 16 9
46 26 1 1
51 26 4 1
52 138 22 9
52 26 16 1
56 138 25 9
58 138 28 9
74 138 31 9
76 26 19 1
80 26 22 1
81 138 34 9
81 26 27 1
83 138 37 9
88 138 40 9
89 26 37 1
90 26 31 1
93 26 34 1
96 138 43 9
99 138 46 9
100 138 49 9
102 138 52 9
104 138 55 9
104 26 40 1
108 26 43 1
111 26 46 1
115 26 49 1
117 26 55 1
123 26 52 1
124 138 58 9
129 138 1 104
140 138 4 104
150 26 58 1
155 138 7 104
155 26 1 49
157 26 4 49
158 26 7 49
168 138 10 104
170 138 13 104
171 138 16 104
178 138 19 104
179 26 10 49
185 138 22 104
188 138 25 104
192 138 28 104
195 26 13 49
201 26 16 49
204 138 31 104
205 26 19 49
206 138 34 104
214 138 37 104
218 138 40 104
219 138 43 104
1 8 11 5
2 8 5 5
7 97 10 53
12 8 1 5
14 97 5 53
27 8 9 5
30 8 3 5
34 8 7 5
36 97 1 53
37 8 13 5
44 97 3 53
50 97 15 53
51 97 13 53
56 97 7 53
57 8 17 5
59 8 15 5
63 8 19 5
65 8 21 5
68 97 17 53
69 8 23 5
70 97 19 53
72 8 25 5
78 97 21 53
82 8 27 5
90 97 23 53
92 97 29 53
96 8 29 5
98 8 31 5
98 97 25 53
99 97 27 53
100 97 31 53
103 8 33 5
112 97 33 53
114 8 35 5
115 97 37 53
118 8 37 5
120 97 35 53
123 8 41 5
124 97 41 53
129 97 39 53
136 8 39 5
140 8 43 5
149 97 47 53
150 97 43 53
151 97 45 53
153 97 49 53
162 8 45 5
163 97 51 53
166 8 47 5
167 8 49 5
168 8 51 5
171 8 53 5
187 8 55 5
188 8 58 5
193 97 53 53
201 97 55 53
202 97 57 53
206 8 1 89
208 8 3 89
210 8 5 89
211 8 7 89
219 97 59 53
1 94 13 3
2 94 7 3
4 14 1 18
11 14 19 18
11 94 25 3
17 14 31 18
18 45 7 67
19 14 7 18
20 45 1 67
21 14 13 18
23 94 1 3
28 111 1 26
35 45 43 67
37 14 25 18
41 94 19 3
44 94 31 3
52 45 25 67
52 111 7 26
59 45 31 67
59 111 25 26
63 14 37 18
66 94 43 3
70 14 43 18
71 111 13 26
72 14 49 18
76 45 13 67
84 45 19 67
87 45 37 67
89 14 55 18
90 94 49 3
91 14 1 21
94 111 19 26
95 111 31 26
97 45 55 67
98 14 7 21
103 45 49 67
103 14 13 21
104 14 19 21
105 14 25 21
108 45 1 93
111 14 31 21
111 111 37 26
112 14 37 21
112 111 43 26
116 45 7 93
116 111 49 26
117 14 43 21
117 94 1 8
122 45 13 93
126 111 55 26
129 94 55 3
131 94 37 3
133 14 49 21
135 14 55 21
137 14 1 35
138 111 1 28
138 94 7 8
139 45 19 93
140 14 7 35
141 14 13 35
142 45 25 93
145 111 7 28
148 94 13 8
151 45 31 93
161 14 19 35
162 14 25 35
164 45 37 93
165 111 13 28
168 45 43 93
168 94 19 8
168 111 25 28
172 111 19 28
173 14 31 35
175 14 49 35
175 111 31 28
180 14 39 35
180 111 45 28
181 111 49 28
182 14 45 35
190 94 25 8
193 45 49 93
194 14 55 35
194 111 37 28
203 111 55 28
204 94 37 8
207 14 1 68
207 111 7 78
208 14 7 68
208 94 31 8
211 14 13 68
212 111 1 78
215 45 55 93
1 136 19 19
4 66 7 64
5 136 7 19
5 66 10 64
5 96 13 108
6 56 13 14
7 136 13 19
12 66 19 64
14 96 19 108
14 136 22 19
22 66 13 64
27 66 16 64
28 66 22 64
31 136 10 19
33 136 31 19
44 96 7 108
46 136 4 19
51 96 1 108
54 56 1 14
57 136 1 19
60 56 4 14
63 66 1 64
65 56 7 14
70 136 25 19
72 56 10 14
73 66 4 64
75 96 4 108
75 56 16 14
77 66 25 64
77 136 16 19
78 136 28 19
83 56 31 14
84 56 25 14
86 56 19 14
88 56 34 14
91 136 34 19
92 96 10 108
92 56 22 14
95 56 37 14
97 56 28 14
102 136 37 19
107 66 28 64
107 56 40 14
110 56 43 14
111 96 22 108
111 56 49 14
114 66 31 64
115 56 46 14
116 136 40 19
117 66 34 64
117 136 58 19
119 96 16 108
121 56 52 14
124 56 55 14
127 56 58 14
128 136 43 19
129 96 25 108
130 136 46 19
131 96 28 108
131 66 43 64
132 66 37 64
132 136 52 19
139 96 31 108
144 96 34 108
146 96 37 108
147 56 1 31
148 66 46 64
150 66 40 64
152 96 43 108
153 136 55 19
153 66 51 64
154 66 55 64
157 66 1 74
161 136 1 32
162 66 58 64
164 56 4 31
165 56 7 31
167 136 4 32
167 66 7 74
169 56 10 31
171 96 40 108
172 66 4 74
172 56 13 31
175 136 7 32
177 96 49 108
184 96 46 108
185 66 10 74
186 136 10 32
187 96 57 108
190 96 52 108
190 66 13 74
191 136 49 19
191 56 16 31
193 66 16 74
197 136 13 32
198 136 16 32
198 96 1 152
202 96 4 152
205 66 22 74
210 136 19 32
211 96 9 152
212 96 13 152
212 136 22 32
213 56 19 31
214 96 16 152
214 56 22 31
215 96 19 152
217 96 22 152
219 66 19 74
219 96 25 152
3 21 11 30
5 92 5 45
7 21 17 30
7 92 19 45
22 21 5 30
25 21 23 30
26 21 29 30
30 21 35 30
32 21 41 30
39 21 47 30
41 92 1 45
53 21 53 30
56 21 59 30
66 21 1 48
68 21 3 48
73 21 7 48
83 21 5 48
85 92 3 45
89 21 9 48
96 21 11 48
101 21 13 48
103 92 7 45
106 92 9 45
106 21 15 48
107 21 17 48
110 92 11 45
122 21 19 48
123 92 13 45
124 92 15 45
126 21 21 48
128 92 17 45
138 92 21 45
141 21 23 48
143 21 25 48
146 21 27 48
149 92 23 45
151 21 29 48
152 21 31 48
155 92 25 45
159 21 33 48
165 21 35 48
167 92 27 45
168 92 29 45
171 92 31 45
173 92 35 45
178 21 37 48
179 21 39 48
189 21 41 48
190 21 43 48
191 21 45 48
195 92 33 45
200 21 49 48
200 92 37 45
202 92 39 45
204 92 41 45
205 21 47 48
206 21 51 48
208 21 55 48
213 92 43 45
215 21 53 48
1 84 25 17
5 84 19 17
5 106 25 41
8 25 1 41
9 84 13 17
15 106 19 41
15 25 31 41
16 81 7 71
17 10 37 60
18 64 19 50
21 10 19 60
23 106 7 41
24 64 1 50
24 25 13 41
25 81 25 71
32 81 1 71
40 81 13 71
41 81 31 71
42 25 37 41
48 10 1 60
48 25 43 41
50 25 49 41
50 106 55 41
51 81 37 71
53 106 1 47
53 10 7 60
54 25 7 54
55 25 1 54
56 64 13 50
56 25 19 54
57 25 25 54
59 10 43 60
60 10 13 60
61 10 25 60
61 84 1 17
62 10 31 60
62 84 37 17
62 25 13 54
63 64 7 50
63 84 43 17
66 106 13 47
67 10 49 60
68 84 7 17
69 10 55 60
70 10 1 63
74 84 49 17
74 25 37 54
75 106 7 47
76 10 7 63
77 10 19 63
78 81 43 71
79 81 19 71
80 106 25 47
80 81 49 71
80 25 31 54
82 10 13 63
83 84 55 17
84 64 31 50
89 81 1 76
91 81 7 76
92 25 43 54
97 10 37 63
97 84 1 37
100 64 25 50
101 81 15 76
102 25 55 54
102 84 31 17
104 106 31 47
105 81 19 76
106 10 31 63
107 10 49 63
107 84 7 37
109 81 55 71
112 84 13 37
113 84 19 37
113 25 1 66
115 25 19 66
117 64 7 105
122 64 39 50
122 106 43 47
123 10 25 63
124 64 43 50
126 81 25 76
127 10 43 63
130 106 37 47
132 106 19 47
135 106 49 47
136 25 49 54
137 10 55 63
140 106 55 47
140 81 31 76
141 10 1 73
142 106 1 85
142 81 37 76
143 25 7 66
145 84 25 37
146 81 43 76
149 64 55 50
149 106 7 85
150 64 49 50
152 64 25 74
153 25 13 66
154 84 31 37
155 64 31 74
155 25 27 66
158 10 13 73
159 10 7 73
159 81 49 76
159 25 37 66
161 64 37 74
162 64 49 74
162 81 1 125
162 84 37 37
164 10 19 73
166 106 13 85
167 84 43 37
169 84 55 37
170 81 55 76
171 106 19 85
171 81 7 125
172 84 49 37
173 81 13 125
173 84 1 57
173 25 43 66
176 10 25 73
176 81 19 125
177 25 31 66
178 25 49 66
180 25 55 66
181 64 1 105
182 64 13 105
182 25 1 115
184 81 25 125
185 84 13 57
186 64 43 74
189 106 25 85
191 84 7 57
192 106 31 85
193 10 31 73
194 64 19 105
196 106 37 85
196 81 31 125
197 25 57 74
198 64 25 105
200 25 7 115
201 10 43 73
202 106 43 85
203 64 31 105
203 81 37 125
205 84 25 57
206 84 19 57
207 64 37 105
207 106 49 85
209 106 55 85
211 64 43 105
212 84 31 57
213 25 13 115
217 81 43 125
217 84 37 57
2 51 13 75
10 121 16 34
13 121 7 34
23 51 16 75
24 51 19 75
28 51 7 75
31 51 22 75
38 51 10 75
40 51 1 75
43 121 1 34
45 121 4 34
45 51 25 75
48 121 13 34
63 121 21 34
66 51 4 75
69 51 31 75
73 121 10 34
83 51 34 75
85 121 25 34
93 121 28 34
95 51 43 75
101 51 28 75
107 121 31 34
112 121 49 34
116 51 37 75
117 121 13 44
123 51 46 75
133 51 40 75
135 121 40 34
136 121 45 34
137 51 49 75
150 121 34 34
152 51 52 75
154 51 58 75
165 51 1 87
169 51 4 87
170 51 7 87
172 51 55 75
174 51 10 87
178 51 13 87
179 121 52 34
185 121 37 34
191 121 55 34
197 51 16 87
199 121 58 34
202 51 19 87
205 121 1 44
210 121 7 44
213 121 4 44
215 51 22 87
5 57 16 16
6 57 11 16
11 57 5 16
19 57 1 16
25 57 7 16
29 57 13 16
38 57 19 16
53 57 21 16
59 57 3 16
71 57 9 16
77 57 23 16
84 57 28 16
85 57 31 16
89 57 25 16
92 57 33 16
93 57 37 16
95 57 35 16
104 57 43 16
107 57 47 16
115 57 39 16
120 57 41 16
124 57 49 16
126 57 45 16
130 57 51 16
147 57 53 16
150 57 55 16
151 57 57 16
158 57 59 16
163 57 1 46
173 57 5 46
174 57 3 46
181 57 7 46
188 57 9 46
189 57 11 46
217 57 13 46
3 39 25 46
3 59 31 6
4 59 13 6
6 95 45 45
7 95 49 45
10 113 25 20
12 95 55 45
14 39 31 46
14 95 25 59
15 95 37 59
16 59 19 6
16 95 13 59
17 95 43 59
24 95 31 59
27 59 37 6
33 39 19 46
36 113 7 20
39 95 7 59
40 113 19 20
42 59 1 6
42 95 19 59
45 113 31 20
47 39 15 46
53 95 49 59
55 113 13 20
57 59 43 6
59 39 37 46
64 95 1 59
66 95 55 59
68 39 43 46
70 59 7 6
70 95 21 72
72 59 27 6
74 95 1 72
78 113 1 20
78 95 7 72
81 39 49 46
84 95 13 72
85 95 33 72
87 39 55 46
87 113 43 20
88 95 43 72
90 39 1 79
91 113 37 20
94 39 7 79
95 59 49 6
96 59 55 6
97 39 13 79
97 59 7 12
98 59 1 12
99 95 37 72
100 113 19 44
101 39 19 79
102 59 13 12
106 39 37 79
108 39 33 79
109 59 19 12
112 39 25 79
114 39 43 79
114 113 49 20
119 39 49 79
119 113 55 20
125 59 25 12
126 95 49 72
127 95 25 72
128 95 55 72
129 39 7 120
130 113 25 44
132 59 31 12
134 39 55 79
140 59 37 12
141 39 27 120
142 95 7 117
143 113 31 44
145 39 1 120
147 113 39 44
152 95 1 117
154 113 43 44
158 113 49 44
159 59 43 12
165 59 49 12
166 95 19 117
169 59 13 36
171 59 55 12
174 113 55 44
175 39 13 120
175 113 1 97
181 113 9 97
185 59 1 36
186 113 13 97
188 59 19 36
189 39 19 120
189 59 7 36
190 39 31 120
190 95 37 117
192 113 19 97
201 59 25 36
201 95 31 117
202 113 25 97
202 59 31 36
204 39 43 120
205 113 31 97
209 39 37 120
214 39 51 120
216 39 55 120
218 39 45 122
219 95 13 117
2 141 16 40
3 133 22 62
7 141 21 40
8 31 7 69
10 17 31 31
13 31 19 69
18 31 25 69
23 133 13 62
26 133 1 62
26 17 25 31
26 31 4 69
30 31 16 69
32 133 7 62
32 141 10 40
33 31 10 69
36 133 16 62
36 17 28 31
36 31 13 69
39 17 34 31
41 31 28 69
44 141 13 40
44 17 49 31
45 141 1 40
48 133 19 62
49 17 37 31
49 31 1 69
50 17 40 31
52 31 37 69
55 133 10 62
55 141 7 40
55 31 22 69
56 17 52 31
64 133 25 62
64 17 43 31
65 17 46 31
65 141 4 40
79 133 4 62
79 141 25 40
83 133 40 62
83 31 43 69
85 141 28 40
85 17 55 31
87 141 31 40
88 17 58 31
90 133 28 62
94 31 31 69
99 17 57 48
102 17 1 86
109 141 34 40
110 141 37 40
110 31 40 69
111 141 43 40
113 31 34 69
119 31 46 69
120 17 4 86
121 141 40 40
124 141 51 40
125 17 7 86
126 133 31 62
130 141 55 40
130 31 58 69
142 133 34 62
143 141 46 40
146 31 49 69
151 141 25 87
156 133 43 62
157 31 7 94
158 17 10 86
158 31 55 69
159 141 58 40
165 141 28 87
166 141 31 87
167 31 52 69
174 141 34 87
174 17 13 86
174 31 16 94
178 31 1 94
180 133 49 62
184 141 37 87
185 17 19 86
186 31 4 94
187 133 37 62
187 17 16 86
190 133 46 62
190 17 22 86
191 133 52 62
191 31 13 94
192 133 55 62
195 141 40 87
196 17 25 86
198 17 31 86
201 141 51 87
204 133 58 62
204 17 28 86
206 17 37 86
208 133 13 150
208 17 40 86
210 17 34 86
211 133 1 150
212 133 7 150
214 17 43 86
215 141 43 87
216 17 46 86
217 133 4 150
217 17 49 86
218 17 52 86
12 12 11 6
12 65 17 15
12 123 23 37
17 12 5 6
18 123 5 37
20 123 11 37
23 65 11 15
23 12 23 6
27 65 5 15
29 123 17 37
34 65 9 15
35 12 35 6
43 12 17 6
43 65 7 15
45 123 29 37
51 123 35 37
53 12 25 6
53 123 41 37
57 12 41 6
64 12 47 6
64 65 15 15
68 65 1 15
70 65 28 15
76 65 3 15
76 12 53 6
76 123 47 37
77 12 59 6
77 123 53 37
79 123 59 37
80 123 1 70
93 65 13 15
94 12 5 57
97 123 5 70
98 65 19 15
99 65 21 15
110 65 23 15
113 65 25 15
114 65 39 15
114 123 3 70
122 65 31 15
122 12 11 57
125 12 17 57
125 123 10 70
130 123 7 70
132 65 35 15
136 65 33 15
136 123 13 70
139 123 15 70
140 12 23 57
144 65 37 15
145 65 43 15
145 123 17 70
148 65 41 15
150 123 19 70
153 65 45 15
155 12 35 57
156 123 21 70
157 65 47 15
160 12 29 57
163 123 23 70
166 123 25 70
167 65 55 15
170 65 49 15
176 12 41 57
176 123 29 70
179 65 57 15
179 123 27 70
182 12 52 57
183 123 31 70
192 123 35 70
205 65 51 15
210 65 53 15
211 65 59 15
212 123 37 70
213 65 25 32
213 12 45 57
216 123 33 70
218 123 43 70
219 12 47 57
219 65 28 32
3 115 37 7
6 47 19 22
8 110 13 22
8 48 19 39
13 115 25 7
14 115 43 7
15 110 25 22
17 47 49 22
17 115 55 7
19 115 3 7
21 115 31 7
23 110 31 22
23 115 49 7
24 115 43 8
28 115 13 7
29 47 43 22
32 47 37 22
38 110 55 22
40 115 55 8
41 47 3 22
42 110 49 73
44 47 25 109
44 115 55 97
55 48 25 39
56 115 37 97
57 47 19 109
59 48 7 39
61 47 13 109
61 48 31 39
62 115 49 8
63 115 49 97
67 115 7 7
69 110 7 22
69 47 1 109
69 115 19 7
72 47 37 109
75 110 37 73
77 110 55 73
77 115 43 97
83 47 7 109
86 115 1 102
89 110 13 103
90 115 7 102
91 110 19 103
92 48 1 39
93 48 15 39
94 115 13 102
95 48 55 39
97 115 19 102
98 110 27 103
99 110 1 103
99 115 31 102
103 115 25 102
106 110 43 103
107 47 55 109
107 115 1 135
114 115 55 102
116 115 43 102
119 115 37 102
120 48 37 39
121 48 43 39
122 110 7 103
123 110 31 103
124 48 25 49
124 115 7 135
125 47 31 109
128 48 49 39
129 115 13 135
132 47 43 109
134 110 37 103
138 115 49 102
138 48 31 49
140 48 45 49
143 115 49 125
145 110 49 103
145 48 55 49
146 47 19 115
147 47 49 109
147 115 55 125
149 48 37 49
151 115 19 135
154 115 37 135
155 110 13 107
156 115 25 135
157 47 25 115
158 115 31 135
160 110 55 103
161 47 33 115
162 110 7 107
164 115 43 135
165 47 37 115
169 110 19 107
170 47 43 115
172 48 25 94
174 48 19 94
177 47 1 136
182 115 7 181
183 47 57 115
186 110 25 107
187 115 1 181
195 47 49 115
197 110 1 107
200 110 31 107
200 48 51 49
201 47 7 136
202 115 49 135
206 110 43 107
207 48 31 94
215 110 37 107
216 115 13 181
218 48 57 94
2 43 19 77
4 6 10 13
7 131 25 68
7 61 37 94
9 43 10 77
11 15 31 58
16 43 4 77
16 54 25 25
18 15 28 58
20 15 19 58
23 61 40 94
25 131 37 68
26 61 10 94
27 15 34 58
28 15 10 58
28 61 43 94
29 6 1 13
32 6 19 13
32 15 22 58
33 43 7 77
34 43 13 77
34 54 16 25
36 54 19 25
38 131 21 68
40 131 28 68
41 54 9 25
42 6 13 13
42 43 25 77
43 15 4 58
45 54 13 25
46 131 16 44
46 43 22 77
47 61 46 94
49 131 10 44
50 54 1 25
51 54 28 25
54 43 28 77
55 15 37 58
56 15 1 58
61 6 22 13
61 61 19 106
62 6 4 13
63 54 4 25
71 131 31 68
71 54 34 25
72 43 1 77
74 43 16 77
75 61 49 94
76 61 22 106
77 6 7 13
79 54 31 25
81 15 7 58
84 131 40 68
85 61 52 94
88 43 31 77
89 15 40 58
90 6 16 13
92 6 37 13
94 15 43 58
96 6 25 13
98 15 13 58
99 15 7 61
99 54 13 78
100 54 37 25
100 61 1 106
104 61 7 106
105 15 16 58
106 54 22 25
108 61 10 106
110 131 46 68
114 43 7 88
115 54 43 25
116 54 55 25
117 43 16 88
118 131 34 68
119 43 34 77
119 15 25 58
121 61 4 106
123 131 43 68
125 15 46 58
126 61 13 106
127 131 49 68
128 6 28 13
129 15 4 61
133 15 1 61
133 43 37 77
136 43 55 77
136 61 16 106
138 131 55 68
138 15 58 58
139 131 52 68
139 15 55 58
141 131 58 68
141 43 40 77
143 54 40 25
149 131 49 77
149 6 31 13
150 6 45 13
152 6 34 13
153 61 58 106
156 131 46 77
156 61 49 106
157 54 49 25
161 6 55 13
161 15 10 61
163 6 40 13
163 54 46 25
165 61 25 106
166 15 49 58
167 6 58 13
168 15 13 61
169 131 43 77
171 6 49 13
171 15 25 61
171 61 28 106
174 43 25 88
174 54 39 70
176 6 52 13
177 6 7 33
180 54 52 25
181 6 13 33
184 131 52 77
187 15 19 61
189 15 52 58
192 43 58 77
195 61 37 106
196 54 45 70
198 54 49 70
199 6 1 33
199 61 31 106
200 131 1 168
200 61 40 106
202 54 16 78
203 54 52 70
204 15 16 61
206 54 25 78
207 54 58 25
209 15 22 61
210 131 10 168
211 6 4 33
215 43 1 88
218 43 4 88
219 54 22 78
2 77 11 24
3 98 17 65
3 77 29 24
9 128 23 39
9 98 29 65
10 128 5 39
12 128 29 39
12 98 35 65
18 98 23 65
18 77 17 24
31 98 7 65
36 128 11 39
38 77 1 24
46 128 13 39
48 98 41 65
49 77 4 24
50 128 35 39
50 77 23 24
51 128 41 39
51 77 9 24
51 98 47 65
52 98 1 65
60 128 47 39
60 77 7 24
61 128 53 39
63 128 59 39
71 77 21 24
72 77 15 24
74 98 53 65
77 98 1 100
78 77 13 24
82 77 19 24
85 77 37 24
86 77 25 24
86 98 59 65
88 98 3 100
88 77 47 24
89 98 5 100
92 77 31 24
93 98 7 100
95 98 9 100
96 128 5 54
102 98 11 100
107 98 13 100
108 128 17 54
108 77 49 24
111 128 11 54
118 98 15 100
121 77 27 24
125 98 19 100
126 98 17 100
127 128 23 54
127 77 33 24
129 77 35 24
132 77 59 24
133 128 29 54
134 77 41 24
135 128 35 54
135 77 43 24
136 98 21 100
137 128 41 54
137 98 23 100
141 128 47 54
145 98 29 100
151 77 39 24
158 128 53 54
160 98 25 100
163 77 53 24
166 128 59 54
168 98 31 100
170 98 27 100
173 77 51 24
176 77 45 24
179 77 55 24
183 128 5 73
184 128 11 73
185 98 33 100
189 98 35 100
190 98 41 100
196 77 1 29
198 98 39 100
199 77 4 29
201 77 57 24
202 77 7 29
204 77 9 29
206 77 11 29
1 86 31 2
2 102 25 81
6 86 25 2
7 86 43 2
8 86 37 2
10 60 37 23
13 102 31 81
13 82 37 52
16 82 31 52
20 102 37 81
20 86 49 2
24 82 49 52
26 82 13 52
26 86 55 2
28 60 25 23
29 82 19 52
30 102 19 81
32 82 25 52
35 82 1 52
39 82 43 52
40 86 31 11
41 82 55 52
46 102 7 81
47 102 1 81
47 82 7 52
49 86 13 2
50 86 25 11
51 60 15 23
51 82 43 80
53 102 43 81
54 60 19 23
54 86 13 11
55 86 49 11
55 60 31 23
56 82 31 80
64 86 9 2
65 60 49 23
67 102 1 96
67 60 43 23
68 86 55 11
69 60 49 105
71 86 1 2
74 102 55 81
74 60 7 23
76 82 25 80
77 86 3 11
81 60 1 23
82 102 49 81
84 60 55 23
84 86 7 11
86 82 7 80
89 86 43 11
92 60 55 105
94 60 49 117
95 102 13 81
96 102 7 96
106 60 55 117
107 102 19 96
110 60 25 117
112 60 21 169
113 60 7 169
114 60 13 169
115 86 1 175
119 102 1 121
122 82 1 80
125 102 13 96
130 60 1 169
131 82 13 80
132 82 1 160
134 60 43 117
136 102 25 96
139 102 37 96
146 60 31 169
150 60 25 169
150 86 21 2
154 82 19 80
156 102 55 96
156 60 1 190
159 102 13 121
159 86 19 11
160 60 7 190
162 86 13 175
164 82 55 80
165 86 19 175
171 82 43 160
172 82 37 80
173 86 7 175
177 82 13 160
178 60 43 169
180 60 13 190
185 102 43 96
186 102 31 96
188 86 37 11
191 60 37 169
194 60 49 169
198 86 43 175
201 86 1 179
205 102 43 106
206 60 3 209
209 60 25 190
211 60 55 169
212 60 39 190
214 60 31 190
216 102 49 96
2 144 49 57
4 144 55 57
5 145 49 122
8 145 52 122
9 145 55 122
10 145 58 122
16 145 28 126
24 144 58 57
28 144 19 92
38 144 7 92
43 144 10 92
46 144 25 92
52 145 3 126
65 144 1 92
72 145 7 126
84 144 4 92
98 144 16 92
102 145 19 126
103 144 22 92
110 144 13 92
118 145 10 126
121 145 13 126
128 144 31 92
128 145 22 126
141 144 34 92
143 145 16 126
144 144 28 92
144 145 25 126
147 144 43 92
151 145 49 126
152 145 58 126
154 145 52 126
156 145 7 154
158 145 37 126
163 144 37 92
167 145 31 126
175 144 55 92
177 145 40 126
183 144 40 92
185 145 55 126
187 145 34 126
188 144 46 92
189 145 43 126
194 144 1 99
200 144 58 92
213 144 49 92
217 144 52 92
1 100 17 2
4 104 5 83
13 100 29 2
15 23 5 20
21 104 1 83
22 100 35 2
24 23 11 20
25 23 17 20
31 23 29 20
36 100 41 2
37 100 5 2
43 23 23 20
48 100 7 2
49 104 17 83
49 23 35 20
51 104 11 83
52 23 41 20
58 104 13 83
64 23 53 20
64 104 19 83
69 100 47 2
79 23 47 20
80 100 53 2
80 104 3 83
86 23 5 21
86 104 15 83
90 104 21 83
91 104 23 83
92 104 7 83
95 100 19 2
97 104 25 83
98 23 59 20
102 23 17 21
102 100 59 2
102 104 9 83
105 100 11 21
106 23 35 21
107 104 53 83
109 100 23 21
111 104 27 83
111 23 29 21
112 100 41 21
117 23 47 21
124 23 17 73
125 104 29 83
128 23 53 21
137 100 59 21
138 100 5 23
139 23 7 25
143 104 35 83
144 23 53 45
144 104 31 83
146 100 11 23
146 104 40 83
146 23 59 45
147 23 23 73
163 23 35 73
164 23 29 73
168 100 23 23
168 104 33 83
173 23 49 64
178 100 29 23
181 100 35 23
182 100 41 23
184 100 13 23
187 23 53 73
192 104 37 83
194 100 53 23
197 100 47 23
197 23 41 73
199 23 47 73
199 104 43 83
204 100 5 41
205 104 55 83
213 23 59 73
214 100 11 41
216 104 59 83
218 100 17 41
218 23 49 83
219 23 51 83
2 75 22 91
4 69 37 36
8 27 10 33
10 58 34 78
11 69 40 36
12 27 25 33
19 75 31 91
19 117 55 70
20 27 22 33
22 126 10 99
23 27 37 33
24 126 22 49
25 69 43 36
25 116 40 88
29 58 28 78
29 126 25 99
30 27 28 33
31 27 16 33
31 126 13 99
34 58 19 78
34 116 22 88
35 75 13 91
37 27 31 33
40 58 37 78
40 27 40 33
40 126 4 99
41 116 37 88
41 27 43 33
43 116 13 88
46 117 58 70
46 126 19 99
47 75 28 91
49 75 19 91
51 75 25 91
52 116 19 88
53 58 31 78
54 69 49 36
54 58 40 78
55 117 19 114
56 75 4 91
58 75 16 91
60 27 19 33
62 117 1 114
62 58 43 78
63 58 55 78
66 58 49 78
66 126 22 99
68 69 52 36
68 75 34 91
72 69 55 36
72 27 58 33
76 126 31 99
77 116 10 88
78 58 52 78
79 117 7 114
80 27 46 33
80 75 7 91
81 69 46 36
81 117 10 114
81 126 16 99
82 117 4 114
82 126 7 99
83 117 13 114
86 126 34 99
89 58 27 116
92 117 16 114
92 58 13 116
93 69 58 36
93 116 31 88
96 27 49 33
98 69 49 107
100 69 45 83
101 27 34 33
102 58 46 78
102 116 43 88
106 116 49 88
108 27 52 33
108 116 46 88
109 117 25 114
111 75 1 91
112 75 52 91
112 116 55 88
112 126 58 99
113 27 55 33
117 126 31 164
118 117 22 114
119 27 13 95
120 69 52 107
120 75 10 91
120 117 28 114
122 75 49 91
126 69 34 114
127 27 1 95
128 27 4 95
129 75 43 91
129 27 28 95
130 69 31 114
131 69 55 107
131 126 46 99
132 75 7 112
133 69 43 114
133 117 46 114
133 126 4 164
134 75 51 110
134 27 7 95
135 27 10 95
135 75 46 91
136 69 58 107
136 126 1 164
137 69 37 114
137 117 52 114
140 27 16 95
140 116 28 88
142 126 43 99
143 58 58 78
145 117 13 136
146 27 52 95
151 58 1 116
151 117 16 136
153 27 19 95
153 75 1 112
154 69 49 114
154 126 7 164
155 126 37 99
157 27 22 95
157 69 40 114
157 126 10 164
160 58 4 116
161 75 58 91
162 69 55 114
163 27 25 95
164 27 31 95
165 27 43 95
166 117 27 136
167 27 37 95
167 58 10 116
167 75 40 91
167 117 19 136
168 75 37 91
169 116 1 123
169 27 40 95
171 69 1 128
174 75 28 112
175 116 58 88
176 116 34 88
177 58 19 116
179 75 4 112
180 75 10 112
180 117 22 136
181 75 55 91
183 27 34 95
183 75 13 112
183 116 7 123
184 27 49 95
185 116 25 123
185 126 28 99
186 75 55 110
188 58 16 116
189 69 58 114
191 27 58 95
192 58 7 116
192 117 39 136
193 27 46 95
193 69 4 128
193 116 10 123
194 126 13 164
195 75 58 110
200 69 13 128
203 27 46 126
203 75 16 112
203 116 4 123
204 75 19 112
205 58 37 116
207 69 16 128
207 58 22 116
208 69 19 128
209 117 31 136
212 117 43 136
212 58 46 116
213 69 7 128
215 117 34 136
217 116 15 123
217 126 55 99
219 27 1 147
219 75 31 112
219 117 34 181
11 79 17 17
32 103 43 13
37 103 34 32
50 103 31 32
56 103 41 32
59 103 47 32
63 103 53 32
64 103 37 32
65 103 39 32
66 103 59 32
67 103 5 72
67 79 11 17
82 103 55 32
89 103 49 32
91 103 43 32
94 79 23 17
95 103 11 72
97 103 45 32
98 103 57 32
100 103 17 72
103 79 5 17
111 103 19 72
113 103 29 72
115 79 29 17
117 103 41 72
120 79 47 17
140 79 35 17
144 79 41 17
144 103 51 32
146 79 5 26
149 103 59 72
149 79 11 26
152 79 17 26
155 103 47 72
161 79 53 17
161 103 5 79
162 79 23 26
167 103 17 79
177 79 59 17
183 79 29 26
184 79 35 26
184 103 31 72
186 79 41 26
194 103 11 79
194 79 5 35
195 79 47 26
198 79 53 26
203 103 23 79
204 79 11 35
204 103 53 72
205 79 59 26
206 79 17 35
207 103 29 79
212 79 29 35
216 79 23 35
219 79 37 35
1 124 37 154
2 70 31 61
3 70 43 61
9 70 37 61
11 70 49 61
16 70 55 61
18 70 31 137
19 124 43 154
22 124 25 154
31 70 25 137
31 124 31 154
38 70 43 137
39 70 19 137
41 124 49 154
45 70 7 137
54 124 55 154
55 70 55 137
56 124 55 157
65 124 25 157
69 70 13 137
69 124 37 157
70 124 31 157
77 124 49 157
80 124 13 154
85 124 21 154
87 124 1 154
93 124 1 157
103 124 9 157
105 70 1 137
108 70 55 159
110 124 19 157
115 70 25 179
116 70 13 179
121 124 7 163
123 124 15 157
126 70 37 137
130 70 9 179
135 124 1 163
141 70 49 137
145 124 19 163
153 70 7 203
160 70 19 179
164 124 13 163
174 70 43 179
175 124 25 163
178 70 55 179
179 70 31 179
179 124 43 157
182 124 31 163
187 70 25 203
189 124 37 163
193 70 37 179
197 124 43 163
199 70 13 203
210 124 49 163
214 124 55 163
1 9 22 89
1 50 43 101
4 9 28 61
5 50 31 101
6 9 16 89
7 9 28 89
8 9 25 89
8 139 28 29
14 50 37 101
15 139 43 29
16 139 37 29
18 9 37 89
20 9 31 89
20 105 34 51
20 50 46 101
21 139 25 29
27 9 43 89
28 105 46 51
29 50 49 101
30 105 25 51
30 139 40 29
34 139 31 29
36 105 22 51
38 50 25 101
39 50 16 101
40 9 46 89
46 9 34 89
46 105 28 51
48 139 16 29
48 50 22 101
52 9 13 89
52 50 52 101
57 9 55 89
58 105 19 51
58 9 40 89
60 9 9 89
61 50 40 101
63 9 34 106
64 9 58 89
65 139 34 29
70 50 55 101
71 50 28 101
71 105 37 51
72 9 19 89
75 105 1 51
76 9 49 89
76 139 55 29
77 9 40 99
79 139 13 29
80 9 55 106
80 50 10 101
82 50 1 101
83 105 16 51
87 50 7 101
92 50 19 101
98 9 52 89
100 50 4 101
102 105 4 51
103 139 19 29
104 50 13 101
105 50 46 104
109 139 46 29
110 50 58 101
110 105 49 51
115 105 31 51
116 139 22 29
116 50 34 101
118 105 7 51
119 139 19 38
125 9 49 99
126 105 10 51
128 139 1 38
128 50 46 136
132 105 13 51
133 50 7 139
138 50 13 139
139 9 1 131
139 139 58 29
146 105 55 51
150 139 4 38
151 105 52 51
153 9 4 131
154 105 1 134
157 50 16 139
159 139 25 38
161 105 43 51
168 50 55 104
169 139 7 38
169 50 25 139
170 50 51 104
171 139 13 38
172 105 58 51
173 9 19 131
175 9 10 131
178 9 7 131
180 105 4 134
182 139 22 38
189 9 13 131
190 139 49 29
191 9 22 131
191 139 28 38
191 50 1 139
192 139 52 29
193 139 43 38
193 105 7 134
194 105 16 134
195 139 10 38
196 9 52 99
197 50 49 136
203 9 25 131
207 139 46 38
208 105 22 134
209 9 52 106
213 50 52 136
214 105 40 51
218 50 10 139
21 46 37 121
28 46 49 121
31 46 43 121
34 46 25 121
45 46 55 121
54 46 31 121
58 46 31 132
61 46 43 132
75 46 19 121
82 46 37 132
90 46 55 132
96 46 1 132
118 46 25 132
121 46 55 134
134 46 13 132
139 46 9 121
142 46 19 132
143 46 27 134
145 46 31 134
148 46 7 132
152 46 7 141
156 46 13 141
159 46 1 141
176 46 37 134
181 46 19 141
187 46 7 143
205 46 13 143
208 46 43 134
213 46 27 141
4 11 22 128
9 130 31 131
19 130 34 131
22 11 31 128
23 130 43 131
24 130 37 131
29 130 52 131
30 11 37 128
31 130 40 131
32 11 34 128
33 130 49 131
36 130 46 131
36 11 25 128
37 130 16 131
40 2 25 112
43 130 28 131
47 2 43 112
49 2 22 112
53 2 34 112
54 2 37 112
54 11 52 128
58 11 43 128
60 2 40 112
60 11 49 128
61 130 37 146
66 11 19 129
67 130 19 146
68 11 28 128
71 11 40 128
73 11 46 128
74 130 13 146
74 11 22 129
78 2 49 112
78 11 55 128
80 2 58 112
81 130 55 131
81 11 58 128
95 2 46 112
101 11 10 128
104 11 10 129
116 130 58 131
118 2 52 112
120 2 55 112
121 2 1 142
121 130 16 146
125 130 1 146
130 11 13 129
131 130 4 146
135 130 7 146
135 2 13 142
141 11 7 129
143 11 1 129
148 130 22 146
150 11 16 129
154 11 4 129
162 130 31 146
167 130 22 160
167 11 1 144
174 130 7 160
175 2 19 142
177 130 10 146
179 130 49 146
185 130 40 146
190 130 55 146
190 2 4 142
191 2 25 142
196 2 7 142
211 130 25 146
211 11 28 129
212 2 10 142
3 34 35 61
4 34 41 61
4 91 59 23
6 34 53 61
6 91 49 87
8 3 5 52
12 7 31 38
13 91 46 87
17 34 47 61
20 34 59 61
21 3 17 52
22 3 23 52
22 7 17 36
24 3 29 52
26 7 23 36
29 3 11 52
31 91 5 78
32 3 47 52
34 7 5 36
36 3 35 52
37 34 41 79
37 3 53 52
39 7 11 36
43 91 55 87
52 91 11 78
54 7 35 36
57 3 59 52
57 91 5 93
58 34 47 79
58 3 53 79
59 7 29 36
59 91 59 87
60 3 31 79
60 91 57 87
62 3 41 52
64 34 5 85
67 3 59 79
70 3 58 86
70 7 35 38
75 3 55 86
77 3 29 94
79 3 23 94
84 3 35 94
86 34 11 85
87 91 11 93
88 3 55 94
88 91 17 93
90 91 35 93
93 3 43 100
93 34 41 85
96 34 17 85
97 3 47 100
98 34 23 85
100 91 23 93
103 7 17 38
105 34 29 85
109 7 37 38
109 91 29 93
110 3 52 100
112 34 35 85
113 34 53 85
113 3 37 100
114 7 41 38
117 34 5 105
118 3 49 100
122 34 47 85
123 34 59 85
125 3 55 100
126 34 29 105
127 3 5 111
128 91 41 93
130 3 17 111
131 91 53 93
132 91 47 93
134 3 59 100
135 3 23 111
135 34 17 105
137 34 11 105
140 3 11 111
141 3 45 100
142 3 57 100
147 7 59 38
148 7 33 38
150 91 11 125
154 34 23 105
156 7 52 38
157 91 59 93
158 34 35 105
159 34 41 105
162 34 47 105
163 3 59 111
163 7 55 38
166 91 5 125
168 91 17 125
172 7 11 63
176 34 59 105
176 3 47 111
178 3 53 111
183 34 11 107
184 34 5 107
184 91 23 125
185 34 17 107
186 34 53 105
188 34 23 107
193 3 29 111
195 91 29 125
196 7 49 38
198 7 5 63
201 3 35 111
204 91 35 125
205 3 41 111
215 3 5 132
215 91 41 125
1 67 46 123
1 74 49 4
1 112 55 136
2 73 37 139
3 89 52 4
4 89 19 4
4 125 25 118
5 89 34 4
6 89 31 4
6 73 34 139
7 125 31 118
8 112 58 136
9 67 19 123
9 74 25 4
12 67 37 123
13 89 22 4
15 67 49 123
21 67 28 123
21 74 43 4
21 125 46 118
23 112 46 143
24 125 40 118
25 74 1 4
26 73 40 139
27 67 31 123
29 74 55 4
29 112 58 143
30 125 43 118
31 67 52 123
33 74 37 4
34 67 34 123
34 89 40 4
35 74 58 4
36 67 43 123
37 74 7 4
37 112 1 143
39 67 40 123
40 112 43 143
42 67 55 123
42 74 28 4
42 125 34 118
43 73 19 139
43 112 25 143
45 89 52 88
49 67 58 123
49 112 31 143
50 73 43 139
53 112 28 143
54 89 4 4
56 73 28 139
57 112 34 143
60 112 22 143
63 89 13 4
63 73 16 142
68 73 49 139
68 74 13 113
69 67 34 144
70 73 52 139
73 67 22 123
73 74 1 113
74 89 46 4
79 73 55 139
83 74 46 113
84 73 37 142
85 74 10 4
86 74 22 113
94 74 34 113
94 112 37 143
96 73 22 139
96 89 40 116
98 73 33 142
100 73 40 142
101 89 31 116
101 125 1 118
102 67 22 144
102 73 49 142
102 89 40 143
103 67 37 144
103 89 58 104
105 89 13 134
107 67 25 144
109 73 31 139
110 67 4 144
111 67 7 144
113 67 13 144
113 73 58 139
113 74 16 4
113 125 31 141
114 125 10 118
118 73 4 139
118 89 55 116
120 73 22 142
123 74 4 113
123 125 7 118
124 125 19 118
125 73 43 142
129 73 46 139
131 73 58 142
134 89 10 134
135 112 19 143
138 74 16 113
139 73 4 148
139 89 34 116
140 74 19 113
142 67 31 144
144 67 10 144
144 89 43 116
144 112 4 143
147 125 4 118
149 112 16 164
150 112 37 164
151 67 10 154
151 74 7 113
151 112 4 189
155 125 22 118
156 67 10 180
157 125 13 118
158 89 19 134
160 67 16 144
163 89 3 145
164 125 34 141
166 74 10 113
167 89 13 145
168 74 40 113
168 89 58 116
168 112 1 189
170 67 19 144
177 67 28 144
179 67 1 180
179 112 19 164
179 125 16 118
180 74 25 113
182 89 19 145
183 125 37 118
188 112 49 143
189 74 31 113
191 67 4 180
191 125 19 149
192 125 1 149
193 125 13 149
195 73 55 142
196 89 55 143
196 125 28 118
199 73 28 142
202 67 13 180
202 89 9 145
203 74 28 113
204 125 49 118
205 112 7 189
206 125 40 141
210 74 37 113
210 125 55 118
212 89 49 116
216 89 25 145
216 125 37 141
217 125 58 118
1 55 29 3
2 38 29 7
4 142 35 46
4 30 43 34
4 55 17 3
5 55 23 3
6 142 23 46
12 142 41 46
14 93 11 7
17 55 35 3
18 30 11 47
19 38 17 7
21 16 5 3
21 55 41 3
22 38 41 7
24 38 35 7
24 16 47 3
26 16 53 3
28 55 59 3
29 30 23 47
30 38 1 7
30 30 5 47
31 142 47 46
31 30 19 34
31 38 59 7
31 55 35 47
32 16 29 11
32 55 53 47
33 142 29 46
34 30 29 47
36 142 53 46
38 16 17 11
38 55 41 47
39 38 23 7
39 55 59 47
40 38 53 7
41 55 17 47
42 38 47 7
43 142 59 46
45 93 11 8
46 16 41 11
49 30 47 47
51 142 19 68
52 16 35 11
53 38 5 67
55 142 5 68
57 16 23 11
57 38 29 67
58 16 11 3
59 30 5 115
60 93 17 8
62 38 11 67
66 30 11 115
66 38 17 67
68 30 23 115
69 30 17 115
70 142 11 68
71 55 5 56
73 142 25 1
73 30 55 108
73 93 29 8
74 38 35 67
74 16 11 11
75 93 23 8
76 30 29 115
77 93 35 8
81 93 5 8
82 142 17 68
84 30 47 115
85 38 41 67
86 142 43 113
86 93 41 8
87 38 23 67
87 55 17 56
87 93 47 8
88 30 53 115
89 38 47 67
90 55 11 56
93 93 53 8
96 16 47 11
97 55 23 56
98 30 41 115
101 38 53 67
101 16 59 11
101 30 5 121
107 142 59 113
108 30 25 116
108 38 59 67
108 93 5 43
110 30 31 115
110 38 17 71
114 30 53 116
116 38 5 71
116 16 1 11
125 30 23 121
125 93 59 8
126 38 41 71
127 93 11 43
130 16 53 11
130 30 29 121
131 93 17 43
133 16 11 12
133 38 23 71
133 93 35 43
134 142 49 113
136 93 23 43
137 16 5 12
138 38 11 71
140 55 41 56
141 16 17 12
141 93 53 43
142 93 29 43
143 30 55 115
145 30 35 121
147 38 29 71
147 16 35 12
147 30 7 121
150 142 53 113
150 55 29 56
151 55 35 56
152 93 41 43
153 142 11 150
153 38 35 71
155 55 53 56
155 30 17 121
157 142 19 150
157 93 29 49
160 16 23 12
162 142 17 150
166 30 41 121
171 142 23 150
173 142 25 150
174 38 47 71
174 93 59 43
175 55 47 56
175 30 53 121
177 93 47 43
178 16 47 12
178 30 59 121
179 55 59 56
181 93 41 49
181 30 47 121
183 55 17 80
184 16 29 12
185 38 59 71
185 55 5 80
186 38 17 81
186 142 21 150
187 38 5 81
188 55 11 80
189 93 49 49
190 55 29 80
192 38 11 81
193 30 22 149
193 93 59 49
197 142 27 150
198 142 29 150
198 30 7 149
199 16 41 12
199 30 9 149
200 16 5 18
203 38 35 81
204 142 55 113
204 55 23 80
205 16 53 12
206 93 29 74
207 16 11 18
207 93 35 49
208 55 35 80
209 38 29 81
210 55 41 80
210 93 47 74
211 142 51 113
213 38 23 81
215 16 59 12
215 93 11 82
216 16 17 18
217 55 47 80
2 137 43 150
2 88 55 129
4 20 49 134
5 137 37 150
7 137 55 150
9 88 43 129
10 76 49 80
11 76 43 144
11 88 55 182
14 137 49 150
14 76 55 144
15 44 55 138
16 137 43 177
18 44 49 132
18 28 43 149
19 76 49 144
19 28 37 149
20 76 55 166
22 20 43 146
27 137 49 177
27 44 55 194
30 20 49 162
30 28 55 149
32 76 49 166
32 20 55 162
33 28 55 188
36 28 31 149
37 44 43 138
37 88 49 129
38 20 31 150
39 88 25 182
42 88 43 182
43 137 31 177
43 20 37 162
45 28 37 166
47 88 49 182
47 28 55 195
48 137 37 177
48 76 31 166
48 88 49 183
49 20 43 162
49 28 49 149
51 76 49 174
52 28 43 166
53 88 37 129
57 137 37 185
60 88 33 129
62 88 25 183
64 76 21 166
65 88 55 183
67 137 25 177
67 44 37 138
70 88 37 182
73 137 49 179
73 28 31 188
75 44 25 138
75 28 43 188
76 137 43 185
78 76 15 166
78 20 31 162
78 88 37 183
79 88 43 183
80 76 37 174
81 76 19 174
82 137 57 177
82 76 31 174
83 28 1 166
84 137 49 185
88 44 7 138
90 44 43 194
91 76 13 174
91 28 49 188
92 28 49 195
93 137 9 177
93 76 45 174
95 44 1 138
95 20 25 162
98 28 37 188
104 76 25 166
104 20 45 200
105 28 7 166
114 76 25 174
115 20 55 200
122 44 27 194
123 88 19 182
125 44 37 194
126 44 1 194
127 88 7 182
127 20 13 162
134 28 25 149
138 44 25 195
140 20 49 200
142 137 49 187
144 76 55 174
144 88 13 182
146 76 1 174
147 88 9 183
148 20 1 162
149 28 1 188
150 44 7 194
152 20 19 162
152 28 13 188
158 137 1 177
160 20 31 200
164 20 7 162
166 137 1 185
170 28 1 195
176 76 7 174
186 137 37 187
192 137 13 177
194 28 7 188
196 137 19 177
196 44 13 138
197 44 19 138
200 88 19 183
201 20 19 200
206 44 13 194
207 28 25 188
209 137 7 185
209 44 13 195
209 20 1 200
210 20 13 200
211 137 19 185
211 88 31 182
213 137 31 185
216 44 19 194
216 88 1 182
218 137 13 185
2 49 40 164
4 122 31 161
5 49 43 164
8 140 31 170
12 49 46 164
12 122 43 161
13 140 52 143
13 49 49 164
18 122 55 135
19 109 58 140
23 49 55 164
25 140 46 170
26 49 7 165
28 122 55 161
30 49 46 165
36 49 58 164
37 122 58 135
39 109 31 140
43 122 46 161
44 140 10 170
46 49 52 164
50 49 10 165
52 140 49 170
52 109 55 140
53 122 58 161
53 140 55 170
55 49 40 165
57 122 7 161
58 109 22 140
59 140 22 170
63 49 25 164
64 109 28 140
68 140 25 170
71 49 25 165
75 140 13 170
89 140 52 170
90 49 13 165
91 122 31 186
92 109 40 140
99 140 10 202
100 122 10 161
103 122 40 144
109 49 16 165
115 49 52 165
124 140 34 170
124 109 22 164
129 109 31 189
131 49 34 164
132 122 16 161
135 122 25 161
137 140 7 170
138 109 37 140
138 122 40 161
140 140 1 170
142 140 46 202
145 109 37 189
148 140 19 170
148 122 28 161
152 140 49 175
153 140 22 202
154 49 10 171
154 122 13 161
159 122 28 170
160 140 1 183
161 140 16 170
161 122 7 186
162 109 19 140
169 140 37 170
170 140 31 175
170 49 22 165
173 49 28 164
174 122 31 202
175 49 22 171
176 122 1 161
179 140 13 183
183 140 43 170
185 122 49 161
194 49 28 165
198 122 19 161
199 140 25 175
200 122 16 186
202 49 1 165
204 109 1 140
206 49 31 165
207 109 13 140
211 109 40 189
215 122 13 186
218 140 28 175
5 72 29 41
9 36 17 135
9 72 35 41
14 36 29 135
15 41 35 74
18 72 41 41
31 129 57 133
33 36 5 135
33 72 23 41
33 41 41 74
34 36 55 95
39 36 53 135
41 72 47 41
41 41 53 74
43 129 35 18
43 72 53 41
46 36 47 135
47 72 59 41
48 129 29 18
50 72 17 60
58 41 55 74
60 129 53 18
60 41 43 57
61 41 5 120
62 129 47 18
64 129 41 18
66 72 35 60
71 129 59 18
72 36 23 135
75 41 11 120
76 129 5 66
76 41 35 120
79 36 11 135
80 72 43 49
81 72 23 60
82 36 35 135
83 36 11 148
86 129 17 66
86 72 47 60
89 129 11 66
93 129 5 102
98 41 47 120
99 72 5 60
99 41 23 120
100 72 29 60
101 36 41 135
103 129 35 66
103 36 1 148
105 36 23 148
105 41 41 120
106 129 41 66
106 72 11 60
116 36 17 148
116 41 25 120
118 129 47 66
121 41 49 120
123 129 23 18
123 36 29 148
123 72 11 109
125 129 53 66
126 36 7 148
128 72 59 60
133 129 25 66
136 36 9 148
136 41 11 132
137 129 17 102
137 36 13 148
143 129 23 66
144 36 39 148
145 41 59 120
146 72 17 109
148 129 59 66
148 72 53 60
149 129 29 102
150 36 31 148
151 41 23 132
153 41 17 120
154 41 17 132
156 72 5 109
156 41 29 132
158 129 23 102
159 72 23 109
163 129 11 102
163 72 7 152
164 36 25 148
164 41 41 132
165 129 41 102
170 36 34 148
172 72 41 60
173 129 47 102
173 41 53 132
175 41 35 132
177 72 35 109
178 36 27 148
180 41 59 132
181 72 29 109
182 72 59 109
183 36 19 148
184 129 59 102
184 36 15 148
190 41 7 140
192 129 5 117
193 36 41 148
194 41 25 140
198 41 47 132
200 41 11 140
203 129 11 117
203 72 59 125
204 36 47 148
205 36 57 148
206 129 53 102
207 72 41 109
210 36 45 148
210 72 28 152
214 36 4 149
215 36 49 148
216 41 5 140
36 143 37 195
71 143 51 159
86 143 37 203
94 143 1 203
101 143 43 195
122 143 55 203
131 143 7 195
137 143 19 195
155 143 43 203
183 143 21 203
184 143 1 205
195 143 19 205
200 143 25 205
208 143 57 205
3 5 49 138
5 62 46 193
6 19 58 146
7 5 34 138
7 52 40 147
10 19 43 152
12 19 52 146
13 52 43 147
14 52 40 178
15 5 52 138
15 62 10 193
16 5 40 156
18 62 58 193
22 5 37 156
25 52 49 147
27 5 46 156
34 52 37 147
34 62 43 193
35 52 52 147
38 62 28 193
39 62 37 193
41 52 25 147
42 5 31 138
42 52 58 147
43 5 43 156
43 19 49 152
45 62 22 193
49 5 55 156
52 52 58 178
54 52 25 178
58 19 37 152
60 5 1 156
64 62 31 193
65 62 10 196
66 52 31 147
73 52 19 147
75 5 31 156
76 19 40 152
77 62 13 193
78 5 25 156
79 52 28 147
84 62 1 193
85 19 58 152
85 62 7 193
87 5 28 146
87 52 34 147
88 19 13 168
90 19 25 168
91 5 45 181
93 5 19 156
96 52 13 147
100 52 7 147
104 5 16 156
108 19 22 161
109 5 13 156
111 5 4 156
113 62 40 193
116 19 31 152
122 19 52 152
127 5 52 156
128 19 34 146
128 62 19 193
131 5 22 156
131 52 1 178
133 5 19 181
133 19 16 168
134 5 1 197
136 19 4 161
139 5 43 197
141 19 55 152
143 5 37 181
144 19 46 152
144 52 7 178
147 62 16 193
148 19 43 168
157 52 31 178
159 19 55 168
160 5 13 197
162 52 34 178
163 19 19 168
163 62 13 196
165 62 4 193
166 5 7 156
166 52 55 147
169 5 28 156
169 62 46 196
172 19 34 152
173 19 22 168
176 52 4 147
177 19 37 161
178 62 4 196
179 62 7 196
180 62 34 193
186 52 1 196
190 52 10 147
193 19 19 188
196 52 4 178
197 52 10 178
197 62 52 193
207 62 55 193
209 19 34 161
209 62 49 193
212 19 52 161
216 19 7 168
217 5 10 156
219 5 40 181
10 135 23 147
15 132 17 50
16 132 11 50
17 132 23 50
17 135 16 147
25 132 57 38
27 135 53 148
29 132 35 50
33 135 47 147
35 132 5 50
54 135 59 148
58 132 59 50
59 132 53 50
60 135 37 148
67 132 29 50
69 132 5 127
73 132 39 38
78 132 47 50
84 135 59 159
89 132 17 127
91 135 5 168
94 135 29 168
96 132 37 50
99 132 29 127
102 135 35 168
103 132 47 127
108 135 19 40
117 132 11 127
119 135 43 148
123 132 35 127
124 132 5 157
128 132 7 157
133 132 53 127
134 132 35 156
135 132 59 127
148 132 49 156
158 132 41 127
162 132 29 157
162 135 41 168
167 132 47 157
179 132 23 127
180 135 31 168
182 135 37 168
190 135 58 168
191 135 33 168
194 135 23 174
195 135 53 168
198 135 11 174
199 132 23 157
200 135 55 148
201 135 5 174
203 135 49 40
208 135 47 168
213 135 57 113
217 135 29 174
219 132 53 157
8 63 43 171
9 68 49 98
13 78 55 175
16 68 49 171
21 32 49 181
22 32 55 181
22 78 49 180
26 32 43 209
34 32 49 209
34 78 57 180
38 63 49 189
39 78 49 202
46 32 37 209
51 78 55 202
58 63 49 199
71 68 43 98
74 68 25 98
77 68 31 98
79 68 37 98
79 78 49 205
101 63 37 171
108 63 13 171
109 68 39 205
111 68 55 98
114 68 21 98
116 63 27 171
118 78 39 175
120 78 31 180
120 63 43 189
137 32 25 181
138 68 43 205
146 68 7 98
146 78 13 202
147 63 19 189
163 68 31 171
166 78 37 180
172 68 7 205
181 68 31 205
181 78 25 180
182 32 25 209
184 68 55 165
184 78 19 180
195 68 1 98
195 63 25 189
197 63 31 199
199 78 37 202
214 32 7 209
3 4 55 189
4 29 45 207
5 13 52 190
8 13 49 190
8 29 34 207
9 29 58 170
10 29 55 207
11 29 37 207
12 4 49 194
25 29 52 118
26 29 49 207
33 29 52 207
35 13 55 190
37 29 22 207
44 13 16 180
46 29 31 207
66 29 25 207
75 29 58 207
96 13 19 190
100 4 13 189
104 4 58 189
106 4 52 194
106 29 19 207
118 4 31 194
119 29 28 207
120 13 7 180
120 29 1 207
125 29 4 170
132 29 10 207
133 29 13 207
143 13 43 180
143 29 4 207
170 4 16 149
176 4 16 189
189 29 16 207
205 4 10 189
209 13 46 180
215 13 46 190
216 13 43 190
217 4 34 189
218 4 34 194
218 29 7 207
2 107 35 149
2 53 53 71
5 53 41 117
6 107 29 149
6 87 37 44
8 107 41 149
8 22 23 44
9 107 47 149
10 107 53 149
11 107 59 149
13 53 17 117
15 87 29 44
21 22 35 44
21 87 53 44
21 107 23 162
22 53 29 117
23 22 59 44
25 87 29 59
26 107 17 162
27 107 11 149
28 107 5 162
31 87 37 165
31 107 49 198
34 87 47 44
35 53 23 117
36 53 49 165
36 87 3 176
38 22 47 129
40 107 11 162
40 87 17 59
41 87 23 59
44 107 29 162
45 107 35 162
46 22 43 140
46 107 45 198
47 22 41 129
48 53 35 117
48 87 5 59
50 107 47 162
55 107 53 162
55 22 59 129
56 107 11 167
60 53 59 117
63 22 11 130
64 107 17 167
66 87 41 59
67 22 53 129
67 87 35 59
68 22 5 130
73 87 53 59
78 53 35 150
82 53 47 117
83 22 25 129
83 107 59 162
85 53 13 123
86 22 31 129
89 22 35 130
95 22 17 130
104 22 23 130
105 53 53 117
109 22 53 130
112 87 11 59
116 22 47 130
118 87 59 59
119 87 53 125
121 107 23 167
124 107 29 167
126 22 59 130
127 53 17 143
128 107 11 188
132 53 5 154
135 53 53 150
137 22 29 130
141 107 5 167
143 107 53 167
146 107 35 167
149 107 41 162
157 87 34 165
159 22 17 140
161 22 41 130
161 53 13 157
163 22 9 140
164 53 11 143
164 22 47 140
166 87 17 176
168 22 35 140
176 107 23 179
179 53 41 150
184 22 41 157
185 107 47 167
191 22 35 157
191 87 47 59
193 87 1 176
195 87 5 165
196 107 41 167
200 22 45 140
205 22 5 179
205 53 17 154
207 53 19 154
207 22 53 140
210 87 59 165
212 107 59 167
215 107 7 179
216 53 29 154
218 107 22 188
Điểm tối ưu: 3583
Thời gian: 1.281978 giây
Trạng thái: GREEDY_DONE
