620
1 1 1 68
1 3 7 47
2 3 1 47
4 1 7 68
4 3 13 47
5 1 13 68
5 3 19 47
6 1 19 68
6 3 25 47
7 3 31 47
8 1 25 68
9 1 31 68
10 1 37 68
10 3 43 47
11 1 43 68
11 3 37 47
12 1 49 68
13 1 55 68
13 3 49 47
14 3 55 47
1 13 5 4
1 18 11 59
2 18 5 59
3 13 1 4
3 18 3 59
4 13 3 4
4 18 1 59
5 13 7 4
6 13 9 4
6 18 7 59
7 18 9 59
8 13 11 4
8 18 13 59
9 18 15 59
10 13 13 4
10 18 17 59
11 13 15 4
11 18 19 59
12 18 21 59
13 13 17 4
14 18 23 59
15 13 19 4
15 18 25 59
16 13 21 4
16 18 27 59
17 13 23 4
17 18 29 59
18 13 25 4
18 18 31 59
19 18 33 59
20 13 27 4
20 18 35 59
21 13 29 4
21 18 37 59
22 13 31 4
22 18 39 59
23 13 33 4
23 18 41 59
24 13 35 4
24 18 43 59
25 13 37 4
26 18 45 59
27 13 39 4
27 18 47 59
28 13 41 4
29 18 49 59
30 13 43 4
30 18 51 59
31 13 45 4
31 18 53 59
32 13 47 4
32 18 55 59
33 13 49 4
33 18 57 59
34 13 51 4
34 18 59 59
36 13 53 4
37 13 55 4
39 13 57 4
40 13 59 4
2 9 7 24
3 9 13 24
4 9 19 24
7 9 1 24
11 9 25 24
12 9 31 24
13 9 37 24
14 9 43 24
16 9 49 24
17 9 55 24
20 9 1 15
21 9 7 15
22 9 13 15
24 9 19 15
25 9 25 15
27 9 31 15
28 9 37 15
29 9 43 15
30 9 55 15
31 9 49 15
1 4 13 73
2 4 16 73
3 4 7 73
5 4 1 73
8 4 4 73
9 4 10 73
10 4 19 73
12 4 25 73
13 4 22 73
14 4 28 73
16 4 31 73
17 4 34 73
20 4 37 73
21 4 40 73
24 4 45 73
25 4 49 73
26 4 52 73
27 4 55 73
29 4 58 73
30 4 1 17
32 4 4 17
33 4 7 17
34 4 10 17
35 4 13 17
36 4 16 17
37 4 19 17
38 4 22 17
39 4 25 17
40 4 28 17
41 4 31 17
42 4 34 17
43 4 37 17
46 4 40 17
48 4 43 17
49 4 46 17
50 4 49 17
2 20 11 2
3 20 5 2
4 20 17 2
5 20 9 2
6 20 1 2
7 20 7 2
8 20 15 2
9 20 3 2
10 20 22 2
12 20 13 2
15 20 27 2
17 20 19 2
18 20 29 2
19 20 25 2
21 20 31 2
22 20 33 2
24 20 37 2
26 20 35 2
28 20 43 2
29 20 39 2
30 20 41 2
31 20 47 2
32 20 45 2
33 20 51 2
34 20 49 2
35 20 53 2
37 20 57 2
38 20 55 2
39 20 59 2
41 20 5 47
42 20 11 47
43 20 17 47
44 20 23 47
45 20 29 47
47 20 35 47
48 20 41 47
50 20 47 47
1 10 19 70
1 19 25 37
2 2 19 22
2 19 31 37
3 10 25 70
3 19 19 37
4 2 25 22
4 19 37 37
5 2 31 22
5 10 37 70
5 19 43 37
6 2 3 22
6 10 13 70
6 19 49 37
7 2 13 22
7 19 55 37
8 10 7 70
8 19 19 54
9 10 43 70
9 19 25 54
10 10 1 70
11 2 7 22
11 10 31 70
11 19 1 37
12 2 37 22
12 10 55 70
13 2 43 22
14 2 49 22
14 19 7 37
15 2 55 22
15 10 49 70
15 19 13 37
16 2 1 14
16 19 7 54
17 2 7 14
17 10 1 51
18 2 13 14
18 10 55 17
18 19 1 54
19 2 19 14
19 10 7 51
19 19 13 54
20 2 31 14
20 19 43 54
21 10 13 51
22 2 25 14
22 19 49 54
23 2 37 14
23 10 19 51
23 19 55 54
24 10 25 51
24 19 31 54
25 2 43 14
25 10 31 51
25 19 39 54
26 2 55 14
26 10 37 51
27 2 49 14
27 10 43 51
28 10 49 51
29 2 1 28
30 2 7 28
31 2 13 28
31 10 55 51
32 2 19 28
33 2 25 28
34 2 31 28
36 2 37 28
37 2 43 28
38 2 49 28
40 2 55 28
2 8 13 30
3 8 10 30
4 8 31 30
5 8 4 30
7 8 19 30
8 8 1 30
9 8 7 30
11 8 22 30
12 8 16 30
13 8 25 30
14 8 34 30
17 8 37 30
18 8 40 30
19 8 28 30
20 8 49 30
21 8 43 30
22 8 46 30
23 8 52 30
25 8 55 30
26 8 1 74
28 8 58 30
29 8 7 74
30 8 4 74
32 8 10 74
33 8 13 74
35 8 16 74
36 8 19 74
38 8 25 74
39 8 22 74
40 8 31 74
41 8 28 74
42 8 37 74
44 8 34 74
46 8 43 74
47 8 40 74
49 8 49 74
50 8 52 74
1 16 16 13
2 16 23 13
4 16 5 13
6 16 11 13
7 16 25 13
8 16 29 13
9 16 1 13
10 16 7 13
11 16 13 13
12 16 3 13
13 16 9 13
14 16 19 13
16 16 34 13
18 16 21 13
19 16 31 13
21 16 27 13
22 16 37 13
23 16 43 13
24 16 39 13
25 16 47 13
26 16 41 13
28 16 45 13
29 16 51 13
31 16 59 13
32 16 49 13
36 16 55 13
37 16 53 13
38 16 57 13
39 16 1 60
40 16 3 60
42 16 5 60
44 16 7 60
45 16 9 60
46 16 11 60
47 16 13 60
49 16 15 60
50 16 17 60
1 5 31 11
1 15 37 16
2 15 25 16
3 15 31 16
4 15 43 16
6 5 37 11
7 5 27 11
7 15 49 16
8 5 43 11
8 15 55 16
9 15 19 16
10 15 9 16
11 5 49 11
12 5 7 11
13 5 1 11
13 15 13 16
14 5 13 11
14 15 1 16
15 5 21 11
15 15 1 21
16 5 55 11
16 15 13 21
17 15 25 21
18 15 7 21
19 5 1 23
19 15 37 21
20 5 7 23
20 15 19 21
21 15 33 21
22 15 55 21
23 5 13 23
23 15 45 21
24 15 49 21
25 15 1 25
26 15 7 25
27 15 13 25
28 5 19 23
28 15 25 25
29 15 19 25
30 5 25 23
30 15 31 25
31 5 31 23
31 15 37 25
33 5 37 23
33 15 43 25
34 5 43 23
34 15 55 25
35 5 49 23
35 15 1 50
37 5 1 27
37 15 49 25
38 5 7 27
39 5 13 27
39 15 7 50
40 5 19 27
40 15 13 50
41 5 55 23
41 15 19 50
42 5 25 27
43 5 31 27
44 15 25 50
45 5 37 27
45 15 31 50
46 5 49 27
46 15 55 50
47 5 43 27
47 15 49 50
48 5 55 27
49 5 1 26
49 15 37 50
50 5 7 26
50 15 43 50
1 12 43 35
2 12 37 35
3 12 40 35
4 12 34 35
5 12 25 35
6 12 31 35
7 12 22 35
9 12 49 35
10 12 28 35
14 12 25 26
15 12 7 35
16 12 46 35
17 12 13 35
18 12 52 35
20 12 16 35
21 12 1 35
22 12 4 35
25 12 10 35
26 12 19 35
28 12 55 35
29 12 13 26
31 12 19 26
32 12 58 35
35 12 22 26
36 12 28 26
37 12 16 26
38 12 31 26
39 12 34 26
41 12 37 26
42 12 40 26
43 12 43 26
45 12 46 26
46 12 1 9
47 12 55 26
48 12 49 26
49 12 52 26
50 12 58 26
1 14 23 6
1 17 29 44
2 6 29 28
2 14 35 6
3 6 17 28
3 14 29 6
3 17 23 44
4 6 11 28
5 6 23 28
5 14 11 6
5 17 17 44
6 6 35 28
6 14 17 6
7 6 5 28
7 14 37 6
8 14 31 6
8 17 33 44
9 6 41 28
9 14 5 6
9 17 13 44
10 6 47 28
10 14 15 6
10 17 5 44
11 14 41 6
11 17 11 44
12 6 53 28
12 14 1 6
12 17 19 44
13 6 59 28
13 14 7 6
13 17 31 44
14 6 5 51
14 14 21 6
14 17 37 44
15 14 33 6
15 17 35 44
16 6 11 51
16 14 19 6
16 17 25 44
17 6 17 51
17 14 43 6
17 17 21 44
18 6 23 51
18 14 27 6
18 17 43 44
19 6 35 51
19 17 41 44
20 6 29 51
20 14 13 6
21 6 47 51
21 14 25 6
22 6 41 51
22 14 9 6
22 17 1 44
23 6 59 51
23 14 3 6
24 6 53 51
24 14 55 6
24 17 3 44
25 6 5 72
25 14 52 6
26 6 11 72
26 14 47 6
26 17 15 44
27 6 1 72
27 14 58 6
27 17 7 44
28 6 3 72
28 14 1 36
28 17 9 44
29 14 5 36
29 17 27 44
30 14 39 6
31 6 7 72
31 14 3 36
32 6 13 72
32 14 7 36
32 17 39 44
33 14 10 36
34 6 15 72
34 17 47 44
35 14 45 6
35 17 55 44
36 6 9 72
36 14 49 6
36 17 45 44
37 6 22 72
37 17 59 44
38 6 17 72
38 14 13 36
38 17 53 44
39 17 49 44
40 14 17 36
40 17 51 44
41 6 25 72
41 17 1 58
42 6 19 72
42 14 15 36
42 17 57 44
43 6 27 72
43 17 3 58
44 6 29 72
44 14 19 36
44 17 5 58
45 6 35 72
45 14 21 36
45 17 7 58
46 14 23 36
47 17 9 58
48 6 31 72
48 17 11 58
49 6 33 72
49 14 25 36
50 6 37 72
50 14 27 36
50 17 13 58
1 7 46 7
2 7 40 7
3 7 37 7
4 7 49 7
5 7 28 7
6 7 43 7
7 7 39 8
8 7 52 7
9 7 55 7
10 7 25 7
11 7 58 7
12 7 28 8
13 7 19 7
15 7 10 7
18 7 33 7
19 7 43 8
20 7 52 8
22 7 22 7
23 7 7 7
24 7 13 7
25 7 16 7
26 7 4 7
27 7 3 8
28 7 13 8
30 7 16 8
34 7 1 7
35 7 7 8
36 7 22 8
38 7 19 8
39 7 31 8
40 7 10 8
41 7 34 8
44 7 46 8
45 7 25 8
46 7 4 38
47 7 58 8
48 7 1 38
49 7 55 8
1 11 35 20
2 11 43 20
3 11 45 20
4 11 23 20
5 11 41 20
6 11 29 20
7 11 11 20
8 11 17 20
9 11 37 20
10 11 31 20
11 11 5 20
12 11 47 20
13 11 33 20
15 11 39 20
17 11 49 20
19 11 51 20
20 11 25 20
21 11 19 20
23 11 1 20
25 11 7 20
27 11 9 20
28 11 53 20
29 11 55 20
30 11 13 20
31 11 27 20
33 11 3 20
34 11 21 20
35 11 57 20
36 11 59 20
37 11 5 29
38 11 15 20
40 11 1 29
42 11 3 29
43 11 7 29
44 11 9 29
45 11 11 29
47 11 15 29
48 11 13 29
50 11 19 29
Điểm tối ưu: 620
Thời gian: 0.044596 giây
Trạng thái: GREEDY_DONE
