2398
1 30 1 129
3 12 1 76
4 12 7 76
5 30 7 129
6 12 13 76
7 12 19 76
9 12 25 76
10 30 13 129
16 30 19 129
19 12 31 76
19 30 25 129
20 30 31 129
23 30 37 129
24 30 43 129
26 12 37 76
27 30 49 129
30 12 43 76
31 30 55 129
35 12 49 76
47 12 55 76
11 20 1 57
13 20 3 57
15 20 5 57
18 20 7 57
29 20 9 57
32 20 11 57
33 20 13 57
35 20 15 57
37 20 17 57
39 20 19 57
46 20 21 57
54 20 23 57
59 20 25 57
63 20 27 57
69 20 29 57
76 20 31 57
79 20 33 57
86 20 35 57
87 20 37 57
88 20 39 57
90 20 41 57
103 20 43 57
105 20 45 57
107 20 47 57
109 20 49 57
112 20 51 57
115 20 53 57
119 20 55 57
121 20 57 57
133 20 59 57
3 37 7 132
5 69 1 5
9 69 7 5
12 37 1 132
13 69 13 5
17 69 19 5
18 69 25 5
25 37 13 132
26 37 19 132
27 37 25 132
29 37 31 132
35 37 37 132
36 69 31 5
38 69 37 5
41 37 43 132
43 69 43 5
45 37 49 132
46 37 55 132
48 69 49 5
50 37 1 157
50 69 55 5
54 37 7 157
59 69 1 18
64 37 13 157
71 37 19 157
72 37 25 157
74 69 7 18
75 37 31 157
76 37 37 157
78 37 43 157
82 37 49 157
82 69 13 18
83 69 19 18
84 69 25 18
84 37 55 157
90 69 31 18
93 69 37 18
101 69 43 18
103 69 49 18
105 69 55 18
3 115 13 7
8 53 1 16
9 115 1 7
10 53 4 16
11 53 7 16
11 87 3 68
14 53 10 16
16 115 4 7
18 53 13 16
20 53 16 16
23 115 7 7
24 115 10 7
26 53 25 16
28 53 19 16
31 115 16 7
34 87 7 68
37 115 19 7
42 53 22 16
42 115 25 7
45 53 28 16
48 87 10 68
51 87 13 68
53 87 16 68
56 115 22 7
57 87 19 68
58 115 28 7
67 53 31 16
68 115 31 7
71 87 25 68
71 115 34 7
73 87 22 68
77 87 28 68
79 115 37 7
80 87 31 68
81 115 40 7
82 53 34 16
83 53 37 16
85 53 40 16
86 53 43 16
90 115 43 7
90 53 46 16
94 53 49 16
95 87 34 68
98 115 46 7
99 87 37 68
107 53 52 16
110 87 40 68
112 87 43 68
113 115 49 7
120 87 46 68
126 53 55 16
127 115 52 7
129 87 49 68
131 115 55 7
134 115 58 7
135 87 52 68
136 115 1 94
137 87 55 68
139 53 58 16
139 87 1 142
1 82 5 14
2 71 1 92
5 109 5 25
9 93 4 21
11 71 10 92
11 93 13 21
12 93 7 21
13 82 1 14
13 93 9 21
17 71 3 92
18 71 5 92
18 82 3 14
19 109 1 25
21 93 1 21
22 71 7 92
22 82 9 14
22 93 11 21
23 93 15 21
23 109 3 25
24 82 7 14
27 71 13 92
27 82 11 14
31 71 19 92
31 93 21 21
31 109 7 25
32 93 17 21
35 109 9 25
35 82 13 14
39 109 11 25
41 71 15 92
42 71 17 92
43 82 15 14
45 109 13 25
46 71 23 92
46 82 17 14
49 93 19 21
51 82 19 14
55 93 23 21
56 93 25 21
59 93 27 21
60 109 15 25
62 82 21 14
62 109 17 25
65 82 23 14
66 109 19 25
67 82 25 14
69 109 21 25
70 82 27 14
72 93 29 21
77 109 23 25
78 109 25 25
78 82 29 14
81 109 27 25
86 93 31 21
88 109 29 25
93 71 21 92
95 71 25 92
96 71 27 92
96 82 31 14
99 71 29 92
102 71 31 92
105 109 31 25
106 93 33 21
107 71 33 92
110 109 33 25
112 82 33 14
113 71 35 92
113 109 37 25
115 93 35 21
116 82 35 14
116 109 39 25
118 93 37 21
120 82 37 14
120 93 39 21
121 71 37 92
121 109 35 25
122 71 39 92
125 93 41 21
125 109 43 25
128 93 43 21
129 93 45 21
129 109 41 25
131 82 39 14
133 109 45 25
135 71 41 92
135 93 47 21
136 82 41 14
137 82 43 14
138 71 43 92
138 82 45 14
139 93 49 21
141 109 47 25
1 17 7 15
2 4 3 44
3 16 19 70
6 16 1 70
6 17 19 15
8 4 7 44
9 111 13 38
9 16 31 70
10 16 7 70
11 16 15 70
13 111 19 38
13 16 25 70
14 5 1 102
15 4 13 44
19 5 7 102
22 4 19 44
22 17 1 15
24 16 37 70
25 5 19 102
25 111 1 38
27 4 31 44
29 4 25 44
29 111 37 38
30 16 49 70
30 17 13 15
31 111 9 38
32 111 25 38
34 17 25 15
35 5 25 102
35 16 43 70
36 111 43 38
36 17 37 15
38 111 31 38
38 17 43 15
39 4 37 44
39 111 49 38
41 4 49 44
41 17 31 15
43 16 55 70
45 5 15 102
46 4 43 44
47 5 31 102
48 4 55 44
50 5 37 102
50 17 49 15
51 4 1 54
51 111 55 38
51 16 7 111
52 111 1 86
52 16 13 111
54 16 1 111
57 17 55 15
58 111 7 86
59 4 7 54
60 111 19 86
61 16 19 111
65 5 43 102
66 17 1 84
67 16 27 111
68 111 13 86
70 16 31 111
71 16 37 111
73 5 49 102
75 5 55 102
77 4 13 54
77 16 43 111
79 111 25 86
80 4 19 54
83 4 25 54
84 16 49 111
85 5 1 104
86 17 7 84
86 111 37 86
87 4 31 54
87 5 7 104
87 111 43 86
87 17 13 84
89 17 19 84
90 5 13 104
92 5 19 104
95 17 27 84
96 5 33 104
96 17 37 84
97 5 25 104
97 111 31 86
97 16 55 111
98 111 49 86
100 4 37 54
101 5 37 104
101 17 31 84
104 4 43 54
104 5 49 104
105 17 49 84
109 4 51 54
109 16 7 142
109 17 43 84
111 111 55 86
114 4 55 54
114 16 13 142
118 4 1 99
118 111 7 147
119 4 7 99
120 5 55 104
121 4 13 99
121 111 1 147
122 4 19 99
123 16 19 142
127 16 25 142
129 4 25 99
129 16 31 142
130 4 31 99
132 4 37 99
132 5 43 104
132 16 49 142
133 111 13 147
136 5 7 114
137 16 37 142
140 5 1 114
140 16 43 142
141 4 43 99
141 111 19 147
2 78 7 32
5 66 13 65
7 70 1 40
8 78 4 32
10 70 19 40
14 78 13 32
16 70 7 40
17 66 7 65
18 70 10 40
20 78 1 32
24 66 1 65
25 78 10 32
32 66 4 65
32 78 19 32
34 70 4 40
34 78 16 32
36 66 10 65
39 66 16 65
39 78 22 32
40 70 13 40
40 78 25 32
41 70 22 40
42 78 28 32
45 78 31 32
47 70 16 40
52 66 19 65
54 66 25 65
60 66 28 65
66 78 34 32
68 66 22 65
73 70 25 40
73 78 37 32
77 78 40 32
80 66 34 65
80 78 43 32
85 66 31 65
85 78 46 32
86 66 46 65
92 66 37 65
96 66 43 65
97 66 40 65
102 70 28 40
102 78 49 32
104 66 55 65
104 70 31 40
106 70 37 40
108 78 52 32
109 78 55 32
111 78 1 55
112 70 40 40
115 66 49 65
116 78 58 32
117 66 52 65
119 66 58 65
122 70 34 40
123 78 4 55
124 66 1 96
130 66 4 96
132 70 55 40
132 78 7 55
134 66 7 96
136 78 13 55
137 66 10 96
138 70 49 40
138 78 10 55
139 70 43 40
1 104 11 47
3 26 5 121
3 104 16 47
4 24 1 29
4 48 3 52
6 52 5 93
6 24 7 29
10 86 1 51
13 104 5 47
14 24 5 29
14 26 7 121
14 48 16 52
15 48 1 52
15 86 3 51
15 104 7 47
16 26 1 121
16 48 10 52
17 52 1 93
17 95 5 5
18 95 17 5
19 26 3 121
19 52 11 93
19 95 23 5
23 95 11 5
24 95 29 5
26 104 1 47
27 26 9 121
27 52 3 93
27 104 19 47
28 95 35 5
30 48 5 52
32 52 7 93
32 95 41 5
33 26 11 121
34 104 13 47
35 86 5 51
35 26 17 121
38 95 47 5
41 86 7 51
42 26 13 121
43 26 19 121
44 24 3 29
44 26 15 121
46 26 25 121
48 86 13 51
48 95 53 5
52 95 59 5
53 52 9 93
54 24 11 29
56 26 27 121
57 104 3 47
58 95 5 86
59 86 11 51
60 24 9 29
60 52 13 93
60 86 17 51
61 48 7 52
62 48 13 52
62 104 9 47
63 52 15 93
64 104 21 47
68 26 29 121
69 26 23 121
69 52 17 93
70 104 23 47
71 24 13 29
71 86 9 51
73 104 28 47
74 95 11 86
75 24 15 29
75 86 19 51
76 86 15 51
76 95 17 86
80 95 23 86
81 24 17 29
81 104 25 47
82 24 19 29
82 48 21 52
82 104 31 47
83 24 23 29
83 95 29 86
84 24 21 29
86 48 19 52
86 86 21 51
87 26 21 121
88 52 19 93
88 86 23 51
91 24 25 29
91 26 31 121
91 86 27 51
92 95 35 86
93 104 33 47
94 52 21 93
94 86 25 51
95 26 37 121
95 86 31 51
95 95 41 86
96 86 29 51
97 48 23 52
97 86 35 51
98 48 25 52
98 26 33 121
98 95 53 86
99 24 27 29
100 86 33 51
100 95 47 86
100 104 35 47
101 48 27 52
101 86 41 51
101 95 59 86
102 52 23 93
102 95 1 89
104 52 25 93
105 104 37 47
106 24 29 29
106 52 27 93
107 24 31 29
108 48 29 52
109 26 35 121
109 86 37 51
110 26 43 121
111 24 33 29
111 26 39 121
113 26 41 121
115 52 29 93
115 86 39 51
116 86 43 51
116 95 3 89
117 48 31 52
119 48 33 52
119 104 39 47
121 26 45 121
121 104 41 47
123 104 43 47
123 26 47 121
124 24 35 29
125 52 31 93
125 95 5 89
126 24 37 29
126 52 33 93
127 86 45 51
128 26 49 121
128 52 35 93
128 95 7 89
130 24 39 29
130 86 47 51
133 86 49 51
135 104 45 47
135 48 35 52
136 26 51 121
137 26 53 121
138 95 13 89
138 104 47 47
139 26 55 121
141 52 37 93
1 64 13 13
4 64 19 13
5 88 25 13
8 88 31 13
11 88 37 13
14 88 43 13
16 88 49 13
17 33 13 22
28 64 1 13
28 33 7 22
33 33 1 22
36 33 19 22
37 88 7 13
41 88 55 13
47 64 1 43
48 33 25 22
49 64 7 43
50 64 13 43
51 88 21 114
52 64 25 43
52 33 31 22
54 33 37 22
55 64 19 43
55 88 13 114
61 64 31 43
61 88 25 114
65 88 31 114
67 64 37 43
68 88 37 114
71 88 43 114
73 64 43 43
74 64 49 43
76 64 55 43
76 88 49 114
78 64 1 143
78 88 55 114
79 33 43 22
79 88 1 124
81 88 7 124
85 64 7 143
86 64 13 143
87 64 25 143
89 64 31 143
90 88 19 124
97 33 49 22
98 64 19 143
99 64 43 143
102 64 37 143
104 88 13 124
106 33 55 22
107 64 55 143
115 88 25 124
116 33 7 62
116 64 49 143
123 33 13 62
132 33 1 62
135 33 19 62
2 92 10 17
3 105 25 119
4 8 13 37
4 105 16 119
6 105 9 119
7 105 4 119
7 81 7 4
9 8 19 37
10 50 22 50
11 92 19 17
11 105 22 119
12 92 13 17
13 50 31 50
14 50 19 50
14 81 22 4
15 92 22 17
16 46 13 23
18 8 22 37
19 8 16 37
19 81 13 4
19 105 19 119
21 8 3 37
22 81 16 4
23 8 25 37
23 105 28 119
24 8 31 37
24 81 4 4
24 50 13 50
25 92 7 17
26 92 3 17
27 46 16 23
28 81 25 4
29 81 1 4
30 105 1 119
30 81 10 4
31 50 1 50
33 92 16 17
34 8 10 37
35 81 19 4
36 46 1 23
37 50 4 50
39 8 7 37
40 105 31 119
43 8 28 37
43 92 25 17
44 50 7 50
44 105 34 119
45 8 34 37
47 8 37 37
48 8 40 37
48 105 37 119
49 105 13 119
50 8 43 37
50 46 7 23
50 50 10 50
51 8 46 37
51 46 25 23
53 46 4 23
54 8 49 37
55 8 52 37
58 105 40 119
59 46 19 23
62 8 55 37
62 46 28 23
63 50 34 50
63 92 31 17
64 81 28 4
65 92 28 17
66 105 43 119
66 50 16 50
71 50 28 50
71 81 31 4
71 105 49 119
72 46 10 23
73 92 34 17
74 81 34 4
74 92 37 17
76 81 43 4
80 46 37 23
80 92 40 17
80 105 46 119
83 81 40 4
84 46 31 23
86 105 52 119
87 105 55 119
87 50 39 50
88 8 58 37
88 50 25 50
89 8 1 103
90 46 49 23
91 92 43 17
93 105 58 119
93 8 4 103
94 81 37 4
95 105 1 127
96 46 22 23
97 46 43 23
98 92 55 17
99 50 49 50
100 46 52 23
101 46 55 23
102 8 7 103
102 46 34 23
102 81 46 4
104 81 58 4
105 50 1 72
106 8 10 103
106 46 40 23
109 46 58 23
110 50 45 50
111 8 13 103
111 81 49 4
113 46 46 23
113 105 4 127
114 105 7 127
114 50 52 50
116 81 55 4
117 8 16 103
117 50 55 50
117 92 46 17
118 92 49 17
119 8 19 103
119 92 52 17
120 8 22 103
120 81 52 4
123 8 25 103
125 46 1 134
126 46 4 134
127 50 58 50
129 50 4 72
130 50 7 72
130 105 10 127
131 105 13 127
133 92 1 71
134 8 28 103
134 81 1 24
137 50 13 72
141 50 10 72
1 1 17 87
3 58 11 15
3 62 58 17
4 9 5 19
5 110 11 9
5 19 17 44
6 9 17 19
6 31 23 20
7 107 10 6
7 58 17 15
9 9 11 19
9 31 17 20
10 9 25 19
10 19 11 44
10 107 17 6
10 110 27 9
11 31 25 20
11 62 27 28
12 1 5 87
12 58 23 15
12 107 19 6
13 19 23 44
13 25 7 49
15 1 9 87
15 25 11 49
15 58 29 15
15 62 17 28
17 9 23 19
17 19 29 44
18 107 1 6
19 19 35 44
20 107 4 6
21 107 7 6
21 19 41 44
22 1 13 87
22 9 27 19
23 110 1 9
24 107 21 6
26 110 7 9
27 9 1 19
27 62 5 28
30 19 47 44
31 1 23 87
33 1 7 87
33 62 9 28
33 107 23 6
34 19 1 44
34 25 19 49
34 58 35 15
35 58 41 15
35 9 3 19
36 9 7 19
39 107 13 6
40 25 1 49
40 31 3 20
42 25 3 49
43 9 9 19
43 19 53 44
43 31 1 20
45 58 5 15
45 19 59 44
48 9 15 19
49 9 21 19
50 110 5 9
52 9 29 19
52 107 35 6
54 1 15 87
54 58 47 15
55 25 5 49
55 58 59 15
56 19 1 82
56 31 5 20
57 1 1 87
57 31 7 20
57 62 11 28
59 9 13 19
60 19 3 82
61 31 9 20
62 31 11 20
63 9 19 19
63 58 53 15
63 62 1 17
64 31 19 20
64 62 1 28
65 107 15 6
66 31 13 20
67 19 5 82
67 107 41 6
69 1 3 87
69 9 31 19
69 62 7 28
71 58 1 35
71 107 47 6
73 110 3 9
73 19 7 82
73 58 5 35
73 62 13 28
73 31 15 20
74 9 40 19
74 62 3 28
75 110 9 9
76 58 3 35
76 19 9 82
76 25 13 49
77 25 9 49
78 19 11 82
79 107 29 6
80 1 11 87
80 9 49 19
80 62 15 28
81 1 19 87
82 1 25 87
82 19 17 82
82 58 7 35
82 62 23 28
83 19 13 82
83 107 31 6
84 62 19 28
85 31 21 20
87 19 19 82
89 110 13 9
90 58 9 35
91 25 15 49
91 62 21 28
92 25 17 49
92 58 11 35
93 9 35 19
94 1 27 87
94 9 33 19
94 58 13 35
94 62 29 28
95 19 15 82
95 107 39 6
96 1 41 87
96 58 15 35
97 107 37 6
97 110 15 9
97 31 29 20
98 25 23 49
99 9 47 19
99 31 31 20
99 107 25 6
101 9 51 19
101 19 21 82
103 1 21 87
103 19 23 82
104 25 21 49
104 62 34 28
104 107 27 6
106 110 17 9
107 19 25 82
107 31 27 20
108 9 37 19
108 62 25 28
108 107 33 6
110 25 25 49
111 9 43 19
111 58 17 35
112 110 19 9
116 1 29 87
117 1 33 87
117 58 19 35
119 31 35 20
119 107 43 6
121 62 31 28
122 9 45 19
122 25 27 49
124 25 29 49
124 110 21 9
125 1 35 87
125 107 45 6
125 110 23 9
126 31 39 20
126 110 25 9
127 9 55 19
127 107 49 6
127 110 29 9
128 31 33 20
128 107 51 6
128 110 31 9
129 1 37 87
129 19 29 82
129 31 43 20
130 9 53 19
130 31 37 20
130 58 21 35
131 1 31 87
131 19 27 82
132 110 33 9
132 19 31 82
132 62 41 28
133 1 39 87
134 110 35 9
135 19 33 82
136 58 23 35
136 107 53 6
137 25 31 49
137 62 45 28
137 31 41 20
139 19 35 82
140 25 33 49
141 31 49 20
1 113 19 26
2 113 13 26
4 47 25 66
4 49 37 49
5 113 31 26
6 36 25 31
8 113 25 26
8 63 55 6
9 36 37 31
10 49 43 49
12 113 9 26
13 113 37 26
14 36 31 31
15 113 43 26
17 49 49 49
18 36 43 31
18 67 31 2
21 36 9 31
21 47 13 66
21 49 55 49
21 113 49 26
21 63 37 28
25 47 31 66
26 63 49 28
27 113 55 26
28 36 13 31
29 67 13 2
29 47 19 66
31 67 25 2
33 47 37 66
33 63 55 28
34 63 21 136
35 67 55 2
35 36 31 63
36 63 13 136
37 36 49 31
38 36 1 31
38 113 7 83
42 113 31 83
43 36 21 31
43 47 3 66
44 36 55 31
45 47 7 66
45 49 1 56
45 63 37 136
46 49 7 56
47 47 43 66
49 113 1 26
50 113 19 83
50 49 25 56
51 49 31 56
52 63 7 136
53 36 19 63
53 113 25 83
58 67 1 2
58 36 13 63
59 67 37 2
60 36 37 63
60 67 43 2
61 49 13 56
62 67 49 2
63 113 3 83
64 63 3 136
65 67 7 2
66 113 37 83
66 63 25 136
68 47 49 66
70 36 1 63
72 67 19 2
72 113 13 83
74 36 25 63
74 47 55 66
74 113 43 83
76 63 33 136
79 113 49 83
80 36 7 63
81 49 21 56
84 63 43 136
85 49 49 56
85 63 55 136
88 36 43 63
88 49 1 79
89 49 37 56
90 113 55 83
92 67 25 35
93 49 43 56
93 63 49 136
94 63 55 142
99 67 33 35
100 49 55 56
102 67 55 35
108 47 1 75
108 49 7 79
110 47 7 75
112 36 55 63
114 49 19 79
118 47 13 75
120 67 1 41
122 47 49 75
123 49 31 79
125 36 49 63
125 47 19 75
126 47 27 75
130 49 13 79
131 49 43 79
134 47 31 75
134 49 37 79
137 47 1 149
137 49 25 79
139 67 37 35
140 36 7 135
140 67 49 35
140 49 55 79
141 36 1 135
1 40 46 40
6 77 31 8
7 40 52 40
8 40 13 97
8 77 16 8
13 40 58 40
14 77 25 8
20 40 7 97
24 40 16 97
28 40 22 97
29 40 4 97
36 77 4 8
37 77 1 8
40 40 10 97
40 77 7 8
41 40 1 97
42 40 19 97
42 77 10 8
46 77 13 8
47 40 25 97
48 40 31 97
49 40 28 97
50 40 34 97
57 77 22 8
59 40 43 97
63 77 37 8
66 77 46 8
70 40 37 97
73 77 19 8
86 77 28 8
87 77 49 8
90 77 52 8
94 40 40 97
96 77 55 8
102 77 43 8
104 40 1 118
105 77 34 8
106 40 46 97
110 40 49 97
111 77 4 80
112 40 4 118
113 77 58 8
116 77 13 80
118 40 52 97
125 40 55 97
126 77 1 80
129 40 58 97
133 40 7 118
139 40 10 118
1 41 23 55
1 68 25 12
1 79 51 20
2 68 17 12
2 79 45 20
2 80 37 9
4 100 41 8
4 112 43 28
4 114 23 26
5 6 41 29
5 21 49 25
6 102 29 95
7 68 13 12
7 108 15 74
7 79 47 20
8 41 19 55
8 11 11 1
8 18 39 9
8 114 29 26
9 41 29 55
9 80 41 9
10 112 47 28
11 68 29 12
11 80 43 9
12 80 45 9
13 6 43 29
14 21 51 25
14 79 53 20
14 102 35 95
16 6 45 29
16 21 53 25
16 68 23 12
17 21 55 25
17 80 47 9
17 112 53 28
18 6 47 29
18 18 49 9
18 100 51 14
18 108 19 74
20 41 21 55
20 68 10 12
20 80 51 9
20 102 13 95
20 112 59 28
22 79 55 20
22 108 5 74
22 114 35 26
23 18 53 9
23 114 5 26
25 6 49 29
26 102 9 95
27 18 59 9
27 21 53 51
27 80 47 14
28 41 17 55
29 6 51 29
29 18 55 9
29 79 57 20
29 114 7 26
30 68 7 12
30 6 53 29
30 108 17 74
30 79 59 20
31 6 59 29
31 11 4 1
31 41 31 55
33 79 5 64
33 100 49 14
34 6 55 29
34 11 29 1
34 18 57 9
36 68 27 12
36 41 25 55
37 100 53 14
37 21 57 25
38 108 11 74
39 21 59 25
39 41 27 55
39 80 55 14
39 100 57 14
39 114 41 26
40 6 57 29
40 21 51 51
40 68 5 12
40 114 17 26
41 108 9 74
41 80 59 14
42 6 55 51
42 18 5 71
42 41 35 55
42 100 37 62
42 114 47 26
43 79 7 64
44 18 10 71
44 21 59 51
44 102 1 37
44 108 13 74
46 100 5 62
48 100 17 62
48 114 59 26
49 11 16 1
49 18 23 71
49 21 57 51
49 68 31 12
49 114 53 26
50 41 41 55
50 79 17 64
51 100 11 62
51 21 37 52
52 108 22 74
52 18 17 71
53 18 7 71
53 21 39 52
54 41 33 55
54 108 28 74
54 114 5 45
55 18 25 71
55 80 11 63
56 21 41 52
56 41 37 55
56 68 3 12
56 108 7 74
57 11 9 1
57 41 39 55
57 68 15 12
57 79 13 64
57 108 25 74
57 112 5 75
58 41 43 55
58 79 11 64
59 6 31 74
59 80 5 63
59 102 15 95
60 6 1 74
60 68 33 12
60 114 7 45
61 41 45 55
61 114 1 45
62 6 3 74
63 6 40 74
63 100 23 62
63 108 43 74
63 112 11 75
64 11 7 1
64 18 31 71
64 21 43 52
64 80 17 63
64 100 25 62
64 114 9 45
65 18 13 71
65 108 35 74
67 21 45 52
67 79 1 64
67 114 3 45
68 112 17 75
69 68 1 12
69 100 27 62
69 108 33 74
69 114 11 45
70 100 29 62
70 112 25 75
71 6 52 74
71 18 15 71
71 79 3 64
72 100 31 62
74 11 1 1
74 21 47 52
74 80 23 63
75 6 37 74
75 68 21 12
77 68 19 12
77 80 35 63
79 68 35 12
79 108 47 74
79 80 41 63
80 112 53 75
81 6 45 74
81 68 37 12
81 79 15 64
82 80 29 63
83 11 33 1
83 100 35 62
83 102 1 95
84 11 13 1
84 79 9 64
86 100 33 62
86 108 49 74
87 41 47 55
87 21 52 52
88 41 49 55
88 108 55 74
88 114 13 45
89 102 4 95
89 21 49 52
90 108 59 74
90 112 23 75
90 80 5 149
91 11 19 1
91 21 55 52
91 41 51 55
91 102 7 95
93 68 41 12
93 18 19 71
94 80 47 63
94 100 43 62
95 6 57 74
95 21 59 52
96 11 25 1
96 68 46 12
96 80 53 63
97 11 21 1
97 80 59 63
99 6 1 88
100 18 21 71
100 41 59 55
100 79 19 64
100 108 41 93
101 18 29 71
101 79 23 64
101 100 47 62
101 114 15 45
103 11 27 1
103 79 25 64
104 6 4 88
104 108 39 93
104 112 37 75
105 68 39 12
105 80 7 149
106 18 35 71
106 100 49 62
107 11 23 1
107 68 43 12
107 79 21 64
107 80 9 149
107 100 39 62
108 79 27 64
109 100 41 62
109 112 39 75
110 41 53 55
110 114 17 45
111 68 52 12
112 41 1 85
112 80 11 149
113 80 13 149
113 100 52 62
114 79 29 64
115 11 31 1
116 11 37 1
116 100 45 62
117 18 27 71
117 41 3 85
117 112 35 75
117 114 21 45
119 80 15 149
120 68 49 12
121 79 33 64
121 112 43 75
122 21 57 52
122 41 55 55
122 100 59 62
123 18 37 71
123 114 23 45
124 21 4 126
124 108 43 93
125 11 39 1
125 80 17 149
125 102 11 95
126 100 7 131
126 102 17 95
126 108 45 93
127 114 19 45
128 6 9 88
128 68 55 12
128 100 57 62
128 108 47 93
129 21 1 126
130 114 25 45
132 79 35 64
132 80 19 149
133 6 11 88
133 114 27 45
134 18 41 71
135 18 39 71
136 6 16 88
136 21 11 126
136 79 31 64
136 80 21 149
136 108 49 93
137 100 5 131
138 18 33 71
140 108 53 93
140 79 37 64
141 68 57 12
2 32 19 34
2 106 25 3
2 94 31 48
3 56 31 118
3 57 37 80
4 32 31 34
5 39 43 64
7 106 31 3
7 94 25 48
8 94 21 48
9 57 43 80
11 56 45 118
12 94 37 48
13 39 49 64
13 56 45 127
15 56 25 118
15 106 37 3
16 39 39 64
17 32 25 34
17 57 31 80
18 39 55 64
18 57 37 108
22 94 43 48
23 39 19 117
23 106 43 3
25 39 25 117
26 94 13 48
27 56 21 118
29 57 43 108
31 56 37 118
32 39 13 117
37 39 31 117
37 57 25 80
38 32 13 34
38 106 19 3
40 39 37 117
41 32 37 34
43 39 49 117
44 57 19 80
44 106 49 3
45 57 55 80
45 94 43 71
46 56 49 118
46 94 1 48
48 94 45 92
51 57 49 80
52 56 55 118
52 57 49 108
52 94 37 115
53 32 43 34
53 106 55 3
55 57 7 80
55 94 55 48
56 94 9 48
58 106 19 58
58 56 31 127
62 32 31 113
63 94 49 48
65 32 1 34
65 56 19 127
66 57 55 93
68 39 1 117
69 106 13 3
72 32 49 34
73 94 55 71
77 39 55 117
79 39 7 117
79 57 13 108
79 94 55 92
81 57 1 108
82 32 9 34
83 32 55 34
83 106 3 3
84 32 1 113
84 39 15 141
87 39 1 141
89 39 43 117
89 56 15 118
90 39 25 141
91 39 9 141
93 57 7 108
94 56 1 140
95 39 19 141
95 106 7 3
98 106 1 58
100 32 7 113
100 56 25 127
101 94 1 115
103 32 55 99
103 39 31 141
103 106 7 58
103 57 1 112
104 56 7 140
105 32 13 113
107 56 13 140
109 39 25 149
111 32 19 113
112 32 25 113
112 94 7 115
113 56 19 140
114 56 37 127
114 94 25 115
115 106 13 58
116 106 25 58
117 56 37 140
118 57 19 108
119 56 25 140
119 106 45 58
120 39 31 149
120 94 13 115
121 94 49 71
122 106 1 105
123 94 49 92
124 39 37 141
125 57 25 108
127 56 31 140
128 106 37 58
129 56 7 161
131 39 49 141
131 56 1 161
131 57 33 108
132 57 13 112
133 32 51 99
134 39 43 141
135 32 55 113
136 39 55 141
137 57 19 112
138 32 37 113
138 94 19 115
1 45 27 72
3 85 28 36
3 91 43 81
4 74 45 41
4 85 49 36
5 75 57 19
6 29 34 103
7 54 37 45
7 91 40 81
8 54 43 45
10 29 31 103
12 45 16 72
12 54 31 45
12 74 25 41
12 85 34 36
13 75 34 59
13 91 55 81
14 75 28 59
15 74 19 41
16 91 16 81
17 29 37 103
17 91 10 81
19 45 37 72
19 85 40 36
20 45 40 72
20 74 28 41
20 85 25 36
21 75 19 59
22 45 31 72
22 85 37 36
23 54 34 45
24 91 25 81
25 45 43 72
25 54 40 45
26 74 31 41
26 45 34 72
26 91 28 81
26 29 43 103
27 74 37 41
27 85 43 36
28 74 40 41
28 45 46 72
28 54 49 45
30 74 22 41
32 75 1 59
32 45 22 72
32 85 31 36
33 45 19 72
33 54 46 45
33 91 31 81
34 91 37 81
36 45 49 72
37 74 13 41
37 75 22 59
38 91 49 81
41 74 19 89
41 54 4 73
41 29 25 109
42 54 52 45
42 85 7 36
43 54 31 73
45 29 19 109
46 75 31 59
48 75 4 59
50 74 31 89
51 85 16 36
52 54 43 73
53 85 1 36
54 85 19 36
58 85 46 36
58 91 52 81
59 75 46 59
60 74 49 41
60 85 52 36
61 45 52 72
61 85 4 36
61 54 55 45
62 29 40 103
62 75 25 59
64 91 34 81
65 85 55 36
66 85 10 36
66 54 7 73
67 29 49 103
67 74 7 41
68 91 7 81
68 29 46 103
69 45 55 72
69 75 37 59
70 75 7 59
72 91 1 81
72 74 34 41
73 45 9 130
75 29 52 103
75 54 1 73
75 75 40 59
76 45 19 130
80 29 55 103
80 54 58 45
82 75 43 59
82 91 4 81
85 74 16 41
85 45 13 130
86 45 58 72
90 29 1 109
91 91 46 81
93 45 1 130
93 29 13 109
95 29 4 109
95 74 52 41
95 75 49 59
97 45 4 130
97 54 10 73
98 54 13 73
99 74 10 41
100 74 49 79
101 29 7 109
101 85 10 109
102 85 13 36
103 74 15 89
103 29 37 109
105 75 10 59
106 29 22 109
106 85 51 47
108 54 16 73
108 85 22 36
109 75 13 59
109 91 19 81
110 85 58 36
110 91 13 81
111 85 28 109
111 91 7 145
112 29 16 109
112 91 22 81
114 29 31 109
115 45 22 130
116 75 16 59
118 75 55 59
118 54 25 73
119 29 49 109
121 85 7 120
122 91 10 145
123 91 58 81
124 29 58 103
126 54 19 73
126 85 58 47
126 91 13 145
127 29 40 109
128 45 16 130
128 85 1 120
131 54 22 73
134 91 4 145
135 29 13 161
136 91 25 145
137 45 33 130
138 74 55 41
140 54 28 73
1 55 31 30
1 96 35 43
4 27 11 13
6 96 41 43
7 96 23 43
8 96 47 43
8 55 35 30
11 27 35 13
11 61 41 38
12 27 29 13
14 61 47 38
14 96 59 43
15 61 35 38
16 55 25 30
16 61 29 38
17 55 17 30
17 96 41 75
20 55 19 30
20 61 23 38
20 96 53 43
21 61 17 38
25 27 5 13
29 96 11 43
30 55 27 30
32 96 29 43
34 96 45 75
35 96 29 45
35 55 1 30
37 55 11 30
40 27 23 13
40 55 21 30
42 96 57 75
44 61 5 38
45 96 47 75
47 55 5 30
47 61 7 38
51 96 5 43
52 96 5 124
52 27 41 13
55 27 17 13
55 55 3 30
57 55 29 30
57 96 17 43
60 61 59 38
61 96 59 75
61 27 47 13
63 55 7 30
63 96 55 75
64 27 53 13
65 27 59 13
65 55 37 30
65 61 53 38
66 96 23 124
66 55 41 30
69 27 47 71
70 27 53 71
72 27 59 71
74 61 29 89
75 27 4 91
75 96 11 124
76 96 29 124
79 55 23 30
80 27 1 91
80 96 17 124
83 96 43 124
88 55 9 30
88 96 31 124
93 61 11 89
94 27 7 91
95 61 23 89
96 55 13 30
99 27 13 91
99 61 40 89
99 96 52 124
101 96 35 124
105 55 43 30
105 61 25 89
108 55 39 30
109 27 11 91
109 61 47 89
110 96 37 124
113 27 9 91
113 55 15 30
113 96 33 124
114 61 34 89
115 61 9 89
116 96 41 124
117 27 23 91
117 55 49 30
118 61 43 89
119 55 5 84
122 27 15 91
122 55 47 30
123 96 39 124
124 27 17 91
124 55 33 30
125 27 29 91
126 96 47 124
130 61 27 89
132 96 58 124
136 96 45 124
137 27 47 91
140 55 59 30
2 2 39 46
3 99 49 39
4 10 55 90
8 99 49 91
9 2 49 46
9 99 55 39
19 2 43 46
20 2 55 46
25 10 51 90
26 2 55 109
30 99 31 39
31 2 33 46
32 10 37 90
34 10 31 90
36 2 55 147
38 99 25 39
46 2 27 46
49 2 43 109
49 10 33 138
51 2 39 147
53 2 31 147
53 99 49 128
54 10 43 90
56 2 13 46
56 99 43 39
61 99 37 39
62 99 43 91
64 2 45 147
64 10 37 138
68 99 25 91
69 2 49 147
70 10 13 90
72 2 37 159
72 10 43 138
76 2 25 147
77 10 1 90
78 10 7 90
79 2 19 46
83 99 7 39
85 2 25 159
88 10 15 138
88 99 33 91
89 99 55 91
89 10 25 90
90 99 37 91
91 10 1 138
96 99 1 39
98 99 7 128
105 99 19 39
107 99 1 128
108 99 43 128
109 99 31 128
114 10 43 140
118 2 31 159
123 10 7 138
125 2 7 46
128 2 19 159
128 10 25 138
130 99 55 128
133 99 19 91
134 99 13 39
135 99 25 128
136 99 37 128
138 99 15 128
139 99 19 128
140 2 13 159
1 65 37 144
2 35 49 11
3 76 46 33
5 65 19 144
10 42 34 78
12 42 49 78
15 42 31 78
16 35 31 11
17 42 43 78
19 35 52 11
20 35 37 11
22 65 40 144
24 42 52 78
25 76 37 33
26 65 46 144
28 65 28 144
30 35 19 11
31 76 13 33
32 65 34 144
33 42 25 78
38 65 52 144
39 65 1 144
39 76 4 33
40 35 28 11
40 65 43 144
42 76 40 33
43 76 34 33
44 35 25 11
44 65 31 144
46 76 34 42
47 35 9 11
51 76 28 33
52 65 46 158
53 65 13 144
55 35 34 11
59 42 22 78
60 35 55 11
60 65 25 144
62 76 58 33
63 42 46 78
69 76 43 33
70 65 10 144
72 65 4 144
74 42 13 78
74 65 16 144
76 42 22 153
77 76 25 33
78 35 13 11
80 42 3 78
83 65 49 144
85 76 37 42
86 65 55 144
88 76 51 33
89 42 7 78
91 35 40 11
91 76 57 42
92 65 7 144
94 42 10 78
96 76 7 33
98 35 16 11
99 35 3 11
99 65 22 144
99 76 16 33
102 42 16 78
102 76 10 33
107 65 49 158
113 42 28 78
113 65 1 158
114 76 1 33
115 35 43 11
118 65 58 144
118 35 46 11
119 35 22 11
120 65 7 158
120 76 19 33
121 42 19 78
122 42 7 153
124 42 55 78
127 35 1 67
127 76 22 33
130 42 1 153
132 42 10 153
133 42 4 153
135 65 4 158
135 35 7 67
136 65 28 158
138 42 58 78
139 42 13 153
141 76 31 33
1 22 33 27
3 23 41 78
4 44 29 22
5 44 23 22
7 22 29 27
14 22 37 27
15 43 41 24
15 44 47 22
19 43 5 24
21 44 35 22
22 22 23 27
25 43 17 24
27 59 7 24
28 43 11 24
29 22 17 27
30 23 37 78
31 23 29 142
33 22 35 27
33 59 28 24
34 43 43 24
34 59 47 24
36 44 17 22
39 43 25 24
40 43 19 24
41 22 11 27
42 59 15 24
43 43 13 24
44 23 39 78
44 43 23 24
46 59 37 24
47 22 13 27
48 44 1 107
49 22 5 27
49 23 11 142
49 43 39 24
57 44 41 22
58 44 59 22
59 44 53 22
59 59 33 24
60 43 31 24
63 23 17 142
64 44 11 22
66 59 21 24
69 23 5 142
69 59 9 24
70 22 19 27
70 23 35 142
70 44 5 22
72 59 53 24
73 22 1 27
74 22 21 27
75 43 35 24
78 43 49 24
78 59 51 24
80 43 13 100
81 22 31 27
81 43 55 24
85 59 59 24
86 23 1 78
91 43 5 100
92 43 45 24
92 23 23 142
92 59 57 24
93 59 25 27
94 22 15 27
94 23 53 142
95 23 47 142
98 22 27 27
100 59 3 27
103 44 5 107
104 44 11 107
105 43 17 100
106 59 7 27
107 22 41 27
108 22 47 27
108 23 41 142
109 23 5 147
110 59 55 27
111 22 45 27
111 23 59 142
111 43 10 100
112 23 29 147
112 44 13 107
114 43 23 100
115 22 57 27
115 23 11 147
115 59 59 27
117 22 9 27
118 43 28 100
119 23 17 147
119 44 3 107
120 44 17 107
120 23 35 147
121 44 22 107
124 22 49 27
124 44 7 107
126 22 43 27
126 43 31 100
128 23 23 147
128 43 41 100
129 22 39 27
131 22 53 27
131 59 58 59
134 43 19 100
134 23 53 147
135 23 37 147
138 23 23 149
138 44 25 107
141 43 7 100
141 59 51 27
2 60 55 105
5 89 37 110
6 72 49 89
6 83 55 58
7 14 43 98
10 28 37 67
10 89 49 110
11 14 31 58
11 89 55 110
12 60 55 146
15 83 49 58
16 72 55 89
19 14 55 98
21 60 43 35
21 89 25 110
21 28 31 67
24 83 55 131
28 14 31 98
30 83 39 131
31 60 43 105
32 83 43 131
32 60 49 105
37 60 37 105
43 28 37 145
44 89 43 110
47 83 19 131
49 83 49 131
54 28 55 67
56 83 31 131
59 28 49 67
67 28 13 67
67 72 19 90
68 14 55 125
70 60 43 146
75 28 25 67
77 14 49 98
77 60 31 105
78 14 19 98
78 83 31 148
81 28 33 145
81 83 49 148
82 28 55 145
82 83 37 148
86 89 3 110
92 60 13 105
93 60 27 105
98 28 37 161
102 14 3 98
103 14 45 125
106 83 1 131
110 14 27 98
115 60 1 146
124 28 45 67
124 83 9 131
129 60 19 105
129 89 13 110
130 28 43 145
132 28 21 67
138 60 27 146
139 14 25 125
140 28 19 145
1 98 40 156
5 98 51 156
6 98 37 156
12 7 52 30
23 7 55 30
27 7 40 139
32 98 55 156
47 98 28 156
56 98 19 156
57 98 31 156
58 7 25 100
61 98 49 161
63 7 57 100
65 7 49 100
67 98 10 156
69 98 58 156
70 98 55 161
75 7 43 100
75 98 46 156
81 98 58 161
87 7 58 139
92 98 1 156
106 7 13 139
112 7 37 100
112 98 46 161
116 98 22 156
117 7 43 139
126 98 22 161
128 7 4 139
128 98 13 156
129 7 52 100
130 7 49 139
133 98 34 156
137 7 7 139
140 7 25 139
1 38 43 50
4 51 35 48
5 38 35 84
6 101 59 12
9 15 53 59
10 101 29 34
12 15 21 61
14 51 41 48
14 101 49 47
16 38 37 50
17 101 35 34
18 101 41 34
19 51 29 48
20 51 47 48
21 15 23 61
23 15 13 61
26 15 11 61
28 38 53 84
28 51 5 48
31 38 41 84
32 15 9 61
34 38 59 84
36 101 23 34
37 15 29 61
38 15 5 61
39 38 47 84
39 101 53 34
40 101 47 34
42 15 1 61
43 38 11 84
43 101 17 34
44 51 17 48
44 101 28 77
47 15 35 61
48 51 7 48
50 38 23 84
55 38 1 136
55 51 29 80
56 15 17 61
56 38 55 84
57 15 27 61
58 51 17 80
60 15 41 61
61 15 43 61
62 101 5 34
63 38 25 84
65 15 25 61
65 38 17 84
65 101 5 77
67 38 57 84
67 51 53 48
68 15 19 61
68 51 59 48
70 51 41 80
71 15 7 61
72 15 47 61
74 38 19 136
75 15 49 61
75 38 17 136
78 38 41 136
81 51 11 80
82 15 53 61
84 15 37 61
84 51 23 80
88 51 47 80
91 15 33 61
92 101 59 34
99 51 19 48
100 51 5 90
102 15 59 61
105 51 53 80
106 15 31 61
106 38 59 136
107 15 45 61
110 51 35 80
110 101 1 77
112 38 31 136
112 101 35 77
113 38 11 136
113 51 17 90
116 38 47 136
117 15 5 67
121 38 29 136
121 51 59 80
124 15 15 61
125 51 47 90
126 15 51 61
126 38 53 136
126 51 11 90
129 15 55 61
129 101 11 77
130 38 17 139
130 101 19 77
132 38 28 139
133 51 23 90
134 51 49 90
136 101 33 77
138 38 1 139
138 51 35 90
139 101 7 34
139 51 29 90
6 84 43 106
7 34 55 10
20 84 43 107
22 84 51 21
30 84 55 21
42 84 43 159
46 34 39 10
47 84 49 106
56 34 49 10
65 84 39 106
80 34 25 10
84 84 39 107
89 84 51 107
92 84 31 106
100 84 13 106
110 34 3 10
110 84 19 106
127 84 7 106
131 34 7 10
133 84 55 106
10 97 55 107
15 97 58 107
23 97 31 107
31 97 49 112
33 97 43 112
38 97 55 112
39 97 34 107
40 97 34 112
47 97 40 112
51 97 43 120
54 97 52 112
57 97 46 112
66 97 31 112
68 97 10 112
74 97 31 120
77 97 37 112
83 97 15 120
96 97 19 107
98 97 58 112
100 97 43 133
108 97 19 120
121 97 25 112
123 97 1 46
127 97 4 46
11 103 51 93
22 103 59 93
23 103 23 95
25 103 46 95
26 103 41 95
34 103 49 95
38 103 58 95
39 103 31 95
41 103 53 95
56 103 39 95
57 103 37 95
60 103 11 110
62 103 19 95
67 103 43 95
86 103 25 95
90 103 7 110
92 103 51 95
110 103 23 110
111 103 31 110
117 103 1 110
122 103 17 110
125 103 33 95
127 103 35 110
141 103 27 95
37 3 43 69
105 3 27 69
139 3 31 69
140 3 39 69
141 3 13 69
14 90 55 53
16 90 34 53
24 90 49 53
39 90 43 53
45 90 22 53
48 90 19 53
55 90 31 53
59 90 58 53
62 90 37 53
70 90 58 108
76 90 46 53
78 90 16 53
89 90 10 53
95 90 43 150
111 90 25 53
10 13 53 69
19 13 47 69
22 13 25 69
23 13 17 69
29 13 23 69
48 13 35 69
69 13 19 69
71 13 5 69
74 13 59 69
79 13 11 69
83 13 45 77
85 13 23 77
100 13 1 69
103 13 13 77
108 13 49 69
109 13 3 69
124 13 51 69
130 13 41 77
134 13 21 69
135 13 16 77
120 73 25 131
127 73 13 131
Điểm tối ưu: 2398
Thời gian: 0.575240 giây
Trạng thái: GREEDY_DONE
