2472
1 64 1 270
1 35 7 180
1 15 13 213
2 64 7 270
2 15 1 213
3 7 1 217
3 15 7 213
6 64 13 270
6 7 7 217
6 15 19 213
6 21 1 186
7 7 13 217
10 21 7 186
11 7 19 217
12 7 25 217
13 7 31 217
17 21 13 186
19 7 37 217
19 21 19 186
20 64 19 270
24 15 25 213
25 64 25 270
25 7 43 217
26 21 25 186
27 64 31 270
27 35 1 180
27 15 37 213
27 21 43 186
30 64 37 270
31 64 43 270
32 15 31 213
34 64 49 270
34 15 43 213
34 21 31 186
36 64 55 270
36 15 49 213
36 21 37 186
39 35 13 180
39 7 49 217
41 15 55 213
42 21 49 186
43 7 55 217
46 35 19 180
55 35 25 180
58 35 31 180
61 35 37 180
71 21 55 186
75 35 43 180
77 35 49 180
83 35 55 180
1 67 19 147
2 33 13 139
2 44 16 193
2 12 19 271
3 33 16 139
3 46 13 16
3 19 19 9
4 33 1 139
4 77 4 8
4 12 7 271
5 44 1 193
6 72 25 100
7 67 1 147
7 73 7 8
8 70 1 153
8 46 4 16
8 19 7 9
9 12 1 271
9 19 4 9
10 33 4 139
10 67 13 147
10 73 1 8
10 44 19 193
10 19 16 9
11 67 4 147
11 70 7 153
11 46 1 16
11 19 10 9
13 67 7 147
14 33 7 139
14 77 10 8
14 19 1 9
15 33 10 139
15 72 1 100
15 19 13 9
16 70 4 153
16 73 13 8
16 44 7 193
17 67 10 147
17 70 19 153
18 67 16 147
18 44 4 193
18 12 10 271
18 19 22 9
19 12 4 271
20 33 25 139
20 72 4 100
20 77 16 8
20 19 28 9
21 70 10 153
21 12 13 271
21 19 25 9
22 12 16 271
23 73 19 8
23 44 10 193
23 12 22 271
24 70 13 153
24 73 22 8
26 77 31 8
27 12 25 271
28 77 25 8
29 73 28 8
29 44 13 193
30 12 28 271
31 77 34 8
31 46 7 16
32 33 19 139
32 44 22 193
33 70 16 153
33 46 10 16
34 44 25 193
34 46 16 16
34 19 37 9
35 67 22 147
35 73 37 8
35 44 28 193
36 72 7 100
36 12 31 271
36 44 34 193
36 19 43 9
37 44 31 193
38 33 22 139
38 73 40 8
39 70 22 153
39 12 34 271
39 77 43 8
40 33 28 139
40 70 25 153
40 73 46 8
40 44 37 193
40 46 19 16
41 72 10 100
42 33 31 139
42 72 13 100
42 73 55 8
43 67 25 147
44 73 49 8
44 44 40 193
45 33 34 139
45 67 28 147
45 77 52 8
45 19 31 9
46 44 43 193
48 70 28 153
49 67 31 147
49 70 34 153
49 44 46 193
50 70 31 153
50 73 58 8
50 46 22 16
51 46 25 16
53 12 37 271
54 67 34 147
55 67 37 147
56 44 49 193
56 12 40 271
56 19 34 9
57 46 28 16
59 46 31 16
62 70 37 153
62 19 40 9
65 72 16 100
66 70 40 153
66 12 43 271
67 46 34 16
67 19 46 9
68 19 49 9
70 33 37 139
70 19 52 9
71 12 46 271
71 44 52 193
72 67 40 147
72 72 19 100
72 19 55 9
73 44 55 193
73 12 49 271
74 33 40 139
74 19 58 9
75 44 58 193
75 12 52 271
77 33 43 139
77 72 22 100
78 46 37 16
79 70 43 153
80 33 46 139
80 12 55 271
81 72 28 100
81 12 58 271
82 67 43 147
83 33 49 139
85 33 52 139
86 72 31 100
86 46 40 16
87 70 46 153
88 33 55 139
90 33 58 139
90 67 46 147
90 70 49 153
91 70 52 153
91 72 34 100
91 46 43 16
92 46 46 16
95 70 55 153
96 67 49 147
97 70 58 153
102 67 52 147
106 67 55 147
106 46 49 16
109 46 52 16
114 46 55 16
116 67 58 147
116 72 37 100
123 46 58 16
134 72 40 100
138 72 43 100
143 72 46 100
147 72 49 100
163 72 52 100
166 72 55 100
176 72 58 100
2 40 5 291
3 66 5 1
3 42 11 104
3 23 22 60
5 23 4 60
7 40 10 291
7 23 17 60
10 34 11 179
12 42 1 104
12 17 3 161
12 23 7 60
13 40 1 291
14 23 13 60
15 34 4 179
15 17 7 161
16 34 1 179
17 34 7 179
18 42 7 104
20 40 7 291
22 66 1 1
22 42 3 104
23 40 3 291
23 17 1 161
26 34 9 179
26 40 13 291
26 42 5 104
27 34 13 179
28 66 3 1
28 40 15 291
28 42 9 104
28 23 1 60
29 66 7 1
30 66 9 1
31 23 10 60
32 23 15 60
33 66 13 1
33 40 19 291
34 40 21 291
35 17 5 161
36 66 11 1
37 23 19 60
38 66 15 1
38 17 9 161
40 17 11 161
42 34 16 179
43 66 17 1
44 42 13 104
45 34 19 179
46 42 15 104
46 23 25 60
48 40 17 291
51 34 21 179
51 17 13 161
52 34 23 179
52 40 25 291
53 40 23 291
54 66 19 1
54 34 25 179
54 40 27 291
55 23 29 60
57 17 15 161
58 40 29 291
60 34 27 179
60 66 21 1
61 23 27 60
62 17 17 161
63 17 19 161
64 66 23 1
65 40 31 291
65 42 19 104
66 66 25 1
67 40 37 291
69 42 17 104
70 34 29 179
70 17 21 161
72 42 22 104
72 40 33 291
72 23 31 60
73 66 27 1
76 66 29 1
76 42 25 104
76 17 23 161
77 66 31 1
78 17 25 161
78 23 33 60
79 42 27 104
83 34 31 179
84 42 29 104
85 66 33 1
85 42 31 104
86 66 35 1
86 42 37 104
87 23 35 60
89 23 37 60
90 34 33 179
91 40 39 291
91 23 41 60
92 42 33 104
95 34 35 179
97 17 27 161
97 23 39 60
98 42 35 104
100 66 37 1
100 42 39 104
101 17 29 161
102 66 39 1
102 23 43 60
103 66 41 1
103 34 37 179
103 42 43 104
104 34 39 179
104 40 35 291
105 34 41 179
105 40 43 291
107 42 41 104
107 23 45 60
108 34 43 179
108 42 45 104
109 42 47 104
112 66 43 1
112 42 49 104
113 17 31 161
114 42 51 104
114 17 33 161
115 23 47 60
116 17 35 161
117 17 37 161
120 42 53 104
121 23 49 60
123 66 45 1
123 34 47 179
123 40 41 291
124 42 55 104
125 42 57 104
128 23 51 60
129 66 47 1
129 40 45 291
129 42 59 104
131 34 45 179
131 23 53 60
132 34 49 179
133 34 51 179
134 34 53 179
135 66 49 1
136 23 55 60
137 40 47 291
138 23 57 60
139 34 55 179
139 40 49 291
140 34 57 179
141 34 59 179
141 40 51 291
142 17 39 161
146 66 51 1
147 23 59 60
148 40 53 291
148 17 41 161
150 66 53 1
153 40 55 291
153 17 43 161
156 40 57 291
158 40 59 291
161 66 55 1
164 17 45 161
165 66 57 1
181 17 47 161
189 17 49 161
192 66 59 1
193 17 51 161
1 6 25 284
5 6 7 284
8 6 13 284
15 5 19 84
17 63 1 247
19 5 7 84
20 6 31 284
22 5 25 84
22 6 19 284
24 63 7 247
25 63 13 247
27 6 49 284
27 63 19 247
37 6 1 284
37 63 25 247
38 5 1 84
38 63 31 247
39 63 37 247
45 6 37 284
47 63 43 247
48 6 43 284
50 5 13 84
53 5 31 84
54 63 49 247
56 63 55 247
58 6 55 284
59 5 37 84
60 5 43 84
62 5 49 84
62 6 1 19
66 6 7 19
69 5 55 84
74 6 13 19
79 6 19 19
80 6 25 19
83 6 33 19
86 6 43 19
91 6 55 19
93 6 37 19
103 6 49 19
4 76 10 64
5 30 13 255
6 71 28 122
7 76 4 64
8 71 10 122
8 76 19 64
9 71 7 122
9 30 10 255
10 71 22 122
16 71 16 122
18 76 1 64
19 30 1 255
20 76 13 64
22 30 7 255
30 71 1 122
36 30 4 255
37 30 16 255
40 76 7 64
40 30 22 255
41 30 19 255
45 30 25 255
48 71 4 122
49 76 16 64
50 30 28 255
51 76 28 64
52 71 13 122
52 30 31 255
53 76 25 64
57 71 19 122
58 76 22 64
59 71 25 122
60 30 34 255
64 71 31 122
65 71 34 122
67 71 39 122
68 71 43 122
71 71 49 122
71 30 37 255
72 71 46 122
74 71 52 122
74 76 31 64
76 30 40 255
79 76 34 64
81 76 37 64
81 30 43 255
83 71 1 178
84 30 46 255
85 71 55 122
86 30 49 255
89 71 58 122
92 30 52 255
94 71 4 178
94 30 55 255
95 30 58 255
96 71 7 178
97 30 1 194
98 76 40 64
99 71 10 178
100 71 13 178
106 76 43 64
108 71 16 178
110 30 4 194
111 76 46 64
112 71 19 178
113 30 7 194
115 76 49 64
122 76 52 64
123 71 22 178
123 76 55 64
126 71 25 178
127 76 58 64
127 30 10 194
130 30 13 194
138 71 28 178
140 71 31 178
145 71 34 178
146 30 16 194
147 30 19 194
149 30 22 194
154 30 25 194
155 30 28 194
159 71 37 178
162 71 40 178
163 30 31 194
167 30 34 194
170 30 37 194
174 71 43 178
174 30 40 194
175 71 46 178
176 30 43 194
178 71 49 178
178 30 46 194
180 71 52 178
183 30 49 194
184 30 52 194
192 71 55 178
195 30 55 194
196 30 58 194
1 39 5 95
3 39 25 95
14 39 15 95
16 39 10 95
17 39 17 95
26 39 1 95
33 39 3 95
42 39 7 95
51 39 19 95
52 39 21 95
56 39 13 95
60 39 23 95
62 39 27 95
64 39 29 95
70 39 31 95
72 39 35 95
79 39 37 95
81 39 33 95
88 39 39 95
94 39 41 95
96 39 43 95
98 39 45 95
108 39 47 95
117 39 49 95
118 39 51 95
119 39 53 95
123 39 1 116
131 39 55 95
136 39 57 95
140 39 59 95
143 39 3 116
152 39 5 116
153 39 7 116
154 39 9 116
157 39 11 116
165 39 13 116
166 39 15 116
172 39 17 116
178 39 19 116
179 39 21 116
191 39 23 116
198 39 25 116
199 39 27 116
1 11 22 269
2 29 22 136
3 11 27 269
13 29 3 136
14 11 4 269
15 29 16 136
16 11 19 269
17 11 31 269
17 29 25 136
19 11 13 269
22 11 10 269
23 11 7 269
25 29 7 136
33 29 28 136
36 11 1 269
41 11 16 269
42 11 34 269
44 29 10 136
46 29 31 136
48 11 37 269
48 29 13 136
50 29 19 136
51 29 34 136
52 11 40 269
54 11 43 269
55 11 46 269
56 29 37 136
60 11 49 269
64 11 52 269
67 29 43 136
68 29 40 136
71 11 1 129
72 29 49 136
73 11 58 269
76 11 55 269
77 11 4 129
77 29 46 136
78 11 7 129
78 29 52 136
80 29 58 136
82 11 10 129
86 11 13 129
90 29 55 136
91 11 16 129
94 29 1 296
99 29 4 296
102 11 19 129
103 11 22 129
105 29 7 296
110 11 25 129
111 11 28 129
111 29 10 296
115 11 31 129
116 11 40 129
121 29 13 296
125 29 16 296
128 11 34 129
130 29 19 296
133 11 37 129
136 11 43 129
140 29 22 296
141 11 46 129
144 11 49 129
145 11 52 129
146 11 55 129
151 11 58 129
152 11 1 143
154 11 4 143
157 11 7 143
157 29 25 296
159 29 28 296
160 11 10 143
161 11 13 143
162 11 16 143
167 29 31 296
169 29 34 296
170 29 40 296
176 11 19 143
177 29 37 296
178 11 22 143
187 29 43 296
191 29 46 296
199 11 31 143
3 9 31 39
6 47 5 17
7 9 19 39
8 47 17 17
10 9 25 39
11 9 13 39
16 9 22 39
18 47 13 17
19 47 11 17
20 47 1 17
23 9 5 39
26 9 3 39
29 9 1 39
29 47 3 17
30 9 7 39
30 47 15 17
33 9 33 39
34 47 7 17
35 9 9 39
37 47 9 17
38 47 19 17
43 9 11 39
44 47 21 17
47 47 23 17
53 9 15 39
56 9 17 39
61 9 29 39
61 47 25 17
62 47 29 17
70 9 27 39
71 47 27 17
73 9 35 39
73 47 31 17
84 9 37 39
86 9 47 39
88 47 33 17
89 9 39 39
90 47 35 17
91 47 37 17
93 47 41 17
94 47 39 17
95 9 41 39
99 9 43 39
100 9 45 39
101 9 49 39
103 47 45 17
105 9 51 39
106 47 47 17
108 47 49 17
110 47 43 17
114 9 53 39
116 47 51 17
118 9 55 39
119 9 57 39
127 9 1 50
127 47 53 17
130 9 59 39
135 47 55 17
136 47 59 17
141 47 57 17
143 9 5 50
146 47 58 178
148 9 3 50
151 9 7 50
151 47 1 24
154 9 11 50
155 47 3 24
160 9 13 50
160 47 5 24
165 47 7 24
166 47 9 24
168 9 9 50
170 47 11 24
171 9 15 50
173 9 17 50
174 47 13 24
175 47 15 24
177 47 17 24
179 9 19 50
181 47 19 24
183 47 21 24
186 47 23 24
188 9 21 50
189 9 23 50
190 47 25 24
198 47 27 24
199 47 29 24
1 4 31 154
5 4 19 154
6 4 37 154
9 4 13 154
15 4 25 154
19 4 43 154
22 4 49 154
29 4 9 154
32 4 1 154
49 4 55 154
52 4 1 135
53 4 7 135
54 4 13 135
55 4 19 135
58 4 25 135
63 4 31 135
69 4 37 135
75 4 1 204
80 4 49 135
84 4 55 135
87 4 7 204
88 4 43 135
90 4 13 204
95 4 19 204
96 4 25 204
104 4 31 204
107 4 37 204
120 4 43 204
122 4 55 204
128 4 1 286
135 4 51 204
141 4 7 286
144 4 13 286
161 4 19 286
164 4 25 286
165 4 31 286
166 4 37 286
170 4 43 286
172 4 49 286
173 4 55 286
3 41 33 35
14 41 19 35
20 75 9 62
23 41 13 35
24 41 1 35
26 75 15 62
28 75 19 62
29 75 22 62
32 75 25 62
35 41 16 35
35 75 1 62
38 75 28 62
39 41 4 35
41 41 7 35
49 75 4 62
50 41 10 35
53 41 28 35
56 75 31 62
62 41 22 35
62 75 34 62
64 75 37 62
69 75 43 62
70 41 40 35
73 75 40 62
74 41 25 35
77 75 55 62
78 75 46 62
79 75 49 62
81 75 52 62
86 41 52 35
89 41 43 35
91 41 46 35
94 41 49 35
96 75 58 62
104 75 1 63
112 75 4 63
114 41 37 35
114 75 7 63
119 41 1 241
123 75 10 63
125 75 13 63
127 75 16 63
134 41 55 35
135 75 19 63
136 75 22 63
142 75 25 63
143 41 58 35
143 75 28 63
145 75 31 63
149 75 34 63
150 75 37 63
151 41 4 241
156 75 40 63
158 75 43 63
159 41 7 241
162 75 46 63
164 75 49 63
167 41 10 241
176 75 52 63
179 41 13 241
180 75 55 63
181 41 16 241
183 41 25 241
188 75 58 63
198 41 19 241
1 61 11 145
2 61 25 145
3 54 37 29
4 61 13 145
11 54 15 29
11 61 17 145
12 54 5 29
14 54 17 29
17 61 5 145
18 61 19 145
21 54 1 29
21 61 3 145
23 54 25 29
25 54 3 29
33 54 7 29
35 54 11 29
36 54 13 29
37 61 7 145
41 61 1 145
44 54 19 29
47 61 9 145
49 54 9 29
53 54 21 29
58 61 15 145
59 54 23 29
60 61 29 145
61 61 21 145
63 61 23 145
65 61 27 145
67 54 27 29
69 61 31 145
70 54 33 29
72 61 37 145
73 61 33 145
79 54 29 29
81 54 31 29
83 61 39 145
86 54 55 29
89 54 35 29
92 61 35 145
94 61 43 145
95 54 39 29
99 61 41 145
101 61 45 145
106 61 52 145
107 54 43 29
118 54 41 29
126 54 45 29
131 54 47 29
132 61 47 145
133 54 49 29
137 54 51 29
138 54 53 29
138 61 49 145
139 54 57 29
139 61 59 145
142 54 59 29
143 61 55 145
144 54 1 87
147 54 3 87
152 61 57 145
153 61 25 50
154 54 7 87
160 61 27 50
167 54 5 87
170 61 29 50
176 54 9 87
177 54 11 87
178 54 13 87
178 61 31 50
179 61 33 50
180 61 35 50
181 61 37 50
185 61 39 50
186 54 15 87
187 54 17 87
188 61 41 50
193 61 43 50
194 61 45 50
196 61 47 50
197 54 19 87
198 61 49 50
13 58 13 138
15 58 31 138
21 58 19 138
26 58 37 138
38 58 43 138
42 58 1 138
55 58 7 138
63 58 25 138
70 58 55 138
89 58 49 138
93 58 1 183
96 58 13 183
97 58 7 183
104 58 19 183
108 58 25 183
118 58 31 183
120 58 37 183
123 58 49 183
135 58 43 183
138 58 1 11
142 58 55 183
143 58 7 11
146 58 19 11
156 58 13 11
160 58 31 11
164 58 37 11
165 58 25 11
183 58 43 11
188 58 49 11
189 58 55 11
11 8 23 75
17 8 28 75
18 8 25 75
44 8 1 75
46 8 3 75
47 8 5 75
48 8 7 75
52 8 9 75
55 8 11 75
59 8 13 75
64 8 15 75
68 8 17 75
80 8 19 75
93 8 21 75
99 8 31 75
112 8 33 75
122 8 35 75
125 8 37 75
126 8 39 75
130 8 41 75
134 8 43 75
138 8 46 75
139 8 51 75
140 8 49 75
158 8 53 75
166 8 58 75
174 8 55 75
175 8 1 30
183 8 3 30
187 8 5 30
200 8 7 30
2 50 11 30
5 22 11 73
7 50 21 30
9 50 17 30
9 22 19 73
9 31 21 28
12 31 9 28
13 22 17 73
14 50 23 30
16 22 25 73
21 31 5 28
27 22 5 73
28 22 7 73
29 50 19 30
30 31 11 28
34 22 1 73
35 22 13 73
35 31 7 28
36 31 15 28
41 31 3 28
43 22 3 73
44 31 17 28
49 22 21 73
50 50 25 30
52 31 19 28
54 22 9 73
57 50 9 30
57 31 1 28
58 22 35 73
61 50 13 30
62 50 15 30
63 22 15 73
65 31 13 28
68 31 23 28
69 31 25 28
70 50 35 30
70 22 23 73
75 50 27 30
75 31 29 28
76 22 27 73
78 31 27 28
80 31 31 28
82 22 29 73
84 31 33 28
88 22 31 73
92 50 29 30
93 22 33 73
97 50 31 30
102 31 35 28
104 22 37 73
105 50 33 30
106 50 37 30
106 31 39 28
107 50 47 30
108 31 37 28
110 50 39 30
111 22 39 73
111 31 41 28
115 31 43 28
117 22 41 73
120 31 47 28
122 31 45 28
124 50 41 30
125 31 49 28
127 22 43 73
127 31 51 28
128 50 43 30
129 22 49 73
130 31 53 28
132 31 55 28
133 31 57 28
134 31 59 28
140 22 45 73
141 22 53 73
141 31 1 106
145 31 3 106
147 31 5 106
148 31 7 106
153 31 9 106
154 50 45 30
154 22 47 73
159 31 11 106
163 22 55 73
166 50 49 30
166 31 13 106
168 31 15 106
171 50 51 30
172 22 57 73
176 50 55 30
178 50 53 30
180 22 59 73
180 31 17 106
181 31 21 106
184 50 57 30
187 31 19 106
188 31 23 106
189 50 59 30
190 22 51 73
193 50 31 24
193 31 25 106
197 50 33 24
200 50 35 24
200 31 27 106
2 3 27 118
4 3 15 118
8 79 25 127
11 3 31 118
17 79 37 127
20 79 43 127
22 79 31 127
24 79 49 127
25 3 19 118
26 3 43 118
28 3 37 118
30 79 19 127
33 79 55 127
38 3 49 118
40 3 1 118
44 3 55 118
44 79 3 127
45 79 7 127
47 3 1 32
49 79 25 167
51 79 15 127
54 3 21 32
57 3 31 32
57 79 3 167
59 79 7 167
62 79 43 167
64 3 7 118
64 79 19 167
65 3 7 32
68 79 13 167
73 79 1 2
77 79 33 167
84 79 39 167
88 79 49 167
91 3 25 32
92 79 55 167
98 79 7 2
103 3 13 32
103 79 25 2
104 79 13 2
107 3 49 32
119 3 37 32
120 3 55 32
122 79 19 2
128 3 45 32
135 79 31 2
136 3 1 81
137 3 7 81
142 79 43 2
144 3 19 81
145 79 37 2
149 3 13 81
154 79 49 2
155 79 55 2
157 3 31 81
162 3 25 81
170 79 1 197
171 3 37 81
172 3 43 81
173 79 7 197
182 79 13 197
187 79 21 197
190 79 27 197
192 3 49 81
10 45 27 126
15 45 37 126
27 45 7 126
37 45 13 126
39 45 1 126
47 45 16 126
53 45 4 126
55 45 31 126
60 45 10 126
63 45 40 126
74 45 19 126
76 45 34 126
80 45 22 126
88 45 58 126
96 45 45 126
100 45 49 126
105 45 55 126
116 45 1 137
117 45 52 126
119 45 4 137
120 45 7 137
121 45 10 137
125 45 19 137
131 45 13 137
133 45 16 137
146 45 25 137
149 45 28 137
159 45 22 137
169 45 31 137
171 45 34 137
183 45 37 137
186 45 40 137
194 45 49 137
196 45 43 137
4 68 19 42
5 53 16 211
6 53 11 211
12 68 11 42
13 53 19 211
14 53 25 211
21 68 7 42
22 53 5 211
25 68 1 42
31 53 1 211
32 53 7 211
34 68 3 42
39 68 9 42
42 68 5 42
52 53 27 211
54 53 3 211
56 53 9 211
60 53 13 211
69 53 21 211
76 68 13 42
76 53 31 211
79 53 23 211
80 68 15 42
82 53 33 211
85 68 17 42
86 68 21 42
87 68 23 42
92 53 37 211
93 68 25 42
93 53 29 211
95 68 27 42
99 53 35 211
102 68 29 42
102 53 41 211
107 68 31 42
110 68 33 42
113 68 35 42
116 53 43 211
121 53 39 211
123 68 37 42
124 53 45 211
126 68 41 42
128 68 39 42
129 53 51 211
132 68 43 42
132 53 53 211
142 53 47 211
150 53 49 211
151 53 55 211
152 53 59 211
153 53 57 211
155 53 1 294
162 53 3 294
163 68 45 42
165 68 47 42
168 53 5 294
173 68 49 42
173 53 11 294
175 68 51 42
179 68 53 42
185 68 55 42
190 68 57 42
191 53 7 294
195 53 9 294
196 68 1 74
197 53 13 294
18 37 27 34
46 37 7 34
49 37 37 34
52 37 43 34
63 37 1 34
66 37 13 34
70 37 1 40
77 37 7 40
85 37 19 34
97 37 33 34
99 37 49 34
113 37 55 34
120 37 13 40
128 37 19 40
132 37 25 40
133 37 31 40
134 37 45 40
138 37 37 40
165 37 49 40
166 37 1 49
167 37 55 40
177 37 7 49
183 37 13 49
185 37 19 49
186 37 25 49
194 37 31 49
198 37 37 49
1 20 37 162
2 20 31 162
4 20 21 162
7 43 25 79
9 20 25 162
10 60 31 36
13 43 10 79
14 20 28 162
18 43 31 79
20 43 37 79
20 60 40 36
24 43 4 79
26 20 34 162
28 20 43 162
29 43 16 79
30 20 4 162
30 60 25 36
31 43 13 79
31 60 3 36
34 60 9 36
37 20 40 162
40 43 34 79
42 20 9 162
43 60 13 36
48 43 1 79
51 43 7 79
52 20 16 162
57 20 46 162
58 60 19 36
61 20 1 162
64 43 40 79
65 20 49 162
66 43 19 79
67 60 16 36
70 20 13 162
71 60 22 36
77 43 28 79
79 43 46 79
80 60 34 36
81 60 46 36
82 20 52 162
83 20 4 57
84 60 43 36
86 20 57 162
89 43 22 79
89 20 1 57
90 43 43 79
92 20 7 57
93 20 10 57
94 20 13 57
95 60 49 36
98 20 16 57
100 60 28 36
101 43 51 79
101 20 19 57
103 20 31 57
103 60 55 36
105 43 58 79
107 43 55 79
109 43 1 93
110 60 52 36
111 20 22 57
112 20 25 57
112 60 37 36
113 43 4 93
114 20 28 57
115 20 34 57
116 20 45 57
117 60 58 36
118 60 43 49
119 43 7 93
120 43 10 93
127 20 37 57
130 43 16 93
133 43 13 93
136 43 19 93
137 20 40 57
139 43 22 93
141 43 25 93
142 20 49 57
142 60 52 49
143 20 52 57
144 20 55 57
144 60 46 49
145 20 58 57
147 20 7 125
148 43 28 93
148 60 49 49
149 20 1 125
152 20 10 125
155 20 13 125
157 43 37 93
161 20 4 125
163 60 57 49
164 60 1 203
181 43 31 93
181 60 4 203
184 20 16 125
184 60 7 203
187 20 25 125
189 43 34 93
190 20 19 125
191 43 40 93
192 20 22 125
193 43 45 93
195 43 49 93
195 20 28 125
195 60 13 203
196 60 10 203
197 60 16 203
200 20 31 125
9 51 31 88
31 51 19 88
32 51 9 88
33 51 37 88
37 51 43 88
38 51 55 88
41 51 25 88
43 51 49 88
47 51 19 128
54 51 37 128
56 51 1 88
58 51 1 128
59 51 15 88
66 51 27 128
68 51 7 128
70 51 43 128
82 51 13 128
101 51 31 128
105 51 1 195
109 51 55 128
112 51 51 128
116 51 7 195
118 51 13 195
120 51 19 195
139 51 25 195
141 51 31 195
146 51 37 195
147 51 43 195
157 51 49 195
163 51 1 65
171 51 55 195
176 51 13 65
177 51 19 65
183 51 7 65
186 51 31 65
190 51 37 65
193 51 27 65
199 51 43 65
5 56 25 238
16 56 28 238
26 56 19 238
29 56 31 238
46 56 34 238
49 56 1 238
62 56 7 238
81 56 4 238
85 56 10 238
96 56 22 238
98 56 13 238
105 56 16 238
106 56 58 238
113 56 37 238
121 56 43 238
127 56 40 238
128 56 55 238
129 56 1 240
139 56 46 238
145 56 49 238
146 56 4 240
150 56 7 240
154 56 13 240
172 56 10 240
179 56 16 240
181 56 52 238
183 56 28 240
189 56 19 240
193 56 22 240
195 56 25 240
199 56 34 240
1 52 43 43
3 52 39 43
12 52 13 43
18 52 49 43
23 52 27 43
25 52 31 43
36 52 19 43
41 52 31 20
47 52 55 43
49 52 49 20
50 52 1 43
57 52 37 20
63 52 7 43
72 52 1 20
77 52 13 20
85 52 25 20
88 52 7 20
89 52 7 144
92 52 19 20
93 52 43 20
95 52 1 144
98 52 55 20
100 52 19 144
108 52 31 144
109 52 13 144
110 52 45 144
111 52 49 144
117 52 25 144
122 52 37 144
125 52 1 264
129 52 55 144
131 52 7 264
132 52 13 264
134 52 19 264
135 52 25 264
140 52 37 264
149 52 43 264
152 52 31 264
162 52 49 264
163 52 7 254
171 52 1 254
172 52 13 254
176 52 25 254
186 52 55 264
193 52 33 254
195 52 19 254
196 52 37 254
197 52 43 254
198 52 51 254
6 1 31 38
13 1 21 38
14 1 34 38
32 1 28 38
43 1 7 38
51 1 1 38
55 1 4 38
61 1 10 38
65 1 37 38
66 1 46 38
68 1 25 38
75 1 13 38
85 1 40 38
103 1 58 38
105 1 10 198
107 1 16 38
110 1 49 38
117 1 43 38
126 1 52 38
131 1 1 198
135 1 4 198
143 1 13 198
150 1 55 38
151 1 16 198
155 1 7 198
164 1 19 198
168 1 22 198
177 1 25 198
188 1 28 198
197 1 37 198
5 80 28 4
7 80 31 4
9 80 37 4
15 80 40 4
17 80 22 4
19 62 16 66
28 80 34 4
28 62 22 66
29 80 25 4
31 80 16 4
33 80 43 4
34 80 13 4
40 62 13 66
43 62 19 66
44 80 7 4
44 62 25 66
45 80 1 4
45 62 4 66
46 80 46 4
48 80 10 4
53 80 49 4
54 62 31 66
55 80 52 4
57 80 55 4
60 80 4 4
62 80 19 4
66 80 58 4
69 80 1 260
75 80 7 260
75 62 10 66
76 80 4 260
77 62 1 66
79 62 7 66
83 62 28 66
84 62 49 66
90 62 37 66
91 62 1 227
93 80 13 260
93 62 52 66
95 62 43 66
96 62 34 66
97 62 46 66
103 80 10 260
104 62 55 66
113 80 16 260
118 80 19 260
122 80 25 260
130 80 22 260
130 62 4 227
132 80 31 260
135 80 37 260
136 62 40 66
143 80 34 260
144 62 58 66
148 62 9 227
150 80 28 260
150 62 13 227
152 80 40 260
155 80 43 260
157 80 46 260
160 80 49 260
161 80 52 260
162 80 55 260
166 80 19 200
167 80 1 200
168 62 19 227
169 62 16 227
170 62 22 227
175 62 25 227
182 62 28 227
187 62 31 227
189 80 4 200
191 62 34 227
193 62 37 227
197 80 58 260
1 57 49 206
2 57 37 206
5 57 31 206
8 57 43 206
10 57 55 206
11 57 25 206
17 57 43 274
30 57 31 274
31 57 25 274
32 57 37 274
35 57 49 274
45 57 13 206
53 57 55 274
60 57 15 274
67 57 1 206
68 57 19 206
74 57 7 206
83 57 7 274
85 57 1 274
86 57 1 283
93 57 55 283
98 57 19 274
106 57 7 283
108 57 19 283
110 57 13 283
115 57 25 283
117 57 31 283
121 57 51 283
124 57 37 283
126 57 1 3
127 57 45 283
129 57 7 3
131 57 19 3
140 57 13 3
142 57 31 3
146 57 43 3
147 57 25 3
159 57 49 3
171 57 7 223
174 57 57 3
181 57 39 3
194 57 1 223
199 57 13 223
1 24 40 105
4 16 25 48
6 16 34 48
7 69 28 58
7 14 34 98
12 24 19 105
13 24 25 105
14 14 31 98
15 69 43 58
17 14 49 98
19 24 28 105
21 14 16 98
22 69 13 58
23 24 16 105
25 14 10 98
26 69 22 58
26 14 52 98
27 69 10 58
28 24 31 105
31 24 37 105
32 14 43 98
33 16 21 48
34 14 28 98
35 69 19 58
37 69 34 58
39 16 28 48
40 24 43 105
41 14 13 98
43 16 31 48
45 14 21 98
46 16 37 48
46 24 49 105
47 69 25 58
47 14 37 98
47 24 13 105
48 69 31 58
48 14 25 98
48 16 40 48
48 24 22 105
49 24 13 69
51 69 4 58
51 16 10 48
55 24 1 105
56 69 46 58
57 69 49 58
57 16 43 48
57 24 52 105
59 16 1 48
61 14 4 98
63 69 37 58
65 24 4 105
66 14 1 98
67 14 7 98
67 16 13 48
67 24 10 105
69 16 4 48
69 24 7 105
70 16 7 48
71 24 34 105
74 69 1 58
74 14 46 98
74 16 49 48
78 16 16 48
78 14 40 98
79 24 55 105
80 69 7 58
81 24 1 69
82 14 55 98
82 24 46 105
83 16 46 48
85 16 58 48
85 24 7 69
87 14 58 98
90 16 52 48
91 69 4 228
92 24 4 69
94 14 7 141
97 16 55 48
98 14 1 141
100 69 16 58
101 24 58 105
102 16 1 92
102 24 10 69
104 16 4 92
106 24 16 69
107 69 58 58
107 16 7 92
108 24 39 69
109 14 4 141
109 24 19 69
110 69 55 58
110 14 10 141
111 14 13 141
115 69 40 58
116 16 13 92
119 24 22 69
120 16 25 92
121 69 1 228
123 16 16 92
123 24 25 69
124 24 28 69
125 16 10 92
128 16 28 92
129 16 19 92
130 16 31 92
131 69 16 228
132 24 34 69
134 16 34 92
135 14 16 141
137 16 22 92
138 24 31 69
139 14 19 141
142 16 1 175
147 69 52 58
150 69 10 228
152 69 7 228
152 24 43 69
153 69 13 228
154 16 37 92
156 69 19 228
157 16 40 92
159 14 25 141
160 14 22 141
160 24 46 69
161 69 25 228
162 14 31 141
162 16 43 92
163 69 22 228
164 16 52 92
165 69 37 228
165 16 4 175
166 69 28 228
166 16 46 92
168 14 28 141
169 14 37 141
172 14 34 141
173 24 51 69
174 24 1 76
175 24 55 69
176 14 40 141
177 24 58 69
179 69 40 228
180 14 43 141
181 69 34 228
182 16 49 92
182 24 4 76
183 24 31 76
185 69 31 228
185 14 46 141
187 69 46 228
187 14 49 141
189 69 43 228
190 16 7 175
191 14 52 141
192 16 10 175
192 24 7 76
193 24 10 76
194 69 52 228
195 14 58 141
199 16 55 92
200 69 49 228
4 13 31 222
5 13 37 222
8 13 49 222
10 13 43 222
11 13 55 222
21 13 31 56
23 13 37 56
25 13 49 56
29 13 43 56
41 13 37 109
47 13 31 109
51 13 55 56
53 13 43 109
59 13 19 222
60 13 55 109
73 13 7 222
76 13 15 222
85 13 13 56
86 13 25 222
90 13 1 222
92 13 25 56
107 13 1 56
108 13 7 56
117 13 19 56
122 13 1 109
125 13 25 109
128 13 7 109
132 13 19 109
133 13 1 187
140 13 51 109
141 13 13 109
146 13 7 187
148 13 13 187
153 13 19 187
159 13 31 187
164 13 55 187
171 13 25 187
189 13 37 187
199 13 49 187
4 65 28 290
11 65 37 290
21 65 40 290
24 65 16 290
53 65 1 290
55 65 13 290
59 65 4 290
63 65 43 290
73 65 19 290
80 65 10 290
81 65 7 290
101 65 22 290
106 65 25 290
109 65 31 290
116 65 55 290
117 65 46 290
124 65 34 290
125 65 51 290
129 65 4 293
130 65 1 293
145 65 7 293
146 65 13 293
152 65 16 293
156 65 10 293
159 65 58 290
160 65 19 293
163 65 25 293
167 65 22 293
169 65 28 293
171 65 31 293
174 65 34 293
175 65 37 293
178 65 40 293
184 65 43 293
194 65 55 293
200 65 46 293
2 27 34 12
8 27 22 12
11 27 29 12
12 27 17 12
13 27 37 12
17 27 41 12
22 27 39 12
23 27 31 12
28 27 5 12
29 27 47 12
34 27 19 12
38 27 7 12
46 27 1 12
56 27 11 12
58 27 9 12
64 27 3 12
73 27 13 12
75 27 25 12
82 27 27 12
90 27 5 157
94 27 45 12
96 27 52 12
98 27 43 12
99 27 15 12
102 27 49 12
109 27 59 12
119 27 55 12
121 27 57 12
122 27 7 157
124 27 1 157
142 27 9 157
147 27 11 157
164 27 13 157
179 27 3 157
187 27 15 157
196 27 17 157
7 55 23 41
14 55 37 41
19 55 25 41
27 55 15 41
33 55 1 41
37 55 5 41
38 55 11 41
40 55 17 41
41 55 29 41
43 55 34 41
44 55 31 41
47 55 7 41
57 55 13 41
64 55 27 41
66 55 49 41
68 55 3 41
78 55 19 41
79 55 39 41
80 55 41 41
81 55 21 41
87 55 43 41
88 55 47 41
89 55 53 41
101 55 9 41
102 55 45 41
104 55 51 41
112 55 55 41
113 55 59 41
120 55 1 71
123 55 19 38
126 55 57 41
135 55 7 71
137 55 3 71
138 55 5 71
153 55 11 71
156 55 17 71
158 55 9 71
161 55 23 71
167 55 13 71
168 55 25 71
177 55 15 71
193 55 19 71
4 74 35 55
22 74 23 55
32 74 5 55
45 74 11 55
54 74 1 55
56 74 7 55
65 74 21 55
69 74 13 55
71 74 9 55
76 74 19 55
83 74 15 55
90 74 17 55
93 74 27 55
97 74 25 55
98 74 29 55
114 74 3 55
115 74 37 55
120 74 31 55
134 74 49 55
138 74 41 55
151 74 33 55
152 74 46 55
161 74 39 55
167 74 43 55
168 74 51 55
172 74 53 55
182 74 55 55
200 74 57 55
8 26 31 67
12 26 37 67
15 26 49 67
19 26 55 67
20 26 55 93
24 26 43 67
25 26 37 99
27 26 55 99
30 26 43 99
32 26 49 99
39 26 55 137
58 26 37 250
66 26 31 99
69 26 27 67
73 26 15 67
75 26 19 67
76 26 7 67
78 26 1 67
96 26 1 99
101 26 13 99
107 26 19 99
113 26 25 99
134 26 7 99
145 26 13 250
147 26 31 250
150 26 1 250
157 26 19 250
158 26 25 250
162 26 7 250
163 26 13 26
184 26 1 26
186 26 43 250
188 26 7 26
1 2 55 78
4 2 37 78
8 2 40 78
12 2 22 78
15 2 46 78
23 2 33 78
24 2 19 78
33 2 25 78
36 2 28 78
42 2 43 78
44 2 52 78
52 2 49 78
58 2 43 94
61 2 7 78
67 2 58 78
69 2 10 78
71 2 4 78
72 2 13 78
85 2 37 94
88 2 1 78
93 2 16 78
104 2 7 94
106 2 1 94
114 2 10 94
115 2 4 94
118 2 22 94
129 2 13 94
143 2 16 94
144 2 25 94
151 2 19 94
161 2 28 94
167 2 40 94
170 2 31 94
186 2 49 94
192 2 34 94
197 2 52 94
2 18 43 90
6 18 49 90
13 18 39 90
18 18 55 90
22 18 43 102
24 18 31 90
25 18 55 102
30 18 49 102
31 18 49 172
35 18 31 102
50 18 37 102
59 18 43 172
65 18 55 172
69 18 33 172
71 18 13 90
80 18 1 90
84 18 7 90
88 18 19 90
94 18 25 90
100 18 1 102
105 18 19 102
113 18 19 172
114 18 13 102
115 18 7 102
118 18 25 102
123 18 3 172
138 18 7 172
139 18 13 172
141 18 37 172
142 18 13 173
148 18 19 173
149 18 7 173
151 18 25 172
158 18 1 173
165 18 43 173
166 18 31 173
180 18 25 173
185 18 49 173
190 18 1 297
191 18 55 173
192 18 37 173
6 78 43 230
16 78 31 230
21 78 49 230
30 78 55 230
48 78 49 285
50 78 43 285
55 78 55 285
56 78 19 230
60 78 37 230
65 78 43 76
75 78 31 285
76 78 49 76
79 78 1 230
84 78 13 230
86 78 7 230
87 78 25 230
89 78 13 285
90 78 7 285
97 78 19 285
101 78 1 285
107 78 25 285
114 78 19 76
121 78 25 76
122 78 13 76
150 78 19 103
155 78 37 285
173 78 37 76
174 78 7 103
178 78 55 76
182 78 31 103
188 78 1 103
7 32 37 21
13 32 28 21
14 32 40 21
19 32 31 21
24 32 55 21
28 32 46 21
32 32 58 21
38 32 25 21
39 32 19 21
43 32 22 21
46 32 52 21
50 32 7 21
52 32 34 21
59 32 49 21
60 32 1 21
61 32 15 21
63 32 46 207
65 32 1 207
84 32 4 21
96 32 10 21
99 32 7 207
100 32 10 207
106 32 4 207
109 32 43 21
112 32 13 207
114 32 25 207
116 32 16 207
119 32 19 207
126 32 22 207
145 32 28 207
153 32 31 207
166 32 43 207
172 32 37 207
178 32 34 207
179 32 49 207
180 32 40 207
188 32 55 207
199 32 58 207
2 38 49 196
5 38 43 196
12 38 31 196
16 38 37 196
18 38 37 261
21 38 55 196
24 38 37 276
29 38 49 261
43 38 43 261
45 38 55 261
58 38 49 276
62 38 55 276
64 38 43 276
67 38 19 196
82 38 1 196
85 38 43 114
87 38 13 196
95 38 7 196
98 38 25 196
108 38 1 261
111 38 31 261
112 38 7 261
119 38 13 261
126 38 7 276
130 38 25 261
137 38 13 276
139 38 1 276
150 38 31 276
152 38 19 261
158 38 19 276
165 38 9 114
167 38 25 276
178 38 1 114
179 38 25 114
180 38 13 114
181 38 55 114
184 38 19 114
185 38 1 124
191 38 9 124
198 38 31 114
200 38 37 114
1 25 58 7
8 25 37 7
11 25 40 7
13 25 43 7
16 25 46 7
20 25 49 7
21 25 28 7
29 25 34 7
37 25 21 7
55 25 16 7
61 25 31 7
67 25 52 7
68 25 55 7
72 25 7 7
89 25 4 7
91 25 10 7
119 25 25 7
124 25 13 7
126 25 13 110
145 25 10 110
148 25 25 110
151 25 22 110
157 25 1 7
160 25 1 110
161 25 7 110
163 25 19 110
164 25 4 110
165 25 16 110
167 25 37 110
172 25 28 110
173 25 31 110
182 25 40 110
183 25 34 110
184 25 46 110
185 25 43 110
189 25 51 110
194 25 58 110
196 25 55 110
197 25 1 182
200 25 4 182
5 49 23 23
8 49 29 23
16 49 35 23
18 49 41 23
27 49 17 23
41 49 5 23
42 49 19 23
47 49 11 23
64 49 1 23
66 49 37 23
68 49 31 23
71 49 7 23
91 49 13 23
92 49 15 23
96 49 39 23
101 49 25 23
105 49 27 23
108 49 51 23
109 49 9 23
111 49 3 23
113 49 33 23
117 49 55 23
119 49 43 23
125 49 45 23
132 49 57 23
133 49 21 23
134 49 1 46
139 49 53 23
158 49 47 23
167 49 49 23
168 49 59 23
179 49 5 46
187 49 3 46
188 49 11 46
194 49 7 46
197 49 9 46
6 28 17 251
7 28 40 251
9 28 23 251
24 28 11 251
25 28 5 251
31 28 29 251
34 28 35 251
35 28 25 251
40 28 31 251
43 28 1 251
46 28 13 251
49 28 7 251
51 28 37 251
54 28 46 251
56 28 15 251
61 28 19 251
73 28 43 251
77 28 53 251
79 28 58 251
87 28 3 251
97 28 49 251
102 28 27 251
124 28 9 251
131 28 33 251
134 28 51 251
149 28 55 251
155 28 21 251
170 28 55 228
173 28 59 228
174 28 4 272
182 28 57 228
188 28 13 272
3 36 43 142
4 36 40 142
9 36 28 142
10 36 34 142
13 36 46 142
16 36 49 142
19 36 23 142
23 36 51 142
26 36 7 142
31 36 31 142
37 36 11 142
41 36 53 142
58 36 5 142
71 36 17 142
75 36 37 142
83 36 13 142
92 36 1 142
99 36 19 142
109 36 25 142
111 36 55 142
118 36 3 142
134 36 15 142
135 36 9 142
136 36 5 155
142 36 21 142
144 36 3 155
157 36 57 142
164 36 59 142
176 36 1 155
188 36 15 155
5 59 35 97
12 59 29 97
15 59 23 97
22 59 37 97
28 59 11 97
48 59 19 97
50 59 5 97
66 59 17 97
67 59 25 97
74 59 43 97
81 59 13 97
83 59 21 97
90 59 27 97
99 59 1 97
103 59 3 97
112 59 31 97
128 59 15 97
133 59 7 97
140 59 9 97
143 59 39 97
146 59 33 97
151 59 41 97
152 59 49 97
160 59 52 97
164 59 47 97
178 59 59 97
191 59 1 123
194 59 5 123
195 59 45 97
4 48 43 68
5 10 41 83
6 10 23 83
9 10 35 83
9 48 40 68
10 10 37 83
12 10 43 83
19 10 47 83
21 48 23 68
24 48 29 68
25 10 17 83
31 48 47 68
32 48 13 68
33 10 5 83
35 10 45 83
39 48 7 68
40 48 5 68
41 10 49 83
42 48 21 68
43 48 37 68
44 10 15 83
45 48 17 68
47 48 35 68
51 10 31 83
59 10 11 83
61 48 45 68
63 10 13 83
64 10 25 83
74 10 28 83
78 48 10 68
79 48 15 68
81 48 19 68
82 10 7 83
83 48 25 68
94 10 19 83
98 48 31 68
104 10 53 83
105 10 39 83
109 48 27 68
111 10 1 83
117 10 3 83
118 48 1 68
120 48 3 68
121 10 21 83
122 48 33 68
124 10 51 83
125 48 55 68
128 10 58 83
129 48 53 68
131 48 49 68
134 10 3 225
136 48 51 68
140 10 55 83
146 10 1 225
149 48 57 68
152 10 13 225
156 48 59 68
157 48 4 113
159 48 1 113
162 10 5 225
169 48 7 113
175 48 9 113
179 10 9 83
180 10 33 83
181 48 11 113
186 10 7 225
190 10 10 225
191 10 15 225
194 10 17 225
195 10 23 225
196 48 13 113
197 48 21 113
198 10 29 225
200 48 15 113
Điểm tối ưu: 2472
Thời gian: 0.176751 giây
Trạng thái: GREEDY_DONE
