1429
1 32 1 110
3 32 7 110
4 32 13 110
5 32 19 110
6 32 25 110
8 32 31 110
11 32 37 110
17 32 43 110
19 32 49 110
20 32 55 110
22 32 1 126
24 32 7 126
29 32 13 126
32 32 19 126
39 32 25 126
40 32 31 126
41 32 37 126
45 32 43 126
49 32 49 126
51 32 55 126
52 32 1 47
54 32 7 47
55 32 13 47
56 32 19 47
59 32 25 47
60 32 31 47
62 32 37 47
67 32 43 47
69 32 49 47
70 32 55 47
3 14 1 35
9 14 7 35
12 14 13 35
15 14 19 35
19 14 25 35
20 14 31 35
24 14 37 35
25 14 43 35
29 14 49 35
32 14 55 35
33 14 1 134
39 14 7 134
43 14 13 134
45 14 19 134
48 14 25 134
52 14 31 134
54 14 37 134
57 14 43 134
61 14 49 134
68 14 55 134
70 14 1 120
75 14 7 120
76 14 13 120
80 14 19 120
84 14 25 120
86 14 31 120
88 14 37 120
92 14 43 120
93 14 49 120
94 14 55 120
8 11 1 87
12 11 4 87
14 11 7 87
15 11 10 87
18 11 13 87
21 11 16 87
22 11 19 87
28 11 22 87
33 11 25 87
35 11 28 87
36 11 31 87
37 11 34 87
41 11 43 87
43 11 37 87
44 11 40 87
48 11 46 87
51 11 49 87
53 11 52 87
55 11 55 87
58 11 58 87
59 11 1 135
62 11 4 135
65 11 7 135
67 11 10 135
68 11 13 135
69 11 16 135
74 11 19 135
75 11 22 135
80 11 25 135
81 11 28 135
82 11 31 135
87 11 34 135
90 11 37 135
93 11 40 135
94 11 43 135
97 11 46 135
5 5 1 38
7 5 3 38
11 5 5 38
19 5 7 38
21 5 9 38
22 5 11 38
24 5 13 38
27 5 15 38
30 5 17 38
31 5 19 38
32 5 23 38
34 5 21 38
37 5 25 38
38 5 27 38
39 5 29 38
40 5 35 38
42 5 31 38
45 5 33 38
49 5 37 38
53 5 39 38
54 5 41 38
60 5 43 38
61 5 45 38
63 5 47 38
66 5 49 38
71 5 51 38
72 5 53 38
76 5 55 38
79 5 57 38
83 5 59 38
85 5 1 55
88 5 3 55
89 5 5 55
90 5 7 55
91 5 9 55
92 5 11 55
96 5 13 55
97 5 15 55
98 5 17 55
99 5 19 55
2 12 1 6
2 18 7 39
5 12 7 6
7 12 13 6
7 18 19 39
9 15 1 61
9 18 13 39
10 15 7 61
11 15 13 61
11 18 1 39
12 15 19 61
13 12 19 6
13 18 25 39
14 12 25 6
14 15 31 61
15 18 31 39
16 12 31 6
16 18 37 39
18 12 37 6
18 15 25 61
20 15 37 61
21 15 43 61
22 15 49 61
22 18 43 39
24 15 55 61
24 18 49 39
25 15 1 100
26 12 43 6
27 15 7 100
28 15 13 100
29 12 55 6
30 18 55 39
32 12 49 6
32 18 1 67
33 15 19 100
34 12 1 89
34 15 25 100
36 12 7 89
36 15 37 100
38 12 13 89
38 18 7 67
39 12 19 89
40 18 13 67
41 12 25 89
42 12 33 89
43 12 43 89
43 15 31 100
44 15 43 100
44 18 19 67
45 12 37 89
45 18 25 67
47 15 49 100
48 15 55 100
50 12 49 89
50 15 1 72
51 15 7 72
51 18 31 67
52 12 55 89
53 18 43 67
54 15 13 72
55 12 1 32
55 15 19 72
56 15 25 72
57 12 7 32
57 15 31 72
58 15 37 72
58 18 49 67
59 12 13 32
60 15 45 72
62 15 49 72
62 18 55 67
63 12 19 32
63 15 55 72
65 15 1 141
66 15 7 141
67 15 13 141
67 18 37 67
68 12 25 32
68 18 1 147
69 18 7 147
71 18 13 147
72 12 31 32
72 15 19 141
73 18 19 147
74 12 37 32
77 18 25 147
78 15 25 141
78 18 31 147
79 15 31 141
80 12 43 32
80 15 37 141
83 15 43 141
83 18 37 147
84 12 49 32
85 12 55 32
85 15 49 141
86 18 43 147
87 12 1 68
88 12 7 68
88 18 49 147
89 15 55 141
90 12 13 68
91 18 55 147
92 15 1 128
93 15 7 128
94 12 19 68
94 15 13 128
95 18 1 96
96 12 25 68
97 12 31 68
98 18 7 96
99 15 21 128
1 22 7 7
2 35 13 114
2 22 16 7
3 35 16 114
3 21 13 24
4 21 1 24
6 35 1 114
7 35 7 114
7 22 10 7
8 22 4 7
9 35 19 114
9 21 22 24
12 35 10 114
12 22 1 7
13 21 4 24
14 35 4 114
15 35 25 114
16 22 13 7
17 35 22 114
17 21 7 24
18 35 31 114
19 22 19 7
20 35 28 114
20 22 22 7
22 21 16 24
24 22 25 7
26 21 10 24
28 35 34 114
30 22 28 7
31 21 25 24
33 35 37 114
34 35 40 114
34 22 31 7
35 21 19 24
35 22 34 7
37 22 37 7
38 35 43 114
39 21 31 24
40 21 28 24
41 35 46 114
42 21 37 24
42 22 40 7
44 35 49 114
44 21 34 24
45 21 49 24
45 22 52 7
47 35 55 114
47 22 43 7
48 22 49 7
50 35 58 114
51 35 52 114
51 22 46 7
52 35 7 121
53 21 55 24
54 21 43 24
55 35 10 121
55 21 40 24
56 35 1 121
56 21 46 24
57 35 4 121
58 21 1 131
59 21 52 24
60 35 13 121
60 21 58 24
61 21 4 131
61 22 55 7
62 22 1 45
64 35 16 121
64 22 58 7
65 22 10 45
66 21 13 131
66 22 4 45
67 35 19 121
68 21 7 131
70 21 10 131
71 35 22 121
73 35 25 121
74 35 28 121
76 22 7 45
77 35 31 121
77 21 16 131
77 22 13 45
78 22 16 45
79 35 37 121
79 21 19 131
79 22 22 45
80 35 34 121
82 21 22 131
83 21 25 131
84 21 31 131
84 22 19 45
85 35 40 121
85 22 25 45
86 22 28 45
87 22 31 45
88 21 28 131
89 35 43 121
89 22 34 45
90 21 34 131
90 22 40 45
91 21 37 131
92 22 37 45
93 22 43 45
94 21 40 131
97 35 49 121
98 21 43 131
99 35 46 121
99 21 49 131
99 22 52 45
100 35 52 121
100 22 46 45
1 25 5 22
2 25 11 22
3 23 5 11
4 23 7 11
5 25 3 22
6 23 9 11
8 23 11 11
10 25 1 22
12 23 17 11
15 25 7 22
17 23 1 11
18 25 9 22
20 23 3 11
23 25 13 22
26 23 13 11
28 23 19 11
29 25 17 22
30 23 15 11
32 25 15 22
33 23 23 11
34 23 29 11
35 23 25 11
35 25 22 22
36 25 19 22
37 25 27 22
38 23 21 11
38 25 25 22
39 23 34 11
40 25 37 22
41 23 31 11
41 25 29 22
42 23 27 11
42 25 43 22
43 25 35 22
44 23 37 11
46 23 39 11
49 23 41 11
49 25 31 22
50 25 33 22
52 23 43 11
53 25 41 22
54 23 46 11
54 25 49 22
55 25 45 22
56 25 39 22
57 23 49 11
57 25 47 22
58 23 53 11
61 23 58 11
62 25 53 22
63 23 51 11
64 23 55 11
64 25 51 22
65 23 49 45
68 23 59 45
69 23 55 45
69 25 57 22
70 23 5 88
70 25 59 22
71 25 55 22
72 25 1 130
73 23 57 45
73 25 3 130
74 23 1 88
75 23 3 88
78 23 7 88
80 25 5 130
81 23 9 88
82 23 11 88
82 25 7 130
85 25 9 130
90 25 11 130
91 25 13 130
94 23 17 88
95 23 13 88
97 23 19 88
98 25 15 130
4 29 9 49
5 39 13 75
6 29 13 49
8 29 19 49
9 29 25 49
10 39 3 75
10 29 31 49
11 39 7 75
12 39 25 75
13 39 31 75
13 29 37 49
15 29 1 49
16 39 19 75
16 29 43 49
19 29 55 49
20 29 49 49
21 39 37 75
21 29 21 55
22 39 55 75
23 29 25 55
25 29 31 55
26 29 37 55
27 39 43 75
28 39 49 75
29 39 1 8
29 29 43 55
31 39 49 135
31 29 55 55
33 39 55 135
33 29 49 55
34 29 7 58
35 39 7 8
36 39 13 8
37 39 19 8
38 39 31 8
38 29 1 58
40 39 39 8
43 29 19 58
44 39 25 8
45 39 55 8
45 29 13 58
46 29 25 58
47 39 31 58
48 39 37 58
48 29 1 69
50 39 43 8
52 39 49 8
52 29 45 58
54 39 51 58
58 29 7 69
59 39 55 58
60 29 19 69
66 29 25 69
67 29 31 69
68 29 37 69
76 29 43 69
77 29 49 69
79 29 13 69
81 29 55 69
85 29 3 41
86 29 7 41
94 29 25 41
96 29 15 41
99 29 31 41
2 7 19 107
3 17 19 5
4 17 4 5
5 7 25 107
5 9 28 5
6 17 22 5
7 17 25 5
8 9 7 5
8 17 13 5
9 9 31 5
10 17 16 5
12 9 34 5
12 17 37 5
13 9 1 5
13 17 10 5
14 17 40 5
16 7 1 107
16 9 49 5
17 7 4 107
18 7 16 107
18 17 43 5
19 17 46 5
20 7 7 107
20 17 10 48
21 7 13 107
22 7 22 107
22 9 7 51
23 7 10 107
23 9 52 5
23 17 55 5
24 7 28 107
25 7 37 107
25 17 58 5
26 9 1 51
27 17 1 48
28 9 4 51
29 9 10 51
30 17 4 48
31 9 13 51
31 17 7 48
32 9 25 51
33 7 31 107
33 9 16 51
34 9 34 51
35 17 13 48
36 9 21 51
37 9 31 51
37 17 16 48
38 17 37 48
40 7 43 107
41 9 49 51
42 9 45 51
44 9 52 51
44 17 31 48
45 7 1 77
46 7 34 107
46 17 19 48
47 7 40 107
47 9 28 51
47 17 22 48
49 9 55 51
50 9 37 51
52 7 10 77
53 9 58 51
53 17 25 48
55 7 49 107
56 17 34 48
57 9 40 51
58 7 46 107
59 17 40 48
60 7 52 107
62 17 28 48
64 7 46 131
64 17 43 48
65 9 13 54
65 17 46 48
66 7 55 107
67 7 58 107
67 9 1 54
68 9 10 54
69 7 4 77
69 17 1 143
70 9 7 54
72 9 4 54
73 9 16 54
74 9 22 54
74 7 52 131
75 7 55 131
76 7 58 131
76 17 49 48
78 7 13 77
78 9 19 54
80 9 28 54
80 17 52 48
81 7 16 77
81 9 25 54
81 17 4 143
83 17 55 48
84 9 34 54
85 7 19 77
85 9 31 54
85 17 13 143
86 7 22 77
86 9 37 54
86 17 58 48
87 7 7 77
88 7 25 77
88 9 43 54
90 9 46 54
91 9 40 54
92 9 49 54
93 9 55 54
94 7 31 77
95 9 52 54
96 7 34 77
96 9 58 54
96 17 7 143
97 7 28 77
97 17 10 143
98 9 1 132
100 7 37 77
100 17 16 143
1 20 10 36
1 24 13 10
2 1 5 117
2 20 22 36
2 24 25 10
3 20 25 36
4 20 17 36
5 1 11 117
5 24 5 10
6 24 7 10
7 1 1 117
7 20 5 36
9 1 17 117
12 1 7 117
12 20 29 36
14 20 1 36
15 1 13 117
16 1 9 117
16 20 7 36
17 1 15 117
17 20 13 36
17 24 10 10
21 1 3 117
22 20 27 36
23 24 1 10
25 20 15 36
25 24 17 10
26 24 15 10
27 1 19 117
27 24 21 10
28 24 27 10
29 24 19 10
30 1 21 117
30 20 19 36
30 24 23 10
31 20 3 36
33 20 34 36
34 24 37 10
36 24 3 10
37 24 29 10
39 20 37 36
41 1 23 117
42 20 49 36
43 1 25 117
43 24 40 10
44 20 47 36
45 1 29 117
46 24 31 10
47 20 53 36
48 24 33 10
49 1 27 117
49 20 39 36
50 1 31 117
52 1 35 117
53 1 33 117
53 24 35 10
54 24 55 10
55 24 43 10
56 20 31 36
57 20 51 36
57 24 53 10
58 1 41 117
59 24 45 10
60 20 41 36
60 24 49 10
62 20 43 36
62 24 47 10
66 1 37 117
67 1 47 117
68 1 43 117
68 24 51 10
69 24 59 10
70 1 39 117
71 20 45 36
73 20 55 36
73 24 1 21
74 24 57 10
75 1 45 117
75 20 58 36
75 24 5 21
76 24 3 21
77 1 53 117
77 20 1 37
78 1 49 117
81 20 7 37
81 24 11 21
82 20 3 37
83 20 5 37
83 24 7 21
84 1 55 117
86 20 11 37
86 24 13 21
87 1 51 117
87 20 13 37
89 1 59 117
91 24 15 21
92 1 57 117
92 20 9 37
92 24 17 21
93 20 15 37
94 20 23 37
96 1 1 19
97 24 21 21
98 1 4 19
98 24 19 21
99 24 9 21
100 1 7 19
100 24 23 21
3 10 27 25
5 10 31 25
5 30 37 74
6 30 31 74
7 30 43 74
8 10 37 25
9 30 49 74
10 10 19 25
11 10 43 25
11 30 19 74
12 10 49 25
15 10 15 25
17 10 55 25
17 30 25 74
19 30 1 74
21 10 25 73
23 10 3 25
24 10 1 73
25 10 7 25
25 30 19 82
27 10 31 73
28 30 7 74
30 10 7 73
30 30 31 82
32 10 37 73
36 10 43 73
40 10 19 73
40 30 55 74
41 30 13 74
43 10 49 73
46 10 13 73
47 10 1 93
47 30 7 82
50 10 7 93
51 10 13 93
54 10 57 73
55 30 25 82
56 10 49 93
56 30 13 82
58 10 19 93
59 10 31 93
59 30 7 140
60 10 25 93
61 10 37 93
63 10 43 93
64 30 1 82
65 10 55 93
66 30 39 82
67 30 49 82
68 30 45 82
69 10 19 41
71 10 37 41
72 30 55 82
73 10 43 41
76 10 19 127
76 30 25 140
78 10 51 41
78 30 1 140
80 10 55 41
81 30 19 140
82 30 13 140
83 10 1 127
84 30 37 140
87 30 43 140
89 10 7 127
89 30 49 140
91 10 25 127
92 10 13 127
93 30 31 140
95 10 31 127
96 10 37 127
97 30 55 140
98 10 49 127
100 30 1 9
7 6 17 14
8 6 23 14
9 6 5 14
10 6 11 14
19 6 9 14
20 6 1 14
21 6 7 14
23 6 15 14
26 6 19 14
31 6 21 14
34 6 13 14
39 6 3 14
40 6 25 14
42 6 29 14
44 6 55 14
46 6 37 14
48 6 31 14
50 6 27 14
51 6 35 14
52 6 39 14
61 6 33 14
65 6 41 14
68 6 49 14
70 6 43 14
71 6 47 14
72 6 45 14
74 6 59 14
75 6 51 14
76 6 53 14
81 6 1 34
82 6 57 14
83 6 9 34
85 6 7 34
88 6 5 34
90 6 3 34
95 6 11 34
1 2 15 90
1 19 25 21
3 19 31 21
4 2 19 90
4 19 37 21
6 2 37 90
6 19 43 21
7 2 31 90
9 2 43 90
10 19 49 21
13 19 55 21
14 2 49 90
14 19 13 132
16 2 25 90
17 19 31 132
18 19 19 132
19 2 13 150
19 19 37 132
20 2 43 150
22 2 31 150
22 19 37 148
23 2 19 150
23 19 43 132
24 19 15 148
26 2 55 90
26 19 25 132
27 2 25 150
27 19 49 132
28 19 55 132
29 2 37 150
29 19 21 148
30 19 43 148
31 19 31 148
32 19 7 132
35 19 1 148
36 2 49 150
37 2 1 90
40 19 7 148
41 2 7 90
42 19 51 148
43 2 1 150
43 19 27 148
46 2 7 150
47 19 13 23
48 19 7 23
49 2 1 40
50 19 19 23
51 2 19 40
51 19 1 23
52 2 13 40
53 2 7 40
53 19 1 119
54 19 25 23
55 2 31 40
57 19 55 148
58 19 31 23
59 19 19 119
60 19 37 23
61 19 7 119
62 19 13 119
63 2 25 40
64 2 37 40
67 2 25 136
69 2 43 40
70 2 49 40
71 2 57 150
72 2 7 136
73 2 31 136
75 19 25 119
76 2 37 136
77 19 43 23
79 2 1 136
79 19 49 23
80 19 1 146
82 19 37 119
83 2 13 136
83 19 31 119
86 2 49 136
88 2 55 40
88 19 13 146
89 2 19 136
90 2 55 136
92 2 19 142
92 19 25 146
94 19 49 119
95 2 43 136
95 19 55 23
100 19 55 119
1 16 19 52
1 27 22 3
2 16 27 52
2 31 31 1
3 38 22 12
3 16 37 52
3 27 40 3
3 28 43 98
4 38 25 12
4 31 28 1
5 31 43 1
6 38 4 12
6 31 19 1
7 16 40 52
8 38 16 12
8 16 43 52
8 31 25 1
9 27 34 3
10 38 13 12
10 16 46 52
10 27 25 3
10 28 28 98
10 31 37 1
11 16 31 52
11 28 25 98
12 27 31 3
12 31 40 1
13 16 7 52
13 27 13 3
13 28 16 98
13 31 46 1
14 38 10 12
15 16 49 52
16 16 4 52
17 28 19 98
18 38 1 12
18 28 4 98
18 31 34 1
19 27 43 3
19 28 22 98
20 27 16 3
20 31 13 1
21 27 49 3
21 31 52 1
22 31 13 116
23 27 7 3
24 27 19 3
24 28 31 98
25 38 28 12
26 16 22 52
26 28 7 98
26 31 4 1
27 27 4 3
27 28 37 98
28 16 1 52
28 27 37 3
28 31 31 116
29 27 28 3
30 38 37 12
31 16 10 52
31 28 40 98
32 16 34 52
33 38 7 12
33 16 13 52
33 28 10 98
34 38 43 12
34 27 46 3
35 16 16 52
35 31 49 1
36 38 34 12
36 27 55 3
37 38 40 12
37 31 7 1
38 16 52 52
39 16 55 52
39 31 16 1
41 38 19 12
42 28 1 98
45 31 10 1
46 38 46 12
46 27 1 3
48 38 52 12
48 27 19 130
49 28 13 98
49 31 22 1
50 28 55 98
50 31 16 116
51 27 25 130
52 38 19 27
52 27 22 130
52 28 25 129
53 16 13 57
54 16 1 57
54 27 31 130
54 28 34 98
54 31 4 116
56 38 55 12
56 28 58 98
56 31 7 116
57 16 16 57
57 28 1 129
59 16 4 57
60 16 7 57
60 27 10 3
61 28 13 129
61 31 1 1
62 16 10 57
62 31 19 116
63 38 31 12
63 16 34 57
64 16 19 57
64 27 28 130
64 28 7 129
66 31 58 1
67 28 4 129
68 27 34 130
68 28 16 129
68 31 22 116
69 27 37 130
69 31 25 116
70 28 46 98
70 31 28 116
71 27 7 146
71 28 10 129
72 38 49 12
72 27 40 130
72 31 37 116
73 16 28 57
74 38 3 27
75 16 31 57
75 31 34 116
76 38 10 27
76 16 31 80
78 27 58 3
78 28 22 129
79 38 7 27
79 16 25 57
79 27 43 130
79 28 28 129
79 31 10 116
80 38 13 27
81 28 49 98
81 31 40 116
82 16 43 57
82 27 52 3
82 28 19 129
83 38 22 27
83 16 49 57
84 31 1 116
85 38 16 27
85 27 46 130
86 38 25 27
86 27 55 130
87 27 58 130
87 31 55 1
88 31 46 116
89 27 31 146
89 28 37 129
89 31 1 50
90 16 22 57
90 28 52 98
91 38 31 27
91 16 46 57
91 31 43 116
93 38 58 12
94 16 37 57
94 28 34 129
95 28 40 129
95 31 49 116
96 16 52 57
96 27 49 130
97 28 43 129
98 27 21 146
99 38 28 27
99 16 58 52
99 31 55 116
100 28 31 129
2 13 34 44
4 13 23 44
6 13 11 44
8 13 28 44
11 13 17 44
13 13 41 44
14 13 19 44
15 13 5 44
19 13 31 44
23 13 37 44
24 13 43 44
30 13 1 44
31 13 45 44
32 13 13 44
33 13 47 44
36 13 25 44
39 13 39 44
40 13 3 44
43 13 7 44
46 13 49 44
48 13 15 44
59 13 59 44
62 13 7 113
63 13 9 44
65 13 21 44
69 13 53 44
74 13 55 44
75 13 1 113
78 13 5 113
81 13 13 113
83 13 11 113
87 13 15 113
89 13 17 113
90 13 9 113
95 13 19 113
96 13 3 113
1 37 31 85
1 40 37 26
3 37 49 85
5 36 49 76
5 40 55 26
6 40 49 26
7 37 55 85
7 40 49 34
9 36 37 76
10 37 55 15
11 36 55 76
11 37 49 15
12 37 43 85
14 40 21 26
15 36 43 76
15 37 37 85
16 36 55 28
17 37 37 15
18 37 49 105
18 40 55 34
21 36 31 76
23 36 31 28
24 40 45 26
25 37 49 91
26 36 49 28
27 37 55 105
28 37 43 15
29 36 31 33
32 36 43 28
34 40 15 26
35 36 37 28
35 40 43 34
38 36 55 33
39 36 43 33
39 37 49 146
40 36 49 33
42 36 7 76
42 37 13 85
43 36 9 28
43 37 55 91
44 36 1 76
44 40 7 26
46 36 51 50
46 37 55 146
49 36 7 33
51 36 37 33
53 36 19 76
57 40 25 26
58 40 13 34
61 36 25 76
62 36 31 50
63 36 13 76
63 40 1 26
64 36 31 79
65 36 25 28
65 37 31 15
66 37 19 85
66 36 43 50
69 37 31 105
70 37 13 15
72 37 25 85
72 40 13 46
73 37 7 85
73 36 37 50
74 37 7 15
77 36 3 28
77 40 19 34
78 40 37 34
80 40 7 46
82 37 25 15
84 37 7 105
87 36 19 28
91 37 1 85
92 37 31 91
93 36 1 33
93 40 25 34
94 36 7 50
94 37 1 15
95 36 15 28
96 37 19 15
97 37 1 105
97 40 37 46
98 36 25 33
99 36 13 33
99 40 1 46
100 37 19 105
100 40 25 46
1 4 29 95
2 34 37 9
3 4 11 95
4 34 31 9
4 4 33 95
6 34 17 9
6 4 35 95
8 4 41 95
9 4 47 95
10 4 23 95
13 4 43 95
14 34 29 9
15 34 23 9
16 34 11 9
16 4 16 95
18 34 7 9
19 4 5 95
23 4 39 95
24 4 53 95
25 34 5 9
26 34 33 9
27 4 13 95
29 4 7 95
30 34 13 9
30 4 25 95
32 34 41 9
34 34 19 9
34 4 49 95
35 4 31 95
36 4 1 95
37 34 43 9
38 34 35 9
41 4 3 95
44 34 15 9
45 4 59 95
49 34 25 9
49 4 19 95
51 34 59 9
55 4 37 95
56 34 53 9
58 34 27 9
60 34 55 9
63 34 39 9
64 34 49 9
64 4 5 144
65 34 51 9
65 4 16 144
66 4 51 95
67 4 55 95
70 4 21 95
71 4 27 95
72 4 11 144
73 34 47 9
74 34 45 9
75 34 47 129
76 4 1 144
77 34 9 9
80 4 23 144
82 34 49 129
84 34 57 9
84 4 45 95
86 34 53 129
88 34 21 9
88 4 19 144
89 34 11 96
91 34 51 129
91 4 7 144
92 34 55 129
93 34 5 96
93 4 13 144
95 4 9 95
97 4 25 144
98 34 57 129
98 4 29 144
100 4 9 144
1 3 43 16
14 3 55 16
19 3 33 16
33 3 43 149
35 3 55 121
37 3 49 16
42 3 19 16
61 3 19 149
65 3 37 16
66 3 31 149
70 3 31 84
71 3 1 16
81 3 43 84
84 3 13 16
86 3 1 149
87 3 25 16
90 3 25 149
91 3 19 84
93 3 19 102
95 3 25 84
98 3 37 149
1 8 49 64
2 8 39 64
4 8 43 64
7 8 28 64
9 8 55 64
13 8 52 64
14 8 46 64
15 8 58 64
17 8 49 78
20 8 19 64
21 8 55 78
23 8 58 78
24 8 22 64
25 8 25 64
27 8 40 78
32 8 31 64
36 8 27 78
40 8 46 78
41 8 34 64
47 8 19 78
48 8 22 78
49 8 16 64
51 8 43 78
53 8 16 78
57 8 13 64
58 8 4 64
59 8 37 78
61 8 16 103
71 8 31 78
74 8 13 78
77 8 34 78
78 8 9 64
84 8 4 78
86 8 19 103
88 8 31 103
97 8 7 78
98 8 34 103
100 8 13 103
11 26 11 30
14 26 17 30
17 26 29 30
18 26 23 30
21 26 1 30
27 26 35 30
28 26 25 30
31 26 5 30
32 26 47 30
35 26 41 30
37 26 13 30
41 26 52 30
45 26 7 30
46 26 43 30
47 26 37 30
52 26 59 30
58 26 55 30
61 26 31 30
63 26 49 30
67 26 7 94
71 26 19 30
72 26 17 94
73 26 5 94
74 26 33 30
75 26 15 30
77 26 39 30
82 26 9 30
85 26 11 94
87 26 23 94
93 26 29 94
98 26 13 94
99 26 25 94
1 33 52 88
2 33 43 88
4 33 46 88
8 33 49 88
15 33 28 88
21 33 58 88
29 33 25 88
31 33 37 88
36 33 58 104
37 33 55 88
38 33 40 88
39 33 13 104
41 33 55 104
42 33 4 104
44 33 57 31
48 33 43 104
49 33 33 88
50 33 40 104
57 33 19 33
59 33 49 104
65 33 43 31
66 33 1 104
67 33 22 33
77 33 55 102
78 33 46 104
79 33 40 31
80 33 16 104
81 33 31 104
84 33 22 88
88 33 34 104
89 33 25 104
90 33 19 104
92 33 52 104
96 33 10 104
100 33 34 31
Điểm tối ưu: 1429
Thời gian: 0.138754 giây
Trạng thái: GREEDY_DONE
