4281
3 36 1 158
6 1 1 414
8 104 1 126
12 1 7 414
13 36 7 158
14 1 13 414
17 36 13 158
19 1 19 414
20 1 25 414
23 36 19 158
24 1 31 414
37 104 7 126
47 1 37 414
48 1 43 414
48 104 13 126
49 104 19 126
54 1 49 414
57 1 55 414
57 36 25 158
58 104 25 126
60 36 31 158
61 36 37 158
65 36 43 158
65 104 31 126
69 104 37 126
70 104 43 126
71 36 49 158
71 104 55 126
72 36 55 158
73 104 49 126
1 24 1 201
5 4 1 378
6 24 5 201
9 24 3 201
15 4 3 378
17 24 7 201
34 4 5 378
35 24 9 201
37 4 11 378
38 24 11 201
43 4 7 378
44 24 13 201
51 4 9 378
52 4 13 378
56 24 15 201
62 4 15 378
64 4 17 378
64 24 19 201
77 4 19 378
78 4 21 378
83 4 23 378
84 24 17 201
88 24 21 201
91 24 23 201
106 24 25 201
116 24 27 201
121 4 25 378
123 4 27 378
124 4 29 378
124 24 31 201
126 4 31 378
128 4 33 378
131 24 29 201
141 4 35 378
151 24 33 201
152 4 37 378
152 24 35 201
160 24 37 201
162 24 39 201
164 24 41 201
165 4 39 378
172 4 41 378
173 24 43 201
186 4 43 378
187 4 45 378
188 24 45 201
197 24 47 201
207 24 49 201
210 4 47 378
211 24 51 201
214 24 53 201
216 4 49 378
224 24 55 201
226 4 51 378
228 24 57 201
230 4 53 378
235 24 59 201
239 4 55 378
243 4 57 378
250 4 59 378
2 37 1 213
39 37 4 213
46 37 7 213
48 37 10 213
49 37 13 213
62 37 19 213
64 37 22 213
97 37 16 213
137 37 25 213
145 37 28 213
154 37 31 213
157 37 34 213
167 37 37 213
171 37 40 213
173 37 45 213
189 37 49 213
199 37 52 213
203 37 55 213
207 37 58 213
217 37 1 443
240 37 4 443
241 37 7 443
248 37 10 443
249 37 13 443
255 37 16 443
258 37 19 443
281 37 22 443
282 37 25 443
285 37 28 443
288 37 31 443
290 37 34 443
291 37 37 443
1 81 3 361
14 81 7 361
18 81 13 361
35 81 19 361
38 81 25 361
42 81 31 361
50 81 37 361
53 81 43 361
54 81 55 361
60 81 49 361
64 81 1 163
65 81 7 163
66 81 13 163
67 81 19 163
69 81 25 163
70 81 31 163
72 81 37 163
75 81 43 163
92 81 49 163
95 81 55 163
96 81 1 314
97 81 7 314
99 81 13 314
104 81 19 314
115 81 25 314
120 81 31 314
126 81 37 314
138 81 43 314
139 81 49 314
154 81 55 314
7 112 1 170
10 116 1 62
13 39 1 103
14 39 4 103
17 39 9 103
18 39 19 103
19 112 4 170
24 39 13 103
28 116 4 62
34 116 7 62
40 112 7 170
41 116 10 62
42 39 16 103
45 112 10 170
46 39 22 103
52 39 25 103
53 116 13 62
62 39 28 103
67 39 31 103
68 116 16 62
70 116 19 62
74 112 13 170
76 112 16 170
82 112 19 170
85 116 22 62
86 116 25 62
101 112 22 170
105 116 28 62
108 116 31 62
109 112 25 170
113 116 34 62
116 39 34 103
116 112 31 170
117 116 37 62
127 39 37 103
128 39 40 103
128 112 28 170
130 116 40 62
136 112 34 170
136 116 43 62
139 112 37 170
140 112 40 170
146 39 43 103
147 39 46 103
147 116 49 62
149 116 46 62
158 39 49 103
161 39 52 103
162 112 43 170
164 112 46 170
171 39 55 103
175 116 52 62
180 112 49 170
181 39 58 103
184 112 52 170
185 116 55 62
192 112 55 170
205 112 58 170
206 39 1 277
206 112 4 38
207 39 4 277
208 116 58 62
213 39 7 277
216 116 1 29
217 39 10 277
217 116 4 29
218 112 1 38
221 116 7 29
225 112 7 38
231 39 13 277
235 112 10 38
237 39 16 277
237 112 13 38
242 39 19 277
244 112 16 38
244 116 10 29
246 112 19 38
252 116 13 29
254 116 16 29
256 39 22 277
257 112 22 38
263 39 25 277
263 112 28 38
266 116 19 29
270 39 28 277
276 112 25 38
277 112 31 38
279 116 22 29
285 112 34 38
287 39 31 277
290 116 25 29
292 39 34 277
296 112 37 38
296 116 28 29
11 47 1 444
17 47 3 444
21 47 5 444
26 47 7 444
27 47 9 444
30 47 11 444
39 47 13 444
44 47 15 444
49 47 17 444
52 47 19 444
53 47 21 444
66 47 23 444
77 47 25 444
83 47 27 444
105 47 31 444
148 47 29 444
159 47 33 444
160 47 35 444
163 47 37 444
176 47 39 444
191 47 41 444
198 47 43 444
214 47 45 444
217 47 47 444
221 47 49 444
239 47 51 444
245 47 53 444
246 47 55 444
256 47 57 444
261 47 59 444
266 47 1 343
276 47 3 343
284 47 5 343
291 47 7 343
295 47 9 343
8 100 7 279
16 33 1 415
16 100 13 279
21 100 1 279
26 100 19 279
27 33 13 415
28 33 7 415
30 33 19 415
30 100 25 279
31 100 31 279
34 33 25 415
35 33 31 415
41 100 37 279
42 100 43 279
54 100 1 190
56 100 49 279
59 33 37 415
59 100 55 279
66 33 43 415
69 33 49 415
71 33 1 117
74 100 7 190
75 33 55 415
79 33 7 117
85 100 13 190
87 100 19 190
90 33 13 117
94 100 25 190
101 100 31 190
103 33 19 117
108 100 37 190
109 100 43 190
113 100 49 190
116 33 37 117
118 100 55 190
119 33 25 117
121 100 1 73
134 33 31 117
135 100 7 73
137 100 13 73
140 33 43 117
143 33 49 117
147 100 19 73
151 100 25 73
152 100 31 73
153 33 55 117
155 100 37 73
156 100 43 73
162 100 49 73
163 100 55 73
168 100 1 433
174 100 7 433
175 100 13 433
176 33 1 425
177 100 19 433
179 100 25 433
181 100 31 433
183 33 7 425
183 100 37 433
193 100 43 433
196 100 49 433
198 100 55 433
208 33 13 425
212 33 19 425
215 33 25 425
223 33 31 425
232 33 37 425
235 33 43 425
236 33 49 425
249 33 55 425
261 33 1 360
287 33 7 360
297 33 13 360
12 58 1 379
21 58 7 379
49 58 4 379
51 58 13 379
60 58 10 379
70 58 16 379
74 58 19 379
80 58 22 379
90 58 25 379
95 58 28 379
126 58 33 379
127 58 40 379
136 58 37 379
144 58 43 379
152 58 46 379
164 58 49 379
169 58 52 379
170 58 55 379
191 58 58 379
211 58 1 197
221 58 4 197
229 58 7 197
242 58 10 197
272 58 13 197
281 58 16 197
283 58 19 197
285 58 22 197
5 23 3 239
7 23 7 239
10 92 7 398
14 23 19 239
21 23 13 239
24 23 25 239
28 92 13 398
41 23 31 239
45 92 1 398
45 23 37 239
50 92 19 398
65 92 25 398
67 23 43 239
73 23 55 239
74 92 31 398
84 23 49 239
85 92 37 398
89 23 1 252
89 92 43 398
91 92 49 398
94 92 55 398
104 92 1 218
106 92 7 218
109 92 13 218
113 23 7 252
114 23 13 252
119 23 19 252
119 92 31 218
120 23 25 252
125 23 31 252
127 92 19 218
130 92 25 218
132 92 37 218
133 23 37 252
134 23 43 252
141 92 43 218
145 92 49 218
146 23 49 252
148 92 55 218
149 23 55 252
153 92 1 298
154 92 7 298
161 92 13 298
164 92 19 298
168 92 25 298
171 23 1 227
172 92 31 298
179 23 7 227
180 23 13 227
182 92 37 298
184 23 19 227
184 92 43 298
191 23 25 227
194 23 31 227
195 92 49 298
198 92 1 359
200 23 37 227
206 23 43 227
211 23 55 227
220 23 49 227
225 23 1 377
228 23 7 377
229 23 13 377
242 23 25 377
243 23 19 377
245 23 31 377
245 92 55 298
261 23 37 377
263 92 7 359
264 23 43 377
268 92 13 359
273 92 19 359
274 92 25 359
276 92 31 359
280 92 37 359
281 23 49 377
282 23 55 377
283 92 43 359
285 23 1 387
292 92 49 359
293 23 7 387
295 23 13 387
14 11 1 333
20 11 4 333
22 11 7 333
31 11 10 333
39 11 15 333
41 11 19 333
43 11 22 333
49 11 25 333
51 11 28 333
52 11 31 333
62 11 34 333
66 11 37 333
71 11 40 333
75 11 49 333
83 11 43 333
91 11 46 333
97 11 52 333
100 11 55 333
106 11 58 333
110 11 1 412
114 11 4 412
123 11 7 412
127 11 10 412
146 11 13 412
149 11 16 412
150 11 19 412
151 11 22 412
185 11 25 412
196 11 28 412
198 11 31 412
202 11 34 412
205 11 37 412
210 11 40 412
219 11 43 412
222 11 46 412
232 11 49 412
233 11 52 412
249 11 1 151
253 11 55 412
267 11 58 412
286 11 4 151
293 11 13 151
7 31 13 265
10 31 19 265
12 31 25 265
24 31 1 265
25 31 7 265
27 31 31 265
28 31 37 265
44 31 43 265
48 31 49 265
52 31 55 265
72 31 1 439
89 31 7 439
95 31 13 439
99 31 19 439
109 31 31 439
111 31 25 439
112 31 37 439
113 31 43 439
118 31 49 439
134 31 55 439
166 31 1 94
173 31 7 94
176 31 13 94
186 31 19 94
188 31 25 94
206 31 31 94
207 31 37 94
244 31 43 94
247 31 49 94
253 31 1 381
262 31 55 94
264 31 7 381
275 31 13 381
288 31 19 381
292 31 25 381
298 31 31 381
11 69 3 36
11 62 7 346
20 69 7 36
21 62 10 346
27 69 19 36
31 69 13 36
35 69 16 36
35 62 1 346
39 69 10 36
44 69 22 36
55 69 25 36
57 69 31 36
58 69 34 36
58 62 4 346
60 62 13 346
62 62 22 346
67 69 28 36
74 62 16 346
77 62 27 346
78 69 37 36
79 69 40 36
82 62 31 346
83 69 46 36
84 62 19 346
85 69 43 36
88 69 49 36
92 62 34 346
93 69 52 36
112 69 55 36
112 62 43 346
114 69 58 36
115 69 1 48
115 62 37 346
121 62 40 346
123 69 4 48
124 62 46 346
130 62 49 346
148 62 52 346
150 62 55 346
159 69 7 48
159 62 58 346
160 69 10 48
164 69 13 48
165 69 16 48
167 62 1 169
170 62 4 169
172 62 7 169
174 62 13 169
182 62 10 169
185 62 16 169
186 69 25 48
191 62 19 169
209 69 19 48
210 69 22 48
216 62 22 169
218 62 25 169
228 62 28 169
234 69 28 48
239 62 31 169
241 62 34 169
242 62 37 169
251 69 31 48
254 62 40 169
258 62 43 169
269 69 34 48
275 69 37 48
278 69 40 48
280 69 43 48
284 62 46 169
285 69 46 48
298 62 49 169
299 69 49 48
13 13 4 30
23 13 1 30
26 13 9 30
33 13 7 30
36 13 11 30
50 13 13 30
51 13 16 30
67 13 23 30
73 13 19 30
76 13 21 30
82 13 25 30
85 13 27 30
87 13 29 30
94 13 31 30
98 13 33 30
102 13 35 30
117 13 40 30
127 13 43 30
134 13 37 30
136 13 46 30
137 13 49 30
141 13 51 30
145 13 53 30
147 13 55 30
182 13 57 30
190 13 59 30
195 13 1 269
203 13 3 269
213 13 5 269
216 13 7 269
218 13 9 269
244 13 13 269
251 13 11 269
265 13 15 269
269 13 17 269
273 13 23 269
281 13 19 269
287 13 21 269
289 13 25 269
294 13 27 269
4 22 1 63
7 22 4 63
15 22 7 63
32 22 10 63
44 22 19 63
45 22 13 63
57 22 16 63
60 22 22 63
69 22 31 63
74 22 25 63
87 22 34 63
102 22 28 63
108 22 43 63
110 22 37 63
112 22 46 63
113 22 40 63
114 22 49 63
115 22 52 63
119 22 55 63
122 22 58 63
125 22 1 79
142 22 4 79
156 22 7 79
157 22 10 79
158 22 13 79
177 22 16 79
195 22 19 79
196 22 22 79
199 22 25 79
204 22 28 79
211 22 31 79
222 22 34 79
235 22 37 79
236 22 40 79
243 22 43 79
247 22 46 79
254 22 49 79
271 22 52 79
277 22 55 79
281 22 58 79
287 22 1 154
299 22 4 154
7 89 11 315
12 89 4 315
19 89 1 315
23 89 7 315
40 89 13 315
51 89 19 315
62 89 9 315
65 89 15 315
95 89 17 315
97 89 21 315
106 89 23 315
107 89 25 315
108 89 27 315
109 89 29 315
122 89 31 315
143 89 33 315
145 89 35 315
149 89 37 315
158 89 39 315
169 89 41 315
195 89 43 315
205 89 45 315
227 89 47 315
228 89 49 315
233 89 55 315
243 89 51 315
252 89 53 315
254 89 57 315
258 89 59 315
263 89 1 366
277 89 3 366
294 89 5 366
4 30 7 311
6 30 13 311
11 30 19 311
21 30 25 311
23 30 3 311
32 30 31 311
36 30 37 311
39 30 43 311
43 30 49 311
57 30 1 26
63 30 55 311
72 30 7 26
79 30 13 26
89 30 19 26
90 30 31 26
96 30 25 26
107 30 37 26
117 30 43 26
118 30 1 306
122 30 49 26
132 30 55 26
142 30 7 306
148 30 13 306
152 30 19 306
165 30 25 306
180 30 31 306
184 30 37 306
192 30 43 306
197 30 49 306
212 30 55 306
218 30 13 57
221 30 19 57
230 30 1 57
244 30 25 57
258 30 7 57
263 30 31 57
277 30 37 57
283 30 49 57
286 30 43 57
290 30 55 57
298 30 1 267
8 93 13 206
11 93 10 206
24 93 7 206
41 93 1 206
56 93 4 206
60 93 16 206
67 93 25 206
70 93 22 206
73 93 28 206
84 93 31 206
87 93 37 206
88 93 34 206
96 93 19 206
104 93 40 206
112 93 49 206
116 93 43 206
131 93 46 206
142 93 52 206
152 93 55 206
167 93 58 206
177 93 1 295
182 93 4 295
185 93 7 295
193 93 10 295
205 93 13 295
227 93 16 295
229 93 19 295
232 93 22 295
246 93 25 295
251 93 28 295
257 93 31 295
276 93 37 295
277 93 34 295
289 93 40 295
4 56 4 418
20 56 1 418
23 56 9 418
29 56 7 418
32 56 13 418
33 56 11 418
34 56 15 418
36 56 17 418
38 56 19 418
45 56 21 418
48 56 23 418
59 56 25 418
63 56 27 418
65 56 29 418
67 56 34 418
68 56 31 418
74 56 37 418
77 56 39 418
91 56 41 418
98 56 43 418
125 56 45 418
126 56 47 418
132 56 49 418
135 56 51 418
136 56 53 418
137 56 55 418
140 56 57 418
152 56 59 418
170 56 1 321
171 56 5 321
185 56 3 321
193 56 7 321
207 56 9 321
208 56 11 321
215 56 13 321
216 56 15 321
230 56 17 321
236 56 19 321
246 56 22 321
253 56 25 321
272 56 27 321
288 56 29 321
289 56 31 321
296 56 33 321
297 56 35 321
299 56 37 321
300 56 39 321
15 20 13 371
20 20 19 371
22 20 1 371
27 20 25 371
35 20 37 371
37 20 31 371
54 20 7 371
76 20 43 371
81 20 49 371
100 20 1 168
102 20 55 371
114 20 7 168
115 20 13 168
129 20 19 168
134 20 25 168
140 20 31 168
144 20 37 168
155 20 43 168
189 20 55 168
202 20 49 168
204 20 1 208
205 20 7 208
218 20 19 208
219 20 13 208
239 20 25 208
240 20 31 208
243 20 37 208
278 20 43 208
281 20 1 397
283 20 55 208
284 20 49 208
296 20 7 397
297 20 19 397
300 20 13 397
3 80 7 258
7 80 19 258
9 80 13 258
9 28 7 39
20 28 13 39
23 28 25 39
24 80 37 258
25 28 1 39
26 28 31 39
28 28 19 39
34 80 1 258
35 80 25 258
36 28 43 39
38 80 31 258
40 80 43 258
40 28 37 39
45 28 49 39
65 80 49 258
68 28 55 39
71 28 7 390
72 80 13 357
76 80 55 258
77 80 1 357
78 28 1 390
79 80 19 357
79 28 25 390
80 28 13 390
84 80 7 357
94 80 33 357
96 80 37 357
97 80 25 357
99 28 31 390
102 80 43 357
102 28 19 390
110 80 49 357
118 80 7 368
125 28 37 390
127 28 45 390
141 28 55 390
142 80 55 357
144 80 1 368
153 80 13 368
154 80 19 368
160 80 25 368
161 80 31 368
164 80 37 368
167 80 43 368
171 80 49 368
174 28 49 390
176 28 7 231
181 80 1 136
185 28 19 231
188 80 55 368
189 28 1 231
191 28 13 231
198 28 25 231
199 80 7 136
200 80 13 136
200 28 31 231
212 28 37 231
219 80 19 136
220 28 43 231
232 80 25 136
233 80 31 136
234 28 49 231
235 80 49 136
236 28 55 231
246 28 1 157
247 80 37 136
268 80 43 136
279 28 7 157
280 80 55 136
284 80 1 173
286 80 7 173
290 28 13 157
297 80 25 173
300 80 19 173
2 68 4 139
6 68 7 139
32 68 1 139
40 68 10 139
50 68 15 139
61 68 19 139
76 68 25 139
118 68 22 139
124 68 33 139
125 68 28 139
132 68 43 139
136 68 40 139
140 68 37 139
148 68 46 139
165 68 49 139
168 68 52 139
175 68 55 139
198 68 7 407
207 68 1 407
224 68 58 139
233 68 4 407
239 68 10 407
243 68 13 407
246 68 16 407
247 68 19 407
255 68 22 407
259 68 25 407
260 68 28 407
272 68 31 407
273 68 34 407
276 68 40 407
288 68 37 407
296 68 43 407
2 63 7 194
11 63 13 194
27 63 1 194
42 63 19 194
85 63 31 194
103 63 25 194
117 63 49 194
119 63 37 194
124 63 55 194
126 63 43 194
139 63 1 130
150 63 7 130
153 63 19 130
157 63 13 130
167 63 25 130
174 63 31 130
188 63 37 130
189 63 43 130
190 63 49 130
204 63 55 130
216 63 9 182
219 63 1 182
226 63 13 182
227 63 19 182
233 63 25 182
234 63 31 182
239 63 37 182
245 63 43 182
252 63 49 182
257 63 55 182
267 63 1 268
270 63 7 268
279 63 13 268
290 63 19 268
298 63 25 268
3 14 5 349
14 52 11 50
15 21 1 81
16 14 7 349
17 21 5 81
34 52 13 50
36 21 3 81
39 14 1 349
43 21 9 81
47 14 3 349
48 14 17 349
51 14 11 349
54 14 13 349
56 14 9 349
61 52 1 50
62 21 7 81
63 21 11 81
70 21 13 81
71 52 5 50
88 52 3 50
94 14 15 349
94 21 17 81
95 14 19 349
98 14 21 349
103 52 7 50
103 21 15 81
107 21 19 81
108 21 21 81
113 52 15 50
120 52 9 50
121 14 23 349
122 52 17 50
128 52 19 50
131 52 21 50
132 14 25 349
142 14 27 349
143 52 23 50
146 14 29 349
149 14 31 349
155 14 33 349
157 52 25 50
158 21 23 81
163 21 25 81
167 52 29 50
170 21 27 81
171 52 27 50
173 14 35 349
175 14 37 349
178 52 31 50
179 21 29 81
180 14 39 349
182 14 41 349
183 52 33 50
190 14 43 349
191 21 31 81
192 14 47 349
194 14 45 349
199 14 49 349
203 14 51 349
207 14 53 349
208 14 55 349
208 52 35 50
212 52 41 50
214 14 57 349
219 52 37 50
220 14 59 349
225 14 5 44
229 14 1 44
230 52 39 50
231 52 43 50
233 21 35 81
238 14 3 44
242 14 7 44
245 21 37 81
247 52 53 50
249 52 45 50
255 52 47 50
256 52 49 50
258 52 51 50
260 14 9 44
261 21 33 81
265 14 11 44
267 14 13 44
269 52 55 50
269 21 39 81
271 14 15 44
272 14 17 44
272 21 41 81
275 14 19 44
280 52 59 50
282 21 43 81
283 21 47 81
284 21 53 81
293 52 57 50
293 21 45 81
294 21 49 81
295 21 51 81
298 21 55 81
299 21 57 81
300 14 23 44
1 107 7 95
4 107 13 95
5 107 19 95
6 107 25 95
21 107 31 95
38 107 1 95
39 107 37 95
42 107 49 95
51 107 43 95
73 107 1 419
79 107 55 95
90 107 7 419
103 107 31 419
104 107 13 419
110 107 19 419
127 107 25 419
129 107 37 419
131 107 49 419
134 107 1 75
135 107 43 419
151 107 55 419
162 107 7 75
168 107 13 75
175 107 19 75
184 107 25 75
205 107 31 75
209 107 37 75
215 107 43 75
228 107 51 75
241 107 55 75
246 107 7 135
251 107 1 135
255 107 25 135
266 107 13 135
272 107 19 135
276 107 43 135
277 107 49 135
279 107 31 135
283 107 37 135
298 107 57 135
299 107 7 241
3 84 13 215
17 84 19 215
29 84 1 215
42 84 4 215
58 84 7 215
63 84 16 215
83 84 10 215
87 84 25 215
91 84 28 215
93 84 22 215
95 84 31 215
108 84 34 215
126 84 49 215
140 84 52 215
148 84 37 215
150 84 40 215
155 84 55 215
164 84 43 215
173 84 58 215
176 84 46 215
179 84 1 52
183 84 4 52
189 84 7 52
199 84 13 52
201 84 10 52
212 84 16 52
217 84 19 52
219 84 25 52
222 84 22 52
223 84 28 52
224 84 31 52
237 84 34 52
243 84 46 52
250 84 37 52
259 84 40 52
270 84 43 52
275 84 49 52
284 84 55 52
1 114 11 49
2 67 11 121
3 67 16 121
3 114 19 49
6 114 17 49
7 114 23 49
15 67 5 121
22 67 13 121
25 114 5 49
32 67 7 121
33 67 1 121
35 67 23 121
35 114 7 49
39 67 19 121
40 114 1 49
47 67 9 121
48 114 3 49
49 67 28 121
58 114 13 49
64 114 9 49
70 67 3 121
86 114 15 49
92 67 21 121
100 114 21 49
102 67 25 121
105 67 33 121
111 67 31 121
112 114 25 49
117 67 35 121
120 114 29 49
121 114 27 49
124 67 37 121
133 67 41 121
134 114 35 49
135 67 39 121
137 67 43 121
144 67 46 121
150 67 49 121
154 114 37 49
157 114 31 49
162 114 33 49
169 114 39 49
172 67 51 121
176 67 53 121
179 67 55 121
182 67 59 121
183 114 41 49
189 67 5 210
191 114 43 49
196 114 45 49
209 114 47 49
210 114 49 49
222 114 51 49
224 114 53 49
226 67 57 121
226 114 55 49
233 114 57 49
238 67 1 210
240 114 59 49
245 114 39 277
248 67 3 210
250 114 41 277
251 114 37 277
252 67 7 210
258 67 11 210
262 67 9 210
266 67 17 210
271 114 43 277
274 114 45 277
276 67 13 210
276 114 47 277
279 114 49 277
282 67 15 210
287 67 19 210
288 67 23 210
291 67 21 210
292 67 29 210
299 67 25 210
299 114 52 277
3 88 21 127
4 88 25 127
5 88 7 127
19 88 13 127
22 88 31 127
39 88 49 127
42 88 37 127
44 88 1 127
48 88 55 127
55 88 43 127
62 88 1 14
70 88 7 14
80 88 25 14
86 88 19 14
94 88 37 14
99 88 43 14
100 88 13 14
104 88 31 14
107 88 49 14
116 88 55 14
118 88 13 114
122 88 1 114
125 88 7 114
131 88 25 114
159 88 19 114
162 88 55 114
170 88 31 114
181 88 37 114
214 88 49 114
221 88 43 114
224 88 1 132
225 88 13 132
227 88 7 132
229 88 25 132
242 88 31 132
247 88 55 132
251 88 19 132
255 88 37 132
262 88 43 132
268 88 49 132
271 88 7 267
276 88 15 267
277 88 19 267
288 88 25 267
289 88 33 267
2 48 13 429
18 48 1 429
31 48 4 429
33 48 16 429
39 48 7 429
41 48 22 429
49 48 10 429
54 48 19 429
56 48 25 429
58 48 31 429
66 48 28 429
72 48 34 429
83 48 37 429
84 48 40 429
86 48 43 429
101 48 46 429
106 48 49 429
121 48 52 429
129 48 55 429
130 48 58 429
132 48 1 282
135 48 4 282
143 48 7 282
148 48 10 282
163 48 13 282
175 48 25 282
181 48 16 282
182 48 19 282
202 48 22 282
203 48 28 282
208 48 31 282
209 48 34 282
210 48 37 282
218 48 40 282
219 48 46 282
223 48 43 282
227 48 49 282
240 48 52 282
241 48 1 51
243 48 4 51
248 48 55 282
249 48 7 51
255 48 58 282
274 48 10 51
275 48 21 51
293 48 16 51
294 48 13 51
5 27 13 342
7 117 25 172
9 27 19 342
13 27 25 342
18 117 7 172
20 27 31 342
22 27 37 342
34 117 19 172
43 27 1 342
54 117 15 172
56 117 31 172
57 117 37 172
65 117 1 172
68 117 43 172
81 27 7 342
85 117 49 172
91 27 55 342
96 27 43 342
98 117 55 172
98 27 49 342
102 117 1 196
102 27 7 270
104 27 25 270
105 27 1 270
122 27 13 270
126 27 19 270
127 117 13 196
129 117 7 196
132 27 31 270
134 27 39 270
139 117 19 196
142 117 31 196
146 27 55 270
147 27 1 422
149 117 25 196
150 117 43 196
151 27 43 270
156 117 37 196
161 27 7 422
163 27 49 270
168 27 19 422
169 117 55 196
170 117 49 196
173 27 13 422
175 117 1 380
177 117 7 380
177 27 25 422
180 27 43 422
182 27 31 422
183 117 13 380
188 117 19 380
191 27 37 422
192 117 25 380
194 117 37 380
196 27 55 422
197 117 31 380
198 27 49 422
210 27 1 289
224 117 43 380
225 27 19 289
227 117 55 380
231 117 49 380
233 117 7 410
237 117 1 410
245 27 7 289
246 117 31 410
249 117 19 410
260 117 13 410
267 117 25 410
269 117 43 410
270 117 37 410
272 27 37 289
280 27 13 289
283 117 1 72
283 27 25 289
291 117 49 410
291 27 31 289
295 27 43 289
296 117 55 410
298 117 7 72
300 117 25 72
12 40 55 277
20 40 58 277
25 40 13 431
28 40 1 431
31 40 7 431
33 40 4 431
38 40 16 431
41 40 25 431
43 40 19 431
80 40 10 431
82 40 22 431
85 40 46 431
89 40 28 431
100 40 31 431
116 40 49 431
118 40 34 431
133 40 43 431
134 40 52 431
142 40 37 431
143 40 40 431
161 40 55 431
167 40 4 60
182 40 1 60
186 40 58 431
187 40 7 60
190 40 10 60
193 40 13 60
199 40 16 60
200 40 19 60
201 40 22 60
209 40 25 60
210 40 28 60
214 40 31 60
229 40 34 60
238 40 37 60
239 40 43 60
272 40 46 60
278 40 49 60
279 40 40 60
283 40 7 344
7 45 17 82
10 45 4 82
11 45 23 82
26 45 1 82
29 45 9 82
58 45 11 82
63 45 7 82
65 45 13 82
77 45 15 82
81 45 19 82
86 45 28 82
91 45 21 82
103 45 35 82
125 45 25 82
132 45 41 82
150 45 31 82
157 45 37 82
164 45 33 82
165 45 43 82
174 45 39 82
178 45 45 82
181 45 47 82
182 45 49 82
190 45 53 82
191 45 51 82
200 45 55 82
207 45 11 172
214 45 59 82
218 45 57 82
256 45 5 172
263 45 13 172
271 45 23 172
282 45 29 172
297 45 41 172
300 45 35 172
1 102 13 97
4 102 19 97
11 102 25 97
18 102 4 97
24 102 10 97
25 102 16 97
39 102 22 97
45 102 7 97
47 102 28 97
76 102 1 97
86 102 31 97
96 102 34 97
108 102 46 97
111 102 37 97
120 102 40 97
128 102 43 97
130 102 52 97
135 102 55 97
153 102 49 97
155 102 58 97
160 102 1 253
165 102 4 253
185 102 10 253
208 102 7 253
212 102 13 253
231 102 16 253
243 102 25 253
248 102 19 253
253 102 22 253
260 102 31 253
262 102 28 253
265 102 34 253
267 102 37 253
269 102 49 253
270 102 46 253
271 102 40 253
289 102 43 253
17 8 1 187
20 8 10 187
29 8 4 187
37 8 13 187
38 8 7 187
46 8 15 187
47 8 17 187
64 8 25 187
77 8 21 187
78 8 19 187
87 8 23 187
98 8 27 187
105 8 35 187
110 8 29 187
124 8 39 187
131 8 31 187
144 8 33 187
158 8 37 187
165 8 41 187
173 8 49 187
176 8 43 187
184 8 47 187
186 8 45 187
193 8 51 187
195 8 53 187
203 8 58 187
208 8 1 311
211 8 11 311
218 8 55 187
227 8 23 311
228 8 17 311
230 8 29 311
248 8 35 311
250 8 47 311
252 8 41 311
264 8 53 311
275 8 59 311
5 110 25 216
28 110 28 216
38 110 13 216
55 110 1 216
73 110 7 216
77 110 10 216
91 110 4 216
92 110 16 216
110 110 31 216
115 110 19 216
131 110 34 216
133 110 22 216
145 110 37 216
153 110 40 216
162 110 46 216
163 110 43 216
165 110 52 216
175 110 49 216
183 110 55 216
190 110 1 32
202 110 58 216
206 110 7 32
211 110 4 32
213 110 10 32
221 110 13 32
231 110 19 32
232 110 16 32
240 110 22 32
260 110 25 32
266 110 28 32
274 110 31 32
281 110 34 32
5 57 11 308
7 57 29 308
9 57 1 308
17 57 17 308
19 57 7 308
20 57 23 308
21 57 19 308
42 57 9 308
43 57 5 308
58 57 15 308
59 57 3 308
61 57 13 308
63 57 21 308
73 57 25 308
74 57 35 308
83 57 31 308
101 57 27 308
107 57 33 308
119 57 41 308
124 57 43 308
136 57 49 308
140 57 47 308
144 57 51 308
169 57 37 308
171 57 45 308
176 57 55 308
197 57 39 308
220 57 53 308
221 57 57 308
224 57 5 323
226 57 59 308
227 57 1 323
228 57 3 323
229 57 10 323
233 57 13 323
245 57 15 323
247 57 7 323
248 57 17 323
250 57 19 323
256 57 25 323
261 57 21 323
262 57 23 323
276 57 28 323
296 57 31 323
1 113 19 24
2 113 25 24
7 113 31 24
8 113 37 24
20 113 43 24
38 113 49 24
52 113 1 24
81 113 13 24
82 113 7 24
83 113 55 24
87 113 1 358
88 113 7 358
93 113 13 358
98 113 37 358
108 113 49 358
112 113 19 358
125 113 55 358
130 113 31 358
142 113 43 358
161 113 25 358
166 113 7 15
176 113 19 15
178 113 1 15
190 113 13 15
204 113 31 15
210 113 43 15
211 113 25 15
221 113 37 15
225 113 49 15
228 113 13 70
229 113 55 15
240 113 7 70
242 113 1 70
259 113 19 70
261 113 25 70
267 113 31 70
281 113 37 70
289 113 49 70
291 113 43 70
292 113 55 70
9 76 25 384
33 76 13 384
46 76 1 384
52 76 7 384
67 76 4 384
73 76 10 384
87 76 16 384
91 76 31 384
92 76 28 384
97 76 34 384
111 76 19 384
112 76 52 384
131 76 37 384
139 76 40 384
143 76 43 384
173 76 22 384
179 76 46 384
180 76 55 384
187 76 49 384
189 76 10 107
199 76 58 384
201 76 1 107
214 76 4 107
222 76 7 107
225 76 25 107
226 76 19 107
230 76 13 107
231 76 22 107
232 76 31 107
234 76 16 107
239 76 34 107
240 76 28 107
243 76 1 284
250 76 43 107
263 76 37 107
269 76 52 107
274 76 40 107
279 76 46 107
281 76 55 107
286 76 49 107
294 76 58 107
299 76 13 284
2 16 16 180
4 83 11 183
5 16 23 180
10 83 13 183
12 16 11 180
19 83 9 183
22 83 5 183
23 16 13 180
24 16 5 180
26 16 3 180
30 16 1 180
30 83 3 183
31 83 1 183
45 83 16 183
46 83 19 183
53 16 7 180
55 16 9 180
55 83 7 183
56 83 21 183
66 16 19 180
67 83 37 183
72 16 21 180
75 83 23 183
76 16 28 180
76 83 31 183
82 16 34 180
87 83 40 183
90 83 28 183
92 83 25 183
97 83 43 183
98 16 25 180
109 16 37 180
119 16 43 180
122 83 33 183
127 16 31 180
130 16 45 180
132 83 35 183
143 83 46 183
144 16 41 180
150 16 47 180
166 16 39 180
169 83 49 183
187 16 52 180
188 83 51 183
193 16 49 180
196 16 59 180
200 16 57 180
206 16 55 180
211 83 53 183
215 83 55 183
218 16 4 221
219 83 57 183
227 16 11 221
230 83 59 183
234 16 1 221
235 83 13 333
240 83 11 39
247 83 5 39
253 16 7 221
256 83 17 39
259 83 23 39
265 83 29 39
268 16 9 221
273 16 13 221
275 83 35 39
280 16 17 221
281 16 25 221
282 16 19 221
284 16 15 221
287 16 23 221
288 83 41 39
293 16 21 221
295 83 47 39
296 16 35 221
298 83 53 39
35 95 43 129
42 95 25 129
52 95 15 129
55 95 19 129
68 95 1 129
80 95 31 129
88 95 37 129
90 95 49 129
93 95 7 129
95 95 1 266
99 95 55 129
111 95 7 266
125 95 13 266
164 95 25 266
170 95 19 266
195 95 31 266
201 95 37 266
203 95 43 266
209 95 49 266
214 95 7 294
215 95 57 266
231 95 1 294
237 95 19 294
238 95 13 294
248 95 25 294
267 95 43 294
274 95 49 294
288 95 55 294
289 95 55 60
297 95 31 294
8 97 16 28
9 97 28 28
26 97 13 28
34 97 10 28
51 97 1 28
52 97 21 28
53 97 4 28
58 97 37 28
65 97 40 28
85 97 7 28
89 97 25 28
91 97 34 28
95 97 43 28
104 97 46 28
105 97 49 28
133 97 31 28
139 97 55 28
149 97 52 28
151 97 7 154
163 97 10 154
173 97 19 154
188 97 13 154
189 97 16 154
203 97 22 154
207 97 25 154
209 97 58 28
220 97 28 154
230 97 31 154
231 97 34 154
261 97 43 154
262 97 37 154
266 97 40 154
278 97 52 154
285 97 49 154
288 97 46 154
289 97 46 295
291 97 55 154
294 97 43 295
6 109 10 1
7 109 35 1
9 5 5 95
12 5 17 95
21 5 23 95
30 109 5 1
34 109 17 1
38 5 29 95
44 109 7 1
49 109 1 1
57 5 11 95
63 5 35 95
63 109 3 1
64 109 13 1
68 109 19 1
75 5 41 95
78 5 47 95
80 5 53 95
83 109 15 1
84 5 59 95
84 109 22 1
88 5 1 302
101 5 3 302
109 109 39 1
111 5 5 302
112 5 7 302
112 109 27 1
115 5 9 302
116 109 25 1
117 109 29 1
125 5 11 302
128 5 13 302
129 109 31 1
130 109 37 1
132 109 46 1
135 109 33 1
137 5 17 302
141 109 41 1
144 5 15 302
146 5 19 302
146 109 53 1
148 109 43 1
151 109 49 1
160 5 21 302
161 109 58 1
167 109 51 1
169 109 1 278
181 5 23 302
186 5 28 302
186 109 55 1
194 5 25 302
204 5 35 302
211 109 7 278
215 109 3 278
217 5 31 302
220 5 33 302
222 109 5 278
223 109 9 278
224 109 11 278
228 5 37 302
235 5 40 302
237 5 43 302
237 109 23 278
242 109 13 278
243 5 49 302
244 5 47 302
248 109 15 278
251 109 17 278
252 5 45 302
255 5 51 302
257 5 53 302
257 109 19 278
259 5 55 302
260 109 21 278
261 5 57 302
262 109 25 278
263 5 59 302
264 109 27 278
268 5 1 303
271 109 29 278
279 109 35 278
284 109 31 278
286 109 33 278
292 5 3 303
294 5 7 303
297 5 5 303
297 109 37 278
4 90 31 100
5 90 37 100
9 90 43 100
16 90 9 100
22 90 15 100
36 90 19 100
43 90 25 100
49 90 49 100
64 90 55 100
67 90 7 275
77 90 31 275
89 90 13 275
102 90 37 275
105 90 19 275
110 90 25 275
115 90 43 275
120 90 1 100
140 90 1 275
141 90 1 434
149 90 7 434
175 90 31 434
188 90 1 46
201 90 49 275
204 90 13 434
207 90 19 434
221 90 25 434
236 90 43 434
241 90 37 434
245 90 49 434
251 90 55 275
257 90 7 46
260 90 55 434
270 90 55 169
280 90 19 46
284 90 25 46
292 90 13 46
295 90 31 46
296 90 49 46
6 79 19 188
30 79 7 188
52 79 10 188
61 79 3 188
70 79 25 188
77 79 43 188
78 79 13 188
93 79 28 188
96 79 16 188
120 79 22 188
133 79 34 188
143 79 37 188
148 79 31 188
157 79 40 188
163 79 46 188
168 79 49 188
180 79 52 188
184 79 55 188
187 79 58 188
216 79 4 423
221 79 1 423
225 79 10 423
227 79 13 423
234 79 7 423
238 79 19 423
244 79 22 423
284 79 33 423
293 79 25 423
5 51 28 254
6 51 22 254
18 19 22 122
21 19 37 122
22 51 10 254
29 17 39 278
32 51 4 254
36 19 7 122
37 17 43 278
39 19 25 122
43 51 13 254
45 19 28 122
49 19 31 122
56 19 1 122
57 51 7 254
59 17 46 278
61 51 16 254
65 19 19 122
70 17 49 278
75 17 52 278
78 51 25 254
84 17 55 278
93 19 4 122
95 19 10 122
102 19 13 122
103 19 40 122
106 19 16 122
107 17 58 278
109 19 49 122
111 51 1 254
111 19 34 122
113 19 55 122
114 17 1 125
117 19 58 122
124 17 4 125
128 19 46 122
136 17 7 125
137 19 52 122
141 19 7 33
141 51 19 254
142 51 40 254
143 51 55 254
144 17 10 125
146 17 16 125
146 19 1 33
147 51 31 254
152 19 43 122
155 17 13 125
156 51 34 254
158 51 43 254
159 17 25 125
175 51 46 254
180 51 58 254
185 19 13 33
197 17 19 125
202 17 28 125
203 17 31 125
204 17 22 125
206 51 37 254
209 19 4 33
211 17 34 125
211 51 13 199
218 19 28 33
218 17 37 125
220 19 10 33
222 19 16 33
223 19 19 33
224 17 40 125
226 19 22 33
229 17 43 125
231 51 7 199
238 17 46 125
240 19 25 33
243 17 7 161
243 19 31 33
249 17 49 125
249 51 52 254
252 51 1 199
253 17 52 125
257 19 34 33
265 17 55 125
266 17 58 125
271 19 37 33
274 19 55 33
277 17 10 161
277 51 16 199
279 19 43 33
282 17 1 161
282 51 49 254
285 19 40 33
286 51 19 199
288 51 4 199
289 51 10 199
291 17 4 161
295 51 22 199
300 17 31 161
2 120 19 85
37 120 1 85
49 120 7 85
51 120 4 85
61 120 9 85
63 120 13 85
82 120 11 85
84 120 15 85
90 120 17 85
101 120 25 85
104 120 23 85
107 120 21 85
108 120 29 85
113 120 27 85
119 120 35 85
125 120 41 85
141 120 31 85
151 120 37 85
176 120 33 85
182 120 43 85
188 120 47 85
190 120 39 85
201 120 45 85
203 120 49 85
205 120 51 85
208 120 53 85
213 120 55 85
215 120 1 299
223 120 57 85
235 120 3 299
245 120 59 85
249 120 5 299
255 120 7 299
273 120 9 299
287 120 11 299
298 120 13 299
10 70 15 116
11 70 31 116
12 70 19 116
16 70 25 116
21 70 43 116
25 70 37 116
29 70 49 116
55 70 55 116
66 70 1 116
93 70 31 10
105 70 7 116
110 70 7 10
112 70 1 10
113 70 19 10
124 70 13 10
135 70 25 10
137 70 37 10
140 70 7 61
155 70 49 10
159 70 43 10
166 70 55 10
172 70 1 61
179 70 13 61
183 70 19 61
189 70 25 61
197 70 43 61
198 70 37 61
205 70 1 11
208 70 49 61
212 70 31 61
230 70 55 61
241 70 13 11
244 70 31 11
258 70 25 11
259 70 7 11
261 70 49 11
271 70 19 11
3 41 25 373
18 41 28 373
27 41 22 373
38 41 37 373
40 41 3 373
54 41 31 373
68 41 7 373
88 41 13 373
90 41 19 373
92 41 10 373
95 41 34 373
99 41 40 373
100 41 43 373
123 41 16 373
128 41 49 373
160 41 46 373
170 41 58 373
179 41 52 373
193 41 55 373
203 41 7 351
204 41 10 351
205 41 16 351
207 41 13 351
215 41 19 351
222 41 1 351
229 41 4 351
232 41 34 351
233 41 22 351
268 41 25 351
282 41 31 351
297 41 43 351
1 7 25 401
1 78 31 366
3 7 31 401
5 78 43 366
6 7 37 401
9 7 49 401
12 78 13 366
17 78 25 366
23 7 15 401
24 7 19 401
25 78 19 366
26 7 43 401
32 7 55 401
33 7 25 199
34 78 37 366
37 78 49 366
46 78 55 366
48 78 19 120
54 7 37 199
56 78 37 120
61 7 31 199
69 78 7 366
74 78 1 120
75 7 1 401
75 78 7 120
81 78 25 120
90 7 43 199
90 78 55 120
91 7 7 401
97 78 45 120
99 78 49 120
122 78 7 280
124 78 19 280
126 7 55 199
129 78 13 120
132 7 51 199
136 78 1 280
137 78 31 120
151 7 1 382
153 7 7 382
157 7 19 382
159 78 13 280
160 78 31 280
161 7 37 382
162 7 13 382
163 78 27 280
169 78 43 280
174 7 25 382
176 78 49 280
177 7 31 382
178 7 49 382
183 7 43 382
185 78 37 280
194 7 55 382
200 78 1 328
201 78 55 280
202 78 7 328
204 78 37 328
217 7 13 404
220 78 13 328
223 7 1 404
231 78 25 328
238 78 31 328
247 78 1 411
252 78 19 328
255 7 9 404
256 7 27 404
261 7 7 27
261 78 13 411
270 7 19 404
278 78 55 328
283 78 31 411
285 78 7 411
294 78 51 328
296 7 1 27
297 7 49 404
6 85 31 413
14 85 25 413
17 85 22 413
19 85 28 413
20 85 37 413
23 85 34 413
25 85 43 413
33 85 19 413
44 85 9 413
50 85 1 413
53 85 16 413
54 85 46 413
58 85 40 413
59 85 13 413
66 85 49 413
68 85 52 413
72 85 25 112
73 85 13 112
84 85 4 413
89 85 55 413
90 85 1 112
97 85 58 413
101 85 7 112
104 85 10 112
105 85 16 112
125 85 4 112
130 85 19 112
134 85 22 112
137 85 28 112
151 85 39 112
154 85 34 112
155 85 1 437
161 85 43 112
174 85 46 112
175 85 58 112
177 85 49 112
193 85 31 112
197 85 55 112
206 85 52 112
218 85 49 289
220 85 55 289
223 85 52 289
228 85 19 437
232 85 58 289
255 85 4 437
259 85 13 437
260 85 34 437
264 85 16 437
276 85 7 437
282 85 10 437
294 85 22 437
6 54 29 442
8 54 5 442
10 54 11 442
13 54 13 442
31 54 16 442
53 54 1 442
62 54 25 442
69 54 3 442
83 54 7 442
93 54 19 442
106 54 21 442
114 54 23 442
121 54 9 442
139 54 27 442
145 54 31 442
147 54 34 442
156 54 41 442
163 54 39 442
164 54 52 442
187 54 37 442
195 54 45 442
198 54 47 442
213 54 43 442
220 54 7 103
223 54 49 442
232 54 55 442
249 54 59 442
253 54 5 69
255 54 1 69
257 54 3 69
259 54 57 442
262 54 7 69
268 54 11 69
274 54 13 69
275 54 9 69
286 54 15 69
289 54 17 69
290 54 23 69
299 54 19 69
2 35 21 162
4 71 37 263
8 35 25 162
11 44 37 272
13 44 15 272
19 71 31 263
20 71 49 263
21 35 49 162
22 44 19 272
24 108 43 445
25 71 25 263
26 35 37 162
29 35 13 162
29 108 19 445
30 35 31 162
30 108 13 445
31 35 43 162
34 108 31 445
35 44 49 272
36 35 55 162
38 71 21 263
40 108 25 445
43 44 31 272
47 44 43 272
50 71 7 263
50 108 49 445
51 44 55 272
53 44 9 272
55 44 13 430
58 35 19 78
61 35 25 78
61 71 43 263
61 108 55 445
65 44 55 430
68 108 37 445
71 44 25 272
72 35 43 78
77 35 49 78
77 44 55 133
78 35 7 162
81 35 1 162
82 35 1 78
82 44 27 430
84 44 43 430
85 35 55 78
87 44 7 430
88 71 55 263
89 108 31 164
91 44 37 430
92 44 1 272
94 35 7 78
97 108 1 445
97 44 37 133
103 35 1 22
104 35 49 22
106 44 1 430
107 35 13 78
109 71 1 263
111 71 13 263
113 35 1 147
114 44 19 430
120 35 13 22
121 71 13 440
121 108 19 164
122 71 19 440
127 71 1 440
129 35 33 78
130 108 7 445
133 35 7 22
134 71 7 440
135 108 13 164
137 35 19 22
138 108 1 164
138 44 31 430
141 44 13 133
145 108 7 164
148 35 25 22
148 108 1 211
150 35 33 22
151 108 51 164
154 35 39 78
158 71 25 440
161 44 1 133
161 108 19 211
162 44 19 133
163 35 19 147
164 108 55 164
165 108 45 164
166 108 25 164
166 44 49 430
169 108 7 211
173 71 31 440
178 44 7 133
178 108 37 164
183 71 49 440
187 71 39 440
187 44 25 133
189 71 19 386
190 35 45 22
192 44 31 133
194 35 7 147
194 71 1 386
194 108 13 211
194 44 49 133
199 71 43 440
202 71 13 386
203 71 37 386
208 71 25 386
209 71 7 386
212 35 25 147
213 108 25 211
214 71 13 420
216 71 55 440
221 108 31 211
222 108 37 211
223 44 13 450
224 71 49 386
226 108 43 211
227 71 31 386
230 71 43 386
230 108 49 211
232 44 43 133
236 71 1 420
237 108 55 211
241 35 43 147
242 71 55 386
245 44 1 450
247 108 9 232
248 35 37 22
248 71 31 420
249 71 25 420
251 108 13 232
254 108 1 232
256 35 13 147
257 35 37 147
257 44 25 450
258 35 55 22
263 35 49 147
265 44 7 450
272 35 55 147
275 71 43 420
275 108 25 232
277 71 25 34
278 44 19 450
282 44 37 450
284 35 7 348
285 71 55 420
289 35 1 348
290 71 7 420
291 35 13 348
291 71 9 34
293 108 31 232
295 71 37 420
295 44 55 450
10 118 25 264
12 118 31 264
17 118 34 264
37 118 3 264
49 118 37 264
63 118 40 264
67 118 13 264
69 118 16 264
86 118 7 264
104 118 43 264
117 118 10 264
128 118 21 264
133 118 28 264
139 118 46 264
143 118 58 264
148 118 49 264
156 118 52 264
157 118 55 264
162 118 1 449
165 118 7 449
194 118 19 449
197 118 4 449
204 118 25 449
208 118 22 449
212 118 10 449
220 118 37 449
224 118 13 449
237 118 28 449
264 118 31 449
270 118 16 449
273 118 40 449
274 118 34 449
6 53 35 162
12 53 29 162
13 53 11 162
15 53 17 162
39 53 41 162
41 53 5 162
47 53 19 162
65 53 47 162
68 53 59 162
86 53 53 162
88 53 5 275
91 53 11 275
94 53 23 275
99 53 17 275
100 53 29 275
101 53 35 275
102 53 41 275
106 53 47 275
108 53 53 275
123 53 59 275
129 53 5 342
132 53 11 342
169 53 17 342
172 53 23 342
184 53 29 342
193 53 35 342
206 53 41 342
208 53 47 342
212 53 53 342
230 53 5 127
233 53 59 342
234 53 11 127
251 53 35 127
257 53 17 127
261 53 19 127
270 53 41 127
272 53 29 127
4 6 43 323
9 6 33 323
11 66 43 432
15 49 19 174
16 66 19 432
18 6 37 323
19 49 37 174
22 66 25 432
26 66 49 432
26 49 25 174
28 66 31 432
29 6 55 323
30 49 43 174
31 49 49 174
42 49 55 174
48 49 31 174
55 49 31 3
56 6 43 104
58 49 43 3
59 66 7 432
63 6 49 323
64 49 27 3
69 49 19 3
71 6 13 104
80 6 1 104
81 6 21 104
83 49 1 174
86 66 1 432
89 6 37 104
92 49 37 3
93 49 55 3
95 6 49 104
102 6 31 104
104 66 55 432
110 66 13 432
115 66 31 285
119 6 7 104
120 66 43 285
124 66 7 285
134 49 13 174
135 66 19 285
138 6 25 104
138 49 7 174
139 66 13 285
141 6 25 191
142 66 13 205
142 49 19 255
147 66 37 432
149 6 1 191
152 66 1 285
155 49 7 3
156 66 25 285
163 66 1 205
167 66 7 205
168 49 55 104
172 66 37 285
174 66 55 285
181 6 7 191
183 66 25 205
184 49 1 3
185 66 49 285
186 6 13 191
187 6 19 191
191 66 33 205
191 6 45 191
192 66 19 205
192 6 37 191
194 6 27 355
198 66 13 243
200 66 43 205
201 49 13 3
205 66 19 243
205 6 25 186
207 6 31 191
209 49 13 255
214 66 37 205
215 66 49 205
220 49 1 255
221 6 51 191
222 49 25 255
230 49 7 255
233 6 15 355
234 66 55 205
245 6 19 355
250 49 49 3
251 49 39 255
253 6 9 355
254 6 31 355
254 49 43 255
255 6 43 355
263 6 55 191
264 66 1 243
267 6 49 355
267 49 7 330
269 6 1 355
269 49 57 255
270 66 31 243
270 6 49 210
272 66 7 243
273 66 25 243
273 49 49 255
274 6 1 186
275 66 55 243
277 49 43 330
279 49 1 330
283 66 13 261
290 66 37 243
293 6 37 355
297 6 55 355
3 72 11 388
3 15 29 258
4 15 17 258
5 15 35 258
8 72 19 388
13 15 23 258
16 72 5 388
18 72 17 388
21 15 41 258
24 72 23 388
26 72 29 388
29 15 11 258
37 72 15 388
39 72 31 388
47 15 5 258
49 15 47 258
50 15 53 258
60 15 59 258
62 15 5 430
64 72 7 388
67 72 1 388
68 15 11 430
73 15 17 430
81 15 35 430
82 72 13 388
82 15 41 430
88 72 25 388
95 15 23 430
97 72 41 388
100 15 25 430
101 15 53 430
105 72 37 388
108 72 3 388
108 15 59 430
110 72 34 388
121 15 47 430
128 15 1 88
142 15 11 88
144 72 21 388
146 15 4 88
150 15 13 88
159 72 39 388
165 15 19 88
175 15 7 88
179 15 17 88
186 15 9 88
196 72 9 388
207 72 43 388
212 15 23 88
226 72 27 388
234 72 45 388
240 15 15 88
242 72 47 388
242 15 29 88
255 72 49 388
262 72 51 388
268 72 53 388
279 15 25 88
280 72 5 164
285 15 31 88
293 15 35 88
295 72 59 388
7 106 41 285
16 106 17 285
22 106 23 285
23 106 11 285
26 106 5 285
30 106 29 285
32 106 35 285
42 106 47 285
47 106 53 285
48 106 59 285
62 106 11 76
66 106 5 76
79 106 1 76
82 106 15 76
86 106 13 76
96 106 7 76
99 106 3 76
104 106 17 76
106 106 19 76
113 106 23 76
118 106 25 76
119 106 29 76
121 106 31 76
123 106 21 76
138 106 35 76
140 106 27 76
144 106 49 76
145 106 33 76
156 106 47 76
177 106 37 76
178 106 41 76
184 106 9 76
195 106 39 76
215 106 53 76
217 106 43 76
223 106 55 76
225 106 45 76
234 106 59 76
250 106 57 76
257 106 51 76
261 106 5 266
264 106 11 266
273 106 17 266
286 106 23 266
287 106 29 266
289 106 53 266
292 106 41 266
293 106 47 266
294 106 35 266
296 106 5 284
1 61 37 113
2 111 31 288
3 32 55 388
5 32 49 88
9 111 37 288
9 61 55 113
11 111 49 288
15 32 37 88
16 61 31 113
18 61 43 113
19 32 43 88
19 61 49 113
22 61 43 303
25 61 31 303
28 32 55 88
28 111 43 288
33 111 55 288
34 61 49 303
37 61 19 113
40 111 15 288
41 61 13 113
46 32 25 245
49 32 43 245
52 61 37 303
53 61 25 113
54 111 25 288
56 111 55 245
59 111 19 288
60 32 1 245
63 61 31 416
66 32 7 245
66 61 55 303
67 32 39 245
69 32 43 450
70 111 55 295
76 61 7 113
78 61 43 416
79 111 3 288
80 61 37 416
87 111 49 245
89 111 49 295
90 32 37 249
93 32 43 249
95 111 37 8
96 111 9 288
100 32 49 450
109 111 19 245
110 32 55 249
110 61 43 55
111 111 43 8
112 61 9 303
116 61 1 113
117 32 13 245
119 111 1 8
121 32 33 245
123 32 31 450
126 111 7 8
128 111 15 8
128 61 3 416
130 61 13 303
132 111 19 8
138 32 13 249
141 111 37 260
143 32 1 249
144 32 25 249
145 32 19 249
145 61 13 416
148 61 19 303
149 61 19 416
155 61 25 303
158 111 31 8
166 32 31 249
167 61 13 55
168 32 7 249
168 61 31 55
170 61 7 416
179 32 19 426
184 61 13 222
200 32 49 249
200 61 25 416
204 32 43 426
206 111 25 8
208 111 3 260
209 32 43 269
211 32 37 426
228 111 31 260
229 111 49 8
232 32 1 426
237 111 7 260
239 32 13 426
241 111 19 260
244 61 49 416
245 61 25 55
250 61 1 55
252 32 9 426
254 32 25 426
256 111 43 260
258 32 31 426
259 111 49 260
260 61 37 55
262 61 19 55
263 32 3 281
267 32 15 281
273 32 55 426
278 111 13 260
279 32 51 426
281 61 7 55
282 61 21 222
287 32 37 269
288 111 7 271
289 32 19 281
290 32 49 269
293 111 1 271
297 111 1 332
298 111 15 271
12 10 52 253
23 10 55 253
32 10 59 253
45 10 57 253
50 10 4 327
57 10 13 327
64 10 11 327
69 10 1 327
87 10 31 327
89 10 17 327
117 10 7 327
153 10 23 327
156 10 15 327
158 10 9 327
159 10 28 327
173 10 25 327
174 10 19 327
178 10 21 327
184 10 33 327
200 10 35 327
206 10 47 327
217 10 37 327
219 10 39 327
224 10 7 230
235 10 53 327
266 10 43 327
268 10 41 327
300 10 45 327
8 42 49 33
22 42 49 235
36 42 13 235
45 42 31 235
46 42 37 235
52 42 43 235
58 42 55 235
63 42 43 297
66 42 31 147
72 42 49 297
88 42 27 235
111 42 55 297
121 42 43 51
125 42 19 235
128 42 7 235
131 42 1 235
147 42 7 297
156 42 1 297
168 42 37 297
169 42 13 297
178 42 25 297
187 42 31 297
197 42 25 51
201 42 31 51
215 42 37 51
222 42 55 51
227 42 37 72
237 42 49 51
259 42 31 72
265 42 19 297
267 42 19 72
284 42 19 204
18 26 25 45
20 26 40 45
29 26 28 45
31 26 19 45
36 26 31 45
60 26 7 45
68 26 13 45
71 26 22 45
79 26 34 45
80 26 43 45
81 26 37 45
85 26 1 45
86 26 10 45
92 26 46 45
108 26 16 45
123 26 49 45
126 26 4 45
133 26 52 45
147 26 57 45
151 26 10 140
152 26 7 140
170 26 13 140
194 26 22 140
196 26 1 140
197 26 16 140
199 26 4 140
200 26 7 417
214 26 19 140
215 26 31 140
216 26 25 140
220 26 40 140
236 26 28 140
240 26 37 140
244 26 55 140
247 26 34 140
250 26 27 221
265 26 43 140
278 26 31 221
287 26 46 140
288 26 49 140
5 75 17 316
7 55 47 279
11 38 17 423
13 75 19 316
15 38 28 423
15 55 11 279
16 86 23 91
18 94 11 284
20 75 29 316
21 75 21 316
21 94 17 284
22 94 29 284
24 86 16 91
25 86 11 91
25 94 23 284
26 94 35 284
27 55 5 279
28 38 41 423
28 55 17 279
29 94 25 284
30 38 37 423
30 94 39 284
31 38 39 423
33 75 9 316
35 38 47 423
37 55 23 279
40 75 23 316
41 86 7 91
41 55 29 279
44 94 27 284
45 55 35 279
48 55 41 279
51 38 31 423
52 94 41 284
53 94 19 284
54 86 5 91
55 75 4 316
55 94 37 284
57 38 43 423
59 38 49 423
59 75 1 316
59 55 53 279
60 38 45 423
60 55 29 288
60 86 19 91
61 94 7 284
64 55 59 279
69 86 13 91
70 86 1 91
71 75 11 316
72 94 31 284
73 86 21 91
73 94 33 284
75 94 21 284
76 38 51 423
76 55 13 288
78 55 23 288
78 86 28 91
78 94 49 284
79 38 53 423
79 75 31 316
80 86 35 91
80 94 46 284
83 94 51 284
85 75 25 316
86 38 55 423
86 55 35 288
87 75 13 316
88 38 59 423
92 38 57 423
92 94 43 284
96 75 41 316
97 55 49 316
98 38 5 133
99 94 9 284
100 86 9 91
101 55 1 288
103 38 11 133
103 55 47 288
103 94 53 284
105 38 23 133
105 86 25 91
106 94 55 284
107 94 1 353
113 38 17 133
114 75 27 316
114 55 41 288
114 94 11 353
117 86 3 91
121 55 7 288
122 55 53 288
124 86 41 91
126 55 59 288
128 38 35 133
131 94 57 284
132 75 7 316
136 94 59 284
137 38 41 133
137 75 35 316
138 75 37 316
139 38 29 133
141 94 5 353
146 75 33 316
146 55 39 316
146 86 31 91
147 38 53 133
147 75 15 316
154 38 47 133
155 75 47 316
159 86 37 91
159 55 51 316
160 86 39 91
160 94 7 353
162 86 53 91
165 55 55 316
166 38 59 133
166 86 43 91
170 38 11 7
171 38 7 7
172 38 5 7
173 55 53 316
175 75 43 316
178 86 33 91
180 94 3 353
185 55 45 316
186 94 17 353
187 55 5 445
188 94 9 353
189 86 47 91
190 86 55 91
193 55 58 316
196 75 4 90
196 55 11 445
197 94 13 353
202 38 1 7
202 55 17 445
202 94 19 353
206 55 23 445
207 94 23 353
209 38 17 7
210 38 9 7
212 38 3 7
213 38 13 7
214 94 25 353
217 94 27 353
219 38 23 7
221 55 29 445
223 55 35 445
225 75 17 90
225 86 57 91
231 38 29 7
232 38 19 7
235 55 47 445
236 38 15 7
236 94 21 353
238 94 29 353
239 86 49 91
239 55 41 445
241 55 53 445
245 75 11 90
246 94 35 353
247 86 59 91
248 75 1 90
248 94 41 353
249 75 23 90
251 55 59 445
252 86 43 449
253 86 45 91
254 75 7 90
255 38 31 7
255 86 53 449
256 75 9 90
256 94 31 353
257 86 45 449
258 55 1 354
259 94 37 353
260 38 41 7
260 86 51 91
262 38 33 7
264 38 21 7
265 86 47 449
266 38 25 7
269 86 47 127
270 94 53 353
271 55 3 354
272 75 25 90
273 38 37 7
273 86 59 449
274 94 15 353
275 86 53 127
276 86 49 449
276 94 51 353
278 75 27 90
278 94 47 353
280 55 7 354
283 55 5 354
285 75 13 90
286 55 11 354
286 94 39 353
288 55 13 354
293 75 19 90
294 55 9 354
296 38 46 7
300 55 17 354
8 87 21 4
10 87 28 4
12 25 34 330
13 25 31 330
14 87 31 4
15 25 25 330
16 25 37 330
17 25 40 330
18 25 49 330
19 25 55 330
23 25 52 330
24 25 58 330
27 25 37 27
31 87 25 4
32 87 15 4
35 87 4 4
35 25 13 330
36 87 34 4
39 25 28 330
42 25 13 27
44 25 31 27
46 25 34 27
50 25 25 27
55 87 39 4
56 25 28 27
61 25 22 330
64 87 43 4
64 25 40 27
72 87 28 142
73 87 46 4
81 87 55 4
81 25 43 27
98 87 1 4
100 87 58 4
103 25 49 27
117 25 19 330
129 25 46 27
136 87 10 4
140 25 16 330
143 87 10 142
143 25 16 27
149 87 49 4
155 25 19 27
156 25 22 27
157 25 52 27
163 25 7 178
166 25 13 178
167 25 55 27
171 25 58 27
173 87 1 142
178 87 13 142
179 87 4 142
182 25 16 178
186 25 1 178
187 87 16 142
191 87 7 4
191 25 4 178
195 87 7 142
195 25 10 178
196 87 19 142
198 25 19 178
199 25 22 178
203 25 25 178
204 87 52 4
214 87 22 142
216 25 28 178
223 25 37 178
228 25 40 178
234 25 3 19
237 25 31 178
238 25 43 178
240 25 46 178
241 25 49 178
246 25 52 178
249 87 31 142
250 87 34 142
253 87 37 142
258 87 40 142
262 25 13 19
264 25 34 178
265 87 52 60
265 25 58 178
269 87 25 142
271 87 45 142
274 87 58 142
282 87 52 142
288 25 16 19
295 87 19 299
296 87 15 299
300 87 49 142
4 12 49 256
27 12 43 256
31 12 55 256
50 12 31 256
51 12 21 256
52 12 49 55
62 12 37 256
88 12 43 59
91 12 13 256
106 12 27 256
109 12 7 256
127 12 55 55
129 12 1 256
136 12 13 59
137 12 1 59
138 12 19 59
150 12 25 59
158 12 55 59
164 12 7 59
166 12 19 181
180 12 7 181
192 12 49 59
212 12 43 181
213 12 31 59
253 12 13 181
258 12 3 181
270 12 1 370
271 12 25 181
284 12 37 59
285 12 15 370
290 12 43 210
298 12 37 181
300 12 55 181
1 115 16 119
1 60 43 167
2 60 37 167
5 60 31 167
6 34 43 119
8 34 31 119
8 115 34 119
8 60 46 167
10 34 37 119
10 60 34 167
13 34 40 119
13 115 46 119
16 115 49 119
18 115 52 119
19 115 25 119
28 34 25 5
31 60 22 167
32 115 19 119
35 60 55 167
36 60 25 167
37 34 28 119
43 34 55 119
44 34 58 119
45 115 25 171
46 60 4 167
47 34 13 119
50 115 28 171
52 115 34 171
53 115 31 171
54 115 22 119
55 60 28 167
57 60 19 167
59 34 16 5
66 60 40 167
74 34 22 5
75 60 13 167
79 34 37 5
82 115 37 171
83 60 19 105
85 34 4 119
87 60 58 167
90 115 4 171
93 34 1 119
94 115 1 171
96 34 13 5
98 60 7 167
104 34 7 119
111 60 49 167
120 60 52 167
122 60 25 105
127 60 7 105
129 34 28 5
129 115 43 171
140 34 19 5
142 60 1 167
144 60 55 105
145 115 40 171
150 60 16 167
154 34 1 5
156 115 10 119
157 60 1 105
160 60 4 105
161 34 46 5
163 60 16 105
165 34 10 5
165 60 13 105
167 60 22 105
168 115 46 171
173 115 55 171
174 60 43 105
178 60 58 105
180 34 22 299
183 60 1 153
190 60 28 105
192 115 7 171
197 115 10 171
200 34 10 350
202 34 4 5
203 60 10 167
206 115 13 171
208 34 40 5
210 115 16 171
213 115 19 171
216 34 31 5
218 34 34 5
220 60 19 153
223 34 25 299
225 115 28 230
226 34 7 5
227 34 43 5
227 115 52 171
235 115 22 171
236 60 10 105
236 115 25 230
239 60 46 105
240 115 49 171
242 60 40 105
246 60 37 105
248 60 49 105
249 60 34 105
250 34 31 299
253 115 58 171
254 60 52 105
265 115 1 230
267 115 40 230
268 115 4 230
275 115 31 230
278 115 9 230
282 115 34 230
7 59 37 123
27 59 7 123
32 59 22 123
43 59 11 123
44 59 5 123
45 59 19 123
56 59 13 123
65 59 17 123
80 59 29 123
114 59 25 123
122 59 35 123
131 59 9 123
139 59 31 123
145 59 1 123
153 59 27 123
154 59 15 123
157 59 43 123
172 59 45 123
176 59 41 123
179 59 33 123
193 59 3 123
196 59 39 123
197 59 53 123
218 59 47 123
235 59 55 123
244 59 58 123
254 59 11 361
264 59 49 123
267 59 23 361
269 59 29 361
280 59 51 123
285 59 53 361
287 59 17 361
292 59 1 361
294 59 41 361
2 3 29 250
43 3 16 250
56 3 7 250
60 3 5 250
62 3 13 250
69 3 11 250
84 3 1 250
98 3 19 250
99 3 23 250
100 3 27 250
107 3 3 250
112 3 31 250
120 3 35 250
131 3 40 250
170 3 25 250
176 3 37 250
180 3 47 250
182 3 45 250
185 3 33 250
186 3 49 250
219 3 9 250
225 3 43 250
229 3 53 250
250 3 21 250
265 3 13 161
266 3 51 250
273 3 15 161
279 3 55 250
296 3 59 250
297 3 17 161
1 98 49 325
10 98 43 325
14 98 37 325
17 98 55 325
30 98 49 153
32 98 25 325
41 98 43 153
57 98 45 232
70 98 37 153
74 98 55 153
80 98 49 232
99 98 25 153
101 98 13 325
114 98 31 325
119 98 13 153
147 98 25 344
150 98 1 325
154 98 43 344
156 98 55 232
179 98 37 232
188 98 31 153
190 98 19 325
192 98 1 344
201 98 25 334
211 98 19 232
226 98 31 344
231 98 37 344
239 98 19 344
253 98 31 334
257 98 13 344
268 98 55 344
276 98 55 72
279 98 57 334
287 98 49 344
294 98 1 334
1 73 55 221
4 73 55 44
14 73 43 221
15 73 49 221
33 73 37 221
40 73 31 44
41 73 49 44
44 73 37 44
50 73 43 44
51 73 37 46
71 73 43 46
94 73 19 83
109 73 55 46
117 73 25 44
130 73 1 83
145 73 43 83
151 73 13 83
154 73 25 83
157 73 27 99
207 73 45 99
224 73 19 99
232 73 7 83
233 73 37 83
237 73 37 99
280 73 31 83
292 73 7 99
295 73 1 99
11 96 28 402
40 96 19 402
40 50 58 33
53 50 34 376
55 50 49 376
57 50 22 376
58 50 1 376
62 50 46 33
74 96 39 402
75 50 16 376
76 50 4 376
77 50 7 376
79 96 43 402
81 96 31 402
85 50 10 376
86 96 46 402
89 96 58 402
107 96 7 402
108 50 13 376
115 96 4 402
116 96 10 402
128 50 25 376
132 50 28 376
138 96 49 402
138 50 39 376
139 96 34 402
143 96 13 402
144 96 7 214
145 50 55 376
146 50 46 376
152 96 16 402
159 96 1 402
160 50 43 376
166 96 16 214
173 50 4 185
174 50 1 185
178 96 55 402
181 96 25 402
185 96 28 214
191 96 22 402
196 50 31 376
201 96 4 214
206 50 19 376
215 50 7 185
218 50 52 376
222 50 10 185
231 50 58 376
238 50 55 142
241 50 25 185
251 96 52 402
252 96 25 214
253 50 19 185
254 50 13 185
256 50 33 185
258 50 16 185
261 96 46 214
263 96 19 214
266 50 22 185
268 96 22 214
271 96 31 214
272 96 1 214
274 96 37 214
280 96 10 214
281 96 13 214
290 50 28 185
291 50 40 185
299 50 43 185
13 18 21 230
14 18 17 230
28 18 23 230
29 18 37 230
34 18 43 230
46 18 13 230
54 18 53 230
77 18 46 230
79 18 49 230
92 18 19 230
98 18 15 230
112 18 58 230
115 18 55 230
118 18 5 320
123 18 1 320
125 18 51 230
126 18 11 320
129 18 17 320
148 18 7 320
155 18 22 320
157 18 45 320
158 18 3 320
176 18 25 320
184 18 31 320
199 18 19 320
210 18 13 320
219 18 28 320
221 18 35 320
226 18 37 320
231 18 41 320
239 18 53 320
246 18 43 320
248 18 47 320
256 18 39 320
292 18 59 320
8 29 43 262
11 29 55 262
14 103 49 327
15 29 31 262
19 103 58 327
25 103 55 327
34 103 55 214
36 103 49 214
38 29 40 262
40 103 52 214
42 103 1 222
45 29 46 262
47 103 34 214
47 29 21 262
55 29 52 262
62 29 49 262
71 29 34 262
73 29 37 262
80 29 7 262
82 29 58 262
87 29 43 138
96 29 22 138
100 103 40 214
101 103 43 214
103 29 37 138
107 103 10 222
111 29 40 138
118 103 27 222
118 29 19 138
130 29 55 138
136 29 25 262
138 29 52 138
139 29 10 262
140 29 13 262
147 103 43 222
149 103 33 222
149 29 13 138
151 103 19 350
153 29 31 138
166 29 46 138
167 29 34 138
172 29 16 262
182 29 28 262
183 103 58 214
190 103 4 222
193 103 37 222
193 29 16 138
201 103 7 222
203 103 13 350
204 29 7 138
205 103 40 222
211 103 46 222
212 29 49 138
217 103 49 222
225 103 31 350
231 29 10 138
232 103 52 222
234 29 25 138
235 103 7 350
258 103 22 350
260 103 1 350
262 103 4 350
263 29 40 351
265 29 4 262
280 29 1 262
291 29 1 138
298 103 43 350
299 29 28 138
18 99 55 161
26 99 55 446
37 99 37 161
50 99 55 185
83 99 33 446
93 99 37 446
101 99 49 161
106 99 43 161
120 99 55 369
129 99 49 446
152 99 25 161
171 99 19 161
181 99 19 446
192 99 13 446
195 99 3 446
199 99 31 369
219 99 49 185
234 99 19 369
242 99 43 446
244 99 1 369
254 99 19 370
269 99 7 446
1 46 46 404
3 46 37 404
14 46 34 404
23 46 31 404
24 46 55 404
29 46 43 404
36 46 28 391
41 46 58 404
54 46 34 391
58 46 49 391
60 46 40 404
64 46 37 185
67 46 16 391
79 46 46 185
93 46 25 391
96 46 31 391
101 46 10 391
116 46 7 391
119 46 45 391
123 46 13 391
135 46 1 391
150 46 22 391
153 46 37 391
159 46 4 391
162 46 4 35
164 46 1 35
172 46 19 391
177 46 40 391
180 46 19 35
181 46 52 391
182 46 7 35
198 46 10 35
213 46 57 391
217 46 22 35
224 46 16 35
237 46 25 35
238 46 40 35
243 46 28 35
251 46 43 35
271 46 34 35
282 46 46 35
283 46 10 251
284 46 58 35
292 46 31 35
299 46 31 197
10 82 23 446
27 82 11 446
33 82 29 446
46 82 17 446
47 82 1 446
56 82 41 446
59 82 27 446
60 82 25 446
76 82 47 446
81 82 53 446
98 82 31 446
107 82 5 371
114 82 17 371
115 82 59 446
160 82 23 371
165 82 29 371
166 82 11 371
167 82 41 371
186 82 35 371
192 82 53 371
193 82 47 371
199 82 11 10
202 82 41 10
205 82 5 10
213 82 17 10
222 82 59 371
228 82 23 10
229 82 29 10
240 82 35 10
245 82 47 10
254 82 59 10
259 82 53 10
260 82 5 15
262 82 11 15
265 82 17 15
274 82 23 15
287 82 35 15
291 82 29 15
3 77 43 159
33 77 31 159
38 77 55 159
48 77 25 159
53 77 37 159
57 77 49 159
105 77 39 299
106 77 31 173
123 77 43 299
127 77 49 299
145 77 3 159
170 77 37 173
171 77 9 159
195 77 13 159
202 77 43 173
213 77 49 173
214 77 27 197
215 77 15 173
248 77 43 197
269 77 19 159
286 77 55 299
12 43 37 417
25 43 46 417
30 43 55 417
40 9 49 90
43 9 37 90
43 43 40 417
47 9 31 90
47 43 25 417
53 9 52 90
53 43 49 417
59 43 31 417
61 9 49 5
66 43 52 417
71 43 19 417
74 43 28 417
75 9 34 90
92 43 13 417
94 9 43 90
96 9 55 90
99 43 37 347
100 43 34 417
102 43 16 417
106 43 52 321
108 9 7 325
109 9 52 5
115 43 22 417
116 9 46 90
116 43 13 347
120 43 49 321
126 9 1 37
127 43 33 347
130 9 22 37
133 9 58 90
149 43 43 417
150 43 58 417
154 9 4 138
162 43 25 347
168 43 43 321
170 9 16 37
171 9 13 37
172 43 10 417
174 9 4 37
175 43 9 347
177 9 58 138
181 43 55 222
186 43 4 417
188 43 16 347
189 9 40 90
195 43 58 222
198 9 34 37
201 43 19 347
215 9 10 325
221 9 10 37
222 43 43 347
226 43 1 417
238 9 58 5
238 43 22 347
242 43 49 347
244 9 7 37
246 43 46 321
247 43 28 347
250 43 7 370
254 43 37 370
256 43 1 347
259 9 28 37
264 43 55 321
266 43 4 347
267 9 55 5
274 9 19 37
276 9 10 106
277 9 58 37
278 9 37 37
283 9 22 106
293 43 52 347
296 43 40 347
2 101 49 320
12 101 23 78
14 101 55 320
16 101 57 320
27 101 51 320
32 101 29 78
42 101 11 78
51 101 33 320
57 101 5 78
75 101 31 78
76 101 37 78
81 101 17 78
120 101 47 78
127 101 53 78
130 101 5 434
137 101 9 320
138 101 59 78
151 101 17 434
156 101 29 434
158 101 11 434
159 101 23 434
172 101 25 346
187 101 35 434
198 101 41 434
203 101 47 434
209 101 53 434
210 101 59 434
217 101 7 150
222 101 31 105
223 101 5 150
230 101 11 150
233 101 43 142
236 101 13 150
272 101 23 150
273 101 1 150
277 101 29 150
287 101 15 320
298 101 19 150
300 101 3 150
2 2 40 354
3 74 40 350
6 74 46 350
13 74 34 350
15 2 34 354
16 74 52 350
17 74 37 350
23 2 37 354
23 74 49 350
27 74 55 350
34 2 45 354
46 74 10 438
48 2 7 310
51 74 25 350
63 74 37 438
69 2 55 354
73 74 40 438
76 2 33 181
93 74 49 438
94 2 49 354
95 74 7 438
102 2 52 354
107 74 28 350
111 74 22 438
112 2 13 310
118 2 31 354
122 2 28 354
123 74 52 438
124 2 25 354
124 74 1 438
126 74 16 350
129 2 58 354
131 74 13 438
133 74 4 438
135 74 58 350
144 74 58 438
149 74 39 204
152 74 13 35
155 74 16 438
158 74 19 438
161 74 49 35
162 2 28 310
164 2 4 310
169 74 25 438
171 74 31 438
172 2 55 7
177 74 43 438
181 74 28 438
190 74 34 438
200 74 22 334
213 2 22 354
219 2 31 310
219 74 34 204
226 74 4 204
234 2 37 310
236 2 34 310
236 74 37 35
240 2 19 354
244 2 19 310
246 2 49 7
247 2 43 7
249 74 10 204
250 2 10 310
252 2 58 7
268 74 28 204
278 2 1 310
278 74 4 54
286 2 52 7
290 2 1 17
292 2 22 310
297 74 46 438
299 74 1 204
2 64 43 111
10 91 55 449
13 119 49 111
17 64 43 319
22 119 55 111
25 119 49 257
29 64 31 111
32 119 37 111
33 119 43 257
37 91 55 257
44 119 49 226
67 64 49 319
68 119 21 111
75 91 25 257
78 119 31 255
80 64 55 319
82 64 43 328
86 119 37 257
96 64 49 34
101 64 37 319
114 91 37 369
116 64 19 319
118 119 37 210
118 91 43 369
122 119 37 226
123 64 55 347
133 64 13 111
136 119 19 257
138 64 55 34
143 91 25 319
146 119 7 111
153 64 43 34
154 64 49 118
160 119 13 257
174 64 21 34
175 119 39 106
180 64 25 111
181 64 43 118
186 64 31 319
187 119 1 111
189 119 31 257
210 91 51 369
213 64 1 319
216 64 37 34
217 91 55 260
226 64 39 118
227 64 3 34
233 64 45 204
235 91 15 319
244 64 37 240
246 119 57 416
251 91 7 257
252 119 31 210
256 91 51 393
263 119 15 226
263 91 43 393
264 91 37 393
271 91 55 393
272 64 49 204
280 91 25 369
286 64 25 118
294 64 31 34
295 119 25 226
298 64 21 118
299 64 21 240
300 119 7 226
1 105 35 256
8 105 11 256
10 105 41 256
14 65 23 358
15 65 41 358
16 65 29 358
24 65 35 358
28 65 11 358
31 105 47 256
33 105 53 256
36 65 5 358
37 105 17 256
38 105 5 256
44 105 25 256
46 65 47 358
46 105 59 256
48 65 53 358
49 105 55 266
59 105 35 7
68 105 27 7
69 105 5 22
74 105 11 22
75 105 19 256
78 65 17 358
78 105 41 22
84 65 11 440
89 65 5 440
92 105 23 22
95 105 53 22
98 65 59 358
99 105 29 22
103 65 17 440
103 105 43 22
105 65 47 440
109 105 17 22
119 65 23 440
119 105 59 22
126 105 23 218
131 65 53 440
133 65 11 330
133 105 17 218
134 105 5 218
138 105 11 218
158 105 29 218
166 105 35 218
169 105 31 22
171 65 29 440
171 105 47 218
174 65 35 440
176 65 59 440
177 65 5 330
177 105 53 218
178 65 47 330
183 65 47 15
185 65 41 15
189 65 37 440
189 105 59 218
195 105 41 218
196 65 53 15
199 105 39 7
202 65 25 37
210 105 34 299
214 105 47 299
216 105 53 299
217 65 59 15
229 65 31 37
230 65 41 37
235 65 25 69
237 105 59 299
238 105 5 426
241 65 47 37
242 65 52 37
252 65 55 37
253 65 43 37
264 65 29 69
266 65 45 37
268 105 37 299
281 65 27 69
291 65 35 69
291 105 17 426
292 105 47 426
294 105 29 299
295 65 49 37
Điểm tối ưu: 4281
Thời gian: 0.748196 giây
Trạng thái: GREEDY_DONE
