613
3 3 1 38
3 19 7 4
4 19 1 4
6 19 13 4
7 3 7 38
7 19 19 4
7 24 1 16
9 19 25 4
9 30 1 34
10 3 13 38
11 3 19 38
11 24 7 16
12 19 31 4
13 19 37 4
13 24 13 16
13 30 7 34
14 19 43 4
14 24 19 16
15 3 25 38
16 3 31 38
16 19 49 4
16 24 25 16
17 3 37 38
18 3 43 38
18 19 55 4
18 30 13 34
19 30 19 34
21 3 49 38
22 3 55 38
23 24 31 16
25 24 37 16
25 30 25 34
26 24 43 16
28 30 31 34
29 24 49 16
30 30 37 34
31 24 55 16
32 30 43 34
38 30 49 34
41 30 55 34
1 33 1 42
1 41 4 29
1 18 7 35
2 2 1 47
3 33 13 42
3 41 16 29
3 18 19 35
4 2 7 47
4 18 10 35
6 33 4 42
6 2 10 47
8 41 1 29
8 18 4 35
9 33 7 42
9 18 13 35
10 33 10 42
10 2 4 47
11 41 13 29
12 2 13 47
12 41 7 29
12 18 1 35
13 41 19 29
13 18 22 35
14 33 16 42
14 2 25 47
16 2 16 47
17 2 19 47
17 33 22 42
18 41 10 29
19 2 28 47
20 18 16 35
21 2 22 47
22 41 22 29
22 18 25 35
23 33 19 42
23 18 28 35
24 33 25 42
24 41 28 29
25 41 31 29
26 33 28 42
26 2 31 47
27 2 34 47
27 41 25 29
28 33 37 42
28 18 40 35
29 41 34 29
29 18 31 35
30 41 43 29
31 2 37 47
33 2 40 47
33 18 34 35
33 33 31 42
34 2 43 47
34 41 37 29
34 18 46 35
35 33 34 42
35 18 37 35
36 41 40 29
37 33 40 42
37 41 46 29
37 18 43 35
38 2 46 47
38 18 55 35
39 2 49 47
39 41 52 29
39 18 58 35
40 18 49 35
41 33 43 42
41 41 49 29
41 18 52 35
42 2 52 47
42 41 55 29
43 33 46 42
44 2 55 47
44 33 49 42
44 41 58 29
45 33 52 42
46 33 55 42
1 14 13 18
1 28 19 11
2 39 7 15
2 12 13 22
2 14 19 18
3 39 25 15
3 28 31 11
4 14 25 18
5 12 1 22
5 14 7 18
5 22 13 32
5 28 25 11
6 12 19 22
6 28 37 11
7 39 13 15
7 28 43 11
8 22 7 32
8 28 13 11
9 12 31 22
9 22 19 32
10 12 25 22
10 22 31 32
11 12 37 22
11 14 1 18
12 39 19 15
13 12 43 22
14 12 7 22
14 14 31 18
14 22 1 32
15 12 49 22
16 28 1 11
17 12 55 22
17 28 7 11
18 22 25 32
19 39 1 15
19 22 37 32
19 28 49 11
20 39 31 15
20 28 55 11
21 39 37 15
21 14 43 18
21 28 1 27
22 39 43 15
23 39 49 15
23 14 37 18
23 28 7 27
25 39 55 15
26 14 49 18
26 22 55 32
27 14 55 18
29 14 1 31
29 28 13 27
31 14 7 31
31 22 43 32
32 14 13 31
32 22 49 32
32 28 19 27
34 22 1 43
35 14 19 31
35 22 7 43
36 22 13 43
36 28 25 27
37 14 25 31
38 14 31 31
38 22 19 43
38 28 37 27
39 22 25 43
39 28 31 27
40 14 37 31
41 22 31 43
42 22 37 43
43 28 49 27
45 22 43 43
46 14 43 31
1 10 10 14
1 13 25 6
2 35 4 19
2 10 25 14
2 13 28 6
3 35 22 19
3 13 37 6
4 13 13 6
4 25 43 27
5 35 19 19
6 10 1 14
8 13 19 6
8 25 46 27
9 10 16 14
9 13 10 6
10 10 7 14
11 10 28 14
12 10 4 14
12 13 16 6
13 35 1 19
14 13 40 6
15 25 55 27
16 25 58 27
17 10 13 14
17 13 1 6
18 13 4 6
20 35 7 19
20 10 19 14
20 13 22 6
21 35 10 19
22 35 13 19
23 13 43 6
24 35 16 19
24 10 22 14
25 13 7 6
27 13 31 6
27 10 37 14
28 35 25 19
28 10 43 14
28 13 46 6
29 35 28 19
29 10 40 14
30 10 31 14
30 13 34 6
30 35 46 19
32 35 31 19
32 13 55 6
33 13 49 6
33 35 37 19
34 13 52 6
35 35 40 19
35 10 46 14
35 13 58 6
36 10 34 14
37 10 49 14
39 35 43 19
42 10 58 14
43 10 55 14
44 10 52 14
45 35 34 19
45 10 1 25
45 13 49 31
1 43 17 23
2 43 11 23
3 8 5 17
3 17 11 1
4 17 5 1
6 8 7 17
7 17 17 1
8 8 11 17
9 17 23 1
10 43 1 23
11 8 16 17
12 8 23 17
12 43 25 23
13 17 25 1
14 17 13 1
15 43 3 23
16 8 9 17
16 17 7 1
17 8 25 17
17 17 27 1
18 43 7 23
18 17 1 1
19 8 13 17
21 17 15 1
22 8 1 17
22 17 3 1
23 8 3 17
23 17 35 1
24 8 19 17
24 17 9 1
25 8 21 17
25 17 19 1
26 8 34 17
26 17 21 1
27 8 28 17
27 43 5 23
29 8 37 17
29 17 43 1
30 17 29 1
31 43 13 23
32 8 39 17
33 8 43 17
33 17 45 1
34 8 31 17
35 8 49 17
35 43 15 23
35 17 31 1
36 17 37 1
37 8 52 17
37 17 33 1
38 17 41 1
39 17 39 1
40 8 41 17
40 43 9 23
42 8 45 17
42 17 47 1
43 43 19 23
43 17 53 1
44 8 47 17
44 43 21 23
45 43 23 23
46 43 27 23
1 32 49 1
3 16 55 1
4 16 19 48
4 32 31 5
5 32 37 5
5 16 31 48
6 32 25 5
6 16 43 48
7 32 49 5
8 32 55 5
8 16 25 48
9 32 43 5
9 16 37 48
10 32 19 5
10 16 49 48
12 16 55 48
15 16 7 48
15 32 13 5
17 32 31 36
20 16 1 48
21 32 25 36
22 32 7 5
23 32 13 36
27 16 13 48
29 32 7 36
32 32 1 5
37 32 1 36
40 32 19 36
45 32 37 36
3 11 40 12
5 11 22 12
6 11 31 12
7 11 25 12
8 11 34 12
12 11 10 12
15 11 19 12
16 11 13 12
17 11 4 12
20 11 28 12
25 11 1 12
27 11 7 12
29 11 45 12
34 11 16 12
35 11 51 12
39 11 55 12
40 11 58 12
46 11 37 12
1 40 23 8
1 27 29 5
2 36 43 12
2 21 17 4
3 36 49 12
3 7 29 8
3 40 35 8
4 7 16 8
4 21 23 4
4 27 35 5
4 40 37 8
5 36 5 15
5 7 11 8
5 21 29 4
6 40 41 8
7 27 5 5
8 40 31 8
8 27 17 5
9 36 29 15
9 7 5 8
9 40 47 8
10 36 17 15
11 36 11 15
11 40 25 8
13 36 35 15
13 40 27 8
14 27 11 5
15 7 1 8
15 21 5 4
15 27 23 5
15 36 41 15
15 40 33 8
16 36 23 15
16 40 19 8
16 27 41 5
17 40 43 8
19 40 7 8
19 21 11 4
20 36 47 15
20 7 13 8
20 40 39 8
20 27 53 5
21 21 35 4
21 27 47 5
23 40 53 8
23 21 41 4
24 36 53 15
24 40 3 8
24 21 47 4
25 21 53 4
26 36 59 15
26 21 1 46
27 7 21 8
27 21 59 4
28 7 9 8
28 27 59 5
29 40 55 8
29 21 5 46
30 7 49 8
30 21 3 46
30 27 5 34
30 40 51 8
31 21 11 46
32 7 58 8
33 27 11 34
33 36 1 21
34 27 23 34
35 7 1 13
36 40 45 8
37 36 5 21
37 27 17 34
38 36 3 21
39 36 7 21
39 40 1 45
40 36 11 21
40 7 3 13
40 21 7 46
41 27 29 34
42 36 9 21
42 21 13 46
43 40 3 45
44 7 5 13
44 21 9 46
44 27 35 34
44 36 13 21
44 40 7 45
45 40 5 45
46 36 15 21
46 40 9 45
1 37 31 30
1 15 37 3
1 29 43 10
2 34 37 30
2 42 31 23
2 29 49 10
3 4 43 30
4 34 49 30
4 37 55 30
5 4 43 36
5 37 55 31
5 26 49 19
6 4 49 36
6 15 55 3
7 4 55 36
8 34 37 45
8 42 49 23
10 34 43 45
10 42 37 23
11 42 43 23
11 29 31 10
12 4 27 30
12 15 43 3
13 42 55 23
13 29 31 24
14 34 49 45
17 29 45 24
18 34 19 30
19 4 15 30
19 15 31 3
19 29 55 10
20 29 49 24
22 34 31 45
22 15 49 3
22 29 37 10
23 29 55 24
24 34 55 45
25 29 13 10
26 4 3 30
26 37 7 30
26 15 13 3
26 29 37 24
27 29 1 10
28 34 13 45
28 15 1 3
29 34 19 45
30 15 7 3
30 26 55 19
31 34 25 45
31 29 19 10
33 15 19 3
33 29 7 10
34 29 25 10
35 15 25 3
40 29 13 24
42 29 1 24
44 29 25 24
45 29 7 24
46 29 19 24
1 5 55 21
2 5 45 21
2 20 55 9
6 5 34 21
7 20 28 9
9 5 49 21
9 20 52 9
10 5 58 21
10 20 55 41
11 20 49 9
12 5 37 21
14 5 28 21
15 20 37 9
16 20 43 9
18 5 31 21
19 20 25 9
21 5 19 21
21 20 7 9
24 5 40 21
24 20 13 9
25 20 4 9
30 20 16 9
32 20 10 9
33 5 25 21
33 20 58 9
37 5 22 21
39 20 19 9
40 5 52 21
41 20 1 9
42 20 22 9
43 20 31 9
1 1 35 2
1 23 41 7
2 9 35 9
2 23 23 7
3 38 47 7
4 1 29 2
4 9 40 9
4 38 53 7
6 1 17 2
6 38 29 7
7 9 47 9
7 23 11 7
8 9 23 22
9 9 35 22
9 23 55 7
11 1 5 2
11 9 41 22
11 23 35 7
12 38 49 7
12 9 47 22
12 23 51 7
13 9 5 22
14 9 53 22
14 23 5 7
15 1 11 2
15 9 17 22
15 38 31 7
17 1 41 2
17 38 16 7
17 23 59 7
18 23 37 7
21 1 13 2
22 1 19 2
22 9 11 22
22 23 5 24
23 1 1 2
26 9 11 33
26 23 19 7
27 9 17 33
28 38 7 7
28 9 29 22
29 1 23 2
29 9 59 22
30 1 21 2
30 23 1 7
31 9 1 33
32 38 25 7
33 9 3 33
33 23 13 7
33 38 5 25
34 38 9 7
35 1 3 2
36 9 5 33
36 23 3 7
37 1 7 2
37 9 9 33
38 1 9 2
38 38 27 7
38 23 43 7
39 38 9 25
39 23 11 24
40 9 23 33
41 38 21 7
41 9 7 33
42 9 15 33
43 1 15 2
43 9 13 33
43 23 39 7
44 9 19 33
44 23 33 7
46 9 25 33
Điểm tối ưu: 613
Thời gian: 0.057322 giây
Trạng thái: GREEDY_DONE
