756
1 32 1 43
1 2 7 23
1 4 13 49
1 8 19 6
2 19 1 111
2 22 7 76
2 24 13 59
3 32 7 43
3 4 1 49
3 19 13 111
3 20 19 77
3 22 25 76
4 32 13 43
4 2 1 23
4 4 7 49
4 22 19 76
4 24 25 59
5 32 19 43
5 8 1 6
5 19 7 111
6 2 13 23
6 19 19 111
6 22 1 76
6 24 7 59
7 20 1 77
7 22 13 76
8 8 7 6
8 20 13 77
9 32 25 43
9 4 19 49
9 19 31 111
9 20 7 77
9 22 37 76
9 24 1 59
10 2 19 23
10 8 13 6
10 19 25 111
10 20 31 77
10 24 37 59
11 32 31 43
11 4 25 49
11 19 37 111
11 22 43 76
11 24 19 59
12 2 25 23
12 8 31 6
12 20 37 77
12 22 49 76
13 32 37 43
13 2 31 23
13 4 43 49
13 8 25 6
13 19 49 111
13 22 55 76
14 2 37 23
14 8 43 6
14 19 55 111
14 24 31 59
15 32 43 43
15 2 49 23
15 20 25 77
15 24 55 59
16 32 49 43
16 8 37 6
16 19 43 111
16 20 55 77
17 2 43 23
17 8 49 6
18 8 55 6
18 20 43 77
18 22 31 76
19 20 49 77
19 24 43 59
20 32 55 43
20 4 31 49
20 24 49 59
22 2 55 23
22 4 37 49
23 4 49 49
24 4 55 49
2 11 19 45
2 18 22 47
2 25 25 103
2 28 28 117
3 10 31 24
3 11 34 45
3 28 37 117
4 11 31 45
4 28 34 117
5 10 13 24
5 11 16 45
5 28 25 117
6 10 25 24
6 18 28 47
6 28 31 117
7 11 7 45
7 18 10 47
7 25 19 103
7 28 22 117
8 10 1 24
8 25 4 103
8 28 19 117
9 25 13 103
10 10 4 24
10 18 1 47
11 11 1 45
11 18 4 47
11 25 7 103
11 28 10 117
12 18 7 47
12 25 1 103
12 28 4 117
14 10 7 24
14 11 4 45
14 25 10 103
15 10 10 24
16 18 13 47
16 28 1 117
17 10 16 24
17 11 10 45
18 10 19 24
19 10 22 24
19 25 16 103
19 28 7 117
20 25 22 103
20 28 13 117
21 10 28 24
21 28 16 117
22 10 34 24
22 11 13 45
22 28 43 117
23 10 37 24
23 28 40 117
24 18 16 47
24 25 28 103
25 10 40 24
25 25 31 103
25 28 46 117
26 10 43 24
26 11 22 45
26 18 19 47
26 28 49 117
27 10 46 24
27 18 25 47
27 25 34 103
28 11 25 45
28 18 31 47
28 25 37 103
29 10 49 24
29 25 40 103
29 28 52 117
30 11 28 45
30 28 55 117
31 10 52 24
31 18 34 47
32 10 55 24
32 11 37 45
32 18 40 47
32 25 43 103
32 28 58 117
33 10 58 24
33 18 37 47
33 25 46 103
34 11 40 45
34 18 43 47
35 18 46 47
36 25 49 103
37 11 43 45
37 25 52 103
38 11 46 45
38 18 49 47
38 25 55 103
39 18 52 47
40 11 49 45
40 25 58 103
43 11 52 45
44 11 55 45
44 18 58 47
45 11 58 45
45 18 55 47
1 15 5 106
1 26 11 13
2 7 5 23
2 15 11 106
2 26 17 13
3 7 11 23
3 15 17 106
4 7 17 23
4 15 23 106
4 26 5 13
5 15 28 106
5 23 5 7
5 26 23 13
7 7 29 23
8 15 25 106
9 7 23 23
9 23 11 7
10 15 7 106
11 7 35 23
12 7 41 23
13 7 47 23
13 26 1 13
14 15 1 106
14 23 13 7
15 7 53 23
16 7 59 23
17 15 3 106
18 15 9 106
18 26 3 13
19 23 1 7
19 26 13 13
20 15 19 106
20 23 3 7
21 15 13 106
21 26 7 13
25 26 9 13
26 26 15 13
28 23 7 7
28 26 19 13
29 15 15 106
29 26 21 13
30 15 21 106
30 23 9 7
31 15 31 106
31 26 25 13
32 15 33 106
33 15 35 106
33 26 27 13
34 23 15 7
35 23 17 7
35 26 29 13
36 23 19 7
36 26 31 13
37 15 37 106
37 23 21 7
37 26 33 13
38 26 35 13
39 15 39 106
40 15 41 106
40 23 23 7
40 26 37 13
41 26 39 13
42 15 43 106
42 26 41 13
44 26 43 13
45 15 45 106
45 26 47 13
46 23 25 7
46 26 45 13
47 15 47 106
48 23 27 7
48 26 49 13
49 15 49 106
49 23 29 7
50 26 51 13
51 23 31 7
51 26 53 13
54 15 51 106
54 23 33 7
55 23 35 7
56 15 53 106
56 23 37 7
57 15 55 106
57 26 57 13
58 23 39 7
59 26 55 13
60 23 41 7
61 26 59 13
62 23 43 7
63 15 57 106
64 15 59 106
65 23 45 7
66 23 47 7
72 23 49 7
73 23 51 7
74 23 53 7
1 27 25 28
3 5 43 54
3 27 49 28
4 27 37 28
5 5 31 54
6 27 43 28
7 5 25 54
7 27 31 28
9 5 49 54
10 5 9 54
11 27 13 28
12 5 13 54
12 27 19 28
14 5 19 54
15 5 1 54
16 5 7 75
17 5 37 54
17 27 55 28
18 27 13 98
19 5 55 54
19 27 3 28
21 5 1 75
22 27 7 28
24 5 19 75
24 27 1 98
25 5 13 75
27 5 37 75
28 5 43 75
28 27 9 98
29 27 25 98
30 27 31 98
32 5 25 75
33 27 19 98
34 5 31 75
35 5 49 75
36 5 55 75
38 27 37 98
39 27 43 98
41 27 49 98
42 27 55 98
1 16 31 25
4 16 43 25
4 30 46 79
5 16 37 25
5 30 40 79
6 16 34 25
7 16 40 25
7 30 37 79
8 16 22 25
8 30 27 79
9 30 16 79
11 16 49 25
11 30 52 79
12 30 10 79
13 30 3 79
14 16 15 25
16 16 4 25
16 30 19 79
17 30 7 79
18 16 25 25
20 30 43 79
21 30 22 79
23 30 13 79
26 30 31 79
29 16 1 25
30 16 46 25
31 16 7 25
31 30 49 79
32 16 10 25
33 16 52 25
34 16 19 25
35 30 34 79
36 30 1 94
38 30 58 79
40 30 55 79
41 16 28 25
43 30 4 94
44 30 7 94
45 30 10 94
47 30 13 94
48 16 55 25
48 30 16 94
49 16 58 25
49 30 19 94
50 30 22 94
52 30 25 94
55 30 28 94
57 30 31 94
58 30 34 94
60 30 37 94
61 30 40 94
62 30 45 94
63 30 49 94
65 30 52 94
69 30 55 94
71 30 58 94
1 3 17 56
1 6 23 52
1 9 29 116
1 12 34 80
2 9 31 116
2 12 37 80
2 31 33 67
3 6 5 52
3 9 23 116
4 9 11 116
5 6 11 52
6 3 5 56
6 6 17 52
6 9 37 116
6 12 11 80
7 31 5 67
8 6 31 52
8 9 17 116
9 6 29 52
9 9 5 116
9 12 41 80
10 3 23 56
10 9 35 116
10 12 17 80
11 31 17 67
12 3 29 56
12 9 43 116
13 9 7 116
13 31 9 67
14 3 25 56
14 9 27 116
15 3 7 56
15 6 13 52
15 9 15 116
15 12 5 80
15 31 19 67
16 3 11 56
16 9 25 116
17 3 1 56
17 6 19 52
17 31 13 67
18 3 35 56
18 6 1 52
18 12 7 80
18 31 11 67
19 3 19 56
19 9 33 116
20 12 1 80
21 3 9 56
21 6 25 52
21 31 31 67
22 6 3 52
22 12 19 80
23 3 3 56
23 6 7 52
23 31 1 67
24 6 9 52
24 9 13 116
24 12 23 80
24 31 7 67
25 6 21 52
25 9 1 116
26 6 27 52
26 9 3 116
26 12 9 80
27 3 13 56
27 6 15 52
27 9 9 116
27 12 3 80
28 31 3 67
29 3 31 56
29 6 33 52
29 9 19 116
30 3 15 56
30 9 39 116
30 12 13 80
31 6 37 52
31 9 21 116
31 12 15 80
31 31 23 67
32 3 21 56
32 6 35 52
32 31 15 67
33 6 40 52
33 12 25 80
34 3 27 56
34 6 46 52
34 9 49 116
34 31 25 67
35 6 43 52
35 12 21 80
36 12 27 80
37 3 39 56
37 9 41 116
37 12 29 80
38 3 33 56
39 3 37 56
39 12 31 80
39 31 21 67
40 6 52 52
40 12 39 80
41 3 41 56
41 6 55 52
41 31 35 67
42 3 45 56
42 6 49 52
43 9 45 116
43 31 27 67
45 12 43 80
45 31 29 67
46 6 57 52
46 12 47 80
48 12 45 80
49 9 47 116
50 3 43 56
50 12 49 80
51 6 59 52
51 12 51 80
51 31 37 67
52 31 39 67
53 3 47 56
53 6 1 28
53 9 51 116
53 12 53 80
54 3 49 56
54 12 55 80
54 31 41 67
55 6 11 28
55 9 53 116
55 12 57 80
55 31 43 67
56 6 17 28
56 9 55 116
56 12 59 80
57 9 59 116
57 12 1 95
58 6 23 28
58 12 3 95
59 3 51 56
59 12 5 95
59 31 45 67
60 9 57 116
60 12 7 95
61 9 1 64
61 31 47 67
62 3 53 56
62 6 29 28
63 3 55 56
63 6 35 28
63 9 3 64
63 12 9 95
63 31 52 67
64 3 57 56
64 9 5 64
65 6 41 28
65 9 7 64
66 12 11 95
66 31 49 67
67 3 59 56
67 6 47 28
68 6 53 28
68 9 9 64
69 6 59 28
69 12 13 95
70 12 15 95
71 12 17 95
71 31 55 67
73 9 11 64
73 12 19 95
74 9 13 64
74 12 21 95
75 9 15 64
76 12 23 95
76 31 57 67
77 9 17 64
77 12 25 95
78 12 27 95
79 9 19 64
79 12 29 95
1 14 37 8
2 14 40 8
3 14 55 8
8 14 33 8
11 14 58 8
14 14 49 8
16 14 16 8
20 14 7 8
24 14 25 8
27 14 19 8
28 14 13 8
29 14 4 8
31 14 1 8
34 14 10 8
37 14 46 8
38 14 22 8
40 14 28 8
41 14 43 8
42 14 52 8
45 14 1 85
47 14 4 85
49 14 7 85
50 14 10 85
53 14 13 85
54 14 16 85
58 14 19 85
64 14 22 85
68 14 25 85
69 14 28 85
73 14 31 85
74 14 34 85
75 14 37 85
2 17 43 62
10 17 46 62
13 17 13 62
15 17 21 62
16 17 27 62
18 17 37 62
19 17 10 62
22 17 16 62
23 17 31 62
25 17 3 62
26 17 34 62
27 17 49 62
28 17 40 62
30 17 52 62
34 17 7 62
41 17 57 62
42 17 1 73
43 17 7 73
44 17 4 73
47 17 10 73
49 17 13 73
53 17 16 73
55 17 19 73
56 17 22 73
57 17 25 73
58 17 28 73
60 17 31 73
62 17 34 73
63 17 37 73
64 17 40 73
65 17 49 73
66 17 43 73
71 17 46 73
72 17 52 73
76 17 1 10
77 17 55 73
78 17 58 73
79 17 4 10
80 17 7 10
4 1 29 15
6 1 23 15
7 1 17 15
8 1 11 15
10 1 41 15
13 1 19 15
14 1 35 15
15 1 31 15
17 1 5 15
20 1 25 15
21 1 33 15
22 1 1 15
24 1 37 15
26 1 7 15
27 1 43 15
29 1 9 15
30 1 3 15
31 1 13 15
33 1 15 15
37 1 27 15
38 1 52 15
39 1 47 15
42 1 21 15
47 1 39 15
48 1 58 15
50 1 45 15
52 1 49 15
53 1 55 15
55 1 1 63
56 1 3 63
57 1 5 63
60 1 9 63
61 1 7 63
63 1 11 63
64 1 13 63
65 1 15 63
67 1 17 63
68 1 19 63
72 1 21 63
74 1 23 63
78 1 25 63
5 13 35 37
7 13 43 37
8 13 37 37
9 13 45 37
16 13 22 37
17 13 25 37
19 13 27 37
23 13 5 37
25 13 7 37
26 13 1 37
27 13 11 37
28 13 16 37
35 13 3 37
37 13 9 37
39 13 13 37
40 13 19 37
42 13 29 37
45 13 31 37
54 13 39 37
56 13 33 37
57 13 41 37
58 13 47 37
61 13 49 37
62 13 51 37
64 13 53 37
66 13 55 37
67 13 57 37
70 13 59 37
76 13 4 51
1 21 40 53
5 21 43 53
8 21 46 53
10 21 49 53
12 21 55 53
18 21 22 53
25 21 25 53
26 21 37 53
28 21 28 53
31 21 4 53
32 21 1 53
33 21 7 53
35 21 10 53
36 21 13 53
38 21 16 53
42 21 31 53
43 21 19 53
45 21 34 53
47 21 52 53
51 21 1 91
56 21 7 91
58 21 58 53
59 21 10 91
60 21 4 91
65 21 19 91
68 21 13 91
72 21 16 91
73 21 22 91
74 21 25 91
77 21 28 91
79 21 31 91
80 21 34 91
1 29 43 5
6 29 39 5
7 29 49 5
8 29 55 5
12 29 45 69
13 29 21 5
20 29 27 5
21 29 37 69
23 29 9 5
24 29 31 5
26 29 55 69
28 29 21 69
31 29 27 69
35 29 13 5
36 29 7 69
37 29 1 5
38 29 1 69
40 29 13 69
43 29 31 69
46 29 49 69
47 29 19 81
49 29 1 81
50 29 13 81
51 29 7 81
54 29 25 81
55 29 31 81
61 29 43 81
63 29 13 83
70 29 37 81
72 29 55 81
75 29 49 81
78 29 1 83
Điểm tối ưu: 756
Thời gian: 0.058150 giây
Trạng thái: GREEDY_DONE
