2120
4 21 1 67
5 57 1 11
6 7 1 70
8 57 7 11
10 21 7 67
11 57 13 11
12 57 19 11
19 21 13 67
19 57 25 11
22 7 7 70
22 57 31 11
23 7 13 70
24 21 19 67
25 7 19 70
26 21 25 67
28 57 37 11
30 21 31 67
30 57 43 11
33 7 25 70
34 7 31 70
34 21 37 67
36 7 37 70
37 21 43 67
40 21 49 67
41 7 43 70
42 7 49 70
43 21 55 67
44 57 49 11
45 7 55 70
49 57 55 11
3 37 1 195
5 37 7 195
6 16 7 31
9 37 4 195
13 46 1 187
13 16 4 31
14 16 1 31
15 37 10 195
16 16 10 31
23 37 19 195
24 37 13 195
26 46 4 187
26 16 13 31
27 16 16 31
29 16 19 31
31 16 22 31
34 46 7 187
34 16 25 31
35 46 10 187
35 16 28 31
37 16 31 31
37 46 13 187
39 37 16 195
39 46 19 187
40 46 16 187
41 37 22 195
42 16 34 31
43 46 22 187
46 46 25 187
46 16 37 31
48 37 25 195
49 16 40 31
51 46 28 187
51 16 43 31
53 46 31 187
54 46 34 187
58 46 37 187
62 16 46 31
63 16 49 31
65 37 28 195
66 46 40 187
67 16 52 31
68 37 31 195
71 46 43 187
72 16 55 31
75 46 46 187
76 37 34 195
76 16 58 31
77 37 37 195
77 16 1 28
80 46 49 187
80 16 4 28
81 46 52 187
82 46 55 187
82 16 7 28
88 16 10 28
90 46 58 187
94 37 40 195
95 37 43 195
98 37 46 195
99 46 1 186
100 46 4 186
101 37 49 195
101 16 13 28
105 16 16 28
106 37 52 195
109 46 7 186
110 46 10 186
110 16 19 28
111 37 55 195
115 46 13 186
119 46 16 186
120 16 22 28
123 46 19 186
127 46 22 186
128 46 25 186
131 37 58 195
132 46 28 186
133 16 25 28
134 37 1 222
135 37 4 222
135 46 31 186
135 16 28 28
138 37 7 222
139 46 34 186
140 46 37 186
142 46 40 186
145 16 31 28
149 16 34 28
149 46 43 186
150 46 46 186
9 30 1 57
12 30 3 57
15 30 5 57
16 30 7 57
17 30 9 57
29 30 11 57
46 30 13 57
59 30 15 57
60 30 17 57
86 30 19 57
87 30 21 57
93 30 23 57
101 30 25 57
112 30 27 57
113 30 29 57
114 30 31 57
115 30 33 57
116 30 35 57
121 30 37 57
123 30 39 57
124 30 41 57
132 30 43 57
133 30 45 57
135 30 47 57
140 30 49 57
148 30 51 57
3 9 4 152
6 9 10 152
7 9 1 152
9 9 7 152
10 9 13 152
13 9 15 152
16 9 17 152
20 9 19 152
26 9 21 152
28 9 23 152
35 9 25 152
55 9 27 152
58 9 29 152
59 9 31 152
62 9 33 152
63 9 35 152
69 9 37 152
82 9 39 152
83 9 41 152
98 9 43 152
101 9 45 152
102 9 47 152
106 9 49 152
108 9 51 152
110 9 53 152
111 9 58 152
115 9 55 152
118 9 1 146
120 9 3 146
125 9 5 146
128 9 7 146
129 9 9 146
130 9 11 146
131 9 13 146
132 9 15 146
134 9 17 146
139 9 19 146
142 9 21 146
145 9 23 146
146 9 25 146
147 9 27 146
4 26 7 223
5 26 10 223
8 26 1 223
17 26 4 223
20 26 13 223
24 26 16 223
27 26 19 223
29 26 22 223
30 26 25 223
33 26 31 223
39 26 28 223
40 26 34 223
51 26 37 223
53 26 40 223
60 26 43 223
62 26 49 223
69 26 46 223
70 26 52 223
73 26 55 223
74 26 58 223
83 26 1 167
86 26 4 167
88 26 7 167
91 26 10 167
100 26 13 167
103 26 16 167
105 26 19 167
111 26 22 167
114 26 25 167
128 26 28 167
134 26 31 167
140 26 34 167
141 26 37 167
142 26 43 167
1 6 1 142
1 17 7 123
5 17 13 123
6 17 19 123
8 17 25 123
13 6 7 142
15 6 13 142
16 17 1 123
17 17 31 123
18 17 37 123
23 6 25 142
24 6 31 142
27 6 37 142
29 17 43 123
31 6 43 142
32 6 19 142
33 17 49 123
34 17 55 123
35 17 1 38
36 6 49 142
38 17 7 38
41 17 13 38
45 6 1 216
51 6 55 142
52 6 7 216
55 17 19 38
57 17 25 38
58 6 13 216
59 17 33 38
67 17 37 38
69 17 49 38
71 17 55 38
73 6 19 216
74 17 43 38
77 6 25 216
78 6 31 216
82 6 43 216
83 6 37 216
84 6 49 216
84 17 37 28
86 6 55 216
87 17 43 28
90 6 1 219
93 6 7 219
93 17 49 28
96 6 13 219
99 17 55 28
101 17 1 72
102 17 7 72
104 17 13 72
107 6 19 219
107 17 25 72
108 17 19 72
109 6 25 219
109 17 31 72
110 6 31 219
110 17 37 72
111 6 37 219
114 6 43 219
115 6 49 219
116 6 55 219
117 17 43 72
122 6 1 162
127 6 7 162
127 17 49 72
129 6 13 162
132 6 19 162
133 17 55 72
139 6 25 162
147 6 31 162
150 6 37 162
5 28 5 41
7 28 3 41
17 28 1 41
19 28 7 41
22 28 11 41
27 28 9 41
30 28 13 41
32 28 15 41
38 28 17 41
50 28 19 41
61 28 21 41
68 28 23 41
69 28 25 41
74 28 27 41
79 28 29 41
80 28 31 41
86 28 33 41
93 28 35 41
95 28 37 41
98 28 39 41
99 28 41 41
105 28 43 41
106 28 45 41
110 28 47 41
112 28 49 41
113 28 51 41
124 28 53 41
125 28 55 41
131 28 1 112
133 28 59 41
134 28 57 41
136 28 3 112
137 28 5 112
146 28 7 112
150 28 9 112
2 36 1 83
8 1 4 144
9 1 9 144
11 1 1 144
13 1 19 144
13 36 22 83
15 1 22 144
16 1 13 144
24 1 25 144
24 36 4 83
25 36 7 83
26 36 10 83
28 1 16 144
30 1 28 144
30 36 15 83
34 36 19 83
37 36 25 83
38 1 31 144
40 1 37 144
45 1 34 144
45 36 28 83
47 1 40 144
47 36 31 83
48 1 43 144
48 36 34 83
50 36 37 83
51 1 46 144
52 36 40 83
53 1 49 144
54 1 52 144
54 36 43 83
59 1 55 144
60 1 58 144
60 36 46 83
61 1 1 81
61 36 49 83
63 1 4 81
63 36 52 83
65 1 7 81
66 1 10 81
71 1 13 81
71 36 1 126
73 1 16 81
74 36 55 83
76 36 4 126
77 1 19 81
78 36 58 83
79 36 7 126
82 1 22 81
83 36 10 126
86 1 25 81
88 1 28 81
90 36 13 126
92 36 16 126
97 1 31 81
99 1 34 81
105 1 37 81
106 1 40 81
106 36 19 126
107 36 31 126
108 1 43 81
109 36 22 126
110 36 25 126
112 36 34 126
113 1 46 81
116 36 28 126
119 1 49 81
121 36 39 126
122 1 52 81
124 36 43 126
129 36 46 126
133 36 49 126
134 1 4 93
137 36 52 126
140 36 55 126
141 1 55 81
141 36 58 126
144 1 58 81
148 1 1 93
148 36 4 58
1 59 13 129
2 59 7 129
16 59 19 129
23 59 1 129
25 59 25 129
26 59 31 129
28 59 43 129
35 59 37 129
44 59 55 129
45 59 49 129
49 59 1 143
54 59 7 143
56 59 13 143
57 59 19 143
59 59 25 143
61 59 31 143
66 59 43 143
68 59 37 143
69 59 55 143
72 59 49 143
88 59 1 36
96 59 7 36
103 59 19 36
105 59 25 36
107 59 13 36
109 59 37 36
112 59 43 36
113 59 31 36
115 59 57 36
117 59 49 36
119 59 1 59
122 59 7 59
125 59 13 59
128 59 19 59
131 59 25 59
137 59 31 59
139 59 37 59
140 59 43 59
141 59 49 59
146 59 55 59
1 18 5 52
4 12 5 32
8 12 11 32
8 18 13 52
9 18 15 52
11 18 7 52
16 18 23 52
17 18 11 52
19 18 1 52
20 12 1 32
20 18 3 52
21 18 9 52
22 18 17 52
23 12 7 32
24 18 28 52
26 12 16 32
29 12 3 32
30 12 9 32
31 12 13 32
33 18 19 52
34 12 22 32
37 18 21 52
39 12 25 32
39 18 31 52
40 12 19 32
42 12 27 32
44 12 29 32
46 18 33 52
52 18 25 52
53 18 35 52
56 18 37 52
57 18 39 52
59 12 37 32
61 12 35 32
64 18 41 52
67 18 43 52
70 18 45 52
71 18 47 52
72 12 31 32
72 18 53 52
75 12 33 32
76 18 49 52
78 18 51 52
79 18 55 52
81 12 39 32
83 18 57 52
85 18 59 52
86 18 1 103
87 12 41 32
89 12 43 32
89 18 3 103
96 18 5 103
97 12 45 32
98 12 49 32
101 12 47 32
103 18 7 103
104 12 51 32
106 12 55 32
108 18 9 103
116 12 53 32
118 12 57 32
118 18 11 103
120 12 59 32
125 18 17 103
131 12 3 95
131 18 15 103
132 18 13 103
138 18 19 103
140 12 1 95
147 18 21 103
148 18 23 103
150 12 5 95
2 34 4 40
3 34 7 40
6 19 5 61
10 19 1 61
13 19 11 61
18 19 3 61
20 19 7 61
21 34 1 40
22 19 13 61
25 34 10 40
25 19 15 61
27 34 13 40
29 19 9 61
31 19 17 61
33 19 21 61
38 34 15 40
38 19 19 61
39 19 23 61
40 34 21 40
41 34 17 40
42 34 19 40
42 19 25 61
44 19 27 61
45 19 31 61
46 19 29 61
47 34 23 40
56 34 25 40
61 19 37 61
64 19 33 61
66 34 27 40
72 34 29 40
78 19 35 61
79 19 39 61
80 19 41 61
81 34 31 40
82 19 47 61
83 19 43 61
85 19 45 61
86 19 49 61
90 19 51 61
93 34 33 40
93 19 53 61
94 34 35 40
94 19 55 61
95 34 39 40
97 34 37 40
100 34 41 40
101 34 43 40
101 19 57 61
104 34 45 40
105 19 59 61
106 34 47 40
108 19 1 106
109 34 49 40
110 19 3 106
113 34 53 40
114 34 51 40
115 34 1 80
116 34 59 40
119 34 55 40
119 19 5 106
120 34 57 40
121 34 3 80
121 19 7 106
123 34 5 80
124 34 7 80
125 34 9 80
126 34 11 80
126 19 9 106
127 19 11 106
130 19 13 106
133 34 13 80
135 19 15 106
139 19 17 106
141 19 19 106
145 34 15 80
146 34 17 80
147 34 19 80
2 35 13 2
3 35 9 2
5 35 19 2
6 27 13 10
7 27 7 10
10 27 3 10
15 35 1 2
16 27 25 10
18 27 19 10
20 35 25 2
22 27 37 10
23 35 31 2
24 35 37 2
24 27 43 10
25 27 31 10
27 35 43 2
28 35 49 2
29 35 55 2
29 27 49 10
34 35 1 20
35 27 55 10
39 27 1 90
41 35 7 20
43 35 13 20
46 27 7 90
47 35 19 20
47 27 13 90
48 35 37 20
50 35 25 20
50 27 21 90
55 35 31 20
55 27 37 90
56 35 43 20
56 27 27 90
60 27 31 90
62 35 55 20
68 35 49 20
69 35 7 58
69 27 1 108
71 35 19 58
71 27 49 90
75 27 55 90
84 35 13 58
89 27 45 90
93 27 13 108
94 27 7 108
95 35 25 58
98 27 19 108
102 27 25 108
105 35 31 58
107 35 37 58
115 35 43 58
117 35 55 58
119 27 31 108
120 27 37 108
121 35 49 58
122 35 13 100
124 27 49 108
125 27 43 108
126 35 1 100
131 27 7 133
132 27 55 108
134 35 7 100
134 27 13 133
137 35 19 100
138 35 25 100
139 27 1 133
144 27 19 133
145 27 25 133
148 27 31 133
149 35 37 100
150 35 31 100
1 49 19 79
4 49 10 79
4 60 13 62
5 60 25 62
7 60 16 62
9 60 19 62
11 60 4 62
12 60 7 62
15 49 7 79
16 49 31 79
17 60 22 62
17 49 13 79
18 49 16 79
18 60 10 62
20 49 22 79
22 49 1 79
23 60 37 62
28 60 1 62
29 49 25 79
30 49 4 79
32 49 28 79
32 60 31 62
34 49 43 79
35 49 34 79
36 60 28 62
38 49 37 79
40 60 40 62
43 60 34 62
45 49 40 79
47 49 46 79
48 60 46 62
49 60 43 62
50 49 49 79
52 49 52 79
58 49 55 79
58 60 49 62
59 49 58 79
62 49 7 95
62 60 52 62
64 49 10 95
66 49 13 95
67 49 16 95
69 49 19 95
71 49 25 95
73 60 58 62
75 49 22 95
75 60 1 182
76 49 28 95
77 49 31 95
79 49 34 95
79 60 4 182
80 49 37 95
82 49 49 95
84 60 55 62
85 49 40 95
89 60 7 182
90 49 43 95
92 49 46 95
93 49 55 95
94 49 52 95
94 60 13 182
96 60 19 182
98 60 10 182
100 49 58 95
100 60 16 182
102 60 22 182
103 49 25 103
106 60 25 182
111 60 28 182
113 60 37 182
117 49 28 103
117 60 31 182
118 60 34 182
121 60 43 182
123 60 46 182
127 60 40 182
129 60 49 182
132 60 52 182
133 49 31 103
140 60 58 182
141 60 1 98
142 60 55 182
143 49 34 103
147 60 4 98
1 5 11 87
2 5 17 87
2 8 11 50
4 5 19 87
6 5 23 87
7 8 5 50
8 8 15 50
9 5 13 87
15 5 25 87
17 5 7 87
18 5 1 87
18 8 7 50
19 8 3 50
21 5 3 87
32 8 1 50
33 8 9 50
36 5 5 87
38 8 13 50
39 8 33 50
40 8 23 50
42 5 9 87
45 8 17 50
48 5 15 87
48 8 19 50
49 5 21 87
53 8 21 50
57 5 29 87
61 5 27 87
64 5 31 87
67 5 33 87
71 5 35 87
74 5 37 87
76 8 25 50
79 5 41 87
80 5 43 87
82 8 27 50
83 5 45 87
84 5 47 87
85 5 49 87
85 8 29 50
87 5 39 87
88 8 31 50
89 5 51 87
89 8 35 50
92 8 37 50
97 5 53 87
99 5 59 87
101 8 39 50
102 5 55 87
102 8 41 50
104 8 43 50
108 5 57 87
109 5 1 210
112 8 47 50
113 8 49 50
114 5 3 210
115 8 53 50
118 5 5 210
120 5 7 210
122 8 45 50
126 8 51 50
128 5 9 210
130 5 15 210
131 5 11 210
132 5 17 210
135 8 55 50
137 8 57 50
138 5 13 210
138 8 59 50
140 8 3 134
142 5 19 210
142 8 1 134
144 8 5 134
145 5 21 210
146 5 23 210
146 8 9 134
147 8 7 134
1 45 25 102
2 45 19 102
4 45 31 102
9 45 37 102
10 48 15 201
11 48 9 201
12 45 13 102
13 45 43 102
14 48 19 201
18 48 25 201
21 48 31 201
28 45 7 102
32 45 3 102
34 45 49 102
35 48 43 201
38 48 1 201
39 45 55 102
41 45 1 208
43 48 37 201
47 45 7 208
50 45 13 208
52 45 19 208
53 45 25 208
54 45 37 208
58 45 31 208
63 48 55 201
65 45 43 208
66 48 49 201
67 48 1 99
69 48 13 99
72 45 1 37
74 48 7 99
78 45 7 37
78 48 19 99
80 45 55 208
81 48 25 99
82 45 13 37
83 45 49 208
85 45 19 37
87 45 25 37
87 48 31 99
90 45 31 37
91 45 37 37
94 45 43 37
95 48 49 99
96 48 37 99
97 45 49 37
97 48 55 99
99 48 43 99
100 45 7 171
110 45 55 37
111 45 1 171
112 48 1 18
113 45 13 171
116 45 19 171
117 48 7 18
118 48 13 18
121 45 25 171
122 45 31 171
122 48 19 18
125 45 37 171
128 48 31 18
132 45 45 171
136 45 49 171
136 48 25 18
138 45 55 171
138 48 37 18
140 48 51 18
141 45 7 184
141 48 43 18
146 45 1 184
146 48 13 75
147 48 55 18
149 45 13 184
2 10 25 197
6 10 28 197
8 43 19 137
14 43 4 137
15 43 27 137
21 43 13 137
23 10 9 197
31 10 1 197
32 10 34 197
33 10 4 197
39 43 7 137
41 43 31 137
42 10 13 197
42 43 1 137
44 43 10 137
45 10 19 197
46 43 16 137
47 43 34 137
48 10 22 197
51 43 22 137
54 43 46 137
55 43 43 137
56 43 39 137
59 10 39 197
60 43 49 137
61 10 16 197
62 43 1 35
63 10 31 197
63 43 7 35
65 10 49 197
66 43 55 137
67 43 58 137
69 43 22 35
71 10 4 74
71 43 10 35
74 43 52 137
78 10 43 197
79 10 46 197
87 10 52 197
89 43 13 35
95 10 55 197
96 43 25 35
97 43 4 35
101 10 7 74
102 43 16 35
104 10 58 197
110 43 28 35
111 10 10 74
112 43 19 35
114 10 13 74
115 10 16 74
120 43 31 35
121 43 34 35
124 10 1 74
125 43 49 35
125 10 19 74
127 43 37 35
129 10 22 74
131 10 31 74
131 43 40 35
134 43 43 35
136 10 34 74
140 10 25 74
143 10 28 74
144 43 46 35
145 10 37 74
146 10 40 74
148 43 55 35
150 43 52 35
3 2 13 225
3 58 15 185
5 58 17 185
10 2 11 225
10 58 19 185
14 2 7 225
15 58 31 185
17 2 16 225
17 58 25 185
19 2 5 225
21 2 19 225
23 2 22 225
24 2 1 225
25 2 3 225
26 58 1 185
27 2 25 225
27 58 3 185
29 58 5 185
30 58 7 185
33 58 11 185
36 2 9 225
36 58 13 185
37 2 28 225
41 58 27 185
43 58 9 185
44 58 21 185
45 2 37 225
45 58 23 185
46 58 35 185
47 2 43 225
48 2 31 225
49 58 29 185
50 2 33 225
51 2 35 225
52 58 33 185
53 2 45 225
56 2 47 225
57 2 41 225
58 58 40 185
62 2 39 225
63 58 37 185
68 2 53 225
68 58 43 185
70 58 47 185
73 2 49 225
74 2 1 97
75 58 49 185
77 2 51 225
79 2 57 225
81 58 45 185
86 58 51 185
91 58 53 185
96 58 55 185
97 58 59 185
99 58 5 20
100 2 55 225
100 58 11 20
105 2 3 97
106 2 59 225
107 2 5 97
108 2 7 97
108 58 17 20
109 2 10 97
112 2 13 97
112 58 57 185
113 58 23 20
115 58 29 20
119 2 19 97
120 2 15 97
123 58 35 20
124 2 17 97
131 58 47 20
132 2 23 97
135 58 41 20
136 2 21 97
136 58 53 20
137 2 25 97
137 58 59 20
138 2 29 97
139 2 31 97
139 58 5 30
142 58 3 30
143 2 37 97
147 2 35 97
148 2 27 97
149 58 1 30
2 47 23 96
6 47 17 96
6 52 25 45
7 47 11 96
12 47 1 96
12 52 5 45
19 47 9 96
19 52 11 45
20 47 5 96
20 52 9 45
22 52 15 45
23 47 29 96
24 52 7 45
25 52 1 45
27 47 7 96
30 52 19 45
31 52 27 45
32 52 13 45
33 52 17 45
36 47 3 96
40 52 3 45
46 47 19 96
50 47 31 96
50 52 29 45
52 52 23 45
53 47 13 96
55 52 35 45
57 52 31 45
61 47 25 96
62 47 15 96
62 52 21 45
64 52 37 45
67 47 21 96
68 52 41 45
69 47 27 96
69 52 33 45
70 47 33 96
72 47 35 96
73 52 39 45
74 47 39 96
75 47 37 96
81 47 41 96
81 52 43 45
83 47 47 96
89 47 49 96
89 52 53 45
92 52 49 45
103 52 45 45
105 52 47 45
110 52 51 45
112 52 55 45
120 52 1 8
122 47 43 96
125 52 57 45
126 47 45 96
126 52 59 45
127 52 3 8
129 52 5 8
131 52 17 8
133 47 52 96
135 52 7 8
137 52 9 8
138 47 5 129
138 52 11 8
142 47 58 96
143 47 55 96
143 52 13 8
144 47 11 129
144 52 15 8
146 47 29 129
149 47 17 129
5 23 31 26
10 23 21 26
18 23 43 26
20 23 37 26
24 23 9 26
28 23 25 26
29 23 13 26
31 23 49 26
35 23 13 48
40 23 55 26
43 23 1 26
44 23 1 48
45 23 7 48
46 23 21 48
49 23 25 48
52 23 43 48
53 23 55 48
55 23 49 48
58 23 1 155
60 23 37 48
63 23 13 155
66 23 31 48
69 23 39 155
70 23 7 155
73 23 25 155
74 23 19 155
81 23 33 155
85 23 51 155
87 23 55 155
94 23 1 177
95 23 7 177
98 23 13 177
101 23 19 177
108 23 25 177
112 23 37 177
123 23 31 177
124 23 55 177
126 23 13 78
128 23 43 155
141 23 21 78
143 23 43 177
144 23 49 177
148 23 7 78
1 25 17 135
3 25 19 135
4 25 21 135
14 25 9 135
17 25 27 135
21 54 5 78
21 25 7 135
25 54 17 78
26 54 19 78
26 25 23 135
27 25 1 135
31 54 11 78
33 25 13 135
35 54 31 78
41 25 5 135
42 25 11 135
43 54 25 78
45 54 43 78
46 25 3 135
48 54 1 78
49 25 15 135
51 25 25 135
53 54 3 78
56 54 33 78
57 54 35 78
59 54 29 78
61 25 29 135
62 25 31 135
63 54 27 78
63 25 39 135
66 25 35 135
67 25 41 135
68 25 45 135
75 54 39 78
75 25 43 135
76 54 37 78
77 54 41 78
78 54 46 78
79 25 37 135
81 25 47 135
84 54 53 78
85 25 33 135
87 54 49 78
90 54 55 78
90 25 49 135
91 54 51 78
92 54 57 78
94 25 57 135
100 54 1 89
102 54 59 78
102 25 51 135
104 25 53 135
109 25 55 135
111 25 5 47
118 54 3 89
123 54 7 89
124 54 5 89
126 25 7 47
127 54 13 89
130 54 9 89
134 25 59 135
135 54 11 89
143 54 15 89
149 54 19 89
7 50 13 43
8 39 17 191
8 50 22 43
10 39 25 191
12 50 10 43
14 39 11 191
14 50 15 43
16 39 5 191
19 50 17 43
22 39 19 191
22 50 4 43
27 50 27 43
31 50 7 43
32 39 7 191
32 50 25 43
36 50 1 43
38 39 21 191
41 50 19 43
42 39 23 191
44 39 13 191
44 50 31 43
47 50 29 43
49 39 9 191
50 39 1 191
52 39 3 191
54 39 15 191
55 50 41 43
56 50 35 43
58 50 43 43
59 39 43 191
64 39 27 191
67 39 29 191
68 39 34 191
70 39 31 191
73 39 37 191
77 39 45 191
77 50 47 43
79 50 49 43
81 50 37 43
82 50 33 43
83 39 53 191
84 50 45 43
88 39 39 191
91 39 41 191
92 39 51 191
94 50 59 43
96 50 51 43
97 50 39 43
98 50 53 43
100 50 19 147
101 39 55 191
103 39 47 191
105 39 49 191
108 50 55 43
111 39 7 6
116 50 1 147
117 39 59 191
119 39 57 191
119 50 7 147
120 50 5 147
121 39 1 6
121 50 57 43
122 39 5 6
129 39 3 6
129 50 11 147
135 50 9 147
136 39 9 6
137 39 11 6
139 39 13 6
142 39 15 6
143 50 3 147
145 39 17 6
150 39 19 6
150 50 13 147
1 56 22 8
2 15 28 176
3 15 21 176
4 15 16 176
9 56 25 8
10 15 31 176
11 15 25 176
13 15 34 176
15 15 37 176
26 56 37 8
28 15 4 176
29 56 28 8
30 56 40 8
33 56 34 8
34 56 46 8
37 15 1 176
38 56 43 8
39 15 10 176
41 56 49 8
43 56 19 8
43 15 43 176
46 15 40 176
47 56 52 8
48 56 55 8
50 15 7 176
51 15 13 176
51 56 31 8
54 15 49 176
58 56 58 8
60 15 52 176
61 15 46 176
64 15 55 176
65 56 1 215
67 56 7 215
72 56 10 215
74 15 3 39
76 56 13 215
79 15 10 39
80 15 7 39
83 15 13 39
84 56 4 215
86 15 16 39
86 56 21 215
87 56 16 215
88 15 58 176
89 56 25 215
93 15 19 39
93 56 28 215
95 15 22 39
95 56 31 215
96 56 34 215
98 56 55 215
102 56 37 215
103 15 28 39
104 56 40 215
105 15 40 39
106 15 31 39
107 15 34 39
107 56 43 215
111 15 25 39
111 56 46 215
113 56 58 215
114 56 7 75
116 15 37 39
117 56 1 75
122 56 49 215
127 15 43 39
127 56 19 75
128 15 49 39
128 56 52 215
130 56 4 75
131 56 22 75
132 56 10 75
140 56 28 75
143 15 52 39
144 56 25 75
145 56 34 75
148 15 46 39
150 56 43 75
1 24 31 9
3 24 25 9
4 11 25 82
6 24 37 9
9 24 43 9
12 11 31 82
14 24 49 9
18 11 49 82
19 11 19 82
25 11 37 82
25 24 55 9
31 24 31 196
33 24 37 196
38 11 55 82
40 11 7 82
43 11 27 14
43 24 49 196
44 11 15 82
48 24 3 9
50 11 3 82
52 24 13 9
54 11 1 14
62 11 25 5
64 11 43 82
65 24 19 9
68 11 7 14
70 11 13 14
71 11 31 14
76 11 19 14
81 11 55 14
85 24 7 9
87 11 1 5
88 24 13 196
93 24 1 196
95 24 1 4
99 11 37 14
100 24 21 196
103 11 49 14
104 11 7 5
106 11 13 5
107 11 49 5
107 24 7 196
112 24 7 4
113 11 19 5
114 11 33 5
117 11 37 5
118 11 43 14
118 24 25 196
119 11 43 5
119 24 21 4
121 24 13 4
130 11 55 5
137 24 43 196
138 11 1 65
139 11 7 65
140 11 13 65
140 24 7 15
141 11 25 65
141 24 31 4
142 11 31 65
143 11 19 65
146 11 43 65
147 11 37 65
148 24 37 4
149 11 49 65
149 24 55 196
150 24 25 4
1 51 37 107
3 51 31 107
5 51 28 107
7 51 19 107
13 51 25 107
14 51 34 107
18 51 13 107
20 51 16 107
21 51 22 107
28 51 55 107
34 51 10 107
35 51 7 107
37 51 4 107
41 51 40 107
42 51 43 107
44 51 46 107
52 51 49 107
57 51 1 107
59 51 52 107
64 51 58 107
65 51 52 4
73 51 43 4
85 51 55 4
86 51 46 4
90 51 7 160
92 51 1 160
102 51 4 160
103 51 58 4
105 51 10 160
106 51 22 160
108 51 13 160
116 51 49 4
117 51 16 160
118 51 19 160
123 51 25 160
126 51 28 160
129 51 31 160
133 51 34 160
137 51 37 160
138 51 43 160
141 51 40 160
142 51 46 160
144 51 55 160
149 51 3 194
1 33 29 27
1 20 35 165
2 20 31 165
4 20 23 165
5 20 37 165
6 20 33 165
7 33 22 27
7 20 25 165
9 33 17 27
11 33 19 27
11 20 17 165
16 20 29 165
17 33 35 27
18 33 5 27
18 20 41 165
20 20 11 165
21 33 11 27
24 20 47 165
25 33 13 27
27 33 31 27
29 20 1 165
31 33 9 27
33 33 1 27
36 33 7 27
37 20 7 165
38 20 5 165
39 33 37 27
43 20 53 165
44 33 25 27
44 20 19 165
45 20 13 165
51 33 3 27
52 33 27 27
55 33 15 27
57 20 9 165
58 20 21 165
60 33 41 27
64 20 3 165
65 33 33 27
67 33 45 27
68 33 47 27
70 20 27 165
71 20 39 165
74 20 15 165
75 33 51 27
75 20 59 165
77 20 43 165
78 33 39 27
80 20 45 165
84 20 1 166
85 20 3 166
86 20 7 166
87 20 5 166
88 33 43 27
90 20 10 166
91 20 49 165
92 33 53 27
95 33 58 27
99 33 49 27
99 20 51 165
106 20 57 165
109 20 13 166
110 33 1 212
116 33 3 212
117 20 19 166
120 33 55 27
121 20 55 165
123 33 9 212
123 20 15 166
125 33 7 212
125 20 22 166
129 33 17 212
129 20 25 166
130 33 19 212
138 20 17 166
139 33 11 212
144 20 28 166
145 33 5 212
145 20 40 166
147 20 43 166
150 20 35 166
3 44 37 6
5 44 43 6
6 44 49 6
10 44 27 6
12 44 55 6
14 44 25 170
19 44 31 6
20 44 31 170
25 44 43 170
34 44 13 170
37 44 9 170
38 44 49 170
41 44 55 170
47 44 1 170
48 44 7 13
55 44 1 13
57 44 13 13
68 44 19 170
73 44 31 13
75 44 25 13
77 44 55 13
79 44 21 6
80 44 19 13
85 44 25 184
94 44 19 184
95 44 13 68
96 44 43 13
104 44 31 184
107 44 55 184
111 44 49 13
114 44 37 170
116 44 43 184
118 44 37 13
123 44 49 184
128 44 37 184
132 44 1 68
144 44 7 68
4 4 37 16
6 3 43 147
7 4 27 16
8 3 31 147
10 3 37 147
11 4 21 16
13 3 49 147
15 4 33 16
21 3 25 147
22 3 21 147
22 4 43 16
26 4 49 16
27 3 55 147
27 4 33 193
29 3 31 194
30 4 55 16
32 4 9 16
36 4 15 16
37 3 37 194
38 3 25 194
39 3 43 194
39 4 39 193
40 4 25 193
42 4 55 193
45 3 45 7
48 3 49 194
51 4 7 193
52 4 55 44
54 4 19 193
55 3 7 194
57 3 55 194
59 4 1 16
60 3 13 194
61 4 7 44
64 3 15 147
65 3 13 7
66 3 19 194
68 4 1 193
72 3 19 7
72 4 13 193
76 3 7 7
81 3 1 7
82 3 1 179
83 3 25 7
86 3 37 7
87 3 7 179
91 3 31 7
92 3 19 179
97 3 13 179
97 4 19 44
98 4 1 44
100 4 43 193
102 3 31 179
104 3 25 179
105 3 51 7
106 3 1 205
107 4 1 209
108 4 31 44
112 3 51 179
113 3 7 205
114 4 19 209
115 4 25 44
118 3 49 205
120 3 43 179
121 3 19 205
122 3 55 7
123 3 55 39
126 3 37 179
129 3 55 179
130 3 25 205
132 4 37 44
135 4 49 193
136 3 13 205
136 4 43 44
141 4 13 44
143 3 39 205
145 4 49 44
148 4 13 209
149 3 7 53
150 4 55 209
1 42 40 33
1 22 43 74
2 22 46 74
3 40 43 97
4 40 46 97
6 40 55 97
7 40 39 97
7 42 31 33
7 53 34 69
8 53 37 69
9 53 22 69
9 55 28 1
10 40 49 97
11 40 52 97
11 53 28 69
11 22 49 74
11 55 31 1
12 40 25 151
12 42 28 33
12 22 52 74
12 55 37 1
13 40 58 97
13 22 55 74
13 55 40 1
14 40 31 151
14 53 40 69
15 42 19 33
15 22 58 74
16 40 34 151
16 53 43 69
17 40 19 151
17 53 46 69
18 42 34 33
19 42 37 33
19 40 40 151
20 22 43 175
21 42 16 33
21 22 37 175
23 40 43 151
23 42 46 33
23 55 49 1
24 22 49 175
25 42 49 33
25 53 52 69
26 40 7 151
27 42 22 33
28 53 13 69
28 22 19 175
28 55 34 1
30 42 1 33
31 40 4 151
31 42 55 33
31 55 19 1
32 42 43 33
33 42 58 33
34 22 28 175
36 22 22 175
37 22 16 175
37 55 52 1
39 55 13 1
40 22 13 175
42 40 16 151
43 40 46 151
43 55 31 15
46 40 49 151
46 53 55 69
47 42 25 33
47 22 55 175
49 53 31 69
51 22 40 175
51 55 16 1
53 53 7 69
54 42 25 77
54 53 58 69
54 55 55 1
56 53 1 69
57 53 4 69
58 53 10 69
59 22 7 175
60 55 1 1
60 53 19 69
62 53 4 117
62 55 10 1
64 42 7 33
65 42 4 33
66 42 1 77
66 53 16 69
66 22 4 175
66 55 7 1
67 53 25 69
68 53 13 117
68 22 25 175
69 42 43 77
70 42 4 77
70 53 49 69
70 22 1 175
71 22 7 24
72 53 7 117
72 22 46 175
73 22 10 175
74 53 31 117
74 22 34 175
75 53 10 117
75 55 4 1
76 42 52 33
77 40 10 151
77 22 34 205
78 55 25 1
80 22 52 175
80 55 1 15
81 53 16 117
82 53 19 117
84 42 10 33
84 53 22 117
85 42 13 33
86 40 13 151
86 22 43 205
87 53 13 53
88 53 25 117
89 53 28 117
89 55 22 1
90 42 16 77
91 22 58 175
92 40 28 151
92 53 34 117
94 42 28 77
94 22 31 175
95 53 46 117
96 40 1 151
96 53 57 117
96 55 22 15
98 40 58 151
98 55 25 15
100 55 28 15
101 40 52 151
103 53 1 117
103 22 31 205
104 42 19 77
104 40 22 151
104 53 37 117
105 22 55 205
107 22 46 205
108 42 37 77
109 22 58 205
109 55 43 1
110 53 43 117
111 22 13 24
114 55 58 1
115 53 40 117
115 22 3 24
116 53 7 209
116 55 13 15
117 40 4 178
117 55 34 15
118 53 31 209
119 42 9 77
119 53 52 117
121 22 10 24
122 42 40 77
124 53 37 151
126 53 55 151
126 55 19 15
127 40 46 167
127 53 25 209
128 53 1 53
128 55 4 15
129 55 37 15
130 55 46 1
130 22 21 24
131 40 49 167
133 42 22 77
133 22 16 24
133 55 40 15
134 53 49 117
134 22 25 24
136 40 40 167
136 42 31 77
136 53 37 209
137 22 28 24
138 22 31 24
139 53 43 209
139 55 46 15
140 40 19 178
141 42 4 29
142 22 37 24
143 42 49 77
144 42 34 77
145 53 10 209
145 22 43 24
146 40 52 167
146 55 49 15
147 42 13 77
148 42 58 77
149 53 28 209
150 42 1 29
3 32 17 140
5 32 23 140
8 32 29 140
14 32 13 140
19 32 35 140
20 32 41 140
22 32 25 140
23 32 5 140
30 32 11 140
32 32 37 140
35 32 19 140
44 32 7 140
53 32 1 140
54 32 31 140
55 32 46 140
56 32 9 140
57 32 33 140
67 32 49 140
72 32 27 140
76 32 39 140
83 32 21 140
87 32 59 140
91 32 3 140
99 32 15 140
102 32 43 140
106 32 5 64
111 32 53 140
113 32 55 140
114 32 1 64
117 32 11 64
118 32 7 64
133 32 3 64
134 32 19 64
135 32 57 140
150 32 15 64
2 31 33 210
5 31 39 210
9 31 49 210
35 31 21 80
37 31 55 210
42 31 37 80
49 31 49 80
50 31 43 210
60 31 25 210
65 31 55 80
73 31 1 207
77 31 13 207
78 31 1 127
80 31 25 80
90 31 19 207
91 31 43 80
92 31 7 207
93 31 37 207
97 31 25 207
98 31 31 80
103 31 9 127
108 31 3 161
124 31 31 207
129 31 27 127
130 31 49 207
132 31 31 127
135 31 43 207
136 31 55 207
142 31 49 100
144 31 37 127
148 31 19 127
149 31 21 161
3 38 29 49
8 38 35 49
16 38 37 49
26 38 40 49
32 38 17 49
36 38 11 49
38 38 23 49
49 38 5 49
56 38 7 49
59 38 13 49
61 38 19 49
63 38 1 49
65 38 25 49
67 38 31 49
70 38 21 49
75 38 15 49
76 38 43 49
77 38 49 49
78 38 53 49
79 38 27 49
84 38 33 49
88 38 45 49
89 38 55 49
96 38 47 49
97 38 9 49
120 38 51 49
122 38 59 49
124 38 19 176
128 38 57 49
129 38 34 89
131 38 29 89
133 38 37 89
135 38 17 89
137 38 3 49
139 38 21 89
2 41 37 181
2 13 49 116
3 29 49 173
4 13 55 116
7 41 43 181
9 29 31 173
10 41 55 181
10 13 43 116
11 41 37 220
11 13 43 64
12 41 43 220
14 41 55 220
15 41 49 181
15 13 43 131
18 13 55 64
19 41 49 220
21 41 43 221
21 29 55 173
22 41 27 181
23 29 55 157
24 13 55 131
26 41 55 221
30 13 21 116
31 13 37 116
32 29 39 173
33 41 43 34
35 13 49 64
36 41 31 181
36 13 55 167
40 13 43 29
44 29 33 157
46 29 43 173
53 29 15 173
55 13 55 29
58 13 25 116
60 41 7 181
61 13 39 64
63 13 21 64
64 29 19 173
70 13 37 131
72 41 37 221
76 29 45 157
79 41 13 181
81 29 7 173
83 13 31 116
84 29 25 173
88 13 33 64
88 29 19 157
89 29 37 157
90 41 25 220
90 29 37 198
91 41 19 181
91 29 13 157
93 41 43 113
99 13 7 116
99 29 25 157
100 13 31 131
103 29 37 93
104 41 1 181
109 41 3 220
112 41 15 220
113 13 1 116
115 13 7 131
116 41 31 220
119 13 25 64
119 29 37 180
120 13 25 131
122 41 25 221
123 41 1 221
124 41 9 220
124 29 13 198
125 41 31 221
125 13 1 131
126 41 31 34
127 13 15 116
128 13 13 131
130 13 31 29
133 41 7 221
134 13 21 131
143 41 7 34
143 13 57 53
144 13 1 149
146 13 19 29
147 41 49 221
147 29 9 157
4 14 29 192
5 14 35 192
8 14 40 192
12 14 17 192
14 14 23 192
16 14 46 192
17 14 37 192
22 14 49 192
29 14 7 192
36 14 19 192
37 14 59 192
42 14 4 192
53 14 10 192
56 14 21 192
65 14 31 192
70 14 25 192
80 14 13 192
84 14 43 192
88 14 51 192
89 14 1 192
90 14 53 192
91 14 27 192
92 14 55 192
93 14 5 157
95 14 17 157
99 14 23 157
103 14 41 157
104 14 29 157
105 14 1 157
108 14 49 157
109 14 15 192
113 14 43 157
123 14 53 157
124 14 59 157
130 14 7 157
135 14 13 201
139 14 57 192
145 14 3 157
Điểm tối ưu: 2120
Thời gian: 0.193928 giây
Trạng thái: GREEDY_DONE
