485
1 35 1 40
1 6 7 20
1 33 13 17
1 9 19 3
1 14 25 11
1 22 31 1
1 29 37 46
1 31 43 18
2 33 1 17
2 35 7 40
2 4 13 3
2 6 19 20
2 9 25 3
2 14 31 11
2 31 37 18
3 32 1 27
3 35 13 40
3 4 7 3
3 6 25 20
3 41 31 3
3 16 19 38
3 22 37 1
3 31 49 18
4 33 7 17
4 35 19 40
4 6 1 20
4 9 37 3
4 14 13 11
4 18 25 25
4 22 43 1
5 4 1 3
5 6 13 20
5 9 43 3
5 14 7 11
5 18 19 25
5 31 25 18
6 35 25 40
6 6 31 20
6 14 1 11
6 18 7 25
6 19 13 6
6 29 19 46
7 4 49 3
7 9 55 3
7 16 1 38
7 18 13 25
7 22 7 1
8 33 19 17
8 14 37 11
8 16 7 38
8 29 1 46
9 32 7 27
9 33 25 17
9 6 37 20
9 16 13 38
9 18 1 25
9 19 19 6
9 31 31 18
10 33 31 17
10 6 43 20
10 14 19 11
10 29 7 46
11 6 49 20
11 14 43 11
11 18 31 25
11 32 13 27
12 32 19 27
12 33 37 17
12 14 49 11
12 29 13 46
13 33 43 17
13 35 31 40
13 6 55 20
13 16 25 38
13 18 37 25
13 22 1 1
13 29 49 46
13 31 7 18
14 19 1 6
14 22 13 1
14 32 25 27
14 33 49 17
14 35 37 40
15 14 55 11
15 18 43 25
15 19 7 6
15 29 25 46
15 35 49 40
16 16 31 38
16 29 43 46
16 32 37 27
16 33 55 17
17 19 25 6
17 31 1 18
17 32 31 27
18 19 31 6
18 22 19 1
18 29 55 46
18 31 13 18
19 32 43 27
19 16 37 38
19 29 31 46
19 31 19 18
20 35 43 40
20 18 49 25
20 19 37 6
20 22 25 1
21 32 49 27
21 35 55 40
21 16 43 38
22 22 49 1
23 22 55 1
24 32 55 27
24 16 49 38
24 19 43 6
25 16 55 38
25 19 49 6
26 19 55 6
27 18 55 25
28 31 55 18
1 11 49 32
1 12 52 29
1 24 55 31
2 11 43 32
2 17 46 35
2 24 49 31
3 2 43 26
3 8 46 12
3 7 55 33
3 11 58 32
4 2 31 26
4 8 34 12
4 40 49 34
4 11 52 32
4 24 58 31
5 2 34 26
5 7 31 33
5 8 37 12
5 17 40 35
5 24 52 31
6 2 37 26
6 7 40 33
6 17 43 35
6 24 46 31
7 7 19 33
7 11 22 32
7 24 25 31
7 30 28 45
7 38 31 28
7 40 34 34
8 38 13 28
8 8 16 12
8 40 25 34
8 12 28 29
8 24 31 31
8 30 34 45
9 7 43 33
9 11 46 32
10 38 1 28
10 11 4 32
10 12 13 29
10 17 16 35
10 30 25 45
11 8 1 12
11 12 4 29
11 17 7 35
11 24 10 31
11 38 19 28
12 2 1 26
12 17 4 35
12 24 7 31
12 30 10 45
13 2 13 26
13 7 16 33
14 2 7 26
14 11 10 32
14 30 19 45
15 8 4 12
15 12 1 29
15 17 13 35
16 2 4 26
16 11 1 32
16 12 7 29
16 24 13 31
16 40 10 34
17 2 10 26
17 11 7 32
17 38 16 28
17 40 13 34
18 7 1 33
18 40 4 34
18 8 7 12
18 17 10 35
18 30 37 45
19 2 16 26
19 12 10 29
20 7 4 33
20 8 10 12
20 40 1 34
20 17 19 35
20 30 7 45
21 2 19 26
21 38 4 28
21 8 13 12
21 11 16 32
21 17 1 35
22 7 7 33
22 8 19 12
22 11 13 32
22 17 22 35
22 30 1 45
23 2 22 26
23 8 25 12
23 11 19 32
23 17 28 35
23 30 4 45
23 38 7 28
23 40 16 34
24 38 10 28
24 8 22 12
24 7 13 33
24 11 25 32
25 2 25 26
25 7 10 33
25 8 28 12
25 11 31 32
25 38 22 28
26 2 28 26
26 38 25 28
26 7 22 33
26 8 31 12
26 12 16 29
26 17 34 35
27 2 40 26
27 7 25 33
27 8 43 12
27 12 19 29
27 30 13 45
27 38 28 28
27 40 7 34
28 38 34 28
28 7 28 33
28 12 22 29
28 30 16 45
29 7 34 33
29 17 25 35
29 24 1 31
29 38 37 28
30 38 40 28
30 40 19 34
30 11 28 32
30 30 22 45
31 2 46 26
31 8 40 12
31 7 37 33
32 7 46 33
32 40 22 34
32 12 25 29
32 24 4 31
33 2 49 26
33 12 31 29
33 17 37 35
33 24 16 31
33 30 40 45
33 38 43 28
33 40 28 34
34 2 52 26
34 7 49 33
34 40 31 34
34 17 55 35
34 24 19 31
35 11 34 32
35 12 37 29
35 24 22 31
36 7 52 33
36 40 37 34
36 11 40 32
36 17 31 35
37 2 55 26
37 11 37 32
37 30 31 45
38 2 58 26
38 38 46 28
38 24 28 31
38 30 43 45
39 40 40 34
39 8 49 12
39 11 55 32
39 17 52 35
39 30 46 45
40 7 58 33
40 12 34 29
40 24 37 31
41 8 52 12
41 12 40 29
42 8 55 12
42 12 43 29
42 24 34 31
43 38 49 28
43 17 58 35
43 24 40 31
44 8 58 12
44 38 52 28
44 40 43 34
44 17 49 35
46 38 55 28
46 40 46 34
46 12 49 29
46 30 52 45
47 38 58 28
47 40 52 34
47 24 43 31
47 30 49 45
48 12 46 29
48 30 55 45
1 1 5 11
1 34 11 27
1 37 17 1
1 20 23 17
2 34 5 27
2 37 11 1
2 10 17 18
2 20 29 17
2 21 35 17
2 28 23 43
3 3 5 16
3 27 11 24
4 3 11 16
4 37 5 1
4 34 17 27
4 10 23 18
4 23 29 7
5 1 11 11
5 3 17 16
5 10 5 18
5 20 47 17
5 21 59 17
5 23 23 7
5 27 29 24
6 1 17 11
6 3 23 16
6 37 29 1
6 34 35 27
6 25 5 25
6 28 11 43
7 1 41 11
7 21 5 17
7 23 11 7
7 25 17 25
7 27 37 24
7 34 47 27
8 1 23 11
8 3 41 16
8 20 11 17
8 28 5 43
9 10 11 18
9 20 17 17
9 21 41 17
10 34 23 27
10 1 29 11
10 10 35 18
10 23 37 7
10 28 39 43
11 10 29 18
11 20 53 17
11 23 17 7
11 34 41 27
12 34 29 27
12 23 25 7
13 34 53 27
13 28 19 43
14 1 35 11
14 3 29 16
14 23 5 7
14 37 23 1
15 23 19 7
15 25 11 25
15 27 16 24
15 28 21 43
15 34 59 27
15 37 35 1
16 1 47 11
16 23 21 7
16 27 19 24
16 37 41 1
17 1 53 11
17 3 19 16
17 10 41 18
17 25 23 25
17 27 5 24
18 3 25 16
19 1 59 11
19 37 47 1
19 3 1 16
19 23 3 7
20 37 53 1
20 23 13 7
20 25 29 25
20 28 15 43
21 3 7 16
22 3 27 16
22 23 31 7
22 25 35 25
22 37 59 1
23 23 1 7
23 25 41 25
24 23 7 7
24 28 1 43
25 10 47 18
25 25 53 25
25 27 1 24
26 10 53 18
27 10 59 18
27 28 3 43
28 23 9 7
28 25 47 25
28 27 3 24
28 28 7 43
29 3 9 16
29 25 59 25
29 27 7 24
29 28 13 43
30 27 9 24
30 28 17 43
31 27 13 24
31 28 9 43
32 3 13 16
32 23 15 7
32 28 28 43
33 3 3 16
33 27 21 24
34 23 27 7
34 28 25 43
35 27 25 24
35 28 31 43
36 27 23 24
36 28 34 43
39 3 15 16
39 28 37 43
40 23 40 7
40 28 43 43
41 27 27 24
42 23 46 7
42 27 31 24
42 28 41 43
43 3 21 16
43 27 33 24
44 23 33 7
45 23 35 7
46 3 31 16
46 23 43 7
47 3 33 16
47 23 55 7
48 23 49 7
48 27 35 24
1 36 29 23
2 5 41 24
3 36 17 23
6 36 49 23
7 36 39 23
8 36 43 23
9 5 49 24
10 5 47 24
11 5 39 24
12 5 43 24
13 36 5 23
14 5 45 24
14 36 31 23
15 36 23 23
16 5 51 24
16 36 25 23
18 5 53 24
19 36 7 23
20 5 55 24
23 36 10 23
24 36 3 23
24 5 59 24
25 36 13 23
27 36 1 23
29 5 57 24
33 36 19 23
38 36 15 23
40 36 21 23
41 36 33 23
44 36 27 23
Điểm tối ưu: 485
Thời gian: 0.037965 giây
Trạng thái: GREEDY_DONE
