4253
9 68 1 190
46 68 3 190
50 68 5 190
54 68 7 190
66 68 9 190
69 68 11 190
78 68 13 190
91 68 15 190
95 68 17 190
98 68 19 190
105 68 21 190
113 68 23 190
114 68 25 190
127 68 27 190
141 68 29 190
144 68 31 190
150 68 33 190
165 68 35 190
192 68 37 190
197 68 39 190
209 68 41 190
225 68 43 190
237 68 45 190
241 68 47 190
246 68 49 190
268 68 51 190
269 68 53 190
1 156 1 4
5 156 7 4
34 156 13 4
40 156 19 4
41 156 25 4
66 156 31 4
89 156 37 4
146 156 43 4
148 156 49 4
166 156 55 4
177 156 1 53
181 156 7 53
210 156 13 53
217 156 19 53
219 156 25 53
231 156 31 53
234 156 37 53
246 156 43 53
248 156 49 53
256 156 55 53
260 156 1 64
8 123 1 1
11 123 4 1
14 123 7 1
15 123 10 1
80 123 13 1
93 123 16 1
95 123 19 1
104 123 22 1
105 123 25 1
108 123 28 1
109 123 31 1
117 123 34 1
120 123 37 1
142 123 40 1
151 123 43 1
162 123 46 1
174 123 49 1
183 123 52 1
185 123 55 1
187 123 58 1
202 123 1 101
209 123 4 101
221 123 7 101
230 123 10 101
231 123 13 101
236 123 16 101
240 123 19 101
38 96 5 53
56 96 11 53
64 96 17 53
112 96 23 53
115 96 29 53
119 96 35 53
124 96 41 53
127 96 47 53
151 96 53 53
157 96 59 53
160 96 1 77
169 96 3 77
182 96 5 77
196 96 7 77
201 96 9 77
206 96 11 77
257 96 13 77
4 124 1 2
5 124 13 2
15 181 1 63
16 181 7 63
21 124 7 2
22 181 13 63
27 124 19 2
37 181 19 63
41 181 31 63
46 124 25 2
55 181 25 63
64 181 37 63
67 124 31 2
75 124 37 2
83 124 43 2
86 181 43 63
87 124 49 2
96 181 49 63
97 181 55 63
98 124 55 2
118 124 1 7
122 181 1 194
136 124 7 7
144 124 13 7
147 124 19 7
149 124 25 7
162 181 7 194
163 181 13 194
168 124 31 7
173 124 37 7
176 181 19 194
183 124 43 7
194 181 25 194
199 181 31 194
201 124 49 7
212 124 55 7
216 124 1 96
218 181 37 194
226 181 43 194
232 181 49 194
233 124 7 96
242 124 13 96
246 124 19 96
261 181 55 194
2 42 1 28
3 168 1 14
4 168 7 14
9 7 3 59
11 7 7 59
11 25 1 27
15 168 13 14
17 25 4 27
20 168 4 14
27 25 7 27
32 42 4 28
33 168 10 14
36 168 16 14
39 168 19 14
40 42 7 28
46 7 10 59
48 168 22 14
51 205 1 9
53 168 25 14
53 205 4 9
54 25 10 27
56 42 13 28
57 205 7 9
59 42 10 28
59 205 13 9
59 25 16 27
68 25 13 27
69 42 16 28
69 25 19 27
70 168 28 14
72 168 31 14
73 205 10 9
74 168 34 14
74 25 22 27
75 7 13 59
75 168 43 14
78 205 16 9
79 42 19 28
81 25 25 27
88 7 16 59
88 205 19 9
91 42 22 28
101 205 22 9
102 42 25 28
106 42 28 28
107 25 28 27
109 205 25 9
110 7 19 59
117 7 22 59
117 168 37 14
119 25 31 27
123 7 25 59
124 168 46 14
124 25 34 27
125 25 37 27
126 25 40 27
128 42 31 28
130 7 28 59
132 25 43 27
135 205 28 9
135 25 46 27
137 42 34 28
137 205 31 9
138 7 31 59
139 25 49 27
143 168 40 14
146 25 52 27
149 168 49 14
149 205 34 9
150 7 37 59
150 42 40 28
153 205 37 9
158 168 52 14
159 25 55 27
159 168 58 14
161 7 34 59
162 25 58 27
166 25 1 58
169 7 40 59
173 205 43 9
175 7 43 59
177 25 7 58
178 205 40 9
179 168 55 14
185 42 37 28
186 25 4 58
189 25 10 58
189 205 46 9
205 25 13 58
215 25 16 58
216 7 46 59
217 25 25 58
218 42 43 28
225 42 46 28
226 25 19 58
227 25 22 58
232 7 55 59
233 168 1 37
236 25 28 58
237 42 49 28
238 7 49 59
239 42 52 28
240 205 49 9
242 7 52 59
244 42 55 28
246 42 58 28
246 205 52 9
253 25 31 58
256 42 1 148
257 205 55 9
259 42 4 148
260 205 58 9
262 25 34 58
263 7 58 59
264 205 1 107
265 205 4 107
266 168 4 37
269 25 37 58
270 25 40 58
1 189 5 3
5 136 1 68
12 191 1 11
14 189 1 3
18 189 3 3
20 136 7 68
23 136 3 68
27 136 5 68
31 191 3 11
33 189 7 3
35 136 9 68
37 136 11 68
37 62 1 153
40 136 13 68
41 189 9 3
42 191 5 11
43 189 11 3
54 62 3 153
60 189 13 3
60 62 5 153
62 62 7 153
63 62 9 153
67 62 11 153
72 136 15 68
78 62 19 153
80 191 7 11
81 191 9 11
84 191 11 11
91 189 17 3
93 62 13 153
97 191 13 11
99 136 17 68
99 62 15 153
102 189 15 3
111 62 17 153
113 62 21 153
120 191 15 11
124 189 19 3
127 191 17 11
129 62 23 153
129 191 19 11
151 189 21 3
170 62 25 153
175 189 23 3
178 189 25 3
181 189 27 3
182 136 19 68
184 62 27 153
189 189 29 3
190 62 29 153
191 191 21 11
192 191 23 11
193 136 21 68
195 189 31 3
200 136 23 68
206 191 25 11
209 62 31 153
215 189 33 3
220 191 27 11
223 62 33 153
231 136 25 68
232 62 35 153
236 189 35 3
236 62 37 153
240 191 29 11
241 191 31 11
242 136 27 68
244 191 33 11
245 136 29 68
245 191 35 11
254 191 37 11
258 136 31 68
264 191 39 11
264 62 41 153
266 191 41 11
3 203 7 67
16 91 1 50
18 91 7 50
20 91 13 50
30 138 1 13
31 203 13 67
36 91 19 50
38 138 7 13
41 203 1 67
47 91 25 50
59 203 19 67
66 91 37 50
71 91 31 50
73 203 25 67
74 91 43 50
75 138 19 13
76 138 13 13
83 91 49 50
88 91 55 50
99 138 25 13
100 91 1 80
104 138 31 13
110 203 31 67
121 138 37 13
122 91 7 80
125 138 43 13
127 203 37 67
131 138 49 13
132 138 55 13
140 203 43 67
140 91 13 80
142 91 19 80
147 138 1 86
147 203 49 67
157 203 55 67
160 138 7 86
163 138 19 86
164 203 1 100
167 138 13 86
167 203 7 100
168 203 13 100
169 203 19 100
171 138 25 86
178 203 27 100
184 91 31 80
187 91 25 80
189 91 37 80
193 203 31 100
195 203 37 100
200 203 43 100
204 91 43 80
211 91 49 80
223 203 49 100
233 91 55 80
234 91 1 88
241 138 33 86
245 203 55 100
246 203 1 131
246 91 7 88
247 203 7 131
254 203 13 131
254 91 19 88
1 183 7 92
8 104 4 47
8 186 7 76
9 165 7 23
10 186 1 76
11 165 10 23
11 104 13 47
11 186 16 76
16 104 16 47
17 79 1 93
19 79 4 93
21 79 13 93
23 186 10 76
24 165 1 23
24 79 7 93
28 186 4 76
32 104 1 47
35 104 19 47
35 183 1 92
40 79 10 93
47 165 4 23
47 79 16 93
49 165 13 23
50 165 16 23
55 104 7 47
60 165 19 23
62 183 4 92
62 104 10 47
66 183 13 92
67 104 22 47
74 104 25 47
78 104 28 47
91 104 31 47
103 104 34 47
105 183 10 92
109 186 13 76
110 79 22 93
113 165 25 23
114 165 22 23
114 79 19 93
114 183 16 92
115 104 37 47
116 186 19 76
117 104 40 47
119 79 25 93
120 186 22 76
125 79 28 93
126 186 25 76
127 186 31 76
130 104 43 47
135 165 31 23
136 183 19 92
136 186 28 76
137 104 46 47
138 79 34 93
138 183 22 92
139 165 28 23
142 104 49 47
146 165 34 23
147 165 37 23
149 79 31 93
153 79 40 93
154 183 25 92
167 183 28 92
168 79 37 93
172 79 43 93
175 183 31 92
176 79 46 93
177 165 40 23
177 79 49 93
179 104 52 47
180 165 43 23
180 79 52 93
182 165 46 23
187 165 49 23
188 104 55 47
188 183 34 92
189 165 52 23
191 79 55 93
196 79 58 93
198 165 55 23
210 165 58 23
212 165 1 128
216 183 37 92
218 183 46 92
218 186 34 76
225 165 4 128
225 79 25 96
227 165 7 128
227 183 40 92
231 165 10 128
231 183 43 92
232 186 37 76
233 165 13 128
239 186 40 76
242 186 43 76
244 104 58 47
248 79 28 96
250 165 16 128
250 79 31 96
251 186 46 76
252 165 19 128
252 186 49 76
256 183 49 92
257 165 22 128
259 165 25 128
262 79 37 96
263 186 52 76
265 104 34 96
266 165 28 128
267 104 40 96
268 165 31 128
268 104 43 96
268 186 55 76
2 65 4 20
2 196 7 117
6 137 1 45
7 196 1 117
7 137 3 45
8 69 10 99
9 137 10 45
10 162 4 29
13 69 1 99
13 137 5 45
14 196 3 117
14 137 13 45
17 193 7 21
21 193 1 21
23 137 7 45
26 196 5 117
26 146 11 4
32 69 7 99
34 162 1 29
34 137 17 45
35 69 4 99
36 196 9 117
37 69 13 99
38 69 15 99
38 137 19 45
39 69 17 99
41 162 7 29
43 196 13 117
46 69 19 99
46 193 5 21
50 65 1 20
52 146 5 4
53 193 9 21
54 146 17 4
55 193 3 21
56 146 23 4
57 146 29 4
58 162 9 29
62 137 15 45
64 146 35 4
64 162 11 29
66 193 11 21
69 137 22 45
69 146 41 4
70 69 21 99
71 196 11 117
71 69 23 99
74 69 28 99
75 137 25 45
76 65 7 20
77 196 15 117
78 137 31 45
79 196 17 117
81 162 13 29
84 146 47 4
85 196 19 117
85 137 27 45
86 146 53 4
88 69 25 99
89 196 21 117
90 69 31 99
92 65 9 20
92 69 33 99
92 137 29 45
93 193 19 21
93 69 35 99
95 162 15 29
96 162 17 29
97 137 33 45
97 146 59 4
99 196 23 117
101 65 11 20
104 65 13 20
104 162 19 29
106 69 37 99
108 146 15 20
109 193 16 21
112 196 25 117
114 196 27 117
114 137 35 45
116 65 17 20
120 137 40 45
120 162 25 29
121 193 13 21
122 196 29 117
122 69 39 99
123 137 37 45
125 69 41 99
127 193 21 21
127 196 34 117
130 146 19 20
131 65 21 20
132 146 23 20
141 69 43 99
141 146 25 20
143 69 45 99
143 146 27 20
144 69 47 99
151 196 31 117
156 193 23 21
159 146 29 20
159 196 37 117
160 65 31 20
161 65 37 20
161 196 39 117
163 65 33 20
172 193 25 21
173 193 27 21
173 69 49 99
178 196 43 117
180 146 35 20
182 162 21 29
182 146 39 20
183 69 55 99
188 162 23 29
189 137 43 45
195 137 45 45
197 69 51 99
198 137 47 45
199 193 29 21
199 137 49 45
201 162 27 29
204 193 31 21
206 137 51 45
206 146 41 20
211 137 53 45
213 69 53 99
214 146 43 20
216 193 33 21
217 193 35 21
218 65 49 20
220 193 37 21
221 137 55 45
227 196 45 117
227 69 57 99
229 69 59 99
229 196 41 117
232 162 29 29
233 65 45 20
233 146 47 20
235 146 51 20
237 146 53 20
238 137 57 45
240 137 59 45
241 65 55 20
241 193 39 21
243 137 1 134
244 162 31 29
245 69 1 136
248 162 33 29
249 193 41 21
252 193 43 21
253 162 35 29
259 69 7 136
261 162 37 29
261 196 47 117
264 193 45 21
268 137 3 134
1 105 13 163
2 82 9 62
2 26 57 20
5 151 3 17
5 63 19 44
6 26 3 145
10 63 7 44
11 105 19 163
11 151 25 17
12 182 3 5
12 63 13 44
15 105 25 163
16 201 19 113
18 82 13 62
19 125 7 72
24 26 13 145
26 105 1 163
26 182 7 5
26 26 19 145
27 151 13 17
27 63 1 44
28 151 7 17
28 182 13 5
29 26 7 145
29 63 25 44
30 201 7 113
30 63 31 44
31 151 19 17
33 82 1 62
34 26 25 145
37 82 25 62
38 201 1 113
39 105 7 163
39 125 1 72
40 82 31 62
41 151 37 17
42 151 31 17
44 26 31 145
46 182 21 5
46 26 37 145
47 151 43 17
50 182 25 5
51 201 13 113
53 125 13 72
55 182 31 5
55 26 43 145
56 105 31 163
56 125 19 72
57 182 37 5
61 201 25 113
61 182 43 5
63 26 49 145
68 182 49 5
68 63 37 44
69 63 43 44
70 201 31 113
71 105 37 163
72 151 49 17
72 63 55 44
75 63 49 44
77 105 43 163
77 63 1 158
78 125 33 72
80 105 49 163
80 151 55 17
81 82 19 62
83 182 55 5
89 105 55 163
90 105 1 185
90 182 7 166
91 151 1 65
95 125 25 72
96 105 7 185
96 26 55 145
98 201 37 113
99 125 37 72
100 82 37 62
102 151 7 65
104 63 7 158
110 182 1 166
113 151 13 65
114 151 31 65
115 82 43 62
115 151 19 65
116 151 25 65
116 125 43 72
118 82 49 62
119 151 37 65
120 201 43 113
121 105 15 185
121 201 49 113
122 105 19 185
123 125 49 72
128 201 55 113
128 82 1 133
129 125 55 72
132 82 7 133
132 125 1 78
133 26 1 168
134 125 7 78
137 26 7 168
138 182 13 166
140 26 19 168
140 63 25 158
141 63 13 158
142 182 25 166
144 82 55 62
145 82 55 92
146 105 25 185
146 151 55 65
148 105 31 185
148 201 55 190
149 151 43 65
151 26 13 168
152 201 1 222
152 82 13 133
153 63 19 158
155 182 19 166
156 63 31 158
157 105 37 185
157 63 43 158
158 151 1 119
159 63 39 158
162 105 49 185
162 26 25 168
163 125 25 78
164 182 31 166
164 151 49 65
165 151 7 119
166 151 13 119
167 26 31 168
167 63 49 158
168 105 43 185
169 125 13 78
169 63 55 158
170 201 7 222
171 26 37 168
173 151 19 119
176 26 49 168
179 105 1 188
179 201 13 222
182 151 25 119
183 182 37 166
187 125 19 78
187 151 31 119
188 201 19 222
188 151 37 119
190 151 43 119
191 105 7 188
196 105 13 188
197 182 43 166
198 125 31 78
199 82 19 133
202 105 55 185
202 82 25 133
203 182 49 166
206 151 55 119
207 63 1 183
210 82 31 133
211 182 55 166
212 201 25 222
216 201 49 222
217 105 31 188
217 125 37 78
219 105 19 188
219 201 31 222
223 201 37 222
226 26 55 168
228 63 7 183
231 63 19 183
234 105 25 188
240 182 1 184
242 26 1 235
243 63 13 183
244 151 49 119
244 26 43 168
245 82 37 133
248 82 43 133
252 63 25 183
254 82 49 133
258 82 55 133
259 182 9 184
264 63 31 183
265 151 7 216
266 26 7 235
269 201 43 222
2 145 13 81
3 114 4 120
4 29 10 6
7 160 7 111
13 15 7 16
14 15 10 16
15 15 16 16
17 160 10 111
19 160 1 111
20 160 19 111
25 147 1 18
31 114 7 120
31 147 10 18
33 145 16 81
33 114 13 120
34 160 4 111
36 29 1 6
38 199 21 57
42 147 7 18
44 199 1 57
45 145 1 81
45 147 4 18
46 199 7 57
49 199 4 57
50 114 10 120
58 114 1 120
59 29 4 6
60 15 1 16
63 145 4 81
63 15 13 16
65 145 7 81
69 114 25 120
70 145 10 81
72 199 10 57
72 145 19 81
74 160 13 111
79 29 7 6
82 15 4 16
82 145 22 81
84 114 16 120
86 29 13 6
90 147 13 18
91 199 25 57
91 15 19 16
92 199 13 57
94 145 25 81
95 160 22 111
95 15 31 16
96 145 28 81
97 15 22 16
98 145 31 81
101 199 16 57
101 147 19 18
105 15 28 16
105 199 31 57
105 114 34 120
108 15 25 16
109 15 34 16
115 199 34 57
116 15 37 16
119 114 19 120
120 199 28 57
121 29 19 6
122 199 43 57
123 147 16 18
123 29 22 6
124 145 37 81
125 114 22 120
131 199 37 57
131 15 40 16
131 114 28 120
132 147 25 18
133 114 31 120
134 145 34 81
137 145 40 81
140 199 40 57
141 160 31 111
142 145 43 81
144 15 43 16
147 15 46 16
149 199 52 57
151 147 28 18
151 114 37 120
155 145 46 81
155 147 31 18
156 160 16 111
163 160 37 111
163 199 46 57
163 114 40 120
165 114 43 120
166 199 49 57
167 199 55 57
169 114 46 120
171 114 49 120
172 160 27 111
174 15 52 16
177 15 55 16
177 114 52 120
177 147 22 18
179 114 58 120
184 145 49 81
184 114 55 120
186 114 1 122
187 15 1 46
187 29 16 6
190 114 4 122
193 160 40 111
194 145 52 81
195 160 34 111
195 199 58 57
195 145 55 81
196 15 49 16
196 29 25 6
200 29 28 6
202 15 4 46
204 160 49 111
206 145 1 142
206 114 7 122
208 29 31 6
209 147 34 18
211 145 4 142
212 145 7 142
213 199 1 70
213 145 58 81
216 114 10 122
219 29 37 6
221 160 43 111
222 15 58 16
225 114 13 122
229 160 46 111
230 29 34 6
232 145 10 142
232 160 58 111
233 114 16 122
234 114 19 122
235 199 4 70
237 15 7 46
244 199 7 70
245 160 52 111
246 145 13 142
249 15 10 46
251 15 13 46
251 145 16 142
253 29 40 6
254 147 39 18
255 147 43 18
256 145 19 142
257 160 1 130
259 15 16 46
261 145 22 142
263 160 55 111
264 15 19 46
265 145 25 142
265 114 22 122
266 29 43 6
266 114 25 122
1 67 28 122
3 209 11 80
5 81 11 49
6 67 31 122
7 16 5 39
8 141 13 40
11 192 23 2
12 209 17 80
12 60 7 15
20 67 33 122
21 81 3 49
24 16 10 39
29 192 5 2
32 209 23 80
34 16 7 39
36 16 13 39
37 37 5 67
40 81 1 49
41 37 11 67
42 67 35 122
43 67 37 122
45 37 17 67
46 60 1 15
47 67 39 122
48 37 29 67
48 16 1 39
48 209 5 80
52 141 1 40
52 81 7 49
53 81 17 49
54 141 5 40
54 192 29 2
55 192 11 2
55 141 15 40
55 209 29 80
57 192 17 2
61 81 5 49
62 67 41 122
63 209 35 80
70 81 13 49
71 81 9 49
72 141 3 40
73 141 7 40
74 67 47 122
77 60 5 15
79 16 3 39
80 16 16 39
81 192 35 2
89 141 9 40
91 81 28 49
93 141 11 40
94 209 41 80
95 67 43 122
98 67 45 122
98 37 23 67
100 60 9 15
102 67 49 122
102 209 47 80
103 141 17 40
103 81 15 49
104 67 51 122
104 81 25 49
108 60 3 15
109 192 41 2
109 67 53 122
109 141 19 40
110 16 25 39
117 192 47 2
117 67 55 122
119 141 22 40
119 81 41 49
119 209 53 80
122 192 53 2
122 141 25 40
124 81 21 49
129 81 31 49
130 16 21 39
131 60 11 15
133 16 19 39
136 67 57 122
140 192 59 2
141 37 35 67
143 67 59 122
144 209 59 80
145 209 25 111
148 192 1 69
148 60 13 15
149 67 1 124
149 16 23 39
149 209 3 137
150 37 47 67
153 209 1 137
154 67 3 124
155 37 41 67
155 60 15 15
156 209 5 137
159 81 19 49
159 209 7 137
161 67 5 124
162 37 53 67
163 16 29 39
164 81 23 49
166 209 9 137
169 67 7 124
169 141 27 40
170 141 29 40
170 16 27 39
172 81 33 49
173 209 11 137
174 141 31 40
175 60 17 15
175 81 35 49
185 192 3 69
185 37 59 67
185 81 43 49
188 192 5 69
189 16 31 39
189 60 19 15
190 16 33 39
190 209 13 137
191 60 23 15
194 192 7 69
194 141 33 40
194 209 15 137
195 37 9 69
196 67 9 124
196 209 17 137
197 67 11 124
201 67 13 124
201 60 21 15
202 81 37 49
204 67 15 124
207 37 11 69
207 141 35 40
209 37 13 69
209 81 39 49
211 37 15 69
212 67 17 124
212 16 35 39
212 60 29 15
213 141 37 40
214 141 39 40
214 16 37 39
215 16 39 39
216 141 41 40
220 209 19 137
221 81 46 49
224 81 49 49
225 192 17 69
229 60 25 15
232 81 53 49
233 209 21 137
235 60 27 15
239 16 43 39
239 60 31 15
245 192 19 69
248 67 19 124
248 81 55 49
249 67 21 124
249 16 45 39
249 60 33 15
251 81 51 49
252 16 41 39
254 81 57 49
254 209 23 137
255 67 23 124
257 60 35 15
257 67 25 124
258 192 21 69
260 209 25 137
260 81 5 83
261 209 27 137
262 209 29 137
263 192 23 69
264 192 25 69
268 141 46 40
269 67 27 124
269 209 31 137
270 141 43 40
1 53 33 68
1 187 19 32
4 120 13 35
4 158 49 96
5 107 25 25
5 144 31 10
6 120 7 35
7 144 13 10
7 55 19 64
8 107 15 25
8 47 19 34
10 47 13 34
10 120 19 35
11 166 49 21
12 144 9 10
14 187 15 32
16 198 25 125
18 198 19 125
18 107 31 25
20 166 55 21
21 210 43 78
22 198 1 125
22 45 7 60
24 45 19 60
24 144 25 10
24 120 31 35
25 53 37 68
25 144 19 10
27 107 37 25
27 47 25 34
28 53 43 68
29 53 49 68
29 89 1 82
31 166 39 29
31 47 31 34
31 144 43 10
32 55 9 64
33 210 49 78
35 158 55 96
36 45 25 60
36 89 31 82
37 198 7 125
37 120 37 35
38 47 37 34
38 89 25 82
40 45 3 60
42 45 13 60
43 166 43 29
44 198 13 125
44 144 37 10
44 187 7 32
45 47 7 34
46 47 43 34
47 107 7 25
49 198 31 125
49 158 7 123
51 89 7 82
53 55 31 64
53 158 19 123
54 210 55 78
55 198 37 125
57 158 1 123
58 210 19 131
58 55 13 64
59 158 25 123
61 198 49 125
61 45 31 60
62 107 19 25
64 55 25 64
65 107 1 25
65 120 25 35
65 158 13 123
66 55 43 64
67 47 1 34
67 120 43 35
69 210 31 131
70 166 49 29
70 187 1 32
75 45 55 60
77 166 55 29
77 158 31 123
78 210 37 131
78 53 55 68
79 144 49 10
80 187 25 32
81 187 31 32
82 166 7 106
83 45 37 60
84 89 19 82
85 47 49 34
85 120 1 35
86 166 1 106
86 53 7 83
86 158 37 123
87 144 1 10
88 144 1 42
89 55 49 64
92 45 43 60
92 55 37 64
96 55 1 94
99 53 1 83
101 89 37 82
101 45 49 60
102 144 55 10
104 47 55 34
105 166 13 106
105 120 49 35
107 198 43 125
108 53 19 83
108 55 55 64
109 210 43 131
111 210 25 131
112 55 7 94
113 210 49 131
115 47 1 207
115 210 55 131
116 166 31 106
119 89 13 82
120 47 7 207
121 45 7 134
122 47 13 207
123 198 55 125
123 210 1 140
123 120 7 104
125 45 13 134
125 144 7 42
126 55 13 94
126 187 43 32
127 45 43 134
128 144 13 42
129 166 25 106
132 120 13 104
133 107 43 25
135 45 19 134
135 53 13 83
137 144 19 42
137 187 49 32
138 47 25 207
139 210 7 140
139 120 55 35
141 198 1 144
143 144 31 42
144 158 49 123
145 166 19 106
147 107 55 25
147 144 25 42
147 187 7 144
150 53 25 83
153 120 3 104
155 198 25 144
155 158 55 123
157 158 1 171
158 158 43 123
160 47 19 207
162 55 19 94
165 210 13 140
165 89 49 82
166 166 37 106
166 144 43 42
166 53 31 83
166 158 19 171
167 45 37 134
168 144 49 42
168 210 19 140
168 55 25 94
170 210 31 140
170 53 37 83
171 198 13 144
171 107 31 134
171 45 55 134
171 144 1 141
171 53 43 83
174 55 33 94
175 53 49 83
175 198 19 144
175 89 55 82
176 187 37 32
178 144 55 42
180 55 37 94
181 158 13 171
183 89 19 104
184 55 43 94
185 210 25 140
186 47 31 207
187 166 43 106
189 89 25 104
191 210 37 140
191 187 31 144
192 47 39 207
192 187 55 32
195 45 25 134
195 55 49 94
196 187 37 144
197 53 55 83
198 45 49 134
198 144 37 42
199 53 1 169
200 210 49 140
201 89 43 82
202 107 49 25
202 187 43 144
202 120 31 104
203 198 55 144
204 55 55 94
205 45 1 208
207 53 7 169
207 55 13 154
207 89 37 104
208 47 43 207
209 187 49 144
209 89 43 104
210 198 1 192
210 89 49 104
214 144 7 141
215 89 55 104
215 47 49 207
217 45 7 208
217 187 13 169
218 89 1 156
219 210 43 140
220 166 49 106
221 198 13 192
221 144 19 141
224 89 7 156
224 107 1 150
224 55 19 154
224 158 25 171
225 198 7 192
225 47 55 207
226 144 13 141
227 198 25 192
227 107 13 150
227 120 1 109
228 89 13 156
229 47 1 224
229 187 19 169
230 144 25 141
230 187 37 169
231 210 55 140
233 53 25 169
234 144 31 141
237 198 19 192
238 120 7 109
240 47 7 224
240 210 13 157
240 89 25 156
242 120 19 109
244 53 1 217
245 47 13 224
249 158 37 171
250 198 37 192
250 107 7 150
250 89 19 156
251 166 55 106
251 53 31 169
251 187 1 181
252 53 45 169
252 89 31 156
253 144 43 141
255 107 19 150
255 53 49 169
255 120 13 109
257 158 7 171
258 45 13 208
258 120 25 109
260 198 31 192
260 144 37 141
260 158 43 171
261 158 31 171
262 55 1 154
263 210 1 157
264 158 49 171
265 144 49 141
266 55 31 154
267 166 1 197
268 107 25 150
269 187 55 169
270 166 7 197
270 107 31 150
1 23 10 103
4 117 19 132
6 23 13 103
7 23 25 103
7 30 37 15
12 174 19 121
13 35 10 19
13 207 13 138
17 207 16 138
19 23 16 103
21 23 19 103
23 207 19 138
24 23 4 103
26 35 13 19
26 139 25 101
27 207 10 138
28 30 40 15
29 30 43 15
30 117 13 132
32 23 28 103
34 30 46 15
35 174 13 121
39 207 22 138
44 174 4 121
44 30 49 15
50 139 22 101
51 30 52 15
52 30 55 15
53 35 1 19
54 35 19 19
55 174 22 121
58 117 4 132
60 174 7 121
60 117 10 132
64 174 1 121
66 139 28 101
67 207 7 138
68 207 1 138
75 117 1 132
76 35 4 19
76 207 25 138
80 174 10 121
83 35 7 19
84 35 25 19
85 174 16 121
86 23 22 103
90 174 25 121
90 30 58 15
92 174 49 121
92 207 4 138
92 117 16 132
93 174 28 121
94 35 16 19
94 30 1 31
99 174 31 121
100 139 31 101
102 35 22 19
103 35 28 19
103 23 1 103
104 139 37 101
104 174 40 121
106 35 31 19
108 35 34 19
111 117 7 132
112 174 34 121
113 174 37 121
115 117 25 132
115 23 7 103
118 30 7 31
119 117 28 132
119 30 4 31
121 35 43 19
123 139 34 101
126 35 37 19
129 139 40 101
130 139 46 101
131 35 46 19
131 117 31 132
132 139 49 101
133 117 22 132
134 207 28 138
139 35 40 19
141 139 52 101
145 35 49 19
148 139 43 101
148 23 37 103
152 30 10 31
153 139 55 101
156 207 37 138
160 207 33 138
161 117 43 132
162 23 31 103
163 117 49 132
164 30 13 31
165 174 46 121
172 207 40 138
172 23 46 103
173 139 58 101
174 139 1 102
174 117 37 132
176 174 43 121
177 35 58 19
177 23 34 103
178 139 4 102
179 139 7 102
180 23 49 103
182 30 16 31
185 35 52 19
186 117 40 132
187 23 40 103
188 30 25 31
190 23 52 103
191 23 43 103
196 35 55 19
197 23 1 114
203 139 10 102
204 23 4 114
205 117 34 132
205 30 19 31
208 139 13 102
209 207 55 138
213 207 43 138
216 23 55 103
220 35 1 73
220 207 46 138
225 30 22 31
226 139 22 102
228 35 4 73
228 207 49 138
230 23 58 103
231 207 52 138
234 207 58 138
234 23 7 114
235 139 16 102
238 35 13 73
238 139 19 102
240 117 46 132
241 35 7 73
242 174 55 121
243 30 28 31
244 139 25 102
246 139 28 102
246 174 16 129
246 23 25 114
247 139 31 102
247 117 52 132
249 35 16 73
250 30 34 31
251 174 7 129
253 174 52 121
253 207 1 193
256 35 10 73
256 174 4 129
257 207 4 193
257 117 58 132
258 35 33 73
258 174 1 129
260 35 19 73
261 139 39 102
262 207 7 193
263 35 25 73
266 35 22 73
270 117 55 132
1 164 17 7
1 206 23 22
2 164 23 7
4 153 31 31
7 164 11 7
11 206 29 22
17 206 13 22
20 41 11 25
21 41 5 25
22 206 5 22
22 115 11 116
25 164 5 7
26 78 17 50
28 206 1 22
32 164 35 7
32 153 37 31
33 164 29 7
33 78 5 50
35 78 11 50
36 115 4 116
44 164 41 7
45 153 39 31
47 164 47 7
48 153 41 31
49 115 1 116
51 164 59 7
51 206 11 22
51 153 43 31
53 206 7 22
54 41 13 25
59 164 53 7
59 206 31 22
60 115 15 116
62 164 1 95
63 206 16 22
63 153 45 31
64 78 23 50
64 115 7 116
70 206 19 22
76 153 47 31
80 78 29 50
82 115 13 116
83 115 17 116
84 153 49 31
87 115 9 116
93 164 3 95
93 115 21 116
95 206 3 22
97 78 35 50
98 115 25 116
98 153 51 31
101 153 53 31
103 206 9 22
105 78 41 50
109 164 5 95
115 41 23 25
116 153 55 31
118 164 10 95
119 164 7 95
124 153 57 31
126 153 59 31
127 41 29 25
135 78 53 50
135 153 1 91
136 41 35 25
136 78 47 50
136 206 25 22
136 153 3 91
137 41 53 25
138 206 37 22
139 206 21 22
141 164 17 95
142 206 33 22
146 164 13 95
154 41 41 25
158 115 19 116
160 206 27 22
161 41 47 25
161 115 23 116
167 164 19 95
169 115 29 116
170 153 5 91
173 78 1 84
181 41 59 25
183 115 27 116
184 41 1 36
186 164 15 95
186 115 35 116
192 206 35 22
192 153 7 91
196 164 21 95
198 164 23 95
200 153 9 91
200 164 25 95
201 164 29 95
201 78 59 50
203 206 39 22
204 164 27 95
204 115 33 116
206 164 31 95
208 206 41 22
209 115 37 116
211 41 7 36
215 78 3 84
216 164 35 95
217 41 3 36
219 153 11 91
221 41 5 36
224 153 13 91
228 41 11 36
228 78 17 84
229 206 43 22
230 164 41 95
240 164 33 95
244 115 39 116
249 164 43 95
263 41 9 36
266 153 15 91
269 78 5 84
2 98 19 170
3 34 13 87
4 33 25 149
6 34 19 87
6 10 25 189
6 21 43 11
7 121 49 18
8 33 31 149
8 150 25 8
9 121 55 18
10 98 25 170
10 121 31 124
12 134 31 8
12 21 49 11
13 110 27 69
14 33 19 149
15 152 19 85
16 34 31 87
17 10 19 189
18 127 25 74
19 33 37 149
19 98 31 170
20 127 37 74
21 134 37 8
21 21 55 11
21 121 49 124
21 127 31 74
22 44 19 77
23 98 13 170
23 110 31 69
26 33 43 149
26 167 31 118
26 121 37 124
28 121 55 124
28 34 25 87
30 197 19 139
30 110 37 69
30 152 25 85
31 9 49 153
33 44 25 77
33 18 31 46
34 134 9 8
34 18 37 46
34 150 19 8
35 98 37 170
36 142 37 85
37 167 15 118
37 121 43 124
38 110 43 69
39 202 25 154
40 170 15 26
40 110 49 69
40 150 43 8
40 127 55 74
41 152 13 85
41 127 19 74
42 134 1 8
43 34 1 87
43 202 7 154
43 142 31 85
44 98 43 170
44 134 55 8
45 127 13 74
46 34 49 87
47 33 49 149
49 33 55 149
49 134 49 8
49 202 37 154
49 150 19 37
51 110 55 69
52 134 13 8
52 121 43 192
53 98 49 170
53 152 43 85
54 170 25 26
54 110 31 97
56 167 1 118
56 9 43 153
56 18 25 46
57 197 13 139
57 150 25 37
59 170 33 26
60 98 55 170
60 127 43 74
62 9 55 153
62 121 49 192
63 44 31 77
63 142 55 85
64 98 43 183
65 21 19 84
66 33 1 149
67 202 49 154
68 197 7 139
69 10 1 189
70 98 37 183
71 167 19 118
71 127 1 74
72 34 37 87
72 134 43 37
73 170 1 26
73 150 13 37
74 170 7 26
74 202 55 154
74 150 37 37
75 197 27 139
75 121 31 193
76 170 19 26
76 10 9 189
77 202 7 196
77 152 49 85
78 134 7 37
81 98 1 170
81 34 43 87
81 33 15 149
81 134 49 37
81 21 37 84
82 10 15 189
82 170 37 26
82 44 43 77
83 202 1 196
84 33 7 149
84 98 51 183
85 9 55 192
86 10 31 189
87 34 55 87
87 134 31 37
87 9 13 243
87 127 19 174
88 167 7 118
89 152 1 85
90 33 19 165
90 10 37 189
90 150 49 117
90 121 43 193
91 142 7 85
91 18 43 46
93 170 43 26
94 10 43 189
95 142 7 210
95 110 37 97
95 152 45 206
96 202 43 154
96 152 13 206
97 9 1 243
97 10 49 189
97 18 7 56
98 9 7 243
99 34 7 87
99 127 49 74
100 98 55 183
100 134 13 56
100 10 19 195
100 21 25 84
101 9 25 243
101 44 55 77
102 121 37 193
102 127 1 174
103 110 19 97
103 18 49 46
103 21 43 84
103 152 37 206
105 21 55 84
105 152 1 206
106 202 13 196
106 110 1 97
106 121 19 193
107 197 1 139
107 110 7 97
107 18 55 46
108 121 49 193
109 34 1 249
109 142 21 210
109 150 55 37
111 110 13 97
112 10 55 189
112 44 15 77
112 110 27 97
112 21 49 84
115 150 13 130
116 202 49 196
116 152 7 206
117 170 49 26
117 44 1 180
117 142 13 210
117 18 25 56
117 150 57 117
118 197 31 139
118 167 25 118
119 127 9 74
120 33 1 165
121 167 55 118
122 197 49 139
123 18 39 56
125 197 55 139
126 167 49 118
126 142 1 210
128 34 7 249
128 127 25 174
129 33 7 165
129 121 13 193
130 18 1 56
130 150 7 130
130 152 31 206
130 127 55 171
131 152 55 206
132 21 31 84
132 152 19 206
133 98 7 170
133 110 49 97
134 10 1 195
134 202 19 196
135 10 7 195
135 44 37 77
135 110 55 97
135 150 49 130
136 170 37 137
136 18 31 56
137 44 13 180
137 127 55 174
138 202 39 196
138 18 43 56
138 127 7 174
139 197 43 139
139 44 31 180
140 34 31 249
141 202 45 196
142 202 55 196
142 44 7 180
143 21 7 84
143 152 49 206
143 127 13 174
145 134 1 71
145 202 27 196
146 98 15 197
146 21 1 105
147 202 31 196
148 44 19 180
150 33 13 165
151 18 49 56
151 21 7 105
152 33 25 165
152 202 19 234
152 10 31 195
152 121 55 193
153 98 25 197
154 170 55 26
155 150 37 130
156 197 19 197
157 142 25 210
158 150 21 130
158 121 25 193
159 134 21 56
159 34 13 249
160 170 43 137
160 10 13 195
160 110 3 152
161 18 55 56
164 202 7 234
164 152 25 206
165 10 25 195
166 202 25 234
167 167 43 118
167 18 1 223
168 127 55 195
169 10 49 195
169 127 31 174
170 197 43 197
170 9 19 243
170 127 49 174
172 197 49 197
172 134 7 71
173 18 51 150
173 202 3 234
173 98 31 197
174 202 13 234
174 110 43 97
176 21 13 84
176 127 1 225
177 33 43 165
177 170 13 147
178 167 45 150
178 142 31 210
178 18 7 223
180 9 31 243
180 150 25 130
182 10 1 218
182 18 55 150
183 33 31 165
186 142 43 210
187 98 7 203
188 98 1 203
188 34 43 249
189 34 21 249
189 167 1 162
191 21 13 105
193 34 25 249
194 202 37 234
194 44 43 180
195 121 1 220
196 134 31 71
196 142 1 232
197 33 7 176
197 127 13 225
199 170 51 137
199 110 7 152
199 142 37 210
199 18 13 223
199 150 43 130
200 9 37 243
201 9 55 243
201 202 31 234
201 110 15 152
201 150 1 258
202 167 39 118
202 18 19 223
203 197 13 203
203 134 19 71
203 170 33 137
204 167 37 150
206 202 43 234
207 202 49 234
207 21 19 105
208 142 49 210
208 21 25 105
209 18 25 223
209 150 7 258
210 167 7 162
210 44 25 180
212 33 37 165
212 152 13 213
213 110 19 152
214 98 55 197
214 134 13 71
214 10 45 195
215 98 19 203
215 170 7 147
218 18 51 223
219 167 13 162
219 9 49 243
219 18 55 223
219 150 1 288
220 34 39 249
220 134 55 71
220 10 7 218
221 150 31 130
222 98 37 197
222 121 7 220
222 152 1 213
223 44 55 180
223 167 19 162
224 21 31 105
225 197 37 139
226 150 25 258
227 98 31 203
227 167 49 162
228 98 25 203
228 44 37 180
229 197 37 203
229 167 27 162
229 202 55 234
229 44 49 77
229 150 13 258
230 10 13 218
231 34 1 251
231 10 37 195
231 202 27 239
232 10 19 218
235 9 43 243
235 150 55 130
236 10 31 218
236 21 39 105
237 98 55 203
237 197 1 270
238 10 25 218
239 167 33 162
239 142 55 210
241 110 25 152
241 121 13 220
243 197 43 203
243 202 3 239
244 9 13 248
246 121 31 220
247 134 25 71
247 10 37 218
248 18 37 223
250 10 43 218
250 44 49 180
251 167 37 162
252 170 55 137
252 18 1 238
253 33 55 165
253 110 7 214
254 197 7 270
254 167 43 162
254 44 1 293
254 127 25 225
255 33 1 176
255 18 31 223
255 127 37 174
258 127 43 174
259 197 49 203
259 10 55 218
260 197 13 270
261 170 1 147
262 134 43 71
263 142 13 232
264 9 7 248
264 44 13 293
265 9 37 248
266 134 37 71
267 150 19 258
267 127 7 225
268 33 13 176
268 110 37 152
268 44 7 293
269 33 49 165
270 197 19 270
3 177 19 91
4 113 22 224
9 86 13 41
15 50 49 39
17 50 52 39
18 87 37 172
20 36 43 58
24 50 55 39
26 87 28 172
29 177 22 91
30 50 58 39
33 36 46 58
35 36 49 58
38 87 31 172
40 177 25 91
45 87 19 172
47 50 1 110
48 177 31 91
52 113 19 224
53 177 28 91
57 86 10 41
59 113 37 224
62 177 34 91
62 87 25 172
65 177 37 91
65 87 10 172
66 177 49 91
69 36 52 58
69 87 7 172
71 113 25 224
76 113 28 224
80 87 1 172
82 87 34 172
87 113 40 224
87 50 25 110
87 87 43 172
88 113 31 224
89 113 34 224
89 87 13 172
94 87 4 172
97 87 16 172
98 50 4 110
99 113 43 224
106 113 46 224
106 87 40 172
107 50 13 110
107 87 22 172
110 86 7 41
112 113 1 226
115 113 49 224
117 113 7 226
118 50 16 110
123 36 13 127
123 113 19 226
124 86 1 41
126 36 55 58
126 177 9 136
128 50 19 110
129 50 33 110
129 86 4 41
134 36 58 58
139 177 52 91
140 36 1 127
141 177 40 91
145 86 16 41
146 86 19 41
148 50 7 110
150 177 43 91
150 86 22 41
151 36 4 127
151 50 40 110
152 113 52 224
152 87 46 172
157 36 7 127
157 177 49 116
158 50 10 110
159 113 4 226
161 86 25 41
161 113 10 226
163 113 55 224
164 50 37 110
165 177 55 91
167 87 58 172
170 113 58 224
170 86 55 41
171 86 52 41
173 36 16 127
176 50 28 110
177 50 10 127
178 36 19 127
178 86 37 41
179 113 22 226
184 50 22 110
185 50 45 110
186 87 49 172
187 113 13 226
191 36 25 127
191 177 46 91
191 86 28 41
192 50 49 110
194 113 49 226
195 50 22 127
197 36 28 127
198 113 16 226
201 36 37 127
201 86 40 41
204 86 19 176
204 87 52 172
207 36 31 127
208 87 55 172
211 36 34 127
215 50 43 127
218 113 25 226
220 36 13 181
220 87 16 184
221 36 40 127
222 86 31 41
225 86 34 41
225 87 19 184
233 113 31 226
233 177 52 116
238 177 43 116
238 50 52 110
239 113 28 226
243 36 49 127
244 113 10 229
247 36 46 127
247 113 34 226
247 86 43 41
250 177 58 91
252 36 52 127
255 177 46 116
256 177 13 136
258 113 37 226
258 87 40 184
260 113 52 226
264 177 55 116
7 188 17 8
7 157 23 8
9 129 16 38
9 188 29 8
11 157 35 8
14 208 37 18
14 157 5 8
15 208 46 18
18 173 5 63
20 103 41 8
22 129 23 38
23 173 17 63
23 188 47 8
28 157 53 8
30 208 53 18
36 173 11 63
36 54 23 60
39 103 59 8
39 208 5 109
39 157 49 40
42 157 51 40
43 129 5 38
43 54 17 60
44 103 11 12
45 103 22 12
46 188 47 21
50 129 3 38
54 173 23 63
57 208 59 18
57 188 53 21
59 188 7 8
61 103 1 12
64 129 9 38
67 129 13 38
68 173 29 63
68 208 11 109
69 208 29 109
71 129 7 38
73 54 29 60
73 157 53 40
74 129 1 38
76 188 59 21
79 208 23 109
80 208 31 109
83 208 33 109
84 129 28 38
84 188 45 22
85 54 11 60
87 173 35 63
90 173 41 63
94 208 35 109
95 157 55 40
97 129 11 38
100 173 47 63
102 54 35 60
103 103 4 12
103 208 41 109
104 173 53 63
105 157 59 40
105 173 5 78
107 208 17 109
107 54 41 60
111 208 37 109
111 188 47 22
111 157 57 40
114 129 37 38
115 54 47 60
120 157 47 95
120 173 59 63
120 208 49 109
124 157 49 95
126 188 53 22
129 54 1 60
132 129 35 38
140 103 7 12
141 54 59 60
143 103 17 12
145 157 37 95
145 188 59 22
145 103 9 12
146 103 29 12
146 173 11 78
149 129 19 38
149 208 39 109
151 157 1 59
154 54 53 60
156 208 43 109
158 54 5 100
159 188 49 22
159 103 25 12
161 188 51 22
161 208 53 109
164 173 17 78
165 54 11 100
166 157 52 95
167 208 47 109
170 208 1 159
173 54 23 100
175 54 25 100
178 129 49 38
180 157 55 95
184 129 25 38
186 54 17 100
186 157 57 95
188 129 31 38
190 173 23 78
191 103 19 12
193 54 35 100
193 188 55 22
194 208 55 109
195 103 13 12
198 208 45 109
200 129 21 38
200 157 59 95
200 103 15 12
202 54 47 100
203 173 29 78
206 103 27 12
212 157 45 95
213 173 35 78
213 188 29 124
214 157 11 107
215 103 31 12
215 173 41 78
216 173 53 78
216 54 59 100
218 208 57 109
219 129 40 38
221 157 17 107
222 157 13 107
223 129 43 38
225 54 41 100
226 208 51 109
226 188 35 124
230 173 47 78
230 208 55 127
232 188 41 124
233 157 39 95
234 173 5 105
235 157 7 107
237 54 11 104
238 157 22 107
244 157 19 107
245 173 59 78
246 54 23 104
247 103 41 12
247 173 11 105
247 188 57 22
248 103 35 12
248 188 47 124
253 173 17 105
255 103 53 12
257 157 15 107
259 208 59 109
260 188 7 146
262 157 25 107
263 129 33 38
267 103 33 12
269 208 59 127
1 61 37 112
2 14 25 51
3 14 31 51
6 14 37 51
7 143 45 38
8 180 37 52
9 180 19 52
10 84 37 30
10 58 43 98
12 58 25 98
13 38 19 48
13 58 31 98
14 99 25 108
16 84 43 30
17 38 25 48
17 180 31 52
18 84 49 30
19 84 19 30
22 99 31 108
24 99 37 108
25 99 7 108
26 61 49 112
27 38 31 48
29 58 13 98
30 143 49 98
34 99 49 108
34 61 31 112
35 180 25 52
36 14 43 51
37 14 49 51
37 180 55 52
38 38 49 48
39 58 37 98
41 58 55 98
42 61 19 112
43 61 25 112
45 99 43 108
45 58 25 151
46 61 13 112
47 61 55 112
48 14 7 51
50 99 55 108
50 61 43 112
52 180 9 52
53 14 55 51
55 84 55 30
55 180 49 52
56 14 37 114
56 84 7 30
57 14 19 51
58 180 43 52
59 61 43 146
60 99 25 155
60 61 31 146
62 38 37 48
63 99 19 108
63 38 25 184
63 143 37 136
65 61 49 146
66 14 19 114
67 14 15 51
67 84 25 30
68 14 31 114
71 61 13 146
72 58 25 159
73 38 43 48
74 143 51 38
76 180 31 238
79 99 13 108
79 84 31 30
81 143 55 38
83 14 13 114
84 38 1 48
84 180 37 238
84 61 55 146
86 58 49 151
89 14 43 114
91 61 37 146
93 84 7 155
95 84 49 155
97 14 25 175
100 14 49 114
102 99 31 155
103 143 55 136
106 99 7 112
106 143 49 136
108 61 9 146
109 143 7 98
110 143 27 136
110 61 13 175
111 99 1 108
112 61 19 146
114 180 1 52
116 14 1 51
118 99 19 155
118 180 43 238
121 14 1 175
122 14 55 114
127 180 13 52
128 99 37 155
130 61 37 175
133 99 13 155
134 38 13 48
134 143 43 136
134 84 37 233
134 61 49 175
136 38 43 184
137 99 1 112
137 38 25 217
142 38 13 217
142 84 1 30
143 58 1 98
145 58 31 151
146 84 7 233
149 143 55 141
150 14 7 175
152 58 37 151
156 58 1 151
157 84 13 30
157 58 19 98
159 180 9 238
161 180 13 238
164 58 19 151
171 38 7 48
172 38 55 48
175 143 3 136
176 61 31 175
178 14 13 237
179 180 25 238
179 61 43 175
180 38 57 184
180 180 19 238
181 38 31 184
181 84 1 155
181 180 49 238
184 38 7 217
185 58 7 151
191 38 49 184
192 61 1 146
193 99 43 155
194 180 57 238
195 14 15 263
200 14 55 175
200 143 31 136
206 143 19 136
208 38 19 217
208 14 1 237
210 14 19 175
211 61 25 146
213 58 13 151
214 84 1 233
215 84 25 233
217 61 43 202
221 14 25 237
226 58 3 159
228 14 19 237
230 14 43 237
232 84 13 233
234 58 43 151
235 99 9 201
237 84 31 233
238 14 31 237
238 58 37 159
240 84 55 155
241 84 19 233
242 38 31 217
242 14 7 237
244 61 21 202
249 99 1 201
249 38 49 217
249 58 55 151
251 38 19 245
251 14 25 263
255 84 55 233
259 38 37 217
261 84 43 233
263 38 43 217
263 61 37 202
264 84 27 246
265 99 13 201
267 38 55 217
268 84 19 246
1 106 43 3
3 106 37 3
4 101 33 54
5 101 37 54
9 92 25 164
12 92 22 164
18 101 40 54
18 6 43 182
19 101 13 54
21 190 16 54
22 92 28 164
24 92 43 164
25 190 25 54
31 6 25 182
35 190 22 54
37 190 31 176
41 101 43 54
41 106 46 3
42 106 40 3
44 92 19 164
45 92 31 164
49 92 16 164
51 190 4 54
52 6 22 182
53 101 37 177
53 106 40 73
54 101 46 54
59 92 1 164
59 106 49 3
68 101 19 54
73 92 34 164
78 106 52 3
80 190 37 73
82 101 1 54
82 106 55 3
85 6 7 182
88 106 28 73
88 190 49 54
92 106 58 3
99 6 19 182
101 101 7 54
109 106 49 73
110 6 10 182
113 101 10 54
116 190 57 54
120 6 31 182
121 101 28 54
123 101 28 177
125 106 52 73
128 106 43 73
131 101 1 177
133 92 37 164
136 190 52 54
140 6 4 182
144 101 4 177
150 92 4 164
154 106 46 73
156 101 7 177
158 101 13 177
158 190 55 73
160 190 58 73
163 92 7 164
164 92 40 164
167 92 21 216
180 101 10 177
180 190 46 176
181 92 46 164
182 190 34 176
183 6 1 182
183 101 16 177
190 190 25 176
190 92 10 164
192 106 9 212
194 92 1 216
200 6 1 265
200 101 4 228
207 106 25 212
207 190 28 176
210 92 55 164
210 190 37 176
213 101 25 177
214 106 19 212
215 6 13 182
216 190 22 176
218 190 7 178
220 190 43 176
226 101 31 177
226 6 37 182
228 190 52 176
232 190 1 178
234 6 16 182
234 190 49 176
235 106 1 212
236 6 46 182
242 6 40 182
248 101 21 177
248 106 4 212
253 106 13 212
257 190 40 176
260 6 28 182
263 190 19 178
264 106 22 212
267 92 13 164
268 190 58 176
269 6 34 182
3 52 53 100
5 83 23 32
5 52 53 124
13 52 59 124
15 109 5 10
15 52 23 168
17 109 23 10
17 80 29 83
18 52 11 168
19 5 47 11
20 5 53 11
21 109 29 10
25 80 11 83
30 109 17 10
32 80 17 83
34 80 23 83
43 109 35 10
48 5 59 11
48 83 11 32
50 109 7 10
52 52 17 168
54 109 41 10
57 80 35 83
58 5 7 62
58 52 29 168
61 83 13 32
63 5 23 62
66 109 47 10
71 83 5 32
73 83 41 32
75 83 35 32
78 52 5 168
83 109 53 10
83 80 41 83
86 109 59 10
87 5 5 62
90 109 5 144
90 80 47 83
95 5 29 62
96 80 53 83
103 80 59 83
105 80 37 102
106 5 17 62
106 83 53 32
107 5 35 62
111 52 35 168
112 5 41 62
112 83 47 32
119 80 43 102
120 5 53 62
124 109 31 116
125 52 47 168
127 80 49 102
130 80 35 102
137 5 59 62
138 52 53 168
142 109 59 116
145 80 45 102
148 80 47 102
153 80 51 102
154 83 29 32
160 109 41 116
160 83 11 88
162 109 11 144
162 52 41 168
165 5 41 69
168 80 53 102
169 109 17 144
171 109 23 144
174 52 59 168
175 52 1 173
176 5 35 69
179 80 29 142
181 83 5 88
189 52 5 173
191 5 53 69
194 80 31 142
197 5 47 62
197 80 59 102
199 80 55 102
200 5 47 69
201 5 35 144
202 83 59 32
203 83 59 38
204 109 29 144
206 109 47 144
209 80 47 142
210 83 17 88
216 5 5 147
223 5 59 69
227 80 35 142
229 5 53 144
231 109 41 144
232 52 7 173
236 5 59 144
241 83 23 88
243 52 9 173
245 83 25 88
253 52 11 173
258 80 49 142
260 52 17 173
262 109 49 164
266 5 11 147
268 80 41 142
269 83 13 88
270 5 17 147
6 72 33 36
6 43 49 66
7 43 31 66
8 43 43 66
8 149 49 24
8 116 55 115
9 48 37 142
9 149 31 24
10 119 49 105
12 48 43 142
13 116 37 115
14 3 31 148
15 48 55 142
17 3 37 148
19 49 25 61
19 149 43 24
19 24 49 6
20 43 25 66
20 49 49 61
22 72 37 36
22 43 55 66
25 49 13 61
25 116 31 115
27 43 43 115
28 119 19 264
28 116 49 115
29 48 55 177
30 72 43 36
31 48 55 212
32 72 13 36
32 49 19 61
33 3 19 148
35 48 43 177
36 3 49 148
39 72 51 36
39 48 31 212
42 48 43 212
42 49 55 61
42 24 25 90
43 24 55 6
47 119 31 264
48 48 51 142
49 72 25 36
50 119 37 264
51 149 19 24
51 119 45 105
52 72 37 212
54 24 37 12
54 72 49 212
56 149 55 24
58 119 55 105
61 119 7 264
61 24 55 12
65 49 31 61
66 24 55 90
67 149 37 24
67 119 55 264
68 149 25 24
69 48 37 240
71 49 43 61
71 119 49 264
73 24 49 12
74 149 3 24
76 3 43 148
76 22 37 66
77 49 37 61
77 116 19 115
79 72 55 36
79 22 25 187
82 3 25 148
82 116 49 225
83 49 19 179
85 48 21 240
88 43 37 204
89 3 25 191
91 49 49 179
93 149 31 213
94 72 19 36
94 116 7 115
94 24 31 90
95 72 57 251
96 72 19 251
96 149 37 213
97 48 43 240
98 3 13 148
98 119 27 264
101 72 31 251
101 48 1 240
102 24 43 12
104 43 1 66
104 149 15 24
106 3 55 148
107 149 49 213
110 119 43 264
111 72 39 251
111 49 31 179
114 43 7 66
118 43 55 204
119 22 55 110
119 24 45 90
120 116 55 225
122 72 31 269
123 22 43 187
124 72 7 251
125 149 1 230
125 119 31 272
128 119 49 272
131 3 7 148
131 116 13 115
133 116 25 115
136 48 13 240
139 72 13 251
139 119 1 264
140 48 51 164
141 43 19 66
144 3 7 191
144 49 25 179
145 149 39 230
146 22 37 187
147 119 13 264
149 72 7 269
149 116 13 246
153 43 13 66
153 49 7 61
153 119 43 272
154 22 7 187
154 48 49 177
155 49 1 61
156 24 49 90
157 3 31 191
158 72 37 269
158 149 31 230
160 48 49 240
161 3 1 191
161 116 19 225
162 116 1 115
162 119 13 272
169 3 9 250
170 22 13 187
171 43 19 204
172 116 1 246
174 24 7 90
174 149 19 213
175 116 37 225
178 24 51 271
182 43 7 204
183 49 7 179
185 116 31 225
185 49 13 179
186 72 25 251
186 48 7 240
186 49 19 201
188 43 13 204
190 22 19 187
190 24 15 90
192 149 25 213
192 24 19 90
193 48 57 240
194 116 9 246
196 48 43 269
198 116 1 255
198 22 7 227
203 3 43 191
203 119 1 272
204 24 7 271
205 24 37 90
206 116 33 246
207 22 55 187
212 22 31 187
213 49 39 179
214 48 25 240
217 3 49 191
218 49 13 253
221 72 49 251
222 3 15 191
222 49 43 179
222 149 19 230
222 24 25 271
224 3 37 191
224 22 51 187
226 22 7 255
235 119 19 272
236 43 1 204
237 72 13 269
238 72 1 269
240 3 37 250
241 116 43 225
245 3 21 191
245 43 31 204
248 3 57 191
249 49 25 201
254 48 31 240
255 72 25 269
257 149 43 213
259 116 43 246
262 149 55 213
265 149 43 230
265 24 55 271
267 3 25 250
269 49 1 179
269 116 15 255
269 24 19 271
270 48 49 269
1 112 55 179
4 28 37 199
14 28 40 199
23 28 22 199
33 112 58 179
40 112 28 200
43 57 49 152
47 112 13 200
47 57 22 184
65 57 43 152
77 57 25 200
84 57 31 152
87 57 46 152
91 112 34 200
93 57 52 152
99 112 46 200
101 57 13 184
105 28 7 199
111 28 10 199
121 28 25 199
127 28 1 199
137 57 37 184
147 28 43 199
148 28 4 199
154 28 13 199
154 57 34 152
165 112 1 200
167 112 25 236
179 28 19 199
183 57 57 152
184 112 4 200
190 112 7 200
197 28 31 199
198 28 28 199
206 57 16 200
211 57 10 200
214 28 34 199
216 57 19 200
217 112 55 200
220 57 22 200
221 28 57 199
222 28 49 199
226 57 40 200
231 28 16 199
232 112 31 200
235 28 13 261
237 57 37 200
241 57 49 200
243 57 52 200
243 28 19 261
260 28 9 261
262 112 10 236
265 57 1 242
266 57 58 200
266 112 1 236
270 57 4 242
3 59 17 43
5 195 17 48
7 51 29 26
13 195 23 48
19 195 11 48
25 46 17 65
26 46 23 65
31 46 5 65
36 46 29 65
37 46 35 65
40 195 35 48
41 46 41 65
47 46 11 65
50 59 13 43
51 51 23 26
54 195 53 48
56 195 5 48
59 59 23 43
62 51 13 26
64 59 4 43
66 195 41 48
67 46 47 65
71 46 53 65
71 51 41 26
72 195 29 48
77 51 11 26
84 195 59 48
85 46 59 65
88 46 5 126
89 51 5 26
90 59 11 43
106 51 59 26
110 51 47 26
111 195 5 162
114 51 53 26
116 195 47 48
126 195 17 162
132 195 11 162
133 195 41 162
134 195 23 162
135 59 25 43
136 195 55 162
136 46 1 126
141 51 11 37
142 59 29 43
145 195 47 162
151 195 25 162
152 51 17 37
161 51 31 26
171 195 59 162
174 46 11 126
182 59 31 43
185 51 23 37
186 195 53 162
202 46 7 126
204 46 13 126
204 51 35 37
205 51 29 37
206 51 53 37
207 195 5 188
207 59 41 43
210 46 23 126
211 46 17 126
213 195 31 162
213 51 47 37
214 59 49 43
221 46 3 126
222 195 11 188
222 59 34 43
227 51 59 37
228 59 1 43
233 195 23 188
234 51 41 37
235 46 25 126
236 59 7 43
237 46 27 126
238 51 46 41
243 59 37 43
246 195 35 188
247 51 49 41
253 51 59 41
255 195 17 188
256 46 29 126
261 51 5 56
263 51 11 56
265 46 19 126
266 195 46 188
267 59 43 43
270 51 29 56
270 59 15 43
1 1 49 128
3 1 43 128
4 1 55 128
4 175 43 241
6 90 55 186
9 172 49 182
10 40 55 33
13 12 43 159
14 12 49 159
15 171 31 33
17 175 55 202
21 1 25 161
22 111 43 126
23 1 37 128
23 171 25 33
23 111 49 126
25 1 43 161
26 172 55 182
27 175 49 202
29 40 37 33
32 175 31 202
34 111 55 126
36 40 55 214
39 71 43 107
40 175 37 241
41 90 49 186
46 1 31 161
48 172 13 268
48 90 25 186
50 172 31 268
50 171 49 33
51 71 27 107
52 90 31 186
58 172 25 268
59 40 55 270
60 172 37 268
60 12 49 215
61 40 15 33
61 71 37 107
61 12 19 159
62 12 43 215
65 40 55 281
70 1 15 161
70 171 43 33
75 111 7 161
78 71 43 201
78 12 1 215
78 90 21 186
79 90 37 186
80 71 33 107
85 40 31 214
85 172 43 268
88 175 43 251
90 90 33 228
92 1 19 161
93 172 55 268
100 71 43 205
101 171 43 220
102 172 51 268
107 40 37 214
108 171 37 220
108 172 43 273
109 71 37 201
111 71 49 107
111 172 19 268
112 175 37 255
113 90 1 186
114 71 55 107
114 111 39 126
114 175 49 241
116 71 13 205
118 171 37 228
124 12 13 159
127 1 51 161
127 171 7 33
129 1 43 236
129 111 49 282
130 1 13 236
130 171 49 220
135 71 3 205
141 175 7 202
144 1 37 161
144 172 19 273
150 175 55 241
151 172 33 273
153 71 31 201
154 12 19 215
155 172 7 268
155 111 49 292
156 111 55 161
163 40 1 33
164 111 43 282
168 40 1 214
172 40 19 33
176 1 55 236
181 12 55 159
181 111 19 282
181 175 37 263
182 171 49 228
184 172 13 273
184 12 37 215
188 1 49 236
190 172 37 273
192 40 13 214
193 1 1 161
193 71 49 201
194 1 19 236
197 171 19 220
198 12 19 255
202 40 9 281
202 111 13 282
205 171 25 220
206 90 37 256
208 12 7 159
209 12 15 215
209 175 19 241
210 111 43 292
211 171 19 228
212 12 49 255
213 171 7 228
213 172 49 273
219 90 7 186
220 90 31 256
223 40 25 214
223 12 7 215
224 175 15 202
228 175 31 241
236 40 19 214
239 40 45 214
241 1 1 274
243 172 55 273
245 12 43 255
246 171 37 229
248 175 7 241
250 172 1 268
253 1 19 274
256 40 25 270
256 12 31 159
258 111 7 282
258 90 51 256
262 1 13 274
262 40 51 214
269 171 7 231
270 71 25 205
270 172 45 277
2 93 16 143
3 176 22 129
3 93 25 143
4 176 40 129
6 108 16 55
9 56 43 147
11 176 31 129
12 94 37 86
13 31 49 208
14 178 43 89
16 178 13 89
18 108 46 55
18 77 58 121
18 93 55 143
22 176 25 129
24 93 46 143
25 77 28 241
31 178 28 89
32 56 25 147
38 94 55 86
42 94 37 246
44 77 25 241
46 176 55 129
46 94 58 86
48 108 19 55
49 178 46 89
52 176 28 129
57 178 31 89
57 93 43 143
57 94 46 86
59 93 40 143
60 176 22 242
63 77 1 241
64 93 13 143
64 108 31 55
66 31 25 202
68 93 4 143
69 108 13 55
69 56 49 147
69 94 55 229
70 56 55 147
73 178 19 89
73 31 22 208
75 31 4 202
76 108 1 55
76 56 52 147
78 178 25 89
78 56 49 160
84 108 34 55
85 176 13 129
85 56 37 147
85 94 40 86
86 93 19 143
88 108 22 55
90 94 16 229
93 56 40 147
94 108 28 55
94 94 49 86
95 93 34 143
97 93 37 143
98 108 34 126
99 178 34 89
100 178 34 205
111 93 43 173
113 77 7 273
113 178 40 89
114 93 13 173
116 77 40 282
116 176 22 257
117 56 19 147
121 31 31 208
122 31 46 208
123 178 31 205
127 178 4 89
128 108 22 173
128 77 34 282
129 94 37 275
132 108 37 55
132 176 46 129
133 31 34 208
134 108 25 55
134 178 55 89
140 56 9 160
140 31 37 208
140 93 55 173
143 108 55 55
144 108 33 173
146 176 49 129
152 178 7 89
153 56 58 147
155 108 43 55
156 77 13 241
158 176 58 129
159 176 34 129
159 94 43 86
160 176 37 129
160 94 55 246
165 108 4 55
165 93 22 143
173 108 7 55
174 77 4 130
174 94 25 229
175 31 28 202
176 178 10 89
179 94 31 229
181 31 43 208
183 176 13 242
183 56 4 160
186 178 37 89
187 94 52 86
189 77 16 241
189 93 7 143
190 31 1 202
190 178 49 89
192 94 43 229
193 108 10 55
193 178 16 89
193 94 7 229
195 108 19 173
199 31 25 208
203 56 25 160
205 108 49 55
205 178 22 89
206 108 13 228
208 93 58 143
209 108 58 55
211 56 31 147
212 31 19 208
217 176 28 242
217 178 58 89
218 93 10 143
220 176 4 257
223 94 1 229
224 31 55 208
228 108 58 164
229 108 31 126
230 108 52 55
234 77 10 273
236 108 25 173
237 176 40 177
238 178 16 235
240 56 22 147
241 77 57 282
242 176 37 242
243 108 40 55
243 77 25 273
243 56 34 147
245 93 49 143
249 93 7 232
250 77 28 273
250 93 25 232
251 178 10 205
253 93 28 143
253 56 37 160
261 31 52 208
262 178 19 205
263 77 28 282
263 93 49 173
266 178 52 89
269 93 40 173
270 56 1 160
2 133 47 12
5 133 59 12
10 161 47 6
11 161 53 6
15 200 29 106
17 161 59 6
20 161 17 86
22 200 17 106
23 200 57 102
30 161 5 86
34 200 35 106
35 161 29 86
36 161 41 94
41 200 5 106
43 133 19 43
50 161 29 94
50 200 41 106
54 200 59 106
55 133 47 43
76 161 23 86
79 133 45 43
83 133 27 43
86 200 11 106
87 161 11 86
91 200 47 106
107 161 31 86
118 133 53 43
129 200 53 106
133 161 5 94
138 133 51 43
143 161 11 94
147 200 23 106
150 133 59 43
152 133 59 76
153 200 11 170
154 200 5 170
159 200 17 170
165 133 39 43
172 133 31 143
177 200 29 170
181 133 53 143
192 200 47 170
196 133 5 154
198 133 11 154
200 133 17 154
203 133 23 154
205 133 9 43
210 200 35 170
212 133 41 154
212 200 23 170
213 200 5 179
214 200 41 170
216 133 29 154
217 200 53 170
222 133 55 43
226 133 1 143
228 161 23 94
230 133 21 43
232 133 47 154
233 133 35 154
235 161 31 94
237 133 59 154
238 161 59 94
244 200 17 179
247 161 17 94
255 200 59 170
256 200 23 179
257 133 53 154
257 161 47 94
259 133 23 158
2 163 31 160
3 27 49 221
5 100 43 219
5 27 55 221
11 75 37 135
15 88 37 75
16 75 49 135
16 88 55 75
17 194 43 157
23 194 43 260
24 194 49 157
25 194 55 157
25 163 49 280
27 100 55 219
28 163 31 280
29 88 31 75
32 27 39 221
35 88 31 255
39 163 13 160
43 2 21 157
45 194 49 260
45 88 55 255
48 163 43 160
56 194 49 277
57 2 49 204
58 75 31 135
68 88 43 75
73 27 37 271
80 2 43 204
80 163 19 160
94 100 37 219
99 27 55 283
104 163 27 280
104 75 43 135
110 163 55 160
110 88 49 75
113 163 43 280
113 75 55 135
119 163 49 288
126 88 19 75
133 194 55 260
138 163 1 280
138 75 55 244
141 75 55 254
150 163 49 294
154 163 37 280
156 163 25 288
162 27 37 283
172 194 13 260
175 88 7 24
179 163 37 288
188 88 7 75
189 163 55 280
191 88 1 75
192 2 31 157
207 75 43 244
208 100 37 244
211 88 43 186
216 100 13 219
218 100 19 219
223 194 13 277
228 100 43 284
229 100 7 219
230 2 1 292
232 194 25 157
232 75 43 254
236 27 9 221
239 2 7 157
239 88 13 75
247 194 1 260
256 88 43 223
259 2 19 292
259 100 31 219
267 163 45 288
1 95 25 209
3 95 28 209
7 85 40 211
11 13 55 176
11 122 43 209
13 73 16 186
13 13 52 160
14 11 55 188
14 122 46 209
16 85 37 211
19 19 55 256
28 19 37 261
29 13 19 232
33 85 43 211
33 95 37 209
43 122 40 209
47 95 19 209
48 73 34 128
50 122 19 276
52 122 49 209
58 73 40 226
64 11 49 188
64 73 55 226
64 95 52 209
65 122 40 276
66 73 16 250
67 19 19 256
69 19 58 256
73 122 31 209
76 19 49 261
77 13 28 160
79 73 10 284
80 13 40 160
80 122 4 209
81 122 28 276
82 73 58 226
84 73 13 186
87 95 28 212
89 73 31 250
89 13 16 278
91 95 55 209
98 11 1 271
102 122 19 283
105 11 43 188
108 13 31 232
110 132 37 198
113 132 28 75
115 132 10 198
118 73 13 250
121 73 46 147
124 13 28 232
124 19 25 75
124 95 51 249
125 13 49 232
126 85 28 211
127 11 58 188
135 11 34 229
139 132 25 198
142 11 37 188
143 19 22 256
143 122 37 276
147 19 40 261
148 19 10 114
150 85 1 211
154 132 16 198
154 11 31 271
155 95 34 209
156 11 40 188
157 85 10 211
159 11 52 188
163 95 10 209
165 19 31 261
166 19 4 256
169 11 43 271
175 95 13 209
176 11 25 281
177 19 25 256
178 13 22 232
188 73 28 147
188 19 58 261
189 132 13 198
193 122 13 276
194 13 4 241
196 19 28 114
197 85 4 211
197 122 25 276
199 85 57 211
205 85 16 211
206 122 4 276
211 95 1 209
212 11 4 229
213 85 55 215
214 13 52 232
216 13 43 232
216 122 7 209
218 11 28 208
223 73 45 226
224 13 46 232
227 11 19 229
229 11 34 271
230 85 7 211
230 122 31 276
233 13 4 278
234 95 22 209
235 13 34 232
236 95 55 249
239 132 1 198
240 19 43 256
241 85 52 211
241 122 10 276
242 122 58 209
245 132 4 198
247 11 13 229
250 85 13 211
252 132 7 198
261 85 19 211
261 122 16 209
262 11 40 208
266 73 19 250
267 85 49 211
268 13 34 278
2 39 29 123
6 17 11 108
7 135 53 29
8 159 23 61
9 135 47 29
9 159 35 61
16 135 59 29
16 17 5 108
17 159 41 61
18 159 17 61
20 159 29 61
24 17 17 108
25 39 23 123
25 17 35 108
26 159 47 61
29 17 29 108
29 159 11 61
39 159 11 112
44 135 17 34
49 135 11 34
52 17 41 108
54 39 35 123
56 135 29 34
60 39 17 123
62 159 53 61
65 39 5 123
68 135 23 34
70 17 23 108
73 39 57 43
75 17 47 108
83 135 5 34
85 39 47 123
86 135 35 34
88 135 41 34
89 135 47 34
90 39 53 123
93 17 59 108
94 135 53 34
96 39 11 123
97 39 41 123
102 39 59 123
104 17 5 151
106 135 11 84
106 17 23 151
110 135 59 34
111 17 53 108
112 17 11 151
113 159 5 61
131 159 59 61
132 135 29 84
134 39 5 175
136 159 5 112
139 159 17 112
145 135 23 84
146 17 41 151
148 39 17 175
150 39 11 175
151 135 47 84
155 159 23 112
157 17 17 151
160 159 29 112
163 135 35 84
165 17 29 151
166 17 35 151
169 135 53 84
172 135 59 84
176 159 41 112
179 17 47 151
180 17 29 188
183 135 41 84
185 17 1 231
190 135 35 87
190 17 59 151
191 135 5 87
197 17 53 151
210 39 29 175
214 17 5 231
215 39 23 175
223 39 35 175
224 159 35 112
224 135 11 87
225 135 29 87
227 135 17 87
229 17 11 231
235 39 41 175
237 135 23 87
239 135 59 87
243 39 47 175
257 17 17 231
261 39 59 175
261 135 11 185
264 39 53 175
267 17 23 231
2 131 37 252
3 131 55 252
7 131 55 266
22 179 49 237
32 131 43 252
48 97 55 201
48 184 37 247
51 184 31 247
64 184 19 247
71 184 55 220
96 131 31 252
117 179 43 267
126 179 31 236
164 131 55 275
168 184 7 247
180 97 1 219
211 131 37 266
235 184 37 257
236 184 49 247
239 131 19 252
245 184 7 257
2 70 43 198
5 4 49 219
5 169 40 205
11 169 58 205
12 4 58 173
16 4 40 275
32 70 49 198
33 70 40 198
38 4 34 275
38 155 58 79
42 70 10 279
43 70 52 198
49 140 43 70
51 70 37 279
52 140 25 70
52 70 58 198
57 169 55 205
58 70 49 279
58 169 37 205
58 204 52 129
68 140 16 70
70 204 7 236
74 4 16 136
75 155 16 79
76 204 55 257
86 204 28 236
92 70 55 198
92 169 52 205
92 140 1 167
94 155 13 79
96 70 25 228
103 140 31 70
105 204 46 257
110 155 40 79
113 70 31 198
115 204 40 236
117 4 10 213
127 155 55 79
128 155 46 79
130 4 25 219
132 169 40 239
135 155 43 79
138 4 19 275
142 169 46 239
142 155 52 79
143 169 19 239
144 70 1 228
145 70 13 279
148 140 28 70
151 140 55 70
151 155 58 262
156 204 10 129
156 155 45 262
158 169 7 205
161 4 28 173
162 4 43 275
162 169 34 239
165 70 19 198
165 155 58 263
168 169 40 246
174 204 28 257
177 140 19 70
177 155 31 79
179 169 49 205
180 204 13 257
180 155 7 79
183 155 49 79
184 169 52 239
184 204 19 129
189 204 33 257
193 204 37 236
197 169 34 281
203 70 7 279
205 4 46 173
205 70 43 228
205 140 52 70
208 70 34 198
218 140 31 167
223 155 4 79
224 4 43 283
225 4 1 89
230 169 49 239
232 155 4 262
234 169 13 239
236 204 43 129
240 4 52 173
244 169 28 281
246 70 55 228
252 70 22 198
253 70 4 279
256 169 7 239
258 4 4 275
261 155 7 262
264 155 4 263
266 169 55 239
267 70 16 228
2 64 35 35
4 154 17 114
6 211 59 49
13 154 35 114
16 64 11 35
17 154 47 114
19 154 23 114
20 154 59 114
22 154 41 114
23 64 5 35
28 154 11 159
29 126 47 39
42 64 17 35
44 154 53 114
44 126 23 75
52 126 35 75
56 64 41 35
60 64 29 35
62 154 17 159
62 126 47 75
63 64 47 35
64 211 29 64
65 126 17 75
66 64 23 35
71 126 59 75
73 154 47 159
79 64 53 35
81 64 59 35
82 211 41 64
86 211 5 64
86 154 41 159
88 64 35 77
91 154 53 159
92 126 11 75
94 126 59 110
102 64 29 77
116 154 29 159
119 211 17 64
126 64 23 77
127 126 41 75
128 64 41 77
129 154 59 159
135 211 23 64
145 154 35 159
145 211 7 64
148 211 35 64
148 126 53 75
156 211 53 64
158 154 17 207
159 211 47 64
160 211 17 125
166 64 47 77
173 64 25 97
173 211 29 125
175 154 11 207
175 64 53 77
183 64 11 97
184 64 59 77
186 211 59 64
189 154 59 207
190 126 31 110
193 211 5 125
198 211 35 125
199 154 23 159
203 211 41 125
204 126 11 139
208 211 11 125
219 211 23 125
236 154 5 207
239 64 17 91
239 154 23 207
251 154 29 207
253 126 23 139
257 211 33 142
258 64 17 97
259 154 35 207
262 211 47 125
267 64 5 97
270 126 35 139
12 32 40 178
13 20 55 231
68 32 55 178
88 20 13 231
103 20 25 231
114 32 43 178
117 32 31 178
124 32 4 178
136 20 49 231
146 20 31 231
154 20 43 231
157 32 52 178
169 32 37 178
204 20 1 90
212 32 10 178
214 20 22 253
225 20 52 231
236 32 13 178
247 32 22 178
248 20 1 253
252 32 16 178
257 32 27 178
261 32 49 178
2 118 49 267
32 118 55 222
86 118 55 267
92 118 25 267
248 118 13 267
256 118 37 70
1 128 46 167
15 128 7 167
19 128 58 167
39 128 55 167
64 128 58 208
82 128 19 167
93 128 25 167
159 128 1 266
185 128 40 167
204 128 22 167
205 128 55 230
231 128 49 167
251 128 43 167
1 130 41 44
1 74 53 13
2 148 41 150
4 130 5 44
8 130 29 44
8 74 35 13
14 74 23 13
21 74 11 13
27 74 17 13
30 130 11 44
32 74 47 13
34 74 29 13
35 74 41 13
39 148 29 150
42 74 59 13
42 148 23 150
51 130 17 44
52 148 47 158
58 148 11 150
62 148 59 150
64 148 41 163
67 130 35 44
70 148 5 150
75 148 11 158
77 148 17 150
80 130 23 44
83 130 47 44
83 74 59 112
86 74 47 112
88 74 53 94
92 130 7 201
105 130 53 44
107 130 59 44
112 74 5 13
113 74 53 112
120 148 35 150
129 130 17 201
143 130 5 75
144 148 17 158
148 130 23 201
155 148 5 158
157 148 29 158
159 148 27 215
164 74 5 141
168 74 11 141
170 130 35 201
174 148 17 163
175 148 59 158
180 148 5 163
182 148 43 150
183 130 29 201
184 148 35 158
189 148 49 150
199 148 11 163
202 74 17 141
209 130 53 201
219 148 53 158
223 148 23 163
228 74 29 141
229 148 5 183
230 130 5 201
238 130 41 201
240 148 35 163
244 148 37 158
248 74 41 141
251 74 23 141
254 74 35 141
255 74 5 165
257 148 11 183
257 74 19 202
262 130 59 201
262 148 17 183
263 148 47 163
264 74 47 141
267 74 53 141
94 185 55 284
185 185 19 221
252 76 37 157
257 185 49 284
65 102 23 33
79 102 5 33
93 102 47 33
102 102 11 33
116 102 35 33
128 102 29 33
149 102 41 33
154 102 59 33
173 102 13 33
179 102 10 79
180 102 23 79
182 102 53 33
187 102 29 79
196 102 19 79
209 102 1 79
216 102 25 79
232 102 23 90
238 102 35 79
243 102 11 90
257 102 37 79
266 102 13 90
12 66 55 54
21 66 23 74
29 66 17 74
46 66 29 74
68 66 35 74
96 66 5 74
99 66 41 74
114 66 47 74
120 66 19 57
123 66 53 74
141 66 23 136
142 66 31 54
150 66 35 136
154 66 23 146
161 66 7 74
175 66 41 136
181 66 25 136
183 66 47 136
184 66 17 146
191 66 59 74
197 66 41 146
220 66 53 136
241 66 5 146
259 66 29 146
260 66 35 146
266 66 35 197
270 66 59 136
23 8 53 117
35 8 17 134
67 8 5 134
90 8 55 117
96 8 23 134
98 8 43 110
101 8 29 134
106 8 35 134
107 8 11 134
112 8 53 134
127 8 11 166
134 8 41 134
144 8 23 166
151 8 17 166
153 8 47 134
163 8 59 134
173 8 35 166
190 8 41 166
199 8 5 166
207 8 47 166
222 8 29 166
223 8 53 166
259 8 41 180
Điểm tối ưu: 4253
Thời gian: 2.757027 giây
Trạng thái: GREEDY_DONE
