648
1 5 1 31
3 5 4 31
4 5 7 31
5 5 10 31
6 5 13 31
7 5 16 31
8 5 19 31
9 5 22 31
10 5 25 31
11 5 28 31
12 5 31 31
15 5 34 31
16 5 37 31
17 5 40 31
18 5 43 31
19 5 46 31
20 5 49 31
22 5 52 31
24 5 55 31
25 5 58 31
2 10 1 4
2 16 3 72
3 10 7 4
3 16 1 72
4 10 3 4
7 10 5 4
7 16 7 72
8 10 9 4
8 16 5 72
9 10 11 4
9 16 9 72
10 10 13 4
10 16 11 72
11 10 15 4
11 16 13 72
12 10 17 4
12 16 15 72
13 16 17 72
14 10 19 4
14 16 21 72
16 16 19 72
17 10 21 4
17 16 23 72
18 10 23 4
18 16 25 72
19 10 25 4
20 10 27 4
20 16 29 72
21 10 29 4
21 16 27 72
22 10 31 4
22 16 33 72
23 10 33 4
23 16 31 72
24 10 35 4
24 16 37 72
26 10 37 4
26 16 35 72
27 16 39 72
28 10 39 4
28 16 41 72
30 10 41 4
31 10 43 4
31 16 45 72
32 16 43 72
33 10 45 4
33 16 47 72
34 16 49 72
35 10 47 4
35 16 51 72
36 10 49 4
36 16 53 72
38 10 51 4
38 16 55 72
39 16 57 72
40 10 53 4
40 16 59 72
42 10 55 4
43 10 57 4
44 10 59 4
1 13 4 46
2 6 7 44
2 13 10 46
3 6 10 44
4 13 13 46
5 13 1 46
6 13 7 46
8 6 1 44
9 6 4 44
9 13 16 46
10 6 15 44
10 13 19 46
12 6 19 44
12 13 22 46
13 6 22 44
14 6 25 44
14 13 28 46
15 6 28 44
15 13 25 46
16 6 31 44
17 6 34 44
17 13 31 46
18 13 34 46
19 6 37 44
19 13 40 46
20 6 40 44
21 6 43 44
21 13 37 46
22 6 46 44
23 6 49 44
23 13 43 46
24 6 52 44
24 13 46 46
25 6 55 44
25 13 49 46
27 6 58 44
27 13 52 46
28 6 1 25
28 13 55 46
29 13 58 46
32 6 4 25
33 6 7 25
34 6 10 25
35 6 13 25
36 6 16 25
38 6 19 25
39 6 22 25
41 6 25 25
43 6 28 25
44 6 31 25
45 6 34 25
46 6 37 25
49 6 40 25
50 6 43 25
1 17 7 5
3 17 13 5
4 17 1 5
5 17 4 5
6 17 10 5
7 17 19 5
9 17 25 5
10 17 22 5
12 17 27 5
14 17 15 5
15 17 17 5
18 17 29 5
20 17 31 5
22 17 35 5
23 17 37 5
25 17 33 5
26 17 39 5
27 17 41 5
29 17 43 5
30 17 45 5
32 17 47 5
34 17 51 5
35 17 49 5
36 17 55 5
37 17 53 5
38 17 57 5
39 17 59 5
41 17 46 25
42 17 49 25
43 17 51 25
44 17 53 25
47 17 55 25
48 17 57 25
50 17 59 25
1 9 9 14
1 18 13 42
2 9 13 14
3 9 19 14
3 18 25 42
4 9 25 14
4 18 19 42
5 9 31 14
5 18 37 42
6 9 1 14
6 18 31 42
7 9 37 14
7 18 1 42
8 9 43 14
8 18 49 42
9 9 49 14
9 18 43 42
10 18 7 42
11 9 55 14
12 9 1 30
12 18 55 42
13 9 7 30
13 18 1 63
14 9 31 30
15 9 13 30
15 18 7 63
16 9 21 30
16 18 13 63
17 9 25 30
18 9 37 30
19 9 49 30
19 18 19 63
20 9 43 30
21 18 31 63
22 9 55 30
22 18 25 63
23 9 1 49
23 18 39 63
25 9 7 49
25 18 43 63
26 9 13 49
26 18 49 63
27 9 19 49
27 18 1 26
28 9 25 49
28 18 7 26
29 9 31 49
29 18 13 26
30 9 37 49
30 18 55 63
31 18 19 26
32 9 49 49
32 18 25 26
33 9 55 49
33 18 31 26
34 9 43 49
35 18 37 26
36 18 43 26
37 18 49 26
40 18 55 26
1 12 19 24
3 12 15 24
4 12 10 24
6 12 22 24
8 12 25 24
11 12 1 24
12 12 7 24
13 12 28 24
15 12 4 24
16 12 34 24
17 12 37 24
18 12 31 24
19 12 43 24
20 12 52 24
21 12 40 24
22 12 49 24
23 12 46 24
24 12 58 24
26 12 55 24
1 3 25 1
2 3 19 1
3 3 31 1
4 3 37 1
5 3 13 1
6 3 43 1
7 3 9 1
8 3 55 1
13 3 49 1
14 3 1 1
15 3 19 41
16 3 1 41
17 3 7 41
18 3 13 41
19 3 27 41
20 3 33 41
23 3 55 41
24 3 39 41
25 3 1 65
28 3 43 41
29 3 49 41
30 3 7 65
31 3 13 65
32 3 19 65
33 3 25 65
37 3 31 65
38 3 37 65
40 3 43 65
41 3 49 65
42 3 57 65
44 3 1 68
45 3 7 68
46 3 13 68
48 3 19 68
49 3 25 68
1 14 22 7
2 14 25 7
3 14 37 7
4 14 16 7
5 14 7 7
6 14 19 7
7 14 13 7
9 14 1 7
10 14 4 7
11 14 10 7
12 14 34 7
13 14 31 7
14 14 40 7
16 14 28 7
18 14 46 7
19 14 55 7
21 14 49 7
22 14 43 7
24 14 1 51
25 14 52 7
26 14 58 7
29 14 4 51
30 14 13 51
31 14 7 51
32 14 10 51
33 14 16 51
35 14 19 51
36 14 22 51
37 14 25 51
38 14 28 51
39 14 31 51
41 14 34 51
42 14 37 51
44 14 40 51
45 14 43 51
46 14 46 51
47 14 49 51
48 14 52 51
50 14 55 51
1 4 17 19
1 7 29 61
2 7 5 61
4 4 5 19
5 4 19 19
5 7 17 61
6 4 25 19
6 7 27 61
7 4 21 19
7 7 23 61
8 4 7 19
8 7 11 61
9 7 7 61
10 4 1 19
11 4 23 19
11 7 19 61
12 4 10 19
13 4 13 19
13 7 15 61
14 7 9 61
15 4 31 19
16 7 25 61
17 4 3 19
17 7 1 61
18 4 27 19
18 7 3 61
19 4 15 19
19 7 13 61
20 4 37 19
21 7 21 61
22 4 29 19
23 4 35 19
23 7 52 61
24 4 33 19
25 7 31 61
26 4 41 19
27 4 43 19
28 4 47 19
28 7 33 61
29 4 39 19
29 7 35 61
30 4 49 19
31 7 37 61
32 7 39 61
33 7 41 61
34 4 53 19
34 7 47 61
35 4 45 19
36 4 51 19
36 7 57 61
37 7 43 61
38 4 59 19
38 7 45 61
39 7 49 61
40 4 1 71
41 7 55 61
42 7 1 67
43 4 55 19
43 7 59 61
45 4 57 19
45 7 3 67
46 4 3 71
46 7 5 67
47 4 5 71
47 7 7 67
48 4 7 71
48 7 9 67
49 4 9 71
49 7 11 67
50 7 13 67
2 8 31 33
2 11 37 9
3 8 43 33
3 11 49 9
4 8 49 33
5 8 21 33
6 8 37 33
7 8 25 33
7 11 31 9
8 8 13 33
8 11 31 17
9 8 55 33
9 11 27 9
10 11 43 9
11 8 31 13
11 11 37 17
12 8 37 13
13 8 43 13
13 11 55 9
14 11 43 17
15 8 49 13
15 11 55 17
16 8 7 33
16 11 49 17
17 8 13 13
18 8 7 13
19 8 1 33
19 11 7 9
20 11 1 9
21 8 1 13
21 11 13 9
22 8 19 13
23 11 19 9
24 8 25 13
24 11 7 17
25 11 13 17
26 8 1 59
26 11 19 17
27 8 7 59
27 11 25 17
28 8 13 59
28 11 19 71
29 8 19 59
30 8 25 59
30 11 1 17
31 8 55 13
31 11 25 71
32 8 31 59
32 11 13 71
34 8 37 59
34 11 31 71
35 11 55 71
37 8 45 59
37 11 37 71
38 8 31 68
39 8 51 59
39 11 43 71
40 8 37 68
40 11 49 71
41 8 57 59
43 8 43 68
44 8 49 68
47 8 57 68
1 1 31 47
2 1 28 47
3 1 40 47
4 1 34 47
5 1 25 47
6 1 16 47
7 1 43 47
8 1 22 47
9 1 13 47
10 1 37 47
11 1 4 47
13 1 19 47
14 1 49 47
16 1 46 47
17 1 52 47
19 1 58 47
20 1 7 47
21 1 10 47
22 1 1 47
24 1 4 2
25 1 19 2
26 1 7 2
27 1 55 47
28 1 49 2
29 1 1 2
30 1 16 2
31 1 10 2
32 1 55 2
33 1 13 2
34 1 22 2
35 1 25 2
36 1 28 2
37 1 58 2
39 1 34 2
40 1 31 2
41 1 37 2
43 1 40 2
44 1 43 2
45 1 46 2
46 1 52 2
47 1 1 40
49 1 4 40
50 1 7 40
1 19 34 28
2 19 17 28
3 19 23 28
4 19 29 28
5 19 41 28
9 19 19 28
10 19 31 28
11 19 7 28
12 19 5 28
13 19 11 28
14 19 13 28
15 19 1 28
16 19 43 28
18 19 21 28
19 19 53 28
20 19 15 28
21 19 25 28
22 19 9 28
23 19 27 28
24 19 49 28
25 19 37 28
26 19 45 28
27 19 47 28
30 19 51 28
31 19 3 28
32 19 58 28
33 19 39 28
34 19 55 28
35 19 1 35
36 19 3 35
37 19 5 35
42 19 7 35
44 19 9 35
45 19 11 35
46 19 17 35
48 19 13 35
1 15 37 10
1 20 40 15
2 15 43 10
2 20 46 15
3 20 55 15
4 15 31 10
4 20 43 15
5 15 28 10
5 20 49 15
6 15 49 10
6 20 52 15
7 15 46 10
8 15 40 10
9 20 31 15
10 15 34 10
10 20 28 15
11 15 25 10
11 20 43 56
12 20 46 56
13 20 25 15
14 15 52 10
14 20 37 15
15 15 37 12
15 20 40 56
16 15 55 10
16 20 58 15
17 15 58 10
17 20 49 56
18 15 49 12
18 20 52 56
20 15 10 10
20 20 19 15
21 15 7 10
21 20 55 56
22 15 4 10
23 15 13 10
24 20 13 15
25 15 22 10
25 20 25 56
26 15 10 12
27 15 16 10
28 20 4 15
29 15 7 12
29 20 10 15
30 15 19 10
30 20 22 15
31 15 31 12
31 20 34 15
33 15 1 10
34 15 1 12
34 20 7 15
35 15 4 12
36 15 13 12
37 15 16 12
37 20 1 15
38 15 22 12
38 20 16 15
39 15 19 12
39 20 1 56
40 15 25 12
40 20 4 56
41 20 7 56
42 20 10 56
43 15 34 12
43 20 13 56
44 20 16 56
45 15 28 12
46 20 19 56
47 15 40 12
48 15 43 12
48 20 28 56
49 15 46 12
49 20 22 56
50 15 52 12
50 20 31 56
1 2 43 18
2 2 23 18
5 2 35 18
6 2 5 18
7 2 29 18
8 2 17 18
10 2 40 18
11 2 21 18
12 2 13 18
13 2 37 18
14 2 7 18
15 2 11 18
17 2 19 18
20 2 25 18
21 2 46 18
22 2 15 18
23 2 9 18
24 2 31 18
26 2 27 18
27 2 33 18
29 2 53 18
30 2 59 18
31 2 1 18
32 2 1 36
33 2 49 18
34 2 57 18
35 2 7 36
37 2 55 18
38 2 3 18
39 2 4 36
40 2 9 36
41 2 11 36
42 2 51 18
43 2 16 36
44 2 13 36
45 2 19 36
46 2 22 36
47 2 25 36
48 2 31 36
50 2 27 36
Điểm tối ưu: 648
Thời gian: 0.047483 giây
Trạng thái: GREEDY_DONE
