1170
2 13 1 3
2 16 7 11
3 65 1 72
3 16 13 11
4 65 7 72
5 13 7 3
6 13 13 3
9 16 1 11
10 13 19 3
10 16 25 11
11 13 25 3
17 16 19 11
19 65 13 72
19 16 31 11
21 65 19 72
22 65 25 72
23 65 31 72
23 13 37 3
25 13 31 3
26 13 43 3
27 13 49 3
28 13 55 3
30 65 37 72
30 16 43 11
32 65 43 72
32 16 37 11
33 16 49 11
34 65 49 72
37 16 55 11
48 65 55 72
1 64 1 27
1 3 4 83
1 51 7 23
1 20 10 74
1 63 13 29
2 69 13 32
2 51 16 23
3 3 7 83
3 68 10 39
3 20 19 74
3 52 22 47
3 51 25 23
3 28 28 41
4 3 1 83
4 20 4 74
4 36 13 84
4 52 16 47
4 68 19 39
5 64 4 27
5 51 1 23
5 20 13 74
5 28 16 41
6 64 7 27
6 51 4 23
6 52 1 47
6 20 22 74
7 20 1 74
8 68 1 39
9 64 10 27
9 69 7 32
10 36 1 84
10 68 4 39
11 69 1 32
11 28 4 41
12 68 7 39
13 64 13 27
13 68 16 39
13 51 10 23
14 68 13 39
14 52 4 47
14 63 1 29
15 20 7 74
15 51 13 23
15 64 16 27
15 69 4 32
16 3 10 83
16 52 7 47
16 63 4 29
17 36 4 84
17 52 10 47
18 64 19 27
18 52 13 47
19 64 22 27
19 69 10 32
19 52 19 47
20 3 13 83
20 64 25 27
20 68 22 39
21 68 25 39
21 51 28 23
21 63 7 29
23 64 28 27
23 36 7 84
23 51 19 23
23 52 25 47
23 63 10 29
24 68 28 39
24 69 16 32
25 36 10 84
25 63 16 29
26 64 31 27
26 68 34 39
26 63 19 29
27 20 16 74
27 52 28 47
27 28 1 41
28 36 16 84
28 69 19 32
29 51 22 23
30 64 34 27
30 36 19 84
31 69 22 32
31 52 31 47
32 64 49 27
32 51 31 23
32 52 34 47
32 63 22 29
33 36 22 84
33 51 34 23
33 52 37 47
33 20 25 74
34 3 16 83
34 36 25 84
34 20 28 74
34 52 40 47
34 51 37 23
35 3 19 83
35 69 25 32
35 28 7 41
36 3 22 83
36 28 10 41
36 63 25 29
37 20 31 74
38 64 37 27
38 69 28 32
38 3 25 83
38 20 34 74
39 64 40 27
39 69 31 32
39 20 37 74
41 69 34 32
41 20 40 74
41 52 43 47
42 36 28 84
42 28 13 41
43 36 31 84
43 20 43 74
43 63 28 29
44 64 43 27
44 3 28 83
44 69 37 32
44 51 40 23
45 3 31 83
45 20 46 74
45 64 52 27
45 68 37 39
46 51 43 23
46 52 46 47
47 36 34 84
47 51 46 23
47 52 49 47
49 63 31 29
50 69 40 32
50 20 49 74
50 52 52 47
50 63 34 29
51 52 55 47
52 36 37 84
53 51 49 23
53 68 31 39
54 63 37 29
55 64 46 27
55 68 40 39
55 63 43 29
56 63 40 29
57 64 55 27
57 36 40 84
58 64 58 27
58 68 43 39
58 69 46 32
58 20 52 74
58 28 19 41
58 63 49 29
59 51 52 23
60 20 55 74
60 28 22 41
60 63 46 29
61 28 25 41
61 52 58 47
61 68 46 39
62 3 34 83
63 36 43 84
63 69 49 32
63 68 52 39
64 36 46 84
64 69 43 32
64 28 31 41
65 3 37 83
65 69 52 32
65 51 55 23
66 68 49 39
66 20 58 74
66 63 52 29
67 36 49 84
67 28 34 41
67 63 55 29
69 69 55 32
69 63 58 29
70 51 58 23
71 3 40 83
72 3 43 83
73 69 58 32
73 68 55 39
73 36 52 84
75 3 46 83
75 36 55 84
76 36 58 84
76 28 37 41
77 68 58 39
1 5 16 45
1 26 19 2
5 66 11 34
5 26 21 2
6 66 17 34
7 66 4 34
7 26 7 2
9 5 5 45
9 26 13 2
11 5 7 45
11 26 9 2
12 5 1 45
13 66 1 34
14 5 9 45
15 26 1 2
16 66 13 34
17 26 15 2
18 5 3 45
20 5 11 45
20 66 7 34
22 5 13 45
22 26 3 2
23 5 22 45
27 5 19 45
29 26 5 2
31 66 9 34
35 66 15 34
36 66 19 34
37 66 21 34
40 66 23 34
41 66 25 34
45 66 27 34
47 66 29 34
48 66 31 34
50 66 37 34
52 26 11 2
53 26 17 2
53 66 34 34
54 66 40 34
54 26 23 2
56 66 43 34
58 26 25 2
59 66 45 34
59 26 27 2
60 66 49 34
61 26 29 2
63 66 47 34
64 66 51 34
65 66 58 34
65 5 25 45
68 5 27 45
69 26 31 2
72 26 33 2
74 5 29 45
75 66 53 34
75 26 35 2
77 66 55 34
78 26 37 2
78 5 31 45
2 61 19 20
3 61 31 20
4 56 25 9
5 56 31 9
6 18 37 9
7 7 9 70
7 18 13 9
7 56 19 9
8 7 13 70
8 9 7 38
8 18 43 9
8 61 25 20
9 9 15 38
9 56 49 9
10 9 31 38
10 48 7 33
10 61 13 20
12 9 3 38
13 61 3 20
14 9 19 38
14 18 55 9
17 18 25 62
17 48 31 33
17 56 37 30
18 48 25 33
18 61 7 20
19 7 1 70
19 56 25 30
20 56 1 9
20 61 37 20
23 56 1 30
24 48 1 33
24 61 43 20
25 56 19 30
25 61 49 20
26 48 13 33
27 61 55 20
28 7 25 70
28 9 37 38
29 7 31 70
29 18 7 9
30 48 49 33
30 56 7 30
32 7 55 70
33 61 1 68
34 56 31 30
35 48 37 33
35 56 43 30
35 61 31 68
36 7 37 70
36 18 1 62
37 7 43 70
37 48 1 87
38 9 43 38
38 48 19 33
39 56 13 30
39 61 7 68
40 7 19 70
40 56 49 30
40 61 13 68
41 18 7 62
41 56 55 30
42 7 49 70
42 48 43 33
42 61 19 68
43 48 55 33
44 48 7 87
47 61 25 68
49 9 25 38
49 48 13 87
49 61 37 68
51 18 13 62
52 9 49 38
52 48 19 87
52 18 31 62
54 9 55 38
55 9 1 59
55 18 19 62
55 61 49 68
57 48 25 87
57 61 43 68
59 48 31 87
59 18 37 62
61 18 49 62
62 9 7 59
62 48 37 87
63 61 55 68
65 18 43 62
66 48 43 87
70 9 13 59
71 18 55 62
72 9 19 59
72 48 49 87
73 9 25 59
74 9 31 59
2 49 25 55
4 34 22 13
5 46 25 58
5 49 28 55
7 34 25 13
8 49 4 55
10 49 37 55
11 46 13 58
14 46 16 58
15 49 10 55
19 46 7 58
19 49 40 55
20 49 16 55
21 34 1 13
22 46 10 58
28 49 1 55
29 34 13 13
31 49 13 55
32 49 7 55
33 34 7 13
33 49 19 55
34 49 22 55
35 34 4 13
37 34 10 13
38 34 16 13
39 49 34 55
40 46 1 58
41 34 19 13
43 46 4 58
43 49 46 55
44 34 31 13
44 46 19 58
45 34 34 13
46 34 28 13
46 46 22 58
48 34 37 13
48 49 43 55
49 34 43 13
50 46 28 58
51 46 31 58
52 34 40 13
52 46 43 58
54 34 46 13
54 49 31 55
57 49 49 55
61 46 34 58
61 49 55 55
63 46 37 58
66 34 55 13
68 49 52 55
70 34 49 13
70 46 40 58
72 34 58 13
74 46 46 58
75 49 58 55
1 11 23 38
1 54 21 12
3 11 35 38
4 47 11 59
6 11 11 38
6 47 29 59
8 47 17 59
9 11 29 38
9 47 23 59
10 21 11 48
10 54 17 12
11 54 11 12
13 47 35 59
15 47 37 59
15 54 19 12
16 21 1 48
17 54 1 12
18 47 5 59
18 21 16 48
19 47 43 59
19 21 5 48
21 54 4 12
22 11 1 38
22 21 7 48
22 47 39 59
22 54 15 12
26 54 7 12
28 47 41 59
28 54 9 12
29 11 41 38
31 47 45 59
32 47 47 59
32 21 3 48
34 11 13 38
34 47 53 59
35 47 49 59
36 21 13 48
37 11 47 38
37 21 19 48
38 11 53 38
39 11 59 38
39 21 21 48
40 11 4 63
40 21 9 48
41 47 51 59
42 11 1 63
44 47 55 59
44 54 13 12
47 54 23 12
48 11 7 63
48 21 23 48
48 54 25 12
49 47 57 59
51 11 9 63
53 11 11 63
54 47 59 59
55 47 5 70
59 21 25 48
60 21 27 48
60 47 7 70
61 21 31 48
62 11 13 63
64 21 29 48
66 11 15 63
66 47 17 70
66 54 27 12
67 54 29 12
68 47 23 70
69 47 29 70
69 21 33 48
70 47 35 70
72 47 41 70
73 54 31 12
74 21 35 48
76 21 40 48
78 47 47 70
78 54 33 12
1 40 25 75
1 62 31 22
2 39 31 31
2 60 37 21
4 6 31 26
6 6 25 26
6 14 31 17
6 60 43 21
7 14 37 17
7 53 31 14
7 62 43 22
9 37 19 18
9 14 25 17
10 62 49 22
11 37 31 18
11 14 19 17
12 39 13 31
12 53 19 14
12 60 25 21
13 6 19 26
13 40 31 75
14 39 25 31
14 40 37 75
15 6 39 26
15 14 43 17
16 39 19 31
16 40 15 75
18 40 43 75
21 37 13 18
21 6 43 26
21 40 49 75
21 60 31 21
22 14 49 17
22 37 43 18
23 6 13 26
23 60 49 21
24 6 7 26
24 40 19 75
25 37 1 18
25 6 55 26
25 14 25 78
25 62 37 22
26 37 9 18
26 14 1 17
26 60 55 21
26 62 25 22
27 6 7 61
27 53 37 14
29 14 55 17
29 53 1 14
29 62 25 77
30 14 13 17
31 6 1 26
31 37 25 18
31 60 55 22
33 6 13 61
34 37 55 18
34 39 1 31
34 60 7 21
35 39 51 31
35 40 55 75
36 14 15 78
36 53 43 14
37 37 37 18
38 37 49 18
39 6 49 26
39 14 1 78
39 53 25 14
40 6 25 61
41 62 1 22
42 60 3 21
42 53 7 14
42 62 31 77
43 40 7 75
43 60 13 21
43 62 19 22
44 37 1 50
44 14 49 78
47 6 1 61
47 53 13 14
47 62 7 22
48 37 9 50
48 6 19 61
48 14 33 78
48 62 13 22
49 40 1 75
50 6 43 61
51 39 37 31
52 14 7 17
52 53 55 14
53 53 1 65
53 60 19 21
54 53 49 14
54 60 1 56
56 6 31 61
56 14 7 78
56 53 13 65
57 14 19 78
58 37 13 50
58 14 37 78
59 62 1 77
60 53 9 65
61 62 7 77
62 62 15 77
63 62 19 77
64 60 7 56
65 14 1 86
66 14 7 86
67 6 37 61
67 39 7 31
67 53 19 65
68 37 19 50
68 14 43 78
69 37 25 50
69 53 37 65
69 62 43 77
70 39 43 31
70 14 19 86
71 14 13 86
72 6 25 86
72 14 37 86
72 62 1 80
73 60 13 56
74 14 55 78
74 53 25 65
74 62 37 77
75 14 31 86
75 62 49 77
76 14 43 86
76 62 7 80
77 62 13 80
78 37 39 50
78 53 43 65
1 67 37 16
1 23 40 46
1 29 43 6
2 29 28 6
2 23 43 46
2 24 46 7
3 2 37 51
3 4 43 50
3 24 40 7
4 4 46 50
4 29 37 6
4 33 40 4
5 2 40 51
5 12 49 50
5 24 37 7
6 67 19 16
7 33 28 4
7 24 49 7
8 12 31 50
8 29 19 6
8 50 22 57
9 12 34 50
9 23 31 46
9 29 40 6
10 2 43 51
10 67 40 16
11 33 16 4
11 67 43 16
11 50 37 57
11 23 46 46
12 4 52 50
12 29 10 6
13 33 7 4
13 4 55 50
13 31 25 49
14 12 31 71
14 31 34 49
14 50 43 57
14 23 49 46
14 24 52 7
15 2 21 51
15 23 25 46
15 29 31 6
15 33 34 4
16 4 58 50
17 4 7 69
17 23 52 46
17 29 46 6
17 33 43 4
17 50 49 57
17 67 55 16
18 33 22 4
18 4 31 69
19 2 46 51
19 67 49 16
19 33 37 4
19 24 55 7
20 4 19 69
20 23 28 46
20 50 31 57
20 67 34 16
21 4 10 69
22 29 22 6
22 31 19 49
23 50 46 57
23 29 55 6
24 33 13 4
24 2 25 51
24 4 34 69
24 12 37 71
24 23 55 46
25 4 13 69
25 23 7 46
26 4 22 69
27 12 4 71
27 29 13 6
27 24 21 7
27 31 31 49
28 33 4 4
28 12 13 71
28 29 34 6
29 67 16 16
29 23 19 46
29 24 43 7
30 24 1 7
30 29 4 6
31 2 16 51
31 67 52 16
31 31 37 49
32 29 16 6
33 67 10 16
33 12 28 71
33 23 58 46
33 31 40 49
34 67 46 16
35 12 1 71
35 24 10 7
36 50 7 57
36 24 28 7
37 24 7 7
38 67 1 16
38 2 4 51
39 67 43 69
39 4 46 69
39 31 55 49
40 50 34 57
41 12 16 71
41 24 13 7
42 33 25 4
43 67 25 16
43 50 1 57
44 33 46 4
44 12 22 71
44 23 15 46
45 23 1 46
45 24 4 7
45 31 7 49
45 50 10 57
45 67 13 16
46 24 16 7
46 31 1 49
46 50 4 57
47 67 31 16
47 12 19 71
47 24 58 7
47 31 43 49
48 4 1 69
49 67 7 16
49 33 10 4
49 50 19 57
50 67 4 16
50 50 13 57
50 24 25 7
50 29 1 6
51 12 25 71
51 50 28 57
51 29 49 6
52 67 28 16
52 23 4 46
53 12 7 71
53 29 25 6
54 33 19 4
54 50 16 57
54 29 7 6
55 67 58 16
55 4 16 69
55 23 10 46
56 33 1 4
56 67 22 16
56 4 4 69
56 12 45 71
56 50 25 57
56 31 28 49
57 67 37 69
57 12 10 71
57 50 52 57
58 4 27 69
58 50 55 57
58 23 22 46
59 4 49 69
59 24 7 67
59 31 10 49
60 12 34 71
60 23 37 46
60 24 31 7
61 12 40 71
61 31 4 49
62 67 52 69
62 4 55 69
62 12 49 71
62 50 58 57
62 24 1 67
63 2 1 51
64 33 55 4
64 50 40 57
64 23 34 46
65 67 40 69
65 50 19 63
65 29 49 61
65 31 13 49
66 2 31 51
67 2 13 51
67 4 58 69
69 50 22 63
69 24 52 13
70 2 7 51
70 33 31 4
70 31 52 49
73 33 49 4
73 4 19 80
73 50 33 63
73 24 4 67
74 24 10 67
75 50 25 63
77 4 22 80
77 31 46 49
78 33 52 4
78 2 10 51
78 50 28 63
78 31 16 49
2 15 5 52
2 22 11 21
4 15 29 52
5 8 23 11
5 15 19 52
6 15 35 52
7 8 17 11
7 15 23 52
8 8 11 11
8 22 29 21
8 45 35 9
10 45 23 9
11 8 29 11
15 15 47 52
15 22 53 21
16 22 23 21
17 8 35 11
17 15 13 52
17 22 17 21
18 15 1 52
20 8 5 11
20 22 41 21
21 8 41 11
21 15 17 52
23 45 5 9
24 8 47 11
27 22 35 21
28 8 53 11
29 45 11 9
29 15 37 52
30 15 11 52
30 22 47 21
31 8 59 11
31 22 5 56
33 15 31 52
35 22 59 21
36 45 41 9
36 15 33 52
37 15 15 52
38 8 11 33
38 15 7 52
40 8 17 33
41 45 29 9
41 22 11 56
42 15 39 52
45 8 23 33
45 15 21 52
46 15 9 52
46 22 19 56
46 45 53 9
48 45 17 9
49 8 5 33
49 45 47 9
51 8 35 33
51 45 59 9
53 15 41 52
53 22 23 56
53 45 5 30
54 8 29 33
55 8 53 33
55 45 23 30
55 15 25 52
57 15 3 52
57 22 1 21
58 22 17 56
60 22 25 56
62 22 21 56
63 15 27 52
64 22 27 56
67 8 41 33
67 45 11 30
67 15 43 52
68 45 17 30
70 45 29 30
70 22 37 56
71 15 45 52
72 15 53 52
74 8 59 33
74 45 41 30
74 22 43 56
77 22 29 56
1 38 46 12
4 10 49 58
7 38 52 12
7 57 58 6
12 38 37 12
12 57 40 63
13 38 40 12
13 43 58 4
13 57 52 6
14 57 46 63
15 10 55 58
15 57 49 63
16 38 43 12
16 57 37 63
17 43 58 8
18 10 52 58
18 43 34 8
20 10 58 58
21 10 37 79
22 10 31 79
22 43 55 8
24 38 49 12
24 57 52 63
26 10 40 79
28 57 43 63
29 10 46 79
29 43 49 8
30 10 22 79
30 57 55 63
32 10 10 79
34 43 19 8
36 10 49 79
36 43 52 8
36 57 58 63
38 38 55 12
40 43 31 8
42 38 58 12
44 43 25 8
47 10 52 79
50 43 7 8
52 10 1 79
52 43 13 8
53 43 28 8
56 10 19 79
58 10 4 79
59 10 13 79
61 10 16 79
61 43 1 8
64 43 4 8
65 10 7 79
65 43 10 8
69 43 16 8
71 10 25 79
72 43 46 8
76 10 28 79
1 35 29 44
2 44 35 12
3 41 5 3
3 19 17 50
4 19 35 53
4 41 53 3
4 44 43 41
6 41 41 3
7 35 35 44
8 19 37 50
8 35 39 44
8 41 47 3
9 44 45 41
11 32 23 14
12 41 17 3
12 44 47 41
13 32 29 14
15 44 58 41
16 44 40 41
18 32 11 14
18 44 49 41
20 19 9 53
20 32 47 14
21 32 35 14
21 44 53 41
22 19 5 50
23 44 53 70
24 41 11 3
26 41 29 3
28 35 7 44
29 32 53 14
30 32 17 14
31 35 11 44
32 35 1 44
33 44 55 41
34 19 5 53
35 32 41 14
37 41 23 3
38 44 59 70
39 32 5 14
39 35 17 44
41 35 5 44
41 41 59 3
42 19 23 50
43 32 59 14
43 19 11 53
45 19 29 50
45 41 16 24
46 19 7 50
46 32 11 31
46 35 13 44
46 41 35 3
49 41 22 24
49 44 51 41
50 19 16 53
51 35 3 44
52 19 23 53
53 35 15 44
59 41 5 24
59 19 19 53
60 32 5 31
60 35 19 44
60 41 1 24
61 19 13 53
62 19 25 53
64 32 17 31
65 35 22 44
66 35 25 44
67 41 3 24
68 32 29 31
68 35 9 44
68 19 1 53
69 41 7 24
70 32 23 31
71 35 31 44
71 19 3 53
72 19 7 53
73 35 37 44
75 35 41 44
76 35 33 44
76 41 11 24
1 25 49 48
3 25 55 48
6 55 55 31
8 55 49 81
10 55 55 81
12 25 43 48
16 25 49 51
18 55 37 81
18 25 55 51
20 55 43 81
30 55 25 81
45 55 55 87
55 55 31 81
58 55 7 81
66 55 1 81
68 55 13 81
76 55 19 81
4 1 55 53
5 58 43 2
9 58 55 2
10 58 46 2
11 1 40 53
16 1 27 53
16 58 55 83
22 1 58 53
24 58 40 2
26 1 37 53
27 1 43 53
28 1 31 53
28 58 49 2
30 1 31 65
32 1 52 53
36 1 55 65
37 1 49 53
40 58 58 2
43 1 34 65
43 58 52 2
46 1 49 65
46 58 58 83
48 1 46 53
50 1 58 65
51 1 52 65
56 58 49 83
2 59 23 64
3 59 46 64
8 59 41 64
10 59 29 64
12 59 31 64
14 59 7 64
16 59 25 64
25 59 5 64
26 59 17 64
31 59 19 64
32 59 13 64
38 59 9 64
42 59 11 64
46 59 33 64
53 59 37 64
57 59 15 64
60 59 3 64
61 59 21 64
63 59 35 64
66 59 39 64
67 59 1 64
70 59 27 64
71 59 43 64
77 59 49 64
6 42 47 43
7 42 41 43
8 42 53 43
9 42 37 43
11 42 35 43
12 42 23 43
13 42 43 43
21 42 55 43
22 42 17 43
25 42 29 43
28 42 11 43
32 42 5 43
42 42 16 67
45 42 19 43
48 42 27 43
49 42 49 43
58 42 1 43
60 42 13 43
61 42 19 67
63 42 7 43
69 42 3 43
1 17 55 35
2 27 55 71
2 30 49 10
5 30 55 10
6 17 49 35
11 17 49 37
12 17 33 35
13 17 45 35
16 17 31 37
21 17 57 37
32 17 25 35
40 17 37 35
40 30 43 10
44 17 57 45
51 30 19 10
53 17 43 37
53 30 55 42
54 17 25 37
60 30 15 10
62 30 27 10
64 30 13 42
68 17 3 35
68 30 31 10
71 17 7 35
76 17 13 35
77 17 1 37
77 30 7 10
Điểm tối ưu: 1170
Thời gian: 0.090656 giây
Trạng thái: GREEDY_DONE
