525
1 34 1 39
1 8 7 46
1 18 13 24
1 25 19 25
1 28 25 37
1 29 31 24
2 34 7 39
2 8 1 46
2 21 13 41
2 28 19 37
3 34 13 39
3 8 19 46
3 25 1 25
3 29 7 24
4 34 19 39
4 21 1 41
4 25 7 25
4 29 25 24
5 34 25 39
5 8 13 46
5 18 1 24
5 21 7 41
5 28 31 37
6 8 25 46
6 18 19 24
6 21 31 41
6 25 13 25
6 28 1 37
6 29 37 24
7 8 31 46
7 18 43 24
7 25 25 25
7 28 7 37
7 29 49 24
8 34 31 39
8 8 37 46
8 18 55 24
8 25 43 25
8 28 13 37
9 34 37 39
9 8 43 46
9 21 19 41
9 25 31 25
10 34 43 39
10 8 49 46
10 25 37 25
11 34 49 39
11 21 25 41
11 25 55 25
11 28 37 37
12 34 55 39
12 21 37 41
12 28 43 37
13 21 43 41
13 28 49 37
14 8 55 46
14 21 49 41
15 21 55 41
15 25 49 25
18 28 55 37
1 33 37 42
1 10 40 29
1 26 43 47
2 33 25 42
2 2 28 3
2 6 31 1
2 13 34 20
2 15 37 8
2 26 40 47
3 33 28 42
3 10 25 29
3 11 31 9
3 13 37 20
4 26 13 47
5 33 19 42
5 10 22 29
5 11 37 9
6 33 7 42
6 11 10 9
6 13 43 20
6 15 46 8
7 2 1 3
7 10 4 29
7 11 13 9
8 1 1 18
8 6 4 1
8 10 7 29
8 13 10 20
8 26 19 47
9 1 4 18
9 13 1 20
9 15 7 8
9 26 10 47
10 33 1 42
10 10 10 29
10 15 4 8
11 1 7 18
11 6 1 1
11 10 13 29
11 13 4 20
12 1 10 18
12 6 7 1
12 10 1 29
12 15 13 8
12 26 4 47
13 1 13 18
13 2 4 3
13 6 10 1
13 13 7 20
13 26 1 47
14 6 13 1
14 10 16 29
14 13 19 20
14 15 1 8
14 26 7 47
15 2 7 3
15 6 16 1
15 15 10 8
16 33 4 42
16 10 19 29
16 11 1 9
16 13 13 20
17 1 16 18
17 33 10 42
17 2 13 3
17 10 28 29
17 11 4 9
17 15 19 8
17 26 22 47
18 2 10 3
18 6 19 1
18 13 16 20
18 26 25 47
19 2 16 3
19 11 7 9
19 26 28 47
20 1 19 18
20 2 22 3
20 33 13 42
20 10 31 29
21 1 22 18
21 2 19 3
21 11 16 9
21 26 31 47
22 33 16 42
22 26 34 47
23 33 22 42
23 2 25 3
23 11 19 9
23 15 16 8
24 1 25 18
24 33 31 42
24 10 34 29
24 11 22 9
24 15 28 8
24 26 16 47
25 6 22 1
25 10 37 29
25 33 34 42
26 1 28 18
26 33 40 42
26 6 25 1
26 13 22 20
27 1 31 18
27 2 34 3
27 6 28 1
27 10 43 29
27 13 25 20
28 33 43 42
28 6 34 1
28 11 25 9
28 13 28 20
29 33 46 42
29 1 34 18
29 10 49 29
29 11 28 9
29 15 22 8
30 33 49 42
30 11 34 9
30 26 37 47
31 33 52 42
31 6 37 1
31 13 31 20
31 26 46 47
32 2 31 3
32 6 40 1
32 10 46 29
32 11 43 9
32 13 49 20
32 26 52 47
33 1 37 18
33 6 43 1
33 11 40 9
33 13 46 20
33 15 25 8
34 33 55 42
34 2 37 3
34 6 46 1
34 10 52 29
34 11 49 9
34 15 31 8
35 1 40 18
35 33 58 42
35 6 49 1
36 1 43 18
36 6 52 1
36 15 34 8
37 10 55 29
37 13 40 20
37 15 43 8
37 26 49 47
38 1 46 18
38 2 40 3
38 6 55 1
38 13 52 20
39 1 49 18
39 2 43 3
39 10 58 29
39 11 46 9
39 13 55 20
39 15 40 8
40 2 46 3
40 11 52 9
40 15 49 8
40 26 55 47
41 1 52 18
41 6 58 1
42 13 58 20
43 11 55 9
43 26 58 47
44 1 55 18
44 11 58 9
45 2 49 3
45 15 52 8
46 2 52 3
46 15 55 8
47 1 58 18
1 3 5 2
1 5 11 32
1 17 17 30
1 19 23 35
2 20 5 46
3 17 5 30
4 19 5 35
4 20 11 46
5 5 5 32
5 17 11 30
5 20 17 46
6 19 17 35
6 20 23 46
7 17 19 30
7 20 29 46
8 5 17 32
8 17 22 30
8 20 35 46
9 3 13 2
9 5 15 32
9 20 41 46
10 3 7 2
10 5 13 32
10 17 15 30
10 19 19 35
11 5 19 32
11 17 29 30
11 19 10 35
12 3 16 2
12 5 21 32
12 17 25 30
12 19 27 35
13 5 23 32
13 19 21 35
13 20 47 46
14 5 25 32
14 19 29 35
14 20 53 46
15 3 1 2
15 5 3 32
15 19 13 35
16 5 7 32
16 19 25 35
17 3 25 2
17 5 1 32
17 17 7 30
18 19 1 35
18 20 59 46
19 5 31 32
20 5 9 32
21 5 27 32
21 3 3 2
21 19 7 35
22 3 9 2
22 5 29 32
22 17 1 30
22 19 3 35
23 5 33 32
23 19 31 35
24 5 37 32
24 3 11 2
24 17 3 30
25 3 19 2
25 5 40 32
25 19 15 35
26 3 31 2
26 5 35 32
26 17 9 30
27 3 21 2
27 19 37 35
28 3 23 2
28 17 13 30
28 19 39 35
29 3 37 2
29 5 43 32
29 19 41 35
30 3 27 2
30 5 45 32
30 17 31 30
30 19 43 35
31 3 29 2
31 19 34 35
33 17 33 30
34 17 27 30
35 17 35 30
35 19 45 35
37 3 33 2
37 5 47 32
37 17 37 30
37 19 52 35
38 3 35 2
38 19 49 35
39 5 52 32
40 3 39 2
40 19 58 35
41 19 47 35
42 3 41 2
42 5 49 32
42 17 39 30
42 19 55 35
43 17 41 30
44 3 43 2
45 17 43 30
46 5 58 32
46 17 45 30
2 24 43 17
3 9 43 43
4 24 31 17
5 24 49 17
9 24 25 17
12 9 31 43
12 24 49 19
13 9 25 43
14 24 37 17
15 9 19 43
16 9 9 43
17 9 37 43
17 24 55 17
19 9 1 43
20 24 1 17
23 9 49 43
25 9 55 43
26 9 13 43
27 24 7 17
28 24 15 17
29 24 1 19
30 24 19 17
32 24 7 19
35 24 13 19
37 24 19 19
40 24 25 19
46 24 31 19
1 4 46 2
1 30 58 8
2 4 49 2
3 27 34 28
3 31 55 32
4 4 52 2
4 31 16 38
5 27 40 28
7 4 55 2
7 27 16 28
7 31 21 38
8 31 25 38
9 31 49 38
10 31 28 38
11 4 16 23
11 31 31 38
13 4 58 2
13 27 31 28
13 31 34 38
14 4 4 23
14 31 10 38
15 4 25 23
15 27 28 28
16 4 22 23
16 27 37 28
16 31 40 38
18 4 7 23
18 31 3 38
19 27 10 28
21 4 10 23
22 27 13 28
23 4 1 23
23 27 4 28
23 31 7 38
24 4 13 23
24 27 7 28
24 31 43 38
25 4 28 23
25 27 1 28
26 27 19 28
26 31 37 38
27 4 39 23
28 27 46 28
28 31 52 38
29 27 25 28
30 27 52 28
31 4 19 23
31 31 13 38
32 27 22 28
33 4 49 23
33 27 55 28
34 4 34 23
34 27 43 28
35 4 31 23
36 31 46 38
37 27 58 28
38 4 43 23
38 31 58 38
41 4 55 23
41 27 49 28
42 4 46 23
43 4 52 23
45 4 58 23
1 22 29 44
3 7 11 16
5 7 29 16
6 22 5 44
7 22 11 44
8 22 41 44
10 22 17 44
11 7 21 16
11 22 23 44
12 22 19 44
13 7 16 16
13 22 37 44
15 7 5 16
15 22 31 44
16 7 27 16
18 7 13 16
18 22 33 44
19 22 13 44
20 22 7 44
21 7 1 16
21 22 25 44
22 22 21 44
24 7 19 16
24 22 1 44
25 7 7 16
25 22 9 44
26 7 3 16
28 22 3 44
29 22 15 44
30 7 9 16
30 22 47 44
31 7 23 16
33 7 31 16
33 22 35 44
35 7 25 16
36 7 37 16
37 22 27 44
38 7 33 16
41 7 35 16
41 22 39 44
43 22 43 44
44 7 39 16
44 22 45 44
2 12 52 14
4 12 37 14
6 12 49 14
7 12 40 14
8 12 28 14
9 12 55 14
10 12 21 14
16 12 16 14
19 12 25 14
20 12 34 14
22 12 31 14
25 12 4 14
27 12 1 14
29 12 7 14
30 12 13 14
33 12 10 14
35 12 55 38
36 12 58 14
41 12 43 14
45 12 46 14
1 32 49 7
2 32 55 7
3 32 49 26
4 32 43 7
5 32 43 26
5 35 55 34
6 32 55 26
10 32 31 7
13 32 39 7
15 35 33 34
16 32 31 26
18 35 37 34
19 32 19 7
20 32 25 7
20 35 43 34
21 32 37 26
21 35 49 34
22 35 25 34
27 35 13 34
31 32 1 7
32 35 1 34
36 32 7 7
36 35 19 34
37 32 13 7
38 35 7 34
39 32 1 26
41 32 7 26
42 32 13 26
45 32 19 26
46 32 25 26
Điểm tối ưu: 525
Thời gian: 0.114229 giây
Trạng thái: GREEDY_DONE
