1151
1 10 1 111
2 10 7 111
6 10 13 111
7 10 19 111
11 10 25 111
12 10 31 111
13 10 37 111
14 10 43 111
16 10 49 111
17 10 55 111
1 3 7 69
2 3 1 69
3 3 13 69
4 3 19 69
5 3 25 69
7 3 31 69
8 3 37 69
9 3 43 69
11 3 49 69
12 3 55 69
13 3 1 77
14 3 7 77
18 3 13 77
20 3 19 77
24 3 25 77
25 3 31 77
27 3 37 77
30 3 43 77
36 3 49 77
39 3 55 77
43 3 1 47
44 3 7 47
45 3 13 47
46 3 19 47
48 3 25 47
49 3 31 47
52 3 37 47
53 3 43 47
54 3 49 47
55 3 55 47
2 29 5 11
3 29 1 11
4 29 3 11
5 29 7 11
6 29 9 11
7 29 11 11
8 29 13 11
9 29 15 11
11 29 17 11
13 29 19 11
14 29 21 11
18 29 23 11
19 29 25 11
20 29 27 11
23 29 29 11
24 29 31 11
27 29 33 11
28 29 35 11
29 29 37 11
31 29 39 11
32 29 41 11
34 29 43 11
36 29 45 11
37 29 47 11
38 29 49 11
40 29 51 11
43 29 53 11
45 29 55 11
49 29 57 11
51 29 59 11
52 29 5 77
56 29 11 77
58 29 17 77
61 29 23 77
62 29 29 77
63 29 35 77
65 29 41 77
67 29 47 77
68 29 53 77
69 29 59 77
71 29 1 32
73 29 3 32
74 29 5 32
77 29 7 32
78 29 9 32
80 29 11 32
2 2 13 89
6 2 1 89
13 2 7 89
15 2 19 89
16 2 25 89
17 2 31 89
18 2 37 89
21 2 43 89
24 2 49 89
26 2 55 89
28 2 1 22
29 2 7 22
30 2 13 22
32 2 19 22
36 2 25 22
38 2 31 22
40 2 37 22
42 2 43 22
46 2 49 22
48 2 55 22
49 2 1 105
51 2 7 105
54 2 13 105
56 2 19 105
57 2 25 105
58 2 31 105
59 2 37 105
60 2 43 105
62 2 49 105
66 2 55 105
68 2 1 15
73 2 7 15
77 2 13 15
78 2 19 15
79 2 25 15
80 2 31 15
1 1 13 94
1 5 16 43
1 28 19 20
2 5 19 43
2 11 22 50
3 1 3 94
3 5 7 43
3 11 10 50
3 23 19 103
3 28 22 20
4 11 7 50
4 23 10 103
5 1 9 94
5 23 1 103
6 1 19 94
6 11 25 50
6 28 28 20
7 1 16 94
7 5 1 43
7 11 4 50
7 23 7 103
8 1 22 94
8 5 4 43
8 11 1 50
8 28 7 20
9 1 25 94
9 23 4 103
9 28 1 20
10 1 28 94
10 5 10 43
11 1 31 94
11 5 13 43
11 23 22 103
12 1 37 94
12 5 22 43
13 1 34 94
13 5 25 43
13 11 13 50
14 5 28 43
14 11 16 50
14 23 13 103
14 28 4 20
15 5 31 43
15 11 28 50
15 23 16 103
16 1 40 94
16 11 19 50
17 5 37 43
17 28 10 20
18 5 34 43
18 11 31 50
18 23 25 103
19 5 40 43
19 11 34 50
19 23 28 103
19 28 13 20
21 1 49 94
21 5 52 43
21 23 31 103
21 28 16 20
22 5 43 43
22 11 37 50
23 11 40 50
23 23 34 103
24 1 43 94
24 5 46 43
24 11 55 50
25 1 46 94
25 5 49 43
25 23 37 103
26 1 52 94
26 5 1 78
26 11 43 50
27 5 55 43
27 11 46 50
27 23 43 103
28 5 58 43
28 23 40 103
29 1 55 94
29 5 4 78
29 23 46 103
30 1 58 94
30 11 49 50
30 28 25 20
31 1 43 15
31 11 52 50
31 28 31 20
32 28 34 20
33 1 37 15
33 11 58 50
34 5 7 78
34 28 37 20
35 1 40 15
35 5 10 78
36 5 13 78
37 5 16 78
37 11 1 64
37 28 40 20
38 1 46 15
38 5 19 78
38 28 43 20
39 23 49 103
39 28 46 20
41 1 49 15
41 23 52 103
41 28 55 20
42 5 22 78
42 11 4 64
42 23 55 103
42 28 49 20
43 5 25 78
43 23 58 103
44 5 28 78
45 23 1 61
45 28 52 20
46 11 7 64
46 23 4 61
47 5 31 78
48 23 7 61
48 28 1 44
49 23 10 61
49 28 7 44
50 5 34 78
50 11 10 64
50 23 13 61
51 1 52 15
51 5 37 78
51 11 13 64
51 28 4 44
52 5 43 78
52 28 58 20
53 1 55 15
53 11 16 64
54 1 58 15
54 5 40 78
54 23 19 61
54 28 10 44
56 5 46 78
56 23 16 61
57 11 19 64
57 23 22 61
57 28 13 44
58 1 13 32
58 11 22 64
58 23 25 61
59 11 25 64
59 23 28 61
59 28 16 44
60 28 19 44
62 5 55 78
62 11 31 64
62 23 34 61
63 11 28 64
63 23 31 61
64 11 34 64
64 23 37 61
65 1 16 32
65 11 37 64
65 28 22 44
66 1 19 32
66 5 49 78
66 23 40 61
66 28 25 44
67 1 22 32
67 5 52 78
67 28 28 44
68 5 58 78
69 11 40 64
69 23 43 61
70 1 25 32
70 5 1 84
71 5 4 84
71 11 43 64
71 28 31 44
72 5 7 84
72 11 46 64
72 23 49 61
73 1 28 32
73 11 49 64
74 1 31 32
74 5 10 84
75 1 34 32
75 23 46 61
76 28 34 44
77 28 37 44
78 23 52 61
78 28 40 44
79 1 37 32
79 5 13 84
79 11 52 64
79 28 43 44
80 5 16 84
80 11 55 64
1 17 5 6
1 19 11 33
1 21 22 3
2 17 11 6
2 24 17 19
3 19 17 33
3 21 25 3
4 17 1 6
4 19 5 33
4 21 13 3
4 24 15 19
5 4 4 106
5 17 13 6
5 24 19 19
6 17 7 6
6 19 22 33
6 24 5 19
7 21 27 3
8 21 10 3
9 4 7 106
9 17 9 6
10 4 1 106
10 17 3 6
10 24 7 19
11 4 9 106
11 19 1 33
11 24 3 19
12 17 15 6
12 19 3 33
12 21 1 3
12 24 9 19
13 24 11 19
14 4 11 106
15 19 7 33
15 21 3 3
15 24 1 19
16 21 5 3
17 17 17 6
17 21 7 3
17 24 13 19
18 4 17 106
19 4 19 106
19 17 21 6
20 19 9 33
21 19 13 33
21 24 21 19
22 4 13 106
22 17 19 6
22 19 15 33
22 21 17 3
23 4 15 106
23 19 19 33
23 21 31 3
23 24 23 19
24 21 15 3
24 24 29 19
25 4 21 106
25 19 25 33
25 21 19 3
25 24 27 19
26 17 23 6
26 19 27 33
26 21 29 3
27 17 25 6
27 19 29 33
27 24 31 19
28 4 23 106
28 19 31 33
28 21 33 3
29 19 33 33
29 21 35 3
30 4 28 106
30 17 31 6
30 21 37 3
31 19 35 33
32 4 25 106
32 19 37 33
33 17 27 6
33 19 40 33
33 21 43 3
33 24 25 19
34 4 31 106
34 17 29 6
35 4 33 106
35 17 35 6
35 19 43 33
35 24 37 19
36 4 35 106
36 17 33 6
36 21 39 3
37 17 37 6
37 19 45 33
37 24 33 19
38 17 39 6
38 19 51 33
38 21 41 3
38 24 35 19
39 4 37 106
39 17 41 6
39 21 52 3
40 4 41 106
40 19 47 33
40 21 45 3
41 4 39 106
41 24 41 19
43 4 43 106
43 19 49 33
43 21 47 3
44 4 45 106
44 21 49 3
45 19 57 33
45 24 39 19
46 24 43 19
47 17 43 6
47 19 53 33
47 21 55 3
48 17 45 6
48 21 59 3
48 24 47 19
49 4 47 106
49 19 55 33
49 21 5 36
49 24 45 19
50 4 49 106
50 17 47 6
50 19 59 33
50 21 57 3
50 24 51 19
51 24 49 19
52 17 49 6
52 21 1 36
53 4 51 106
53 17 53 6
53 19 1 16
53 24 58 19
54 19 3 16
54 24 53 19
55 4 53 106
56 19 5 16
56 21 3 36
57 21 7 36
59 19 7 16
60 4 55 106
60 17 51 6
60 19 9 16
61 4 57 106
61 17 55 6
61 19 11 16
61 21 9 36
62 4 59 106
62 17 1 38
62 21 11 36
62 24 3 39
63 4 5 15
63 17 57 6
64 19 13 16
65 17 59 6
65 19 19 16
65 21 13 36
66 4 11 15
66 17 3 38
66 19 15 16
66 24 1 39
67 21 15 36
67 24 55 19
68 19 17 16
68 21 19 36
68 24 5 39
69 4 17 15
69 21 21 36
69 24 7 39
70 17 5 38
70 21 17 36
70 24 9 39
71 4 23 15
71 17 7 38
71 24 11 39
72 17 10 38
73 19 21 16
73 21 23 36
73 24 13 39
74 19 23 16
74 21 25 36
74 24 15 39
75 4 29 15
75 17 13 38
75 19 25 16
75 21 27 36
76 17 15 38
76 19 27 16
76 24 17 39
77 19 29 16
78 4 35 15
78 17 17 38
79 17 19 38
79 24 21 39
80 4 1 91
80 24 19 39
2 27 25 110
4 27 31 110
5 31 15 5
7 27 37 110
7 31 43 5
8 27 15 110
9 27 19 110
9 31 31 5
10 27 43 110
10 31 19 5
11 27 55 110
12 31 25 5
13 27 49 110
15 31 9 5
18 31 1 5
20 27 1 110
21 27 7 110
22 27 1 31
22 31 49 5
23 27 7 31
23 31 55 5
25 27 13 31
26 27 19 31
26 31 37 5
28 27 25 31
29 27 39 31
29 31 49 31
30 27 33 31
31 27 55 31
31 31 1 34
32 31 43 31
34 31 13 34
37 27 7 65
37 31 19 34
38 31 7 34
41 27 1 65
42 31 25 34
43 27 13 65
43 31 31 34
44 27 19 65
48 27 31 65
48 31 37 34
52 27 25 65
53 27 37 65
54 31 43 34
55 27 43 65
56 27 49 65
57 27 55 65
57 31 49 34
58 31 55 34
59 31 1 25
62 31 7 25
63 27 1 82
64 27 7 82
65 27 25 82
67 27 31 82
67 31 37 25
68 31 13 25
69 27 13 82
69 31 25 25
70 27 19 82
72 27 37 82
74 31 19 25
75 31 49 25
77 31 31 25
78 31 43 25
79 27 55 82
1 9 25 83
1 30 28 9
2 12 31 80
3 9 28 83
4 9 37 83
5 9 21 83
5 12 34 80
6 12 37 80
7 12 13 80
8 12 19 80
9 12 28 80
10 30 13 9
11 30 19 9
12 9 40 83
12 12 43 80
13 12 16 80
14 30 1 9
15 9 13 83
16 9 1 83
16 30 7 9
17 9 4 83
17 30 22 9
18 12 7 80
19 9 7 83
19 12 1 80
19 30 4 9
20 9 16 83
20 12 40 80
21 12 4 80
21 30 25 9
23 30 37 9
24 9 10 83
24 30 33 9
26 9 31 83
26 12 10 80
26 30 16 9
27 12 22 80
28 12 46 80
28 30 10 9
30 12 52 80
30 30 40 9
31 9 46 83
33 9 34 83
33 30 45 9
34 9 49 83
34 30 52 9
35 9 52 83
38 9 55 83
39 12 25 80
39 30 1 42
40 9 58 83
41 30 58 9
42 12 58 80
42 30 7 42
43 9 7 99
44 12 55 80
45 9 43 83
45 30 49 9
46 9 1 99
46 12 10 67
47 9 4 99
47 12 49 80
47 30 10 42
48 12 4 67
49 9 13 99
50 9 16 99
50 30 4 42
51 12 1 67
51 30 55 9
52 9 10 99
52 12 7 67
53 9 19 99
55 9 22 99
55 12 13 67
55 30 16 42
56 9 25 99
56 12 28 67
57 12 16 67
57 30 31 42
59 12 19 67
59 30 13 42
60 9 28 99
60 12 22 67
61 9 31 99
61 12 25 67
61 30 19 42
63 9 37 99
63 30 22 42
64 12 31 67
64 30 25 42
65 9 34 99
65 30 43 42
66 30 28 42
67 30 49 42
68 9 40 99
68 12 34 67
69 30 34 42
70 12 37 67
71 12 40 67
71 30 37 42
72 9 43 99
72 12 52 67
72 30 55 42
73 30 40 42
74 9 46 99
74 30 52 42
75 9 55 99
75 12 43 67
76 12 46 67
76 30 58 42
77 9 49 99
77 12 55 67
77 30 46 42
78 9 58 99
78 12 49 67
79 30 1 23
80 9 52 99
80 12 58 67
80 30 4 23
1 15 31 53
1 20 33 35
2 15 29 53
2 20 35 35
3 18 31 74
3 20 37 35
3 25 33 1
4 18 17 74
5 15 37 53
6 20 11 35
6 25 17 1
7 20 23 35
8 15 25 53
8 25 27 1
9 15 11 53
9 18 13 74
9 20 17 35
10 15 5 53
10 18 23 74
10 20 25 35
11 18 5 74
11 20 7 35
12 18 7 74
12 25 5 1
13 20 5 35
13 25 21 1
14 15 19 53
14 20 31 35
14 25 23 1
15 20 39 35
16 18 10 74
16 20 13 35
16 25 15 1
17 15 1 53
17 18 15 74
17 20 19 35
18 18 19 74
18 20 21 35
19 18 37 74
19 20 43 35
19 25 10 1
20 18 25 74
20 20 29 35
20 25 7 1
21 18 1 74
22 15 7 53
22 18 21 74
22 20 9 35
22 25 25 1
23 18 3 74
23 20 1 35
24 18 39 74
24 25 1 1
25 20 3 35
25 25 29 1
26 20 41 35
27 15 3 53
27 20 15 35
28 18 29 74
28 20 49 35
30 15 9 53
30 20 47 35
31 18 27 74
32 15 13 53
32 18 47 74
32 25 3 1
33 15 15 53
33 20 51 35
34 15 17 53
34 20 27 35
34 25 19 1
35 18 45 74
35 25 13 1
36 15 21 53
36 20 53 35
37 18 35 74
37 25 31 1
38 15 23 53
39 15 33 53
39 18 43 74
39 25 35 1
40 18 33 74
40 20 55 35
41 15 27 53
41 18 5 90
42 18 41 74
42 20 1 41
43 20 45 35
44 15 35 53
44 18 51 74
44 20 58 35
44 25 37 1
45 15 41 53
45 20 4 41
45 25 46 1
46 20 13 41
46 25 39 1
47 15 39 53
47 18 57 74
47 20 7 41
47 25 41 1
48 15 43 53
48 25 49 1
49 15 49 53
49 25 43 1
51 18 11 90
51 25 16 18
52 18 53 74
53 18 49 74
53 25 3 18
54 15 47 53
55 15 51 53
55 18 59 74
55 20 9 41
56 15 53 53
56 18 55 74
57 20 11 41
57 25 53 1
58 20 19 41
58 25 51 1
59 15 45 53
59 18 9 90
59 25 55 1
60 15 57 53
60 18 1 90
60 20 15 41
60 25 59 1
61 18 3 90
61 20 17 41
61 25 1 18
62 25 5 18
63 15 55 53
63 20 25 41
64 18 15 90
64 20 21 41
65 18 7 90
66 18 13 90
66 20 23 41
67 15 59 53
67 18 17 90
68 18 21 90
70 15 23 39
70 25 57 1
71 20 27 41
72 18 19 90
73 18 25 90
73 25 11 18
74 15 27 39
74 18 29 90
74 20 34 41
75 20 31 41
76 15 25 39
76 18 23 90
77 18 27 90
77 20 40 41
78 20 29 41
78 25 7 18
79 20 46 41
80 15 29 39
2 8 37 30
5 6 39 2
6 8 31 30
7 6 49 2
8 6 31 2
8 8 43 30
9 6 55 2
9 8 49 30
10 6 31 102
12 8 49 72
15 6 43 2
16 8 55 30
18 6 43 102
18 8 55 72
19 8 45 72
20 6 49 102
20 8 31 72
21 8 37 72
22 8 27 30
23 8 25 72
28 6 13 2
29 6 19 2
30 8 1 30
31 6 7 2
31 8 13 30
32 6 27 2
33 6 1 2
33 8 7 30
34 6 1 102
35 6 15 102
36 6 7 102
36 8 1 72
38 6 25 102
39 6 19 102
40 6 1 13
40 8 19 30
41 8 7 72
43 6 37 102
43 8 19 72
44 6 13 13
45 6 7 13
45 8 19 117
46 6 55 102
47 8 13 72
48 8 13 117
49 6 19 13
50 8 25 117
52 6 31 13
52 8 13 73
54 6 25 13
54 8 31 117
55 6 37 13
58 6 43 13
59 6 49 13
60 8 3 117
61 8 37 117
63 6 7 86
63 8 43 117
64 8 49 117
65 8 9 117
66 6 31 86
67 8 1 73
68 8 7 73
70 6 13 86
70 8 31 73
71 8 55 117
72 6 1 86
72 8 21 73
73 6 55 13
73 8 43 73
76 6 19 86
76 8 37 73
77 8 1 97
79 8 7 97
1 32 37 93
3 32 40 93
5 32 31 93
6 32 43 93
7 32 55 93
12 32 19 93
13 32 28 93
14 32 25 93
15 32 34 93
17 32 46 93
20 32 13 93
21 32 58 93
25 32 7 93
27 32 10 93
29 32 1 93
33 32 22 93
35 32 4 93
36 32 16 93
37 32 49 93
45 32 25 63
47 32 1 63
51 32 19 63
53 32 7 63
54 32 22 63
55 32 4 63
56 32 13 63
57 32 34 63
58 32 10 63
63 32 52 93
67 32 43 63
70 32 28 63
73 32 16 63
75 32 37 63
79 32 31 63
80 32 40 63
1 16 35 29
2 7 41 13
4 7 23 13
6 7 35 13
7 7 29 13
8 7 47 13
8 16 29 29
10 7 17 13
10 16 37 29
11 7 11 13
13 16 23 29
15 7 5 13
15 16 25 29
16 7 53 13
17 7 59 13
18 16 5 29
22 16 11 29
23 7 46 44
24 7 53 44
25 7 55 44
27 7 49 44
28 16 7 29
29 7 58 44
30 16 17 29
31 7 5 62
32 7 51 44
32 16 1 29
33 7 11 62
34 16 21 29
35 7 1 62
36 7 19 62
37 16 13 29
39 16 9 29
40 7 7 62
40 16 15 29
41 16 19 29
42 16 31 29
43 7 17 62
44 7 3 62
45 16 33 29
46 7 15 62
46 16 27 29
48 7 21 62
49 7 23 62
50 16 39 29
51 16 41 29
52 7 29 62
55 7 25 62
56 7 9 62
57 16 3 29
58 7 35 62
59 7 31 62
60 7 13 62
61 7 41 62
62 7 27 62
62 16 43 29
64 7 43 62
64 16 45 29
65 7 46 62
65 16 49 29
69 7 37 62
69 16 47 29
70 7 49 62
71 7 51 62
72 7 33 62
73 16 52 29
75 7 53 62
75 16 58 29
76 7 55 62
76 16 5 5
77 7 58 62
78 7 5 86
78 16 55 29
79 7 11 86
80 7 23 86
14 22 33 56
16 22 22 56
20 22 37 56
24 22 3 56
25 22 10 56
27 22 7 56
29 22 13 56
34 22 40 56
35 22 19 56
38 22 16 56
40 22 25 56
41 22 43 56
42 22 52 56
46 22 46 56
50 22 1 76
55 22 28 56
56 22 57 56
60 22 25 76
63 22 49 56
64 22 4 76
68 22 28 76
69 22 9 76
71 22 13 76
74 22 37 76
75 22 16 76
77 22 19 76
78 22 31 76
79 22 34 76
4 13 25 51
5 13 29 51
11 13 34 51
16 13 17 51
21 13 11 51
22 13 5 51
24 13 7 51
25 13 1 51
28 13 19 51
34 13 23 51
35 13 27 51
36 13 31 51
38 13 3 51
41 13 13 51
42 13 15 51
47 13 21 51
50 13 37 51
51 13 43 51
53 13 41 51
58 13 39 51
64 13 47 51
68 13 45 51
71 13 9 51
72 13 58 51
74 13 49 51
80 13 7 57
2 14 43 75
3 14 49 75
4 14 27 75
5 14 55 75
15 14 49 112
17 14 25 112
18 14 49 118
19 14 55 112
20 14 43 112
29 14 25 118
31 14 19 75
32 14 7 75
40 14 9 112
44 14 31 75
48 14 51 23
49 14 37 75
52 14 19 112
53 14 31 112
57 14 37 112
58 14 1 75
59 14 33 118
61 14 13 75
62 14 13 112
66 14 7 118
68 14 49 79
71 14 19 118
75 14 1 112
76 14 1 118
80 14 43 118
1 26 43 100
4 26 49 100
10 26 39 100
13 26 55 100
14 26 37 60
16 26 31 100
20 26 55 60
23 26 49 60
32 26 15 100
35 26 55 101
37 26 25 100
39 26 13 60
41 26 21 100
42 26 33 60
44 26 39 101
46 26 31 101
47 26 25 60
51 26 45 60
55 26 31 115
56 26 37 115
64 26 55 115
67 26 7 100
69 26 1 100
70 26 43 101
77 26 9 60
78 26 1 60
Điểm tối ưu: 1151
Thời gian: 0.085104 giây
Trạng thái: GREEDY_DONE
