750 500 200
33 103 39 169 9 44 46 15 112 82 53 86 123 61 127 0
101 165 12 187 16 149 22 119 56 126 123 31 29 62 63 0
128 68 69 133 169 74 139 141 142 175 49 147 180 22 55 0
129 66 163 132 98 34 103 39 107 13 143 48 21 187 63 0
67 99 131 5 104 171 75 141 174 179 52 116 156 190 31 0
71 200 73 41 171 105 109 45 77 168 10 53 90 187 63 0
64 131 38 103 104 139 187 113 145 115 178 17 86 122 123 0
33 193 97 4 90 139 110 111 79 113 147 179 88 122 158 0
64 192 194 136 73 75 108 13 142 15 149 86 55 155 31 0
32 195 167 105 140 13 108 48 146 51 18 181 152 92 29 0
98 67 194 138 75 46 92 20 54 94 155 156 125 30 191 0
96 101 38 39 5 73 137 77 144 147 182 189 56 28 93 0
66 98 37 137 106 11 45 78 13 53 54 55 184 153 158 0
128 1 135 8 88 108 109 175 176 114 21 87 24 27 157 0
32 34 163 133 77 142 187 110 52 20 22 21 88 155 92 0
99 185 136 44 174 47 145 82 20 53 54 151 57 124 62 0
64 65 1 98 2 70 74 93 21 85 22 149 89 26 157 0
1 163 134 104 137 138 45 174 110 16 115 117 150 55 25 0
129 37 137 139 12 76 142 174 143 49 82 149 23 57 125 0
32 1 34 67 36 103 7 173 78 82 88 126 187 157 94 0
64 193 161 96 7 175 144 177 146 180 21 89 91 188 94 0
65 98 164 101 41 74 15 176 48 81 19 149 87 188 30 0
37 135 154 59 44 81 82 179 19 120 186 91 124 93 159 0
1 161 66 68 35 102 7 10 110 175 179 59 92 61 190 0
1 34 132 69 100 70 76 173 113 146 177 181 182 187 158 0
64 195 122 11 108 80 83 20 150 153 186 27 125 30 191 0
1 35 164 37 163 167 71 41 42 135 13 16 116 124 127 0
129 130 5 39 108 13 177 178 146 29 157 88 154 125 191 0
1 101 70 73 9 137 155 110 48 144 87 25 158 188 126 0
96 160 166 71 105 9 107 137 110 143 176 82 147 117 183 0
128 32 98 193 132 134 137 138 11 148 180 153 124 189 126 0
192 35 100 102 200 73 144 17 112 180 88 91 156 93 190 0
97 65 35 163 47 146 178 115 29 118 150 152 121 93 126 0
64 193 129 99 69 39 167 75 172 142 83 180 153 156 30 0
130 196 58 40 169 170 107 108 174 83 149 183 24 56 156 0
99 131 68 199 42 107 44 140 110 176 83 54 25 90 57 0
68 135 40 169 45 174 78 80 17 109 115 20 121 58 91 0
128 162 185 67 9 106 41 79 84 30 88 121 152 190 191 0
99 100 197 37 199 69 138 76 174 60 50 84 87 183 92 0
195 196 101 7 104 108 174 79 15 17 82 50 182 120 57 0
191 98 67 164 193 41 42 143 179 51 90 156 125 190 159 0
160 65 32 191 164 9 74 170 108 139 121 126 92 94 31 0
99 68 101 45 111 144 145 146 115 52 63 153 27 157 191 0
192 34 197 102 39 167 105 37 144 176 178 113 181 54 92 0
5 90 154 101 137 12 155 110 143 112 180 120 56 91 159 0
5 166 136 186 73 78 79 144 142 115 116 24 58 124 31 0
132 196 71 91 139 108 13 109 143 175 115 54 123 94 31 0
32 97 68 38 74 75 109 111 29 53 90 124 63 94 127 0
32 160 34 133 38 199 168 140 19 21 26 28 189 30 31 0
192 131 197 198 103 137 42 171 114 20 117 86 150 185 59 0
66 167 135 9 43 172 12 143 176 49 83 52 85 86 187 0
32 162 71 200 74 108 78 47 181 54 21 24 89 127 95 0
32 193 98 162 100 37 70 103 66 138 75 11 141 54 88 0
34 99 163 133 37 72 91 75 146 180 84 59 28 125 94 0
65 68 6 9 106 14 82 114 116 149 86 55 146 83 154 0
128 66 36 100 167 40 138 12 78 17 114 178 117 151 184 0
97 66 3 4 129 166 39 108 173 111 144 55 152 57 126 0
193 196 59 73 140 187 142 76 80 113 53 181 149 91 30 0
135 136 73 168 107 76 41 174 144 52 55 23 183 153 159 0
65 98 103 91 13 14 47 178 18 51 20 86 153 186 59 0
128 99 164 197 6 68 72 135 103 106 177 178 182 154 0
160 96 100 5 138 139 172 108 142 76 141 177 178 56 155 0
97 3 164 104 9 136 107 141 46 45 148 182 150 57 63 0
185 167 136 40 48 113 112 115 149 119 184 89 58 187 93 0
33 1 3 197 106 76 77 14 143 178 148 22 26 187 30 0
65 6 199 138 173 142 78 46 81 82 147 87 151 121 90 0
32 129 34 67 2 98 101 44 108 180 24 88 189 190 127 0
32 99 68 69 200 40 10 12 187 77 144 114 23 152 123 0
194 36 37 104 168 10 43 11 173 41 73 125 87 56 29 0
191 131 102 38 200 70 138 107 110 119 58 124 63 95 127 0
2 35 131 165 4 10 60 48 177 83 180 84 25 187 92 0
128 134 104 139 140 110 111 16 113 18 21 150 183 156 127 0
32 197 101 137 42 138 74 106 79 150 55 118 26 28 184 0
70 6 72 73 138 43 78 80 178 87 189 154 59 60 93 0
161 4 102 122 104 140 109 111 149 118 181 26 60 61 158 0
1 99 4 8 104 140 79 84 182 55 88 86 58 31 95 0
192 131 167 137 172 143 16 112 177 144 182 95 125 126 63 0
165 7 169 170 75 46 142 143 81 178 115 50 149 126 127 0
193 131 199 168 108 76 49 146 83 117 87 184 57 29 151 0
96 98 130 166 6 170 107 12 77 108 175 48 10 178 59 0
35 195 165 7 135 138 110 46 112 144 49 115 48 30 31 0
160 196 39 137 9 138 141 13 111 83 147 182 153 123 63 0
160 65 96 99 106 11 76 176 51 21 87 186 187 92 94 0
96 99 4 5 68 45 14 145 18 51 20 149 151 27 95 0
1 133 172 45 79 80 176 178 51 179 149 115 183 182 90 0
194 99 4 162 38 200 173 14 51 83 55 150 23 187 159 0
66 35 162 165 106 77 173 141 17 81 19 82 84 25 63 0
160 3 198 199 10 77 174 79 13 22 87 54 182 127 191 0
1 195 132 102 154 139 109 81 18 147 148 20 180 90 191 0
33 97 195 166 41 75 172 77 17 83 20 149 118 122 155 0
192 197 72 139 78 47 143 110 19 55 117 183 25 158 62 0
128 130 131 200 75 44 174 79 80 144 178 16 151 120 191 0
65 2 131 133 135 40 41 200 107 109 110 49 50 51 61 0
167 71 39 74 42 12 190 158 7 107 146 62 155 124 30 0
160 1 98 67 37 134 7 9 139 44 47 17 120 61 31 0
194 130 164 133 74 76 173 176 146 50 54 121 187 28 190 0
160 132 138 139 107 10 16 145 112 84 30 23 121 95 31 0
101 198 143 79 178 148 149 23 87 93 89 158 28 61 25 0
65 129 26 1 4 35 8 9 143 114 180 118 90 187 157 0
34 131 5 138 143 176 16 48 19 179 114 182 23 186 159 0
97 164 69 168 169 107 45 173 49 146 148 181 56 186 189 0
98 67 199 74 12 46 143 112 111 82 51 88 153 58 126 0
192 130 166 198 72 169 7 145 18 52 180 89 155 93 191 0
36 132 166 7 140 81 188 17 52 85 20 186 124 61 62 0
128 66 99 69 102 73 137 9 77 78 16 18 178 21 54 0
32 97 130 67 4 133 70 132 72 106 43 109 86 88 123 0
64 71 136 73 114 82 116 52 21 23 148 59 156 189 159 0
64 65 131 164 71 158 8 199 108 143 18 94 187 126 31 0
130 37 101 38 105 171 44 47 48 113 51 20 87 28 31 0
128 35 41 170 141 173 45 48 112 149 87 151 182 22 155 0
32 130 98 132 37 44 176 17 177 50 154 59 127 94 159 0
160 99 197 166 103 105 44 146 178 115 21 22 183 153 95 0
192 67 36 8 72 170 138 140 45 13 183 24 151 60 63 0
1 162 163 68 6 75 179 147 85 184 88 183 26 60 62 0
128 163 26 101 199 40 11 109 174 175 178 52 54 90 156 0
96 2 66 101 6 10 13 173 31 49 149 120 27 156 159 0
193 100 133 167 7 43 14 16 144 116 181 22 23 123 30 0
160 1 2 99 68 37 67 198 73 171 139 81 114 53 152 0
161 1 5 133 40 41 11 171 45 13 144 146 179 88 156 0
99 164 197 37 71 138 173 17 178 19 21 153 122 123 29 0
64 164 197 71 73 171 76 28 77 14 51 181 57 122 60 0
98 3 196 101 35 135 167 138 172 79 175 145 87 58 29 0
67 3 199 170 10 144 81 178 147 18 177 87 88 183 60 0
163 7 168 92 15 18 93 86 118 157 89 154 190 61 126 0
128 98 164 5 71 40 10 172 173 54 55 120 154 155 30 0
1 35 164 135 109 176 145 114 148 22 88 57 154 59 120 0
129 34 163 68 38 103 137 75 45 146 20 181 119 26 125 0
1 2 162 38 71 104 73 40 107 10 178 179 58 188 158 0
68 69 102 7 9 10 107 172 49 19 181 26 155 156 95 0
1 194 98 68 166 110 79 175 14 20 22 86 152 121 122 0
98 103 136 41 104 11 10 141 109 79 74 55 88 28 184 0
197 198 133 10 11 74 75 111 176 115 53 56 25 123 157 0
96 131 196 101 7 41 138 155 79 48 115 148 21 187 156 0
1 69 122 168 169 110 175 81 82 23 86 189 152 26 157 0
193 4 68 70 103 167 138 139 177 150 56 153 29 184 159 0
98 36 72 106 108 76 14 143 144 23 149 119 154 190 158 0
97 67 197 106 142 15 48 16 146 179 144 117 56 89 184 0
97 5 122 167 8 74 140 110 46 112 176 51 21 119 58 0
2 35 196 164 167 136 11 78 79 176 14 114 149 153 60 0
160 161 34 131 68 101 5 200 78 51 148 150 23 61 159 0
32 162 131 4 135 7 172 45 109 60 146 115 118 120 92 0
101 40 168 42 11 176 16 18 17 54 25 89 27 158 159 0
65 99 74 10 77 174 175 80 144 13 179 180 23 88 25 0
33 1 131 37 7 9 147 93 86 184 89 155 188 189 30 0
96 128 3 7 72 137 39 43 103 111 80 82 21 152 188 0
160 98 67 68 102 9 170 171 76 107 146 180 150 88 92 0
26 36 39 40 8 170 171 113 188 82 20 51 153 154 124 0
160 130 195 165 134 168 27 170 46 18 115 116 182 184 187 0
96 195 102 136 137 170 72 108 10 112 16 22 56 26 157 0
99 198 71 40 172 46 142 49 20 117 22 24 93 158 191 0
64 97 131 68 165 105 170 10 109 148 116 88 186 123 29 0
185 5 200 40 170 155 109 111 144 50 149 117 153 59 28 0
69 6 39 170 139 45 14 46 173 49 81 114 115 182 57 0
128 70 42 108 15 113 51 116 148 23 183 120 89 84 59 0
32 96 97 100 70 166 136 41 171 107 80 148 118 26 123 0
65 34 195 5 199 107 110 176 149 119 24 153 126 190 158 0
97 1 197 38 71 39 199 107 113 84 184 153 59 63 95 0
193 98 100 68 70 101 104 105 173 110 142 146 25 26 190 0
193 98 3 132 6 41 42 45 173 78 112 151 155 189 126 0
97 162 194 171 44 43 175 92 116 87 56 62 156 184 63 0
129 2 6 139 171 13 110 15 145 50 148 84 180 187 124 0
32 5 6 133 40 105 171 110 15 83 52 85 86 58 95 0
1 162 121 133 38 7 168 9 42 135 13 45 82 153 94 0
32 128 98 160 196 37 168 73 10 172 142 176 48 51 20 0
1 67 165 134 136 44 14 143 144 17 112 148 118 59 94 0
1 99 40 137 12 173 145 114 19 51 53 23 58 158 191 0
64 97 34 99 10 155 110 47 80 81 50 54 25 59 156 0
66 194 163 102 167 169 106 43 141 110 177 51 119 123 94 0
32 192 90 5 199 104 200 133 44 141 113 147 154 190 63 0
192 195 102 8 42 60 143 144 49 177 116 54 90 91 156 0
130 163 100 169 74 75 76 45 174 14 83 20 150 87 154 0
2 99 98 37 166 105 107 110 47 180 21 150 28 190 159 0
2 133 199 8 104 75 44 109 14 176 19 55 152 158 190 0
160 132 69 6 7 167 73 72 43 78 47 143 144 50 188 0
128 97 161 100 102 103 39 7 75 45 79 82 52 55 94 0
98 163 165 102 122 197 70 154 113 85 181 23 90 158 127 0
33 6 168 10 155 141 113 50 19 177 58 187 190 30 191 0
68 165 4 36 104 42 110 143 47 53 118 183 185 190 62 0
99 196 126 58 73 74 190 142 17 184 122 91 124 125 30 0
64 97 196 139 172 13 78 178 85 118 22 185 186 60 157 0
35 70 167 106 78 79 16 48 180 85 182 119 184 189 126 0
131 164 101 104 137 138 74 48 17 82 147 50 151 91 127 0
70 166 103 170 42 76 108 45 47 50 83 149 55 88 186 0
99 38 136 170 13 45 77 14 145 18 118 55 183 189 190 0
32 64 101 73 75 107 46 156 180 181 56 26 91 120 184 0
128 195 107 75 77 78 174 45 49 112 115 62 187 124 190 0
128 35 196 101 75 44 144 176 82 115 55 124 93 126 191 0
66 164 69 7 72 104 171 28 46 17 179 147 123 124 125 0
97 3 7 111 79 143 16 112 84 53 118 184 121 92 191 0
129 34 111 175 17 50 113 148 85 55 151 80 187 92 157 0
161 98 168 44 141 79 144 145 180 148 88 26 187 188 29 0
131 164 133 167 170 75 43 145 81 83 86 184 90 158 63 0
97 130 98 41 170 140 108 110 114 20 53 119 28 29 191 0
68 100 122 37 41 139 43 114 115 116 147 51 119 186 29 0
191 161 164 132 197 7 135 138 176 51 118 152 122 120 95 0
128 33 121 68 167 42 107 44 139 112 49 16 23 89 122 0
128 193 132 36 199 105 139 140 111 112 20 149 119 59 31 0
1 34 36 165 72 123 77 47 16 145 79 181 150 85 187 0
131 101 38 71 11 171 172 179 149 54 56 57 59 28 63 0
192 194 130 68 71 138 42 177 18 178 51 149 157 95 191 0
2 67 36 106 170 44 11 114 84 181 185 154 187 61 159 0
192 129 162 67 3 165 134 135 136 73 144 181 123 62 191 0
2 35 100 196 195 8 105 106 78 50 56 90 155 60 62 0
163 35 101 76 141 14 144 49 82 83 180 19 52 85 124 0
96 3 5 70 39 134 106 110 79 145 51 147 86 119 29 0
128 163 73 42 77 46 49 178 148 85 181 23 152 58 92 0
33 195 164 104 41 172 173 76 79 175 114 180 157 27 29 0
129 136 10 138 140 111 176 114 53 22 23 85 122 120 127 0
129 2 36 102 134 104 40 42 44 77 176 18 86 89 95 0
65 162 35 132 167 140 177 114 63 85 54 60 61 190 159 0
128 129 64 3 4 101 7 72 42 144 114 115 116 149 20 0
160 1 4 6 41 12 175 81 145 50 116 148 118 27 92 0
32 97 34 198 39 169 171 45 92 124 148 55 151 156 93 0
128 36 197 102 7 104 105 106 109 47 83 23 88 190 63 0
3 4 101 106 14 78 48 179 180 182 58 60 61 126 63 0
33 35 36 100 136 10 171 139 173 15 18 182 86 57 186 0
67 100 6 8 12 76 45 15 18 179 53 90 123 189 127 0
1 101 166 103 138 42 172 45 176 179 83 25 127 29 63 0
64 128 6 105 138 141 119 86 23 87 121 90 92 184 191 0
192 97 98 2 37 41 170 141 176 177 118 184 59 93 127 0
128 132 134 7 71 41 43 76 45 48 145 82 147 181 124 0
160 64 42 107 45 79 178 188 84 114 182 119 28 94 63 0
193 66 37 200 42 138 14 175 156 149 184 154 124 29 159 0
1 70 134 104 140 31 46 175 110 92 146 59 188 126 127 0
192 64 194 98 66 136 168 74 11 143 111 49 115 118 91 0
195 166 198 104 76 111 143 177 80 53 117 182 85 155 190 0
96 97 162 35 98 171 78 113 81 149 89 26 158 156 94 0
2 165 69 138 43 12 109 79 114 147 82 54 55 154 126 0
64 131 164 199 10 77 78 14 142 17 46 179 116 150 88 0
195 69 198 102 165 168 75 145 178 20 181 85 24 157 127 0
89 65 163 68 70 73 74 107 172 77 78 110 50 87 57 0
67 5 90 7 39 41 43 79 48 54 183 57 26 189 94 0
2 131 3 199 168 167 108 18 20 85 53 151 90 190 95 0
161 185 100 166 40 106 11 143 116 84 118 153 26 125 30 0
64 102 135 136 73 108 176 112 178 184 88 91 124 61 126 0
6 122 136 73 109 112 115 116 182 183 153 186 92 29 94 0
160 1 97 135 167 169 59 91 171 141 144 81 121 123 127 0
1 2 196 58 6 70 137 45 18 116 21 86 150 57 186 0
32 129 2 166 200 73 170 44 76 145 120 122 123 92 158 0
193 65 5 71 136 179 181 150 149 152 183 187 125 30 159 0
96 193 160 132 134 70 172 92 79 80 82 115 185 60 61 0
128 161 2 35 96 70 41 42 73 187 175 184 121 91 156 0
128 192 130 32 36 134 41 42 16 80 82 20 119 90 187 0
129 194 165 7 168 41 72 11 135 110 114 83 93 149 125 0
160 3 132 133 137 106 11 42 109 15 145 82 181 86 92 0
2 130 100 103 106 45 13 143 60 113 179 147 54 28 126 0
128 97 66 195 132 64 102 71 8 10 74 13 45 181 151 0
128 129 66 132 39 139 108 120 79 48 22 182 184 187 28 0
161 34 165 6 38 170 11 80 18 178 84 85 180 117 31 0
33 1 99 67 4 8 42 111 176 180 86 88 60 61 94 0
128 161 96 35 69 169 108 45 109 150 54 56 127 94 95 0
97 193 132 37 38 39 137 113 50 178 125 189 56 123 93 0
192 36 37 69 132 169 106 109 110 47 16 150 24 90 158 0
194 99 196 131 135 108 77 175 113 19 119 151 185 186 25 0
35 163 71 10 11 42 124 113 18 179 180 23 184 92 125 0
129 99 39 108 173 141 172 111 115 20 148 22 183 154 157 0
193 131 4 100 200 139 12 13 113 62 88 153 122 24 191 0
64 161 66 131 3 98 134 199 102 169 111 121 154 60 29 0
32 99 196 3 70 134 105 170 74 107 47 55 152 186 93 0
96 33 3 77 45 175 141 143 19 21 24 153 122 156 159 0
98 58 73 11 12 142 81 83 84 180 54 121 26 189 126 0
160 97 129 164 5 166 200 73 72 13 110 114 19 85 89 0
3 132 197 102 136 11 75 174 79 81 180 53 22 116 189 0
129 69 71 138 43 142 175 29 180 153 58 123 60 63 31 0
65 68 5 108 173 172 47 17 81 118 119 24 182 124 31 0
193 65 194 69 104 72 139 141 173 113 19 86 87 90 27 0
64 33 67 104 73 12 109 110 143 176 14 18 116 52 90 0
98 66 166 71 11 12 173 78 174 14 82 178 86 56 93 0
96 65 160 131 133 70 76 16 112 51 117 85 188 61 127 0
128 2 163 68 197 166 200 41 138 72 13 77 80 113 95 0
159 98 67 39 137 42 43 79 176 112 152 121 27 156 95 0
128 70 198 135 173 78 47 79 114 19 95 119 88 126 159 0
192 5 165 197 44 145 19 83 55 152 185 58 188 93 191 0
122 104 106 107 14 179 20 86 87 56 26 155 157 190 31 0
192 2 101 69 167 103 200 74 10 7 110 176 177 145 153 0
32 64 133 167 74 171 173 17 147 116 180 23 94 188 30 0
160 162 35 131 58 198 135 104 137 106 82 52 23 89 154 0
193 97 34 164 4 198 71 107 75 141 77 111 176 145 147 0
96 129 194 67 36 199 40 104 170 171 136 177 21 26 187 0
32 96 1 100 122 39 8 42 171 45 48 54 55 26 157 0
97 104 137 171 76 45 46 143 147 182 118 151 185 122 31 0
65 67 4 100 10 11 44 46 113 52 85 20 120 121 157 0
196 70 105 10 74 41 145 17 83 52 85 117 24 28 157 0
96 2 67 197 136 43 44 190 111 175 147 183 120 188 158 0
33 98 99 196 133 6 66 107 172 79 114 149 188 157 126 0
198 7 168 10 173 144 16 178 119 54 150 120 153 62 63 0
129 66 164 133 70 68 72 7 104 11 199 173 174 110 51 0
64 65 163 69 140 110 80 176 179 116 83 154 61 190 31 0
192 161 191 160 100 198 114 63 84 118 89 127 125 190 159 0
32 96 70 135 75 171 173 77 81 145 182 24 153 156 184 0
160 33 196 36 70 39 59 108 144 19 21 150 154 155 127 0
159 65 130 99 98 4 166 71 80 176 144 182 187 190 191 0
129 66 131 2 36 65 9 140 45 48 18 150 151 152 154 0
34 66 132 135 169 175 79 80 114 147 51 151 124 62 159 0
192 33 162 5 70 9 171 18 149 86 85 22 53 26 30 0
2 69 38 6 5 37 143 180 53 62 25 26 29 158 63 0
96 161 97 4 167 137 15 114 150 55 90 155 188 62 63 0
97 194 163 196 101 38 134 170 43 18 180 23 121 59 124 0
96 130 131 68 163 170 171 108 80 49 17 147 54 24 127 0
37 6 165 138 12 112 17 114 116 149 23 89 188 30 57 0
129 4 100 133 168 9 74 109 112 114 51 180 118 88 61 0
97 130 195 196 4 134 101 68 10 79 16 113 54 187 31 0
64 98 126 198 171 11 173 175 49 53 117 26 190 94 63 0
100 70 7 78 48 80 178 147 21 150 120 57 154 125 190 0
1 196 69 4 166 9 106 42 44 14 16 49 87 55 60 0
1 130 26 37 101 7 136 139 108 14 50 115 183 154 158 0
33 5 198 7 40 106 141 48 49 148 22 55 91 28 30 0
96 34 35 166 167 108 109 111 16 80 82 50 52 54 182 0
32 98 70 154 8 158 106 177 178 115 23 56 122 155 94 0
64 1 2 65 164 130 39 41 114 52 87 88 153 92 61 0
34 13 174 141 113 82 49 114 117 85 149 26 27 28 189 0
129 2 161 8 15 176 113 111 179 148 52 86 89 27 188 0
99 39 104 43 173 111 48 176 116 150 54 184 25 90 127 0
96 162 163 133 198 167 8 199 75 17 117 55 153 28 125 0
194 68 141 173 175 16 48 83 149 118 23 154 123 30 63 0
3 166 167 71 105 140 141 14 15 16 19 147 54 152 187 0
129 5 102 39 103 12 174 15 83 19 116 182 118 119 186 0
163 36 58 70 39 74 11 143 113 119 189 26 155 28 157 0
65 9 105 75 41 14 47 145 18 180 148 116 119 92 190 0
197 69 198 108 141 142 47 112 110 146 149 158 92 93 94 0
64 130 38 7 72 175 144 80 85 150 23 118 24 28 61 0
64 37 199 136 104 42 11 44 15 146 114 54 157 58 61 0
195 165 166 6 168 174 17 179 83 85 84 151 152 58 157 0
192 65 6 169 44 45 78 46 51 86 183 150 27 30 191 0
33 197 166 102 136 198 138 79 179 84 85 30 62 61 94 0
192 101 134 133 104 11 172 49 145 19 147 55 121 92 158 0
67 4 69 198 197 72 43 80 82 84 24 185 59 125 94 0
128 194 3 165 198 71 136 133 139 11 142 179 184 25 122 0
99 3 134 102 135 41 141 16 145 146 147 144 55 155 191 0
161 2 66 56 131 142 111 110 146 52 119 184 186 125 127 0
1 196 101 198 40 136 41 8 107 48 124 24 92 61 191 0
192 162 26 131 2 138 174 112 86 25 121 122 29 30 31 0
121 163 135 59 155 45 18 50 84 86 55 25 154 91 126 0
129 135 199 186 44 12 14 116 121 126 27 188 125 62 191 0
192 161 198 75 46 84 93 22 23 56 121 126 152 158 57 0
128 65 98 131 197 165 8 106 11 141 19 148 119 56 184 0
2 166 198 73 11 141 14 142 17 179 115 120 187 190 158 0
2 163 71 9 43 77 110 144 16 118 185 90 155 125 30 0
66 134 38 8 169 10 171 170 48 176 119 22 87 25 125 0
2 185 104 8 138 108 109 142 144 148 85 116 89 186 60 0
33 2 72 8 10 16 177 19 22 30 152 156 93 62 95 0
32 96 164 103 7 74 12 77 52 23 184 58 88 190 127 0
128 97 34 67 171 75 111 124 82 115 178 61 92 93 94 0
4 8 106 123 139 138 15 80 188 21 85 152 185 187 156 0
64 72 74 79 176 145 178 124 53 86 183 58 91 188 191 0
65 133 166 198 72 170 138 75 28 144 116 53 86 120 60 0
160 33 194 196 39 71 137 42 140 109 117 119 94 126 127 0
128 67 158 137 44 14 174 80 142 148 56 186 155 30 31 0
1 97 8 41 27 106 40 13 142 78 61 148 149 187 29 0
1 101 72 105 74 77 45 173 80 112 50 53 151 89 94 0
198 136 9 170 138 46 174 48 80 81 179 56 91 92 29 0
32 37 199 168 7 106 141 77 111 113 178 51 146 90 59 0
1 98 69 166 133 136 138 113 180 85 24 90 31 29 63 0
160 66 99 162 163 102 138 170 140 83 115 85 149 179 58 0
194 36 69 70 68 6 4 170 8 108 18 83 189 56 125 0
67 38 135 103 169 40 158 81 113 114 116 87 126 27 30 0
161 67 5 9 108 46 143 15 17 60 51 20 30 156 126 0
195 36 101 135 137 169 138 13 78 145 146 181 89 91 60 0
96 129 41 106 169 172 111 176 146 117 149 150 28 189 127 0
2 67 171 14 143 144 17 51 19 53 181 158 124 61 190 0
96 193 200 10 75 47 79 178 147 20 21 86 56 189 63 0
159 34 195 100 101 102 70 41 139 16 49 90 155 158 63 0
96 162 195 66 37 2 35 135 199 13 146 179 85 25 125 0
33 34 131 71 136 75 45 174 114 86 55 154 127 189 63 0
164 37 101 39 69 9 107 43 45 78 18 180 85 26 187 0
36 5 103 41 108 44 78 48 177 18 118 25 93 158 159 0
194 130 37 135 138 75 107 109 110 15 10 115 20 90 156 0
34 133 135 72 73 43 171 48 81 18 51 115 23 88 91 0
128 196 101 9 106 109 176 145 82 115 21 86 119 92 191 0
161 98 3 6 7 102 137 110 175 177 178 150 23 94 126 0
193 98 102 168 9 140 12 174 47 178 23 118 55 122 94 0
96 36 69 133 135 139 140 110 49 149 53 119 28 61 191 0
192 161 34 99 196 132 198 136 41 106 111 149 53 119 61 0
65 37 70 101 38 137 9 139 198 79 50 115 119 59 30 0
160 34 37 199 74 12 172 14 111 108 109 19 182 61 94 0
131 68 174 79 143 17 81 148 55 85 151 57 93 62 127 0
96 33 39 167 172 141 79 47 177 113 15 84 23 185 62 0
66 135 200 74 107 44 12 109 143 17 113 145 86 61 191 0
163 132 131 38 167 10 171 15 79 47 18 118 124 29 30 0
89 32 65 195 8 78 49 179 85 21 151 56 25 122 61 0
96 193 192 100 69 196 199 7 76 174 144 176 180 155 28 0
128 167 140 141 79 143 144 19 149 118 183 55 60 29 95 0
102 70 39 73 75 11 13 172 47 124 156 145 85 27 28 0
128 2 185 130 35 70 71 103 137 85 182 57 90 27 93 0
131 68 90 38 39 102 107 13 144 84 86 87 58 189 31 0
33 68 132 69 138 42 13 77 112 147 53 181 22 153 186 0
65 121 163 141 144 145 179 53 86 23 184 153 90 88 30 0
192 161 195 132 104 13 46 111 52 181 86 183 56 154 28 0
160 161 2 3 1 197 154 40 107 81 22 183 152 186 126 0
65 195 100 5 68 71 4 107 175 124 50 21 188 158 191 0
32 132 165 166 135 138 107 110 112 176 150 118 58 123 156 0
1 98 131 134 7 168 74 12 15 116 149 118 153 27 156 0
1 58 68 154 107 174 110 80 55 184 186 187 60 189 127 0
64 193 36 5 170 176 113 82 83 188 118 119 184 121 92 0
132 5 169 74 43 108 142 83 148 115 118 55 62 157 94 0
129 4 69 39 9 78 48 113 178 116 120 56 123 156 159 0
97 2 37 5 7 136 134 10 173 46 19 147 185 122 60 0
160 65 2 66 8 73 140 48 178 179 50 115 56 186 158 0
160 64 129 67 68 8 104 138 105 78 48 82 156 126 191 0
161 33 163 193 72 136 169 79 156 181 149 87 120 185 60 0
97 98 3 133 70 6 136 170 174 18 179 180 119 58 126 0
162 164 134 39 166 170 123 171 78 176 120 25 91 189 30 0
128 129 64 4 200 170 76 110 78 18 147 180 24 152 30 0
193 162 164 197 37 71 70 74 138 172 142 21 157 92 61 0
98 196 69 198 74 42 140 141 142 80 81 49 85 185 60 0
1 163 67 69 100 72 76 172 173 175 48 111 19 120 188 0
161 99 3 133 70 39 91 171 44 142 175 116 153 155 93 0
163 100 4 143 16 177 119 21 22 117 151 57 184 125 126 0
192 129 67 36 164 69 39 198 15 16 49 19 147 88 95 0
32 161 195 196 103 40 11 108 111 17 180 87 189 94 95 0
159 162 35 34 39 104 106 77 176 83 116 55 121 91 57 0
128 101 134 167 199 139 109 174 47 80 14 180 85 84 127 0
64 33 130 100 134 106 141 146 82 52 23 121 26 158 30 0
32 161 1 98 37 9 169 139 17 116 87 183 56 151 125 0
1 67 36 197 39 8 105 9 12 49 117 21 120 127 63 0
130 163 195 135 200 104 74 76 52 20 119 56 58 187 120 0
97 34 103 8 42 174 112 177 82 49 121 122 187 61 127 0
98 34 3 99 38 9 10 170 16 114 50 181 88 123 127 0
129 98 67 198 76 109 110 20 125 118 53 57 186 123 93 0
128 161 32 5 197 37 39 11 147 19 53 152 89 187 93 0
97 129 164 132 6 135 136 104 102 75 84 151 56 185 31 0
163 167 40 74 139 155 170 141 91 176 81 19 148 23 187 0
32 192 5 166 137 73 107 143 177 50 179 19 182 188 93 0
195 131 99 163 138 107 143 112 17 18 119 57 90 124 158 0
128 104 108 142 14 48 83 19 51 148 26 155 124 94 191 0
128 193 65 163 195 5 103 136 137 145 177 148 55 25 187 0
162 35 166 38 70 139 75 79 84 117 86 88 58 188 159 0
194 131 90 168 73 72 172 109 76 175 114 51 86 154 127 0
130 163 5 70 135 197 137 74 145 86 150 89 187 188 29 0
160 193 66 131 163 195 133 135 104 172 79 80 178 52 31 0
160 193 1 196 38 137 9 77 78 79 49 51 179 53 30 0
161 97 1 134 154 9 13 47 81 83 147 179 119 58 27 0
1 33 8 41 106 42 141 80 147 20 148 86 23 183 95 0
129 33 36 5 196 167 40 7 171 45 153 58 187 60 157 0
1 194 36 5 102 45 83 180 147 182 119 90 91 92 93 0
96 66 35 198 75 12 44 11 79 113 177 19 119 94 127 0
128 65 98 163 164 69 102 170 138 173 142 79 17 27 127 0
64 96 3 5 135 9 10 105 74 109 48 118 120 121 158 0
134 199 11 172 80 81 18 145 148 86 151 24 26 190 159 0
196 133 165 39 136 71 38 43 175 51 23 52 85 183 179 0
159 99 8 10 12 77 140 113 180 21 184 124 29 94 191 0
89 65 97 66 73 172 14 114 84 180 55 119 151 25 126 0
98 90 105 50 147 180 84 18 119 56 23 26 155 190 126 0
97 4 71 171 172 109 111 112 145 18 144 115 23 189 95 0
99 104 105 11 140 45 111 18 179 20 182 55 58 188 126 0
159 164 167 168 74 123 10 82 84 54 57 187 127 29 95 0
128 192 35 133 135 169 137 15 81 82 51 85 182 26 191 0
34 132 69 72 136 74 11 44 13 78 178 55 121 189 63 0
162 66 39 136 168 72 179 84 85 55 58 123 124 29 126 0
97 65 35 67 165 195 167 105 139 76 173 14 84 57 63 0
192 129 162 168 27 10 43 12 200 174 111 52 24 187 95 0
163 69 6 199 167 139 14 124 81 119 150 54 22 92 189 0
6 136 40 168 139 112 114 147 83 117 148 182 178 121 62 0
159 97 199 105 41 78 113 114 146 147 118 57 60 190 95 0
193 161 33 70 103 106 109 176 147 52 115 21 55 157 63 0
64 35 3 135 75 176 113 145 179 147 56 90 93 126 159 0
64 129 98 99 133 104 136 11 45 143 17 18 50 148 93 0
128 34 163 131 134 103 135 39 74 199 15 82 56 58 158 0
65 161 197 38 105 41 139 171 173 47 112 177 51 85 63 0
64 164 100 134 200 104 44 187 49 81 20 182 27 94 191 0
129 35 68 101 39 9 139 140 44 142 124 17 16 19 188 0
98 99 101 197 135 136 169 73 5 76 46 156 149 187 28 0
33 162 58 186 109 79 188 54 152 57 26 91 28 29 190 0
161 131 36 164 198 103 133 41 171 113 83 52 56 93 184 0
2 195 5 198 70 137 75 108 172 48 85 181 57 28 125 0
65 34 99 103 9 142 111 18 182 183 62 25 26 118 190 0
102 103 136 123 175 113 146 18 147 17 151 59 124 189 159 0
192 34 38 135 41 91 140 77 13 15 112 53 119 123 190 0
67 68 134 6 40 136 10 17 49 19 116 181 124 30 95 0
4 165 103 39 168 42 44 13 46 144 83 149 120 185 123 0
2 130 68 133 39 75 78 79 48 145 16 152 155 30 63 0
65 129 66 70 7 40 73 10 186 13 48 180 150 154 94 0
66 99 195 69 73 138 105 108 143 114 179 85 22 156 125 0
1 8 107 172 141 111 17 114 24 121 122 27 156 30 159 0
160 192 39 136 169 105 75 140 109 50 146 22 55 26 188 0
132 134 11 45 142 79 175 177 114 115 173 85 182 121 59 0
99 100 5 71 10 75 76 173 144 112 50 55 156 29 62 0
131 196 37 102 106 172 176 114 179 19 85 146 154 27 93 0
128 162 133 101 40 105 170 171 150 183 54 57 26 93 158 0
160 121 101 102 38 41 109 142 80 18 22 185 26 125 95 0
192 161 35 197 106 77 18 147 118 55 152 153 27 63 191 0
161 195 4 101 70 107 79 80 81 16 145 20 181 21 119 0
65 2 99 68 38 103 127 178 84 53 119 188 125 126 191 0
96 1 132 200 27 170 43 139 174 176 114 115 51 181 59 0
161 194 165 6 8 79 48 81 146 51 116 53 154 189 62 0
33 67 36 5 44 141 109 47 140 115 148 118 151 57 159 0
1 194 185 134 13 112 50 53 150 119 120 182 90 187 93 0
32 97 140 173 81 177 115 93 53 178 189 88 187 61 190 0
99 196 135 72 10 174 111 144 178 182 183 91 31 63 127 0
163 72 9 169 171 44 45 190 48 30 55 87 156 126 127 0
35 163 70 41 172 109 28 175 51 54 55 120 90 155 124 0
64 194 100 6 8 10 172 113 18 86 119 24 91 28 189 0
128 131 197 70 104 169 139 13 60 92 55 86 22 188 30 0
1 100 36 3 7 8 76 174 16 146 53 183 88 190 31 0
1 98 132 71 40 107 172 176 180 116 183 185 59 189 126 0
162 195 131 168 200 75 48 113 178 51 87 56 90 155 61 0
160 34 68 69 4 135 168 139 45 46 47 144 49 180 24 0
192 153 3 90 6 138 107 178 116 54 23 89 186 59 124 0
98 135 59 74 75 109 46 176 85 118 151 22 27 63 191 0
163 36 197 5 8 76 109 176 83 84 86 150 153 188 157 0
128 1 7 11 108 14 92 61 0
129 2 131 7 12 23 28 160 167 40 41 168 171 49 177 54 185 59 60 188 189 65 194 68 69 70 199 72 75 78 79 82 83 87 102 108 111 118 123 125 0
121 77 95 0
65 114 0
4 134 139 12 19 147 26 27 28 160 33 161 163 37 165 166 171 172 46 47 176 181 191 195 196 70 71 72 199 77 78 79 80 82 83 86 89 92 98 107 118 125 0
96 101 137 46 17 18 51 122 0
168 12 46 115 53 159 0
160 98 109 0
96 0
123 191 0
152 114 35 102 0
128 129 3 10 11 12 13 139 17 149 28 156 32 161 34 162 38 39 166 42 173 46 49 50 177 52 53 178 182 61 63 64 65 67 195 199 73 77 82 84 86 99 105 109 116 117 122 0
57 117 0
161 156 182 38 0
156 47 0
0
18 189 0
75 14 0
185 97 99 0
161 195 7 75 11 150 89 0
106 117 153 154 188 0
128 2 3 131 9 10 143 17 20 152 27 157 158 160 161 166 41 42 44 172 47 178 179 188 190 63 191 65 192 194 68 199 73 81 86 92 97 104 112 117 123 0
129 2 6 134 11 14 15 143 147 150 152 154 27 34 35 162 37 166 39 167 41 43 44 171 172 173 174 177 52 181 54 182 56 57 184 60 61 188 191 64 68 198 71 72 81 86 89 92 97 99 101 102 104 108 112 113 115 117 118 125 0
192 97 10 113 82 115 89 0
117 7 0
123 97 107 61 0
35 38 142 149 150 155 0
49 42 113 0
131 4 6 7 134 10 138 141 142 15 148 23 27 28 155 158 159 34 164 38 166 170 171 177 50 178 179 183 195 69 199 72 200 78 79 84 86 87 96 101 106 121 123 0
78 31 0
141 70 0
97 178 0
96 17 0
168 113 44 0
172 0
160 33 92 30 0
33 166 14 0
194 39 0
17 15 0
80 57 77 0
101 133 167 12 109 61 63 0
169 198 0
99 72 143 176 47 0
40 0
3 4 6 134 138 11 141 142 18 147 20 148 22 23 26 27 30 31 32 159 40 41 171 177 53 54 184 188 190 63 199 80 82 83 85 89 95 112 117 0
164 166 141 148 191 0
185 169 83 22 153 0
96 18 125 0
99 133 46 79 83 157 0
186 10 61 149 0
69 72 114 51 182 0
104 13 177 22 156 0
113 187 149 86 0
12 0
65 101 166 41 105 107 137 170 47 0
163 44 142 114 20 0
154 190 30 0
72 27 37 0
128 2 6 134 10 138 141 14 19 147 150 23 156 157 158 161 34 35 164 39 40 41 169 43 47 49 177 53 184 186 59 187 188 192 197 199 72 75 77 81 82 86 89 92 103 104 106 109 116 117 121 122 123 0
121 4 171 149 57 0
65 139 115 117 54 0
2 3 133 10 13 14 15 18 19 148 150 23 28 30 31 163 38 39 40 41 170 43 172 173 49 177 182 56 185 189 190 191 192 196 71 75 79 89 92 95 96 98 99 106 109 112 115 117 118 125 0
86 0
50 15 0
3 131 6 134 137 10 11 141 143 17 148 26 154 158 159 32 162 163 166 169 171 44 172 52 183 184 187 188 190 198 200 75 80 85 86 92 95 96 97 102 103 111 112 116 118 123 0
109 28 61 174 0
101 175 178 114 152 0
187 0
128 3 6 10 138 141 17 19 148 154 155 156 158 33 161 165 166 40 46 49 50 177 52 53 54 57 186 187 60 61 188 63 190 65 69 83 87 96 97 99 101 102 113 117 0
97 98 131 198 42 147 117 0
129 2 134 7 136 137 14 17 19 20 23 154 155 158 37 165 41 43 174 175 49 54 57 185 60 188 189 63 64 195 71 79 81 86 87 97 101 102 118 0
169 0
67 3 0
128 129 4 134 9 14 17 18 148 154 27 28 155 31 32 160 163 37 38 166 40 167 42 43 168 169 46 170 173 49 50 174 177 53 178 179 183 57 63 67 68 195 199 80 81 85 96 99 101 102 103 104 108 113 115 116 118 0
155 0
129 153 123 165 0
89 147 28 37 0
67 166 104 178 150 158 31 0
42 143 0
142 14 87 0
56 190 103 0
192 6 106 117 150 0
129 134 137 138 139 12 142 15 143 147 27 31 159 161 35 163 165 38 39 169 173 49 177 179 54 186 63 65 67 195 72 75 78 81 82 83 84 86 87 105 112 113 116 121 122 123 0
40 161 165 0
131 4 134 138 11 139 141 14 142 18 147 148 23 31 160 33 37 166 168 173 176 179 52 53 54 181 56 185 188 61 189 63 190 195 70 200 78 80 82 92 95 97 111 112 114 121 123 125 0
164 170 78 142 14 121 0
129 38 46 112 0
152 170 141 0
200 83 139 69 0
35 104 175 123 125 0
128 3 15 143 150 26 33 161 163 37 39 168 41 42 170 44 172 46 174 177 178 54 184 187 190 65 195 68 70 73 75 80 92 108 122 0
3 6 7 141 142 147 148 150 152 155 30 163 37 165 166 40 42 43 171 46 174 175 49 178 181 183 184 186 60 190 63 64 192 194 68 197 70 71 198 73 81 83 99 103 106 107 109 113 116 118 0
129 3 133 10 141 14 142 143 18 149 30 32 33 34 161 165 39 167 169 44 172 46 47 173 175 51 183 186 61 194 195 70 71 199 200 75 79 80 83 87 97 103 108 109 114 117 123 0
30 111 0
22 23 184 188 95 0
11 0
131 169 108 172 113 18 82 0
133 6 10 12 141 15 143 144 18 149 22 152 27 158 32 161 162 38 40 44 172 46 173 49 51 52 179 54 184 57 188 61 65 195 68 72 77 79 89 106 112 117 123 0
56 77 0
129 4 7 15 18 23 154 32 160 161 37 167 42 173 174 50 178 179 53 54 59 187 61 65 194 67 68 70 71 72 198 74 75 82 86 103 104 107 108 113 114 115 117 123 0
65 34 67 169 49 121 92 0
101 54 0
128 7 9 12 13 142 15 18 26 159 164 37 165 39 166 42 171 44 173 175 51 54 182 57 185 59 187 191 64 65 192 195 197 198 71 72 199 200 84 92 97 101 103 105 106 107 114 118 122 123 0
82 0
56 182 0
0
17 153 181 97 0
98 166 70 154 0
2 3 6 134 139 14 15 142 18 20 148 152 26 27 154 158 33 38 41 172 175 49 179 53 183 186 188 61 64 192 67 73 77 82 85 86 87 97 101 108 109 115 118 125 0
133 137 13 17 18 19 20 148 28 33 34 162 164 166 167 41 44 172 174 179 183 184 186 190 197 70 75 77 79 80 82 95 97 101 102 106 107 112 114 117 0
128 4 7 137 139 12 141 14 147 20 148 22 150 31 159 163 37 38 39 166 41 44 46 47 174 176 53 54 181 56 186 59 60 189 63 65 67 68 72 75 81 87 98 99 108 111 112 0
81 57 122 0
2 106 44 50 178 85 0
122 12 173 23 0
121 106 0
192 42 92 143 0
153 188 123 4 0
129 147 38 0
115 51 143 0
128 129 3 4 139 12 141 17 18 20 150 26 27 155 161 166 167 169 170 171 172 46 47 175 178 51 184 60 61 188 63 190 65 67 68 197 71 200 73 78 82 83 87 102 104 105 106 108 109 117 118 121 122 0
138 172 149 0
129 59 149 0
129 137 13 15 143 148 149 154 27 28 156 30 158 159 166 43 44 46 177 51 182 183 189 63 192 65 68 196 72 73 77 89 97 98 104 105 106 107 115 116 123 0
163 6 167 187 60 0
163 4 200 79 84 0
137 83 131 0
154 60 133 0
97 34 134 18 148 0
97 164 173 174 61 63 0
133 10 138 12 13 14 15 141 148 152 154 155 28 158 32 162 39 40 170 47 175 176 50 177 181 54 182 56 57 184 185 192 195 68 198 72 75 81 83 85 90 99 105 106 112 113 115 0
51 35 171 0
115 27 0
184 92 0
0
113 83 68 147 0
97 131 165 44 22 61 0
188 44 77 118 0
161 37 137 184 27 0
11 3 133 0
186 101 13 0
163 101 0
134 7 137 141 14 17 20 149 22 28 156 30 157 161 35 163 164 167 41 169 43 173 46 176 51 181 184 189 192 68 196 70 75 77 85 92 95 105 106 109 111 114 115 118 0
192 69 133 12 17 149 23 158 0
4 133 11 12 141 17 22 26 156 157 32 160 161 38 167 40 170 174 175 177 50 53 183 59 196 199 73 80 81 83 84 86 92 95 96 101 106 109 115 122 0
59 116 63 0
164 38 198 18 179 158 31 0
0
199 95 0
108 57 84 0
200 12 173 134 0
159 67 63 0
160 133 197 170 156 190 0
117 77 6 0
194 102 71 82 31 0
192 59 79 0
105 43 95 0
187 189 53 7 0
3 4 138 139 142 15 143 23 27 156 32 160 161 172 176 49 179 54 182 57 186 187 60 188 194 67 197 70 198 75 77 89 95 97 98 102 104 105 109 117 0
81 12 13 68 0
0
128 2 3 4 131 6 12 141 143 17 148 150 153 31 33 161 163 166 39 170 171 173 49 50 177 57 187 189 192 65 67 197 70 72 200 77 81 84 85 86 96 113 114 123 0
185 99 101 0
129 2 4 133 6 134 14 17 18 19 148 22 23 155 31 32 161 37 38 165 40 169 170 171 47 50 52 53 181 183 57 186 188 67 197 70 71 77 79 80 95 102 103 105 108 116 0
99 6 175 114 116 123 0
2 12 14 15 142 18 20 153 155 160 33 35 163 37 38 39 40 41 165 43 44 169 47 175 176 54 183 56 184 185 59 187 66 68 70 198 72 83 85 86 87 96 98 104 111 113 114 115 117 118 0
128 164 133 10 152 57 0
129 3 4 7 10 11 12 13 139 143 17 18 19 20 147 28 30 35 37 39 40 171 172 173 47 175 186 59 61 190 191 196 70 71 198 77 79 84 86 87 89 103 105 106 108 111 114 118 122 123 0
42 189 0
2 129 4 131 7 10 11 141 15 17 149 22 26 157 32 165 38 39 171 173 46 178 51 52 183 187 61 63 192 65 197 70 199 75 78 83 84 87 95 97 103 114 118 121 122 0
129 3 9 13 14 18 148 149 153 157 159 163 164 37 38 166 40 167 169 174 180 54 183 56 59 61 192 198 71 72 199 78 79 84 87 95 98 103 104 107 108 112 114 121 123 124 0
89 137 133 0
188 12 141 0
167 95 0
65 133 10 108 176 179 149 125 0
89 0
187 37 39 0
6 7 11 12 139 14 141 143 17 147 149 153 154 27 30 31 32 33 165 167 168 169 42 43 170 174 177 50 179 52 54 56 57 187 188 194 78 80 87 89 98 99 102 104 106 112 113 116 117 121 0
163 197 107 111 181 0
0
128 129 2 3 4 15 17 19 149 22 23 156 33 34 163 168 43 171 172 46 173 175 49 50 51 54 188 191 64 68 69 71 73 78 84 87 89 105 112 114 0
0
128 129 2 131 10 14 143 147 20 152 153 29 159 160 33 34 162 166 39 40 168 43 46 47 175 176 179 52 182 56 184 59 60 64 194 70 71 78 81 89 92 95 101 102 103 108 109 118 126 0
194 155 0
77 49 179 117 122 125 0
32 163 169 121 31 0
3 4 131 6 134 138 139 141 15 143 17 147 23 26 155 31 34 163 38 166 167 169 170 171 44 46 176 179 181 183 184 186 59 187 192 65 71 72 73 78 81 82 87 108 109 111 112 115 117 118 121 123 0
129 2 133 137 138 143 147 149 23 154 30 31 158 33 163 164 166 40 42 46 50 178 179 182 185 59 63 191 65 71 87 89 92 102 103 104 106 107 113 116 121 123 0
17 43 92 167 0
121 102 199 186 18 89 26 0
114 138 0
172 165 0
4 139 141 17 18 22 154 156 157 30 31 32 33 34 159 160 37 38 167 42 170 44 171 172 47 175 49 183 57 185 187 60 191 192 195 69 70 71 72 73 199 77 80 81 85 86 89 95 103 104 121 122 0
57 84 0
128 2 133 11 139 13 15 143 17 20 23 154 160 33 161 38 39 166 167 168 172 174 47 49 52 190 192 65 194 195 68 69 71 75 78 101 102 103 106 114 115 117 123 0
108 157 165 0
195 138 43 51 59 0
9 139 12 13 17 18 147 149 153 154 28 32 34 163 37 38 167 169 171 172 47 178 52 185 194 196 70 71 198 199 78 81 82 84 86 87 89 92 99 102 109 112 116 122 123 0
128 4 12 13 15 143 19 150 26 154 28 31 33 35 163 165 166 42 47 177 50 51 52 184 185 187 60 65 67 68 195 196 71 200 78 80 92 96 98 99 101 102 105 106 108 109 115 121 122 0
141 142 15 148 149 153 154 155 32 161 38 167 170 171 172 46 47 174 176 177 179 52 53 181 186 59 188 63 194 67 197 80 83 87 89 95 96 99 103 108 113 114 115 118 121 122 125 0
192 99 101 15 49 188 0
164 38 44 47 115 0
44 13 159 0
64 38 72 75 149 0
163 52 175 0
158 107 118 175 0
125 61 0
0
2 133 134 10 12 141 15 149 26 27 28 156 31 161 34 163 166 167 41 42 170 44 171 173 52 186 59 188 61 189 64 67 195 69 198 200 83 85 86 87 92 101 105 107 108 109 113 114 123 0
2 164 102 10 83 152 0
174 71 0
67 37 10 75 171 80 0
26 99 163 0
33 41 47 114 181 57 0
50 22 0
105 42 123 0
51 172 78 0
26 19 196 0
104 20 190 176 0
64 17 51 0
161 116 85 149 56 89 0
117 77 174 0
116 7 0
128 4 11 13 14 143 147 20 148 22 152 27 155 30 31 158 159 34 165 166 168 169 46 174 177 52 185 60 190 191 65 194 67 68 75 77 78 79 84 85 92 98 102 104 105 106 107 116 117 0
65 185 0
4 133 134 135 139 15 18 19 22 156 31 34 163 167 169 42 174 47 179 52 181 183 57 185 59 186 188 189 190 191 67 69 200 75 78 79 95 102 105 113 117 118 123 0
49 195 39 0
113 4 102 167 0
89 59 23 0
104 12 0
115 77 22 0
117 183 0
3 4 131 6 134 139 12 13 15 18 20 27 30 34 35 162 163 164 167 42 170 172 46 176 50 178 59 187 61 63 191 192 197 71 72 98 99 109 113 115 117 118 123 125 0
190 0
131 14 142 17 20 23 26 154 159 32 33 160 164 167 168 41 43 173 46 47 49 178 51 53 182 57 189 192 195 68 197 70 71 198 73 200 80 81 83 85 92 102 106 109 111 113 114 118 121 125 0
165 72 137 112 61 63 0
101 163 53 0
162 39 49 150 56 0
34 139 156 0
200 161 138 22 0
32 196 38 0
168 113 161 102 0
20 0
52 0
56 114 78 0
42 179 181 79 0
35 174 47 0
37 105 173 22 31 0
167 9 75 173 54 92 0
6 134 141 143 147 148 152 154 28 31 159 160 35 164 165 166 171 47 175 49 177 179 53 57 185 60 192 67 68 197 81 83 89 95 96 97 106 108 111 112 115 117 0
128 4 134 10 139 143 19 148 28 160 164 167 42 43 172 173 51 52 53 183 184 57 187 67 195 70 77 82 83 89 99 101 109 113 117 118 121 122 0
134 81 86 60 125 0
129 11 139 13 142 18 19 20 22 150 26 27 157 31 159 34 35 37 165 167 40 169 170 44 173 46 174 177 178 51 181 183 184 57 59 60 187 188 190 64 65 192 67 68 69 198 71 72 73 75 77 82 83 84 86 95 104 106 113 115 122 123 0
165 73 12 18 82 52 181 0
4 104 112 117 54 153 0
97 115 157 87 0
162 34 0
68 0
114 12 125 0
194 41 46 113 178 121 0
32 70 112 51 153 0
40 50 0
152 191 0
196 68 108 172 174 0
177 98 0
6 134 10 11 141 18 19 150 23 153 28 156 159 161 164 37 166 167 168 41 169 44 173 175 49 178 51 186 188 63 65 194 67 68 71 73 78 81 95 97 103 114 115 118 123 0
33 6 0
147 0
49 153 185 197 0
192 71 147 181 23 0
198 10 43 47 80 26 188 0
112 19 165 198 0
133 6 10 141 17 147 20 149 23 153 159 33 37 40 42 44 47 49 177 53 56 185 60 63 195 71 83 86 92 97 101 102 106 107 111 113 115 116 125 0
187 0
134 138 11 141 147 22 157 37 165 166 40 41 169 171 44 173 47 176 187 60 65 196 72 75 78 80 81 83 84 85 86 89 91 99 101 106 111 114 116 118 121 123 125 0
176 52 0
192 195 4 80 113 0
10 116 148 52 59 0
129 2 4 20 26 30 160 163 37 39 40 41 167 171 172 173 50 179 184 191 194 69 73 78 81 82 83 85 86 89 95 97 105 106 112 115 116 117 0
160 15 0
147 52 0
186 146 53 47 0
167 82 22 56 26 0
18 36 61 154 0
70 0
92 143 0
115 183 121 26 92 0
129 3 4 134 7 137 10 141 15 143 17 19 20 147 27 157 158 33 161 37 166 40 41 42 43 44 168 171 174 49 184 57 185 59 63 64 65 67 195 196 197 198 199 77 79 87 92 95 97 101 102 104 105 107 108 109 111 112 116 0
56 128 47 23 0
35 9 105 50 83 0
64 194 35 137 12 17 177 0
2 133 134 7 9 137 139 18 147 148 153 154 157 33 34 35 162 37 166 39 167 169 42 43 171 46 178 179 52 183 184 185 190 196 197 198 72 73 83 86 89 98 103 104 107 115 116 118 0
195 68 166 138 172 113 116 86 61 31 0
60 0
164 4 70 18 95 0
131 165 110 0
158 107 197 150 0
81 170 0
2 171 172 117 190 0
133 9 11 143 148 149 22 152 155 157 30 159 34 164 37 165 40 168 42 170 46 47 175 182 183 57 59 188 189 63 195 68 69 198 78 80 89 95 96 101 108 115 116 117 121 125 0
95 0
65 99 7 112 17 0
97 199 102 71 0
104 153 43 77 0
117 31 0
4 51 19 23 153 0
129 6 134 138 12 141 19 20 21 23 26 27 30 37 38 39 40 41 42 43 166 173 174 175 176 49 51 53 184 187 188 61 190 65 195 71 73 78 79 81 87 89 95 97 102 103 105 114 121 122 0
3 4 104 77 46 80 84 28 0
166 39 0
192 10 19 53 28 0
0
2 3 6 10 14 15 17 20 149 26 156 157 159 160 162 35 163 37 165 167 169 43 172 173 178 51 54 56 186 188 61 63 65 67 68 69 196 197 200 75 97 107 112 122 0
2 4 133 7 10 139 142 20 152 153 26 28 156 158 162 37 38 167 169 42 43 170 172 176 51 179 182 63 191 192 68 196 70 199 200 78 87 92 97 98 105 109 111 114 116 121 122 0
128 133 7 137 10 14 18 147 23 152 27 33 34 37 38 165 40 166 42 170 174 47 176 177 54 182 57 185 186 189 190 191 192 70 71 198 77 80 81 85 96 97 108 114 115 125 0
3 6 7 134 11 141 15 20 149 23 153 28 157 158 32 38 169 43 171 51 179 183 57 185 59 189 190 63 192 65 70 199 77 80 82 85 87 89 95 101 102 103 107 108 112 117 118 122 0
115 75 160 0
33 82 12 106 0
131 6 75 113 86 118 89 63 0
163 133 104 18 152 0
37 200 175 54 63 0
32 172 20 173 0
178 43 108 0
80 42 188 84 0
4 0
4 7 12 142 143 17 18 153 154 27 156 32 160 164 37 38 39 43 44 173 176 177 53 56 189 63 192 198 79 85 87 96 104 105 111 113 117 122 123 0
101 106 112 184 123 0
0
67 70 148 149 188 0
194 43 12 19 31 0
172 156 0
2 3 4 134 7 11 13 141 15 19 20 147 149 152 26 154 156 158 32 34 162 163 165 39 167 41 168 43 44 170 46 172 173 51 57 185 186 191 196 198 200 78 89 95 96 97 102 104 106 109 112 115 117 123 0
194 71 169 138 115 0
192 153 190 0
33 109 101 38 0
4 133 134 7 9 10 137 12 14 15 142 17 18 143 20 148 149 150 157 30 31 34 35 165 38 166 167 43 173 46 47 174 175 50 183 184 185 60 64 194 197 70 198 72 92 97 99 106 107 111 113 117 118 123 0
99 70 42 171 173 152 59 190 0
10 54 0
162 103 109 20 158 0
131 0
128 2 7 10 14 145 18 19 149 150 31 162 163 166 40 172 173 53 183 56 184 188 191 65 68 69 196 71 199 79 80 85 86 95 96 97 101 102 105 113 114 121 123 0
0
2 133 134 8 12 141 14 22 23 150 153 159 163 37 165 39 167 169 173 46 177 50 51 186 189 190 63 191 192 195 68 197 73 77 79 81 83 84 101 102 105 107 114 122 0
64 96 129 101 41 106 43 17 114 188 0
129 2 4 6 134 10 139 12 14 20 150 152 26 155 28 158 31 33 39 41 43 46 179 53 185 188 61 189 65 68 79 81 92 95 102 104 105 107 108 109 113 114 115 116 118 120 122 123 0
97 162 195 165 143 15 191 0
34 0
117 0
131 4 133 9 13 14 141 143 17 20 26 157 34 163 164 165 167 168 171 172 173 46 174 177 52 53 54 182 185 58 59 60 61 68 69 196 199 75 79 82 96 97 99 104 105 106 0
9 113 39 0
185 101 38 0
192 137 148 85 0
35 3 63 0
0
2 115 166 15 0
129 35 70 168 47 176 0
54 0
129 3 4 133 6 137 11 12 147 148 149 22 23 28 156 31 34 35 162 37 163 39 165 41 166 44 173 174 175 50 51 178 53 54 182 56 57 59 60 61 190 63 64 193 194 197 70 77 82 84 92 95 102 104 108 109 111 112 113 115 116 122 123 125 0
0
200 34 3 22 0
116 12 86 175 0
4 6 7 9 13 14 143 19 147 148 22 149 27 156 160 161 34 39 175 50 51 179 184 186 59 60 61 188 63 64 65 189 190 68 71 77 79 84 86 89 92 96 102 105 111 112 113 115 116 123 0
128 97 52 113 0
167 103 139 20 157 0
65 67 85 0
97 34 67 99 37 39 75 172 46 86 27 61 0
67 198 12 142 63 0
18 134 12 54 0
4 134 9 12 141 14 147 20 22 23 150 152 26 156 157 158 159 165 166 41 42 169 173 174 49 50 178 52 182 190 63 65 78 86 87 95 101 104 108 113 115 116 121 0
26 188 0
60 45 39 0
14 0
113 164 0
67 167 176 51 23 123 0
104 10 61 37 0
169 178 68 0
150 148 61 141 0
128 2 3 133 6 9 11 12 14 15 143 18 19 20 149 23 152 26 35 42 173 176 178 51 52 183 186 188 61 189 190 70 78 80 83 95 99 102 107 112 113 115 117 122 123 0
192 194 14 83 26 159 0
104 174 112 56 155 0
177 165 23 0
170 107 22 0
2 133 137 10 11 138 142 17 22 154 155 159 34 162 164 165 38 168 169 170 173 174 47 177 51 56 188 190 63 64 67 68 69 195 197 72 73 75 77 81 83 96 98 99 104 107 109 114 116 117 118 122 123 0
67 103 42 174 95 0
153 18 134 79 0
163 12 195 183 0
85 37 102 0
59 0
2 60 0
57 194 19 172 0
188 118 87 0
0
160 18 43 92 0
186 148 109 86 0
67 69 198 44 86 183 0
105 134 68 54 0
2 22 0
112 0
177 59 149 0
2 3 7 10 139 12 14 19 23 26 155 28 160 35 165 166 169 42 43 170 174 47 175 183 57 59 188 61 190 192 194 197 70 198 199 77 78 80 87 99 101 112 116 117 122 0
42 197 14 143 0
2 131 138 12 141 142 15 143 19 20 149 154 28 33 162 165 40 43 172 173 175 176 179 54 57 186 187 192 65 68 196 197 199 200 79 85 86 89 99 101 103 104 108 116 117 122 0
184 150 54 0
72 9 184 0
2 131 133 7 139 141 143 18 151 154 156 157 159 160 33 34 162 37 165 166 40 41 46 174 175 176 51 59 189 190 192 65 67 197 200 75 78 79 86 95 97 99 104 105 109 111 112 116 121 125 0
107 51 183 152 190 0
172 165 134 0
152 51 92 143 0
63 0
176 50 106 0
11 102 0
64 49 67 121 0
97 139 181 0
131 15 85 185 26 123 0
199 143 0
129 163 134 73 78 86 57 61 0
200 9 109 87 185 0
4 102 6 139 143 0
104 152 38 0
3 72 139 109 19 179 182 0
192 116 0
99 133 182 95 0
115 177 194 11 0
168 141 79 0
65 67 169 174 153 0
96 12 141 52 184 0
4 104 109 51 191 0
128 78 54 0
160 73 105 0
80 183 31 0
47 0
129 186 12 31 0
2 79 0
2 10 15 143 17 18 20 152 153 157 34 163 38 168 41 47 51 184 185 60 190 192 67 68 197 198 71 200 83 84 89 95 96 106 112 114 122 0
129 131 137 139 141 14 15 143 19 147 152 26 154 28 33 38 40 41 43 44 173 174 177 178 183 184 187 188 191 192 65 67 195 70 200 80 82 84 87 98 108 123 125 0
133 9 137 12 15 149 150 153 26 160 34 165 38 39 43 173 174 176 50 178 179 54 57 189 63 192 67 195 69 70 196 200 81 83 87 93 95 96 99 108 112 113 114 115 125 0
129 3 37 166 38 170 0
3 9 11 143 17 147 149 23 26 28 30 158 159 160 34 37 167 40 42 44 46 47 176 177 53 54 60 61 190 196 72 75 86 92 95 98 101 102 103 107 109 115 116 0
148 199 0
168 114 44 167 0
65 0
67 197 102 87 0
89 14 111 0
18 28 198 14 0
131 14 142 17 18 147 149 22 150 153 156 157 158 33 161 162 166 167 42 43 44 171 46 47 173 189 190 194 67 68 70 77 79 85 87 96 101 108 109 0
123 131 174 0
78 79 14 148 57 127 63 0
75 187 142 0
96 160 98 198 42 109 60 0
163 37 166 169 173 142 153 0
56 33 114 112 0
34 39 112 186 63 0
38 40 108 81 19 0
131 4 137 10 11 138 141 14 19 147 150 152 153 26 159 34 38 39 166 41 47 176 177 50 178 54 182 59 188 61 65 67 68 198 71 200 81 83 86 92 96 97 99 102 104 106 107 108 112 113 115 121 0
89 52 84 0
64 18 6 176 0
80 190 7 0
192 101 37 9 137 0
23 0
194 104 42 43 62 0
65 42 108 111 155 0
40 101 192 0
129 6 10 13 14 15 141 17 143 23 28 31 163 37 38 165 40 41 166 170 44 46 47 177 50 51 52 178 186 67 198 79 80 82 99 101 103 106 108 114 115 123 0
154 12 31 0
117 0
26 44 0
26 0
33 109 95 0
128 4 6 134 11 12 139 141 148 30 34 164 165 39 169 46 47 176 49 178 181 56 184 185 59 186 61 188 63 192 65 197 70 71 72 198 77 78 82 85 88 97 99 101 102 104 108 109 115 0
147 109 86 0
2 131 4 134 7 9 137 11 12 138 14 141 18 23 154 159 160 33 34 38 40 41 168 170 172 47 178 54 190 192 194 67 68 195 70 199 200 78 79 80 89 92 96 97 99 106 121 0
10 44 92 0
82 107 39 0
2 131 137 142 143 147 20 22 26 27 154 156 157 160 33 34 37 171 44 172 47 175 54 182 56 186 188 190 192 194 199 82 84 86 92 112 113 115 117 118 0
149 0
128 3 4 6 141 15 156 31 32 33 159 163 165 167 169 42 44 173 174 177 183 56 60 188 189 63 64 190 194 67 68 195 70 198 72 79 81 82 84 86 89 95 101 105 107 108 111 114 115 123 125 0
31 0
81 30 0
153 182 0
162 134 103 9 141 53 0
32 194 7 154 14 80 177 26 0
97 177 167 0
185 28 0
69 198 42 107 184 61 0
17 63 31 0
129 163 53 0
133 11 172 57 59 0
177 125 0
171 46 0
168 122 103 0
56 161 188 148 0
137 52 166 70 0
147 109 71 0
185 9 122 163 0
174 143 49 50 51 20 0
104 188 182 87 0
41 153 139 0
198 46 0
177 14 0
194 98 116 84 95 0
176 108 0
122 0
64 129 41 78 176 188 60 0
194 107 0
179 190 0
129 4 134 14 149 152 33 164 38 166 170 171 178 51 52 54 56 57 191 196 69 71 92 95 96 98 107 108 0
65 161 41 174 22 0
128 3 138 13 14 141 20 149 26 27 157 33 35 163 37 166 43 44 175 177 50 52 54 185 190 65 198 73 75 80 89 92 97 99 105 108 114 117 0
19 139 195 63 0
0
128 3 134 10 11 12 143 18 148 149 23 152 26 28 31 160 38 166 168 169 42 170 171 173 46 47 174 177 178 51 54 186 60 61 190 65 194 196 73 78 87 92 95 98 99 101 102 109 112 113 115 0
2 129 4 131 6 133 138 11 15 147 148 161 163 166 168 169 171 172 46 47 175 53 188 61 191 65 67 70 198 73 82 84 85 89 101 106 112 113 114 118 121 125 0
4 117 189 0
175 0
178 143 0
142 175 18 149 121 123 61 0
106 198 0
112 81 179 115 61 0
9 102 54 0
2 4 133 139 14 142 143 19 22 23 150 26 154 156 162 163 168 169 44 174 49 177 51 182 57 59 190 192 70 198 72 78 79 81 82 83 84 85 99 101 102 106 114 115 121 0
3 134 11 13 141 18 23 153 154 155 157 30 31 32 34 163 164 37 166 39 40 167 168 44 175 49 52 181 54 55 56 57 185 60 188 191 194 67 197 198 72 73 78 82 115 0
70 71 9 56 59 0
114 174 0
168 156 77 0
7 9 11 18 19 147 149 23 154 27 159 160 33 34 35 165 38 41 169 44 172 46 47 174 49 177 179 181 184 187 61 190 63 65 194 199 72 78 86 87 99 103 109 111 112 0
195 0
128 129 4 134 137 138 11 13 14 17 20 22 150 161 37 40 171 176 177 181 182 183 57 185 60 64 65 195 69 70 197 79 80 85 95 96 99 107 112 123 0
34 163 41 44 141 84 0
0
115 139 165 0
96 26 87 0
39 177 116 183 185 0
64 192 131 71 85 31 0
2 9 10 11 12 139 141 143 17 147 20 22 26 30 31 160 33 34 162 37 40 42 44 47 178 184 189 192 67 195 196 77 78 79 85 87 96 106 107 108 112 113 115 117 121 123 0
128 131 133 134 7 9 11 141 142 15 26 155 32 160 161 165 38 169 49 177 179 52 56 197 198 71 72 199 75 78 80 82 89 101 104 106 107 108 111 118 0
112 115 0
129 3 4 6 9 137 141 18 19 149 153 26 155 156 31 32 159 164 165 40 169 44 172 174 177 51 52 179 54 57 186 61 194 195 196 69 70 71 73 79 80 85 89 95 96 97 104 105 106 112 114 118 122 123 125 0
30 0
17 199 147 71 0
34 164 168 172 46 148 118 92 0
7 11 12 142 143 147 22 24 26 30 160 33 37 165 39 41 42 169 171 172 173 176 57 189 192 70 198 200 84 86 89 92 95 104 113 114 121 125 0
160 38 71 199 175 117 118 0
197 101 137 78 81 0
184 42 0
68 139 89 92 95 0
34 15 49 149 54 31 0
177 2 53 6 0
97 72 80 178 115 158 0
163 4 37 172 178 122 63 0
43 54 0
128 3 133 6 11 139 13 141 20 149 26 27 154 155 31 34 35 164 166 40 42 173 175 177 50 179 54 182 187 65 194 69 197 71 78 83 89 95 96 98 102 105 107 109 114 122 0
183 167 0
160 57 22 0
10 11 13 142 19 20 149 23 152 154 27 39 43 46 47 174 49 52 183 185 187 188 61 191 64 65 67 198 71 199 84 96 104 106 112 114 116 121 122 0
129 4 133 138 139 13 18 19 147 148 149 152 153 158 160 34 162 164 39 167 169 42 43 170 171 172 47 173 49 176 51 178 53 54 183 56 186 59 188 63 192 65 194 67 70 72 77 79 82 89 92 96 101 105 106 112 116 122 123 0
109 85 0
32 192 101 104 14 47 174 83 118 184 189 0
196 101 0
32 50 78 0
20 0
96 152 71 39 0
129 171 107 101 0
160 161 168 116 86 26 61 0
3 133 134 137 11 139 142 18 19 154 155 160 34 38 41 169 43 173 47 176 178 57 60 65 197 71 79 95 96 104 107 108 113 117 121 0
2 131 137 141 15 143 18 19 20 147 22 149 150 152 155 156 159 163 37 166 168 41 44 176 50 183 186 61 191 64 192 68 71 72 73 78 80 82 83 86 87 92 96 106 108 111 115 118 0
96 173 14 57 159 0
72 61 191 0
33 40 141 84 154 190 0
143 0
196 13 111 0
9 11 139 14 15 148 22 26 28 156 39 41 169 176 179 182 56 61 189 190 65 195 196 69 198 78 81 86 92 95 96 101 123 125 0
131 6 11 15 17 147 22 23 26 28 159 160 162 164 166 169 170 171 172 50 51 52 184 185 188 61 191 67 70 72 79 80 82 86 89 95 96 101 102 103 104 106 108 118 119 0
96 188 0
192 0
139 143 82 57 158 0
40 161 98 71 0
116 109 198 0
96 98 134 177 116 0
4 132 9 11 147 20 150 32 165 166 167 169 170 171 172 47 175 176 177 179 181 184 59 187 196 71 72 199 79 84 87 92 97 98 101 104 105 108 109 117 118 122 0
161 134 20 84 125 0
3 61 30 0
185 106 3 86 0
129 3 4 9 137 11 139 13 14 141 147 148 150 153 27 28 156 158 159 33 162 163 166 39 170 43 175 49 50 51 52 179 54 184 57 188 192 194 67 68 198 72 77 83 89 92 95 97 98 99 101 103 105 112 115 116 122 123 0
0
129 108 13 112 116 30 0
129 67 0
98 43 108 0
101 106 141 46 123 0
0
56 37 0
162 101 166 47 117 0
128 129 2 3 134 7 10 11 12 13 15 19 20 149 22 23 26 154 159 34 163 166 42 170 171 172 46 47 176 50 52 183 185 60 190 68 69 70 196 75 83 84 85 92 98 99 101 104 108 111 115 116 118 123 0
188 189 30 0
0
128 11 139 142 148 22 150 154 159 160 161 34 35 163 38 39 166 172 174 176 50 51 178 184 186 187 61 189 190 195 69 200 78 83 101 104 105 107 111 112 117 122 0
18 187 197 0
32 105 35 0
192 105 50 0
32 153 77 174 0
186 92 71 0
115 121 50 107 0
170 178 114 31 95 0
73 43 157 79 0
192 69 70 113 177 183 0
107 59 37 0
65 196 142 47 112 54 0
170 99 22 0
65 129 38 200 118 0
188 164 150 0
128 171 182 143 0
33 195 70 41 78 111 85 0
56 26 163 86 0
97 191 0
167 0
34 196 41 173 87 186 59 0
192 27 139 147 0
2 106 95 0
37 141 147 22 123 0
133 42 79 115 189 0
72 59 198 0
92 53 102 0
3 10 12 15 17 19 20 23 154 28 30 160 34 40 41 42 169 44 174 175 177 56 185 64 192 195 197 78 80 81 95 97 101 105 108 114 0
3 4 133 7 15 143 17 18 19 20 147 22 148 150 152 153 27 154 155 30 156 157 37 165 40 42 170 50 52 182 184 187 188 191 64 67 68 195 198 71 199 75 80 81 82 85 105 106 107 108 114 118 0
125 134 175 0
78 188 70 0
82 0
128 133 7 139 142 17 19 147 27 159 32 162 167 169 44 173 46 47 174 49 175 51 52 179 57 61 190 69 78 80 82 83 84 85 99 105 107 109 117 0
3 4 131 11 12 139 14 142 17 147 20 148 155 30 162 37 165 39 166 168 42 43 44 171 47 175 49 50 51 178 54 183 56 60 61 190 63 195 197 71 73 80 81 83 97 104 109 111 114 115 116 117 121 123 0
18 140 183 0
2 4 137 139 12 14 142 18 19 148 23 25 27 30 31 162 35 163 38 39 166 43 47 175 178 181 54 182 183 187 188 189 192 65 194 67 195 69 199 200 78 79 86 95 99 112 114 117 122 0
18 197 46 0
123 42 43 0
129 139 12 13 142 18 147 149 150 153 154 157 31 160 167 170 174 51 181 185 59 188 63 195 196 198 199 75 77 80 81 86 87 89 92 101 105 106 109 112 117 0
97 6 11 15 112 81 0
26 173 0
167 41 173 18 95 0
129 195 39 46 147 121 191 0
170 171 38 0
128 3 139 14 15 18 19 148 149 23 154 157 158 159 34 163 37 165 166 41 174 175 176 177 52 181 56 57 185 59 188 61 190 63 198 72 200 78 81 83 84 85 86 89 95 96 97 102 103 104 114 116 121 0
194 18 75 44 0
147 118 0
64 50 35 154 0
75 188 0
128 3 4 9 15 18 147 28 31 33 35 163 165 39 41 173 46 50 182 56 186 60 61 190 63 194 198 71 72 77 78 79 83 85 86 87 89 95 98 105 108 112 121 123 125 0
112 95 0
166 0
0
138 13 141 142 17 147 20 149 154 157 158 164 167 40 41 42 170 172 173 47 178 53 186 190 63 195 196 197 198 72 200 75 77 81 84 87 89 95 97 99 101 104 106 108 114 115 117 118 0
2 129 138 139 147 148 152 27 155 157 37 168 43 177 50 182 57 186 61 190 63 192 67 196 70 200 79 80 81 83 85 97 105 107 108 111 113 114 125 0
50 22 0
183 47 0
98 40 143 176 49 177 0
6 114 22 187 190 0
139 0
192 65 171 153 59 0
99 43 0
192 97 50 115 0
195 137 86 22 123 0
115 108 195 0
177 0
128 3 10 11 12 139 142 15 143 148 23 26 27 157 31 34 163 40 41 42 43 171 47 176 178 52 61 190 192 65 199 77 87 89 98 102 107 111 114 115 121 0
56 113 63 0
67 4 71 42 153 122 0
133 70 138 44 49 121 0
73 171 11 37 0
98 165 70 148 87 0
192 50 20 0
26 122 0
194 188 0
131 137 138 11 12 13 142 143 17 19 148 152 26 27 28 155 30 31 34 37 38 42 170 174 175 176 177 181 57 188 192 65 194 196 197 70 198 200 78 83 95 96 97 104 106 108 112 113 117 121 0
98 67 199 108 49 113 148 92 0
2 99 185 177 50 57 0
131 7 13 141 20 22 153 155 28 157 160 162 167 168 42 43 170 171 172 174 176 179 181 184 57 185 59 187 188 190 194 196 71 73 75 82 87 92 104 107 108 114 125 0
96 199 15 0
195 198 0
116 108 142 0
33 194 169 56 154 0
102 15 17 114 28 0
131 12 142 48 190 0
5 134 137 138 139 12 142 15 17 19 149 153 26 31 161 167 43 171 173 174 51 181 183 59 60 61 189 190 68 70 72 81 92 104 109 111 116 118 123 0
3 4 6 134 137 11 141 14 143 18 147 22 153 156 160 35 37 167 169 42 47 49 50 51 181 54 57 63 194 195 71 73 75 77 85 89 97 104 106 107 112 113 115 118 122 0
2 6 134 9 11 12 139 14 141 143 17 18 148 27 155 157 30 158 160 33 39 169 171 173 174 47 179 181 190 65 195 68 198 78 85 101 102 108 114 116 117 118 121 122 123 0
178 170 0
10 75 0
4 134 11 12 141 14 142 19 147 22 23 152 154 155 28 156 30 157 158 34 39 170 44 176 50 54 183 188 69 199 79 80 81 82 85 89 92 95 107 112 113 114 115 116 121 123 0
0
128 141 14 15 147 150 153 26 154 156 32 33 35 165 38 169 44 176 49 179 52 181 182 57 59 188 63 64 65 67 196 75 89 98 99 104 106 112 114 118 121 123 0
112 43 0
147 167 0
130 39 41 117 122 0
67 43 18 51 22 57 0
42 0
80 165 168 0
169 59 63 31 0
152 123 190 95 0
57 20 118 0
2 137 10 142 16 19 147 149 22 154 27 160 161 162 163 164 170 171 173 177 178 52 56 60 188 64 195 196 70 199 77 83 84 85 86 89 96 102 107 108 116 0
134 139 142 18 149 22 26 30 158 159 34 35 165 170 46 51 54 182 56 57 187 61 190 192 67 196 69 80 84 96 98 104 105 108 114 121 122 125 0
43 149 78 0
26 0
147 77 199 0
192 99 69 102 70 174 0
128 2 9 138 11 12 14 20 149 22 157 30 158 160 33 34 164 37 38 39 167 168 171 46 174 176 49 177 178 179 181 183 56 57 184 185 61 190 64 192 194 195 196 198 199 72 200 76 79 83 87 89 92 95 96 99 103 104 108 109 113 114 117 121 0
73 11 0
37 0
163 164 102 104 118 0
3 4 134 138 13 15 18 20 150 23 154 156 157 32 160 162 166 40 42 171 44 172 46 173 176 49 51 53 181 57 186 59 60 187 188 190 64 195 196 71 72 79 84 96 105 107 114 115 117 0
4 12 141 143 18 19 20 149 22 26 161 165 38 167 172 173 49 50 182 57 190 65 197 198 72 79 82 83 98 102 109 112 114 116 117 118 123 0
3 6 134 9 11 139 20 148 33 38 40 43 172 173 175 53 181 185 59 189 63 192 73 80 83 84 85 89 96 99 107 108 114 121 0
123 95 0
0
134 71 77 150 189 190 0
2 131 4 15 20 22 150 153 155 156 31 33 34 161 165 169 172 174 179 183 185 188 189 191 64 195 196 197 200 97 105 122 0
128 129 2 3 4 6 7 12 14 15 143 19 147 148 149 153 154 155 162 163 37 168 41 170 43 173 174 177 181 54 182 57 60 189 67 68 69 70 195 72 73 79 82 85 92 96 97 101 102 105 107 112 113 114 121 123 0
42 173 22 0
131 134 9 11 12 141 14 143 17 18 20 155 156 160 34 37 165 39 167 41 42 170 44 171 173 174 175 176 50 178 56 184 185 64 68 197 70 71 200 75 77 78 98 101 102 103 104 112 118 121 122 0
10 133 138 0
17 0
131 195 38 7 113 186 190 0
129 2 133 6 134 148 149 23 157 158 33 37 165 166 168 43 172 174 47 176 51 190 191 64 67 197 75 77 78 83 87 97 107 109 115 125 0
57 114 99 197 0
128 129 3 131 137 10 138 139 19 154 27 156 157 33 161 164 166 42 171 172 173 46 47 49 182 61 63 194 70 71 198 78 84 85 86 89 95 98 101 103 107 108 116 117 118 121 122 123 0
108 198 175 0
173 70 0
133 137 139 18 20 149 23 27 28 31 159 34 39 40 41 169 43 171 174 175 177 51 182 192 195 196 197 71 199 200 77 78 80 83 89 95 96 102 106 107 0
131 14 142 143 19 148 22 153 154 155 157 32 160 34 165 39 169 43 44 175 176 49 179 182 183 56 57 188 61 63 192 194 69 70 197 198 200 79 80 87 92 95 97 98 99 104 116 121 122 123 0
96 137 138 54 0
0
0
89 106 122 0
72 162 147 199 0
170 190 0
141 0
2 165 0
169 186 164 0
3 167 142 46 183 185 0
129 6 134 138 13 14 15 142 18 20 23 27 156 159 32 160 161 37 39 168 169 42 43 170 171 46 47 176 49 51 54 57 185 64 195 68 196 199 73 78 79 81 84 86 89 95 101 107 112 118 123 0
104 77 46 143 187 0
4 9 137 139 12 14 142 143 26 27 157 31 159 34 163 164 37 38 39 40 41 42 169 44 170 46 173 176 49 50 177 53 54 182 183 187 60 61 63 191 68 69 71 77 80 85 97 100 101 105 111 112 115 0
0
194 118 173 86 0
128 129 2 131 6 137 11 139 141 14 15 19 147 149 23 152 154 157 32 162 35 163 167 170 43 47 177 178 54 185 59 60 190 191 69 70 71 198 81 85 99 103 104 107 109 113 114 116 117 118 121 122 0
23 0
33 99 163 41 108 89 156 0
138 11 13 18 19 148 149 30 159 35 165 39 167 168 43 172 173 47 175 49 51 179 54 56 184 59 187 61 188 190 194 197 72 79 86 92 96 102 103 107 109 111 112 114 115 116 117 121 125 0
0
75 4 94 195 0
7 0
65 163 71 72 42 115 23 0
42 4 141 102 0
35 165 77 14 177 118 182 89 155 0
164 197 0
3 4 3 2 4 4 3 2 2 2 3 3 3 3 4 3 2 3 2 4 3 3 4 4 3 4 4 4 2 3 3 2 3 2 2 3 2 4 4 4 4 3 3 3 2 3 4 2 2 2 2 4 2 3 4 4 2 2 2 2 3 2 4 3 3 4 3 3 3 4 3 3 2 2 2 3 2 3 2 4 3 4 4 4 3 4 2 4 3 2 2 2 3 3 2 4 2 4 4 2 2 3 4 3 3 4 3 3 3 3 2 2 3 2 4 3 2 2 4 3 2 2 3 4 2 2 4 4 4 2 2 3 4 3 4 4 2 2 4 4 4 2 3 4 4 2 2 3 2 3 3 3 2 4 4 2 4 2 3 4 4 3 4 4 3 3 2 3 2 2 2 4 2 3 2 3 4 4 4 3 2 4 4 3 3 3 4 3 2 3 4 3 4 4 4 3 4 4 4 4
