2948
1 5 14 208
1 10 32 136
1 13 51 76
1 17 7 94
1 18 10 262
1 19 22 35
1 20 40 149
1 21 45 193
1 26 4 169
1 31 26 55
1 59 55 130
1 61 1 135
1 63 19 108
1 72 49 95
2 3 5 182
2 8 22 40
2 10 9 210
2 14 57 275
2 18 25 151
2 27 55 271
2 32 19 266
2 36 40 205
2 39 16 9
2 48 7 4
2 49 43 226
2 56 31 207
2 58 35 63
2 72 52 95
2 75 13 8
3 14 55 245
3 16 1 252
3 18 43 42
3 21 14 177
3 22 22 202
3 33 35 139
3 34 5 272
3 36 46 47
3 40 11 84
3 46 28 255
3 53 7 267
3 65 40 79
3 67 31 228
3 74 49 213
3 75 37 71
4 3 19 182
4 11 13 270
4 17 1 94
4 21 31 217
4 23 10 40
4 30 21 138
4 36 26 205
4 39 4 278
4 43 59 201
4 61 7 48
4 62 52 169
4 63 38 234
4 71 46 295
4 75 16 8
5 1 16 26
5 3 31 133
5 4 33 51
5 6 43 72
5 12 25 73
5 17 49 94
5 22 58 59
5 25 22 87
5 36 8 205
5 53 38 122
5 59 1 61
5 60 13 95
5 62 55 170
5 68 52 273
5 69 29 188
6 3 25 182
6 8 10 180
6 9 32 191
6 10 55 116
6 23 59 240
6 32 37 81
6 34 49 272
6 44 27 211
6 58 41 278
6 63 1 108
6 71 46 273
6 73 4 152
6 76 13 152
6 79 22 39
6 80 7 202
7 2 1 3
7 4 34 172
7 5 19 208
7 8 13 17
7 9 56 222
7 13 43 170
7 18 28 151
7 25 49 87
7 32 16 32
7 38 46 229
7 45 41 66
7 53 37 112
7 54 52 192
7 63 8 234
7 73 5 199
8 1 19 26
8 5 25 256
8 16 43 213
8 18 16 4
8 28 10 41
8 31 49 293
8 36 34 205
8 45 47 166
8 56 38 118
8 57 1 6
8 63 22 108
8 64 58 47
8 65 7 211
8 69 14 57
8 72 4 52
9 13 34 170
9 20 55 88
9 28 39 250
9 33 41 39
9 39 26 278
9 42 58 11
9 48 31 101
9 52 1 183
9 55 49 235
9 60 7 58
9 62 4 170
9 70 43 75
9 77 19 38
9 80 10 258
10 1 16 90
10 10 19 105
10 11 40 270
10 18 31 128
10 19 46 43
10 20 10 88
10 33 5 22
10 43 52 25
10 45 23 1
10 50 1 19
10 64 49 47
10 73 43 81
10 75 7 8
10 76 3 168
11 5 7 286
11 9 43 272
11 12 31 102
11 23 25 40
11 26 52 216
11 33 11 177
11 35 56 36
11 39 15 278
11 45 47 66
11 46 19 233
11 50 23 116
11 52 4 5
11 64 13 47
11 69 1 200
11 71 49 1
12 3 59 182
12 5 19 52
12 22 52 66
12 24 1 264
12 37 44 19
12 44 16 29
12 55 49 255
12 56 9 207
12 59 25 61
12 64 7 251
12 65 23 211
12 68 40 29
12 75 13 203
12 76 31 152
12 79 33 39
13 10 19 136
13 11 16 270
13 22 4 263
13 25 1 269
13 26 55 159
13 28 11 261
13 31 31 283
13 41 25 76
13 42 52 98
13 46 28 166
13 55 37 235
13 63 13 108
13 67 7 28
13 68 45 150
13 76 23 168
14 14 19 245
14 18 37 210
14 21 7 177
14 29 56 60
14 36 4 205
14 38 44 229
14 39 46 186
14 41 35 211
14 42 14 98
14 50 40 246
14 58 23 63
14 60 49 166
14 64 2 47
14 67 25 35
14 68 32 161
15 7 49 204
15 9 7 97
15 10 2 105
15 13 45 84
15 20 39 6
15 23 28 40
15 25 55 219
15 40 20 14
15 49 14 123
15 50 59 19
15 56 31 223
15 61 22 48
15 66 37 63
15 68 25 29
16 5 19 286
16 16 3 239
16 23 17 40
16 34 11 272
16 35 25 190
16 54 58 42
16 59 43 245
16 66 41 138
16 69 1 35
16 71 55 282
16 73 52 81
16 75 37 203
16 76 29 168
16 78 32 9
16 80 13 202
17 1 1 90
17 2 13 139
17 15 4 17
17 16 39 75
17 17 31 222
17 21 8 7
17 23 53 240
17 25 43 269
17 31 56 294
17 34 23 289
17 35 25 69
17 36 49 4
17 41 35 152
17 53 19 290
17 69 37 200
18 1 46 26
18 5 31 1
18 9 1 191
18 11 10 270
18 21 55 71
18 40 23 80
18 41 29 149
18 44 49 133
18 45 7 66
18 51 19 80
18 52 13 149
18 58 5 266
18 63 52 108
18 76 27 168
19 5 45 52
19 6 31 159
19 15 19 268
19 19 58 43
19 28 41 250
19 29 37 290
19 33 29 39
19 38 25 79
19 39 10 278
19 47 52 83
19 57 14 176
19 61 4 43
19 64 1 251
19 68 22 29
19 73 7 199
20 2 37 139
20 5 15 286
20 26 4 291
20 27 20 271
20 29 44 53
20 33 31 39
20 40 41 211
20 41 23 76
20 42 1 57
20 53 25 122
20 64 10 251
20 67 55 176
20 70 33 233
20 76 13 168
21 1 16 174
21 7 31 215
21 17 13 238
21 23 11 298
21 28 51 250
21 41 44 149
21 48 4 25
21 55 40 255
21 59 19 130
21 63 25 108
21 71 1 263
21 77 7 38
21 78 55 199
21 79 28 135
22 1 25 26
22 2 13 147
22 4 22 172
22 7 45 34
22 14 39 245
22 22 58 263
22 23 53 40
22 34 19 289
22 44 7 208
22 51 49 54
22 64 29 251
22 68 1 102
22 72 31 95
22 80 55 258
23 1 22 90
23 10 37 136
23 17 50 14
23 26 28 216
23 45 11 66
23 48 13 101
23 52 19 198
23 58 41 63
23 63 34 234
23 64 25 251
23 67 43 35
23 69 55 200
23 73 5 81
23 78 7 124
24 3 9 182
24 4 16 172
24 5 43 251
24 6 25 231
24 10 49 237
24 15 55 293
24 19 4 97
24 24 31 186
24 27 11 287
24 28 29 261
24 39 1 278
24 48 23 101
24 58 53 235
24 67 19 176
24 78 37 124
25 1 19 90
25 9 31 272
25 13 16 179
25 15 4 57
25 18 55 151
25 26 58 40
25 29 7 60
25 32 49 266
25 35 43 36
25 52 13 198
25 54 52 42
25 62 25 169
25 72 47 95
25 73 11 152
25 77 38 22
26 20 22 263
26 27 29 102
26 31 49 283
26 33 59 150
26 34 5 289
26 35 31 220
26 37 55 63
26 42 10 239
26 45 47 138
26 57 16 56
26 58 1 63
26 62 13 130
26 65 3 79
26 67 37 35
26 69 25 200
27 12 31 77
27 19 10 147
27 24 25 119
27 28 1 155
27 38 50 229
27 40 56 84
27 41 19 76
27 44 21 7
27 58 47 278
27 62 7 169
27 67 13 244
27 71 37 263
27 74 43 61
27 78 3 145
27 80 40 258
28 6 7 231
28 13 31 179
28 20 1 44
28 36 28 47
28 41 21 76
28 45 19 66
28 46 34 246
28 48 17 101
28 54 13 42
28 57 25 6
28 61 4 71
28 67 56 244
28 73 41 199
28 78 43 183
28 80 52 202
29 1 46 90
29 2 1 21
29 6 25 2
29 9 31 151
29 17 22 14
29 32 13 80
29 34 35 289
29 43 29 201
29 47 10 83
29 53 55 261
29 60 52 58
29 67 37 86
29 72 43 95
29 73 49 81
29 75 19 8
30 1 13 174
30 7 1 204
30 12 19 102
30 15 43 195
30 17 56 238
30 25 37 219
30 30 25 138
30 35 49 190
30 36 46 205
30 55 16 255
30 70 31 282
30 75 8 203
30 76 53 249
31 7 31 204
31 8 22 241
31 9 51 272
31 13 13 179
31 22 16 202
31 23 41 40
31 24 37 199
31 32 46 24
31 33 11 22
31 35 7 190
31 46 58 246
31 48 5 254
31 57 19 56
31 64 27 251
31 73 2 199
32 6 56 231
32 10 3 11
32 12 39 11
32 24 49 264
32 26 34 291
32 30 20 71
32 36 45 4
32 40 43 84
32 41 1 76
32 45 29 282
32 50 7 128
32 55 31 255
32 60 16 220
32 61 26 48
32 79 10 121
33 3 53 179
33 4 46 51
33 10 19 237
33 15 49 17
33 23 15 40
33 27 35 87
33 31 7 21
33 39 25 186
33 44 1 295
33 52 4 149
33 56 37 241
33 60 28 269
33 62 43 190
33 70 55 187
33 75 31 203
34 6 25 72
34 14 20 275
34 15 31 17
34 23 7 40
34 34 50 289
34 36 52 161
34 38 5 229
34 43 37 216
34 44 13 7
34 46 58 166
34 54 9 117
34 65 46 211
34 69 3 200
34 76 1 168
34 78 39 183
35 12 57 73
35 14 7 245
35 18 31 210
35 21 45 219
35 25 1 87
35 27 23 136
35 30 15 133
35 33 43 39
35 40 11 14
35 43 13 201
35 51 37 54
35 54 25 42
35 68 4 102
35 69 41 200
35 76 19 152
36 3 13 182
36 6 19 59
36 14 2 275
36 20 7 88
36 32 44 266
36 35 31 69
36 37 26 20
36 48 23 207
36 52 10 172
36 57 16 223
36 59 56 228
36 62 39 130
36 70 49 233
36 72 37 95
37 4 7 167
37 15 43 103
37 17 46 222
37 19 33 43
37 22 2 59
37 23 17 51
37 26 55 291
37 28 37 250
37 36 19 161
37 38 15 229
37 39 49 278
37 57 39 223
37 62 58 169
37 71 52 1
37 77 27 240
38 10 25 116
38 14 20 110
38 21 49 7
38 27 47 136
38 38 11 79
38 41 13 76
38 42 58 98
38 45 29 66
38 56 7 118
38 62 55 169
38 65 17 211
38 66 53 138
38 73 1 152
38 74 31 213
38 80 43 258
39 1 10 26
39 4 4 172
39 8 1 117
39 12 37 77
39 20 34 6
39 25 19 269
39 29 44 261
39 31 25 206
39 34 29 73
39 40 41 216
39 48 31 4
39 53 14 122
39 70 49 282
39 77 55 38
40 2 55 3
40 5 13 1
40 6 37 159
40 14 21 96
40 15 33 268
40 26 1 291
40 28 41 261
40 32 10 24
40 43 59 25
40 45 31 66
40 52 28 285
40 58 5 226
40 60 7 95
40 69 19 200
41 4 58 172
41 8 10 268
41 10 43 116
41 12 31 241
41 17 39 262
41 23 51 51
41 29 20 53
41 33 1 177
41 34 37 272
41 61 25 52
41 62 7 170
41 65 29 198
41 68 55 273
41 75 4 8
41 77 13 38
42 7 31 34
42 19 55 74
42 21 25 7
42 22 46 28
42 23 3 51
42 35 8 173
42 40 5 84
42 48 21 101
42 50 41 19
42 54 16 192
42 55 43 121
42 57 49 176
42 58 13 278
42 65 1 79
43 4 7 280
43 5 37 1
43 8 45 40
43 15 34 103
43 20 31 74
43 23 22 51
43 36 52 205
43 39 13 9
43 51 57 54
43 57 1 223
43 58 16 63
43 63 4 234
43 64 11 114
43 72 55 95
43 80 19 188
44 9 27 272
44 14 31 137
44 23 25 240
44 27 1 287
44 29 55 115
44 35 50 69
44 42 19 98
44 52 22 149
44 53 38 267
44 56 14 118
44 57 8 223
44 58 43 63
44 59 3 283
44 72 35 95
44 74 45 265
45 9 50 191
45 10 14 136
45 13 19 179
45 24 1 119
45 30 7 133
45 37 37 19
45 48 5 207
45 52 58 198
45 56 44 125
45 60 22 58
45 64 55 47
45 65 11 198
45 70 25 282
45 71 34 47
45 76 32 168
46 2 56 254
46 15 16 103
46 26 10 169
46 28 31 250
46 32 26 266
46 33 23 150
46 36 1 205
46 48 35 254
46 50 5 128
46 52 40 5
46 54 46 192
46 69 8 188
46 72 43 52
46 74 19 63
47 3 7 179
47 11 31 100
47 12 13 30
47 20 50 88
47 29 45 297
47 42 4 98
47 45 23 166
47 48 35 207
47 59 37 61
47 70 9 282
47 72 43 24
47 74 55 213
47 75 19 203
47 76 25 168
47 78 27 199
48 1 7 26
48 4 22 280
48 5 44 286
48 11 55 100
48 31 37 180
48 32 33 80
48 34 1 289
48 35 13 69
48 37 3 171
48 44 10 295
48 50 41 116
48 56 49 118
48 57 58 6
48 68 19 29
48 74 26 63
49 2 38 254
49 3 1 179
49 16 19 281
49 23 49 51
49 29 44 115
49 32 7 254
49 42 55 98
49 44 13 295
49 49 26 123
49 56 31 2
49 69 51 35
49 71 3 273
49 72 59 52
49 73 23 199
49 76 17 168
50 1 40 90
50 6 19 231
50 9 55 23
50 10 49 105
50 14 13 96
50 16 43 239
50 17 7 293
50 25 4 269
50 26 1 159
50 31 25 21
50 36 37 205
50 40 35 84
50 53 31 267
50 73 10 81
51 11 34 100
51 12 7 30
51 13 39 76
51 15 22 57
51 30 43 108
51 33 13 150
51 34 32 289
51 36 57 205
51 37 27 14
51 39 4 34
51 44 16 7
51 56 49 157
51 69 53 200
51 75 1 203
51 76 19 173
52 4 40 51
52 10 49 116
52 23 7 298
52 26 21 291
52 32 55 266
52 34 43 289
52 37 1 32
52 40 19 211
52 43 16 216
52 44 25 295
52 54 13 192
52 62 37 169
52 69 10 200
52 74 45 63
52 78 32 124
53 11 22 100
53 16 27 281
53 17 37 238
53 37 50 238
53 41 43 76
53 48 11 101
53 51 13 54
53 55 19 121
53 60 45 58
53 61 34 71
53 64 4 47
53 69 17 200
53 71 31 263
53 73 25 81
53 76 9 168
54 3 23 133
54 9 55 148
54 13 45 76
54 14 38 110
54 29 32 115
54 33 59 139
54 41 49 76
54 44 7 295
54 52 16 285
54 53 1 267
54 57 13 56
54 65 5 198
54 70 19 282
54 77 25 15
54 78 51 145
55 8 1 40
55 12 13 97
55 13 40 84
55 16 49 207
55 23 4 298
55 40 59 14
55 46 43 246
55 47 37 83
55 52 22 285
55 55 46 255
55 56 33 118
55 60 7 166
55 64 31 251
55 68 19 273
55 77 25 22
56 2 20 254
56 4 55 51
56 7 37 162
56 8 31 180
56 14 49 245
56 18 4 233
56 24 27 192
56 25 13 269
56 32 16 254
56 38 25 229
56 49 8 226
56 63 34 108
56 65 1 211
56 76 41 152
56 78 43 199
57 6 13 287
57 8 44 17
57 16 37 239
57 22 28 86
57 23 19 40
57 32 10 266
57 33 17 22
57 40 4 14
57 42 7 98
57 47 1 83
57 48 21 133
57 60 58 269
57 62 34 169
57 78 49 124
57 80 25 41
58 18 37 207
58 24 21 119
58 25 1 219
58 27 19 169
58 32 40 266
58 39 52 278
58 51 25 56
58 55 43 235
58 57 46 176
58 58 59 226
58 60 4 95
58 73 57 81
58 77 31 22
58 79 49 121
59 5 37 52
59 15 31 103
59 16 27 252
59 30 44 87
59 31 13 206
59 34 17 73
59 41 50 211
59 42 10 98
59 48 25 101
59 52 52 198
59 53 19 16
59 56 1 157
59 64 5 129
59 71 58 282
59 75 34 203
60 4 13 172
60 14 55 212
60 17 49 222
60 23 20 51
60 26 43 79
60 28 16 250
60 30 37 201
60 32 31 266
60 40 25 14
60 43 28 25
60 51 7 54
60 54 52 100
60 56 1 2
60 69 35 35
60 72 22 95
61 1 10 90
61 2 14 3
61 4 7 51
61 11 25 110
61 17 34 286
61 24 57 119
61 28 55 250
61 38 31 229
61 40 3 216
61 45 19 138
61 48 53 101
61 53 44 16
61 63 49 234
61 77 21 131
61 80 37 258
62 1 49 90
62 6 37 287
62 9 44 191
62 10 31 116
62 12 20 73
62 16 13 75
62 27 35 208
62 29 56 53
62 32 7 80
62 33 17 21
62 35 26 173
62 43 5 201
62 44 52 295
62 49 1 226
62 68 10 153
63 6 31 72
63 10 55 136
63 12 25 102
63 14 43 96
63 16 19 252
63 22 49 66
63 27 16 271
63 33 47 139
63 45 39 66
63 50 23 128
63 55 52 255
63 57 4 223
63 67 7 176
63 80 1 258
64 1 52 90
64 2 1 254
64 7 31 27
64 11 44 270
64 19 22 104
64 23 5 40
64 31 26 88
64 34 11 73
64 39 38 278
64 43 47 201
64 56 56 207
64 71 13 263
64 75 16 25
64 77 7 206
64 79 49 135
65 5 25 1
65 13 19 170
65 17 31 94
65 24 50 186
65 27 5 136
65 28 17 41
65 29 55 290
65 40 39 216
65 43 9 201
65 44 22 265
65 50 3 246
65 52 34 285
65 61 14 48
65 62 46 169
65 75 43 21
66 5 43 208
66 7 13 162
66 12 1 73
66 14 7 64
66 20 21 88
66 26 26 291
66 32 58 266
66 33 5 150
66 36 49 205
66 40 47 79
66 57 52 176
66 68 55 161
66 69 19 104
66 74 37 213
66 77 32 15
67 8 4 103
67 12 7 102
67 22 37 108
67 23 49 240
67 24 43 119
67 26 34 252
67 30 25 71
67 31 14 283
67 32 20 24
67 35 51 220
67 36 1 4
67 42 31 98
67 44 55 7
67 73 40 81
68 9 43 151
68 10 55 185
68 11 10 100
68 23 31 51
68 28 5 250
68 30 49 201
68 35 19 190
68 36 1 161
68 39 40 9
68 46 7 246
68 54 34 42
68 60 37 58
68 62 13 262
68 67 27 28
68 73 17 199
69 2 43 256
69 9 8 151
69 11 22 270
69 12 25 11
69 33 41 139
69 35 15 190
69 44 58 152
69 45 5 282
69 48 35 25
69 50 13 128
69 53 49 290
69 59 31 61
69 70 37 233
69 79 1 121
70 5 56 251
70 6 21 159
70 12 13 102
70 20 34 74
70 21 1 193
70 24 37 264
70 35 43 69
70 47 31 83
70 48 19 133
70 50 25 128
70 68 7 217
70 74 49 168
70 75 10 8
70 77 27 279
71 5 55 208
71 11 4 270
71 15 28 103
71 16 7 154
71 18 22 4
71 19 25 74
71 25 40 87
71 37 33 19
71 40 47 216
71 41 37 76
71 55 1 56
71 57 49 223
71 72 31 24
71 74 43 126
71 79 16 121
72 1 43 174
72 2 19 3
72 6 37 231
72 14 55 110
72 16 7 281
72 29 33 261
72 42 46 98
72 47 13 83
72 51 1 54
72 58 25 235
72 61 16 135
72 74 27 213
72 78 49 183
73 1 43 26
73 8 40 101
73 15 50 268
73 22 28 202
73 24 9 264
73 29 2 60
73 39 58 186
73 46 37 265
73 48 53 4
73 50 16 19
73 52 13 5
73 53 19 267
73 70 31 144
73 72 26 95
73 76 7 168
74 4 40 280
74 9 14 272
74 10 43 136
74 14 49 275
74 17 25 222
74 18 10 233
74 19 37 43
74 25 28 87
74 28 47 250
74 31 57 180
74 32 7 266
74 54 20 192
74 58 55 235
74 65 1 198
74 72 33 95
75 2 31 254
75 5 2 256
75 8 22 268
75 12 7 11
75 19 43 43
75 22 19 160
75 27 29 287
75 30 25 265
75 41 59 149
75 42 49 98
75 50 53 19
75 60 39 220
75 70 13 187
75 75 56 203
76 1 43 90
76 4 7 172
76 13 58 179
76 15 10 293
76 19 19 35
76 23 17 240
76 28 1 250
76 29 27 115
76 31 38 21
76 34 13 289
76 52 46 149
76 53 33 122
76 57 22 56
76 61 4 48
76 70 50 78
77 2 9 256
77 15 46 103
77 21 32 7
77 22 16 59
77 25 13 185
77 39 22 278
77 47 58 83
77 49 38 123
77 51 49 80
77 56 25 207
77 57 43 6
77 63 1 234
77 73 7 81
77 76 5 168
77 79 55 192
78 2 15 44
78 6 44 287
78 8 28 117
78 23 13 40
78 26 7 291
78 30 19 145
78 43 5 36
78 46 25 246
78 49 37 226
78 64 49 251
78 67 1 28
78 71 10 157
78 74 31 265
78 77 51 206
78 78 55 124
79 3 29 179
79 11 31 110
79 12 37 102
79 15 26 17
79 20 10 263
79 27 41 287
79 38 47 5
79 42 52 6
79 46 34 166
79 48 13 254
79 56 43 2
79 58 17 266
79 64 7 276
79 69 5 200
79 77 1 22
80 14 1 212
80 29 7 115
80 31 31 293
80 34 47 272
80 36 13 161
80 41 55 76
80 42 22 239
80 44 16 265
80 50 29 116
80 57 19 223
80 59 49 285
80 65 53 211
80 66 5 94
80 71 37 273
80 73 25 199
81 1 25 174
81 3 50 182
81 4 28 172
81 13 38 80
81 23 43 40
81 24 1 186
81 28 23 41
81 31 7 283
81 34 45 289
81 39 58 9
81 41 35 76
81 45 53 282
81 54 31 42
81 67 19 78
81 68 16 273
82 2 32 3
82 3 53 182
82 8 58 103
82 15 43 268
82 17 25 286
82 25 4 87
82 26 21 216
82 29 14 261
82 32 1 80
82 42 28 6
82 50 41 128
82 56 49 143
82 63 46 234
82 74 37 126
82 78 7 183
83 2 43 139
83 5 21 118
83 10 1 116
83 13 32 84
83 30 57 265
83 40 55 14
83 52 26 5
83 53 13 267
83 60 49 58
83 69 29 104
83 71 37 29
83 72 19 95
83 75 40 25
83 79 10 39
83 80 7 258
84 10 49 136
84 12 19 30
84 13 44 179
84 15 14 195
84 21 26 155
84 23 53 51
84 27 23 135
84 37 32 238
84 38 37 79
84 39 1 259
84 63 10 108
84 68 7 29
84 69 39 200
84 74 55 289
84 76 5 99
85 3 28 182
85 9 1 23
85 19 15 43
85 24 31 89
85 32 45 81
85 35 56 69
85 36 19 57
85 37 9 56
85 40 7 216
85 60 25 220
85 65 22 198
85 68 40 273
85 69 13 200
85 71 49 271
85 76 53 152
86 1 37 90
86 10 43 210
86 26 16 291
86 28 53 250
86 29 19 115
86 33 56 39
86 38 58 24
86 43 11 201
86 45 9 66
86 46 25 233
86 52 49 149
86 54 34 192
86 61 1 71
86 64 7 47
86 72 28 95
87 2 44 57
87 9 37 191
87 12 20 97
87 15 7 103
87 22 34 59
87 23 1 298
87 30 55 138
87 39 25 58
87 48 15 101
87 54 28 42
87 55 52 121
87 61 10 71
87 63 49 108
87 64 41 251
87 70 3 187
88 11 31 185
88 15 51 103
88 16 25 157
88 19 1 97
88 22 16 263
88 27 11 208
88 32 4 24
88 40 57 14
88 44 34 295
88 58 29 226
88 59 21 61
88 64 19 251
88 67 7 86
88 68 13 29
88 72 45 95
89 2 49 3
89 3 56 179
89 17 26 94
89 20 46 6
89 22 58 66
89 30 8 138
89 35 33 173
89 38 29 5
89 41 31 76
89 42 37 206
89 61 40 48
89 62 43 169
89 67 21 28
89 70 1 282
89 74 13 213
90 3 22 295
90 7 31 162
90 11 28 110
90 14 9 137
90 19 25 104
90 28 7 250
90 31 56 229
90 47 46 83
90 52 37 5
90 60 43 220
90 66 53 94
90 67 13 35
90 71 19 263
90 74 49 126
90 79 4 39
91 10 13 116
91 15 25 268
91 16 50 252
91 24 56 144
91 29 43 60
91 32 33 24
91 39 19 9
91 54 22 42
91 61 10 48
91 65 47 198
91 69 31 188
91 70 38 187
91 74 1 126
91 75 28 203
92 2 49 57
92 3 17 182
92 4 28 280
92 5 37 251
92 9 2 151
92 14 13 110
92 22 43 263
92 24 57 134
92 37 19 238
92 49 32 226
92 58 11 75
92 68 25 273
92 74 7 126
92 76 55 152
93 1 39 26
93 12 31 30
93 19 58 97
93 26 13 291
93 28 26 250
93 31 44 88
93 35 7 36
93 40 35 14
93 48 5 133
93 51 20 54
93 53 1 122
93 55 55 149
93 66 16 94
93 69 11 57
93 77 49 15
94 1 13 26
94 3 29 133
94 5 25 118
94 12 45 102
94 17 40 238
94 18 7 233
94 22 55 30
94 23 1 51
94 31 19 293
94 37 49 73
94 38 23 5
94 43 3 201
94 56 31 157
94 64 16 47
94 69 35 200
95 1 52 26
95 2 37 3
95 4 10 280
95 5 25 208
95 8 7 17
95 21 55 193
95 24 13 119
95 28 29 250
95 32 22 81
95 36 43 47
95 39 33 278
95 45 4 66
95 50 31 19
95 60 1 166
95 80 46 137
96 1 4 90
96 13 51 170
96 15 16 17
96 17 7 262
96 18 1 233
96 23 49 40
96 24 20 186
96 25 10 87
96 28 13 41
96 48 29 254
96 52 25 285
96 59 55 121
96 75 31 202
96 77 39 240
96 79 45 39
97 2 8 139
97 11 37 270
97 12 43 241
97 22 49 59
97 26 40 252
97 28 35 41
97 29 20 261
97 32 25 80
97 35 1 190
97 46 28 246
97 54 16 42
97 56 55 157
97 61 13 52
97 67 31 176
97 73 47 199
98 2 43 3
98 10 7 105
98 16 55 252
98 21 49 71
98 23 5 240
98 25 19 87
98 27 47 271
98 30 31 138
98 35 37 36
98 41 29 76
98 59 1 125
98 60 16 166
98 66 11 231
98 67 25 176
99 19 49 43
99 23 5 51
99 24 31 134
99 36 37 161
99 46 10 85
99 49 55 123
99 53 1 290
99 55 13 121
99 56 19 150
99 58 8 63
99 59 25 130
99 64 52 47
99 66 16 231
99 75 40 8
99 78 43 124
100 2 56 147
100 7 7 162
100 14 19 137
100 33 13 21
100 35 27 36
100 37 49 19
100 38 33 229
100 39 37 9
100 42 40 57
100 43 44 216
100 50 11 246
100 54 46 42
100 58 31 119
100 60 4 220
100 80 16 258
101 4 19 172
101 8 13 180
101 10 7 136
101 14 1 137
101 16 27 239
101 19 32 177
101 24 57 264
101 26 16 159
101 27 25 271
101 30 43 133
101 38 11 229
101 53 50 122
101 59 39 143
102 7 7 204
102 8 13 217
102 13 1 170
102 16 57 281
102 22 34 210
102 30 43 138
102 33 47 22
102 34 11 289
102 36 16 161
102 46 31 246
102 67 19 86
102 69 51 200
102 74 26 126
102 75 4 203
102 78 38 145
103 6 43 59
103 10 25 136
103 13 19 84
103 19 7 35
103 28 5 155
103 34 35 272
103 36 31 47
103 42 22 98
103 49 49 123
103 63 56 234
103 67 1 58
103 68 16 222
103 72 39 95
103 73 53 199
103 75 13 25
104 2 1 139
104 5 19 1
104 12 37 30
104 15 13 293
104 21 7 193
104 25 25 87
104 35 55 220
104 36 31 205
104 37 43 56
104 41 5 252
104 54 28 241
104 57 52 56
104 58 16 235
104 66 59 138
104 68 49 150
105 4 25 172
105 12 49 77
105 20 10 74
105 23 58 51
105 25 34 219
105 27 28 271
105 28 1 41
105 29 37 53
105 34 3 289
105 37 13 170
105 38 23 229
105 42 31 6
105 49 19 226
105 55 46 121
105 61 7 268
106 3 47 182
106 12 7 73
106 14 43 275
106 28 14 250
106 38 39 229
106 54 25 117
106 55 21 235
106 56 1 207
106 58 53 226
106 62 49 130
106 65 5 211
106 66 37 157
106 71 28 273
106 72 16 95
106 80 34 202
107 3 1 182
107 13 22 84
107 15 13 268
107 16 39 281
107 22 55 59
107 24 8 192
107 28 35 155
107 36 43 205
107 39 27 34
107 43 20 201
107 48 25 133
107 50 17 116
107 58 47 226
107 72 52 24
107 80 4 258
108 5 33 52
108 11 52 270
108 23 43 51
108 26 49 169
108 27 57 271
108 36 25 47
108 43 41 201
108 48 1 133
108 50 11 128
108 53 7 16
108 57 13 159
108 58 19 75
108 68 4 29
108 70 37 244
108 80 22 258
109 2 25 139
109 10 7 237
109 21 3 7
109 26 58 216
109 29 45 290
109 43 1 25
109 47 40 83
109 49 14 226
109 57 22 223
109 64 11 276
109 69 43 200
109 73 19 81
109 75 32 8
109 76 37 168
109 79 49 39
110 6 20 287
110 13 34 179
110 21 50 246
110 23 55 40
110 31 57 200
110 41 25 211
110 42 7 239
110 43 27 201
110 46 43 233
110 52 10 219
110 59 37 283
110 63 16 108
110 67 1 176
110 68 13 273
111 4 43 280
111 6 3 287
111 15 28 268
111 19 31 78
111 31 39 293
111 33 13 39
111 40 1 84
111 46 55 233
111 56 15 72
111 59 49 228
111 64 20 47
111 68 58 102
111 74 7 61
111 79 46 135
112 1 4 174
112 2 37 147
112 3 59 295
112 5 55 1
112 11 1 100
112 12 49 11
112 19 43 74
112 25 7 87
112 31 25 293
112 55 10 149
112 62 31 169
112 71 46 263
112 78 14 145
112 80 19 258
113 11 56 270
113 21 15 193
113 27 23 102
113 28 11 155
113 30 25 145
113 35 37 190
113 38 13 229
113 39 43 186
113 43 46 25
113 54 1 192
113 58 4 235
113 60 7 220
113 69 21 200
113 74 49 195
113 77 32 38
114 9 39 272
114 13 58 80
114 18 19 210
114 25 16 87
114 28 31 261
114 39 55 278
114 50 53 128
114 51 43 54
114 52 33 149
114 59 49 61
114 60 25 166
114 63 22 234
114 72 2 144
114 75 28 8
114 79 10 135
115 9 37 23
115 14 25 137
115 16 13 281
115 25 20 219
115 27 5 208
115 34 49 84
115 39 58 204
115 51 31 56
115 55 2 255
115 60 55 166
115 68 52 150
115 69 47 200
115 70 7 187
115 73 44 152
116 1 37 174
116 12 43 30
116 14 32 212
116 16 1 281
116 19 26 43
116 26 10 291
116 27 14 271
116 37 19 19
116 38 7 229
116 39 55 9
116 42 58 255
116 58 29 278
116 62 52 130
116 65 16 198
116 79 40 135
117 7 19 204
117 10 51 210
117 11 28 270
117 12 31 73
117 19 3 153
117 24 37 186
117 32 46 80
117 38 1 229
117 45 43 66
117 48 11 25
117 52 55 172
117 56 15 157
117 58 58 235
117 62 8 5
117 66 23 2
118 1 58 90
118 4 31 280
118 9 7 191
118 15 4 70
118 17 16 238
118 19 22 153
118 20 13 74
118 34 37 289
118 42 1 98
118 48 51 101
118 58 29 266
118 63 19 234
118 66 47 231
118 68 40 222
118 76 34 168
119 3 11 182
119 6 49 287
119 7 19 162
119 9 25 191
119 10 2 210
119 16 43 157
119 20 37 88
119 25 16 269
119 32 7 24
119 42 34 255
119 44 31 29
119 58 23 266
119 66 13 231
119 78 55 145
120 3 3 182
120 7 43 204
120 14 32 275
120 16 49 239
120 24 7 186
120 29 13 53
120 33 5 177
120 40 1 14
120 41 53 149
120 50 56 128
120 54 58 192
120 57 28 159
120 75 40 71
120 77 19 22
120 80 25 202
121 6 31 287
121 18 58 233
121 23 47 240
121 25 22 269
121 28 53 261
121 29 1 53
121 32 14 24
121 34 9 289
121 37 25 238
121 40 29 80
121 44 19 295
121 50 5 116
121 56 38 150
121 65 56 198
121 78 43 283
122 3 57 295
122 13 43 80
122 19 21 43
122 20 7 74
122 28 3 250
122 29 39 115
122 32 13 266
122 40 16 84
122 41 10 76
122 42 26 98
122 43 19 216
122 52 46 285
122 68 34 29
122 80 50 188
123 15 10 17
123 20 40 74
123 28 5 41
123 51 26 54
123 58 17 119
123 60 46 269
123 66 21 94
123 68 43 29
123 69 7 200
123 70 50 75
123 73 15 152
123 74 31 126
123 76 59 168
123 77 55 240
123 78 1 124
124 5 27 105
124 12 7 228
124 17 46 94
124 26 37 291
124 32 34 266
124 36 40 161
124 41 17 152
124 55 55 255
124 59 1 195
124 62 13 169
124 63 31 108
124 64 22 251
124 69 53 35
124 72 59 95
124 74 49 30
125 1 32 90
125 12 27 97
125 18 1 262
125 21 19 193
125 24 49 119
125 27 53 135
125 29 37 261
125 30 7 145
125 31 56 283
125 32 13 32
125 42 16 217
125 61 43 48
125 68 46 29
125 69 5 35
126 1 4 26
126 2 49 21
126 12 19 11
126 28 11 250
126 33 29 139
126 34 17 289
126 36 55 4
126 40 43 211
126 45 35 138
126 49 7 123
126 51 31 54
126 52 37 149
126 54 1 42
126 69 15 200
126 80 26 258
127 17 58 293
127 21 43 291
127 23 27 298
127 28 33 250
127 35 2 69
127 39 13 70
127 57 55 223
127 60 37 166
127 64 9 47
127 65 11 211
127 66 19 94
127 69 29 200
127 73 7 152
127 74 21 213
127 78 49 199
128 3 15 182
128 6 39 59
128 11 34 110
128 15 4 268
128 26 55 216
128 29 7 53
128 31 25 180
128 32 1 24
128 38 37 229
128 46 44 166
128 60 31 58
128 61 49 48
128 71 52 29
128 73 17 81
128 78 19 199
129 8 46 101
129 10 39 105
129 17 43 94
129 19 7 43
129 23 37 240
129 26 34 216
129 29 49 115
129 33 26 39
129 38 23 24
129 54 19 42
129 60 10 166
129 68 56 29
129 70 1 78
129 74 14 126
129 75 31 21
130 3 43 182
130 8 1 17
130 22 37 202
130 23 34 40
130 32 4 80
130 34 23 272
130 37 7 238
130 48 28 4
130 52 25 198
130 60 40 58
130 62 16 169
130 67 19 228
130 68 31 150
130 75 45 202
130 80 13 258
131 4 43 172
131 10 37 116
131 21 49 8
131 26 58 291
131 29 1 115
131 30 32 201
131 39 10 9
131 40 13 84
131 44 55 133
131 46 19 246
131 52 7 285
131 58 23 226
131 62 16 5
131 72 29 24
131 79 25 121
132 2 25 254
132 7 37 204
132 14 7 110
132 30 45 228
132 33 43 150
132 35 49 36
132 39 55 204
132 43 11 216
132 44 58 133
132 45 21 66
132 52 4 285
132 58 1 75
132 61 16 52
132 62 13 298
132 78 31 183
133 1 31 26
133 6 44 161
133 13 25 84
133 26 40 169
133 29 14 60
133 33 29 150
133 34 53 84
133 39 58 278
133 44 37 152
133 47 7 83
133 49 19 123
133 66 23 231
133 74 49 265
133 76 11 168
133 77 2 38
134 2 49 254
134 3 11 133
134 17 13 222
134 25 32 87
134 28 35 250
134 31 19 206
134 34 40 289
134 35 1 36
134 41 27 76
134 43 5 216
134 47 43 83
134 59 55 61
134 62 16 130
134 70 7 159
134 75 37 25
135 8 22 17
135 11 7 100
135 17 34 222
135 19 10 104
135 24 13 264
135 26 19 25
135 28 58 250
135 29 39 60
135 30 49 138
135 33 5 139
135 45 45 66
135 47 55 83
135 53 26 267
135 58 31 278
135 61 1 48
136 5 8 1
136 8 25 217
136 16 13 239
136 17 19 262
136 19 58 74
136 27 53 287
136 28 43 250
136 32 55 24
136 35 33 190
136 53 49 261
136 55 46 235
136 61 37 135
136 62 22 170
136 66 17 138
136 74 1 213
137 1 28 90
137 2 3 147
137 17 25 262
137 18 34 262
137 22 10 59
137 48 13 207
137 49 43 123
137 50 15 128
137 52 31 285
137 53 49 267
137 56 56 118
137 63 7 108
137 65 20 79
137 69 23 200
137 71 39 271
138 7 26 162
138 15 37 103
138 18 34 128
138 20 40 88
138 25 13 87
138 27 59 271
138 31 55 21
138 33 53 22
138 38 49 24
138 39 1 70
138 42 4 6
138 44 31 295
138 53 43 122
138 76 51 152
138 77 19 240
139 4 25 280
139 7 1 162
139 19 28 177
139 21 31 193
139 24 13 186
139 30 55 201
139 31 19 180
139 33 53 39
139 34 17 2
139 35 49 158
139 54 38 42
139 55 7 235
139 58 5 75
139 70 45 159
140 7 56 34
140 8 31 40
140 9 1 272
140 11 49 100
140 14 14 137
140 20 22 74
140 34 52 289
140 37 7 14
140 38 28 229
140 39 19 278
140 41 5 76
140 64 25 129
140 69 11 35
140 75 40 203
140 76 43 168
141 1 57 26
141 5 1 1
141 8 16 180
141 11 13 100
141 16 31 239
141 30 43 145
141 37 25 19
141 42 39 98
141 52 49 198
141 57 52 154
141 61 19 135
141 65 7 79
141 66 5 231
141 75 22 203
141 78 9 199
142 4 37 51
142 9 20 151
142 12 13 73
142 14 43 110
142 20 51 74
142 22 40 202
142 32 10 80
142 46 4 265
142 48 49 101
142 49 31 123
142 59 55 285
142 68 1 29
142 73 59 81
142 78 25 9
142 79 7 155
143 1 7 90
143 4 38 172
143 9 1 222
143 10 13 210
143 11 19 100
143 19 52 43
143 21 57 8
143 33 23 22
143 48 25 4
143 50 5 246
143 54 31 245
143 69 41 35
143 75 44 203
143 77 27 131
143 80 10 202
144 4 14 51
144 6 43 231
144 7 19 34
144 13 31 170
144 14 25 245
144 25 49 269
144 37 38 14
144 38 9 229
144 43 23 25
144 50 47 116
144 52 34 5
144 56 1 150
144 60 52 269
144 61 55 48
144 75 58 202
145 3 55 182
145 12 37 228
145 22 31 59
145 25 34 269
145 27 4 271
145 33 20 39
145 34 7 289
145 36 9 4
145 39 52 34
145 54 49 192
145 57 14 6
145 58 27 235
145 74 45 168
145 76 1 99
145 79 58 135
146 7 43 162
146 8 55 103
146 11 40 100
146 23 25 51
146 29 13 115
146 39 1 34
146 45 23 66
146 51 49 109
146 52 19 285
146 55 31 121
146 62 4 130
146 66 35 231
146 67 27 78
146 77 7 240
146 79 58 39
147 2 31 139
147 3 37 182
147 6 9 2
147 13 4 67
147 14 14 275
147 17 51 262
147 19 1 104
147 21 20 155
147 22 55 202
147 26 25 25
147 30 43 71
147 48 7 101
147 58 59 63
147 61 28 52
147 70 39 282
148 12 43 11
148 19 19 74
148 21 27 193
148 32 10 254
148 37 15 14
148 43 13 216
148 44 38 295
148 50 47 246
148 51 56 56
148 64 35 129
148 65 5 79
148 66 41 231
148 70 31 187
148 75 22 8
148 77 1 206
149 9 13 191
149 12 51 102
149 13 40 179
149 19 55 43
149 20 10 6
149 23 23 240
149 32 2 266
149 39 7 278
149 43 17 201
149 46 37 246
149 53 19 112
149 69 27 200
149 71 31 271
149 77 43 240
150 2 7 3
150 8 34 180
150 11 19 270
150 17 22 161
150 18 52 151
150 20 49 263
150 22 28 160
150 25 4 219
150 36 58 161
150 41 14 211
150 45 2 66
150 52 55 5
150 71 25 100
150 72 17 24
150 76 41 168
151 6 50 231
151 10 13 11
151 13 57 76
151 16 43 252
151 17 28 222
151 19 19 147
151 32 25 24
151 46 22 246
151 48 1 101
151 54 4 42
151 62 31 5
151 69 7 104
151 70 37 256
151 72 10 95
151 73 55 81
152 2 38 44
152 17 34 94
152 18 13 151
152 27 52 271
152 28 23 250
152 39 28 186
152 42 19 239
152 47 49 83
152 48 9 25
152 55 25 149
152 56 43 223
152 58 4 63
152 61 1 268
152 74 55 126
152 79 16 39
153 8 55 101
153 10 7 116
153 14 25 275
153 29 2 261
153 32 37 266
153 33 29 58
153 38 35 79
153 46 16 246
153 53 19 122
153 55 13 255
153 58 11 63
153 63 40 108
153 70 50 187
153 75 43 25
153 78 31 145
154 3 10 179
154 22 58 30
154 25 37 87
154 36 4 161
154 38 21 229
154 41 31 149
154 43 1 201
154 45 25 66
154 46 13 265
154 53 43 267
154 57 7 6
154 63 28 108
154 72 41 52
154 76 19 168
155 8 37 40
155 9 7 272
155 12 49 97
155 20 16 88
155 27 53 136
155 35 19 69
155 39 4 259
155 45 55 66
155 46 13 246
155 52 44 5
155 55 31 198
155 57 58 223
155 60 1 220
155 68 34 150
155 79 40 121
156 4 34 280
156 10 55 107
156 12 7 241
156 13 26 179
156 22 46 160
156 30 2 138
156 42 43 98
156 50 11 116
156 52 20 5
156 53 37 16
156 55 31 235
156 65 59 79
156 66 29 94
156 70 49 159
156 78 15 124
157 1 28 26
157 5 55 52
157 20 1 74
157 27 41 136
157 30 37 4
157 37 49 63
157 45 14 66
157 55 10 255
157 60 4 166
157 62 43 262
157 64 47 251
157 65 35 198
157 70 20 187
157 77 31 240
157 79 7 135
158 9 55 191
158 14 25 212
158 16 7 19
158 17 4 262
158 18 22 233
158 20 1 88
158 23 51 240
158 30 37 138
158 48 34 4
158 61 46 48
158 68 43 222
158 75 31 71
158 77 13 240
158 80 19 32
159 7 25 204
159 11 37 100
159 12 31 11
159 16 55 19
159 22 40 263
159 24 19 264
159 28 46 155
159 29 7 261
159 44 16 295
159 50 1 128
159 58 13 235
159 64 4 251
159 71 43 273
159 76 29 152
159 77 49 22
160 1 34 26
160 10 1 136
160 14 49 110
160 27 17 287
160 32 25 32
160 39 44 278
160 46 40 166
160 54 55 42
160 57 37 56
160 58 31 75
160 59 19 195
160 67 13 58
160 68 58 273
160 73 28 81
160 77 7 22
161 5 43 105
161 8 37 101
161 9 19 222
161 10 57 210
161 11 4 100
161 17 31 286
161 22 52 263
161 40 13 14
161 41 16 76
161 45 29 138
161 48 41 4
161 54 7 42
161 66 55 94
161 71 1 271
161 77 25 38
162 2 55 139
162 3 31 182
162 16 7 252
162 26 15 252
162 29 27 60
162 37 44 14
162 38 35 229
162 39 49 9
162 41 33 76
162 47 4 83
162 51 37 109
162 58 41 226
162 59 19 143
162 64 13 251
162 69 1 188
163 3 29 295
163 5 43 118
163 9 19 191
163 10 25 210
163 11 49 270
163 17 8 161
163 23 1 240
163 24 37 119
163 33 55 150
163 39 34 58
163 40 3 84
163 54 16 153
163 60 31 269
163 61 52 48
163 79 13 135
164 2 45 147
164 4 31 172
164 22 34 86
164 25 13 219
164 30 38 133
164 39 2 9
164 48 29 101
164 53 55 122
164 56 25 150
164 58 19 119
164 59 49 38
164 62 7 130
164 68 22 273
164 71 10 273
164 75 16 203
165 2 25 147
165 4 16 280
165 10 39 185
165 13 50 179
165 15 13 103
165 19 46 74
165 37 1 238
165 43 23 201
165 57 43 176
165 59 19 283
165 64 11 47
165 73 33 199
165 74 7 213
165 80 58 258
166 5 13 105
166 8 40 198
166 33 17 150
166 45 37 66
166 55 20 255
166 56 49 203
166 58 7 75
166 63 28 234
166 64 1 114
166 68 10 29
166 69 3 35
166 74 31 63
166 75 25 8
166 76 53 168
166 77 56 22
167 4 28 51
167 8 43 101
167 14 37 275
167 18 46 128
167 19 1 43
167 32 16 80
167 38 41 24
167 39 22 9
167 44 4 295
167 45 35 282
167 48 53 254
167 49 55 226
167 50 11 19
167 53 7 122
167 76 25 152
168 4 58 280
168 8 33 101
168 9 9 23
168 13 37 179
168 16 45 207
168 18 28 233
168 26 40 291
168 32 52 266
168 41 7 76
168 42 55 11
168 45 23 282
168 54 4 192
168 59 15 61
168 66 13 94
168 80 19 202
169 3 55 295
169 4 13 280
169 5 7 52
169 12 32 97
169 13 37 84
169 14 1 245
169 17 40 94
169 18 16 207
169 21 43 8
169 24 25 264
169 31 49 180
169 36 22 205
169 45 5 1
169 61 19 48
169 78 57 183
170 3 22 182
170 9 38 151
170 10 7 107
170 17 57 94
170 27 34 271
170 33 29 22
170 38 11 5
170 52 19 149
170 59 14 228
170 61 25 135
170 64 52 251
170 67 2 228
170 70 44 282
170 80 49 202
171 5 43 1
171 15 1 103
171 16 31 281
171 19 40 97
171 23 35 240
171 25 10 269
171 27 28 169
171 28 21 250
171 39 7 9
171 55 16 149
171 61 4 135
171 62 52 5
171 63 56 108
171 75 25 203
171 80 49 258
172 2 19 256
172 5 1 286
172 9 55 272
172 19 10 43
172 30 13 138
172 43 31 25
172 44 7 265
172 45 33 66
172 50 28 128
172 52 25 183
172 59 43 130
172 68 49 161
172 69 17 104
172 74 37 195
172 80 52 258
173 1 55 90
173 7 7 34
173 8 58 268
173 21 43 7
173 24 31 264
173 25 49 219
173 33 17 139
173 40 53 14
173 50 23 19
173 53 25 261
173 56 19 207
173 67 37 176
173 78 13 183
173 80 2 202
174 8 37 17
174 9 19 272
174 34 59 272
174 41 11 252
174 42 55 35
174 49 25 226
174 50 14 19
174 56 49 2
174 58 29 235
174 60 31 166
174 62 1 130
174 64 8 129
174 69 17 188
174 71 43 295
174 80 34 258
175 12 2 30
175 15 38 268
175 31 8 225
175 35 13 36
175 38 19 229
175 44 49 295
175 46 55 246
175 52 58 5
175 64 22 47
175 67 31 35
175 68 52 222
175 69 45 200
175 70 25 187
175 72 41 95
175 73 35 199
176 4 46 172
176 6 7 287
176 13 28 84
176 15 52 17
176 19 37 74
176 27 59 136
176 32 43 254
176 42 25 70
176 44 49 29
176 52 1 280
176 54 31 192
176 55 40 235
176 56 19 2
176 73 15 81
176 77 55 206
177 7 49 162
177 8 40 17
177 15 16 268
177 16 25 75
177 32 46 254
177 38 53 229
177 48 19 101
177 53 21 279
177 56 1 118
177 60 13 166
177 61 33 135
177 69 5 188
177 72 57 95
177 77 7 15
177 80 37 137
178 2 20 139
178 3 35 133
178 5 49 208
178 6 25 59
178 20 4 88
178 31 43 180
178 36 16 205
178 43 7 201
178 46 37 255
178 50 29 19
178 57 13 223
178 62 10 130
178 64 41 114
178 67 31 244
178 73 1 81
179 1 13 90
179 4 10 51
179 7 37 34
179 19 4 104
179 20 55 263
179 22 16 160
179 27 35 287
179 28 7 41
179 31 44 293
179 39 52 9
179 40 49 216
179 52 1 5
179 53 26 290
179 61 32 48
179 78 21 124
180 11 28 100
180 13 4 179
180 14 14 245
180 15 19 89
180 16 33 75
180 25 55 269
180 26 25 216
180 33 7 150
180 36 38 47
180 52 1 285
180 60 10 58
180 61 58 48
180 63 52 106
180 69 31 200
180 77 43 22
181 4 52 172
181 10 27 107
181 15 46 268
181 18 40 210
181 22 13 59
181 27 7 271
181 31 1 293
181 33 49 139
181 37 33 251
181 40 9 216
181 43 44 201
181 44 58 7
181 47 20 83
181 65 23 79
181 66 11 94
182 8 25 103
182 11 1 270
182 13 46 170
182 15 10 103
182 20 28 263
182 21 49 193
182 40 53 79
182 57 20 6
182 62 31 262
182 64 23 276
182 68 7 273
182 70 15 233
182 73 13 81
182 79 4 121
182 80 55 268
183 6 31 231
183 10 49 107
183 14 9 212
183 15 16 293
183 17 28 286
183 19 4 74
183 28 19 250
183 36 13 205
183 37 37 73
183 40 7 84
183 50 21 128
183 60 1 95
183 62 25 170
183 66 23 94
183 77 45 206
184 4 49 280
184 5 19 129
184 8 7 180
184 14 1 96
184 19 55 97
184 33 37 39
184 34 59 289
184 50 43 128
184 56 39 2
184 58 10 235
184 60 28 220
184 63 52 234
184 70 13 282
184 77 33 206
184 80 46 258
185 5 55 286
185 8 40 103
185 18 19 4
185 21 49 291
185 25 7 269
185 27 22 271
185 33 35 22
185 34 25 272
185 47 28 83
185 55 1 235
185 56 13 241
185 64 17 251
185 66 37 94
185 72 11 52
185 76 33 152
186 3 41 295
186 14 8 96
186 20 58 88
186 22 50 160
186 26 31 216
186 38 17 229
186 46 46 233
186 47 34 83
186 50 1 246
186 54 43 192
186 58 3 75
186 60 20 166
186 61 37 48
186 63 14 234
186 78 26 124
187 3 40 182
187 7 55 27
187 18 49 151
187 23 11 240
187 35 7 69
187 37 31 14
187 47 25 83
187 49 2 123
187 50 19 128
187 52 44 198
187 60 52 166
187 62 21 169
187 65 17 79
187 66 29 231
187 77 13 22
188 5 51 52
188 9 7 222
188 18 16 151
188 20 13 88
188 29 27 53
188 32 31 234
188 35 19 220
188 42 34 98
188 43 25 201
188 51 55 287
188 66 5 61
188 67 1 244
188 68 37 222
188 69 11 188
188 71 43 271
189 5 55 105
189 7 43 215
189 12 25 30
189 18 37 128
189 21 19 177
189 22 31 28
189 24 7 144
189 30 13 71
189 31 3 180
189 34 29 289
189 43 1 216
189 62 34 130
189 71 49 273
190 1 22 26
190 3 47 179
190 4 1 172
190 8 55 17
190 11 25 270
190 13 58 84
190 21 37 193
190 27 29 136
190 35 31 36
190 43 11 36
190 45 35 66
190 52 49 5
190 60 13 220
190 64 5 276
190 70 43 187
191 6 25 287
191 8 58 101
191 16 49 281
191 26 31 291
191 27 37 271
191 28 9 250
191 46 43 255
191 48 7 25
191 55 34 121
191 58 5 119
191 60 46 220
191 62 39 170
191 72 1 52
191 73 3 81
191 74 19 126
192 4 49 172
192 8 34 17
192 11 7 270
192 12 45 73
192 16 55 239
192 34 26 289
192 35 37 69
192 36 19 205
192 41 1 149
192 50 17 128
192 55 22 121
192 57 31 105
192 63 3 106
192 64 15 251
192 69 43 188
193 3 34 182
193 5 37 286
193 15 7 195
193 17 16 262
193 18 22 210
193 32 31 81
193 34 51 84
193 37 3 19
193 38 41 229
193 48 14 4
193 54 10 42
193 58 47 266
193 60 25 269
193 66 1 231
193 74 55 168
194 2 26 3
194 8 58 17
194 21 38 177
194 22 7 59
194 39 55 186
194 45 16 66
194 49 49 226
194 51 2 109
194 52 43 285
194 62 46 262
194 65 23 83
194 71 32 273
194 75 13 23
194 78 19 183
195 2 51 139
195 12 44 77
195 14 1 110
195 19 40 43
195 28 49 250
195 46 10 170
195 53 55 267
195 54 34 245
195 55 37 121
195 58 23 75
195 59 27 283
195 77 19 15
195 78 13 199
195 79 7 121
195 80 31 258
196 2 14 256
196 5 1 208
196 8 19 17
196 12 43 97
196 20 7 263
196 24 33 119
196 35 49 173
196 36 28 161
196 44 38 7
196 55 25 255
196 66 47 151
196 68 10 150
196 70 55 75
196 76 22 152
197 1 1 26
197 3 7 182
197 6 13 2
197 11 34 270
197 19 28 74
197 20 49 6
197 24 43 264
197 25 38 269
197 27 10 271
197 34 47 289
197 36 25 161
197 57 52 223
197 58 17 75
197 64 41 47
197 79 55 135
198 5 51 286
198 7 13 204
198 10 19 116
198 14 7 275
198 16 43 281
198 30 56 87
198 31 31 88
198 36 4 4
198 63 25 234
198 67 37 28
198 69 49 200
198 79 28 121
199 1 25 90
199 11 1 185
199 17 57 162
199 18 49 128
199 24 37 192
199 43 53 201
199 47 16 83
199 56 19 157
199 60 10 220
199 63 4 108
199 72 23 52
199 73 34 81
199 76 47 152
199 78 43 9
199 79 7 39
200 11 31 270
200 20 34 263
200 27 59 287
200 31 55 225
200 35 20 36
200 37 43 238
200 46 10 265
200 48 4 101
200 52 7 149
200 54 49 42
200 56 25 223
200 59 39 285
200 67 13 28
200 72 37 24
200 79 1 39
Điểm tối ưu: 2948
Thời gian: 359.921185 giây
Trạng thái: VALID
