653
1 1 4 47
1 2 33 18
1 3 25 1
1 4 1 19
1 7 19 67
1 13 7 46
1 14 52 51
1 15 10 45
1 17 29 5
1 18 44 26
1 19 13 55
1 20 16 60
2 1 43 2
2 2 46 36
2 3 25 41
2 6 13 44
2 7 56 67
2 8 37 33
2 9 19 30
2 10 23 4
2 14 34 7
2 15 16 12
2 16 31 72
2 19 3 55
2 20 10 60
3 1 25 47
3 3 13 65
3 5 55 31
3 6 3 25
3 8 19 33
3 9 31 14
3 10 1 4
3 11 43 9
3 12 49 26
3 14 28 51
3 16 17 72
3 17 39 5
3 18 8 63
3 19 23 28
3 20 52 60
4 1 1 47
4 3 32 41
4 4 59 19
4 8 43 33
4 10 27 4
4 12 4 24
4 13 19 46
4 14 49 7
4 15 7 12
4 17 11 5
4 18 55 26
4 19 14 28
4 20 16 56
5 1 25 40
5 2 19 18
5 3 37 41
5 4 3 19
5 5 28 31
5 7 21 61
5 8 44 59
5 9 7 30
5 13 13 46
5 14 58 7
5 15 52 39
5 17 1 25
5 18 31 42
5 19 11 28
5 20 49 60
6 1 58 2
6 2 27 36
6 3 7 41
6 4 25 19
6 5 1 31
6 7 19 61
6 8 13 13
6 9 50 49
6 12 43 24
6 14 31 51
6 15 21 10
6 17 17 5
6 20 4 60
7 1 16 40
7 2 7 36
7 3 3 65
7 4 33 19
7 7 35 61
7 8 49 68
7 9 25 30
7 10 21 4
7 11 38 17
7 14 13 7
7 15 46 10
7 16 1 72
7 17 9 5
7 18 55 42
8 1 19 2
8 2 31 36
8 3 25 65
8 4 29 19
8 5 10 31
8 6 37 44
8 7 7 61
8 8 55 33
8 9 14 30
8 10 5 4
8 11 49 71
8 15 43 45
8 16 33 72
8 18 1 42
9 1 58 47
9 6 46 25
9 7 17 61
9 8 19 68
9 9 39 49
9 11 9 9
9 14 52 7
9 16 7 72
9 17 37 5
9 18 1 63
9 19 14 35
9 20 25 15
10 1 13 40
10 2 3 36
10 4 17 19
10 5 19 31
10 6 25 25
10 10 55 4
10 11 57 17
10 14 46 7
10 15 28 22
10 17 41 5
10 18 37 63
10 19 23 35
10 20 10 15
11 1 22 47
11 2 17 18
11 4 35 19
11 5 4 31
11 7 2 67
11 8 7 33
11 9 13 14
11 10 40 4
11 11 49 9
11 12 31 24
11 14 25 51
11 15 37 45
11 16 20 72
11 19 11 55
11 20 28 60
12 2 50 18
12 4 13 19
12 6 28 44
12 8 21 13
12 9 38 14
12 10 10 4
12 12 1 24
12 13 31 46
12 14 4 51
12 16 55 72
12 17 57 25
12 18 44 42
12 19 52 35
12 20 34 15
13 1 9 47
13 2 23 18
13 3 13 41
13 4 57 19
13 6 49 25
13 7 7 67
13 8 25 59
13 9 1 49
13 11 19 9
13 12 34 24
13 14 40 51
13 16 47 72
13 19 17 35
13 20 31 56
14 1 49 2
14 2 5 36
14 3 19 41
14 6 31 25
14 7 9 61
14 9 1 14
14 10 43 4
14 11 55 71
14 14 34 51
14 15 45 22
14 16 27 72
14 17 15 5
14 19 7 35
14 20 38 15
15 2 56 18
15 3 19 65
15 4 41 19
15 5 13 31
15 6 10 25
15 8 31 59
15 9 43 49
15 11 2 17
15 13 52 44
15 15 16 22
15 17 27 5
15 18 37 26
15 19 29 35
15 20 7 60
16 1 31 47
16 3 50 65
16 6 34 25
16 7 39 61
16 8 1 13
16 11 20 71
16 12 55 24
16 14 43 51
16 15 10 12
16 16 15 72
16 18 25 42
16 19 5 55
16 20 7 15
17 1 22 2
17 2 9 36
17 3 15 1
17 4 19 19
17 6 49 44
17 7 53 61
17 8 38 13
17 10 13 4
17 12 46 24
17 13 55 46
17 15 4 39
17 16 43 72
17 20 58 60
18 3 31 1
18 4 49 19
18 7 11 67
18 9 43 30
18 10 17 4
18 12 4 26
18 13 22 46
18 14 55 7
18 15 1 39
18 16 13 72
18 17 7 5
18 19 35 35
18 20 25 56
19 1 19 47
19 3 55 41
19 4 5 19
19 5 40 31
19 6 13 25
19 7 1 61
19 8 7 13
19 10 38 4
19 13 25 46
19 14 16 7
19 18 49 63
19 19 3 35
20 1 34 2
20 2 27 18
20 3 1 1
20 4 51 19
20 5 16 31
20 6 58 44
20 9 21 49
20 10 19 4
20 12 10 24
20 15 7 39
20 16 49 72
20 17 43 5
20 19 29 55
20 20 13 56
21 1 46 2
21 2 43 18
21 6 37 25
21 7 4 67
21 8 49 13
21 10 53 4
21 11 31 17
21 12 28 24
21 14 16 51
21 15 9 10
21 16 41 72
21 18 19 63
21 19 7 55
21 20 1 15
22 1 16 2
22 2 5 18
22 4 55 19
22 5 22 31
22 6 1 44
22 8 57 59
22 9 7 14
22 10 33 4
22 12 52 26
22 14 13 51
22 15 27 12
22 16 25 72
22 17 45 5
22 19 19 28
23 2 14 18
23 3 45 1
23 4 7 19
23 6 40 25
23 7 5 61
23 9 1 30
23 10 57 4
23 11 9 71
23 12 19 24
23 15 22 12
23 17 51 5
23 19 16 28
24 1 28 47
24 2 21 18
24 3 49 1
24 4 31 19
24 5 7 31
24 6 55 44
24 10 35 4
24 11 43 17
24 13 16 46
24 14 1 51
24 19 4 28
24 20 13 15
25 1 10 2
25 3 20 1
25 5 43 31
25 6 7 44
25 7 25 67
25 9 49 30
25 12 1 26
25 13 37 46
25 14 31 7
25 15 40 45
25 17 53 5
25 18 55 63
25 19 27 28
25 20 34 56
26 1 7 2
26 2 10 18
26 4 41 71
26 10 15 4
26 11 33 9
26 12 52 24
26 14 49 51
26 15 25 45
26 16 45 72
26 17 31 5
26 18 19 26
26 19 38 55
27 1 3 2
27 2 25 18
27 4 53 19
27 6 43 44
27 8 55 68
27 9 13 49
27 11 8 17
27 12 34 26
27 13 28 46
27 15 46 39
27 16 39 72
27 17 1 5
27 18 20 42
27 19 17 55
28 1 13 47
28 3 37 65
28 4 43 19
28 5 58 31
28 6 34 44
28 7 32 61
28 8 25 33
28 9 7 49
28 10 47 4
28 11 49 17
28 12 16 26
28 13 1 46
28 20 55 60
29 1 55 2
29 2 13 36
29 3 38 1
29 4 5 71
29 5 52 31
29 7 22 67
29 8 43 68
29 14 10 7
29 15 1 10
29 17 34 5
29 20 28 15
30 1 52 47
30 2 41 18
30 3 26 68
30 4 15 19
30 8 1 33
30 9 55 14
30 11 37 71
30 14 21 51
30 15 31 39
30 17 47 5
30 18 7 26
30 19 19 35
30 20 34 60
31 1 28 2
31 2 23 36
31 3 44 41
31 7 25 61
31 8 51 59
31 10 49 4
31 11 13 9
31 14 37 7
31 15 31 45
31 16 57 72
31 18 7 42
31 19 1 55
31 20 20 60
32 1 22 40
32 2 2 18
32 3 43 65
32 6 19 44
32 7 29 61
32 8 7 59
32 9 55 30
32 11 25 17
32 12 49 24
32 13 40 46
32 16 5 72
32 17 13 5
32 18 15 42
32 19 31 35
33 1 33 40
33 2 1 36
33 3 14 68
33 5 46 31
33 6 25 44
33 7 23 61
33 9 49 14
33 13 58 46
33 14 4 7
33 15 28 10
33 16 37 72
33 19 7 28
34 1 34 47
34 2 41 36
34 4 9 19
34 6 52 25
34 7 3 61
34 8 37 59
34 9 25 49
34 11 14 71
34 12 31 26
34 13 49 46
34 15 21 45
34 17 19 5
34 19 1 28
34 20 43 56
35 1 52 2
35 2 31 18
35 4 47 19
35 5 49 31
35 6 10 44
35 9 43 14
35 11 14 17
35 13 34 46
35 14 25 7
35 15 28 39
35 16 3 72
35 17 56 5
35 19 21 35
36 1 40 2
36 4 43 71
36 6 22 44
36 7 29 67
36 9 32 49
36 12 37 24
36 13 52 46
36 14 9 51
36 15 13 45
36 18 25 63
36 19 20 55
37 1 37 2
37 2 49 36
37 3 55 1
37 7 9 67
37 8 27 13
37 11 45 71
37 12 13 24
37 14 22 7
37 15 4 45
37 17 25 5
37 18 32 63
37 19 1 35
37 20 40 60
38 2 43 36
38 3 55 65
38 4 29 71
38 6 46 44
38 7 11 61
38 8 13 33
38 10 3 4
38 11 25 9
38 12 7 24
38 14 37 51
38 15 19 22
38 16 51 72
38 17 49 5
38 20 31 60
39 1 25 2
39 2 29 36
39 5 34 31
39 6 7 25
39 7 46 61
39 8 13 59
39 9 37 30
39 14 43 7
39 15 1 12
39 16 22 72
39 20 31 15
40 1 31 2
40 2 11 36
40 3 7 68
40 4 37 19
40 8 2 59
40 9 55 49
40 11 25 71
40 12 22 24
40 13 43 46
40 15 16 45
40 20 13 60
41 1 55 47
41 2 17 36
41 3 7 65
41 6 31 44
41 7 14 67
41 8 43 13
41 11 37 9
41 12 25 26
41 13 4 44
41 14 1 7
41 16 11 72
41 17 58 5
41 20 19 15
42 2 35 18
42 3 31 65
42 5 25 31
42 7 41 61
42 10 59 4
42 11 1 9
42 12 28 26
42 13 46 46
42 14 55 51
42 16 9 72
42 17 23 5
42 19 21 28
42 20 37 60
43 1 37 47
43 2 15 36
43 4 11 19
43 6 43 25
43 7 27 61
43 8 50 33
43 10 8 4
43 11 19 17
43 12 40 24
43 15 31 22
43 16 59 72
43 17 5 5
43 20 1 60
44 1 45 47
44 2 37 18
44 3 7 1
44 6 16 44
44 8 32 33
44 9 19 14
44 12 25 24
44 13 40 44
44 14 28 7
44 17 59 25
44 18 49 42
44 19 23 55
44 20 4 15
45 1 49 47
45 2 7 18
45 3 31 68
45 4 27 19
45 6 19 25
45 7 15 61
45 8 37 68
45 10 45 4
45 11 1 71
45 14 58 51
45 15 10 22
45 16 29 72
45 19 5 35
46 1 16 47
46 2 19 36
46 3 1 68
46 4 39 19
46 6 22 25
46 7 49 61
46 9 31 30
46 14 7 7
46 16 53 72
46 19 10 35
46 20 28 56
47 1 40 47
47 2 25 36
47 4 22 19
47 5 37 31
47 7 17 67
47 10 29 4
47 11 33 71
47 12 58 24
47 13 10 46
47 14 19 7
47 15 7 22
47 17 3 5
47 18 13 63
48 2 33 36
48 3 49 41
48 4 7 71
48 7 13 61
48 8 20 59
48 10 31 4
48 12 16 24
48 14 40 7
48 15 1 45
48 17 55 25
48 18 43 63
48 19 25 35
48 20 4 56
49 1 13 2
49 3 1 41
49 4 45 19
49 6 16 25
49 7 35 67
49 8 31 13
49 9 25 14
49 10 51 4
49 11 55 9
49 15 7 45
49 18 37 42
49 20 22 15
50 1 1 40
50 2 52 36
50 5 31 31
50 6 28 25
50 7 37 61
50 8 55 13
50 10 25 4
50 12 13 26
50 13 4 46
50 14 46 51
50 15 49 12
50 16 35 72
50 17 21 5
50 20 7 56
Điểm tối ưu: 653
Thời gian: 89.951931 giây
Trạng thái: VALID
