762
1 3 55 56
1 6 59 28
1 9 45 116
1 12 9 95
1 14 4 8
1 15 43 106
1 16 22 25
1 21 50 53
1 26 27 13
1 29 13 83
2 9 58 116
2 12 1 80
2 14 50 8
2 15 35 106
2 17 46 73
2 19 26 111
2 25 37 103
2 28 19 117
2 31 8 67
3 6 37 52
3 7 19 23
3 9 35 116
3 10 58 24
3 11 13 45
3 14 25 95
3 15 53 106
3 27 31 98
4 1 5 6
4 7 31 23
4 9 9 64
4 11 55 45
4 15 1 106
4 16 52 25
4 24 25 59
4 30 19 94
5 6 33 52
5 10 43 24
5 13 8 51
5 15 11 106
5 21 52 84
5 23 35 7
5 26 13 13
5 28 40 117
5 30 46 79
5 32 3 43
6 1 23 15
6 3 45 56
6 6 19 52
6 9 39 116
6 12 21 80
6 18 16 47
6 28 49 117
6 29 57 69
7 1 19 63
7 13 37 108
7 16 13 25
7 25 4 103
7 29 8 83
7 30 44 94
7 31 33 10
8 1 1 63
8 6 3 28
8 8 50 6
8 9 26 116
8 10 46 24
8 13 44 37
8 14 40 95
8 15 5 106
8 21 7 55
8 29 20 83
8 30 37 94
9 6 31 52
9 7 13 23
9 9 47 64
9 12 53 80
9 13 40 51
9 23 58 7
9 30 9 94
10 1 29 63
10 3 59 56
10 5 37 54
10 9 41 116
10 12 13 95
10 15 47 106
10 17 9 62
10 18 52 47
10 20 20 77
10 21 25 53
11 7 59 23
11 14 38 85
11 18 25 47
11 19 31 111
11 27 19 28
11 30 28 94
11 31 3 67
11 32 49 43
12 3 25 56
12 5 45 75
12 9 49 64
12 20 38 77
12 21 2 91
12 27 55 28
12 29 7 118
12 30 16 94
13 1 35 63
13 4 8 49
13 8 31 6
13 9 13 64
13 17 16 62
13 29 19 118
13 30 49 79
13 31 47 67
13 32 43 43
14 1 25 63
14 3 31 56
14 5 50 75
14 9 3 64
14 14 44 8
14 15 13 106
14 16 34 25
14 19 55 111
14 25 40 103
15 1 47 63
15 3 9 56
15 6 1 28
15 7 21 23
15 9 11 116
15 12 19 95
15 17 28 62
15 19 15 111
15 20 55 77
15 24 32 59
15 31 39 10
16 3 7 13
16 9 9 116
16 13 11 108
16 14 38 8
16 17 19 73
16 30 4 94
17 1 5 63
17 3 49 56
17 5 14 54
17 6 45 28
17 11 34 45
17 13 10 96
17 15 7 106
17 30 31 94
17 31 3 10
18 3 21 13
18 6 35 52
18 7 53 23
18 12 15 95
18 15 39 106
18 17 1 73
18 21 8 53
18 22 55 76
18 31 43 67
19 3 27 56
19 5 33 54
19 7 45 23
19 9 23 116
19 13 55 37
19 17 57 62
19 23 49 7
19 25 13 103
19 27 39 28
20 1 50 15
20 7 37 23
20 12 39 80
20 14 27 8
20 15 41 106
20 23 33 7
20 29 56 5
20 30 1 79
21 1 17 63
21 3 43 56
21 5 2 54
21 6 46 52
21 15 31 106
21 28 52 117
21 29 21 81
21 30 13 94
21 31 28 67
22 1 11 63
22 6 29 52
22 8 38 6
22 11 19 45
22 12 59 80
22 17 51 62
22 20 45 77
22 28 1 117
23 2 33 23
23 3 11 56
23 4 2 49
23 6 59 52
23 13 37 51
23 17 43 64
23 19 39 111
23 24 14 59
23 29 51 81
23 30 25 94
23 31 46 10
23 32 55 43
24 1 1 90
24 4 33 49
24 5 26 75
24 6 55 52
24 9 3 116
24 12 31 95
24 14 44 85
24 18 7 47
24 25 49 103
24 27 14 98
24 29 37 83
24 31 5 10
24 32 20 43
25 6 15 52
25 9 53 116
25 13 51 108
25 17 56 73
25 19 7 111
25 21 32 53
25 22 38 76
26 1 56 63
26 6 47 28
26 9 7 64
26 11 40 45
26 12 37 80
26 13 1 51
26 17 26 64
26 21 43 53
26 22 13 76
26 28 4 117
26 29 20 102
26 30 34 94
27 1 16 15
27 3 23 13
27 5 45 54
27 6 1 52
27 9 20 116
27 12 10 80
27 13 39 108
27 14 28 85
27 17 3 62
27 18 55 47
27 22 49 76
28 13 27 51
28 14 14 85
28 17 21 62
28 18 43 47
28 21 56 91
28 23 17 7
28 25 7 103
28 26 41 13
28 27 51 28
28 29 33 83
28 31 10 10
29 1 13 63
29 3 16 56
29 6 50 52
29 7 43 23
29 9 37 116
29 10 25 24
29 14 21 8
29 16 40 25
29 26 1 13
29 27 55 98
29 28 46 117
30 1 59 63
30 7 41 23
30 9 43 116
30 11 31 45
30 12 11 95
30 15 29 106
30 16 16 25
30 17 51 10
30 23 37 7
30 29 55 81
30 32 7 43
31 1 40 63
31 6 37 28
31 9 5 64
31 10 1 24
31 12 26 80
31 14 7 85
31 15 55 106
31 16 49 25
31 18 10 47
31 21 16 91
31 26 43 13
31 29 45 83
31 30 58 79
31 31 31 67
32 3 39 56
32 6 21 52
32 7 23 23
32 15 51 106
32 16 55 25
32 21 26 101
32 25 46 103
32 28 13 117
32 31 49 67
33 1 49 63
33 6 23 28
33 7 47 23
33 12 35 80
33 15 21 106
33 16 58 25
33 21 8 91
33 25 16 103
34 3 51 56
34 5 19 75
34 6 44 52
34 9 37 64
34 14 55 95
34 17 9 73
34 18 13 47
34 23 25 7
34 31 59 67
35 5 57 54
35 6 13 52
35 12 23 95
35 13 25 108
35 20 31 77
35 21 38 53
35 23 41 7
35 29 27 102
35 30 4 79
36 7 51 23
36 8 56 6
36 12 7 95
36 21 4 101
36 23 27 7
36 26 11 13
36 28 34 117
36 29 13 118
36 30 40 94
37 1 15 63
37 2 55 23
37 3 1 56
37 9 29 116
37 10 22 24
37 12 4 95
37 13 7 37
37 14 9 8
37 15 49 106
37 23 51 7
37 26 45 13
37 29 33 5
38 1 55 15
38 3 7 56
38 10 40 24
38 11 37 45
38 14 25 85
38 21 14 84
38 22 43 76
38 26 19 13
38 28 31 117
38 29 3 118
38 30 52 79
39 1 27 15
39 3 29 56
39 10 16 24
39 12 1 95
39 13 58 108
39 15 3 106
39 28 55 117
39 31 8 10
40 6 27 52
40 11 52 45
40 12 21 95
40 13 29 51
40 14 34 8
40 15 37 106
40 23 56 7
40 26 15 13
40 29 3 102
40 30 43 79
41 3 14 56
41 5 49 54
41 6 11 52
41 7 1 23
41 14 57 85
41 16 7 25
41 17 27 10
41 26 17 13
41 27 3 98
41 31 19 67
42 1 23 84
42 3 57 56
42 6 7 52
42 13 31 108
42 14 52 85
42 15 33 106
42 17 16 64
42 21 10 84
42 24 2 59
42 25 43 103
42 26 49 13
42 32 26 43
43 2 27 23
43 4 44 49
43 9 16 116
43 10 19 24
43 17 58 10
43 21 31 91
43 27 8 98
43 28 37 117
43 29 2 5
43 30 49 94
43 31 22 67
44 4 27 49
44 7 17 23
44 10 34 24
44 11 22 45
44 17 37 73
44 18 19 47
44 19 43 111
44 25 55 103
44 26 9 13
44 30 13 79
45 11 7 45
45 12 49 80
45 13 2 101
45 14 15 8
45 16 52 24
45 18 31 47
45 21 46 53
45 22 25 76
45 30 19 79
45 31 23 10
46 4 19 49
46 6 29 28
46 8 44 6
46 10 4 24
46 12 14 80
46 23 23 7
46 25 52 103
46 27 25 28
46 29 8 102
47 1 7 84
47 10 13 24
47 14 49 85
47 15 17 106
47 17 4 73
47 21 1 53
47 29 9 81
47 30 25 79
48 1 4 15
48 4 39 49
48 10 49 24
48 12 7 80
48 16 31 25
48 20 15 77
48 23 11 7
48 28 22 117
48 30 1 94
49 4 55 49
49 9 1 116
49 14 28 95
49 17 31 73
49 23 3 7
49 27 44 98
49 29 7 5
49 32 39 43
50 1 38 63
50 5 8 75
50 11 4 45
50 12 45 95
50 14 57 8
50 26 25 13
50 27 15 28
50 29 33 118
51 6 43 28
51 8 1 6
51 10 31 24
51 12 51 80
51 16 25 25
51 21 46 91
51 22 7 76
51 23 5 7
51 25 19 103
51 26 37 13
51 29 13 102
51 31 11 67
52 1 19 15
52 11 58 45
52 18 22 47
52 22 1 76
52 27 37 98
52 30 52 94
52 31 49 10
53 1 9 63
53 3 53 13
53 6 25 52
53 9 11 64
53 12 47 80
53 14 2 85
53 16 28 24
53 17 43 62
54 3 5 13
54 4 49 49
54 5 20 54
54 12 43 95
54 13 13 108
54 14 31 85
54 15 15 106
54 18 1 47
54 23 9 7
54 29 26 83
54 31 34 67
55 1 5 84
55 6 35 28
55 9 19 64
55 12 47 95
55 17 32 62
55 20 8 77
55 23 39 7
55 27 25 98
55 29 1 83
55 30 22 94
55 31 16 67
56 1 41 15
56 5 57 75
56 6 49 28
56 8 14 6
56 9 31 116
56 12 23 80
56 13 4 37
56 15 9 106
56 17 43 10
56 21 1 84
56 23 21 7
56 28 28 117
57 1 23 63
57 9 5 116
57 12 57 80
57 13 51 51
57 15 27 106
57 17 40 64
57 30 31 79
58 6 39 52
58 7 49 23
58 8 9 6
58 11 46 45
58 12 32 80
58 13 2 96
58 14 34 85
58 17 43 73
58 21 13 91
58 22 19 76
58 23 53 7
58 30 28 79
59 3 20 56
59 12 16 80
59 18 46 47
59 20 50 77
59 21 4 53
59 25 1 103
59 27 7 28
59 31 14 67
59 32 33 43
60 1 53 15
60 7 15 23
60 9 47 116
60 12 4 80
60 17 38 62
60 18 34 47
60 20 25 77
60 21 21 91
60 23 29 7
60 24 9 59
60 25 58 103
61 1 44 15
61 8 20 6
61 9 33 116
61 10 55 24
61 13 16 108
61 26 35 13
61 29 1 69
61 31 25 67
62 3 37 56
62 6 11 28
62 13 4 108
62 16 1 25
62 17 25 73
62 18 58 47
62 23 7 7
62 30 22 79
63 1 25 90
63 3 22 56
63 5 38 75
63 6 5 28
63 9 49 116
63 12 43 80
63 15 19 106
63 17 13 62
63 28 16 117
63 29 45 118
63 30 34 79
63 31 55 67
64 1 35 6
64 3 33 56
64 9 51 116
64 13 11 51
64 14 1 8
64 16 4 25
64 17 28 73
64 24 19 59
64 25 25 103
64 28 7 117
65 1 7 15
65 5 3 75
65 6 57 52
65 9 55 116
65 10 10 24
65 17 15 73
65 19 51 111
65 21 34 91
65 23 1 7
65 30 39 79
66 11 49 45
66 12 17 95
66 13 14 37
66 15 57 106
66 17 34 73
66 19 19 111
66 23 47 7
66 26 29 13
66 31 1 67
67 1 33 63
67 3 41 56
67 5 7 54
67 6 23 52
67 13 1 108
67 15 25 106
67 26 31 13
67 27 49 98
67 28 58 117
68 1 3 90
68 3 47 56
68 5 32 75
68 6 5 52
68 9 1 64
68 14 19 85
68 21 14 53
69 3 3 56
69 6 13 28
69 10 7 24
69 12 45 80
69 14 22 85
69 18 37 47
69 24 56 59
69 26 51 13
69 28 25 117
69 30 10 79
70 12 29 80
70 13 11 37
70 16 43 25
70 20 1 77
70 24 38 59
70 25 22 103
70 27 31 28
70 29 7 69
70 32 14 43
71 11 43 45
71 12 41 80
71 16 10 25
71 17 22 73
71 19 2 111
71 25 28 103
71 26 47 13
71 30 7 79
71 31 52 67
72 1 7 6
72 11 16 45
72 17 20 10
72 21 43 55
72 22 33 76
72 23 31 7
72 26 39 13
72 28 10 117
72 29 50 5
72 30 55 79
73 3 5 56
73 6 9 52
73 8 26 6
73 9 53 64
73 11 1 45
73 12 55 80
73 14 31 8
73 16 37 25
73 21 49 91
73 23 19 7
73 24 44 59
73 25 34 103
73 27 21 98
74 1 3 63
74 3 56 13
74 5 26 54
74 6 17 52
74 9 7 116
74 12 34 95
74 14 10 85
74 21 20 53
74 23 14 7
74 26 58 13
75 5 13 75
75 6 41 52
75 7 8 23
75 9 23 64
75 14 52 95
75 16 19 25
75 18 49 47
75 25 10 103
75 26 33 13
75 29 25 69
75 30 55 94
76 3 3 13
76 7 39 23
76 12 59 95
76 13 23 51
76 17 55 10
76 25 31 103
76 31 5 67
77 4 13 49
77 9 21 64
77 11 10 45
77 12 38 95
77 15 23 106
77 17 50 73
77 18 4 47
77 21 25 91
78 1 1 15
78 3 35 56
78 10 37 24
78 12 49 95
78 15 45 106
78 16 28 25
78 17 25 62
78 18 40 47
78 29 3 81
79 2 3 23
79 6 52 52
79 7 25 23
79 9 13 116
79 12 19 80
79 15 59 106
79 17 40 73
79 18 28 47
79 21 43 7
79 30 16 79
80 3 53 56
80 6 3 52
80 7 10 23
80 11 27 45
80 16 46 25
80 17 16 10
80 21 37 91
80 24 49 59
80 28 43 117
80 30 58 94
Điểm tối ưu: 762
Thời gian: 180.013981 giây
Trạng thái: VALID
