2156
1 5 9 87
1 6 13 162
1 17 43 123
1 18 51 103
1 20 5 166
1 22 19 74
1 24 1 196
1 25 7 224
1 33 59 27
1 42 22 77
1 45 25 102
1 49 37 95
1 51 34 160
1 56 31 215
1 59 55 59
2 5 29 87
2 8 59 134
2 10 52 197
2 13 7 116
2 15 40 176
2 20 43 165
2 22 31 13
2 31 21 200
2 34 19 80
2 35 25 20
2 36 49 126
2 41 1 220
2 45 55 37
2 47 45 96
2 59 13 143
3 2 14 225
3 9 43 146
3 15 55 207
3 24 49 196
3 25 1 47
3 29 32 157
3 32 3 140
3 34 5 40
3 35 8 20
3 37 38 195
3 38 19 176
3 40 16 151
3 44 25 6
3 51 22 107
3 58 45 185
4 4 43 193
4 5 16 7
4 11 51 48
4 12 55 32
4 13 2 29
4 14 23 157
4 15 10 207
4 20 13 165
4 21 32 67
4 25 58 135
4 26 7 167
4 40 37 151
4 45 19 68
4 49 25 154
4 60 28 52
5 14 53 192
5 17 56 195
5 20 33 165
5 23 39 80
5 26 13 105
5 28 7 112
5 31 2 80
5 32 25 140
5 35 45 2
5 37 49 195
5 44 27 71
5 51 20 160
5 58 11 185
5 60 16 182
6 3 27 7
6 5 5 87
6 9 45 152
6 10 20 197
6 16 1 31
6 17 7 38
6 19 17 193
6 20 25 166
6 24 13 4
6 27 38 133
6 40 34 97
6 44 49 170
6 47 58 96
6 52 11 34
7 4 13 209
7 8 26 134
7 9 53 146
7 20 29 165
7 27 43 10
7 28 2 112
7 33 21 212
7 40 7 178
7 41 49 220
7 42 31 81
7 47 37 96
7 50 56 43
7 51 58 4
7 53 34 69
7 60 4 182
8 1 13 93
8 3 7 194
8 8 31 134
8 12 41 95
8 14 27 192
8 17 2 72
8 18 19 66
8 26 52 223
8 32 39 140
8 38 34 176
8 39 23 175
8 43 16 137
8 50 11 43
8 53 46 151
9 1 1 144
9 5 11 87
9 9 58 152
9 18 41 108
9 24 13 196
9 29 37 198
9 30 8 57
9 31 26 207
9 33 35 27
9 37 22 222
9 45 31 115
9 53 43 73
9 55 19 15
9 56 52 83
9 60 4 62
10 2 25 225
10 9 47 152
10 13 31 116
10 15 50 39
10 19 5 61
10 21 13 67
10 23 27 155
10 27 1 10
10 39 53 175
10 40 44 178
10 41 21 181
10 44 38 71
10 48 7 75
10 58 58 185
11 1 28 144
11 4 39 24
11 13 15 64
11 15 57 39
11 18 8 103
11 20 11 166
11 22 43 205
11 33 37 212
11 40 50 97
11 41 31 220
11 48 2 201
11 53 19 151
11 55 46 1
11 60 22 182
12 11 43 48
12 14 1 192
12 22 22 74
12 30 16 104
12 40 10 178
12 41 25 220
12 42 7 33
12 44 3 6
12 45 49 171
12 47 13 96
12 50 41 43
12 52 29 160
12 55 56 1
12 60 19 62
13 1 28 93
13 3 33 194
13 6 49 219
13 9 31 146
13 15 13 98
13 16 58 31
13 19 5 193
13 22 25 44
13 36 16 126
13 40 2 178
13 41 37 113
13 45 19 102
13 46 10 187
13 51 46 107
13 55 43 32
14 2 23 143
14 14 11 201
14 16 34 28
14 24 3 36
14 25 1 224
14 32 55 140
14 39 51 6
14 40 25 178
14 41 13 221
14 43 57 137
14 44 19 18
14 48 43 99
14 50 9 43
14 51 37 107
14 53 28 69
15 1 25 144
15 4 51 209
15 5 34 87
15 6 14 142
15 13 55 133
15 15 31 176
15 22 28 74
15 30 41 104
15 35 19 2
15 37 1 195
15 41 37 220
15 42 43 33
15 43 8 35
15 49 4 95
15 58 49 185
16 1 34 93
16 9 19 152
16 14 37 192
16 16 43 28
16 17 7 72
16 18 59 52
16 20 15 166
16 27 55 90
16 30 53 57
16 38 47 182
16 39 32 191
16 40 28 151
16 49 4 184
16 53 25 209
16 59 21 129
17 2 50 225
17 5 47 87
17 14 17 192
17 17 43 72
17 18 20 52
17 25 29 135
17 26 26 167
17 28 15 41
17 30 13 57
17 33 9 27
17 40 58 171
17 49 32 184
17 53 40 69
17 58 11 175
17 60 37 62
18 5 16 210
18 8 22 50
18 11 38 14
18 13 56 49
18 17 2 123
18 19 20 61
18 20 35 166
18 23 31 155
18 27 44 133
18 33 14 27
18 42 52 81
18 48 25 174
18 49 7 95
18 51 49 160
18 60 10 62
19 2 3 180
19 8 27 50
19 11 19 5
19 18 17 52
19 28 40 112
19 32 23 140
19 40 31 97
19 41 43 221
19 42 13 33
19 44 7 13
19 47 5 96
19 50 11 147
19 52 52 34
20 9 25 146
20 12 17 95
20 18 27 103
20 19 19 106
20 20 53 165
20 22 50 175
20 23 21 177
20 26 34 158
20 32 57 140
20 35 45 20
20 44 9 170
20 47 15 96
20 49 31 79
20 51 2 107
20 52 39 45
21 2 55 225
21 3 44 179
21 5 17 87
21 18 31 108
21 22 28 44
21 25 23 47
21 29 2 173
21 33 25 27
21 34 49 40
21 41 8 221
21 42 52 33
21 43 20 202
21 48 37 99
21 51 58 107
21 54 13 78
22 3 45 147
22 7 14 70
22 14 21 192
22 18 34 103
22 19 10 61
22 27 1 90
22 28 31 112
22 32 53 170
22 39 51 191
22 41 37 221
22 49 56 184
22 50 5 90
22 52 19 45
22 57 25 11
23 2 29 225
23 6 44 216
23 10 14 197
23 12 3 32
23 29 38 180
23 32 49 140
23 35 31 2
23 37 7 195
23 40 51 190
23 42 10 33
23 47 25 96
23 55 22 1
23 59 55 60
23 60 19 182
24 1 28 81
24 2 17 225
24 6 19 125
24 13 13 53
24 18 11 174
24 20 31 165
24 22 2 74
24 23 43 207
24 26 52 167
24 27 33 90
24 35 7 100
24 36 37 83
24 37 25 222
24 52 58 34
25 2 41 225
25 11 9 132
25 19 46 61
25 24 50 9
25 27 13 59
25 33 31 27
25 34 33 80
25 36 27 126
25 42 37 33
25 44 20 6
25 52 7 45
25 53 43 199
25 54 1 89
25 59 3 143
26 4 31 209
26 9 13 146
26 12 50 95
26 16 4 31
26 25 43 135
26 36 19 58
26 38 2 176
26 40 55 178
26 41 8 181
26 46 46 186
26 54 17 123
26 56 22 8
26 58 15 30
26 59 25 59
27 2 1 180
27 3 7 147
27 4 19 193
27 6 55 142
27 16 31 28
27 25 49 135
27 26 13 223
27 28 34 112
27 33 25 212
27 34 17 80
27 35 38 2
27 42 52 77
27 47 3 96
27 50 29 43
27 58 23 185
28 1 46 144
28 9 49 146
28 13 27 64
28 15 19 206
28 22 31 66
28 23 14 155
28 29 51 203
28 35 55 2
28 45 38 52
28 51 10 160
28 53 43 151
28 55 7 1
28 59 1 59
28 60 22 62
29 3 2 147
29 12 11 32
29 14 17 201
29 16 31 31
29 17 13 28
29 19 26 106
29 20 43 166
29 23 57 155
29 26 40 223
29 27 7 133
29 30 55 57
29 35 49 108
29 49 46 184
29 56 19 215
29 58 34 185
30 1 16 144
30 4 43 16
30 12 13 95
30 13 56 131
30 21 37 67
30 26 49 223
30 28 32 41
30 32 41 140
30 36 10 58
30 42 19 77
30 49 1 79
30 52 27 45
30 56 52 8
30 58 8 185
31 6 20 162
31 10 3 197
31 12 1 171
31 13 43 131
31 16 55 31
31 19 15 193
31 23 49 113
31 24 25 196
31 33 33 27
31 40 58 178
31 42 40 33
31 50 31 43
31 52 37 45
31 54 35 137
31 55 10 1
32 4 55 16
32 6 3 142
32 8 35 50
32 10 40 197
32 28 28 112
32 29 44 180
32 32 1 140
32 38 15 176
32 39 31 6
32 42 10 77
32 45 49 37
32 49 20 184
32 50 25 43
32 52 23 45
32 60 7 62
33 8 5 50
33 10 58 74
33 17 50 123
33 18 25 103
33 19 34 61
33 24 37 196
33 25 46 135
33 26 9 105
33 33 7 212
33 41 20 220
33 42 2 77
33 52 29 45
33 56 31 8
33 58 15 185
34 7 27 70
34 12 1 32
34 16 37 31
34 17 13 195
34 22 7 44
34 31 49 210
34 35 20 108
34 36 10 148
34 44 57 170
34 45 33 95
34 46 46 187
34 49 40 59
34 51 43 4
34 56 3 8
35 9 7 146
35 13 19 155
35 16 55 28
35 17 39 38
35 23 13 26
35 27 43 90
35 29 25 157
35 31 9 127
35 32 29 170
35 46 34 187
35 48 2 18
35 49 58 79
35 51 31 160
35 54 37 89
35 59 50 59
36 2 1 225
36 4 19 209
36 5 5 67
36 6 39 216
36 7 57 70
36 13 45 29
36 14 3 157
36 22 25 175
36 33 9 212
36 38 50 49
36 41 32 181
36 47 7 96
36 50 53 43
36 58 11 30
36 60 16 62
37 2 39 225
37 3 33 39
37 14 14 192
37 15 25 39
37 16 8 31
37 18 31 103
37 20 19 166
37 22 46 74
37 31 1 207
37 36 16 58
37 44 21 71
37 46 49 187
37 51 58 160
37 55 28 15
38 1 7 81
38 3 49 73
38 8 15 134
38 11 1 82
38 17 19 72
38 19 41 61
38 20 38 166
38 28 34 41
38 34 55 40
38 38 29 49
38 39 5 191
38 44 43 190
38 48 57 99
38 49 10 95
38 56 25 215
39 3 57 7
39 4 32 16
39 8 55 134
39 12 53 171
39 15 10 39
39 18 47 103
39 19 13 193
39 26 7 223
39 27 19 90
39 33 40 212
39 37 4 195
39 43 27 137
39 45 43 145
39 46 16 187
39 55 37 1
40 1 58 81
40 4 44 209
40 8 29 50
40 11 31 5
40 12 5 32
40 13 51 53
40 21 1 67
40 22 13 205
40 23 38 26
40 26 10 223
40 29 19 157
40 34 16 40
40 46 7 186
40 52 56 160
40 60 26 62
41 4 27 118
41 17 49 72
41 25 1 135
41 31 37 179
41 34 25 40
41 35 9 108
41 37 19 222
41 43 45 37
41 44 56 6
41 45 15 145
41 50 13 147
41 51 31 107
41 56 34 215
41 58 3 30
42 4 15 71
42 5 3 87
42 7 43 70
42 10 27 30
42 12 53 95
42 14 51 192
42 16 20 31
42 19 25 61
42 25 13 135
42 31 33 207
42 34 1 40
42 39 11 6
42 40 7 151
42 43 39 137
42 51 55 107
43 11 37 82
43 15 52 176
43 20 55 166
43 23 7 26
43 24 43 15
43 35 31 58
43 40 25 151
43 46 28 187
43 48 2 174
43 54 21 78
43 55 16 1
43 56 58 8
43 58 41 20
43 60 13 62
44 11 55 82
44 12 23 171
44 19 11 193
44 20 40 165
44 23 7 177
44 29 43 157
44 32 33 140
44 33 5 212
44 39 38 191
44 43 52 137
44 50 14 153
44 51 28 107
44 58 35 20
44 59 1 129
45 1 16 93
45 2 57 225
45 3 51 199
45 6 20 219
45 8 38 134
45 10 9 197
45 19 3 61
45 20 47 165
45 23 31 26
45 36 13 83
45 49 43 95
45 54 41 89
45 58 5 20
45 59 25 129
46 15 37 39
46 16 7 28
46 18 57 52
46 19 14 106
46 23 31 113
46 25 40 135
46 27 26 108
46 29 49 173
46 30 2 104
46 40 16 178
46 43 10 137
46 46 43 186
46 47 19 129
46 53 22 69
46 58 5 30
47 1 52 144
47 2 1 143
47 22 34 13
47 27 27 32
47 34 11 80
47 35 7 2
47 36 44 83
47 42 49 77
47 43 4 37
47 44 37 13
47 45 55 102
47 49 13 79
47 50 19 43
47 56 16 118
48 1 40 93
48 2 23 97
48 3 19 214
48 5 38 87
48 8 7 50
48 10 49 197
48 13 27 116
48 24 43 153
48 35 14 2
48 36 9 83
48 37 31 195
48 44 2 190
48 54 59 89
48 56 34 83
48 60 55 62
49 5 17 67
49 7 37 70
49 16 1 28
49 23 8 48
49 25 35 135
49 31 25 161
49 38 47 89
49 39 21 191
49 41 49 221
49 53 31 117
49 57 56 11
49 58 5 185
49 59 13 36
49 60 43 52
50 2 1 97
50 11 7 65
50 15 40 39
50 27 19 10
50 28 4 112
50 31 57 127
50 35 31 20
50 36 14 148
50 39 55 191
50 45 50 184
50 47 17 129
50 49 27 79
50 52 25 45
51 1 51 93
51 2 11 97
51 4 14 44
51 6 55 219
51 15 43 39
51 16 4 28
51 22 28 98
51 25 9 224
51 26 46 167
51 33 19 212
51 43 21 137
51 46 1 186
51 55 25 131
51 56 38 215
52 4 9 209
52 6 31 216
52 13 3 116
52 18 53 103
52 23 43 177
52 24 56 9
52 33 49 27
52 36 19 126
52 39 35 6
52 45 37 102
52 49 22 95
52 51 25 107
52 52 7 198
52 58 1 185
53 1 49 144
53 2 52 87
53 8 31 50
53 14 5 218
53 18 10 52
53 23 19 26
53 26 34 167
53 29 25 77
53 32 15 140
53 45 56 208
53 46 40 187
53 47 29 96
53 53 1 117
53 54 17 89
54 1 43 144
54 4 37 16
54 11 19 82
54 15 16 39
54 31 49 13
54 32 46 140
54 36 34 126
54 39 26 191
54 42 31 29
54 43 28 37
54 45 1 102
54 46 13 187
54 53 55 151
54 55 58 84
54 59 7 143
55 3 26 147
55 9 23 152
55 13 7 131
55 17 43 38
55 23 55 48
55 27 49 10
55 32 1 64
55 33 11 212
55 35 37 20
55 43 4 35
55 44 13 13
55 50 31 147
55 52 21 45
56 2 8 225
56 14 35 201
56 18 1 103
56 27 13 10
56 32 17 140
56 34 25 80
56 35 21 100
56 38 10 49
56 43 3 137
56 50 29 153
56 53 58 78
56 54 19 137
56 59 38 60
57 2 26 87
57 3 19 147
57 5 29 210
57 7 2 70
57 17 31 123
57 18 47 52
57 20 53 166
57 32 13 140
57 44 43 13
57 51 40 160
57 52 15 34
57 53 49 151
57 54 17 78
57 59 8 129
58 6 20 142
58 9 5 146
58 13 39 64
58 20 7 166
58 23 26 26
58 45 13 208
58 46 2 187
58 49 34 79
58 50 49 43
58 53 9 69
58 56 43 215
58 58 37 185
58 60 31 182
59 1 32 144
59 4 19 16
59 9 49 152
59 10 55 106
59 12 23 32
59 22 58 44
59 30 27 57
59 38 17 176
59 39 9 175
59 49 38 103
59 51 51 107
59 54 15 89
59 59 44 143
60 1 25 93
60 3 19 199
60 15 1 206
60 23 37 78
60 26 28 105
60 27 14 90
60 30 23 104
60 31 33 210
60 33 31 212
60 36 43 126
60 41 55 221
60 43 7 137
60 53 52 117
60 55 10 15
61 1 4 144
61 4 39 193
61 5 1 210
61 7 31 70
61 10 10 47
61 12 21 171
61 13 49 116
61 15 44 176
61 19 37 61
61 25 17 135
61 28 13 41
61 36 56 148
61 38 7 49
61 47 47 96
61 59 25 60
62 2 43 87
62 9 13 152
62 11 31 82
62 16 40 28
62 25 56 135
62 26 49 167
62 35 20 20
62 43 8 37
62 47 27 96
62 49 46 79
62 52 5 45
62 53 58 69
62 55 1 1
62 60 16 223
63 1 45 81
63 9 53 152
63 10 22 30
63 13 13 131
63 16 25 31
63 21 55 67
63 23 39 177
63 25 59 224
63 36 19 83
63 38 51 61
63 43 8 202
63 48 2 200
63 54 31 137
63 58 29 20
64 3 13 194
64 5 41 67
64 11 49 5
64 15 58 176
64 18 17 108
64 19 53 106
64 20 31 166
64 21 26 67
64 29 33 173
64 39 3 191
64 42 55 33
64 49 38 79
64 51 19 107
64 52 44 45
65 1 4 93
65 3 33 147
65 10 43 30
65 14 49 192
65 21 51 67
65 24 19 196
65 31 7 183
65 33 11 27
65 37 1 222
65 38 39 61
65 42 15 77
65 45 55 95
65 51 26 4
65 56 46 8
66 1 21 144
66 3 56 205
66 22 40 205
66 23 43 26
66 25 17 47
66 29 13 198
66 34 35 58
66 42 10 57
66 43 1 37
66 46 37 187
66 48 31 18
66 49 25 184
66 53 28 117
66 55 4 1
66 59 51 129
67 5 14 210
67 16 16 31
67 17 8 123
67 18 46 35
67 25 38 135
67 32 53 140
67 33 1 212
67 38 35 49
67 39 58 191
67 43 19 105
67 47 55 143
67 48 3 105
67 49 25 95
67 53 28 78
67 56 22 215
68 2 3 225
68 4 25 193
68 11 57 154
68 22 8 74
68 25 53 135
68 28 16 112
68 33 29 27
68 35 33 108
68 37 46 222
68 39 49 6
68 44 37 170
68 52 55 45
68 53 13 117
68 58 51 185
68 59 19 36
69 9 4 152
69 23 37 155
69 26 16 105
69 27 49 133
69 28 8 41
69 29 43 77
69 35 55 20
69 42 1 98
69 43 13 37
69 47 21 96
69 48 25 99
69 49 10 79
69 52 47 45
69 59 31 60
70 11 44 154
70 13 20 131
70 14 9 192
70 18 41 103
70 20 7 165
70 22 1 205
70 23 37 48
70 26 4 223
70 38 28 61
70 39 53 191
70 42 33 77
70 47 49 96
70 53 13 69
70 58 17 175
71 1 7 144
71 5 5 7
71 10 45 113
71 11 25 82
71 17 20 123
71 18 35 52
71 20 59 166
71 22 13 74
71 27 55 10
71 35 1 2
71 36 39 148
71 41 31 211
71 43 16 37
71 46 51 186
71 49 10 103
72 3 33 205
72 4 56 209
72 12 46 32
72 16 13 31
72 18 22 103
72 22 43 74
72 32 5 64
72 34 27 40
72 41 7 34
72 45 1 68
72 47 31 96
72 53 16 117
72 56 19 8
72 57 50 11
72 59 38 143
73 1 10 81
73 2 59 87
73 6 55 216
73 7 50 70
73 22 25 74
73 23 44 80
73 26 22 167
73 31 13 80
73 39 37 6
73 44 2 170
73 51 19 63
73 52 17 8
73 60 7 182
74 2 11 180
74 5 44 210
74 13 31 64
74 15 49 207
74 17 13 38
74 20 4 165
74 22 55 44
74 23 27 177
74 26 19 223
74 28 25 112
74 36 46 148
74 43 37 37
74 47 41 96
74 48 7 99
74 53 22 117
75 12 19 171
75 20 46 166
75 25 3 135
75 27 31 10
75 33 40 27
75 38 57 61
75 44 14 6
75 46 7 187
75 47 55 96
75 49 21 79
75 53 25 117
75 54 49 89
75 55 28 1
75 58 43 185
75 60 52 182
76 3 9 214
76 8 20 134
76 11 14 14
76 16 52 28
76 18 3 103
76 29 37 173
76 32 41 170
76 36 56 126
76 37 28 222
76 38 59 61
76 42 49 33
76 49 43 79
76 54 7 89
76 56 25 8
76 57 32 11
77 1 1 93
77 2 7 180
77 6 39 162
77 16 58 28
77 20 21 166
77 22 55 74
77 31 14 207
77 37 10 195
77 38 32 61
77 39 34 191
77 40 4 97
77 44 43 170
77 49 28 184
77 50 51 43
77 54 37 137
78 6 3 219
78 10 38 30
78 18 1 52
78 19 55 61
78 31 25 127
78 33 46 27
78 36 49 58
78 38 33 178
78 45 7 208
78 48 20 201
78 54 43 137
78 55 13 1
79 2 10 225
79 5 31 210
79 10 49 74
79 15 37 176
79 18 5 103
79 19 16 61
79 25 26 135
79 28 45 112
79 36 2 126
79 38 47 49
79 41 19 221
79 44 33 217
79 49 28 95
79 50 43 43
79 60 58 62
80 5 23 210
80 14 55 192
80 15 7 176
80 16 46 28
80 19 29 106
80 20 19 165
80 22 16 74
80 28 44 41
80 31 1 161
80 44 32 170
80 45 50 52
80 46 25 187
80 49 57 103
80 55 40 1
81 3 9 205
81 11 44 14
81 12 7 171
81 23 50 177
81 25 22 135
81 29 1 198
81 34 32 40
81 46 34 186
81 47 17 96
81 48 55 201
81 50 5 153
81 52 41 45
81 53 25 69
81 58 59 20
82 1 31 93
82 3 38 147
82 6 13 216
82 8 35 134
82 9 29 146
82 16 51 31
82 19 5 106
82 29 57 198
82 31 1 13
82 45 45 102
82 46 22 187
82 49 9 184
82 50 17 43
82 53 19 117
83 3 50 147
83 5 13 7
83 6 7 219
83 9 33 146
83 13 15 149
83 15 21 176
83 18 3 52
83 19 31 106
83 21 43 67
83 26 57 167
83 32 11 140
83 36 39 110
83 39 1 6
83 45 25 171
83 47 19 96
84 5 10 210
84 6 49 216
84 14 25 192
84 17 27 123
84 20 23 165
84 29 19 198
84 35 1 100
84 38 59 182
84 42 46 33
84 50 40 153
84 53 37 69
84 54 5 78
84 56 56 215
84 57 14 11
84 60 32 62
85 5 20 210
85 8 52 50
85 18 55 103
85 19 44 61
85 20 35 165
85 23 57 26
85 24 39 9
85 25 15 135
85 31 25 210
85 42 1 33
85 44 31 71
85 45 7 102
85 49 22 59
85 51 46 4
86 1 3 81
86 3 56 147
86 6 25 216
86 15 49 176
86 18 15 52
86 19 1 61
86 20 9 166
86 22 32 74
86 26 43 223
86 28 29 41
86 30 19 104
86 40 52 178
86 51 37 160
86 56 40 8
86 58 21 185
87 3 50 7
87 5 7 210
87 10 33 106
87 11 15 82
87 12 59 32
87 17 27 72
87 20 13 166
87 23 55 177
87 30 20 57
87 32 31 140
87 45 2 208
87 48 43 201
87 53 39 117
87 54 25 123
87 56 9 8
88 1 22 81
88 8 1 50
88 13 49 131
88 14 45 192
88 15 19 207
88 16 40 31
88 24 9 9
88 26 26 223
88 29 13 173
88 33 7 27
88 38 43 49
88 39 29 175
88 53 34 117
88 59 3 60
89 5 46 210
89 8 7 134
89 12 20 95
89 14 35 192
89 18 1 66
89 27 25 90
89 29 56 173
89 38 17 49
89 43 32 105
89 47 52 96
89 52 4 34
89 53 9 199
89 55 13 224
89 56 40 83
89 60 22 223
90 6 1 216
90 14 5 192
90 19 11 106
90 20 23 166
90 25 32 135
90 29 50 157
90 31 19 13
90 36 13 58
90 41 38 34
90 42 16 33
90 45 27 115
90 46 55 186
90 49 46 95
90 51 8 107
90 54 25 137
91 3 49 194
91 14 3 192
91 20 16 165
91 22 22 44
91 26 19 167
91 29 44 173
91 31 37 127
91 32 13 64
91 39 1 191
91 41 31 221
91 45 7 145
91 54 35 123
91 58 5 175
92 3 26 194
92 8 2 134
92 14 59 201
92 31 31 57
92 33 19 27
92 36 52 126
92 39 23 191
92 40 39 178
92 49 16 79
92 51 13 107
92 52 35 45
92 53 4 69
92 54 56 78
92 57 44 11
93 6 49 142
93 14 19 192
93 15 3 39
93 17 26 28
93 19 14 61
93 24 44 196
93 27 7 10
93 28 53 112
93 30 11 104
93 31 21 80
93 34 34 40
93 41 38 181
93 49 55 79
93 56 31 83
94 19 7 106
94 22 38 175
94 23 51 26
94 25 11 135
94 27 25 10
94 34 5 58
94 37 43 222
94 41 19 34
94 42 58 33
94 44 14 170
94 45 31 171
94 49 1 154
94 50 47 43
94 60 55 223
95 10 33 197
95 14 17 218
95 15 19 39
95 23 26 48
95 24 3 9
95 28 47 41
95 33 23 212
95 34 45 40
95 35 37 108
95 37 52 222
95 44 7 6
95 48 55 75
95 53 49 69
95 56 14 8
96 6 8 216
96 18 17 35
96 38 47 176
96 40 28 178
96 43 25 202
96 44 56 149
96 48 13 201
96 50 43 147
96 53 19 69
96 55 50 15
96 56 4 149
96 57 38 11
96 58 2 175
96 59 32 143
96 60 22 52
97 1 25 81
97 3 19 205
97 4 51 44
97 5 23 87
97 12 49 32
97 13 43 155
97 31 3 179
97 34 14 40
97 38 1 49
97 43 40 37
97 45 31 208
97 48 9 18
97 50 38 43
97 58 17 185
98 4 39 209
98 9 2 146
98 12 37 32
98 23 7 155
98 27 26 133
98 28 23 112
98 31 19 127
98 37 34 222
98 40 13 151
98 41 50 181
98 50 4 43
98 55 46 224
98 56 16 215
98 60 58 223
99 1 58 93
99 5 56 87
99 11 26 5
99 13 21 116
99 14 41 192
99 17 31 72
99 20 51 166
99 21 8 67
99 28 3 41
99 29 43 93
99 32 5 140
99 33 35 212
99 46 15 186
99 48 37 201
99 58 1 30
100 2 41 87
100 4 49 16
100 13 3 131
100 24 31 153
100 26 43 167
100 34 1 183
100 45 9 171
100 46 58 186
100 49 15 103
100 50 21 43
100 54 56 89
100 55 25 1
100 58 13 175
100 60 37 223
101 8 19 50
101 9 27 152
101 10 52 74
101 12 31 95
101 16 37 28
101 17 43 195
101 19 2 193
101 23 33 78
101 30 4 104
101 34 41 40
101 37 16 222
101 39 49 191
101 40 56 97
102 3 1 194
102 5 13 87
102 8 28 134
102 9 11 146
102 13 15 116
102 17 57 123
102 25 19 135
102 27 7 32
102 29 49 198
102 32 21 140
102 43 45 137
102 51 40 4
102 54 33 137
102 56 37 8
102 60 25 98
103 11 2 14
103 14 57 192
103 15 10 176
103 18 55 52
103 22 46 175
103 26 31 167
103 29 26 173
103 31 19 179
103 39 34 175
103 49 7 79
103 51 40 107
103 52 13 45
103 53 16 69
103 59 50 143
104 3 27 205
104 8 17 134
104 10 43 197
104 11 33 48
104 12 25 32
104 14 5 157
104 17 19 195
104 25 31 224
104 34 7 40
104 40 1 151
104 41 13 181
104 42 40 77
104 44 50 217
104 53 46 69
104 56 58 83
105 1 57 144
105 2 52 225
105 3 32 179
105 14 16 157
105 15 7 39
105 16 28 31
105 19 49 61
105 22 37 205
105 26 13 167
105 28 10 41
105 35 21 119
105 39 40 191
105 51 1 4
105 52 4 160
105 59 43 60
106 1 7 93
106 2 31 225
106 3 15 147
106 9 41 152
106 11 56 14
106 12 2 95
106 15 4 176
106 20 10 165
106 28 13 112
106 32 43 140
106 34 20 183
106 36 49 83
106 37 52 195
106 51 25 160
106 60 33 223
107 2 37 225
107 4 50 193
107 6 44 219
107 11 39 5
107 15 10 98
107 17 33 38
107 22 19 44
107 24 55 196
107 35 1 108
107 36 22 126
107 44 25 170
107 56 7 215
107 59 13 129
108 1 16 81
108 2 29 143
108 4 33 44
108 5 20 87
108 9 31 152
108 14 39 192
108 17 51 38
108 18 49 103
108 19 7 193
108 23 3 177
108 31 55 179
108 42 13 29
108 50 23 43
108 51 9 4
108 58 26 185
109 2 45 87
109 5 40 210
109 6 25 219
109 7 20 70
109 14 32 192
109 17 1 38
109 20 49 166
109 22 37 44
109 25 5 47
109 34 35 80
109 36 13 126
109 41 7 220
109 46 52 187
109 55 16 224
109 59 57 150
110 6 27 142
110 9 8 152
110 16 46 31
110 17 13 123
110 19 22 61
110 28 20 112
110 33 53 212
110 36 10 126
110 43 43 202
110 45 33 102
110 46 38 186
110 52 17 160
110 53 49 117
110 57 2 11
111 6 32 162
111 9 43 152
111 10 46 197
111 15 13 39
111 22 38 74
111 25 7 47
111 26 16 167
111 32 59 140
111 37 4 222
111 39 9 191
111 44 21 170
111 45 51 115
111 56 55 83
111 60 25 182
112 2 11 143
112 3 7 7
112 8 5 134
112 23 31 177
112 24 43 9
112 28 27 41
112 29 49 180
112 30 25 104
112 36 22 83
112 41 1 221
112 43 13 35
112 48 38 18
112 52 16 45
112 58 29 185
112 59 57 143
113 1 10 93
113 3 19 194
113 8 25 50
113 11 31 14
113 13 13 49
113 14 43 192
113 28 5 41
113 30 1 57
113 32 29 140
113 34 3 40
113 45 38 171
113 56 49 215
113 58 55 185
113 59 45 129
113 60 52 62
114 4 25 16
114 5 23 67
114 6 13 219
114 10 4 113
114 11 49 82
114 13 38 116
114 26 10 167
114 30 17 57
114 31 57 57
114 32 8 140
114 34 19 40
114 44 45 18
114 55 31 131
114 56 1 215
115 4 19 24
115 6 8 142
115 8 17 50
115 9 2 152
115 10 50 106
115 13 55 29
115 22 43 175
115 30 15 57
115 34 53 80
115 35 37 119
115 46 31 186
115 53 4 117
115 58 13 185
115 59 26 36
116 6 39 219
116 12 17 171
116 15 49 66
116 30 14 104
116 33 3 212
116 34 37 40
116 36 26 83
116 41 56 181
116 44 44 6
116 45 21 208
116 50 1 43
116 51 31 4
116 53 52 69
116 55 34 224
116 57 8 11
117 11 7 82
117 17 55 38
117 20 17 166
117 32 46 64
117 35 51 20
117 39 11 191
117 40 19 97
117 48 1 99
117 49 14 184
117 51 22 4
117 55 32 1
117 56 43 8
117 59 37 129
117 60 25 52
118 3 44 7
118 5 1 87
118 9 10 152
118 11 15 48
118 12 4 171
118 13 20 49
118 18 7 108
118 24 31 9
118 32 35 64
118 44 26 190
118 48 51 99
118 51 37 4
118 53 55 69
118 54 13 89
118 60 40 182
119 1 13 81
119 2 19 225
119 11 44 82
119 13 49 64
119 19 1 106
119 24 9 196
119 27 21 133
119 29 38 157
119 34 29 40
119 39 53 6
119 42 31 33
119 46 4 186
119 50 7 43
119 53 34 151
119 59 55 129
120 2 27 225
120 3 49 214
120 5 37 210
120 9 55 152
120 12 14 171
120 13 39 131
120 16 34 31
120 27 19 32
120 33 16 212
120 34 8 80
120 38 25 89
120 43 1 35
120 50 45 43
120 52 58 45
121 3 20 7
121 13 49 127
121 19 8 61
121 20 37 165
121 22 55 175
121 24 31 196
121 30 4 57
121 34 39 40
121 35 14 20
121 36 1 83
121 39 41 6
121 43 25 37
121 45 43 171
121 50 35 43
121 60 10 182
122 1 13 144
122 3 9 73
122 6 43 142
122 8 59 50
122 13 55 64
122 35 1 20
122 38 5 178
122 39 29 6
122 41 25 221
122 42 49 81
122 45 37 184
122 47 41 129
122 48 19 99
122 56 52 215
122 59 32 129
123 3 37 7
123 14 7 192
123 20 11 218
123 23 50 78
123 30 35 57
123 33 13 212
123 34 23 40
123 41 25 181
123 44 56 71
123 46 19 186
123 51 4 4
123 54 9 89
123 58 31 185
123 60 1 62
124 2 43 225
124 10 13 47
124 14 59 192
124 23 20 48
124 27 38 10
124 28 1 41
124 29 55 77
124 30 9 104
124 31 25 179
124 34 50 80
124 36 46 126
124 38 53 49
124 41 3 181
124 53 31 151
124 54 11 89
125 9 23 146
125 10 28 197
125 13 19 64
125 18 8 52
125 20 1 165
125 27 32 32
125 28 10 112
125 33 16 27
125 34 37 80
125 41 43 181
125 43 13 137
125 45 50 208
125 52 3 45
125 59 39 36
126 3 56 194
126 8 14 50
126 19 16 106
126 23 1 48
126 25 5 135
126 34 43 40
126 35 37 58
126 41 45 220
126 47 10 96
126 51 34 4
126 52 53 45
126 53 31 69
126 55 50 1
126 57 21 11
127 6 21 216
127 13 44 116
127 15 25 176
127 17 38 123
127 19 9 106
127 40 52 151
127 43 3 202
127 46 31 187
127 52 50 45
127 53 56 117
127 54 29 89
127 56 34 8
127 60 13 182
128 5 7 87
128 9 59 146
128 13 15 133
128 15 46 39
128 23 1 155
128 26 38 167
128 38 13 176
128 44 31 190
128 46 19 187
128 48 25 201
128 53 10 117
128 55 43 1
128 56 55 8
128 59 49 60
129 3 39 194
129 6 31 142
129 9 29 152
129 10 43 106
129 20 1 218
129 31 55 80
129 33 23 27
129 36 7 126
129 38 3 49
129 39 46 191
129 50 15 43
129 51 19 4
129 52 10 45
129 55 25 15
129 60 49 62
130 3 39 199
130 5 2 7
130 9 15 146
130 11 56 5
130 13 31 49
130 14 47 192
130 19 9 193
130 22 43 44
130 31 26 200
130 33 50 212
130 54 4 89
130 55 19 1
130 56 22 149
131 5 49 87
131 9 35 152
131 10 37 197
131 12 56 171
131 18 29 103
131 27 31 59
131 28 25 41
131 37 8 222
131 38 53 89
131 40 45 62
131 43 19 37
131 52 5 198
131 56 1 118
131 58 40 185
131 59 14 60
132 2 7 97
132 4 1 44
132 5 55 210
132 6 37 142
132 9 21 152
132 18 19 174
132 27 14 32
132 30 23 57
132 31 50 179
132 41 44 34
132 44 57 13
132 45 25 208
132 46 10 186
132 56 31 118
132 60 34 182
133 16 49 28
133 17 57 72
133 22 31 175
133 28 55 41
133 30 45 57
133 32 37 140
133 34 47 40
133 36 39 126
133 38 28 176
133 41 21 113
133 42 7 77
133 47 43 96
133 49 4 79
133 51 34 107
133 55 13 178
134 1 39 144
134 9 37 152
134 13 55 116
134 17 26 195
134 22 10 44
134 25 7 135
134 26 1 167
134 27 51 90
134 28 19 41
134 32 47 170
134 35 13 108
134 37 34 195
134 43 31 37
134 53 44 117
135 4 2 16
135 8 23 134
135 14 29 192
135 16 10 28
135 19 37 106
135 30 21 104
135 31 39 207
135 32 19 140
135 37 13 222
135 38 53 61
135 46 25 186
135 50 33 43
135 52 43 160
135 54 55 123
135 58 7 175
136 2 5 225
136 3 20 73
136 4 13 16
136 10 46 106
136 13 38 49
136 17 27 38
136 28 55 112
136 31 57 210
136 39 44 191
136 40 10 151
136 42 7 60
136 45 51 102
136 48 31 201
136 53 2 209
136 58 49 20
137 2 22 225
137 8 51 134
137 22 40 44
137 24 31 15
137 28 58 112
137 35 27 58
137 36 4 83
137 38 35 89
137 39 14 191
137 51 43 194
137 52 1 45
137 58 47 185
137 59 8 36
138 2 59 225
138 5 41 7
138 8 3 50
138 11 7 5
138 18 43 103
138 20 1 166
138 21 19 67
138 22 46 44
138 35 27 2
138 37 55 222
138 45 37 208
138 47 35 96
138 48 49 201
138 51 16 107
138 52 32 45
139 2 13 97
139 6 51 162
139 9 35 146
139 11 25 14
139 14 11 192
139 19 3 106
139 27 7 90
139 33 1 27
139 38 5 49
139 39 16 191
139 46 22 186
139 53 43 69
139 55 38 15
139 58 19 185
139 59 56 36
140 8 13 134
140 10 56 197
140 11 45 5
140 12 52 32
140 24 20 9
140 26 1 223
140 30 43 57
140 36 16 83
140 40 37 97
140 46 28 186
140 48 31 99
140 56 4 215
140 59 7 59
140 60 40 62
141 1 38 81
141 4 31 193
141 19 23 106
141 23 51 155
141 24 56 15
141 26 4 167
141 36 1 148
141 42 25 33
141 45 14 102
141 48 7 201
141 51 46 194
141 55 28 224
141 59 19 143
141 60 43 182
142 5 4 210
142 8 40 134
142 9 25 152
142 11 13 5
142 22 19 175
142 26 46 223
142 31 7 179
142 39 29 191
142 46 58 187
142 47 33 96
142 51 1 160
142 58 53 185
142 60 49 182
143 2 34 225
143 3 49 205
143 7 8 70
143 10 40 106
143 11 2 5
143 13 25 49
143 15 58 207
143 23 43 78
143 41 13 220
143 42 20 33
143 47 23 96
143 49 37 59
143 50 56 153
143 52 17 34
143 54 47 123
144 1 21 93
144 8 47 50
144 13 9 53
144 20 29 166
144 23 1 26
144 27 39 32
144 29 43 208
144 31 13 179
144 42 34 33
144 43 55 105
144 44 25 13
144 47 5 129
144 51 49 4
144 52 7 8
144 56 52 149
145 4 9 118
145 5 31 87
145 9 17 152
145 10 25 197
145 14 23 192
145 16 20 28
145 17 13 72
145 20 45 165
145 22 58 175
145 27 37 90
145 33 4 27
145 34 52 40
145 39 7 191
145 53 1 69
145 56 28 8
146 5 53 210
146 8 37 50
146 9 40 146
146 10 58 106
146 11 7 14
146 13 44 149
146 17 19 38
146 28 23 41
146 34 11 40
146 40 4 151
146 45 49 145
146 47 1 96
146 48 32 200
146 55 13 15
146 59 25 143
147 2 47 225
147 6 43 162
147 8 11 50
147 9 17 146
147 11 49 14
147 18 19 103
147 20 21 165
147 29 7 173
147 34 58 40
147 41 33 34
147 42 4 33
147 48 13 99
147 60 1 182
148 1 10 144
148 2 26 97
148 4 55 193
148 15 28 39
148 18 13 52
148 23 15 177
148 24 2 15
148 27 44 59
148 29 19 173
148 30 51 104
148 31 33 127
148 36 7 58
148 42 37 77
148 43 40 105
149 3 3 183
149 11 19 14
149 13 8 64
149 16 43 31
149 24 14 9
149 31 27 80
149 35 49 2
149 45 31 52
149 46 55 187
149 47 39 96
149 51 46 160
149 53 58 151
149 54 23 89
149 58 41 175
150 4 7 16
150 6 31 219
150 12 15 95
150 17 37 72
150 20 41 166
150 24 25 9
150 28 17 41
150 32 35 140
150 35 1 58
150 39 19 191
150 42 55 81
150 43 22 37
150 46 43 187
150 50 58 43
150 56 49 8
Điểm tối ưu: 2156
Thời gian: 360.056422 giây
Trạng thái: VALID
