656
1 1 7 2
1 2 34 18
1 3 49 65
1 4 53 71
1 5 58 31
1 7 3 61
1 9 45 14
1 12 16 26
1 13 40 44
1 14 31 51
1 15 10 22
1 18 19 63
1 19 5 55
1 20 28 60
2 1 52 2
2 2 7 36
2 3 43 68
2 6 16 25
2 7 14 67
2 8 19 33
2 10 25 4
2 11 1 9
2 14 49 7
2 15 27 45
2 16 39 72
2 19 9 55
2 20 58 15
3 1 10 2
3 3 43 1
3 5 40 31
3 6 1 44
3 8 49 33
3 9 19 14
3 10 15 4
3 11 33 17
3 12 28 24
3 14 4 51
3 16 31 72
3 17 23 5
3 19 37 55
3 20 25 15
4 1 13 47
4 3 33 68
4 4 23 19
4 5 37 31
4 8 7 33
4 12 43 26
4 13 46 46
4 14 55 51
4 15 4 12
4 17 40 5
4 18 19 42
4 19 11 35
4 20 1 60
5 1 34 47
5 2 29 18
5 3 25 68
5 4 55 71
5 5 7 31
5 7 5 67
5 8 49 68
5 9 13 14
5 13 1 46
5 14 22 51
5 15 31 39
5 17 58 25
5 18 38 42
5 19 11 28
5 20 19 15
6 1 43 40
6 2 13 18
6 3 9 1
6 4 15 19
6 7 7 67
6 8 32 13
6 9 1 30
6 12 46 26
6 13 25 46
6 14 19 51
6 15 28 39
6 17 49 5
6 18 56 63
6 20 37 60
7 1 37 47
7 2 52 36
7 3 13 41
7 4 7 71
7 5 55 31
7 7 40 67
7 8 44 59
7 9 19 49
7 10 9 4
7 11 25 9
7 14 31 7
7 15 49 12
7 18 1 42
8 1 52 47
8 2 37 18
8 3 45 41
8 4 55 19
8 6 16 44
8 7 1 67
8 8 7 13
8 9 26 14
8 10 5 4
8 11 57 71
8 15 22 39
8 16 19 72
8 18 32 42
9 1 19 40
9 6 22 25
9 7 28 61
9 8 33 59
9 9 13 30
9 10 31 4
9 11 37 17
9 13 7 46
9 14 25 7
9 16 1 72
9 17 47 5
9 18 3 63
9 19 17 28
9 20 49 60
10 1 31 2
10 2 7 18
10 4 37 19
10 6 25 25
10 10 49 4
10 11 13 9
10 13 28 46
10 14 10 7
10 15 4 45
10 16 35 72
10 17 21 5
10 18 45 42
10 19 2 28
10 20 40 15
11 1 45 2
11 2 26 18
11 4 5 19
11 7 20 67
11 8 1 33
11 10 7 4
11 12 37 24
11 14 13 7
11 15 22 12
11 16 11 72
11 19 17 35
11 20 57 60
12 2 11 18
12 4 21 19
12 6 4 44
12 8 31 33
12 9 14 49
12 10 27 4
12 12 40 24
12 14 46 7
12 16 43 72
12 17 59 5
12 19 1 55
12 20 7 56
13 1 15 2
13 2 59 18
13 3 31 41
13 4 3 19
13 6 19 25
13 7 9 67
13 8 55 59
13 9 26 49
13 12 22 24
13 14 43 51
13 18 50 26
13 19 5 28
13 20 37 56
14 1 40 47
14 2 5 36
14 3 1 65
14 6 58 44
14 7 29 67
14 9 7 30
14 10 53 4
14 11 15 17
14 14 22 7
14 15 31 22
14 16 45 72
14 17 19 5
14 19 26 35
14 20 34 56
15 2 52 18
15 3 3 1
15 4 7 19
15 5 28 31
15 6 55 44
15 8 45 33
15 11 19 17
15 12 10 26
15 13 49 46
15 15 16 12
15 17 1 5
15 18 37 63
15 19 58 28
15 20 13 56
16 1 19 2
16 3 50 1
16 5 25 31
16 6 34 25
16 7 13 61
16 8 56 33
16 9 8 49
16 11 39 9
16 12 31 24
16 14 1 7
16 15 4 39
16 19 16 55
16 20 22 60
17 1 21 47
17 2 9 18
17 3 56 1
17 4 53 19
17 6 28 25
17 7 15 61
17 8 49 59
17 9 43 30
17 10 37 4
17 12 25 24
17 13 40 46
17 15 1 12
17 16 47 72
17 20 4 60
18 3 8 68
18 4 47 19
18 5 13 31
18 7 17 61
18 8 43 13
18 9 57 30
18 10 39 4
18 14 52 7
18 15 4 10
18 16 27 72
18 17 55 5
18 19 1 35
18 20 34 15
19 1 43 47
19 3 25 41
19 4 57 19
19 6 10 25
19 7 38 67
19 8 13 13
19 9 20 30
19 10 41 4
19 11 50 17
19 12 1 24
19 14 4 7
19 18 31 26
19 19 7 35
20 1 49 2
20 2 37 36
20 3 1 41
20 4 19 19
20 6 52 44
20 9 43 49
20 11 55 17
20 12 34 24
20 15 7 22
20 17 15 5
20 19 13 35
20 20 10 56
21 1 22 2
21 2 46 18
21 6 43 44
21 7 19 61
21 8 13 33
21 11 31 9
21 13 28 44
21 14 52 51
21 15 25 22
21 16 9 72
21 19 3 55
21 20 37 15
22 1 32 40
22 2 35 36
22 4 17 19
22 5 43 31
22 6 19 44
22 8 39 68
22 9 8 14
22 10 13 4
22 12 58 26
22 14 28 7
22 15 25 12
22 16 49 72
22 17 3 5
22 19 23 55
23 2 3 36
23 3 19 65
23 4 35 19
23 6 13 44
23 7 23 61
23 9 50 30
23 10 11 4
23 11 25 71
23 12 16 24
23 13 55 46
23 15 31 10
23 17 5 25
23 18 45 63
23 19 29 35
24 1 25 47
24 2 23 36
24 3 57 41
24 4 1 19
24 5 34 31
24 6 7 25
24 8 13 68
24 10 55 4
24 11 49 71
24 12 40 26
24 14 43 7
24 19 4 35
24 20 10 60
25 1 49 40
25 3 20 1
25 5 1 31
25 6 10 44
25 7 31 61
25 9 37 30
25 11 33 71
25 12 25 26
25 13 4 46
25 14 7 26
25 15 44 10
25 17 52 5
25 18 13 63
25 19 58 35
25 20 55 15
26 1 28 2
26 2 50 36
26 4 31 71
26 8 37 59
26 10 45 4
26 11 19 9
26 12 13 26
26 14 25 51
26 15 34 22
26 16 3 72
26 17 9 5
26 19 7 55
27 1 14 40
27 2 22 18
27 4 33 19
27 6 2 25
27 8 25 13
27 9 39 49
27 12 46 24
27 15 19 39
27 16 29 72
27 17 7 5
27 18 9 63
27 19 51 35
28 1 58 2
28 3 25 1
28 4 45 19
28 6 55 25
28 7 41 61
28 8 37 33
28 9 1 14
28 10 51 4
28 12 7 24
28 13 19 46
28 20 14 60
29 1 38 2
29 2 44 18
29 3 1 68
29 4 51 19
29 5 46 31
29 7 11 67
29 8 19 59
29 12 28 26
29 13 31 46
29 14 13 51
29 15 34 10
29 17 57 5
29 20 16 15
30 1 46 47
30 2 1 36
30 3 32 65
30 4 27 19
30 8 7 59
30 9 51 14
30 10 3 4
30 11 56 9
30 14 16 7
30 15 13 39
30 17 25 5
30 18 19 26
30 19 11 55
30 20 40 56
31 1 56 40
31 2 41 18
31 3 44 65
31 7 35 67
31 8 1 59
31 10 59 4
31 11 9 17
31 14 38 51
31 15 20 10
31 18 31 63
31 19 15 35
31 20 26 56
32 1 3 2
32 2 32 18
32 3 38 65
32 6 25 44
32 7 1 61
32 8 56 13
32 12 10 24
32 13 7 44
32 14 34 51
32 16 21 72
32 17 29 5
32 18 49 63
32 19 14 55
33 1 38 40
33 2 17 36
33 3 13 1
33 6 52 25
33 7 22 67
33 9 33 49
33 10 29 4
33 14 19 7
33 15 1 39
33 16 5 72
33 18 7 42
33 19 47 35
34 1 22 40
34 2 25 36
34 4 59 19
34 6 37 25
34 7 9 61
34 8 27 59
34 9 55 14
34 11 43 71
34 12 1 26
34 15 16 10
34 16 51 72
34 17 33 5
34 19 13 28
34 20 4 15
35 1 31 47
35 2 11 36
35 4 43 19
35 6 22 44
35 10 35 4
35 11 14 71
35 14 37 7
35 15 1 22
35 16 57 72
35 17 5 5
35 18 27 42
35 19 20 35
36 1 34 2
36 4 40 19
36 6 13 25
36 7 5 61
36 9 51 49
36 10 19 4
36 13 37 46
36 14 56 7
36 15 1 10
36 16 16 72
36 18 27 63
36 19 7 28
37 1 4 40
37 2 29 36
37 3 20 41
37 7 32 67
37 8 25 33
37 11 39 71
37 12 58 24
37 13 16 46
37 14 49 51
37 15 43 12
37 17 11 5
37 19 9 35
37 20 46 15
38 2 19 36
38 3 31 1
38 4 29 19
38 6 40 25
38 7 26 61
38 8 55 68
38 11 9 71
38 12 43 24
38 14 1 51
38 15 16 45
38 16 53 72
38 17 35 5
38 20 13 15
39 1 49 47
39 2 9 36
39 6 31 44
39 7 11 61
39 8 1 13
39 9 39 14
39 11 43 9
39 12 19 24
39 13 13 46
39 14 34 7
39 15 25 39
39 16 7 72
39 17 37 5
39 20 16 56
40 1 16 47
40 2 3 18
40 3 7 65
40 4 13 19
40 5 52 31
40 11 43 17
40 12 37 26
40 13 58 46
40 15 55 45
40 16 41 72
40 20 22 15
41 1 8 47
41 2 13 36
41 3 56 65
41 6 49 44
41 7 16 67
41 8 20 68
41 9 31 14
41 11 27 17
41 13 52 46
41 14 46 51
41 16 25 72
41 17 43 5
41 20 1 56
42 2 1 18
42 3 37 41
42 5 49 31
42 7 43 67
42 9 32 30
42 10 47 4
42 11 3 17
42 12 55 26
42 13 22 46
42 14 7 7
42 16 59 72
42 17 13 5
42 19 19 55
42 20 10 15
43 1 28 47
43 2 39 18
43 4 31 19
43 6 49 25
43 7 21 61
43 9 56 49
43 10 33 4
43 11 1 71
43 12 13 24
43 13 10 46
43 15 7 10
43 16 23 72
43 17 45 5
43 20 25 60
44 1 1 40
44 2 21 36
44 3 8 41
44 5 31 31
44 6 46 25
44 8 13 59
44 9 25 30
44 10 23 4
44 12 52 24
44 13 43 46
44 14 40 7
44 17 17 5
44 18 55 42
44 19 19 28
44 20 4 56
45 1 55 2
45 2 19 18
45 3 26 65
45 4 49 19
45 5 4 31
45 6 31 25
45 7 7 61
45 10 21 4
45 14 16 51
45 15 1 45
45 16 14 72
45 19 44 35
46 1 27 40
46 2 5 18
46 3 13 65
46 4 47 71
46 5 19 31
46 6 37 44
46 7 3 67
46 12 49 24
46 13 34 46
46 14 10 51
46 16 55 72
46 19 25 55
46 20 31 15
47 1 3 47
47 2 16 18
47 4 25 19
47 5 22 31
47 7 34 61
47 10 43 4
47 11 8 9
47 12 55 24
47 14 28 51
47 15 58 22
47 16 37 72
47 17 31 5
47 18 49 42
48 2 31 36
48 3 38 1
48 4 11 19
48 5 16 31
48 7 25 67
48 8 50 13
48 10 1 4
48 12 4 24
48 14 58 51
48 15 13 22
48 17 27 5
48 19 22 35
48 20 7 15
49 1 25 2
49 3 49 41
49 4 9 19
49 6 46 44
49 7 53 67
49 8 37 13
49 9 3 49
49 10 57 4
49 11 20 71
49 13 34 44
49 15 31 45
49 18 13 42
49 20 28 15
50 1 56 47
50 2 15 36
50 5 10 31
50 6 43 25
50 7 27 67
50 8 20 13
50 10 17 4
50 11 49 9
50 12 4 26
50 14 7 51
50 15 38 10
50 16 33 72
50 20 1 15
Điểm tối ưu: 656
Thời gian: 89.865213 giây
Trạng thái: VALID
