1390
1 7 5 91
1 10 31 145
1 12 7 7
1 13 2 81
1 16 40 97
1 21 13 56
1 26 19 58
1 29 37 124
1 32 55 129
1 34 43 101
1 35 58 63
1 36 49 73
1 37 28 79
2 1 13 147
2 5 22 141
2 14 35 71
2 16 10 20
2 20 1 46
2 24 41 146
2 25 50 150
2 26 37 94
2 28 55 133
2 29 43 124
2 30 7 96
2 31 17 65
2 34 4 101
2 35 25 106
2 39 31 107
3 1 45 53
3 3 7 140
3 6 53 110
3 7 21 91
3 8 11 26
3 10 49 144
3 11 5 24
3 13 58 81
3 15 1 119
3 18 28 121
3 20 43 46
3 34 40 138
3 35 14 106
3 36 31 73
3 40 25 31
4 1 49 53
4 3 25 140
4 7 11 103
4 16 46 97
4 17 13 54
4 19 32 51
4 23 19 6
4 26 56 76
4 29 1 14
4 30 40 135
4 32 9 129
4 35 16 63
4 38 22 84
5 1 43 103
5 7 21 30
5 10 7 120
5 21 52 106
5 23 16 102
5 26 33 91
5 27 37 34
5 32 11 129
5 33 57 32
5 34 4 138
5 35 1 63
5 37 28 42
5 38 25 87
5 40 14 45
6 6 46 80
6 10 25 120
6 12 31 122
6 13 19 112
6 15 13 127
6 16 49 97
6 19 29 51
6 24 39 48
6 25 7 150
6 31 11 104
6 35 4 63
6 36 55 73
6 37 43 79
6 38 1 87
7 5 4 141
7 6 25 110
7 7 47 91
7 10 15 59
7 11 13 67
7 13 28 112
7 15 31 119
7 16 38 20
7 17 1 21
7 19 7 23
7 20 19 46
7 23 21 66
7 25 43 150
7 35 10 63
8 5 19 141
8 6 29 110
8 10 15 144
8 11 1 67
8 13 52 81
8 22 49 57
8 23 22 19
8 24 9 146
8 31 7 65
8 32 3 129
8 33 31 18
8 37 58 79
8 40 27 45
9 2 19 10
9 4 55 117
9 6 23 80
9 13 25 112
9 16 49 90
9 20 33 46
9 23 2 102
9 25 13 12
9 30 46 135
9 32 28 86
9 36 7 73
9 37 52 42
9 38 37 87
9 40 31 45
10 1 26 53
10 4 19 33
10 10 1 59
10 12 8 122
10 15 43 100
10 16 58 97
10 19 17 23
10 21 55 42
10 26 37 58
10 27 13 34
10 28 49 13
10 32 35 86
10 36 31 93
11 1 37 53
11 6 50 80
11 7 31 91
11 8 17 28
11 10 7 145
11 17 27 21
11 21 19 64
11 23 34 102
11 27 43 34
11 28 1 133
11 31 25 104
11 32 41 86
11 33 22 32
11 34 55 138
11 39 13 125
12 2 31 10
12 3 37 140
12 4 25 88
12 8 41 28
12 12 49 122
12 14 47 9
12 15 19 100
12 17 7 54
12 20 59 46
12 23 4 6
12 26 55 58
12 33 45 32
12 37 34 137
12 39 13 107
12 40 29 31
13 3 37 109
13 7 5 103
13 10 1 120
13 11 29 24
13 15 19 119
13 22 25 57
13 23 49 6
13 24 31 48
13 25 43 12
13 27 16 95
13 28 55 13
13 30 7 104
13 37 52 79
14 1 49 2
14 3 13 75
14 4 7 29
14 8 29 28
14 14 1 71
14 17 34 21
14 18 26 3
14 26 3 58
14 27 40 34
14 28 19 133
14 30 37 96
14 37 31 137
14 38 46 47
14 39 55 131
14 40 17 45
15 1 32 53
15 4 49 88
15 5 55 141
15 6 22 110
15 8 20 26
15 11 47 24
15 12 2 130
15 26 43 58
15 30 7 135
15 33 10 32
15 37 16 42
15 40 27 31
16 1 37 2
16 10 43 145
16 11 15 67
16 14 17 71
16 17 27 54
16 26 49 94
16 28 7 13
16 30 34 66
16 33 25 18
16 34 58 138
16 35 4 106
16 36 21 93
16 37 1 137
16 40 19 31
17 4 43 33
17 5 37 141
17 8 1 26
17 14 21 71
17 15 25 100
17 16 3 97
17 22 55 57
17 26 49 91
17 27 58 95
17 32 19 129
17 34 16 101
17 35 31 106
17 40 11 45
18 3 25 109
18 4 37 33
18 7 11 30
18 12 7 142
18 13 43 81
18 15 50 100
18 19 20 23
18 20 59 118
18 22 31 57
18 24 29 48
18 28 14 13
18 30 46 104
18 31 4 65
18 37 1 42
18 38 22 47
19 6 19 110
19 8 1 28
19 11 59 67
19 13 26 81
19 15 55 119
19 17 46 21
19 18 16 121
19 21 7 108
19 22 34 57
19 26 49 58
19 30 10 135
19 33 3 18
19 35 43 63
19 36 38 68
19 37 22 79
20 1 3 2
20 4 19 88
20 7 1 91
20 8 31 26
20 10 37 59
20 13 34 112
20 14 29 71
20 19 10 51
20 21 7 64
20 27 46 95
20 32 43 129
20 34 49 101
20 36 25 73
20 37 13 137
20 38 56 87
21 3 25 75
21 6 17 80
21 7 13 30
21 13 40 112
21 14 15 9
21 17 43 143
21 23 9 102
21 24 33 48
21 26 2 94
21 31 49 65
21 32 7 86
21 34 46 101
21 36 19 113
21 38 51 84
22 4 7 117
22 5 1 141
22 7 23 91
22 10 19 59
22 11 5 67
22 13 46 112
22 16 43 97
22 17 16 54
22 20 25 46
22 22 40 57
22 27 27 95
22 31 53 65
22 36 49 68
22 37 13 79
23 3 33 109
23 4 1 29
23 10 43 59
23 13 52 112
23 14 40 9
23 19 23 51
23 23 16 6
23 24 21 48
23 30 56 135
23 32 19 86
23 33 31 32
23 37 25 79
23 39 7 131
24 2 37 10
24 4 49 33
24 8 5 28
24 11 3 67
24 13 34 81
24 17 55 21
24 18 25 121
24 19 1 51
24 23 28 6
24 25 19 12
24 29 10 14
24 33 13 18
24 34 43 138
24 37 7 79
24 40 23 45
25 1 3 53
25 4 55 33
25 5 43 141
25 6 1 80
25 7 59 30
25 9 37 118
25 16 7 20
25 19 13 51
25 21 52 64
25 22 16 57
25 24 21 146
25 25 26 12
25 34 10 138
25 36 31 68
25 38 49 87
26 1 45 77
26 3 19 75
26 6 5 110
26 7 23 30
26 8 39 28
26 10 1 145
26 13 7 61
26 18 10 3
26 24 43 48
26 26 25 58
26 27 49 34
26 32 56 86
26 34 34 101
26 39 13 131
27 2 49 10
27 3 57 140
27 10 19 145
27 11 7 67
27 12 37 122
27 15 13 100
27 16 25 20
27 18 31 3
27 19 44 51
27 21 10 108
27 22 1 57
27 24 35 146
27 29 4 14
27 33 55 32
28 6 31 80
28 11 55 67
28 12 33 142
28 14 25 71
28 15 7 119
28 16 28 20
28 19 38 51
28 21 44 64
28 24 19 48
28 30 4 135
28 31 15 65
28 32 21 129
28 33 47 32
28 34 1 138
29 4 15 29
29 5 52 141
29 6 29 80
29 8 13 28
29 9 7 118
29 11 43 67
29 16 34 90
29 17 4 54
29 23 31 19
29 24 27 146
29 32 25 129
29 34 1 101
29 37 37 137
29 39 19 125
30 3 31 140
30 13 19 81
30 15 13 119
30 21 55 64
30 23 43 6
30 24 7 146
30 29 46 124
30 30 1 135
30 31 39 65
30 32 5 129
30 34 22 138
30 35 10 106
30 38 25 84
31 3 19 109
31 4 43 117
31 6 47 110
31 8 3 28
31 11 10 24
31 14 5 9
31 26 31 76
31 29 13 124
31 32 1 129
31 35 7 63
31 37 37 42
31 38 16 87
31 39 25 131
31 40 35 31
32 7 15 30
32 8 31 28
32 10 51 145
32 14 3 9
32 20 13 4
32 23 10 6
32 24 1 146
32 25 25 150
32 26 43 94
32 31 23 65
32 37 7 137
32 38 19 47
33 3 43 109
33 5 28 141
33 7 35 103
33 9 14 118
33 14 23 71
33 17 10 21
33 20 41 46
33 21 1 56
33 23 7 66
33 25 31 12
33 28 37 13
33 29 49 124
33 31 25 65
33 37 19 42
34 5 16 141
34 6 3 110
34 7 53 91
34 8 9 26
34 10 25 136
34 17 19 4
34 18 37 3
34 20 1 76
34 21 22 108
34 23 13 6
34 30 34 20
34 34 55 101
35 7 9 91
35 8 7 26
35 10 13 145
35 12 21 142
35 18 1 78
35 20 27 46
35 21 34 64
35 23 40 6
35 24 19 146
35 26 43 91
35 27 52 95
35 32 31 129
35 35 55 63
35 40 4 31
36 1 37 17
36 4 25 33
36 7 13 103
36 10 20 136
36 18 7 3
36 23 32 6
36 24 5 146
36 28 1 13
36 30 49 135
36 31 10 65
36 32 43 86
36 33 17 32
36 36 55 68
36 37 46 42
37 1 55 53
37 3 1 140
37 6 50 110
37 7 29 91
37 10 25 144
37 12 31 130
37 15 7 127
37 18 13 3
37 24 5 48
37 25 20 92
37 31 47 102
37 36 39 120
37 38 16 39
38 4 19 117
38 7 29 30
38 8 3 26
38 11 23 67
38 13 49 81
38 16 52 97
38 17 58 21
38 19 55 51
38 20 10 4
38 23 46 6
38 24 35 48
38 26 31 58
38 29 7 124
38 36 14 73
38 39 25 62
39 7 17 91
39 10 9 144
39 11 7 24
39 12 13 142
39 16 31 20
39 17 37 21
39 20 5 4
39 23 52 6
39 25 1 150
39 26 19 76
39 27 43 95
39 31 23 104
39 32 49 129
39 36 25 93
40 7 7 103
40 8 51 26
40 12 19 122
40 13 10 81
40 15 37 119
40 19 5 51
40 20 49 46
40 21 1 108
40 26 31 94
40 31 13 104
40 33 16 18
40 35 28 106
40 36 55 115
40 39 43 125
41 1 32 17
41 3 43 140
41 5 8 141
41 12 49 108
41 18 58 121
41 20 39 46
41 21 28 56
41 23 55 6
41 27 22 95
41 29 16 124
41 31 19 104
41 35 25 63
41 38 13 87
41 39 1 125
42 3 31 75
42 5 58 141
42 7 2 30
42 13 55 112
42 17 46 54
42 21 22 64
42 24 17 146
42 26 37 91
42 28 25 13
42 30 49 104
42 31 35 65
42 33 7 18
42 34 19 138
42 38 4 87
42 40 29 45
43 1 55 17
43 7 19 30
43 8 46 26
43 9 2 118
43 12 37 142
43 13 7 112
43 14 13 71
43 18 16 3
43 19 21 51
43 23 25 66
43 31 59 65
43 32 28 129
43 34 31 101
43 37 10 79
43 38 34 87
44 1 31 2
44 5 49 141
44 10 25 59
44 14 11 9
44 15 55 127
44 16 19 97
44 18 4 121
44 23 16 19
44 24 41 48
44 25 7 92
44 29 13 14
44 32 59 86
44 33 22 18
44 35 38 106
44 39 43 107
45 7 13 91
45 8 16 26
45 11 49 67
45 12 25 122
45 14 1 9
45 19 3 51
45 23 45 19
45 24 29 146
45 26 7 58
45 27 19 95
45 34 52 101
45 37 40 42
45 38 31 87
45 40 5 45
46 1 25 2
46 6 21 80
46 8 40 26
46 10 7 59
46 12 43 108
46 13 16 81
46 18 52 3
46 20 14 46
46 21 4 108
46 31 1 65
46 32 49 86
46 40 59 31
47 6 27 80
47 8 23 26
47 11 52 67
47 14 11 141
47 20 29 46
47 21 58 64
47 24 1 48
47 25 13 92
47 26 7 94
47 27 55 95
47 34 37 101
47 37 3 79
47 39 19 107
47 40 17 31
48 1 19 53
48 7 59 91
48 12 39 130
48 15 43 119
48 16 56 20
48 18 34 121
48 19 25 23
48 20 31 46
48 25 7 12
48 27 1 34
48 31 51 65
48 33 37 32
48 36 13 68
48 38 4 47
49 3 13 140
49 8 19 28
49 9 44 118
49 11 11 67
49 13 22 112
49 15 55 100
49 18 1 121
49 22 4 57
49 25 51 12
49 26 26 76
49 31 31 65
49 35 34 106
49 36 37 93
49 37 8 42
49 40 41 31
50 1 55 77
50 4 31 88
50 6 44 110
50 7 7 30
50 12 1 122
50 19 9 23
50 21 13 108
50 25 37 92
50 27 25 34
50 32 23 129
50 33 5 18
50 35 52 63
50 36 19 68
50 37 16 137
51 6 32 110
51 7 9 30
51 11 21 67
51 14 58 71
51 15 1 127
51 16 37 97
51 17 34 4
51 18 40 121
51 19 19 51
51 25 25 92
51 30 46 30
51 33 43 32
51 39 49 107
51 40 15 31
52 1 9 17
52 3 49 140
52 4 20 29
52 7 3 91
52 8 53 28
52 10 43 136
52 13 31 112
52 17 13 21
52 19 16 51
52 20 7 46
52 26 25 78
52 29 34 124
52 31 41 65
52 36 37 73
52 38 55 47
53 1 50 17
53 5 25 141
53 6 19 80
53 7 11 91
53 11 21 24
53 13 13 112
53 16 16 97
53 18 43 121
53 21 28 64
53 28 7 133
53 29 34 14
53 32 46 86
53 35 31 63
53 38 37 47
53 39 1 107
54 8 11 28
54 10 38 145
54 12 43 142
54 17 50 54
54 20 17 46
54 21 25 64
54 26 13 58
54 28 19 13
54 29 7 14
54 30 31 135
54 35 34 63
54 37 4 42
54 38 28 84
55 7 1 103
55 10 13 120
55 15 26 127
55 17 52 21
55 19 35 23
55 20 47 46
55 23 31 66
55 25 43 92
55 26 7 76
55 31 3 104
55 32 37 129
55 33 49 32
55 35 19 63
55 36 55 130
55 37 22 42
56 1 1 17
56 7 15 103
56 17 38 54
56 19 35 51
56 20 41 118
56 23 7 6
56 24 11 146
56 26 19 78
56 28 31 13
56 29 51 14
56 30 25 135
56 31 57 65
56 35 28 63
56 39 43 62
56 40 13 31
57 10 55 145
57 11 17 24
57 13 1 61
57 14 40 71
57 19 15 23
57 22 22 57
57 24 37 48
57 26 25 91
57 29 10 124
57 33 29 18
57 35 46 63
57 38 7 87
58 5 40 141
58 8 25 28
58 11 13 24
58 13 10 112
58 16 55 97
58 17 58 54
58 19 46 51
58 22 37 57
58 30 31 104
58 32 22 86
58 33 20 32
58 37 16 79
58 38 52 87
58 39 1 62
58 40 7 31
59 1 49 55
59 3 55 75
59 6 59 110
59 14 25 9
59 20 11 118
59 21 31 42
59 29 22 14
59 31 15 104
59 32 41 129
59 34 28 138
59 36 43 73
59 38 7 84
59 39 1 131
59 40 20 45
60 1 9 53
60 4 37 88
60 7 7 91
60 14 15 71
60 15 25 119
60 17 34 54
60 21 20 56
60 22 58 57
60 25 3 92
60 30 43 135
60 31 29 65
60 32 13 86
60 33 1 32
60 37 31 79
61 2 28 10
61 6 7 110
61 7 41 91
61 10 33 144
61 12 55 142
61 15 19 127
61 19 52 51
61 21 10 64
61 23 46 66
61 24 31 146
61 28 37 133
61 29 25 124
61 34 13 138
61 38 1 47
62 4 1 33
62 6 35 80
62 8 5 26
62 10 19 120
62 12 55 122
62 16 28 90
62 20 51 46
62 21 25 56
62 29 45 14
62 31 33 65
62 32 10 86
62 33 15 32
62 34 7 101
62 39 37 125
63 4 37 29
63 6 41 80
63 9 26 118
63 12 15 130
63 14 13 9
63 15 1 100
63 17 43 54
63 18 8 121
63 19 22 23
63 20 55 46
63 21 19 108
63 26 49 78
63 30 58 19
63 39 32 125
64 3 49 75
64 4 55 88
64 7 19 91
64 8 33 26
64 10 37 136
64 16 21 90
64 17 7 21
64 19 27 51
64 23 1 66
64 24 13 48
64 26 15 94
64 29 4 124
64 30 43 104
64 32 47 129
64 37 10 137
65 2 1 10
65 3 8 75
65 5 13 141
65 7 25 30
65 8 27 28
65 9 55 118
65 13 16 112
65 16 34 97
65 18 46 121
65 20 41 76
65 21 31 64
65 23 4 66
65 35 22 106
65 39 37 107
66 1 15 17
66 5 22 10
66 7 9 103
66 8 35 28
66 10 1 136
66 13 55 81
66 14 5 71
66 15 37 127
66 18 19 121
66 19 25 51
66 21 49 64
66 22 52 57
66 28 31 133
66 31 13 65
66 39 43 131
67 2 52 10
67 3 37 75
67 4 25 29
67 6 17 110
67 8 47 28
67 11 15 24
67 15 43 127
67 16 10 97
67 17 19 21
67 23 31 102
67 29 22 124
67 33 1 18
67 34 7 138
67 35 49 106
67 40 3 45
68 2 7 10
68 12 1 142
68 14 11 71
68 17 40 27
68 22 19 57
68 25 13 150
68 26 49 76
68 27 34 34
68 29 31 124
68 30 55 19
68 34 37 138
68 36 43 68
68 39 25 107
69 3 49 109
69 4 7 33
69 7 34 30
69 11 23 24
69 13 58 112
69 17 31 54
69 20 5 46
69 23 13 66
69 24 3 146
69 29 28 14
69 32 37 86
69 39 19 62
70 1 37 77
70 2 13 10
70 8 25 26
70 17 4 21
70 19 7 51
70 20 21 46
70 21 49 42
70 24 9 48
70 27 34 95
70 28 43 133
70 29 1 124
70 30 31 96
70 34 16 138
70 38 27 47
71 9 49 118
71 11 19 24
71 12 13 122
71 16 25 97
71 21 43 42
71 25 1 12
71 27 31 34
71 30 28 135
71 32 57 129
71 33 59 32
71 34 10 101
71 35 40 63
71 39 21 131
71 40 7 45
72 5 31 141
72 8 7 28
72 11 3 24
72 13 40 81
72 19 59 51
72 22 46 57
72 26 55 94
72 27 9 34
72 29 16 14
72 31 37 65
72 32 51 86
72 33 28 32
72 37 34 79
72 38 19 84
73 1 19 17
73 2 55 10
73 4 49 117
73 6 35 110
73 10 44 144
73 12 31 108
73 13 13 81
73 21 16 108
73 22 7 57
73 23 25 6
73 24 3 48
73 29 58 14
73 32 53 129
73 37 40 79
74 1 25 17
74 3 19 140
74 7 4 30
74 13 37 112
74 14 9 71
74 19 40 23
74 20 1 4
74 24 11 48
74 25 31 67
74 27 58 34
74 34 49 138
74 35 44 106
74 37 13 42
75 2 58 10
75 6 41 110
75 10 1 144
75 14 31 71
75 17 19 54
75 18 22 121
75 23 28 19
75 28 13 133
75 29 55 14
75 30 34 135
75 36 7 68
75 37 25 42
75 38 43 87
75 39 37 131
76 1 37 147
76 3 1 75
76 6 10 80
76 8 35 26
76 9 19 118
76 16 7 97
76 17 55 54
76 19 13 23
76 24 47 48
76 27 31 95
76 31 45 65
76 32 26 86
76 33 5 32
76 34 28 101
76 36 15 93
77 1 55 2
77 6 11 110
77 11 9 67
77 12 43 122
77 13 37 81
77 14 19 71
77 15 31 100
77 17 49 21
77 21 13 64
77 23 16 66
77 27 28 34
77 32 7 129
77 34 25 138
77 35 22 63
77 36 1 73
78 1 45 17
78 4 32 117
78 8 27 26
78 10 37 144
78 11 25 24
78 19 41 51
78 21 10 56
78 24 7 48
78 27 49 95
78 33 3 32
78 36 19 130
78 37 55 79
78 39 13 62
78 40 43 31
79 4 1 88
79 6 5 80
79 7 37 30
79 11 27 24
79 13 31 81
79 17 34 15
79 20 23 118
79 21 7 56
79 23 10 19
79 24 25 146
79 30 40 96
79 34 52 138
79 35 56 106
79 38 14 84
80 4 43 88
80 8 55 26
80 9 31 118
80 12 57 108
80 14 47 71
80 15 8 100
80 17 40 21
80 18 2 3
80 24 23 48
80 29 28 124
80 30 19 135
80 31 5 104
80 34 13 101
80 35 37 63
80 38 50 39
81 6 13 110
81 13 7 81
81 14 29 9
81 18 50 121
81 20 23 46
81 21 1 64
81 27 4 34
81 28 43 13
81 30 15 135
81 31 47 65
81 33 40 32
81 34 25 101
81 38 33 84
81 40 10 31
82 6 25 80
82 8 13 26
82 14 7 71
82 15 31 127
82 16 1 20
82 18 10 78
82 20 35 46
82 21 37 108
82 23 22 102
82 32 15 129
82 37 19 79
83 2 16 10
83 11 1 24
83 12 25 108
83 15 49 119
83 19 11 23
83 25 39 67
83 30 43 30
83 31 19 65
83 32 53 86
83 34 58 101
83 36 3 93
83 38 21 87
83 40 9 45
84 1 13 2
84 8 53 26
84 10 21 144
84 14 17 9
84 17 31 21
84 18 4 78
84 19 57 51
84 22 10 57
84 25 45 67
84 31 55 65
84 37 25 137
84 38 39 84
84 39 49 131
85 1 21 103
85 2 34 10
85 3 55 109
85 4 25 117
85 11 51 24
85 14 38 9
85 16 31 97
85 17 10 54
85 19 49 51
85 21 4 64
85 27 1 95
85 29 40 14
85 30 16 20
85 35 13 63
86 1 19 2
86 2 4 10
86 8 15 28
86 10 49 59
86 11 37 67
86 12 25 142
86 13 1 112
86 17 43 21
86 24 13 146
86 25 55 150
86 29 31 14
86 32 39 129
86 33 35 32
86 39 7 107
87 1 7 2
87 8 22 28
87 11 35 67
87 13 46 81
87 16 28 97
87 18 13 121
87 20 25 4
87 23 1 19
87 25 31 92
87 30 4 20
87 32 16 86
87 35 19 106
87 37 37 79
88 3 14 109
88 4 7 88
88 5 34 141
88 6 3 80
88 8 44 26
88 11 38 24
88 12 49 142
88 13 22 81
88 18 55 121
88 30 31 30
88 33 11 18
88 39 25 125
89 2 25 10
89 4 32 33
89 8 37 28
89 11 17 67
89 12 43 130
89 20 57 46
89 27 7 95
89 29 19 124
89 30 22 135
89 34 40 101
89 35 49 63
89 36 3 68
89 40 1 45
90 1 13 53
90 2 10 10
90 4 49 29
90 12 25 130
90 17 7 143
90 18 37 121
90 22 43 57
90 23 22 6
90 24 17 48
90 32 1 86
90 34 19 101
90 37 58 42
90 38 3 84
90 39 31 131
91 1 49 77
91 2 43 10
91 6 13 80
91 8 29 26
91 11 25 67
91 16 3 90
91 18 7 78
91 20 35 118
91 27 16 34
91 29 40 124
91 33 33 32
91 36 19 73
91 37 46 79
91 40 1 31
92 3 1 109
92 4 14 117
92 8 43 28
92 10 8 136
92 18 19 3
92 19 29 23
92 20 37 46
92 21 39 64
92 26 55 91
92 30 52 135
92 32 45 129
92 34 31 138
92 36 25 68
92 37 49 79
93 3 7 109
93 5 40 10
93 7 17 30
93 11 28 67
93 14 3 71
93 18 31 121
93 24 15 48
93 26 19 94
93 28 49 133
93 29 37 14
93 31 43 65
93 32 34 129
93 33 26 32
93 40 23 31
94 8 38 26
94 11 31 24
94 15 50 127
94 19 4 23
94 21 16 64
94 23 58 6
94 25 19 150
94 26 43 76
94 27 13 95
94 29 25 14
94 34 34 138
94 35 1 106
94 36 7 93
94 38 28 87
95 2 46 10
95 4 1 117
95 7 49 103
95 11 19 67
95 13 43 112
95 16 7 90
95 20 5 15
95 21 40 56
95 23 13 102
95 25 31 150
95 26 25 94
95 30 37 135
95 31 29 104
95 34 22 101
95 38 10 47
96 4 15 33
96 5 46 141
96 11 43 24
96 12 49 130
96 20 53 46
96 22 28 57
96 23 37 6
96 24 23 146
96 33 13 32
96 36 7 8
96 37 4 137
96 39 55 107
96 40 21 31
97 1 43 2
97 7 41 30
97 10 26 145
97 12 9 130
97 14 32 9
97 16 22 97
97 21 34 42
97 22 13 57
97 26 37 76
97 29 19 14
97 32 17 129
97 33 7 32
97 39 1 11
98 3 43 75
98 13 49 112
98 14 22 9
98 15 37 100
98 16 13 97
98 17 16 21
98 24 33 146
98 26 3 76
98 29 52 124
98 31 27 65
98 32 31 86
98 33 19 18
98 38 7 47
98 39 56 62
98 40 25 45
99 4 13 88
99 6 37 110
99 8 57 26
99 14 8 9
99 17 22 54
99 23 1 6
99 24 26 48
99 27 10 95
99 32 5 86
99 33 52 32
99 39 31 62
100 7 17 103
100 8 49 26
100 10 31 120
100 11 57 67
100 13 4 112
100 14 19 9
100 17 1 54
100 20 10 46
100 25 37 150
100 27 21 34
100 28 25 133
100 32 13 129
100 34 46 138
100 35 7 106
Điểm tối ưu: 1390
Thời gian: 180.012345 giây
Trạng thái: VALID
