1468
1 2 33 40
1 3 13 102
1 4 31 10
1 8 46 138
1 16 4 52
1 19 55 119
1 20 11 36
1 22 43 7
1 24 25 21
1 25 21 22
1 27 1 130
1 32 37 126
1 33 52 33
1 37 27 85
1 40 7 79
2 1 1 117
2 7 16 131
2 8 19 78
2 12 49 32
2 13 9 44
2 16 56 80
2 18 31 39
2 20 47 37
2 22 4 7
2 24 45 10
2 25 37 22
2 31 40 1
2 33 13 104
2 34 25 129
2 35 22 121
3 4 59 54
3 10 25 128
3 14 43 35
3 16 31 52
3 17 49 143
3 19 55 146
3 20 1 37
3 21 22 24
3 23 15 45
3 27 3 3
3 28 7 144
3 35 52 149
3 37 37 15
3 38 10 27
4 2 2 150
4 4 52 95
4 8 40 103
4 13 50 44
4 17 25 5
4 19 43 132
4 20 20 37
4 21 16 24
4 23 28 88
4 29 31 69
4 31 7 1
4 32 56 126
4 33 37 104
4 34 13 129
4 38 10 12
5 1 51 117
5 3 31 121
5 5 53 148
5 7 58 107
5 9 1 5
5 10 25 25
5 12 37 68
5 24 11 120
5 25 49 130
5 31 55 1
5 32 13 110
5 36 19 28
5 39 44 58
5 40 7 137
6 2 25 90
6 4 29 95
6 13 41 44
6 17 22 48
6 19 37 132
6 23 17 88
6 24 1 10
6 29 13 58
6 30 43 140
6 31 10 116
6 32 57 47
6 34 35 9
6 35 7 149
6 38 3 12
6 40 31 46
7 1 9 117
7 2 44 136
7 5 11 55
7 6 13 34
7 8 31 64
7 12 50 6
7 16 28 52
7 17 34 143
7 18 15 96
7 20 41 37
7 22 55 51
7 30 37 82
7 35 25 149
7 37 19 85
7 40 2 26
8 4 34 3
8 6 1 95
8 9 52 5
8 10 27 127
8 11 16 87
8 13 25 113
8 16 43 57
8 17 13 143
8 22 57 7
8 23 23 45
8 29 19 49
8 31 4 1
8 32 7 110
8 33 37 88
8 38 31 12
9 1 20 117
9 2 31 90
9 4 59 10
9 6 29 80
9 8 16 103
9 9 13 132
9 14 51 42
9 15 55 141
9 18 37 147
9 21 22 41
9 27 44 67
9 29 7 41
9 35 2 149
9 36 25 76
10 4 40 54
10 6 23 14
10 10 31 73
10 15 7 61
10 16 58 17
10 17 19 5
10 19 43 21
10 25 53 62
10 27 25 130
10 28 55 98
10 29 49 55
10 31 37 116
10 37 1 91
10 38 28 81
10 39 13 135
11 5 1 38
11 10 7 93
11 13 29 44
11 16 37 80
11 18 13 67
11 26 55 111
11 28 3 129
11 30 31 74
11 32 19 110
11 36 49 76
11 37 57 85
11 39 25 32
11 40 43 26
12 1 41 117
12 9 4 132
12 10 49 25
12 11 1 87
12 14 55 120
12 15 31 61
12 17 38 143
12 20 7 36
12 22 28 7
12 23 11 11
12 27 46 130
12 31 25 50
12 35 43 114
12 37 19 105
12 39 13 32
13 4 37 54
13 8 16 78
13 9 10 132
13 13 35 113
13 16 43 80
13 17 1 143
13 18 19 39
13 19 27 21
13 21 46 41
13 27 32 130
13 28 13 144
13 29 49 69
13 31 7 116
13 39 56 135
14 2 25 40
14 3 55 52
14 8 46 78
14 11 43 124
14 12 13 141
14 13 7 44
14 15 37 61
14 17 4 143
14 19 9 23
14 20 1 36
14 26 19 94
14 34 21 9
14 35 34 136
14 38 31 27
14 40 50 46
15 1 1 20
15 8 28 78
15 10 44 25
15 11 25 124
15 13 3 44
15 14 55 35
15 16 31 80
15 18 7 39
15 25 41 130
15 29 37 58
15 33 21 33
15 34 5 108
15 35 34 149
15 36 49 50
15 37 13 91
16 1 53 117
16 2 43 40
16 4 31 144
16 7 34 107
16 9 13 54
16 12 7 89
16 16 16 52
16 18 2 39
16 20 22 37
16 22 19 7
16 29 25 55
16 34 29 9
16 36 37 79
16 39 49 58
16 40 56 11
17 1 47 117
17 7 7 107
17 8 31 138
17 10 2 93
17 19 43 146
17 20 15 37
17 21 55 32
17 23 21 11
17 24 23 57
17 26 13 94
17 28 10 98
17 30 49 74
17 32 37 47
17 35 34 114
17 37 25 15
18 7 19 56
18 11 22 18
18 12 1 6
18 15 49 141
18 17 14 48
18 19 37 23
18 25 9 22
18 26 7 94
18 28 28 98
18 31 25 1
18 34 41 9
18 35 46 114
18 37 55 105
18 38 43 27
18 40 31 26
19 2 7 90
19 3 55 16
19 4 19 10
19 5 29 148
19 6 34 14
19 13 5 113
19 14 25 35
19 17 22 5
19 19 49 21
19 22 31 7
19 27 16 3
19 28 13 98
19 29 37 41
19 30 1 74
19 32 43 110
20 2 25 150
20 3 55 149
20 6 29 14
20 7 31 107
20 8 22 103
20 14 49 120
20 15 37 141
20 17 19 48
20 22 7 7
20 23 41 11
20 27 46 3
20 29 14 55
20 31 10 1
20 32 2 126
20 35 43 149
21 1 13 117
21 5 29 38
21 6 10 80
21 7 19 69
21 8 58 64
21 10 15 25
21 11 7 87
21 15 1 61
21 26 35 94
21 27 52 3
21 29 25 41
21 31 22 116
21 33 40 98
21 36 43 79
21 39 31 8
22 2 37 150
22 5 19 38
22 7 7 77
22 9 22 51
22 11 10 135
22 15 32 72
22 18 49 115
22 19 56 87
22 20 17 36
22 21 43 24
22 31 46 1
22 32 13 126
22 37 1 105
22 40 25 26
23 2 32 150
23 4 29 144
23 6 1 14
23 7 56 69
23 8 37 64
23 9 7 51
23 10 19 73
23 13 23 44
23 17 10 31
23 19 43 119
23 24 4 120
23 25 51 22
23 27 40 3
23 29 13 41
23 36 25 28
24 4 23 95
24 5 35 148
24 7 13 131
24 8 4 103
24 10 37 127
24 13 29 113
24 14 7 35
24 15 25 61
24 18 19 147
24 19 55 23
24 22 52 51
24 27 49 107
24 28 1 144
24 40 31 79
25 3 19 84
25 7 31 77
25 8 8 64
25 10 43 73
25 14 37 134
25 17 52 143
25 20 34 37
25 24 23 120
25 29 2 68
25 30 25 82
25 34 17 9
25 37 56 15
25 38 49 81
25 40 13 46
26 2 13 150
26 6 7 95
26 8 34 78
26 9 4 51
26 12 55 6
26 16 25 80
26 19 19 21
26 21 49 24
26 23 29 11
26 24 9 21
26 28 1 142
26 29 43 55
26 31 31 1
26 34 59 129
26 36 37 76
27 1 25 117
27 2 31 142
27 4 46 54
27 5 13 38
27 8 1 64
27 10 8 127
27 15 27 141
27 17 55 143
27 19 15 148
27 24 41 21
27 26 58 30
27 27 43 3
27 28 4 144
27 37 19 15
27 39 50 8
28 3 49 52
28 9 22 132
28 11 39 87
28 15 31 128
28 16 7 80
28 23 10 45
28 24 35 57
28 26 13 111
28 27 19 3
28 30 25 140
28 31 56 116
28 35 1 114
28 37 15 56
28 39 44 8
29 2 37 90
29 3 49 121
29 4 47 10
29 9 25 54
29 14 13 35
29 19 43 87
29 24 11 57
29 25 1 22
29 27 28 130
29 29 3 49
29 32 7 126
29 33 55 88
29 36 31 28
29 39 19 75
30 1 33 117
30 4 59 3
30 5 11 148
30 10 55 93
30 13 25 44
30 17 49 5
30 18 38 67
30 19 13 146
30 20 3 37
30 22 43 45
30 23 19 88
30 24 5 10
30 30 7 74
30 34 1 9
30 38 52 27
31 3 9 115
31 5 13 148
31 6 15 80
31 9 43 54
31 13 1 113
31 16 55 57
31 17 28 5
31 19 19 119
31 20 7 37
31 21 4 24
31 26 23 111
31 28 52 144
31 29 37 49
31 33 25 88
31 39 32 24
32 5 16 66
32 8 27 64
32 9 13 51
32 10 1 25
32 12 37 6
32 13 43 113
32 14 45 42
32 16 58 57
32 18 31 147
32 19 8 146
32 25 35 22
32 26 25 111
32 32 19 126
32 34 5 9
32 36 49 79
33 3 55 121
33 7 13 107
33 9 31 132
33 11 16 124
33 13 5 44
33 14 49 134
33 15 39 100
33 16 19 80
33 20 37 37
33 23 3 88
33 28 34 144
33 29 7 55
33 35 22 149
33 38 46 27
33 39 25 135
34 4 55 144
34 5 3 66
34 6 5 34
34 9 10 51
34 12 31 141
34 15 13 72
34 22 49 51
34 23 7 45
34 24 1 21
34 27 38 130
34 29 20 68
34 34 47 129
34 35 28 149
34 38 25 12
34 40 43 46
35 3 45 121
35 4 43 10
35 11 40 124
35 16 37 57
35 17 1 48
35 19 32 87
35 21 13 24
35 22 52 7
35 23 17 11
35 25 21 130
35 26 19 111
35 31 4 116
35 36 55 28
35 39 25 58
35 40 7 26
36 2 19 40
36 4 46 95
36 8 28 103
36 9 7 5
36 10 31 127
36 11 2 135
36 12 55 89
36 13 10 113
36 15 49 100
36 24 5 57
36 25 16 130
36 27 13 3
36 33 25 98
36 38 43 12
36 39 37 8
37 2 37 142
37 3 55 84
37 5 8 38
37 9 16 51
37 11 25 87
37 17 46 143
37 22 49 45
37 24 11 21
37 25 13 22
37 26 31 111
37 31 19 116
37 33 22 104
37 34 28 129
37 38 34 27
37 39 1 8
38 3 19 102
38 5 35 38
38 12 45 6
38 16 1 17
38 17 37 5
38 18 55 39
38 23 32 88
38 25 53 22
38 29 25 49
38 33 4 33
38 34 13 9
38 35 40 149
38 36 8 76
38 37 15 105
38 39 49 135
39 3 49 16
39 5 9 148
39 6 3 14
39 12 13 89
39 13 17 44
39 14 25 134
39 16 46 80
39 20 5 36
39 21 19 24
39 23 1 88
39 31 22 1
39 33 43 104
39 36 38 33
39 37 31 105
40 5 5 148
40 6 3 80
40 7 22 69
40 8 7 145
40 10 55 127
40 13 20 44
40 19 15 119
40 21 43 41
40 25 13 130
40 30 31 9
40 32 50 126
40 33 46 88
40 36 25 79
40 39 37 75
41 1 23 117
41 2 19 142
41 4 16 95
41 8 55 64
41 9 38 51
41 11 10 87
41 12 43 68
41 23 25 11
41 25 35 130
41 26 27 94
41 30 1 140
41 32 31 126
41 33 13 33
41 35 49 114
41 38 52 81
42 3 3 16
42 5 41 148
42 6 27 95
42 9 43 51
42 12 31 89
42 19 13 23
42 20 55 37
42 21 46 32
42 22 37 7
42 23 1 45
42 25 19 22
42 28 49 98
42 33 57 104
42 36 21 50
42 37 7 91
43 1 29 117
43 2 13 90
43 10 9 25
43 11 55 124
43 12 25 68
43 13 35 44
43 14 20 35
43 15 1 72
43 19 31 23
43 24 7 10
43 25 43 22
43 29 45 49
43 36 37 28
43 37 49 85
44 6 7 34
44 9 32 54
44 11 58 124
44 15 25 72
44 17 38 48
44 18 3 147
44 20 29 37
44 21 52 24
44 23 1 11
44 33 49 88
44 34 45 129
44 35 55 114
44 36 9 50
44 39 19 58
44 40 15 34
45 1 49 117
45 4 43 95
45 5 19 66
45 7 45 131
45 12 8 68
45 14 1 42
45 18 25 67
45 21 58 41
45 22 16 7
45 26 5 30
45 29 38 55
45 31 13 50
45 32 51 47
45 37 21 91
45 39 31 135
46 2 19 136
46 3 43 52
46 6 1 34
46 7 52 107
46 10 55 128
46 13 15 113
46 17 40 5
46 23 59 45
46 24 7 21
46 26 17 111
46 27 49 67
46 29 31 55
46 36 3 79
46 37 9 105
46 38 28 27
47 7 43 107
47 8 16 145
47 9 25 51
47 10 31 93
47 15 49 72
47 17 28 48
47 19 55 148
47 20 53 37
47 22 13 7
47 26 5 94
47 30 37 137
47 35 46 149
47 36 1 76
47 37 7 15
47 39 19 32
48 3 43 16
48 6 10 95
48 8 55 103
48 11 28 124
48 13 49 113
48 14 1 35
48 15 19 72
48 19 31 119
48 22 52 45
48 24 17 10
48 27 7 3
48 29 13 49
48 33 58 31
48 38 25 27
48 39 39 32
49 1 1 19
49 2 43 142
49 4 40 144
49 5 3 148
49 8 37 138
49 9 34 132
49 20 21 36
49 23 9 11
49 25 7 22
49 28 16 144
49 31 52 116
49 32 25 126
49 33 49 104
49 34 19 9
49 36 55 50
50 1 11 117
50 3 32 16
50 6 19 95
50 9 16 54
50 10 37 93
50 12 43 141
50 15 1 100
50 25 5 130
50 28 21 98
50 31 28 1
50 33 25 104
50 35 13 121
50 39 7 75
50 40 49 34
51 2 43 150
51 6 5 14
51 8 40 138
51 10 49 73
51 11 22 124
51 15 13 100
51 18 7 147
51 19 25 148
51 22 37 77
51 27 58 67
51 32 1 110
51 34 55 129
51 35 19 114
51 36 31 76
52 1 35 117
52 2 21 150
52 6 5 95
52 7 58 131
52 12 49 89
52 14 7 134
52 23 19 11
52 26 29 111
52 27 15 18
52 28 26 144
52 29 44 69
52 35 31 149
52 38 55 12
52 39 1 32
53 1 37 117
53 2 55 40
53 5 23 55
53 8 10 138
53 9 1 51
53 11 7 135
53 16 40 80
53 17 4 5
53 18 31 67
53 19 44 148
53 21 19 41
53 24 13 120
53 25 59 22
53 36 15 79
53 39 25 75
54 5 5 55
54 10 31 25
54 14 1 134
54 15 55 100
54 16 13 17
54 19 26 119
54 21 10 24
54 23 21 88
54 24 16 57
54 25 39 22
54 27 7 18
54 28 52 98
54 31 49 1
54 39 44 75
55 2 50 40
55 4 41 10
55 7 28 107
55 11 22 135
55 12 1 89
55 15 55 72
55 19 37 119
55 21 19 131
55 24 13 10
55 25 10 130
55 30 15 82
55 32 43 126
55 35 7 121
55 37 31 85
56 10 55 73
56 15 1 128
56 17 16 143
56 20 41 36
56 21 25 131
56 25 5 22
56 28 31 98
56 30 44 74
56 31 34 1
56 32 7 47
56 34 49 129
56 35 13 114
56 36 37 20
56 38 28 12
56 40 19 46
57 8 25 78
57 9 1 54
57 12 15 68
57 14 37 35
57 15 55 61
57 16 10 52
57 19 49 23
57 20 5 37
57 23 13 45
57 24 8 57
57 25 47 22
57 28 21 144
57 33 31 104
57 35 28 114
57 40 43 34
58 1 16 117
58 3 37 121
58 7 1 107
58 8 13 145
58 10 21 127
58 11 4 18
58 15 44 61
58 18 26 39
58 19 33 21
58 21 7 24
58 23 10 88
58 26 31 30
58 29 55 55
58 34 19 129
58 40 49 26
59 8 16 138
59 10 43 93
59 11 19 135
59 12 50 68
59 13 31 113
59 16 22 80
59 17 28 143
59 19 55 21
59 24 14 57
59 30 7 140
59 33 25 33
59 36 37 50
59 39 1 75
60 5 40 38
60 7 2 69
60 10 13 93
60 15 50 128
60 16 28 57
60 19 31 148
60 20 23 36
60 21 58 32
60 24 17 120
60 27 37 3
60 29 19 55
60 34 9 9
60 35 25 114
60 39 43 135
61 3 55 102
61 5 23 148
61 6 14 95
61 8 4 64
61 10 37 25
61 14 25 120
61 19 31 146
61 21 52 41
61 22 46 45
61 23 7 11
61 26 29 94
61 28 9 129
61 31 1 116
61 33 16 104
61 36 19 76
62 11 34 124
62 13 17 113
62 15 37 128
62 16 19 52
62 17 43 31
62 18 7 67
62 19 49 87
62 20 27 37
62 22 46 7
62 24 11 10
62 25 23 130
62 31 31 116
62 32 13 47
62 36 1 62
62 40 55 34
63 2 50 150
63 5 5 66
63 10 7 73
63 12 25 6
63 13 41 113
63 15 19 61
63 16 13 52
63 23 3 45
63 26 59 94
63 33 43 98
63 34 46 9
63 36 55 33
63 38 16 81
63 39 37 24
63 40 31 34
64 2 7 150
64 4 29 10
64 7 16 69
64 16 1 52
64 17 31 143
64 22 22 7
64 23 13 88
64 25 41 22
64 27 52 67
64 28 4 98
64 30 55 140
64 34 11 9
64 35 19 121
64 36 43 50
64 39 25 8
65 3 37 52
65 4 49 54
65 6 41 95
65 9 1 132
65 10 43 127
65 11 28 87
65 13 13 113
65 15 19 128
65 17 10 48
65 22 31 45
65 23 5 45
65 33 52 88
65 34 34 129
65 36 55 76
65 37 15 85
66 1 4 117
66 3 37 16
66 4 35 54
66 5 23 38
66 7 1 131
66 15 14 61
66 22 25 45
66 29 49 49
66 30 43 82
66 31 28 116
66 33 31 33
66 36 55 79
66 37 7 85
66 39 19 8
67 1 56 117
67 2 25 142
67 4 35 95
67 7 49 131
67 9 7 54
67 11 13 87
67 15 31 100
67 18 37 39
67 26 10 111
67 28 58 98
67 29 1 58
67 30 43 137
67 32 19 47
67 33 16 98
67 35 52 114
68 1 45 117
68 6 11 14
68 9 52 132
68 11 31 124
68 12 13 6
68 14 19 134
68 18 55 147
68 23 17 45
68 24 3 10
68 27 28 146
68 28 49 144
68 29 7 49
68 30 37 140
68 31 25 116
69 2 25 136
69 7 55 107
69 10 1 127
69 11 19 124
69 13 47 44
69 17 7 48
69 18 43 39
69 23 5 11
69 24 17 21
69 25 31 22
69 27 22 3
69 31 58 1
69 32 33 47
69 37 49 15
69 40 13 137
70 1 43 117
70 2 21 109
70 3 13 16
70 4 19 144
70 6 11 34
70 9 55 5
70 14 45 120
70 21 8 131
70 23 5 88
70 25 25 22
70 28 40 129
70 31 37 1
70 32 31 110
70 37 1 85
70 39 50 75
71 2 7 136
71 3 43 115
71 4 49 10
71 5 25 38
71 6 5 80
71 8 40 64
71 10 1 73
71 18 13 147
71 20 33 36
71 25 19 130
71 26 31 94
71 27 28 3
71 28 37 129
71 35 22 114
71 39 55 24
72 2 8 40
72 4 17 102
72 5 55 38
72 6 3 95
72 9 19 132
72 12 31 6
72 15 43 72
72 25 57 22
72 26 1 30
72 27 49 146
72 30 13 74
72 31 52 1
72 37 25 105
72 38 22 12
72 40 37 34
73 2 55 142
73 9 28 132
73 10 7 128
73 16 40 57
73 18 19 67
73 20 13 36
73 23 35 11
73 24 3 21
73 25 11 22
73 26 37 94
73 34 25 9
73 35 16 149
73 36 49 28
73 37 44 15
73 39 31 32
74 6 19 14
74 7 52 131
74 8 49 64
74 9 34 51
74 11 13 124
74 12 45 89
74 13 37 113
74 23 40 45
74 24 55 10
74 26 10 94
74 34 31 129
74 35 16 114
74 37 1 15
74 38 7 27
74 39 25 24
75 1 2 29
75 6 13 80
75 7 7 69
75 11 4 87
75 13 15 44
75 14 32 35
75 16 25 52
75 19 37 21
75 20 19 36
75 23 50 11
75 24 22 10
75 26 41 111
75 31 44 116
75 32 55 110
75 34 59 9
76 2 55 90
76 4 25 95
76 5 10 66
76 6 17 80
76 7 46 107
76 10 49 127
76 14 13 134
76 16 22 52
76 17 7 143
76 22 19 77
76 24 2 120
76 29 37 69
76 30 32 137
76 36 27 20
76 38 4 81
77 1 27 117
77 8 52 138
77 18 37 115
77 20 32 37
77 21 1 24
77 22 49 7
77 26 7 30
77 29 55 68
77 33 34 98
77 34 43 9
77 35 10 149
77 36 45 33
77 39 13 8
77 40 19 34
78 1 5 69
78 7 10 107
78 8 22 78
78 9 31 51
78 10 26 93
78 13 7 113
78 15 15 128
78 18 51 39
78 22 19 45
78 23 13 11
78 27 55 67
78 28 58 144
78 30 39 74
78 33 1 33
78 40 43 11
79 2 19 90
79 5 17 38
79 15 44 100
79 16 4 59
79 19 49 148
79 21 28 131
79 22 34 45
79 27 25 3
79 28 37 144
79 29 55 58
79 31 13 116
79 33 40 88
79 35 31 114
79 38 1 81
79 39 7 58
80 4 43 144
80 9 31 5
80 10 13 73
80 11 4 124
80 12 19 89
80 14 57 42
80 15 25 100
80 17 46 5
80 19 50 119
80 25 55 22
80 33 34 104
80 35 8 114
80 38 1 27
80 40 37 26
81 3 27 16
81 6 7 14
81 7 4 131
81 9 19 54
81 11 37 124
81 13 22 113
81 17 10 143
81 20 13 37
81 23 15 11
81 24 25 10
81 28 46 98
81 29 31 41
81 30 49 82
81 31 40 116
81 33 1 98
82 3 13 115
82 6 53 34
82 11 20 87
82 16 34 80
82 19 27 23
82 20 25 37
82 21 31 131
82 23 23 11
82 25 49 22
82 26 37 30
82 27 55 130
82 28 10 144
82 30 3 82
82 34 1 129
82 37 43 85
83 2 50 142
83 5 11 38
83 6 47 34
83 10 26 73
83 13 37 44
83 15 7 100
83 16 34 52
83 17 14 5
83 18 1 67
83 19 39 146
83 20 31 36
83 21 22 131
83 24 5 21
83 37 43 105
83 38 19 81
84 1 1 96
84 3 25 84
84 4 55 54
84 8 3 78
84 9 58 5
84 12 37 89
84 14 19 120
84 21 46 24
84 22 34 7
84 30 49 140
84 31 43 1
84 33 8 33
84 34 23 9
84 37 14 15
85 5 3 38
85 6 1 80
85 7 37 107
85 9 7 132
85 12 25 89
85 15 49 61
85 17 20 143
85 22 10 7
85 25 16 22
85 26 35 111
85 27 43 130
85 29 31 58
85 35 13 149
85 38 40 12
85 40 55 46
86 2 55 150
86 3 2 84
86 7 21 107
86 8 37 145
86 9 28 51
86 14 43 134
86 17 25 143
86 18 13 39
86 20 17 37
86 22 40 7
86 24 7 120
86 27 49 3
86 29 32 49
86 34 47 125
86 38 9 81
87 1 23 20
87 3 38 84
87 7 4 107
87 11 1 124
87 12 7 6
87 13 11 44
87 20 49 37
87 22 28 45
87 26 17 30
87 27 51 130
87 30 19 82
87 31 14 1
87 32 43 47
87 36 31 50
87 39 55 75
88 2 43 90
88 4 28 54
88 5 47 55
88 6 9 14
88 7 13 69
88 8 19 64
88 9 22 54
88 14 56 134
88 18 49 147
88 19 37 148
88 21 34 131
88 31 1 1
88 33 16 33
88 34 7 9
89 1 5 96
89 2 38 40
89 5 35 55
89 10 55 25
89 13 46 113
89 15 7 72
89 22 19 51
89 27 31 3
89 28 22 129
89 30 26 74
89 31 49 116
89 33 43 88
89 34 52 9
89 35 2 121
89 39 13 75
90 2 13 40
90 3 27 121
90 5 31 38
90 6 58 14
90 9 4 54
90 11 40 135
90 12 19 141
90 13 1 44
90 16 46 57
90 21 43 32
90 22 55 45
90 25 33 22
90 28 51 129
90 33 37 98
90 39 7 32
91 3 7 84
91 4 52 54
91 5 15 38
91 9 34 5
91 10 19 93
91 16 25 57
91 18 43 147
91 21 55 131
91 24 31 21
91 25 23 22
91 31 28 50
91 32 1 47
91 34 5 125
91 37 37 85
91 38 49 27
92 1 59 117
92 2 49 90
92 5 1 66
92 9 56 132
92 10 13 127
92 14 31 134
92 15 7 141
92 19 19 148
92 20 44 37
92 22 25 7
92 24 3 57
92 33 28 104
92 34 37 9
92 37 39 105
93 3 3 115
93 4 53 10
93 9 10 5
93 11 7 124
93 14 25 42
93 15 45 128
93 20 58 36
93 22 37 45
93 26 1 111
93 30 31 82
93 32 49 110
93 34 43 129
93 36 19 79
93 38 55 81
93 40 13 26
94 7 16 107
94 11 37 135
94 12 31 68
94 14 49 35
94 15 19 100
94 16 7 17
94 19 1 23
94 20 10 37
94 21 40 131
94 23 35 88
94 28 13 142
94 29 55 49
94 32 25 110
94 36 45 76
95 2 1 90
95 3 19 16
95 4 59 95
95 6 53 80
95 9 10 54
95 10 49 93
95 13 31 44
95 18 25 96
95 19 44 23
95 23 23 88
95 28 7 98
95 31 34 116
95 32 37 110
95 36 13 28
95 39 55 8
96 1 53 19
96 5 5 38
96 7 10 69
96 9 16 132
96 10 37 73
96 12 19 6
96 13 13 44
96 16 7 52
96 17 45 48
96 27 55 3
96 29 1 41
96 32 26 47
96 33 58 88
96 37 49 105
96 39 31 75
97 4 37 95
97 5 13 66
97 7 40 107
97 8 7 103
97 11 10 124
97 12 1 141
97 17 43 5
97 23 27 11
97 24 23 21
97 28 15 129
97 30 31 140
97 35 19 149
97 37 49 91
97 40 55 26
98 1 31 117
98 3 3 102
98 4 35 10
98 5 1 148
98 8 37 78
98 9 46 51
98 10 20 25
98 18 25 147
98 21 49 41
98 24 33 57
98 25 29 22
98 26 17 94
98 27 10 3
98 34 7 129
98 36 13 76
99 5 7 148
99 15 37 72
99 16 51 57
99 21 55 41
99 22 58 51
99 24 13 21
99 26 23 94
99 29 25 69
99 31 1 50
99 35 4 114
99 36 43 28
99 38 15 27
99 39 9 8
99 40 19 26
100 1 7 117
100 3 9 16
100 4 51 10
100 7 37 131
100 8 4 138
100 17 25 48
100 19 21 23
100 22 1 7
100 24 19 57
100 28 45 144
100 30 13 140
100 33 28 33
100 35 40 114
100 37 31 15
100 40 55 137
Điểm tối ưu: 1468
Thời gian: 180.041370 giây
Trạng thái: VALID
