4449
1 15 32 326
1 23 34 390
1 24 19 175
1 36 5 131
1 42 58 206
1 50 9 172
1 67 41 22
1 69 14 392
1 77 51 284
1 79 22 226
1 83 1 371
1 86 44 322
1 103 25 267
1 110 37 73
1 116 55 69
2 8 13 80
2 23 20 177
2 27 55 90
2 28 51 53
2 41 3 200
2 42 15 206
2 50 39 57
2 53 1 193
2 57 46 18
2 70 27 82
2 76 31 361
2 83 7 371
2 93 25 52
2 102 58 349
2 113 23 149
3 6 9 345
3 24 34 175
3 30 55 102
3 37 57 423
3 40 26 351
3 45 15 320
3 53 49 198
3 64 21 30
3 76 3 246
3 77 38 284
3 80 52 372
3 85 47 333
3 90 7 88
3 109 43 380
3 115 31 123
4 17 58 388
4 21 29 311
4 27 53 251
4 40 25 391
4 45 13 54
4 48 3 334
4 51 19 172
4 60 56 231
4 61 39 220
4 69 31 325
4 76 45 71
4 102 37 349
4 108 8 426
4 110 49 36
5 2 58 421
5 6 44 443
5 8 7 104
5 12 55 50
5 18 28 367
5 25 19 209
5 38 52 116
5 41 25 93
5 48 38 388
5 65 13 178
5 69 1 421
5 73 5 151
5 95 10 282
5 117 31 106
5 119 15 26
6 14 3 359
6 22 8 75
6 25 43 209
6 26 29 180
6 29 20 173
6 45 39 320
6 49 13 326
6 67 49 225
6 72 32 396
6 81 15 338
6 85 57 374
6 86 51 115
6 95 26 282
6 97 37 375
6 102 23 300
7 2 56 288
7 7 38 132
7 33 44 381
7 34 25 47
7 39 31 208
7 40 19 31
7 42 1 401
7 48 13 113
7 56 51 308
7 69 7 392
7 71 46 301
7 73 17 39
7 89 29 206
7 101 59 158
7 118 4 67
8 8 53 244
8 29 50 173
8 37 19 202
8 48 44 388
8 55 37 217
8 70 57 82
8 76 26 71
8 78 23 83
8 86 1 189
8 100 32 381
8 106 55 330
8 110 8 328
8 116 40 48
8 119 14 250
9 5 19 300
9 22 4 437
9 44 32 374
9 45 39 236
9 47 13 406
9 54 22 389
9 59 7 358
9 66 56 81
9 68 2 313
9 70 51 82
9 73 17 151
9 88 25 112
9 90 34 285
9 119 44 95
10 1 34 264
10 18 37 56
10 25 1 209
10 33 13 430
10 37 55 108
10 45 20 408
10 51 25 35
10 52 59 343
10 53 40 193
10 60 32 90
10 94 52 179
10 96 7 185
10 97 11 381
10 101 47 391
10 112 16 83
11 9 46 244
11 10 56 5
11 22 49 407
11 23 26 177
11 31 20 16
11 33 52 430
11 48 1 23
11 50 14 367
11 64 33 28
11 67 5 371
11 75 43 143
11 81 7 325
11 83 37 428
11 97 23 422
11 98 41 50
12 5 49 378
12 8 47 149
12 12 43 257
12 14 28 352
12 29 2 131
12 31 10 16
12 35 16 207
12 43 13 239
12 50 20 57
12 64 55 11
12 67 35 225
12 82 25 438
12 90 38 234
12 106 5 330
13 3 1 302
13 16 22 343
13 25 15 225
13 29 40 173
13 33 25 430
13 41 11 226
13 59 56 48
13 62 13 411
13 64 33 432
13 67 19 114
13 88 51 403
13 100 7 178
13 107 29 296
13 113 47 78
13 118 43 106
14 1 58 264
14 33 37 51
14 37 7 25
14 43 27 433
14 45 45 49
14 47 21 362
14 55 55 60
14 59 1 66
14 61 39 298
14 64 32 30
14 89 53 295
14 100 14 381
14 118 50 194
15 15 4 240
15 20 9 200
15 22 1 280
15 23 26 390
15 26 44 256
15 34 37 129
15 51 49 434
15 57 15 18
15 64 19 294
15 71 57 446
15 90 29 285
15 95 46 198
15 105 52 224
15 106 7 330
15 109 33 140
16 12 28 242
16 32 55 212
16 36 46 368
16 42 43 401
16 44 49 220
16 50 2 192
16 52 7 332
16 60 32 231
16 90 16 234
16 95 51 282
16 109 21 117
16 111 35 251
16 115 9 163
16 118 39 7
16 120 58 110
17 15 14 240
17 17 43 122
17 23 49 177
17 29 55 202
17 32 58 261
17 49 40 247
17 52 38 419
17 61 8 275
17 70 31 89
17 73 23 81
17 86 19 102
17 91 52 409
17 100 46 381
17 114 1 99
17 119 27 26
18 5 25 378
18 23 52 177
18 24 49 126
18 27 28 251
18 37 2 423
18 39 31 449
18 40 13 391
18 41 37 93
18 46 9 203
18 49 7 247
18 68 23 313
18 81 39 415
18 83 56 371
18 84 19 258
18 92 44 407
19 1 5 38
19 4 43 314
19 16 38 437
19 19 7 190
19 25 15 41
19 53 29 145
19 56 9 277
19 63 41 256
19 66 33 81
19 72 55 146
19 80 2 46
19 82 25 420
19 94 50 8
19 96 20 37
19 102 13 349
20 5 37 87
20 20 21 200
20 36 25 122
20 44 27 374
20 50 32 57
20 51 40 434
20 52 29 108
20 69 1 347
20 72 56 273
20 82 46 438
20 83 14 196
20 84 8 263
20 100 51 381
20 107 5 3
20 118 43 104
21 1 23 38
21 2 37 258
21 6 32 332
21 20 9 147
21 23 56 326
21 27 17 356
21 30 5 298
21 35 52 66
21 37 26 142
21 56 13 388
21 64 44 360
21 66 40 81
21 67 59 447
21 81 19 415
21 94 1 237
22 6 2 345
22 25 51 363
22 29 39 202
22 32 58 151
22 50 44 389
22 61 21 275
22 66 55 444
22 69 7 347
22 73 25 39
22 88 13 403
22 89 17 91
22 96 27 51
22 104 33 3
23 4 38 432
23 19 35 231
23 32 46 372
23 37 27 228
23 46 49 276
23 56 13 89
23 75 7 7
23 80 19 372
23 85 1 287
23 86 55 115
23 91 17 219
23 93 31 272
23 94 43 237
23 95 3 98
23 112 22 280
24 5 7 87
24 16 43 208
24 21 40 116
24 42 57 401
24 53 17 203
24 54 37 37
24 61 33 275
24 64 19 432
24 73 29 81
24 91 55 409
24 93 49 272
24 94 46 237
24 101 27 319
24 103 2 329
24 111 31 445
25 5 37 303
25 10 56 384
25 18 22 217
25 20 51 200
25 22 13 75
25 33 32 430
25 46 7 135
25 48 26 294
25 65 49 178
25 68 41 313
25 74 11 112
25 76 1 316
25 102 20 212
25 105 16 273
25 117 44 305
26 1 53 273
26 4 49 140
26 17 13 163
26 45 38 293
26 52 1 343
26 55 22 373
26 57 55 72
26 60 34 90
26 67 16 116
26 68 25 313
26 97 10 422
26 103 44 35
26 108 27 303
26 112 7 122
26 120 3 314
27 6 38 154
27 8 29 80
27 12 31 257
27 18 34 388
27 29 7 173
27 39 44 413
27 46 49 61
27 59 13 48
27 60 1 157
27 83 3 428
27 86 25 119
27 92 55 359
27 93 59 272
27 106 53 330
27 118 21 104
28 2 40 258
28 5 1 303
28 23 27 326
28 24 52 266
28 27 13 90
28 43 7 239
28 44 50 374
28 55 37 60
28 66 43 177
28 91 34 219
28 97 17 422
28 100 46 126
28 103 20 424
28 110 55 156
28 115 31 114
29 8 35 233
29 26 16 180
29 32 39 261
29 38 52 44
29 64 20 377
29 70 7 95
29 77 26 25
29 85 1 306
29 91 37 409
29 94 32 425
29 99 44 34
29 108 3 426
29 109 55 142
29 111 59 397
29 116 49 48
30 1 47 264
30 9 58 244
30 18 7 183
30 24 34 266
30 27 38 356
30 35 27 207
30 36 51 368
30 37 13 108
30 41 19 226
30 55 1 60
30 57 44 211
30 63 32 256
30 77 21 221
30 90 55 234
30 102 40 354
31 13 13 318
31 15 34 240
31 17 31 91
31 23 46 11
31 24 28 175
31 25 49 412
31 37 15 25
31 39 19 208
31 41 55 401
31 56 37 385
31 66 58 444
31 74 44 431
31 77 8 333
31 99 1 297
31 100 25 381
32 1 1 264
32 11 14 119
32 18 7 416
32 30 37 102
32 36 10 368
32 44 52 374
32 49 23 326
32 61 26 220
32 66 40 444
32 87 56 324
32 93 35 52
32 105 4 208
32 112 49 122
32 114 44 29
32 116 20 243
33 5 13 378
33 9 16 233
33 10 51 384
33 19 1 190
33 24 46 189
33 54 43 264
33 73 5 6
33 75 26 293
33 78 3 88
33 84 55 36
33 88 31 112
33 89 35 295
33 105 9 55
33 107 21 312
33 117 39 6
34 22 55 338
34 40 43 351
34 43 25 336
34 51 28 434
34 53 7 132
34 56 15 281
34 57 10 18
34 60 23 231
34 70 38 84
34 71 4 63
34 77 31 25
34 86 19 47
34 95 58 198
34 96 51 37
34 118 1 67
35 6 13 345
35 33 46 238
35 36 23 368
35 46 19 443
35 51 43 274
35 59 26 358
35 82 51 438
35 83 56 196
35 91 1 219
35 100 34 15
35 102 53 349
35 106 11 330
35 109 3 380
35 113 9 336
35 116 40 280
36 14 1 359
36 27 11 356
36 47 43 406
36 51 25 255
36 59 19 447
36 61 3 271
36 62 23 64
36 70 14 82
36 79 56 370
36 81 7 314
36 82 59 438
36 83 50 371
36 96 33 51
36 119 38 344
37 6 50 62
37 16 31 84
37 28 14 375
37 33 1 51
37 41 19 200
37 45 27 320
37 50 45 418
37 54 55 442
37 60 58 90
37 64 3 134
37 74 34 431
37 102 43 300
37 110 37 379
37 119 21 26
37 120 7 294
38 13 31 406
38 18 58 46
38 23 33 177
38 24 40 61
38 45 3 408
38 49 38 247
38 55 43 60
38 56 50 33
38 65 23 450
38 70 8 82
38 74 26 431
38 86 15 115
38 92 28 341
38 100 20 381
38 105 55 296
39 23 22 390
39 27 37 90
39 34 25 380
39 35 19 442
39 36 10 223
39 42 16 401
39 47 2 414
39 66 13 444
39 69 56 79
39 71 33 446
39 78 44 83
39 92 49 169
39 94 52 237
39 106 40 330
40 4 3 228
40 11 19 405
40 19 47 190
40 33 25 51
40 35 58 338
40 37 14 423
40 39 43 298
40 46 9 398
40 64 33 377
40 81 50 291
40 83 38 248
40 90 31 87
40 102 1 110
40 103 27 329
40 115 55 123
41 6 9 332
41 13 49 318
41 14 29 18
41 18 52 176
41 21 20 137
41 30 35 34
41 34 43 227
41 35 4 125
41 44 38 374
41 56 25 300
41 60 47 90
41 61 13 271
41 64 31 294
41 70 56 413
41 92 22 212
42 9 3 84
42 22 52 407
42 30 7 298
42 34 27 420
42 38 49 44
42 42 55 206
42 71 43 301
42 86 15 268
42 87 31 324
42 93 9 52
42 100 38 15
42 102 58 300
42 106 41 449
42 111 13 445
42 115 21 123
43 2 43 135
43 3 9 285
43 9 40 233
43 15 35 326
43 19 33 190
43 25 50 188
43 26 1 180
43 39 20 445
43 51 37 172
43 58 31 215
43 76 13 246
43 81 3 130
43 92 58 169
43 103 26 424
43 116 46 69
44 12 31 212
44 18 22 413
44 37 7 9
44 40 49 351
44 49 15 247
44 67 19 71
44 70 44 89
44 79 25 370
44 92 38 359
44 99 56 427
44 107 53 312
44 109 1 109
44 113 13 78
44 116 34 48
44 118 28 104
45 2 10 288
45 10 27 5
45 15 25 326
45 20 3 193
45 48 21 335
45 52 47 332
45 55 31 62
45 59 57 66
45 72 43 273
45 73 1 300
45 79 34 370
45 81 15 137
45 104 7 3
45 108 51 426
45 116 37 69
46 14 51 359
46 17 25 405
46 27 45 90
46 45 20 320
46 49 58 414
46 60 43 157
46 62 35 64
46 71 14 427
46 73 49 39
46 77 3 217
46 85 41 333
46 103 9 35
46 106 38 285
46 113 17 78
46 117 31 316
47 14 53 236
47 23 40 177
47 39 25 208
47 41 55 226
47 42 4 401
47 48 9 193
47 57 50 18
47 60 29 231
47 63 43 384
47 69 57 347
47 79 45 226
47 81 20 325
47 82 38 40
47 118 31 15
47 120 13 110
48 13 35 318
48 27 1 356
48 46 55 113
48 48 31 113
48 49 19 247
48 60 3 231
48 68 10 313
48 73 37 6
48 80 27 46
48 93 21 272
48 106 43 330
48 111 5 397
48 115 13 123
48 117 45 6
48 118 40 104
49 13 21 406
49 14 13 18
49 17 8 40
49 26 28 256
49 27 49 90
49 43 52 239
49 54 46 192
49 58 19 304
49 65 5 178
49 72 1 365
49 79 25 226
49 84 32 36
49 87 38 221
49 95 55 198
49 110 15 156
50 9 22 244
50 13 41 318
50 26 45 180
50 46 56 203
50 53 43 193
50 62 7 64
50 65 49 413
50 75 52 238
50 83 1 248
50 84 26 278
50 85 14 234
50 91 16 409
50 92 33 223
50 105 19 273
50 108 37 21
51 13 43 318
51 16 19 219
51 29 16 173
51 34 27 306
51 47 38 406
51 49 5 282
51 68 35 313
51 71 13 301
51 81 49 338
51 84 31 278
51 85 3 374
51 98 55 42
51 99 7 297
51 106 11 119
51 109 57 188
52 4 19 277
52 12 50 242
52 15 11 240
52 30 13 405
52 33 56 430
52 35 15 168
52 42 46 401
52 52 5 108
52 68 27 313
52 72 1 396
52 77 38 161
52 89 23 179
52 97 9 375
52 101 59 301
52 102 33 300
53 3 50 302
53 15 11 326
53 21 40 137
53 42 34 401
53 49 17 414
53 50 45 58
53 69 26 392
53 79 37 370
53 84 1 255
53 85 43 306
53 90 58 285
53 98 5 200
53 101 7 319
53 103 13 35
53 115 19 154
54 3 43 411
54 9 15 58
54 11 39 16
54 26 13 180
54 30 51 251
54 31 47 341
54 38 19 116
54 41 1 200
54 42 22 401
54 43 25 426
54 45 8 408
54 60 37 231
54 67 59 116
54 97 5 422
54 119 32 179
55 17 37 169
55 18 44 217
55 26 35 180
55 27 23 272
55 28 3 53
55 46 31 203
55 53 19 361
55 61 13 275
55 64 26 432
55 68 17 313
55 78 51 83
55 79 40 226
55 80 7 176
55 81 55 251
55 106 59 119
56 7 3 450
56 25 31 41
56 27 53 90
56 35 46 207
56 37 55 205
56 49 17 282
56 58 1 304
56 64 49 432
56 71 25 189
56 86 9 4
56 95 14 282
56 100 28 381
56 104 43 192
56 108 37 426
56 117 20 6
57 11 45 243
57 12 4 50
57 22 22 407
57 30 25 34
57 32 16 199
57 35 19 168
57 37 57 199
57 58 43 304
57 62 28 411
57 74 11 431
57 78 13 419
57 81 7 415
57 101 40 319
57 103 51 329
57 110 32 379
58 6 1 397
58 11 43 405
58 16 37 424
58 21 17 220
58 23 56 177
58 30 47 82
58 34 49 306
58 49 31 282
58 57 40 211
58 76 13 71
58 80 10 176
58 87 25 376
58 93 7 280
58 95 19 282
58 109 33 188
59 7 26 132
59 13 59 318
59 24 52 175
59 28 55 130
59 37 13 287
59 58 17 304
59 63 49 403
59 84 39 263
59 91 11 409
59 95 21 98
59 100 7 15
59 106 2 330
59 108 33 249
59 113 45 149
59 120 4 294
60 12 43 169
60 30 17 102
60 47 19 414
60 58 47 304
60 62 31 120
60 72 49 273
60 75 13 238
60 76 2 369
60 77 33 284
60 82 28 40
60 86 8 268
60 89 55 179
60 95 57 282
60 100 25 15
60 103 39 35
61 9 32 233
61 18 8 56
61 21 55 220
61 37 3 142
61 38 27 183
61 41 47 116
61 45 38 408
61 49 11 414
61 50 57 192
61 56 43 33
61 81 15 415
61 82 35 310
61 94 51 425
61 103 21 267
61 106 19 330
62 3 51 369
62 6 1 62
62 9 37 244
62 12 40 98
62 16 14 29
62 22 55 280
62 30 47 405
62 34 25 227
62 36 35 76
62 57 58 72
62 68 49 313
62 78 21 257
62 91 45 409
62 92 7 407
62 109 31 109
63 17 28 405
63 25 43 41
63 26 47 180
63 30 5 412
63 33 37 430
63 40 14 351
63 43 2 239
63 54 34 290
63 55 49 60
63 72 7 365
63 76 56 361
63 79 52 370
63 80 40 46
63 88 20 403
63 89 31 347
64 7 2 311
64 8 31 274
64 25 33 209
64 33 56 51
64 34 15 183
64 50 8 192
64 55 40 178
64 62 25 120
64 67 13 225
64 69 43 392
64 74 51 431
64 75 37 425
64 98 19 42
64 120 28 110
65 2 52 181
65 16 58 424
65 21 7 116
65 29 13 173
65 33 10 359
65 36 49 368
65 43 27 239
65 66 2 407
65 76 21 361
65 78 19 257
65 90 5 396
65 98 41 56
65 105 37 233
65 108 33 411
65 116 43 433
66 3 56 411
66 8 43 149
66 11 32 119
66 15 15 326
66 25 25 276
66 26 7 180
66 27 13 356
66 30 53 34
66 36 11 76
66 52 39 343
66 80 19 46
66 86 45 115
66 89 5 347
66 96 1 93
66 116 22 340
67 12 13 50
67 14 49 72
67 41 41 200
67 43 31 239
67 44 35 21
67 45 27 139
67 50 21 192
67 61 1 220
67 62 43 76
67 76 51 361
67 83 7 295
67 92 46 169
67 98 25 42
67 109 57 140
67 114 37 11
68 2 56 80
68 14 31 72
68 16 1 437
68 55 4 373
68 60 11 90
68 65 13 343
68 74 20 112
68 76 7 361
68 92 43 359
68 103 33 35
68 104 46 3
68 110 26 36
68 112 22 384
68 114 38 29
68 115 51 123
69 9 40 85
69 18 25 163
69 21 28 427
69 28 57 176
69 29 2 173
69 31 23 16
69 35 51 449
69 41 5 432
69 56 43 117
69 74 49 112
69 76 7 71
69 89 20 211
69 100 32 178
69 107 38 312
69 110 13 379
70 1 31 264
70 4 21 101
70 15 39 240
70 19 53 190
70 24 55 266
70 26 49 29
70 51 46 172
70 59 1 48
70 62 51 64
70 73 7 6
70 85 19 234
70 96 15 51
70 116 58 69
70 117 9 6
70 118 28 272
71 3 7 126
71 10 44 223
71 17 1 169
71 26 53 91
71 33 56 238
71 39 32 413
71 55 15 178
71 58 11 68
71 83 20 248
71 96 39 88
71 106 13 330
71 108 26 21
71 113 4 149
71 117 49 305
71 120 58 202
72 5 31 378
72 9 4 233
72 11 51 405
72 23 16 177
72 27 35 356
72 39 57 445
72 51 40 172
72 79 7 226
72 83 26 76
72 84 19 278
72 85 13 306
72 89 11 295
72 90 2 234
72 91 45 219
72 104 37 3
73 4 57 215
73 17 43 91
73 18 38 135
73 19 47 373
73 22 52 68
73 32 14 151
73 37 31 423
73 39 26 445
73 41 7 411
73 51 49 274
73 60 55 157
73 90 41 92
73 94 9 425
73 110 19 36
73 114 3 29
74 13 15 318
74 16 32 437
74 19 17 190
74 25 57 225
74 35 7 442
74 59 37 447
74 62 46 64
74 74 44 112
74 77 1 284
74 89 13 206
74 93 28 280
74 95 51 198
74 102 49 354
74 105 10 296
74 106 25 285
75 5 28 378
75 8 11 303
75 16 52 424
75 18 4 388
75 29 57 94
75 35 44 168
75 54 49 131
75 59 7 447
75 62 26 64
75 81 31 251
75 83 20 371
75 85 13 251
75 96 15 37
75 101 1 40
75 117 38 145
76 3 39 411
76 15 8 240
76 24 31 61
76 32 10 261
76 41 5 93
76 72 1 146
76 77 57 161
76 81 20 196
76 92 34 359
76 96 25 80
76 99 15 34
76 111 55 445
76 114 45 167
76 120 49 184
77 5 19 378
77 25 8 41
77 32 51 246
77 47 13 362
77 50 3 57
77 61 31 298
77 71 38 301
77 94 58 179
77 105 27 55
77 108 44 426
77 113 56 149
77 118 22 194
78 5 34 378
78 8 43 303
78 10 45 384
78 17 10 137
78 50 57 418
78 52 32 343
78 55 2 178
78 58 21 304
78 59 38 358
78 70 27 413
78 76 50 71
78 82 55 40
78 94 13 237
78 116 7 69
79 3 31 302
79 6 45 397
79 36 16 76
79 40 7 351
79 49 59 247
79 53 1 333
79 62 35 345
79 64 49 11
79 71 19 416
79 83 38 295
79 89 11 347
79 95 25 98
79 107 53 296
79 110 3 36
79 117 55 316
80 1 47 425
80 11 55 119
80 19 59 375
80 21 49 116
80 23 19 390
80 25 14 209
80 47 31 350
80 58 53 249
80 59 43 296
80 69 2 79
80 90 7 285
80 102 51 349
80 110 39 156
80 112 28 122
80 115 10 168
81 5 43 378
81 14 23 72
81 15 21 326
81 19 50 375
81 20 7 150
81 25 25 209
81 37 37 25
81 43 57 239
81 46 1 108
81 47 33 362
81 60 52 336
81 78 5 257
81 80 46 46
81 93 11 52
81 103 15 424
82 6 26 397
82 18 43 367
82 40 55 433
82 55 13 60
82 59 19 48
82 67 35 71
82 73 7 44
82 74 31 431
82 79 46 370
82 88 9 418
82 92 3 92
82 99 39 297
82 103 50 267
82 111 59 251
82 116 16 172
83 22 31 103
83 30 1 15
83 35 7 207
83 39 21 298
83 49 55 282
83 50 57 57
83 52 3 343
83 59 43 73
83 62 47 120
83 76 26 316
83 80 10 372
83 87 37 242
83 93 51 52
83 99 13 297
83 115 34 114
84 14 29 95
84 23 9 39
84 30 55 71
84 41 1 226
84 45 50 320
84 51 13 274
84 53 17 193
84 74 7 431
84 87 43 324
84 88 39 350
84 89 37 115
84 98 3 42
84 101 47 319
84 108 21 39
84 110 57 379
85 9 39 146
85 20 26 147
85 31 37 16
85 32 43 246
85 37 14 150
85 38 46 44
85 43 32 336
85 47 2 350
85 48 9 334
85 58 23 249
85 64 55 134
85 69 19 79
85 71 51 301
85 78 35 419
85 93 7 79
86 11 13 92
86 14 37 236
86 26 39 180
86 29 10 131
86 43 22 336
86 49 2 247
86 53 53 303
86 80 58 170
86 86 25 250
86 90 17 396
86 94 4 179
86 98 50 56
86 101 31 444
86 109 33 380
86 113 56 78
87 2 56 54
87 4 37 140
87 23 2 177
87 30 5 71
87 37 33 58
87 54 16 442
87 58 11 249
87 70 21 89
87 78 41 257
87 93 46 272
87 100 13 15
87 104 43 64
87 113 27 149
87 114 50 300
87 119 7 26
88 11 49 303
88 14 21 359
88 15 23 151
88 32 55 261
88 44 44 374
88 48 15 9
88 49 31 414
88 59 25 73
88 72 37 386
88 74 19 431
88 78 58 83
88 82 53 260
88 97 7 381
88 98 1 42
88 114 3 167
89 19 31 190
89 21 55 137
89 28 19 53
89 43 34 239
89 58 13 304
89 60 16 90
89 70 38 125
89 73 43 6
89 76 9 316
89 77 50 217
89 81 57 364
89 87 26 181
89 91 23 409
89 101 3 391
89 119 45 26
90 42 31 206
90 44 41 21
90 50 56 389
90 52 7 343
90 55 19 217
90 62 5 120
90 63 37 137
90 69 26 325
90 71 2 184
90 73 35 39
90 83 49 76
90 94 16 237
90 95 22 282
90 103 43 267
90 120 13 314
91 4 37 443
91 6 55 397
91 12 10 169
91 16 27 219
91 17 22 122
91 34 51 72
91 43 4 52
91 52 47 419
91 58 49 249
91 64 32 287
91 72 15 146
91 73 59 409
91 79 1 370
91 108 43 75
91 115 19 448
92 9 43 233
92 14 59 29
92 24 55 110
92 44 22 374
92 46 27 102
92 53 11 361
92 65 41 450
92 78 2 419
92 88 7 380
92 93 38 280
92 97 25 375
92 105 49 55
92 111 53 445
92 117 15 130
92 120 34 202
93 1 13 38
93 7 26 450
93 23 37 167
93 37 44 202
93 39 49 445
93 43 40 336
93 50 1 158
93 71 31 184
93 74 16 431
93 86 7 189
93 88 20 380
93 107 35 312
93 119 57 26
94 12 13 257
94 13 22 318
94 21 5 137
94 25 38 363
94 33 9 238
94 36 7 76
94 37 26 58
94 40 55 351
94 52 59 332
94 53 17 132
94 79 46 423
94 93 2 272
94 94 33 237
94 115 49 114
94 116 43 261
95 1 53 264
95 4 25 241
95 5 4 303
95 11 55 243
95 43 45 239
95 46 15 61
95 52 41 419
95 54 1 9
95 67 29 371
95 69 33 347
95 82 31 40
95 83 20 295
95 100 50 15
95 105 38 296
95 108 8 21
96 6 20 345
96 7 55 132
96 10 44 81
96 21 35 37
96 32 28 151
96 34 15 129
96 36 26 368
96 51 52 427
96 57 2 72
96 67 11 447
96 79 8 370
96 81 31 391
96 94 37 237
96 104 40 3
96 105 49 208
97 4 49 228
97 8 23 303
97 18 1 44
97 30 59 34
97 31 53 16
97 56 9 115
97 59 45 358
97 63 7 384
97 73 19 39
97 85 5 333
97 88 37 403
97 91 28 409
97 92 55 407
97 95 31 198
97 103 14 352
98 7 39 157
98 9 34 273
98 10 27 275
98 13 25 318
98 30 19 220
98 50 9 158
98 63 17 42
98 66 4 346
98 80 43 372
98 85 37 397
98 88 21 350
98 95 50 98
98 109 13 277
98 110 57 224
98 116 1 340
99 5 55 87
99 7 19 450
99 23 51 39
99 36 49 176
99 40 3 195
99 47 9 43
99 55 34 60
99 59 14 73
99 69 45 347
99 73 32 151
99 85 41 306
99 95 25 198
99 97 1 422
99 105 58 296
99 109 37 188
100 13 47 318
100 18 43 423
100 19 15 190
100 29 10 173
100 41 17 226
100 70 50 84
100 88 31 234
100 89 37 179
100 91 41 409
100 100 28 178
100 105 19 55
100 106 23 330
100 108 57 426
100 109 2 281
100 118 25 104
101 1 25 414
101 32 27 212
101 38 16 44
101 40 9 241
101 41 37 350
101 50 2 389
101 54 19 191
101 57 31 243
101 78 52 257
101 79 55 403
101 93 7 52
101 98 13 42
101 106 34 330
101 107 23 312
101 110 44 328
102 24 43 175
102 26 31 180
102 33 23 238
102 40 13 340
102 42 50 401
102 46 25 203
102 51 46 274
102 55 19 60
102 56 33 352
102 60 5 231
102 85 58 306
102 102 29 349
102 108 7 303
102 111 11 278
102 112 1 122
103 5 10 378
103 9 52 146
103 25 43 363
103 31 59 16
103 58 33 304
103 64 55 30
103 67 41 447
103 84 19 207
103 85 25 55
103 87 1 376
103 89 27 211
103 93 23 52
103 96 15 185
103 103 37 352
103 107 7 312
104 7 38 162
104 32 7 261
104 35 34 338
104 36 44 368
104 38 31 346
104 54 10 106
104 55 19 373
104 60 46 231
104 72 57 396
104 83 1 295
104 85 55 374
104 96 51 185
104 98 23 42
104 104 28 355
104 105 15 296
105 10 51 275
105 15 37 240
105 25 26 225
105 42 19 401
105 49 49 282
105 51 22 172
105 61 13 298
105 72 31 386
105 83 7 428
105 103 2 424
105 109 43 188
105 110 39 36
105 112 58 51
105 120 55 163
106 24 46 266
106 25 27 363
106 46 32 102
106 53 25 303
106 63 53 42
106 76 21 71
106 81 7 152
106 88 3 61
106 91 11 219
106 93 41 52
106 95 43 282
106 96 37 185
106 103 57 352
106 109 49 117
106 114 15 299
107 2 10 421
107 9 34 244
107 12 7 169
107 23 40 326
107 24 37 266
107 25 57 363
107 26 55 180
107 40 45 340
107 51 1 274
107 54 49 192
107 64 27 287
107 83 21 428
107 89 52 211
107 95 4 198
107 108 14 21
108 1 41 414
108 4 3 446
108 16 28 437
108 21 39 311
108 24 52 110
108 32 49 158
108 48 45 294
108 65 11 428
108 66 14 81
108 90 1 285
108 100 55 381
108 103 7 287
108 107 17 312
108 108 20 21
108 115 34 123
109 2 46 258
109 9 40 244
109 12 14 242
109 13 20 318
109 22 22 75
109 23 27 39
109 25 2 41
109 35 43 125
109 70 49 95
109 88 7 350
109 90 53 396
109 106 25 330
109 116 31 280
109 117 57 106
109 118 37 104
110 8 39 149
110 46 25 443
110 53 23 132
110 62 59 120
110 64 1 30
110 67 55 225
110 77 43 161
110 80 33 176
110 82 5 438
110 87 15 122
110 90 47 396
110 92 7 359
110 100 51 178
110 101 19 319
110 102 49 349
111 5 52 378
111 10 19 5
111 14 31 359
111 20 57 93
111 22 37 58
111 45 3 226
111 54 40 106
111 63 49 137
111 66 43 444
111 84 25 144
111 92 9 341
111 95 33 282
111 103 14 267
111 106 47 37
112 14 23 29
112 25 31 363
112 32 7 246
112 34 44 47
112 36 5 76
112 38 40 44
112 40 26 340
112 44 59 374
112 55 37 178
112 84 55 278
112 101 1 391
112 102 19 349
112 110 14 36
112 116 10 69
112 118 51 104
113 8 23 274
113 9 55 244
113 29 2 202
113 35 14 10
113 39 9 298
113 48 27 77
113 51 44 434
113 61 49 271
113 79 58 226
113 84 38 144
113 91 7 409
113 96 31 185
113 100 19 15
113 101 25 301
114 15 59 240
114 34 8 306
114 37 43 425
114 39 27 298
114 40 31 311
114 43 16 239
114 65 35 450
114 79 37 259
114 82 40 438
114 90 14 285
114 91 4 409
114 93 56 52
114 100 49 66
114 115 52 168
114 119 20 95
115 2 19 322
115 21 47 137
115 35 51 207
115 44 25 374
115 66 8 81
115 78 58 257
115 80 55 46
115 84 1 258
115 89 13 211
115 92 22 169
115 93 16 272
115 103 27 135
115 108 33 303
115 114 43 99
115 115 39 168
116 16 34 343
116 23 43 390
116 24 31 110
116 26 59 180
116 48 55 335
116 56 9 352
116 69 51 79
116 70 19 85
116 72 2 386
116 76 26 246
116 81 39 325
116 97 23 381
116 99 15 143
116 104 46 61
116 113 7 149
117 14 41 95
117 16 31 219
117 38 37 143
117 54 13 192
117 55 25 178
117 59 20 73
117 61 51 220
117 66 16 444
117 75 45 56
117 80 28 372
117 91 9 409
117 96 2 80
117 101 34 319
117 111 11 397
117 120 58 184
118 3 27 302
118 7 13 132
118 15 19 198
118 18 31 183
118 26 22 180
118 27 5 356
118 33 47 51
118 37 39 9
118 55 7 60
118 75 10 443
118 76 1 361
118 81 55 385
118 87 43 181
118 99 50 297
118 112 34 280
119 12 31 409
119 28 39 375
119 36 14 76
119 39 3 413
119 43 52 324
119 62 17 120
119 67 43 447
119 70 55 89
119 72 7 396
119 73 35 115
119 78 29 419
119 103 19 329
119 106 59 330
119 116 49 69
119 117 25 6
120 9 56 85
120 15 5 326
120 22 25 202
120 25 43 412
120 38 28 44
120 44 13 374
120 46 33 8
120 52 31 419
120 54 22 106
120 63 59 42
120 67 17 114
120 70 50 418
120 84 9 162
120 106 47 285
120 114 1 11
121 12 22 242
121 31 41 341
121 41 29 350
121 47 25 350
121 59 56 73
121 62 17 345
121 69 9 79
121 70 33 82
121 84 44 263
121 87 13 324
121 97 4 78
121 98 31 42
121 104 19 3
121 113 49 367
121 119 37 95
122 5 38 300
122 9 26 244
122 12 32 169
122 31 23 341
122 49 41 418
122 75 10 7
122 77 13 284
122 81 19 305
122 85 53 397
122 87 49 221
122 96 43 51
122 102 8 291
122 103 3 35
122 111 35 391
122 112 57 122
123 19 53 373
123 23 19 193
123 26 27 180
123 33 4 381
123 38 13 44
123 39 55 449
123 41 43 276
123 44 46 374
123 55 9 217
123 63 29 42
123 82 23 40
123 93 38 52
123 94 1 179
123 102 31 291
123 110 33 156
124 11 37 119
124 31 47 16
124 32 10 246
124 46 20 152
124 47 25 362
124 56 1 117
124 60 49 157
124 72 43 396
124 82 5 40
124 83 31 196
124 84 15 258
124 96 57 249
124 98 29 408
124 111 35 278
124 114 51 99
125 5 10 308
125 22 19 437
125 28 33 215
125 31 31 341
125 35 22 442
125 43 28 426
125 58 3 249
125 59 56 358
125 68 44 313
125 71 7 301
125 74 46 431
125 80 40 176
125 95 15 98
125 96 50 51
125 111 37 445
126 1 1 38
126 3 13 302
126 14 11 236
126 21 8 137
126 52 47 343
126 60 4 90
126 73 31 44
126 79 28 38
126 80 49 372
126 88 43 131
126 92 38 341
126 98 59 200
126 99 33 40
126 108 55 21
126 112 19 122
127 1 40 38
127 12 19 169
127 22 34 75
127 38 37 276
127 39 13 208
127 46 3 398
127 75 57 7
127 79 31 226
127 99 45 427
127 102 1 291
127 103 50 135
127 105 22 290
127 110 9 379
127 111 17 278
127 117 26 130
128 15 32 240
128 22 34 103
128 25 39 412
128 27 23 90
128 46 7 8
128 68 21 313
128 74 37 431
128 82 2 438
128 84 13 278
128 89 11 206
128 90 53 285
128 91 50 409
128 98 44 42
128 105 56 55
128 106 46 330
129 2 31 80
129 10 1 223
129 15 29 240
129 20 44 200
129 26 25 256
129 38 58 44
129 45 49 226
129 47 21 43
129 62 53 76
129 64 9 432
129 76 14 316
129 95 34 198
129 97 7 78
129 111 5 258
129 120 37 184
130 6 20 397
130 9 16 141
130 17 40 80
130 24 46 175
130 27 5 361
130 35 2 338
130 45 7 236
130 72 31 365
130 77 55 217
130 78 37 8
130 82 13 438
130 83 27 248
130 90 43 285
130 101 11 319
130 103 50 352
131 3 56 302
131 16 25 343
131 17 10 122
131 19 41 231
131 29 44 84
131 36 19 368
131 41 17 350
131 58 7 68
131 59 32 447
131 77 21 284
131 78 39 418
131 82 1 310
131 102 3 349
131 107 15 312
131 113 50 336
132 6 43 62
132 22 4 436
132 39 39 208
132 51 25 268
132 70 57 191
132 72 21 386
132 84 15 144
132 88 8 403
132 98 49 304
132 100 28 15
132 107 19 296
132 110 51 156
132 118 33 272
133 1 26 38
133 2 16 288
133 11 31 88
133 39 3 445
133 41 35 350
133 49 10 247
133 54 28 442
133 63 7 256
133 65 41 413
133 74 59 431
133 88 19 418
133 95 38 198
133 99 55 34
133 110 51 328
133 117 43 430
134 7 14 157
134 13 10 318
134 15 19 240
134 19 43 231
134 27 25 356
134 38 38 250
134 46 27 213
134 61 45 271
134 81 55 10
134 84 21 142
134 88 33 403
134 96 2 37
134 102 41 300
134 105 50 296
134 120 7 110
135 25 21 363
135 28 8 125
135 29 27 131
135 37 38 108
135 43 13 336
135 68 53 313
135 77 43 333
135 86 33 250
135 102 1 349
135 107 49 312
135 111 59 278
135 112 55 83
135 114 3 299
135 118 16 60
136 18 19 170
136 27 25 359
136 55 46 60
136 61 8 120
136 68 5 313
136 69 39 347
136 71 56 301
136 72 27 146
136 73 2 151
136 76 31 246
136 81 13 219
136 101 22 319
136 104 43 355
136 113 17 149
136 118 52 60
137 5 4 378
137 8 31 303
137 9 13 141
137 15 53 326
137 21 25 137
137 24 16 266
137 31 7 16
137 41 45 247
137 48 27 193
137 55 1 373
137 65 41 428
137 76 19 246
137 79 34 38
137 101 23 301
137 117 57 6
138 3 38 302
138 9 13 233
138 22 58 437
138 23 2 390
138 27 29 90
138 32 51 261
138 38 43 50
138 52 17 343
138 63 5 256
138 73 23 67
138 86 8 47
138 88 25 234
138 92 55 341
138 112 34 122
138 114 19 167
139 6 39 332
139 22 10 58
139 28 20 375
139 34 44 129
139 36 59 76
139 40 31 351
139 44 16 374
139 51 7 274
139 67 5 116
139 69 27 79
139 80 55 372
139 88 51 350
139 105 2 296
139 118 13 272
140 8 21 149
140 19 1 231
140 24 40 289
140 28 56 53
140 34 3 227
140 35 37 364
140 50 50 57
140 54 28 10
140 62 19 64
140 63 11 256
140 69 44 325
140 72 33 146
140 87 7 242
140 101 25 444
140 109 13 109
141 5 34 87
141 19 29 190
141 21 31 137
141 25 57 276
141 30 11 50
141 41 55 145
141 65 21 38
141 66 52 444
141 67 23 447
141 83 14 248
141 96 1 185
141 99 38 407
141 109 25 167
141 113 49 149
141 118 46 104
142 3 49 290
142 10 9 384
142 22 37 189
142 27 53 356
142 41 13 93
142 51 57 274
142 55 40 373
142 59 15 358
142 80 25 304
142 83 45 428
142 97 28 78
142 105 1 273
142 115 32 448
142 116 4 69
142 119 20 11
143 1 44 38
143 2 26 421
143 10 33 125
143 14 19 72
143 26 17 256
143 32 46 246
143 39 21 449
143 47 37 362
143 65 11 167
143 77 49 333
143 80 1 372
143 82 8 438
143 85 31 333
143 93 58 52
143 94 13 425
144 9 16 244
144 10 31 5
144 15 47 326
144 22 13 436
144 31 35 16
144 45 27 360
144 49 37 282
144 50 8 57
144 51 2 172
144 56 43 53
144 80 21 241
144 91 5 219
144 96 56 185
144 107 41 296
144 119 49 344
145 13 4 318
145 17 55 388
145 25 20 41
145 36 35 368
145 39 15 445
145 54 43 9
145 69 31 79
145 74 49 431
145 87 26 425
145 91 59 219
145 97 46 422
145 101 1 319
145 110 8 36
145 112 51 446
145 115 38 448
146 14 23 18
146 19 25 190
146 22 31 166
146 40 2 351
146 60 40 90
146 72 27 386
146 80 37 46
146 81 19 251
146 85 43 251
146 87 14 221
146 98 8 42
146 101 57 391
146 108 51 21
146 115 46 114
146 116 34 243
147 1 13 264
147 32 57 246
147 36 33 368
147 49 55 247
147 53 49 415
147 59 44 66
147 78 1 427
147 79 16 370
147 86 26 115
147 90 8 170
147 98 38 42
147 101 41 301
147 104 52 355
147 110 21 328
147 116 3 354
148 3 7 302
148 16 52 208
148 24 3 175
148 32 31 261
148 41 49 200
148 42 34 206
148 46 20 135
148 62 1 32
148 63 57 42
148 71 43 416
148 74 16 112
148 83 25 371
148 96 39 51
148 113 46 367
148 116 13 280
149 4 27 140
149 5 46 300
149 15 17 326
149 18 40 217
149 25 13 412
149 34 31 181
149 37 21 423
149 41 49 350
149 54 37 106
149 57 43 249
149 69 1 321
149 77 51 161
149 80 58 372
149 101 55 390
149 119 8 344
150 12 8 50
150 18 16 46
150 27 41 272
150 32 52 151
150 40 21 351
150 47 26 37
150 60 50 231
150 66 1 81
150 76 37 246
150 78 58 419
150 80 44 176
150 101 5 391
150 102 47 110
150 115 31 168
150 118 13 106
151 19 41 190
151 32 7 151
151 42 26 206
151 54 10 191
151 55 58 60
151 59 1 447
151 69 21 392
151 70 13 418
151 74 56 431
151 77 37 113
151 79 46 38
151 102 17 349
151 106 19 449
151 110 51 196
151 114 32 29
152 1 3 38
152 8 59 303
152 19 21 190
152 20 15 147
152 29 52 131
152 32 44 224
152 46 55 152
152 47 25 43
152 74 40 431
152 81 9 251
152 89 38 211
152 97 5 375
152 107 13 296
152 112 31 83
152 118 34 104
153 15 1 326
153 20 32 193
153 21 21 311
153 38 55 44
153 44 41 374
153 48 14 131
153 52 19 419
153 63 26 403
153 64 45 432
153 80 7 372
153 82 43 438
153 99 3 34
153 104 38 355
153 112 28 370
153 117 50 6
154 7 32 157
154 16 25 437
154 36 45 76
154 38 28 50
154 42 4 206
154 45 49 360
154 49 17 247
154 65 59 450
154 82 38 438
154 83 13 295
154 92 10 407
154 94 7 237
154 101 43 319
154 102 56 349
154 103 20 352
155 2 31 317
155 14 25 236
155 38 52 50
155 52 15 419
155 60 11 336
155 62 39 64
155 67 49 447
155 75 56 293
155 76 1 71
155 78 17 418
155 100 43 178
155 104 46 355
155 105 34 296
155 108 19 224
155 110 27 156
156 3 20 289
156 10 15 5
156 19 11 190
156 33 13 51
156 35 27 125
156 37 7 202
156 45 57 408
156 50 44 57
156 61 33 120
156 74 1 112
156 80 38 170
156 88 51 234
156 93 49 79
156 114 3 300
157 1 4 264
157 10 9 5
157 20 13 22
157 22 55 436
157 24 58 175
157 37 20 228
157 40 39 82
157 42 50 206
157 56 25 53
157 62 7 345
157 67 35 371
157 76 44 361
157 92 1 212
157 107 29 312
157 113 31 78
158 1 50 38
158 16 13 437
158 20 32 93
158 26 53 180
158 34 21 129
158 44 19 374
158 50 26 418
158 53 1 415
158 63 37 384
158 72 45 218
158 74 9 431
158 100 3 15
158 105 39 273
158 115 16 123
158 118 57 104
159 2 26 258
159 4 3 289
159 8 13 303
159 16 56 29
159 24 49 175
159 27 20 356
159 30 37 71
159 51 10 61
159 60 52 231
159 67 59 114
159 71 31 301
159 82 34 438
159 90 22 285
159 100 43 15
159 102 15 349
160 7 51 450
160 8 1 408
160 22 16 217
160 35 13 207
160 48 25 113
160 51 33 274
160 62 59 64
160 65 31 428
160 73 11 81
160 81 7 49
160 87 55 242
160 92 20 341
160 93 4 272
160 111 39 251
160 120 46 256
161 4 21 22
161 35 55 207
161 39 39 445
161 44 59 21
161 51 16 305
161 77 25 333
161 78 49 83
161 101 29 390
161 107 43 312
161 108 9 411
161 110 1 379
161 114 32 299
161 119 45 344
161 120 51 393
162 5 1 378
162 6 55 332
162 8 37 274
162 20 13 200
162 30 17 412
162 32 34 261
162 36 7 368
162 37 9 423
162 41 53 401
162 42 39 401
162 65 59 178
162 72 26 396
162 78 4 83
162 98 31 304
162 105 22 55
163 2 32 258
163 8 55 104
163 18 1 388
163 19 19 231
163 31 7 341
163 34 57 183
163 35 37 10
163 39 26 449
163 55 10 60
163 57 22 211
163 77 43 284
163 89 4 91
163 107 47 312
163 114 51 29
163 120 14 184
164 6 43 332
164 9 20 233
164 16 28 343
164 22 25 103
164 26 31 75
164 35 10 66
164 36 17 368
164 37 39 287
164 41 13 247
164 56 1 352
164 72 49 396
164 74 37 112
164 87 33 197
164 111 53 278
164 114 55 299
165 1 23 264
165 2 40 62
165 9 1 244
165 20 56 193
165 41 47 247
165 50 9 367
165 52 13 332
165 58 28 304
165 70 43 82
165 86 50 268
165 93 19 52
165 105 34 55
165 109 15 188
165 116 25 280
165 118 4 194
166 1 17 264
166 5 25 87
166 7 9 132
166 12 28 369
166 30 23 405
166 61 56 271
166 68 39 313
166 72 13 396
166 81 2 196
166 98 7 200
166 99 31 297
166 109 45 142
166 111 43 391
166 114 51 167
166 116 19 69
167 17 58 137
167 22 28 75
167 23 46 390
167 24 25 175
167 34 50 191
167 36 4 368
167 57 55 211
167 64 15 432
167 65 9 38
167 77 33 333
167 78 38 83
167 97 21 422
167 100 1 381
167 101 13 390
167 106 41 119
168 4 37 22
168 6 56 443
168 7 19 157
168 15 3 326
168 20 51 22
168 27 9 356
168 31 45 16
168 33 29 430
168 36 47 76
168 39 13 449
168 44 49 21
168 74 41 112
168 99 25 297
168 101 1 167
168 114 32 167
169 2 43 258
169 5 28 166
169 8 49 104
169 13 2 318
169 15 17 240
169 37 20 425
169 44 9 374
169 48 37 335
169 68 51 313
169 74 7 112
169 85 4 234
169 91 14 409
169 94 55 237
169 101 32 319
169 113 41 149
170 1 27 264
170 7 13 450
170 8 59 80
170 13 37 318
170 17 49 259
170 31 32 16
170 60 11 231
170 66 4 444
170 70 20 145
170 76 39 316
170 88 55 209
170 93 46 52
170 99 7 34
170 116 43 69
170 118 52 7
171 16 49 424
171 17 52 122
171 23 37 326
171 24 13 175
171 27 41 242
171 29 33 173
171 35 58 442
171 52 27 108
171 61 20 271
171 87 43 25
171 96 7 51
171 97 25 422
171 100 16 15
171 109 2 140
171 111 47 278
172 2 56 255
172 6 31 397
172 15 25 240
172 22 10 437
172 34 43 183
172 54 1 10
172 55 4 360
172 56 37 306
172 57 7 18
172 93 49 280
172 98 59 242
172 99 20 297
172 103 15 135
172 109 27 117
172 116 52 69
173 13 51 406
173 23 46 177
173 24 37 175
173 27 59 356
173 40 19 310
173 46 55 8
173 47 2 43
173 51 25 427
173 84 32 263
173 85 53 333
173 100 10 178
173 104 28 3
173 110 13 328
173 115 40 123
173 118 43 194
174 12 25 50
174 42 28 401
174 45 32 236
174 46 39 8
174 50 9 389
174 61 1 120
174 62 37 345
174 84 51 263
174 86 13 102
174 102 7 300
174 112 19 83
174 114 55 99
174 117 43 316
174 120 22 393
175 10 57 275
175 11 1 119
175 18 31 217
175 24 25 289
175 29 28 194
175 35 34 207
175 48 44 113
175 54 38 264
175 59 13 447
175 68 19 313
175 83 49 295
175 101 5 390
175 104 22 3
175 112 8 83
176 8 23 233
176 16 39 191
176 18 52 56
176 21 47 220
176 26 5 180
176 34 1 47
176 49 57 247
176 55 34 373
176 60 9 90
176 63 29 384
176 65 13 428
176 93 43 272
176 95 16 198
176 104 31 355
176 118 20 7
177 2 49 80
177 22 16 280
177 24 31 175
177 42 46 206
177 50 26 389
177 51 43 61
177 54 56 131
177 70 9 101
177 81 3 135
177 89 14 179
177 98 41 60
177 103 21 35
177 109 37 277
177 118 34 7
178 7 49 162
178 15 1 240
178 17 16 163
178 21 10 116
178 22 22 166
178 30 53 102
178 45 3 307
178 50 33 158
178 55 57 373
178 59 26 447
178 75 19 238
178 76 39 109
178 83 44 371
178 102 7 349
178 104 13 3
179 12 34 257
179 18 16 416
179 26 1 256
179 37 49 25
179 54 55 37
179 58 3 304
179 62 5 64
179 78 8 419
179 80 13 176
179 84 38 278
179 97 32 375
179 113 26 78
179 117 20 130
179 118 58 15
180 9 55 233
180 13 53 318
180 23 8 177
180 31 25 16
180 32 14 261
180 35 2 111
180 67 23 116
180 84 45 144
180 87 38 376
180 89 5 295
180 92 58 341
180 110 27 379
180 114 49 299
180 119 33 415
180 120 20 184
181 9 4 244
181 24 16 175
181 26 10 180
181 30 49 405
181 37 20 108
181 45 25 408
181 46 39 102
181 51 52 172
181 52 29 123
181 57 1 211
181 67 31 116
181 83 33 428
181 90 7 92
181 98 37 273
181 102 43 212
182 6 39 345
182 9 28 85
182 15 47 240
182 30 53 15
182 35 4 10
182 47 49 414
182 48 9 257
182 70 13 191
182 80 22 372
182 81 55 291
182 90 32 285
182 94 25 179
182 115 34 121
182 116 19 237
182 118 43 39
183 5 40 303
183 9 1 85
183 25 19 412
183 26 25 180
183 29 37 173
183 39 9 208
183 45 55 320
183 48 51 67
183 50 14 389
183 60 43 90
183 77 27 217
183 108 31 39
183 110 45 156
183 118 4 7
184 6 1 325
184 7 9 157
184 10 57 125
184 22 13 28
184 28 21 125
184 33 16 430
184 41 53 226
184 63 29 137
184 71 38 427
184 72 49 386
184 77 25 161
184 82 7 310
184 83 31 371
184 87 43 197
184 107 5 312
185 28 56 194
185 41 37 226
185 49 22 247
185 64 49 422
185 74 53 431
185 79 40 370
185 82 16 40
185 83 26 295
185 88 8 234
185 91 19 409
185 93 14 52
185 94 4 237
185 105 45 55
185 112 31 122
185 113 35 149
186 1 21 264
186 18 46 416
186 19 7 336
186 21 10 37
186 26 41 180
186 30 1 34
186 47 26 406
186 57 31 18
186 67 43 71
186 75 34 238
186 78 16 257
186 80 58 241
186 96 3 51
186 109 49 277
186 116 37 81
187 3 15 126
187 7 8 311
187 9 49 146
187 22 25 166
187 48 33 335
187 54 52 149
187 59 55 447
187 60 20 90
187 76 39 71
187 82 47 40
187 86 3 102
187 90 43 234
187 98 1 242
187 111 59 391
187 115 28 114
188 2 58 135
188 6 50 345
188 7 3 157
188 19 37 190
188 27 35 361
188 45 31 408
188 47 43 37
188 57 39 18
188 70 19 82
188 74 28 431
188 109 8 140
188 113 13 149
188 116 25 242
188 117 15 6
188 120 55 184
189 6 13 397
189 7 44 132
189 24 25 126
189 33 11 430
189 49 29 247
189 50 21 367
189 59 7 73
189 76 57 71
189 82 19 438
189 94 40 436
189 95 2 282
189 99 49 34
189 103 32 424
189 107 5 296
189 120 37 256
190 2 22 50
190 14 19 236
190 16 40 424
190 19 35 190
190 25 7 139
190 28 43 78
190 46 51 203
190 49 47 414
190 57 1 18
190 67 11 71
190 74 14 431
190 88 56 112
190 90 4 285
190 106 28 330
190 118 31 7
191 3 43 302
191 16 55 437
191 38 49 50
191 66 27 444
191 68 31 313
191 74 47 112
191 77 37 333
191 79 14 226
191 85 17 251
191 87 33 242
191 97 10 78
191 111 25 79
191 113 22 78
191 116 1 69
191 118 19 106
192 12 1 50
192 13 31 318
192 18 34 217
192 19 59 190
192 21 13 137
192 26 57 180
192 30 11 34
192 44 4 266
192 56 45 203
192 63 43 403
192 71 40 416
192 97 17 381
192 111 55 391
192 112 51 379
192 114 26 29
193 2 37 80
193 6 26 332
193 10 1 5
193 33 40 430
193 37 9 142
193 47 33 414
193 48 21 23
193 55 50 373
193 58 7 304
193 65 31 237
193 74 13 112
193 75 45 293
193 77 15 161
193 91 43 409
193 100 56 178
194 2 34 80
194 4 57 22
194 10 37 5
194 11 50 119
194 29 28 202
194 31 17 311
194 38 19 44
194 44 7 374
194 73 47 424
194 81 9 212
194 89 32 115
194 92 44 341
194 103 13 329
194 116 25 243
194 119 2 26
195 6 8 62
195 7 19 132
195 12 55 406
195 14 31 411
195 30 49 251
195 35 46 338
195 37 33 199
195 45 2 320
195 51 43 317
195 69 38 79
195 77 13 333
195 96 25 185
195 116 58 27
195 118 51 272
196 11 31 405
196 21 1 137
196 22 7 166
196 25 25 412
196 32 50 212
196 51 20 427
196 56 38 89
196 58 10 304
196 71 3 427
196 78 53 83
196 88 45 234
196 97 35 375
196 100 58 381
196 104 15 355
196 118 55 272
197 7 51 157
197 8 19 104
197 14 5 72
197 23 37 177
197 27 29 356
197 36 31 76
197 38 33 44
197 44 40 266
197 47 44 43
197 59 25 66
197 60 2 90
197 83 56 428
197 87 15 181
197 95 7 282
197 109 21 109
198 8 17 104
198 9 19 146
198 10 13 384
198 24 31 126
198 30 23 34
198 42 8 206
198 53 11 198
198 54 51 10
198 56 26 89
198 71 34 416
198 72 43 365
198 95 57 98
198 101 49 301
198 114 38 299
198 117 1 6
199 19 43 190
199 23 22 193
199 33 34 430
199 34 51 398
199 42 39 206
199 52 37 343
199 58 14 215
199 63 17 384
199 72 55 386
199 75 19 56
199 77 27 221
199 92 46 359
199 103 8 424
199 107 32 312
199 115 3 123
200 5 55 303
200 13 17 318
200 26 43 180
200 37 7 108
200 42 1 206
200 46 20 8
200 47 13 43
200 68 46 313
200 76 37 268
200 82 50 40
200 94 58 237
200 113 4 336
200 115 26 123
200 119 31 344
200 120 52 256
201 3 14 294
201 16 1 63
201 17 37 405
201 18 22 388
201 37 56 425
201 44 5 21
201 46 7 102
201 54 40 442
201 55 26 373
201 57 33 72
201 58 31 249
201 67 11 371
201 69 51 392
201 84 43 278
201 100 19 178
202 15 53 240
202 17 4 169
202 39 37 413
202 47 49 362
202 48 19 67
202 55 31 373
202 58 23 304
202 59 45 48
202 61 27 120
202 74 2 431
202 79 57 38
202 95 34 98
202 117 7 133
202 119 15 344
203 5 16 378
203 6 1 332
203 14 31 95
203 17 52 137
203 19 39 190
203 26 14 256
203 53 35 423
203 59 7 48
203 65 5 280
203 81 21 291
203 88 56 350
203 97 43 422
203 98 11 42
203 108 45 21
204 16 40 63
204 18 37 176
204 21 23 137
204 30 25 298
204 34 32 306
204 35 58 207
204 47 8 362
204 58 56 304
204 59 19 66
204 90 51 285
204 102 5 110
204 105 1 233
204 108 15 303
204 109 45 109
204 114 27 99
205 7 50 132
205 9 10 84
205 15 55 240
205 23 57 390
205 34 3 191
205 49 1 413
205 52 33 419
205 53 41 198
205 54 7 131
205 61 37 275
205 69 14 347
205 99 19 34
205 107 25 312
205 110 43 379
205 116 28 69
206 4 37 446
206 18 1 170
206 21 8 37
206 30 13 144
206 32 4 261
206 34 33 47
206 38 10 205
206 40 49 391
206 41 19 93
206 49 29 282
206 60 15 231
206 61 43 220
206 66 22 444
206 86 55 268
206 94 26 237
207 12 1 257
207 15 43 240
207 20 19 147
207 66 49 81
207 71 7 184
207 83 25 428
207 84 55 263
207 89 5 211
207 91 40 219
207 92 52 341
207 98 34 42
207 108 13 39
207 109 45 140
207 111 29 391
207 120 10 110
208 8 25 274
208 22 13 166
208 25 37 41
208 29 57 173
208 43 16 336
208 63 27 42
208 68 8 313
208 75 2 293
208 85 43 55
208 89 23 206
208 95 10 221
208 104 49 355
208 107 19 312
208 109 45 277
208 117 31 130
209 4 45 421
209 14 23 411
209 16 16 437
209 32 13 212
209 49 43 414
209 50 19 158
209 61 57 220
209 63 55 256
209 70 25 95
209 83 38 371
209 84 2 278
209 88 7 209
209 96 31 37
209 117 50 145
210 9 46 141
210 23 55 167
210 27 7 272
210 34 49 380
210 36 2 76
210 42 10 401
210 45 32 360
210 46 19 203
210 53 23 203
210 62 4 411
210 70 14 413
210 72 26 365
210 90 59 234
210 103 37 329
210 116 43 242
211 11 15 405
211 19 13 319
211 40 3 82
211 43 40 239
211 46 55 398
211 51 37 434
211 68 59 313
211 77 8 284
211 82 23 438
211 90 29 234
211 93 33 52
211 98 26 56
211 111 43 445
211 114 45 299
211 117 19 430
212 3 15 290
212 11 27 16
212 16 31 63
212 17 34 137
212 25 38 225
212 28 44 215
212 57 49 211
212 61 2 221
212 72 21 365
212 78 13 88
212 102 25 349
212 114 9 99
212 115 52 114
212 119 56 344
213 12 55 257
213 26 1 29
213 32 31 224
213 43 46 336
213 45 13 293
213 47 7 414
213 48 38 194
213 59 27 48
213 61 3 275
213 63 49 42
213 94 43 179
213 95 22 198
213 104 34 355
213 113 20 78
213 117 51 130
214 1 7 38
214 6 43 345
214 7 32 132
214 9 52 141
214 23 2 432
214 47 37 43
214 51 20 274
214 64 27 11
214 68 13 313
214 82 47 420
214 89 50 179
214 90 41 396
214 94 16 179
214 104 58 92
214 109 9 123
215 18 58 56
215 37 39 199
215 49 56 414
215 57 32 211
215 71 43 446
215 79 21 370
215 82 52 40
215 83 15 428
215 84 3 263
215 85 35 397
215 98 29 273
215 105 7 296
215 112 46 83
215 113 10 149
215 115 25 114
216 18 31 56
216 19 9 190
216 20 49 147
216 22 58 407
216 28 1 375
216 40 37 433
216 56 13 53
216 65 17 271
216 73 11 151
216 74 23 431
216 80 43 46
216 93 53 52
216 96 27 93
216 97 35 78
216 114 19 29
217 8 15 149
217 20 44 147
217 28 7 194
217 36 56 76
217 38 58 50
217 42 20 206
217 46 3 203
217 53 49 87
217 63 23 256
217 66 37 444
217 73 13 6
217 79 28 403
217 80 25 372
217 82 32 438
217 116 52 48
218 2 43 80
218 5 37 378
218 13 59 406
218 17 46 103
218 19 29 319
218 24 49 110
218 25 2 225
218 37 25 423
218 47 13 414
218 61 21 220
218 80 8 46
218 87 31 31
218 94 40 237
218 104 52 3
218 109 55 168
219 4 15 228
219 7 44 450
219 17 7 405
219 28 33 53
219 48 27 191
219 49 19 326
219 50 51 367
219 51 10 274
219 53 25 193
219 73 1 25
219 74 21 431
219 83 38 196
219 86 57 322
219 88 3 112
219 106 49 285
220 8 29 149
220 18 31 9
220 32 16 224
220 39 8 449
220 46 45 8
220 67 19 225
220 69 39 392
220 75 13 7
220 82 53 438
220 86 49 102
220 87 55 181
220 96 21 51
220 102 27 349
220 117 1 145
220 120 34 256
221 5 7 378
221 8 19 142
221 26 5 75
221 30 26 251
221 37 51 423
221 56 33 117
221 64 38 30
221 75 16 56
221 85 13 55
221 89 28 179
221 97 49 78
221 103 57 35
221 104 21 355
221 105 1 208
221 108 45 303
222 7 25 157
222 10 33 384
222 15 23 240
222 27 37 272
222 41 47 93
222 45 14 171
222 52 52 343
222 53 49 193
222 82 3 40
222 87 55 360
222 99 19 40
222 104 43 207
222 109 39 117
222 113 1 149
222 114 8 299
223 2 16 255
223 6 20 332
223 25 56 412
223 29 13 194
223 45 49 408
223 50 31 172
223 62 47 345
223 92 28 359
223 94 7 179
223 99 2 115
223 102 26 110
223 103 43 424
223 114 38 99
223 116 10 335
224 6 3 443
224 9 13 84
224 13 1 406
224 16 56 343
224 22 46 166
224 25 7 412
224 64 21 287
224 72 38 365
224 87 26 31
224 97 49 381
224 101 16 319
224 102 59 354
224 108 31 21
224 115 43 114
224 117 51 106
225 1 38 38
225 24 22 175
225 29 28 173
225 40 13 311
225 41 26 401
225 43 19 239
225 48 44 67
225 52 5 419
225 72 7 146
225 73 40 151
225 77 56 284
225 81 1 385
225 97 52 375
225 103 31 267
225 106 50 330
226 5 46 378
226 19 58 336
226 25 33 412
226 38 9 44
226 40 21 433
226 51 43 172
226 61 50 120
226 78 14 83
226 89 25 347
226 93 27 52
226 94 3 8
226 97 37 422
226 115 40 114
226 116 16 69
226 118 55 39
227 5 40 378
227 7 57 311
227 15 8 326
227 21 38 116
227 22 22 437
227 41 55 116
227 44 47 329
227 58 5 304
227 59 1 358
227 60 20 336
227 62 14 360
227 70 31 141
227 83 43 295
227 88 26 60
227 108 51 411
228 8 55 274
228 14 1 236
228 15 41 240
228 22 49 427
228 41 37 401
228 48 25 335
228 50 33 192
228 56 3 22
228 67 43 225
228 85 46 306
228 89 53 206
228 92 15 341
228 98 11 56
228 100 21 419
228 113 19 149
229 20 45 193
229 26 50 180
229 32 20 151
229 51 52 274
229 53 59 132
229 55 9 373
229 64 55 287
229 73 37 151
229 79 4 370
229 85 7 55
229 95 31 98
229 97 28 422
229 105 1 55
229 107 43 3
229 115 13 448
230 5 10 300
230 9 1 58
230 20 56 147
230 22 52 75
230 30 23 412
230 47 32 43
230 52 5 332
230 54 7 191
230 66 20 81
230 70 44 205
230 72 13 386
230 76 38 361
230 79 49 370
230 99 27 34
231 9 13 273
231 11 50 195
231 13 17 406
231 26 58 256
231 32 1 261
231 55 4 60
231 57 40 72
231 68 29 313
231 69 45 79
231 70 33 95
231 84 20 263
231 104 55 340
231 107 7 266
231 113 26 367
231 118 9 104
232 6 27 345
232 7 8 450
232 14 55 18
232 25 21 225
232 27 19 272
232 39 45 445
232 56 38 203
232 63 49 384
232 65 1 428
232 68 57 313
232 74 5 431
232 75 16 238
232 82 13 40
232 84 31 144
232 120 52 184
233 2 52 80
233 10 1 384
233 17 10 405
233 22 28 189
233 23 49 390
233 24 58 266
233 35 38 449
233 73 56 151
233 97 8 422
233 102 43 349
233 104 25 355
233 110 32 328
233 114 13 300
233 118 45 7
233 120 20 110
234 2 58 258
234 5 25 184
234 14 45 72
234 21 35 116
234 25 1 188
234 27 7 356
234 33 50 238
234 41 29 200
234 45 14 236
234 49 32 247
234 62 56 64
234 76 37 265
234 94 22 237
234 102 10 354
234 112 52 158
235 2 49 258
235 14 53 18
235 19 27 190
235 27 7 251
235 41 29 226
235 51 13 95
235 56 9 89
235 57 16 249
235 64 55 294
235 71 4 301
235 77 20 333
235 84 45 36
235 87 38 324
235 115 1 168
235 117 32 6
236 5 22 378
236 24 31 296
236 30 53 412
236 32 46 261
236 34 3 306
236 41 43 226
236 55 13 217
236 65 29 428
236 67 1 114
236 71 10 416
236 73 19 370
236 77 56 333
236 98 38 200
236 107 27 312
236 120 49 256
237 1 55 38
237 22 37 436
237 27 49 361
237 31 13 341
237 35 4 442
237 50 31 367
237 54 58 37
237 55 46 178
237 95 8 198
237 98 51 42
237 107 40 312
237 114 20 299
237 118 1 104
237 119 26 388
237 120 16 110
238 14 37 18
238 16 7 437
238 17 16 169
238 18 1 183
238 38 19 50
238 49 4 247
238 50 55 367
238 53 13 408
238 84 50 144
238 100 39 381
238 101 22 391
238 103 43 329
238 109 27 188
238 116 33 69
239 33 43 238
239 43 10 239
239 45 27 236
239 48 13 67
239 53 37 423
239 55 31 60
239 60 8 231
239 61 1 298
239 64 50 30
239 78 41 83
239 100 55 15
239 107 59 3
239 112 46 122
239 113 39 78
239 117 20 316
240 3 21 126
240 11 44 119
240 18 1 176
240 25 31 225
240 32 16 212
240 33 9 430
240 58 26 249
240 65 35 178
240 67 29 116
240 91 39 409
240 92 49 341
240 99 57 368
240 100 13 335
240 107 55 312
240 113 19 367
241 1 15 264
241 22 9 436
241 24 21 266
241 25 45 225
241 32 25 261
241 35 31 364
241 36 13 368
241 48 3 113
241 61 39 271
241 65 49 450
241 66 52 346
241 67 7 114
241 93 29 52
241 99 55 297
241 120 34 184
242 9 46 233
242 10 49 5
242 13 23 406
242 19 56 190
242 22 16 189
242 25 7 363
242 28 33 277
242 33 58 430
242 44 31 220
242 45 37 139
242 51 27 274
242 81 3 291
242 96 19 80
242 111 43 397
242 116 13 69
243 2 37 421
243 9 8 141
243 15 47 151
243 18 34 56
243 21 41 37
243 25 3 363
243 64 43 287
243 75 55 56
243 76 25 361
243 82 49 438
243 87 19 25
243 88 51 209
243 105 15 55
243 107 58 312
243 116 31 48
244 9 27 233
244 11 3 405
244 29 31 202
244 32 43 151
244 39 8 413
244 44 25 266
244 47 37 414
244 80 16 372
244 81 57 325
244 83 51 428
244 89 55 347
244 98 35 200
244 102 46 349
244 110 21 156
244 116 13 354
245 19 27 231
245 25 51 225
245 27 29 361
245 31 15 16
245 32 20 261
245 34 38 254
245 47 43 362
245 60 13 231
245 73 55 6
245 82 25 40
245 90 17 285
245 97 57 422
245 105 4 55
245 114 31 99
245 117 9 145
246 27 33 356
246 30 25 102
246 41 31 200
246 43 4 181
246 48 37 77
246 53 29 87
246 54 16 106
246 81 49 385
246 83 43 196
246 84 8 144
246 86 19 115
246 90 27 285
246 111 47 407
246 112 1 83
246 119 56 95
247 9 8 429
247 11 56 405
247 14 49 359
247 35 25 168
247 40 39 351
247 42 13 401
247 55 22 178
247 59 51 447
247 61 43 120
247 62 1 64
247 69 32 421
247 82 16 438
247 97 28 375
247 113 37 149
247 115 3 114
248 13 28 318
248 19 23 190
248 20 55 200
248 39 51 413
248 40 7 388
248 54 46 290
248 65 43 428
248 66 19 444
248 67 2 116
248 75 16 7
248 97 34 422
248 101 11 444
248 103 39 260
248 111 4 251
248 113 32 149
249 27 23 356
249 38 4 183
249 41 17 200
249 48 45 191
249 59 51 358
249 62 41 76
249 64 13 422
249 71 1 301
249 73 11 370
249 77 32 161
249 86 57 102
249 93 43 52
249 97 37 381
249 104 25 3
249 108 19 303
250 4 45 22
250 23 40 390
250 26 37 180
250 32 13 158
250 36 1 368
250 39 33 445
250 43 25 62
250 48 9 113
250 57 57 18
250 61 20 120
250 65 49 428
250 75 28 56
250 105 52 55
250 106 5 119
250 113 7 367
251 10 39 223
251 15 59 326
251 17 55 169
251 19 53 389
251 23 3 39
251 24 13 266
251 27 11 272
251 38 50 183
251 45 44 236
251 51 26 172
251 59 33 358
251 79 16 211
251 87 7 360
251 89 37 206
251 96 20 185
252 14 5 95
252 23 10 390
252 35 31 207
252 38 22 44
252 40 13 433
252 41 43 93
252 47 51 43
252 54 19 389
252 84 25 263
252 101 59 40
252 105 38 55
252 106 17 330
252 107 45 312
252 110 1 73
252 120 34 110
253 8 38 204
253 15 44 326
253 16 19 343
253 20 25 200
253 27 47 356
253 28 55 356
253 57 7 72
253 64 13 11
253 66 33 444
253 67 17 71
253 71 10 301
253 74 29 112
253 80 51 46
253 93 31 52
253 118 4 104
254 18 19 388
254 21 43 137
254 37 57 25
254 43 22 239
254 50 39 367
254 57 13 334
254 61 26 271
254 70 50 205
254 73 55 25
254 80 34 62
254 81 45 415
254 102 32 349
254 104 16 64
254 112 4 122
254 114 7 167
255 8 25 149
255 14 53 359
255 15 51 240
255 24 10 175
255 44 35 374
255 49 43 247
255 50 15 57
255 52 59 123
255 54 55 264
255 69 27 347
255 71 4 335
255 77 21 161
255 79 7 211
255 93 2 52
255 102 39 110
256 6 13 62
256 9 26 141
256 19 5 190
256 20 39 147
256 58 53 304
256 61 8 220
256 65 29 237
256 72 43 386
256 83 49 248
256 84 1 162
256 86 19 338
256 90 56 285
256 94 58 33
256 101 17 391
256 119 32 26
257 3 9 346
257 9 57 84
257 28 51 78
257 44 25 446
257 50 1 367
257 60 7 90
257 70 21 141
257 72 44 364
257 81 27 415
257 83 32 248
257 90 55 396
257 99 13 407
257 108 39 39
257 111 19 407
258 7 2 132
258 9 13 244
258 13 19 406
258 19 17 231
258 34 26 72
258 38 31 320
258 45 21 236
258 48 49 113
258 49 53 247
258 62 9 64
258 86 57 47
258 90 11 396
258 91 34 409
258 95 46 282
258 119 39 26
259 32 26 199
259 36 29 368
259 37 39 423
259 41 19 350
259 50 44 158
259 66 8 444
259 68 37 313
259 70 32 191
259 75 21 293
259 77 1 161
259 84 14 263
259 85 59 55
259 91 55 219
259 98 5 42
259 117 51 316
260 10 56 223
260 16 50 219
260 37 44 108
260 63 31 384
260 71 20 301
260 87 37 360
260 91 26 409
260 92 28 223
260 93 53 280
260 96 15 80
260 98 41 42
260 103 3 267
260 104 9 355
260 116 34 354
261 1 19 38
261 20 21 93
261 36 41 368
261 50 25 57
261 52 49 332
261 54 7 106
261 65 53 248
261 69 32 392
261 95 13 198
261 100 46 15
261 107 10 312
261 111 1 445
261 112 37 122
261 117 57 145
261 118 3 106
262 3 19 302
262 6 39 397
262 17 52 169
262 23 13 177
262 25 55 41
262 28 43 130
262 37 33 108
262 44 11 266
262 53 4 87
262 72 7 386
262 78 47 257
262 79 1 403
262 94 49 237
262 112 16 446
262 118 26 18
263 5 10 87
263 11 19 119
263 21 23 311
263 28 57 171
263 31 5 16
263 32 49 224
263 38 13 116
263 50 27 192
263 54 40 131
263 58 8 249
263 59 32 73
263 88 45 403
263 104 16 192
263 108 1 21
263 115 37 123
264 20 49 93
264 22 1 436
264 26 11 29
264 34 19 268
264 38 38 50
264 45 43 408
264 54 7 264
264 57 4 18
264 72 55 365
264 87 31 221
264 89 59 398
264 98 47 42
264 107 23 359
264 118 14 104
264 119 26 344
265 6 7 397
265 14 47 72
265 18 14 325
265 21 17 447
265 22 52 58
265 32 49 151
265 35 4 449
265 37 20 199
265 47 57 362
265 49 25 169
265 59 37 66
265 78 27 83
265 103 31 329
265 104 1 355
265 115 44 123
266 1 7 273
266 3 19 411
266 6 51 332
266 19 25 231
266 20 27 8
266 43 4 433
266 46 13 203
266 51 39 274
266 64 32 11
266 75 1 56
266 83 44 248
266 89 17 295
266 91 57 409
266 103 9 267
266 111 23 251
267 21 43 311
267 22 31 427
267 36 20 76
267 38 4 44
267 40 45 157
267 44 29 374
267 45 14 307
267 50 37 389
267 83 56 295
267 85 49 234
267 91 7 219
267 94 1 425
267 102 41 212
267 115 22 163
267 119 51 26
268 1 41 264
268 7 31 450
268 9 7 58
268 28 3 215
268 33 23 430
268 37 27 9
268 44 1 374
268 45 43 320
268 49 49 247
268 61 57 298
268 69 15 79
268 81 51 415
268 94 20 179
268 96 37 249
268 112 10 280
269 2 56 62
269 9 19 244
269 18 13 416
269 28 38 53
269 29 44 173
269 52 50 343
269 57 10 211
269 64 25 257
269 73 17 81
269 85 29 333
269 99 31 34
269 100 52 419
269 101 5 343
269 104 2 3
269 118 22 60
270 9 7 233
270 14 59 236
270 19 13 190
270 27 41 356
270 45 55 236
270 50 37 192
270 52 10 343
270 56 21 306
270 59 51 73
270 61 44 275
270 71 26 416
270 72 15 365
270 75 32 293
270 82 29 438
270 92 3 341
271 9 56 141
271 10 45 5
271 24 28 126
271 31 13 72
271 32 34 151
271 37 3 205
271 41 7 277
271 45 15 408
271 66 20 434
271 93 39 272
271 103 49 35
271 105 31 273
271 107 1 312
271 117 9 130
271 118 25 272
272 23 31 390
272 25 51 41
272 45 57 139
272 57 34 18
272 69 20 347
272 81 43 291
272 84 1 207
272 85 17 333
272 89 47 295
272 91 55 354
272 105 10 273
272 110 37 328
272 115 14 114
272 117 26 106
272 120 7 393
273 3 50 435
273 7 25 311
273 20 39 93
273 31 17 16
273 34 19 181
273 62 33 64
273 71 7 427
273 75 10 293
273 77 45 98
273 89 37 347
273 92 4 319
273 98 13 56
273 103 57 267
273 106 31 330
274 24 22 61
274 31 50 16
274 33 47 430
274 49 25 247
274 61 13 120
274 66 31 407
274 74 52 112
274 80 39 372
274 90 20 285
274 91 2 409
274 92 56 319
274 103 43 352
274 108 27 324
274 112 34 83
274 115 9 114
275 1 11 264
275 12 8 406
275 16 28 84
275 25 14 363
275 40 57 310
275 42 43 206
275 53 37 415
275 58 40 304
275 67 5 447
275 80 32 372
275 86 51 250
275 87 1 324
275 102 23 349
275 105 25 296
275 108 19 249
276 5 46 308
276 13 8 318
276 35 10 10
276 39 56 208
276 43 2 95
276 45 21 360
276 54 50 264
276 87 37 31
276 92 33 341
276 111 41 391
276 112 27 158
276 114 14 99
276 116 43 280
277 9 27 214
277 10 39 384
277 14 17 29
277 32 1 224
277 39 50 298
277 60 37 157
277 61 33 271
277 62 25 345
277 68 15 313
277 83 56 248
277 87 19 324
277 96 45 185
277 104 4 355
277 108 8 324
277 111 23 278
278 12 38 257
278 16 22 219
278 23 15 390
278 37 49 108
278 39 8 445
278 44 5 374
278 58 53 215
278 65 19 428
278 66 46 444
278 71 34 301
278 84 56 144
278 105 31 55
278 110 1 156
278 117 27 27
278 120 43 449
279 9 43 141
279 13 5 406
279 50 49 389
279 53 13 361
279 56 15 306
279 59 19 358
279 66 1 444
279 72 37 396
279 82 55 438
279 84 7 278
279 85 23 416
279 90 47 267
279 110 25 328
279 117 31 145
279 118 58 39
280 1 16 38
280 20 31 147
280 23 7 390
280 35 1 449
280 54 46 106
280 60 26 90
280 73 13 424
280 80 4 372
280 86 51 4
280 99 38 34
280 102 35 349
280 115 56 114
280 116 10 433
280 119 20 344
281 12 46 242
281 24 7 175
281 36 32 131
281 37 49 202
281 64 39 422
281 71 27 301
281 80 22 46
281 88 13 243
281 89 43 347
281 93 19 280
281 94 10 237
281 101 59 319
281 103 55 329
281 107 17 3
281 119 3 344
282 18 32 46
282 25 38 209
282 34 55 227
282 43 1 336
282 44 29 446
282 49 13 169
282 57 15 72
282 66 26 81
282 76 44 310
282 77 8 161
282 95 4 129
282 101 53 391
282 109 49 142
282 114 21 99
283 3 19 227
283 6 56 345
283 15 49 240
283 18 43 44
283 19 37 373
283 22 52 233
283 38 46 50
283 49 23 414
283 68 33 313
283 75 26 7
283 86 3 250
283 95 39 282
283 96 15 93
283 106 35 449
283 119 9 188
284 3 15 434
284 18 43 163
284 25 8 225
284 44 29 266
284 47 3 362
284 50 57 172
284 53 1 175
284 62 13 64
284 72 25 273
284 75 39 238
284 87 51 376
284 104 46 80
284 105 21 296
284 108 33 426
285 9 9 244
285 19 19 190
285 23 37 193
285 25 25 41
285 50 31 418
285 60 59 231
285 68 55 313
285 71 52 335
285 80 13 372
285 84 2 144
285 101 50 319
285 102 40 349
285 105 46 208
285 109 21 188
285 118 43 18
286 17 40 122
286 20 1 147
286 21 43 116
286 28 55 375
286 48 19 113
286 49 35 247
286 56 26 22
286 63 5 384
286 69 50 347
286 70 45 145
286 76 31 71
286 96 8 22
286 97 59 422
286 101 38 319
286 108 14 426
287 1 32 38
287 29 25 173
287 30 29 144
287 41 34 226
287 45 49 236
287 70 44 31
287 71 4 416
287 75 1 7
287 88 39 243
287 103 7 329
287 108 15 411
287 109 55 380
287 112 20 446
287 113 59 149
288 3 38 126
288 6 31 345
288 12 49 257
288 30 23 102
288 33 9 381
288 35 46 449
288 44 11 374
288 57 20 18
288 58 35 304
288 69 1 392
288 73 29 6
288 99 25 407
288 100 15 66
288 109 55 117
288 115 43 134
289 6 49 397
289 17 33 162
289 24 55 175
289 26 3 256
289 29 15 202
289 30 13 34
289 38 37 44
289 49 11 415
289 56 25 308
289 57 58 211
289 70 7 85
289 85 40 234
289 87 43 221
289 112 19 384
289 116 22 69
290 23 49 326
290 29 20 84
290 33 5 430
290 46 15 8
290 59 32 66
290 82 11 438
290 90 40 285
290 91 47 409
290 95 1 198
290 101 38 390
290 104 55 3
290 107 13 312
290 109 7 117
290 112 43 198
290 114 25 299
291 7 37 450
291 22 28 103
291 35 4 168
291 42 31 401
291 61 55 120
291 65 1 450
291 78 26 419
291 84 49 278
291 85 35 234
291 86 43 102
291 88 13 350
291 93 17 52
291 96 8 93
291 110 20 379
292 14 43 72
292 17 40 405
292 20 51 193
292 58 13 249
292 60 59 157
292 70 55 31
292 76 15 361
292 77 26 284
292 81 45 212
292 88 21 234
292 93 49 52
292 101 38 391
292 114 7 29
292 115 2 154
292 120 34 150
293 4 43 229
293 7 55 450
293 12 16 50
293 17 49 443
293 32 25 151
293 37 32 228
293 45 3 236
293 61 8 271
293 70 39 205
293 74 23 112
293 79 13 370
293 88 19 131
293 95 28 98
293 104 52 192
293 106 37 330
294 1 11 38
294 11 7 119
294 25 1 412
294 47 56 43
294 49 28 169
294 52 43 343
294 53 35 203
294 54 25 442
294 59 45 447
294 61 38 120
294 76 49 310
294 83 31 295
294 108 21 426
294 114 15 167
295 9 22 273
295 12 19 242
295 21 31 3
295 36 38 76
295 38 25 116
295 44 43 21
295 47 33 406
295 66 4 81
295 83 14 371
295 95 28 198
295 99 45 297
295 101 53 319
295 104 49 3
295 110 9 156
295 116 40 69
296 9 31 244
296 18 52 416
296 30 47 251
296 31 1 341
296 40 8 391
296 41 26 411
296 66 49 444
296 69 56 392
296 81 3 415
296 82 41 40
296 84 20 144
296 92 34 407
296 101 45 391
296 103 37 267
296 117 15 145
297 5 56 378
297 6 15 332
297 12 40 169
297 16 37 219
297 31 1 16
297 48 50 388
297 49 29 414
297 50 33 389
297 53 7 145
297 56 3 277
297 63 20 256
297 81 25 291
297 83 9 248
297 88 44 350
297 93 59 280
298 13 39 318
298 17 19 162
298 18 22 56
298 27 43 356
298 28 45 375
298 35 7 66
298 56 31 22
298 70 3 418
298 71 10 427
298 72 51 365
298 73 59 370
298 84 13 162
298 89 35 211
298 104 56 355
298 117 25 145
299 9 45 146
299 10 25 384
299 19 49 190
299 28 56 277
299 40 33 340
299 42 7 401
299 72 20 396
299 84 37 207
299 85 41 55
299 98 5 56
299 102 11 349
299 107 31 266
299 109 14 117
299 110 1 328
299 115 52 163
300 12 34 50
300 23 46 39
300 26 20 180
300 27 49 356
300 28 38 130
300 48 13 193
300 73 31 81
300 79 43 370
300 81 51 325
300 84 8 258
300 87 1 31
300 100 22 354
300 101 29 167
300 110 55 328
300 116 25 69
Điểm tối ưu: 4449
Thời gian: 360.222983 giây
Trạng thái: VALID
