1423
1 1 15 106
1 5 7 23
1 7 25 17
1 8 5 34
1 10 13 71
1 11 23 139
1 12 11 23
1 17 49 2
1 18 2 123
1 23 19 149
1 28 28 111
1 30 40 85
1 32 37 39
1 37 34 77
2 4 23 81
2 5 1 23
2 10 11 71
2 11 59 139
2 15 8 107
2 16 5 9
2 17 19 135
2 21 25 40
2 27 57 98
2 28 13 141
2 30 34 85
2 32 45 39
2 36 49 72
2 39 27 52
3 1 1 106
3 6 5 30
3 7 7 17
3 8 21 34
3 11 23 103
3 12 16 26
3 13 10 56
3 14 13 62
3 17 37 42
3 21 27 40
3 22 19 138
3 24 31 139
3 26 55 104
3 33 49 140
4 2 51 41
4 3 1 132
4 4 5 15
4 5 13 23
4 6 58 16
4 10 17 131
4 11 11 139
4 18 8 123
4 20 3 116
4 24 25 145
4 26 43 104
4 28 19 111
4 35 38 136
4 39 31 117
5 2 1 41
5 6 25 30
5 13 7 56
5 14 16 62
5 16 22 9
5 17 37 79
5 18 19 123
5 19 35 133
5 21 5 40
5 24 31 135
5 25 10 60
5 27 27 98
5 33 13 121
5 37 49 77
6 5 20 23
6 8 31 34
6 9 1 46
6 10 29 71
6 15 13 107
6 19 17 78
6 20 5 116
6 24 55 145
6 25 7 60
6 26 50 104
6 27 59 98
6 34 46 144
6 37 40 77
6 39 25 117
7 1 7 106
7 3 3 132
7 8 34 34
7 11 21 139
7 16 1 9
7 21 19 88
7 24 25 139
7 25 13 60
7 27 29 102
7 28 16 111
7 30 32 85
7 36 37 13
7 39 43 117
7 40 11 127
8 2 27 41
8 4 13 55
8 5 38 23
8 6 15 95
8 11 19 103
8 13 4 56
8 16 17 54
8 18 43 123
8 19 25 126
8 23 8 149
8 24 55 135
8 25 1 92
8 26 49 99
8 32 34 39
8 36 21 13
9 1 19 106
9 6 7 95
9 11 37 58
9 13 1 56
9 14 31 62
9 16 13 54
9 19 11 78
9 20 41 116
9 21 23 40
9 22 52 138
9 25 4 92
9 26 15 125
9 32 26 39
9 35 34 147
9 40 9 28
10 1 37 106
10 2 7 41
10 3 5 132
10 11 17 145
10 14 19 62
10 21 28 29
10 22 59 138
10 25 1 60
10 27 13 98
10 31 43 93
10 33 32 140
10 34 15 144
10 35 22 147
10 38 55 76
10 40 11 115
11 1 25 106
11 3 7 132
11 4 29 81
11 7 10 17
11 11 37 103
11 12 34 26
11 13 52 66
11 19 39 78
11 22 56 138
11 23 2 149
11 25 16 25
11 29 19 89
11 32 31 39
11 33 22 121
11 34 13 144
12 12 3 26
12 14 25 62
12 17 49 42
12 19 16 133
12 20 1 116
12 22 45 138
12 24 31 145
12 25 7 92
12 28 13 111
12 30 29 85
12 31 57 93
12 32 22 39
12 34 11 144
12 36 40 143
12 40 5 127
13 1 31 106
13 2 19 41
13 4 11 81
13 6 17 30
13 10 35 71
13 18 13 123
13 20 1 84
13 22 25 138
13 24 27 135
13 25 4 60
13 26 37 99
13 33 7 121
13 36 52 13
13 39 55 52
13 40 23 28
14 2 13 41
14 5 25 23
14 6 19 30
14 7 4 17
14 8 23 44
14 15 38 107
14 16 46 9
14 17 32 42
14 22 43 138
14 30 21 85
14 31 55 37
14 33 7 140
14 36 1 143
14 38 49 76
14 40 10 5
15 1 43 106
15 2 31 41
15 11 29 139
15 16 10 54
15 17 49 33
15 18 16 123
15 19 22 126
15 23 25 149
15 26 37 125
15 28 7 134
15 29 1 19
15 32 19 39
15 33 4 121
15 36 13 143
15 39 55 117
16 1 50 106
16 7 13 17
16 8 25 34
16 12 23 106
16 13 57 66
16 16 37 54
16 17 43 42
16 19 27 133
16 20 7 116
16 21 40 29
16 25 16 60
16 26 31 104
16 27 11 98
16 33 1 140
16 34 9 144
17 1 55 106
17 2 38 41
17 6 11 95
17 9 2 96
17 11 7 139
17 16 49 9
17 20 9 116
17 25 19 60
17 29 13 19
17 30 26 85
17 33 16 140
17 36 28 13
17 38 43 76
17 39 51 117
17 40 5 115
18 2 43 41
18 7 19 17
18 9 8 96
18 10 5 131
18 19 34 126
18 23 1 91
18 24 37 145
18 27 11 41
18 29 22 19
18 30 17 85
18 32 14 39
18 33 25 140
18 35 31 136
18 39 49 52
18 40 28 28
19 6 21 30
19 8 29 44
19 10 31 71
19 11 19 139
19 13 49 66
19 15 16 107
19 21 13 29
19 22 23 128
19 23 2 32
19 27 35 102
19 28 7 111
19 36 25 13
19 37 10 83
19 38 37 76
20 2 55 41
20 3 9 132
20 4 7 15
20 6 28 16
20 9 13 96
20 11 21 58
20 12 19 26
20 13 46 66
20 14 1 62
20 19 23 78
20 20 11 116
20 24 51 135
20 28 4 134
20 31 31 93
20 37 37 77
21 4 44 55
21 6 5 95
21 8 35 44
21 11 26 103
21 17 55 42
21 20 13 116
21 21 22 29
21 23 9 91
21 24 49 145
21 27 17 98
21 28 2 141
21 30 15 85
21 34 7 144
21 37 19 83
21 38 31 76
22 3 11 132
22 6 55 95
22 8 17 34
22 10 5 68
22 12 1 26
22 15 19 107
22 16 8 9
22 18 22 123
22 20 3 84
22 24 43 145
22 27 29 98
22 31 25 93
22 33 13 140
22 39 37 117
23 7 16 17
23 9 4 46
23 11 14 139
23 12 10 26
23 13 43 66
23 16 51 9
23 18 25 123
23 21 31 40
23 22 28 138
23 25 1 25
23 28 7 141
23 30 19 85
23 31 37 37
23 37 22 42
23 39 33 52
24 3 13 132
24 6 1 95
24 7 22 17
24 8 38 34
24 9 8 46
24 11 17 58
24 13 40 66
24 15 50 107
24 18 28 123
24 23 32 32
24 26 3 125
24 27 15 98
24 30 11 85
24 35 25 147
24 39 45 52
25 3 15 132
25 4 11 15
25 5 31 23
25 8 23 34
25 9 19 96
25 11 17 139
25 12 7 26
25 15 3 107
25 19 35 78
25 21 13 40
25 26 25 24
25 27 41 102
25 30 9 85
25 36 43 13
25 40 1 5
26 1 1 27
26 5 43 23
26 8 19 44
26 9 16 96
26 17 25 79
26 18 31 123
26 19 29 133
26 22 34 138
26 23 37 149
26 26 55 125
26 29 8 19
26 30 13 85
26 34 5 144
26 36 21 72
26 40 11 28
27 3 17 132
27 4 25 81
27 5 49 23
27 7 31 17
27 8 7 44
27 14 4 62
27 17 43 79
27 18 34 123
27 20 27 84
27 27 22 98
27 31 13 37
27 32 10 39
27 33 19 121
27 37 1 77
27 39 38 52
28 4 1 81
28 5 55 23
28 7 34 17
28 10 29 68
28 11 45 58
28 12 13 26
28 15 22 107
28 18 37 123
28 21 19 40
28 22 10 138
28 25 4 25
28 32 7 39
28 36 31 143
28 37 16 77
28 38 25 76
29 1 7 27
29 5 55 12
29 7 28 17
29 10 1 71
29 12 25 26
29 14 22 62
29 18 40 123
29 20 11 84
29 25 13 92
29 31 49 37
29 32 4 39
29 36 19 143
29 39 32 112
29 40 16 28
30 1 13 27
30 4 5 81
30 6 17 95
30 8 43 34
30 13 37 66
30 17 25 33
30 18 46 123
30 22 41 138
30 24 49 139
30 28 22 111
30 29 8 89
30 33 19 140
30 34 3 144
30 37 31 77
30 39 56 112
31 3 19 132
31 7 46 17
31 10 53 71
31 14 9 62
31 16 15 54
31 19 13 126
31 24 38 139
31 26 26 104
31 27 34 98
31 33 4 140
31 35 31 147
31 37 1 83
31 38 21 76
31 39 57 95
31 40 7 28
32 3 21 132
32 5 14 109
32 7 37 17
32 9 25 96
32 10 19 131
32 11 7 103
32 12 23 26
32 13 34 66
32 30 4 85
32 31 43 37
32 32 1 39
32 34 59 69
32 35 28 147
32 36 52 72
33 1 20 27
33 4 35 81
33 5 3 109
33 8 40 44
33 9 28 96
33 10 49 71
33 14 37 62
33 15 25 107
33 20 15 116
33 30 7 85
33 31 31 37
33 32 58 8
33 33 10 140
33 34 1 144
33 36 43 72
34 1 25 27
34 3 23 132
34 5 7 109
34 8 45 34
34 11 29 58
34 12 11 106
34 14 34 62
34 15 31 107
34 17 38 33
34 19 43 126
34 20 17 116
34 26 19 104
34 33 1 121
34 37 4 42
34 38 13 76
35 1 31 27
35 4 9 15
35 7 40 17
35 8 47 34
35 9 22 96
35 14 28 62
35 16 5 54
35 19 11 133
35 22 35 128
35 23 13 91
35 26 43 99
35 27 7 98
35 28 2 111
35 33 56 140
35 37 19 42
36 1 37 27
36 5 13 12
36 12 31 26
36 15 28 107
36 20 5 84
36 21 43 29
36 28 33 141
36 29 19 19
36 30 23 85
36 33 25 121
36 34 57 69
36 35 2 136
36 38 8 76
36 39 45 95
36 40 17 115
37 1 43 27
37 6 11 30
37 14 40 62
37 15 34 107
37 17 51 79
37 20 19 116
37 21 21 40
37 23 7 32
37 29 1 89
37 31 57 102
37 34 49 69
37 36 31 13
37 37 13 77
37 39 25 75
37 40 4 28
38 1 57 27
38 4 5 55
38 6 3 30
38 8 19 34
38 11 21 103
38 13 31 66
38 14 44 62
38 16 10 9
38 21 17 40
38 22 47 138
38 25 7 25
38 26 13 99
38 35 52 147
38 36 25 143
38 40 1 28
39 1 49 27
39 4 3 55
39 7 55 17
39 10 23 68
39 11 28 103
39 12 5 26
39 20 7 84
39 24 37 135
39 25 10 25
39 30 1 85
39 31 19 37
39 33 16 121
39 34 47 69
39 35 13 80
40 6 7 30
40 9 31 96
40 12 21 26
40 14 49 62
40 15 55 107
40 19 4 78
40 20 9 84
40 24 15 135
40 28 1 134
40 30 11 93
40 34 45 69
40 35 25 136
40 39 37 95
40 40 13 115
41 3 25 132
41 4 19 15
41 6 28 30
41 7 43 17
41 8 7 34
41 14 52 62
41 15 46 107
41 17 32 33
41 23 13 149
41 29 22 89
41 30 17 93
41 33 10 121
41 38 2 76
41 39 38 5
42 5 25 109
42 7 58 17
42 9 13 46
42 20 16 84
42 27 37 98
42 28 10 111
42 30 55 85
42 34 43 69
42 35 1 147
42 36 4 72
42 37 31 47
42 38 49 127
42 39 20 117
43 3 27 132
43 8 5 44
43 9 16 46
43 10 3 68
43 12 29 26
43 14 58 62
43 17 21 79
43 19 19 126
43 21 1 40
43 24 43 135
43 31 50 93
43 32 55 8
43 35 7 136
43 36 10 72
44 4 13 15
44 5 1 12
44 6 33 30
44 7 52 17
44 16 8 54
44 17 43 33
44 18 49 123
44 24 37 3
44 30 57 85
44 31 26 37
44 34 55 69
44 36 15 72
44 39 19 52
44 40 23 127
45 4 1 15
45 5 7 12
45 6 35 30
45 9 19 46
45 11 53 58
45 14 55 62
45 17 3 21
45 19 25 78
45 24 31 100
45 28 14 134
45 33 22 140
45 35 40 147
45 36 50 143
45 37 28 77
46 9 22 46
46 10 3 71
46 11 13 103
46 12 27 26
46 15 43 107
46 17 15 79
46 18 52 123
46 21 1 29
46 22 37 138
46 27 9 98
46 32 49 8
46 37 19 77
46 38 55 127
47 3 29 132
47 10 23 131
47 17 25 42
47 18 56 123
47 19 31 78
47 21 3 40
47 22 7 138
47 23 13 32
47 24 9 135
47 26 19 24
47 30 59 85
47 32 44 8
47 35 49 147
47 36 34 13
48 3 31 132
48 4 19 81
48 14 49 16
48 17 33 79
48 19 1 78
48 21 5 88
48 22 39 138
48 24 55 139
48 26 21 125
48 28 13 48
48 31 7 37
48 35 52 136
48 38 43 127
48 40 3 115
49 7 49 17
49 12 5 148
49 13 26 66
49 14 2 36
49 16 17 9
49 20 21 116
49 22 19 128
49 23 31 149
49 24 57 56
49 25 38 60
49 26 9 104
49 27 55 98
49 31 13 93
49 37 43 77
49 40 7 5
50 5 19 12
50 6 47 30
50 7 1 82
50 9 58 96
50 10 55 71
50 14 4 16
50 17 31 86
50 19 17 126
50 20 13 84
50 21 15 29
50 23 43 149
50 24 25 100
50 25 10 92
50 28 7 48
50 39 37 112
51 3 33 132
51 4 7 55
51 6 15 30
51 7 4 82
51 9 37 96
51 18 1 130
51 20 23 116
51 24 43 56
51 32 40 8
51 33 28 121
51 35 9 147
51 37 56 77
51 39 49 112
51 40 21 115
52 7 7 82
52 12 17 23
52 14 10 36
52 16 43 9
52 19 19 133
52 23 21 32
52 24 13 145
52 28 25 134
52 30 53 85
52 31 2 37
52 32 37 8
52 33 28 140
52 34 40 69
52 39 31 5
53 4 3 81
53 6 31 30
53 11 1 58
53 12 45 26
53 14 7 36
53 19 47 133
53 25 13 25
53 26 25 125
53 27 43 98
53 30 51 85
53 32 34 8
53 33 37 140
53 35 22 136
53 37 40 83
53 40 17 127
54 4 13 81
54 6 56 16
54 7 10 82
54 11 5 58
54 13 22 66
54 14 7 16
54 16 20 9
54 19 15 78
54 23 25 91
54 28 2 48
54 32 31 8
54 34 37 69
54 35 34 136
55 15 58 107
55 16 3 9
55 21 7 88
55 23 33 91
55 27 25 98
55 28 10 134
55 30 49 85
55 31 19 93
55 33 37 121
55 34 31 69
55 35 46 136
55 36 55 13
55 39 15 117
55 40 13 28
56 4 7 81
56 8 15 34
56 9 34 96
56 10 17 68
56 11 2 103
56 16 19 54
56 22 13 138
56 23 50 91
56 28 10 48
56 29 4 19
56 30 47 85
56 31 43 102
56 32 28 8
56 33 40 140
56 39 21 5
57 3 39 132
57 4 25 15
57 14 28 36
57 16 14 9
57 17 7 79
57 19 33 78
57 22 5 128
57 23 19 91
57 25 16 92
57 27 11 102
57 31 49 102
57 33 43 140
57 35 56 136
57 37 1 42
58 5 19 109
58 6 34 16
58 7 43 82
58 8 59 44
58 14 13 36
58 19 2 133
58 23 49 149
58 24 55 3
58 26 7 99
58 29 4 89
58 31 37 102
58 32 25 8
58 35 16 136
58 37 46 47
58 40 53 127
59 6 13 95
59 7 28 82
59 14 10 16
59 16 31 54
59 19 8 78
59 21 3 88
59 22 50 138
59 26 55 99
59 27 17 102
59 31 20 102
59 35 43 147
59 38 37 127
59 40 33 28
60 3 37 132
60 5 31 109
60 9 40 96
60 10 7 131
60 13 19 66
60 14 16 36
60 15 1 2
60 17 9 33
60 18 4 130
60 20 22 84
60 26 50 24
60 31 25 102
60 35 43 136
60 36 46 143
60 39 55 75
61 4 15 15
61 5 37 109
61 6 49 30
61 7 46 82
61 10 13 131
61 15 4 2
61 17 9 21
61 19 7 133
61 20 26 116
61 21 1 88
61 24 51 56
61 29 28 89
61 31 31 102
61 32 22 8
61 36 55 143
62 4 22 15
62 7 34 82
62 9 43 96
62 12 37 26
62 13 16 66
62 14 13 16
62 18 7 130
62 20 28 116
62 24 2 135
62 25 19 92
62 26 39 104
62 29 31 89
62 37 10 42
63 4 17 55
63 7 37 82
63 11 4 139
63 12 41 26
63 13 13 66
63 15 7 2
63 16 28 9
63 18 10 130
63 25 22 92
63 26 45 24
63 28 25 141
63 30 43 85
63 34 52 69
63 35 19 136
64 3 43 132
64 4 3 15
64 14 22 36
64 20 31 116
64 22 5 138
64 26 7 24
64 27 40 98
64 30 45 85
64 32 19 8
64 33 52 121
64 34 27 69
64 35 37 147
64 37 13 42
64 39 33 75
65 3 45 132
65 7 40 82
65 8 13 34
65 9 25 46
65 16 1 54
65 22 37 128
65 23 56 32
65 32 52 8
65 33 7 47
65 34 35 69
65 37 10 77
65 38 31 127
65 39 15 52
65 40 4 5
66 5 26 12
66 7 49 82
66 17 44 21
66 18 13 130
66 21 35 40
66 22 1 128
66 23 37 91
66 25 22 25
66 26 31 99
66 28 16 48
66 31 7 102
66 35 19 80
66 36 3 13
66 39 55 5
67 3 47 132
67 4 57 81
67 7 52 82
67 9 49 96
67 11 8 145
67 12 13 106
67 13 10 66
67 14 40 36
67 16 43 54
67 20 33 116
67 22 15 138
67 23 25 32
67 29 37 89
67 37 4 77
68 4 31 81
68 9 52 96
68 10 58 71
68 12 49 26
68 13 7 66
68 15 10 2
68 18 16 130
68 20 20 84
68 24 37 100
68 25 25 92
68 26 3 99
68 28 22 141
68 39 43 112
68 40 1 115
69 8 49 34
69 9 46 96
69 11 41 58
69 12 5 106
69 14 19 16
69 15 22 2
69 17 1 79
69 23 56 91
69 25 31 25
69 29 37 19
69 32 14 8
69 34 29 69
69 35 10 136
69 38 25 127
70 6 23 95
70 7 55 82
70 13 4 66
70 16 27 54
70 18 20 130
70 19 7 126
70 20 25 84
70 24 49 100
70 29 40 19
70 31 13 102
70 32 10 8
70 35 34 80
70 37 31 83
70 39 43 5
70 40 59 5
71 7 58 82
71 8 9 34
71 9 46 46
71 11 5 145
71 14 16 16
71 15 13 2
71 17 50 21
71 21 7 40
71 23 37 32
71 25 27 60
71 26 1 104
71 28 19 48
71 29 55 19
71 34 25 69
71 36 31 72
72 3 49 132
72 7 7 93
72 14 19 36
72 15 16 2
72 17 43 86
72 20 35 116
72 28 10 141
72 29 40 89
72 31 2 102
72 34 33 69
72 35 13 147
72 37 27 47
72 38 55 74
72 40 25 28
73 3 51 132
73 6 39 16
73 7 1 93
73 11 9 103
73 17 55 79
73 21 46 40
73 22 17 138
73 24 19 100
73 28 25 48
73 29 43 19
73 30 37 85
73 34 23 69
73 35 13 136
73 36 28 72
73 40 7 115
74 3 53 132
74 6 19 95
74 7 4 93
74 8 2 44
74 14 31 36
74 16 34 9
74 18 25 130
74 21 10 40
74 23 55 149
74 24 38 56
74 29 46 19
74 32 7 8
74 36 13 13
74 39 49 75
75 6 1 16
75 17 38 86
75 18 32 130
75 19 23 133
75 23 43 91
75 25 25 25
75 26 3 24
75 29 58 19
75 31 50 70
75 33 10 47
75 35 28 136
75 36 7 143
75 38 19 127
75 40 15 115
76 9 28 46
76 13 1 66
76 15 25 2
76 16 40 9
76 18 37 130
76 23 49 3
76 25 31 60
76 29 43 89
76 32 4 8
76 34 21 69
76 37 7 42
76 39 14 75
76 40 35 28
77 3 55 132
77 4 35 15
77 5 31 12
77 15 28 2
77 17 57 33
77 20 37 116
77 24 7 100
77 25 43 60
77 28 40 141
77 32 1 8
77 33 20 47
77 37 46 77
77 38 13 127
77 39 49 5
78 4 9 81
78 5 43 109
78 6 28 95
78 7 38 93
78 9 31 46
78 14 25 36
78 28 20 134
78 29 34 89
78 30 41 93
78 31 55 70
78 33 13 47
78 34 17 69
78 36 4 143
78 38 49 74
79 4 9 55
79 7 1 17
79 10 13 68
79 17 55 21
79 18 40 130
79 21 7 29
79 23 43 32
79 26 25 99
79 27 52 98
79 28 22 48
79 32 49 39
79 33 16 47
79 35 4 80
79 38 31 74
79 40 19 5
80 3 57 132
80 6 23 30
80 9 34 46
80 10 1 131
80 12 47 26
80 16 3 54
80 20 29 84
80 25 51 92
80 31 38 70
80 34 19 69
80 35 16 147
80 38 43 74
80 39 7 117
81 5 50 109
81 8 9 44
81 11 31 58
81 13 13 56
81 20 44 116
81 25 28 92
81 26 56 24
81 31 20 70
81 32 40 39
81 35 1 80
81 36 46 13
81 37 25 77
81 40 16 5
82 9 37 46
82 12 58 26
82 15 7 80
82 16 34 54
82 18 43 130
82 19 13 78
82 20 31 84
82 26 20 99
82 27 46 98
82 28 28 48
82 32 52 39
82 33 2 47
82 37 16 42
82 40 40 28
83 5 43 12
83 6 1 30
83 10 11 131
83 13 19 56
83 17 7 86
83 20 39 116
83 24 3 100
83 25 22 60
83 27 47 102
83 29 49 19
83 32 55 39
83 34 15 69
83 35 31 80
83 39 25 5
84 4 44 81
84 8 1 34
84 9 55 46
84 10 28 131
84 15 19 2
84 16 31 9
84 17 49 86
84 22 22 138
84 24 15 100
84 27 3 98
84 29 25 89
84 34 13 69
84 36 34 72
84 39 9 52
85 6 37 16
85 7 31 82
85 9 40 46
85 11 3 58
85 12 43 26
85 20 46 116
85 22 1 138
85 23 49 32
85 28 34 48
85 29 16 19
85 33 58 121
85 35 55 147
85 38 25 74
85 39 7 75
85 40 19 115
86 7 22 82
86 8 17 44
86 9 52 46
86 10 25 68
86 14 34 36
86 18 46 130
86 20 49 116
86 23 1 3
86 26 13 104
86 27 5 98
86 32 58 39
86 33 55 121
86 35 19 147
86 38 7 127
87 3 59 132
87 4 55 81
87 6 43 16
87 8 3 34
87 11 1 145
87 12 52 26
87 13 16 56
87 14 22 16
87 15 31 2
87 23 7 3
87 29 25 19
87 30 29 93
87 34 11 69
87 38 38 74
88 5 37 12
88 9 43 46
88 16 22 54
88 17 1 33
88 18 49 130
88 20 55 84
88 21 41 40
88 22 31 138
88 24 57 100
88 26 7 125
88 33 52 140
88 39 33 95
88 40 13 5
89 4 17 15
89 6 46 16
89 7 19 82
89 8 14 44
89 11 4 103
89 15 37 2
89 21 29 40
89 22 7 128
89 28 40 134
89 30 23 93
89 31 31 70
89 33 49 121
89 37 52 77
89 40 9 115
90 6 41 16
90 8 11 34
90 12 39 26
90 13 22 56
90 17 55 86
90 19 4 133
90 21 15 40
90 26 43 125
90 27 19 98
90 28 32 134
90 31 25 70
90 32 1 57
90 34 9 69
91 4 21 81
91 6 13 30
91 7 16 82
91 11 35 139
91 18 28 130
91 20 51 116
91 26 31 24
91 27 55 102
91 28 25 111
91 30 59 123
91 32 7 57
91 35 10 80
91 38 1 127
92 4 11 55
92 13 25 56
92 17 55 2
92 19 9 133
92 20 33 84
92 23 13 3
92 25 40 25
92 27 31 98
92 29 28 19
92 31 43 70
92 34 7 69
92 36 1 72
92 38 19 74
93 5 49 12
93 6 9 30
93 9 55 96
93 10 35 131
93 14 25 16
93 16 29 54
93 19 41 78
93 24 43 100
93 26 31 125
93 28 19 141
93 30 11 123
93 31 13 70
93 32 4 57
93 36 38 72
94 7 25 82
94 9 58 46
94 11 11 103
94 15 34 2
94 16 37 9
94 19 28 78
94 21 3 29
94 23 19 3
94 27 1 98
94 31 7 70
94 33 46 140
94 34 5 69
94 38 14 74
95 3 35 132
95 5 55 109
95 11 43 58
95 15 40 2
95 17 13 33
95 21 10 88
95 24 20 145
95 26 49 125
95 28 28 134
95 29 32 19
95 33 46 121
95 34 3 69
95 36 25 72
95 37 7 77
96 3 41 132
96 6 52 16
96 11 13 58
96 12 55 26
96 13 28 56
96 15 46 2
96 17 19 33
96 20 35 84
96 22 3 138
96 23 31 3
96 32 10 57
96 33 43 121
96 34 1 69
96 35 58 147
96 36 49 13
97 4 1 55
97 6 51 95
97 8 28 34
97 11 11 58
97 14 31 16
97 18 58 130
97 20 53 116
97 22 3 128
97 25 44 92
97 27 49 98
97 28 34 111
97 29 16 89
97 36 37 143
97 37 22 77
97 38 7 74
98 8 40 34
98 10 11 68
98 11 8 58
98 12 5 23
98 13 31 56
98 18 55 130
98 23 26 3
98 26 13 24
98 33 34 121
98 35 49 136
98 38 1 74
98 39 19 75
99 4 16 81
99 9 49 46
99 10 27 68
99 11 2 139
99 13 34 56
99 18 52 130
99 20 56 116
99 24 43 139
99 25 19 25
99 29 13 89
99 30 5 123
99 33 40 121
99 37 7 83
100 7 13 82
100 10 19 68
100 11 34 58
100 16 25 54
100 17 21 86
100 20 37 84
100 23 43 3
100 26 39 24
100 31 2 70
100 33 31 121
100 37 16 83
100 39 27 112
Điểm tối ưu: 1423
Thời gian: 179.948138 giây
Trạng thái: VALID
