3104
1 10 1 23
1 143 39 31
1 38 7 8
1 41 49 34
1 43 43 65
1 77 31 53
1 87 22 52
1 88 25 82
1 115 55 14
2 34 19 86
2 103 45 17
2 122 35 74
2 75 1 53
2 12 25 52
2 15 37 30
2 49 21 7
2 115 58 14
2 119 4 53
2 62 41 68
3 128 1 75
3 97 16 82
3 153 33 20
3 132 45 87
3 103 47 17
3 52 37 7
3 87 7 65
3 60 3 26
4 128 1 109
4 109 22 57
4 77 37 53
4 110 7 31
4 49 27 7
4 82 57 69
4 83 3 43
4 148 49 11
4 62 43 68
5 1 58 108
5 132 51 87
5 141 3 28
5 143 17 31
5 145 19 9
5 18 43 33
5 150 7 119
5 24 46 68
5 41 40 34
5 61 49 65
5 75 13 53
5 83 9 43
5 105 21 146
6 70 46 3
6 139 57 87
6 108 19 66
6 112 37 1
6 16 21 73
6 149 52 3
6 151 3 33
6 152 49 30
6 121 9 25
6 30 15 8
7 130 1 77
7 70 49 3
7 71 43 74
7 12 28 52
7 79 16 53
7 83 21 43
7 145 25 9
7 152 52 30
7 122 45 74
8 13 16 25
8 15 9 53
8 145 41 9
8 20 49 4
8 22 13 52
8 38 52 8
8 49 33 7
8 58 28 57
8 77 43 53
8 105 23 146
8 106 57 101
8 108 25 66
8 117 3 109
9 132 59 77
9 139 13 29
9 18 19 33
9 24 49 68
9 49 9 33
9 53 37 44
9 62 57 68
9 90 1 59
9 103 25 17
9 108 31 66
9 112 43 1
9 125 46 12
10 1 52 108
10 68 55 94
10 103 37 17
10 105 19 146
10 27 13 31
10 141 57 28
10 78 22 82
10 147 1 135
10 116 3 8
10 114 27 43
10 153 45 20
10 58 31 57
10 123 16 71
11 150 19 119
11 31 37 42
11 35 25 48
11 56 13 60
11 58 34 57
11 72 1 175
11 83 15 43
11 88 27 82
11 93 9 26
11 108 55 66
11 112 49 1
11 117 5 109
11 121 21 25
12 146 1 9
12 30 9 94
12 35 31 48
12 37 15 24
12 72 40 175
12 77 57 53
12 82 59 69
12 90 7 59
12 95 51 56
12 116 27 8
12 123 19 71
13 2 39 57
13 10 49 23
13 141 3 39
13 17 13 75
13 20 52 4
13 22 16 52
13 23 21 46
13 154 7 38
13 35 43 48
13 47 25 37
13 56 19 60
13 70 55 3
13 88 29 82
13 114 33 43
14 36 49 41
14 100 31 9
14 105 25 146
14 108 41 66
14 138 27 12
14 12 58 52
14 112 55 1
14 20 1 35
14 58 46 57
14 60 21 26
14 95 53 56
15 129 34 28
15 8 25 49
15 13 28 25
15 144 46 43
15 20 58 4
15 154 9 38
15 28 41 33
15 41 55 34
15 47 37 37
15 53 43 44
15 73 1 92
15 103 49 17
16 96 7 109
16 129 49 28
16 64 11 96
16 100 47 9
16 72 19 175
16 12 31 52
16 83 39 43
16 22 43 52
16 24 52 68
16 153 57 20
16 90 13 59
17 90 19 59
17 7 45 15
17 39 57 118
17 42 4 46
17 80 7 66
17 151 15 33
17 56 43 60
17 89 40 37
17 58 49 57
17 150 1 130
18 143 11 31
18 17 4 75
18 148 40 11
18 23 7 46
18 41 43 34
18 60 15 26
18 71 47 74
18 83 57 43
18 95 55 56
18 101 22 31
18 105 27 146
18 117 13 109
18 121 33 25
18 122 49 74
19 1 28 108
19 131 19 152
19 138 33 12
19 154 11 38
19 31 7 42
19 56 37 60
19 62 55 68
19 64 47 96
19 71 51 74
19 89 43 37
19 103 57 17
19 112 1 36
19 122 53 74
20 64 43 96
20 138 51 12
20 11 13 5
20 12 46 52
20 44 7 36
20 17 16 75
20 120 1 72
20 152 58 30
20 63 9 46
21 145 53 9
21 18 59 33
21 148 46 11
21 150 51 130
21 43 55 65
21 52 43 7
21 56 1 136
21 63 15 46
21 82 7 72
21 88 35 82
21 93 27 26
21 105 33 146
21 123 22 71
22 101 28 31
22 70 58 3
22 41 52 34
22 123 25 71
22 13 1 55
22 77 49 53
22 109 7 75
22 16 39 73
22 115 43 26
22 20 4 35
22 119 19 53
22 89 55 37
22 27 31 31
22 30 15 94
23 35 49 48
23 4 1 42
23 5 25 97
23 7 51 154
23 8 37 49
23 41 58 34
23 14 43 79
23 79 22 53
23 112 13 36
23 144 7 55
23 111 55 9
23 17 19 75
23 93 33 26
24 128 57 168
24 14 25 79
24 22 40 52
24 23 23 46
24 50 3 38
24 53 49 44
24 57 1 121
24 58 43 57
24 65 10 55
24 77 59 53
24 79 7 121
24 88 47 82
24 100 51 13
24 107 28 71
25 14 31 79
25 143 37 31
25 145 1 24
25 148 52 11
25 23 19 46
25 151 21 33
25 27 34 31
25 30 3 94
25 60 39 26
25 62 59 68
25 69 16 41
25 99 7 40
25 108 43 66
25 116 9 35
25 122 55 74
26 5 40 97
26 11 19 5
26 146 4 9
26 148 43 11
26 150 25 119
26 34 37 86
26 41 46 34
26 43 13 72
26 53 55 44
26 72 58 175
26 73 7 92
26 82 1 98
26 98 51 27
26 107 31 71
26 117 15 109
27 68 49 94
27 74 51 62
27 49 27 33
27 18 31 72
27 20 4 121
27 117 19 109
27 125 55 12
27 23 25 46
27 56 7 136
27 151 33 33
27 61 1 76
28 96 25 109
28 10 1 40
28 42 31 46
28 106 55 101
28 76 3 41
28 143 41 31
28 112 19 36
28 79 13 121
28 83 51 43
28 147 7 135
28 89 46 37
28 30 21 94
28 95 57 56
29 128 11 109
29 130 52 17
29 7 25 15
29 11 31 5
29 77 55 53
29 15 27 53
29 143 1 45
29 115 49 26
29 52 46 7
29 149 16 38
29 22 19 113
29 87 13 65
29 125 58 12
29 94 3 66
30 38 10 8
30 101 43 31
30 137 40 10
30 135 51 39
30 46 1 19
30 47 58 37
30 82 7 98
30 154 19 38
30 93 15 55
30 30 27 94
31 101 22 127
31 69 37 41
31 38 55 8
31 138 3 17
31 112 25 36
31 80 52 66
31 16 45 73
31 20 19 121
31 21 9 2
31 63 27 46
32 128 39 109
32 99 13 40
32 4 1 67
32 76 27 41
32 143 3 45
32 47 49 37
32 79 10 121
32 50 21 38
32 49 55 33
32 21 15 2
32 149 31 38
32 58 52 57
32 95 59 56
32 31 5 45
33 145 59 9
33 147 25 135
33 150 31 119
33 23 43 46
33 39 51 118
33 42 34 46
33 43 45 72
33 46 7 19
33 77 1 147
33 92 27 2
33 105 37 146
33 109 22 75
33 110 15 35
33 114 3 65
33 122 57 74
34 153 21 20
34 66 45 13
34 36 27 92
34 70 4 24
34 135 9 39
34 10 19 40
34 141 57 39
34 82 13 98
34 52 52 7
34 21 33 2
34 57 25 121
34 28 43 113
34 30 37 94
35 129 52 28
35 69 58 41
35 9 9 9
35 110 21 35
35 52 55 7
35 92 39 2
35 30 45 94
35 95 1 64
36 131 11 152
36 68 41 94
36 37 7 24
36 102 45 2
36 39 1 78
36 105 39 146
36 9 49 9
36 11 16 5
36 13 13 145
36 15 33 53
36 147 19 135
36 23 53 46
36 58 55 57
36 29 25 35
37 67 31 59
37 132 7 87
37 101 46 31
37 38 34 8
37 135 21 39
37 8 40 49
37 74 3 59
37 141 27 39
37 13 10 65
37 46 13 19
37 21 57 2
37 154 51 70
38 2 15 59
38 69 40 41
38 9 21 9
38 10 1 120
38 14 55 79
38 80 10 66
38 115 46 26
38 21 51 2
38 58 58 57
38 123 37 71
38 28 7 120
38 61 3 76
39 35 37 48
39 68 43 94
39 7 49 12
39 72 7 175
39 138 33 17
39 139 13 87
39 109 25 75
39 141 39 39
39 15 51 53
39 113 1 16
39 82 19 98
39 49 3 40
39 52 58 7
39 87 16 65
39 151 45 33
39 27 55 31
40 144 22 55
40 149 37 38
40 152 46 30
40 153 51 20
40 29 28 35
40 61 5 76
40 67 34 59
40 70 10 24
40 79 16 121
40 95 19 85
40 99 25 40
40 100 7 64
40 120 57 72
40 122 1 104
40 123 43 71
41 132 59 87
41 8 52 49
41 9 13 9
41 15 45 53
41 154 35 38
41 27 49 31
41 31 7 45
41 34 31 86
41 37 17 24
41 66 57 13
41 75 37 59
41 87 19 65
41 92 3 48
41 109 28 75
41 120 1 114
42 7 39 154
42 143 9 45
42 20 22 121
42 154 25 38
42 46 16 19
42 57 31 121
42 64 19 96
42 65 49 55
42 75 43 59
42 77 7 147
42 98 55 27
42 99 37 40
42 100 13 64
42 105 41 146
42 106 59 101
42 107 46 71
42 116 33 35
43 34 55 86
43 67 25 59
43 102 15 32
43 9 21 96
43 105 31 146
43 107 34 71
43 123 40 71
43 141 45 62
43 145 19 24
43 147 37 135
43 53 7 78
43 89 52 37
43 154 57 103
43 92 9 48
44 137 4 10
44 9 33 9
44 13 22 65
44 15 39 53
44 145 13 24
44 152 43 30
44 35 55 48
44 42 46 46
44 44 19 70
44 49 9 40
44 56 53 60
44 64 57 96
44 71 59 74
44 92 15 48
44 106 7 144
44 112 37 36
44 119 1 95
44 123 49 71
45 1 49 108
45 130 37 113
45 67 40 59
45 102 33 32
45 74 57 62
45 75 46 59
45 146 28 45
45 23 55 46
45 150 43 119
45 119 4 95
45 26 1 1
45 123 52 71
45 92 21 48
45 95 25 85
46 64 55 96
46 100 53 64
46 104 45 5
46 41 1 84
46 112 35 36
46 145 33 24
46 50 21 40
46 148 58 11
46 62 13 76
46 89 4 84
46 95 37 85
47 131 7 107
47 132 41 87
47 8 49 49
47 104 9 5
47 112 45 36
47 145 39 24
47 147 43 135
47 116 57 35
47 146 19 45
47 21 3 36
47 115 52 26
47 58 13 120
47 94 27 66
48 37 21 24
48 106 1 144
48 74 33 62
48 13 7 84
48 79 37 121
48 49 3 47
48 145 45 24
48 83 15 47
48 21 27 36
48 53 13 78
48 27 52 31
48 60 57 26
49 128 17 109
49 131 25 152
49 139 33 87
49 145 37 24
49 18 49 33
49 44 7 70
49 45 43 93
49 46 19 19
49 49 9 47
49 57 13 144
49 62 15 76
49 66 1 13
49 75 58 59
49 77 31 147
49 85 27 47
49 104 51 5
49 107 55 71
49 109 46 75
49 121 39 25
50 130 40 113
50 9 43 9
50 13 10 84
50 143 59 45
50 150 49 119
50 37 57 24
50 46 4 19
50 56 17 120
50 57 47 121
50 62 7 76
50 78 52 82
50 87 1 115
50 89 13 84
50 107 25 72
50 119 19 95
51 130 31 113
51 132 19 87
51 17 10 75
51 21 21 2
51 150 37 119
51 52 40 7
51 65 46 55
51 77 57 147
51 82 25 98
51 83 51 47
51 94 15 66
51 96 34 109
51 99 49 40
51 103 59 17
51 111 1 15
51 114 27 65
51 117 43 109
52 34 49 86
52 67 28 59
52 132 37 87
52 5 19 55
52 69 55 41
52 72 25 175
52 138 39 12
52 13 22 84
52 45 7 50
52 46 58 19
52 16 51 73
52 116 33 97
52 117 45 109
52 56 13 136
52 60 3 50
53 33 28 13
53 58 4 120
53 39 25 78
53 140 52 29
53 107 37 72
53 14 49 79
53 29 46 35
53 152 55 30
53 85 21 77
53 22 58 113
53 149 43 38
53 87 13 115
53 153 33 66
53 90 31 98
53 59 9 1
53 61 17 76
54 131 47 152
54 139 29 87
54 12 34 52
54 149 49 38
54 35 13 114
54 37 23 24
54 38 58 8
54 44 1 70
54 54 4 15
54 65 52 55
54 82 37 98
54 89 31 84
54 102 39 32
54 105 45 146
54 106 19 144
54 113 7 16
55 99 31 40
55 5 37 97
55 103 43 17
55 9 3 96
55 75 49 59
55 45 28 50
55 11 52 90
55 47 19 84
55 50 15 40
55 30 33 94
55 20 40 121
55 119 22 95
55 27 58 31
55 94 45 66
56 130 4 77
56 135 15 39
56 143 11 45
56 147 13 135
56 150 55 119
56 151 37 33
56 46 28 19
56 60 19 50
56 61 23 76
56 62 31 76
56 75 52 59
56 87 25 115
56 99 1 81
56 104 57 5
56 117 41 109
56 119 43 95
57 130 7 77
57 131 1 152
57 12 37 52
57 151 51 33
57 28 19 120
57 31 23 45
57 61 25 76
57 64 45 96
57 69 16 115
57 73 10 92
57 77 13 147
57 102 27 32
57 103 55 17
57 107 40 72
57 109 31 75
57 117 47 109
57 123 58 71
58 96 22 109
58 97 40 82
58 2 33 72
58 99 43 40
58 67 55 59
58 107 52 72
58 12 49 52
58 108 27 120
58 46 58 152
58 144 19 78
58 113 13 16
58 17 37 75
58 119 46 95
58 26 4 1
58 27 1 51
58 63 9 51
59 89 16 84
59 96 28 109
59 130 10 77
59 99 13 81
59 38 40 8
59 42 49 46
59 74 21 59
59 140 25 51
59 12 52 52
59 145 35 24
59 29 37 35
59 63 57 46
59 121 43 25
59 26 31 51
59 125 7 138
59 95 47 85
60 65 37 55
60 38 43 8
60 73 4 92
60 10 21 120
60 11 46 90
60 60 33 50
60 143 25 45
60 52 49 7
60 21 9 36
60 150 7 130
60 85 27 77
60 56 19 136
60 89 52 84
60 154 55 70
60 120 1 116
60 94 57 66
61 128 49 109
61 1 40 108
61 13 34 84
61 16 9 73
61 144 37 63
61 150 13 130
61 154 25 70
61 38 46 8
61 49 55 47
61 61 43 76
61 66 59 13
61 85 15 77
61 87 19 115
61 88 7 104
61 93 27 55
61 99 1 124
61 100 31 64
61 102 51 32
62 32 33 95
62 37 55 80
62 140 7 129
62 144 19 80
62 49 37 47
62 20 49 121
62 53 41 78
62 151 3 54
62 121 57 25
62 122 13 104
62 124 45 23
63 66 47 13
63 58 25 57
63 101 4 31
63 109 34 75
63 15 9 76
63 144 31 55
63 82 43 98
63 83 21 47
63 148 55 11
63 21 15 36
63 117 1 137
63 84 28 40
63 62 45 76
63 121 51 25
63 90 49 98
63 59 39 1
63 25 58 93
64 4 31 42
64 132 43 77
64 148 7 11
64 149 13 38
64 153 21 66
64 42 40 46
64 45 25 50
64 50 33 40
64 54 37 15
64 57 49 144
64 66 17 13
64 71 1 105
64 93 57 55
64 102 45 32
64 108 29 120
64 109 52 75
64 122 19 104
65 1 1 108
65 5 16 97
65 7 45 154
65 10 23 120
65 11 25 90
65 147 31 135
65 31 43 45
65 43 47 72
65 70 28 24
65 80 49 66
65 82 55 98
65 96 52 109
65 98 9 87
65 100 13 110
65 108 33 120
65 110 37 70
65 111 58 80
65 113 19 16
65 123 4 112
66 39 49 78
66 45 10 50
66 78 43 82
66 15 33 76
66 148 55 29
66 149 46 38
66 21 21 36
66 62 51 76
66 56 25 136
66 89 58 84
66 26 28 51
66 59 15 1
66 60 39 50
66 94 3 78
66 95 31 102
67 97 4 82
67 2 9 59
67 132 1 102
67 38 22 8
67 134 15 23
67 104 39 5
67 135 45 39
67 47 25 84
67 82 19 112
67 19 51 15
67 116 57 97
67 21 31 36
67 123 28 112
67 31 35 122
68 97 31 82
68 34 43 86
68 36 19 92
68 69 7 115
68 9 27 9
68 42 37 46
68 141 3 61
68 47 40 84
68 143 1 122
68 145 59 24
68 17 49 75
68 19 15 15
68 52 52 63
68 149 55 38
68 123 34 112
68 93 21 61
68 31 45 122
69 1 22 108
69 4 7 67
69 8 34 49
69 139 39 87
69 140 19 51
69 14 37 79
69 151 9 54
69 152 1 90
69 29 43 35
69 36 41 92
69 45 49 93
69 73 52 92
69 84 58 40
69 87 31 115
69 92 27 48
69 106 55 144
69 112 47 36
69 122 25 104
69 125 13 138
70 96 55 109
70 97 19 82
70 67 22 78
70 33 7 13
70 39 45 118
70 105 49 146
70 42 1 58
70 48 27 61
70 114 33 65
70 116 51 97
70 23 5 58
70 152 58 90
70 27 40 51
70 63 15 54
71 1 10 108
71 2 15 72
71 67 4 138
71 98 21 87
71 39 55 78
71 104 27 5
71 103 7 58
71 10 35 120
71 46 49 19
71 15 39 76
71 49 45 47
71 146 31 45
71 84 52 40
71 149 58 38
71 120 13 124
71 57 1 169
71 28 43 120
72 2 21 72
72 99 7 124
72 131 17 138
72 7 43 15
72 72 10 175
72 106 25 144
72 43 1 123
72 143 13 122
72 16 33 73
72 50 39 40
72 83 45 63
72 52 49 63
72 82 59 112
72 23 19 58
72 87 55 115
72 91 52 61
73 64 25 96
73 65 4 55
73 33 10 13
73 70 7 83
73 134 27 23
73 8 55 49
73 104 15 16
73 73 37 92
73 76 33 41
73 109 40 75
73 79 43 121
73 19 21 15
73 148 58 29
73 29 46 142
73 62 49 76
73 31 51 122
74 98 15 27
74 36 29 92
74 4 19 67
74 103 27 58
74 9 37 9
74 44 41 70
74 144 1 80
74 119 55 95
74 55 4 83
74 24 58 85
74 94 9 78
74 60 45 50
74 93 33 61
74 30 51 94
74 63 21 54
75 130 1 113
75 12 16 70
75 140 13 51
75 18 19 72
75 147 49 135
75 27 22 51
75 31 47 122
75 36 25 92
75 44 43 70
75 46 37 19
75 47 28 84
75 56 31 136
75 65 40 55
75 67 34 138
75 76 51 41
75 84 55 40
75 96 58 109
75 108 45 120
75 121 9 58
76 130 16 113
76 35 31 114
76 70 10 83
76 38 37 8
76 71 7 105
76 138 21 12
76 75 13 129
76 15 27 76
76 112 43 36
76 29 40 35
76 147 55 135
76 116 45 97
76 148 1 29
76 119 49 95
76 92 33 48
76 61 53 76
76 30 57 94
77 7 33 15
77 139 35 87
77 12 55 52
77 33 40 13
77 41 10 122
77 42 16 58
77 52 22 64
77 55 13 83
77 62 47 76
77 63 27 54
77 78 49 82
77 80 43 78
77 81 52 85
77 88 31 104
77 109 58 75
77 120 19 124
77 123 37 112
78 129 7 28
78 66 53 13
78 67 22 138
78 104 3 5
78 137 10 10
78 42 13 58
78 43 17 123
78 44 1 117
78 12 55 85
78 47 37 84
78 145 41 24
78 146 46 45
78 19 27 15
78 52 58 64
78 51 43 51
78 151 33 54
78 95 51 102
79 64 59 96
79 129 31 28
79 99 25 124
79 103 37 58
79 12 1 85
79 141 9 61
79 46 34 19
79 45 4 80
79 80 16 78
79 113 21 16
79 18 43 72
79 85 45 77
79 21 51 36
79 23 57 139
79 59 27 1
79 63 39 54
80 130 22 113
80 66 37 13
80 4 13 67
80 72 16 175
80 43 25 123
80 77 19 147
80 79 34 121
80 18 49 72
80 151 45 54
80 120 31 124
80 25 52 93
80 92 39 48
80 63 57 54
80 30 3 110
81 128 19 116
81 4 25 67
81 8 10 49
81 60 15 50
81 111 7 81
81 80 34 78
81 83 21 58
81 149 40 38
81 21 57 36
81 56 47 136
81 153 3 81
81 122 37 104
81 88 43 104
81 28 51 120
81 94 27 78
82 68 25 122
82 40 4 63
82 108 37 120
82 149 28 38
82 111 10 81
82 16 39 136
82 151 51 54
82 85 33 77
82 21 21 44
82 54 55 15
82 57 7 169
82 122 49 104
82 91 58 61
82 120 43 124
82 93 45 61
83 96 31 109
83 90 1 110
83 102 3 2
83 103 25 58
83 41 7 122
83 106 13 169
83 141 15 61
83 78 37 82
83 144 10 80
83 112 49 36
83 51 34 51
83 151 21 86
83 152 28 90
83 58 40 120
83 59 51 1
83 92 45 48
83 94 57 78
84 132 17 102
84 7 31 15
84 15 19 76
84 143 23 122
84 20 28 121
84 24 4 129
84 31 43 122
84 39 41 83
84 46 55 19
84 49 33 47
84 56 49 136
84 57 25 169
84 59 45 1
84 60 51 50
84 79 58 121
84 90 7 110
84 93 9 64
84 111 13 149
84 125 37 138
85 9 7 96
85 11 22 5
85 140 25 129
85 144 46 78
85 145 31 24
85 23 29 58
85 151 3 86
85 31 53 122
85 39 17 83
85 51 37 51
85 59 33 1
85 60 57 50
85 70 43 83
85 97 19 102
85 108 55 120
85 117 11 161
85 120 51 124
85 125 40 138
86 101 19 31
86 38 31 8
86 105 35 146
86 9 27 96
86 12 40 173
86 111 22 81
86 143 49 122
86 50 45 40
86 85 51 77
86 117 1 161
86 87 37 115
86 56 55 136
86 126 15 10
86 61 57 76
86 30 9 110
87 10 25 120
87 11 16 90
87 15 19 122
87 16 27 73
87 146 40 45
87 152 31 90
87 31 37 122
87 36 49 92
87 37 35 80
87 46 46 19
87 47 43 84
87 55 55 83
87 84 7 60
87 87 58 115
87 92 51 48
87 112 1 131
87 113 23 16
87 116 3 111
88 3 25 87
88 37 13 91
88 105 29 146
88 12 7 85
88 80 37 78
88 146 34 45
88 18 55 72
88 52 19 64
88 84 31 60
88 54 40 15
88 148 49 29
88 20 52 121
88 57 45 173
88 90 23 110
88 83 57 63
88 63 3 102
89 129 19 28
89 131 53 152
89 135 33 39
89 15 3 122
89 143 7 143
89 18 59 72
89 19 9 15
89 21 39 36
89 35 37 114
89 37 1 91
89 43 31 148
89 51 49 51
89 52 28 64
89 65 13 88
89 70 46 83
89 97 22 102
89 103 43 58
89 108 57 120
89 113 25 16
90 140 16 51
90 18 29 72
90 146 13 45
90 21 9 44
90 154 31 70
90 31 55 122
90 59 21 1
90 62 37 76
90 66 43 13
90 81 34 133
90 82 49 112
90 93 3 130
90 110 51 35
90 113 27 16
90 119 58 95
90 123 40 112
90 125 46 138
91 1 1 138
91 35 7 114
91 4 31 67
91 36 13 92
91 5 19 97
91 134 39 23
91 104 33 63
91 137 10 93
91 75 22 129
91 76 45 41
91 109 4 149
91 77 37 147
91 140 28 129
91 146 49 45
91 119 52 95
91 90 25 110
91 59 57 1
91 30 15 110
92 65 34 55
92 98 3 88
92 99 37 124
92 4 43 67
92 3 15 87
92 138 45 124
92 75 31 129
92 45 25 102
92 14 21 91
92 109 28 149
92 112 7 131
92 144 40 80
92 150 19 130
92 23 1 89
92 118 9 67
92 94 51 78
92 31 57 122
93 66 49 13
93 65 43 55
93 104 3 16
93 39 21 118
93 107 46 81
93 143 15 143
93 17 55 75
93 114 51 65
93 19 27 67
93 53 39 91
93 55 58 83
93 93 9 130
93 63 33 102
94 129 7 63
94 130 4 113
94 67 19 138
94 69 22 115
94 73 34 92
94 8 43 49
94 112 13 131
94 113 29 16
94 145 53 24
94 115 31 58
94 19 15 67
94 51 46 51
94 148 25 42
94 16 57 73
94 125 49 138
94 63 37 102
95 4 53 67
95 70 1 83
95 41 40 122
95 9 49 96
95 44 7 117
95 109 19 149
95 46 37 152
95 80 4 91
95 116 9 111
95 21 45 44
95 24 34 129
95 153 15 81
95 29 28 143
95 25 55 93
95 31 59 122
96 7 35 15
96 8 7 49
96 26 25 64
96 41 10 149
96 42 40 58
96 64 31 96
96 67 43 138
96 73 58 92
96 74 49 64
96 78 55 82
96 82 1 140
96 88 33 143
96 93 15 130
96 96 37 149
96 99 53 124
96 107 28 81
96 122 47 133
96 126 21 10
97 129 13 112
97 10 47 120
97 11 34 5
97 151 9 86
97 26 22 140
97 154 53 70
97 29 1 143
97 30 27 110
97 42 4 89
97 43 7 123
97 58 19 123
97 62 55 76
97 65 16 88
97 77 25 147
97 95 41 102
97 100 37 123
97 103 45 58
97 105 51 146
97 113 31 16
97 120 57 124
98 4 55 67
98 133 3 44
98 40 40 63
98 107 34 81
98 44 29 117
98 45 43 102
98 47 49 84
98 19 21 67
98 148 13 42
98 149 52 38
98 119 25 100
98 56 57 136
98 58 31 123
98 123 46 112
98 127 9 79
99 3 3 87
99 38 49 8
99 104 9 16
99 59 15 91
99 9 39 96
99 75 19 129
99 139 47 87
99 112 23 131
99 82 27 153
99 22 52 113
99 118 33 67
99 154 45 103
99 91 55 61
99 61 59 76
100 99 49 124
100 69 4 115
100 45 7 102
100 46 10 19
100 15 27 122
100 124 33 23
100 145 51 24
100 50 15 79
100 81 43 133
100 22 46 113
100 151 39 86
100 27 55 51
100 28 59 120
100 61 1 125
100 95 53 102
100 127 21 79
101 130 13 113
101 34 1 107
101 68 7 140
101 101 25 31
101 67 31 138
101 136 9 70
101 41 16 149
101 42 34 58
101 43 59 148
101 48 3 114
101 16 51 136
101 21 39 44
101 119 28 100
101 151 45 86
101 58 55 123
101 93 21 130
102 128 7 116
102 37 19 91
102 41 31 149
102 11 43 90
102 76 9 41
102 46 22 19
102 47 46 84
102 81 49 133
102 83 15 111
102 20 52 123
102 87 34 115
102 118 57 67
102 153 3 125
102 93 25 130
102 31 39 140
103 97 13 102
103 66 19 13
103 33 31 13
103 67 10 140
103 7 47 15
103 103 55 58
103 137 16 93
103 73 43 92
103 110 27 70
103 111 40 149
103 16 3 123
103 144 49 80
103 80 34 91
103 115 52 58
103 116 57 111
103 119 37 100
103 89 7 89
103 60 21 88
104 1 10 138
104 130 7 113
104 100 43 123
104 5 28 97
104 102 21 32
104 134 3 23
104 103 47 58
104 104 15 63
104 91 49 61
104 43 37 148
104 110 33 70
104 146 52 45
104 85 55 77
104 53 45 91
104 56 59 136
104 123 25 114
104 60 39 88
105 128 25 116
105 13 7 91
105 143 21 143
105 144 31 78
105 18 13 126
105 34 15 107
105 42 10 89
105 44 19 117
105 46 43 19
105 47 55 84
105 50 51 104
105 53 23 91
105 60 27 88
105 66 3 167
105 67 34 140
105 82 59 153
105 96 46 149
105 113 39 16
106 140 1 129
106 147 5 143
106 26 13 140
106 29 10 143
106 38 19 8
106 41 25 149
106 45 28 102
106 55 22 83
106 56 37 136
106 64 33 96
106 74 55 112
106 75 43 129
106 81 52 133
106 88 35 143
106 91 7 99
106 93 39 130
106 95 59 102
106 105 47 146
106 111 49 149
107 130 10 113
107 5 13 97
107 8 19 49
107 22 49 113
107 23 17 89
107 35 23 114
107 37 25 91
107 39 29 118
107 46 52 19
107 53 31 91
107 55 37 83
107 60 33 88
107 62 7 128
107 69 40 115
107 76 43 85
107 78 1 118
107 82 47 153
107 115 58 58
107 122 55 133
108 64 35 96
108 2 9 72
108 66 55 13
108 133 15 44
108 134 21 23
108 105 43 146
108 138 39 17
108 30 31 110
108 118 49 67
108 23 53 139
108 121 45 88
108 26 4 153
108 93 57 130
108 62 13 128
108 127 27 79
109 129 25 28
109 4 37 67
109 8 46 49
109 137 7 10
109 13 10 91
109 143 13 143
109 20 22 123
109 26 28 140
109 154 49 70
109 32 15 95
109 39 33 118
109 49 3 60
109 51 52 51
109 69 43 115
109 71 41 161
109 72 55 175
109 78 58 82
109 89 19 89
109 90 35 110
109 122 1 170
110 4 19 128
110 69 10 60
110 5 4 97
110 8 16 49
110 137 31 93
110 107 43 81
110 45 46 102
110 112 55 36
110 50 21 104
110 115 49 58
110 119 34 100
110 118 39 67
110 55 52 83
110 86 1 103
110 26 13 153
110 92 57 48
110 61 7 125
110 126 27 10
111 4 1 128
111 140 10 129
111 19 3 67
111 24 16 129
111 40 19 63
111 53 41 91
111 55 49 83
111 61 13 125
111 62 45 128
111 65 7 106
111 72 22 175
111 74 33 64
111 77 39 147
111 79 55 121
111 84 25 60
111 96 52 149
111 112 31 131
111 115 28 106
111 120 59 124
112 132 7 132
112 7 49 15
112 148 22 11
112 150 31 130
112 23 29 89
112 151 33 86
112 28 39 125
112 34 27 107
112 37 19 151
112 44 45 117
112 48 9 114
112 51 58 51
112 60 51 88
112 61 43 125
112 77 41 147
112 91 13 99
112 92 3 106
112 125 55 138
113 131 13 152
113 144 7 80
113 18 1 164
113 148 10 11
113 33 25 13
113 40 22 63
113 43 19 148
113 48 15 114
113 53 29 91
113 55 34 83
113 84 55 60
113 89 37 89
113 100 31 128
113 107 40 81
113 110 45 70
113 122 3 170
113 124 51 23
113 125 58 138
114 96 1 149
114 69 10 115
114 70 19 83
114 101 25 89
114 7 59 15
114 42 4 103
114 107 31 81
114 143 23 143
114 146 37 45
114 19 45 147
114 149 28 114
114 54 34 130
114 23 49 89
114 56 57 174
114 86 40 103
114 93 15 131
114 63 51 117
115 133 9 131
115 138 21 17
115 13 16 145
115 141 3 62
115 46 25 19
115 113 45 16
115 147 39 143
115 84 28 60
115 20 34 123
115 86 13 103
115 151 51 86
115 91 31 99
115 31 41 140
115 62 7 164
115 63 57 117
116 12 19 52
116 13 7 145
116 146 55 45
116 23 23 89
116 26 10 153
116 34 43 107
116 35 49 148
116 38 28 131
116 39 41 118
116 49 15 60
116 55 1 126
116 79 46 131
116 88 31 143
116 91 25 99
116 97 58 157
116 107 52 81
116 115 37 106
116 126 33 10
117 39 25 83
117 137 37 10
117 138 15 17
117 139 53 87
117 76 21 41
117 108 49 120
117 120 55 124
117 17 43 75
117 82 1 153
117 148 4 29
117 21 27 44
117 119 40 100
117 56 51 174
117 153 9 125
117 88 13 172
117 124 57 23
117 29 46 143
117 94 33 89
118 131 31 152
118 139 49 87
118 13 10 145
118 16 13 123
118 18 51 164
118 19 1 100
118 154 53 103
118 31 17 140
118 38 37 131
118 47 7 126
118 68 19 140
118 69 46 115
118 72 28 175
118 74 21 112
118 81 40 153
118 97 34 154
118 102 57 32
118 122 5 170
119 128 37 109
119 1 19 170
119 132 25 132
119 8 31 49
119 141 15 62
119 14 7 153
119 144 43 80
119 145 49 24
119 147 41 143
119 151 27 86
119 35 1 150
119 41 34 149
119 45 55 102
119 70 58 133
119 78 4 118
119 86 10 103
119 94 51 89
119 95 13 155
119 100 39 128
119 119 46 100
120 132 1 132
120 133 19 131
120 139 55 87
120 12 16 85
120 22 25 113
120 26 4 164
120 28 23 125
120 35 7 150
120 46 31 19
120 62 9 164
120 70 28 83
120 78 13 118
120 84 34 60
120 85 39 77
120 89 46 89
120 110 57 70
120 113 51 16
120 122 43 170
121 35 13 150
121 102 3 32
121 135 21 145
121 104 9 100
121 137 40 93
121 10 53 120
121 16 33 136
121 50 27 104
121 52 37 64
121 149 58 137
121 53 51 91
121 119 43 100
121 24 46 129
121 25 55 104
121 92 15 106
122 65 10 106
122 70 1 133
122 107 55 81
122 143 17 143
122 47 4 126
122 80 7 141
122 111 22 149
122 53 27 91
122 150 29 130
122 119 31 100
122 22 34 113
122 25 58 104
122 26 13 164
122 59 39 123
122 21 51 44
122 61 47 125
122 31 45 140
123 9 3 117
123 134 9 23
123 137 25 93
123 150 37 130
123 154 33 103
123 32 39 95
123 34 21 107
123 36 51 103
123 73 55 92
123 78 16 118
123 82 45 153
123 84 58 60
123 90 43 110
123 100 47 128
123 105 53 146
123 109 28 170
124 66 1 167
124 135 3 145
124 41 10 150
124 138 27 17
124 77 59 147
124 112 49 131
124 16 15 126
124 50 33 104
124 81 19 153
124 52 43 64
124 116 51 111
124 54 46 130
124 91 40 99
124 28 57 125
125 69 28 115
125 42 7 103
125 45 13 105
125 46 40 19
125 110 3 141
125 18 17 164
125 83 21 111
125 51 10 167
125 52 46 64
125 87 52 115
125 24 49 129
125 90 37 110
125 123 43 114
125 60 33 145
125 93 55 131
126 1 52 138
126 99 59 125
126 9 15 96
126 74 3 64
126 109 7 170
126 80 10 141
126 148 19 42
126 86 49 105
126 24 55 129
126 122 37 170
126 123 46 114
126 60 27 145
126 125 40 150
126 95 43 155
126 127 33 79
127 137 22 93
127 10 31 120
127 11 4 90
127 138 9 17
127 17 16 117
127 29 25 143
127 39 39 118
127 41 19 150
127 44 37 117
127 48 33 114
127 77 43 147
127 82 29 153
127 96 55 149
127 100 41 128
127 103 1 162
127 114 45 65
127 115 52 106
127 123 49 114
127 125 58 150
128 12 13 70
128 14 23 153
128 144 25 80
128 22 28 113
128 153 37 66
128 31 43 140
128 47 31 126
128 55 34 126
128 57 1 173
128 66 5 167
128 71 19 161
128 75 16 150
128 77 49 147
128 89 55 89
128 103 21 162
128 112 59 131
128 113 41 16
128 118 9 98
128 123 52 114
128 126 45 10
129 129 31 112
129 7 1 154
129 14 25 153
129 144 16 80
129 145 47 24
129 30 19 110
129 32 27 95
129 44 43 117
129 45 34 105
129 47 37 157
129 52 40 64
129 69 49 115
129 90 45 110
129 100 53 128
129 101 55 157
129 103 23 162
129 105 59 146
129 116 3 127
130 132 49 102
130 137 1 10
130 27 4 51
130 32 9 95
130 39 7 118
130 41 34 150
130 49 21 60
130 51 13 167
130 54 43 130
130 55 46 126
130 62 25 164
130 64 53 96
130 91 28 99
130 95 51 155
130 105 55 146
130 107 58 81
130 109 31 170
130 119 16 167
130 127 39 79
131 1 10 170
131 35 55 150
131 100 37 128
131 131 19 173
131 7 7 154
131 70 31 83
131 38 34 131
131 42 16 103
131 133 27 150
131 12 49 85
131 114 39 65
131 54 1 172
131 151 57 86
131 59 45 123
131 92 21 106
131 29 52 143
132 128 37 116
132 66 7 167
132 97 10 102
132 101 13 89
132 75 22 150
132 76 3 42
132 109 16 170
132 79 25 131
132 144 52 80
132 113 33 16
132 48 39 114
132 83 45 111
132 149 28 137
132 22 55 113
132 89 58 89
132 26 19 164
132 27 49 99
133 129 1 63
133 35 25 150
133 100 43 128
133 67 4 140
133 102 9 32
133 39 23 118
133 8 19 155
133 73 31 92
133 11 49 90
133 142 15 29
133 47 34 157
133 49 39 60
133 83 27 111
133 58 58 123
133 91 52 99
133 29 55 143
133 127 45 79
134 131 29 138
134 11 7 90
134 18 11 164
134 22 1 148
134 23 31 89
134 151 15 86
134 154 27 103
134 28 25 125
134 34 49 107
134 39 37 118
134 56 55 174
134 70 4 133
134 71 13 161
134 72 34 175
134 79 40 131
134 89 43 89
134 90 47 110
134 100 57 128
134 112 59 163
134 119 19 167
134 126 51 10
135 128 43 116
135 136 3 70
135 15 15 122
135 150 49 130
135 24 37 129
135 56 27 164
135 62 29 164
135 70 22 133
135 71 31 161
135 86 19 105
135 92 33 106
135 93 51 131
135 99 45 125
135 100 55 128
135 108 13 160
135 109 40 170
135 117 47 161
135 124 9 42
135 126 57 10
136 32 3 99
136 33 13 13
136 100 25 128
136 36 21 103
136 5 16 128
136 27 34 99
136 137 28 93
136 12 37 173
136 14 43 153
136 79 58 156
136 142 45 29
136 115 40 106
136 85 7 163
136 117 1 165
136 89 31 158
136 91 55 99
136 60 51 145
137 2 3 72
137 5 10 97
137 7 37 154
137 137 19 93
137 10 43 158
137 14 1 163
137 144 22 80
137 22 7 148
137 23 13 139
137 153 33 125
137 32 27 128
137 44 47 117
137 46 40 152
137 58 49 123
137 62 45 164
137 64 17 174
137 72 52 175
137 78 55 161
137 100 59 128
138 3 15 104
138 136 21 70
138 17 25 117
138 147 37 143
138 21 33 44
138 28 1 160
138 30 39 110
138 31 47 140
138 35 13 178
138 44 49 117
138 52 55 64
138 62 43 164
138 63 9 117
138 69 28 162
138 74 51 112
138 96 58 149
138 100 5 177
138 117 7 165
138 122 45 170
139 32 21 99
139 35 43 150
139 37 1 151
139 102 7 152
139 7 19 154
139 9 3 128
139 137 37 93
139 77 55 147
139 141 27 62
139 15 31 122
139 112 11 163
139 113 35 16
139 83 57 142
139 86 40 105
139 58 13 132
139 60 45 145
139 127 51 79
140 3 9 104
140 101 19 127
140 72 49 175
140 140 22 137
140 141 39 61
140 142 27 29
140 110 15 141
140 48 3 160
140 83 33 111
140 86 58 105
140 24 52 129
140 123 55 114
140 92 45 106
141 132 31 132
141 100 23 177
141 104 15 100
141 42 19 142
141 12 34 85
141 80 25 141
141 81 37 153
141 145 43 24
141 17 40 117
141 53 49 91
141 22 4 148
141 118 45 67
141 152 52 125
141 21 57 44
141 151 9 105
142 3 3 104
142 68 31 140
142 37 7 151
142 70 25 133
142 34 55 107
142 153 15 125
142 75 46 150
142 141 39 62
142 45 43 105
142 146 34 137
142 51 22 167
142 114 57 65
142 116 9 127
142 25 19 160
142 31 51 140
143 73 16 92
143 106 19 169
143 127 3 79
143 142 9 29
143 47 28 126
143 14 25 163
143 17 34 117
143 111 37 155
143 84 13 163
143 150 53 130
143 89 40 89
143 26 31 164
143 59 21 169
143 60 57 145
143 95 45 155
143 57 51 173
144 128 13 116
144 137 1 93
144 12 10 85
144 145 55 24
144 146 16 45
144 149 19 114
144 31 25 140
144 33 22 13
144 39 27 118
144 57 31 173
144 60 39 145
144 62 37 164
144 72 46 175
144 83 51 142
144 89 34 158
144 97 43 157
144 108 29 160
144 121 57 88
145 1 25 138
145 130 28 157
145 136 15 98
145 8 40 155
145 10 1 158
145 139 43 87
145 142 33 29
145 18 45 168
145 149 37 137
145 150 55 130
145 23 7 139
145 25 10 160
145 154 47 103
145 49 49 60
145 57 53 173
145 61 31 163
145 88 5 172
145 92 57 106
145 93 21 132
145 117 13 165
146 8 10 118
146 139 31 87
146 144 13 80
146 20 16 155
146 36 35 103
146 44 55 117
146 55 37 126
146 63 21 117
146 66 25 167
146 70 40 133
146 72 43 175
146 73 46 92
146 75 52 150
146 78 49 161
146 94 3 107
146 100 33 177
146 104 57 100
146 117 19 165
146 119 28 167
147 58 10 120
147 101 25 157
147 5 4 158
147 7 53 154
147 74 15 64
147 108 31 160
147 142 21 29
147 49 45 60
147 146 55 137
147 52 1 139
147 148 28 42
147 118 33 98
147 119 37 167
147 89 40 158
147 90 51 110
147 91 58 99
148 97 46 157
148 35 1 178
148 1 13 170
148 37 25 151
148 102 49 152
148 90 53 110
148 38 16 132
148 105 57 146
148 3 21 119
148 14 37 163
148 143 39 162
148 80 28 141
148 148 43 42
148 121 9 107
148 154 59 103
148 92 3 135
148 93 33 132
149 33 4 13
149 130 10 126
149 132 19 132
149 5 1 174
149 70 28 133
149 102 21 152
149 40 25 63
149 9 33 128
149 106 31 169
149 12 7 173
149 79 43 131
149 144 46 80
149 50 39 104
149 115 49 106
149 53 53 91
149 86 55 105
149 56 59 174
149 92 15 135
150 128 31 116
150 130 19 126
150 132 1 159
150 7 25 154
150 11 10 90
150 140 40 129
150 16 3 136
150 149 7 137
150 26 22 164
150 39 47 118
150 53 43 91
150 58 37 132
150 63 15 160
150 68 49 140
150 78 52 161
150 112 45 163
150 116 27 127
150 124 33 42
150 127 57 79
151 65 25 106
151 4 13 159
151 5 16 158
151 40 28 63
151 107 49 81
151 13 1 177
151 142 39 29
151 109 52 170
151 15 45 158
151 84 19 163
151 30 9 119
151 52 4 139
151 25 22 160
151 148 58 42
151 89 55 158
151 94 33 107
152 136 3 98
152 14 7 180
152 17 13 117
152 146 16 137
152 145 25 24
152 22 10 148
152 152 19 125
152 154 23 103
152 28 27 160
152 34 29 107
152 39 35 118
152 43 59 155
152 67 31 155
152 70 37 133
152 77 43 159
152 79 52 156
152 86 46 105
152 90 55 110
152 101 49 157
152 103 57 162
152 115 40 144
153 5 10 174
153 141 19 62
153 14 35 180
153 18 47 164
153 22 13 148
153 151 3 105
153 28 25 160
153 43 23 155
153 47 28 174
153 53 59 91
153 54 7 172
153 62 49 164
153 66 53 167
153 80 43 144
153 82 51 162
153 94 39 107
153 106 37 169
153 114 31 139
153 120 57 159
154 128 49 116
154 1 25 170
154 129 7 112
154 4 47 174
154 134 3 132
154 140 19 137
154 144 28 80
154 17 31 117
154 23 35 139
154 39 55 118
154 49 15 119
154 54 10 172
154 76 39 85
154 82 59 162
154 84 22 163
154 92 51 135
154 108 45 160
154 113 57 16
154 120 1 171
155 36 25 103
155 7 55 154
155 39 59 118
155 44 47 177
155 16 27 123
155 113 37 16
155 114 9 139
155 119 43 167
155 21 3 137
155 86 52 105
155 87 40 174
155 88 15 172
155 118 21 98
155 90 57 110
155 63 33 160
156 64 37 96
156 129 10 112
156 4 15 174
156 70 7 133
156 7 43 154
156 104 49 100
156 135 21 154
156 39 53 118
156 78 1 180
156 80 34 144
156 81 31 153
156 117 25 165
156 85 27 163
156 119 55 167
156 88 17 172
156 121 45 107
156 90 59 110
156 60 39 159
157 35 19 178
157 68 37 140
157 99 49 125
157 40 10 63
157 107 25 81
157 11 55 90
157 141 15 142
157 78 4 180
157 110 21 141
157 49 33 119
157 20 28 155
157 117 31 165
157 55 43 126
157 24 58 129
157 122 47 170
157 60 51 159
157 30 39 119
158 128 55 116
158 35 25 178
158 7 59 154
158 11 13 90
158 12 31 85
158 44 7 177
158 109 34 170
158 114 3 159
158 115 43 180
158 83 39 111
158 84 16 163
158 118 51 98
158 149 46 137
158 57 57 173
158 59 27 169
158 126 21 148
159 129 1 112
159 98 9 88
159 35 7 178
159 37 13 151
159 69 4 162
159 71 25 161
159 104 21 100
159 41 31 150
159 138 27 124
159 44 35 177
159 81 55 153
159 50 45 104
159 118 39 98
159 120 19 171
159 122 49 170
159 123 58 114
159 30 51 119
159 127 15 144
160 70 13 133
160 154 43 103
160 9 9 128
160 91 16 99
160 43 53 155
160 76 21 85
160 46 55 152
160 48 3 178
160 114 45 159
160 147 59 143
160 118 27 98
160 58 49 132
160 59 33 169
160 124 39 42
161 36 19 103
161 133 3 131
161 102 15 139
161 135 9 154
161 154 29 103
161 138 39 124
161 77 49 159
161 14 13 180
161 146 43 137
161 51 58 167
161 52 46 139
161 50 21 161
161 22 25 148
161 121 51 107
161 122 55 170
161 126 33 148
162 4 7 174
162 134 27 132
162 11 34 90
162 108 37 160
162 15 21 158
162 114 9 159
162 19 15 147
162 30 45 119
162 55 49 126
162 86 31 151
162 151 3 134
162 53 55 91
162 59 39 169
162 29 58 177
162 62 53 164
163 96 7 149
163 129 16 112
163 32 21 128
163 3 27 161
163 132 19 159
163 36 31 103
163 102 43 152
163 7 47 154
163 9 49 128
163 41 40 151
163 106 53 169
163 13 10 177
163 29 13 177
163 148 55 42
163 117 37 165
163 85 33 163
163 24 58 134
163 61 1 179
164 64 45 174
164 33 34 13
164 133 3 150
164 135 27 154
164 72 37 175
164 7 49 154
164 42 22 142
164 140 40 137
164 79 31 156
164 48 9 178
164 17 55 181
164 113 47 16
164 19 51 147
164 117 43 165
164 88 19 172
164 27 58 161
164 124 15 116
165 66 7 171
165 35 31 178
165 100 19 177
165 135 3 147
165 75 49 150
165 78 28 180
165 112 43 163
165 16 9 136
165 114 15 159
165 83 33 142
165 116 39 127
165 148 52 42
165 54 22 172
165 23 55 139
165 80 46 144
165 55 58 126
165 123 25 171
166 132 21 159
166 135 3 154
166 59 9 123
166 107 37 81
166 13 16 177
166 77 23 159
166 14 19 180
166 112 47 163
166 113 49 16
166 78 25 180
166 19 33 147
166 20 55 155
166 85 51 163
166 86 58 151
166 22 43 148
166 25 40 160
166 123 28 171
167 128 25 168
167 66 31 171
167 70 10 133
167 73 22 92
167 138 15 124
167 11 37 90
167 139 1 134
167 42 43 142
167 46 4 168
167 137 46 93
167 16 27 136
167 51 49 167
167 55 52 126
167 24 7 134
167 120 33 171
167 29 40 177
167 30 57 119
168 137 4 93
168 141 9 62
168 16 21 136
168 147 43 143
168 148 16 42
168 23 19 139
168 29 28 177
168 44 53 177
168 54 25 172
168 62 55 164
168 70 31 133
168 89 37 158
168 101 40 157
168 103 45 162
168 104 49 165
168 108 47 160
168 110 57 141
168 120 35 171
169 34 17 107
169 100 37 177
169 102 3 152
169 8 10 155
169 43 47 155
169 107 19 81
169 109 22 170
169 45 25 105
169 142 33 161
169 79 55 156
169 145 15 134
169 84 52 168
169 24 28 134
169 89 58 158
169 59 43 169
169 28 49 160
169 126 39 148
170 129 25 112
170 100 31 177
170 136 3 163
170 74 9 180
170 42 37 103
170 28 43 160
170 110 45 141
170 48 33 178
170 81 49 153
170 82 53 162
170 61 7 179
170 116 15 127
170 86 55 151
170 24 40 134
170 124 21 116
170 125 28 172
170 95 59 159
171 7 13 154
171 8 7 155
171 16 15 136
171 145 49 134
171 147 19 143
171 24 22 134
171 26 40 164
171 36 55 103
171 40 10 168
171 55 25 126
171 60 33 159
171 67 28 156
171 79 37 156
171 88 31 172
171 96 43 149
171 105 51 177
171 106 47 169
171 113 53 16
171 116 57 127
172 100 25 177
172 27 10 99
172 73 1 156
172 139 43 134
172 12 13 85
172 79 7 156
172 81 16 153
172 49 27 119
172 51 31 167
172 19 21 147
172 55 55 126
172 118 45 98
172 54 34 172
172 152 37 178
172 58 40 132
172 59 49 169
172 125 58 172
172 31 53 140
173 89 10 158
173 130 1 157
173 66 37 171
173 97 31 157
173 69 7 162
173 134 15 161
173 7 41 154
173 8 34 155
173 102 27 152
173 42 22 179
173 16 43 136
173 18 47 168
173 23 49 139
173 120 39 171
173 57 55 173
173 24 52 134
173 127 57 144
174 4 23 174
174 6 9 132
174 136 3 169
174 74 15 180
174 11 19 90
174 76 27 85
174 77 31 159
174 112 49 163
174 113 55 16
174 84 40 168
174 149 52 137
174 116 33 127
174 86 46 151
174 152 43 178
174 121 57 107
174 125 37 176
175 134 7 161
175 7 31 154
175 143 11 162
175 144 37 80
175 18 13 168
175 150 17 134
175 153 27 125
175 44 49 177
175 49 3 151
175 52 22 139
175 61 25 179
175 62 1 166
175 67 43 176
175 78 46 180
175 79 40 156
175 97 52 157
175 106 55 169
175 118 57 98
175 124 33 116
176 131 43 173
176 4 13 174
176 141 3 142
176 17 7 181
176 148 22 42
176 26 34 164
176 38 19 156
176 43 49 155
176 46 16 168
176 57 47 173
176 82 31 162
176 88 45 172
176 91 37 99
176 92 27 135
176 96 58 181
176 110 51 141
176 120 41 171
176 125 55 176
177 34 13 107
177 99 37 125
177 130 22 157
177 5 25 174
177 38 4 156
177 135 15 154
177 136 9 169
177 40 28 168
177 102 33 152
177 35 49 178
177 109 19 181
177 14 55 180
177 110 39 141
177 142 43 161
177 88 47 172
177 89 52 158
177 93 57 180
178 128 43 168
178 98 3 116
178 35 47 178
178 101 10 157
178 6 27 147
178 104 15 165
178 9 21 144
178 108 7 166
178 110 33 141
178 80 37 144
178 18 55 168
178 148 49 42
178 53 57 91
178 54 40 172
178 23 59 139
178 120 45 171
178 152 52 178
179 69 13 162
179 39 49 118
179 104 3 165
179 138 21 124
179 12 16 173
179 141 27 142
179 144 31 80
179 49 9 151
179 81 34 153
179 115 37 180
179 52 40 139
179 116 45 127
179 88 51 172
179 154 53 166
179 59 57 169
179 31 55 140
180 64 31 174
180 129 43 112
180 2 9 144
180 135 13 171
180 104 21 165
180 39 25 118
180 10 49 158
180 138 33 124
180 9 27 144
180 77 55 159
180 142 37 161
180 15 3 179
180 103 41 162
180 18 59 168
180 148 46 42
180 127 51 144
180 31 57 140
181 34 37 107
181 56 43 174
181 130 16 157
181 101 19 157
181 41 10 171
181 138 3 124
181 45 22 105
181 82 33 162
181 83 39 142
181 20 13 166
181 146 49 137
181 151 45 134
181 88 55 172
181 62 35 166
181 58 52 132
181 92 57 135
181 94 27 179
182 130 7 157
182 136 15 169
182 41 1 176
182 11 40 90
182 108 43 166
182 109 10 181
182 92 21 135
182 124 27 116
182 15 31 179
182 51 46 167
182 147 49 143
182 83 51 181
182 20 37 166
182 58 58 132
182 28 55 160
183 130 13 157
183 34 19 107
183 69 16 162
183 103 25 162
183 72 31 175
183 137 34 93
183 104 27 165
183 45 37 105
183 109 22 181
183 142 3 166
183 14 49 180
183 81 52 153
183 115 40 180
183 19 43 156
183 118 9 176
183 120 47 171
183 26 58 164
183 152 55 178
184 66 49 171
184 41 4 176
184 42 13 179
184 109 16 181
184 46 19 168
184 110 9 166
184 79 22 156
184 146 25 137
184 22 28 148
184 87 34 174
184 24 31 134
184 57 59 173
184 58 46 132
184 91 43 99
184 124 39 116
184 61 37 179
184 62 57 166
184 63 51 160
185 40 1 168
185 10 19 158
185 12 4 85
185 45 31 105
185 47 37 174
185 92 9 135
185 113 43 16
185 50 21 171
185 49 15 151
185 114 25 159
185 86 34 151
185 119 40 167
185 88 49 172
185 24 55 134
185 59 51 176
185 124 45 116
185 152 58 178
186 98 9 116
186 66 17 171
186 38 13 156
186 70 19 133
186 11 22 90
186 139 25 134
186 110 27 166
186 16 3 173
186 146 31 137
186 53 37 91
186 150 49 166
186 119 34 167
186 62 55 166
186 58 43 132
186 91 46 99
186 60 39 165
186 93 51 180
186 94 57 179
187 8 1 155
187 137 13 93
187 138 9 124
187 143 19 162
187 148 16 166
187 150 25 166
187 39 31 118
187 40 22 168
187 46 34 168
187 52 37 139
187 53 47 91
187 55 40 126
187 59 27 176
187 61 43 179
187 62 45 166
187 76 49 151
187 88 53 172
187 99 55 125
187 113 59 16
187 122 57 170
188 32 3 144
188 128 31 168
188 34 23 107
188 133 9 165
188 70 16 133
188 134 19 166
188 39 43 118
188 104 33 165
188 107 13 176
188 83 27 181
188 24 37 134
188 125 40 176
188 23 51 139
188 56 53 174
188 94 45 179
188 61 49 179
188 126 55 148
188 31 59 140
189 99 31 125
189 101 4 157
189 12 13 173
189 45 16 105
189 77 37 159
189 15 9 179
189 79 49 156
189 49 27 151
189 143 43 162
189 16 21 173
189 83 33 181
189 85 39 163
189 58 55 132
189 60 45 165
189 29 52 179
189 62 59 166
190 65 7 158
190 34 25 107
190 3 3 119
190 36 49 103
190 37 53 151
190 38 10 156
190 102 15 152
190 105 55 177
190 42 19 179
190 78 22 180
190 48 27 178
190 16 33 173
190 84 37 168
190 20 40 166
190 86 43 151
190 22 46 148
190 120 51 171
190 60 57 165
191 8 4 155
191 137 7 93
191 17 13 181
191 24 10 134
191 41 16 176
191 43 25 155
191 49 21 151
191 52 28 139
191 59 31 176
191 61 35 179
191 64 49 174
191 75 37 150
191 82 47 162
191 96 40 181
191 103 55 162
191 109 43 181
191 112 57 163
191 122 59 170
191 124 51 116
192 132 7 159
192 135 3 171
192 139 13 134
192 149 10 137
192 29 16 179
192 39 19 118
192 57 29 173
192 59 21 176
192 65 25 158
192 80 31 144
192 82 35 162
192 96 37 181
192 99 41 125
192 100 43 177
192 103 49 162
192 107 46 176
192 116 51 127
192 117 55 165
192 125 58 176
193 21 3 181
193 25 7 160
193 33 10 173
193 34 31 107
193 37 37 151
193 47 19 174
193 48 15 178
193 55 22 126
193 66 43 171
193 79 25 156
193 89 28 158
193 92 33 135
193 94 39 179
193 100 45 177
193 108 47 166
193 111 49 168
193 112 55 163
193 120 53 171
193 124 57 116
194 65 13 158
194 3 3 161
194 6 9 147
194 73 16 156
194 105 21 177
194 108 23 166
194 12 25 173
194 45 28 105
194 142 31 166
194 145 35 134
194 54 37 172
194 23 43 139
194 152 40 178
194 57 49 173
194 92 45 135
194 61 55 179
194 126 51 148
194 63 57 160
195 128 7 168
195 5 4 174
195 140 13 137
195 141 9 142
195 22 16 148
195 24 19 134
195 152 22 178
195 52 25 139
195 77 29 159
195 78 31 180
195 79 34 156
195 82 37 162
195 88 43 172
195 90 49 110
195 92 39 135
195 96 46 181
195 108 51 166
195 117 53 165
195 120 55 171
195 123 58 171
Điểm tối ưu: 3104
Thời gian: 100890.5582 ms
Trạng thái: FEASIBLE
