265
1 1 37 10
1 2 31 2
1 3 4 13
1 4 55 12
1 5 21 11
1 6 1 18
1 7 25 14
1 8 34 3
1 9 13 15
1 10 15 8
1 11 49 4
1 12 7 6
1 13 45 12
1 14 19 8
1 15 47 9
2 1 25 10
2 2 43 2
2 3 10 13
2 4 19 12
2 5 33 11
2 6 7 18
2 7 46 14
2 8 58 3
2 9 23 15
2 10 3 16
2 12 51 6
2 13 49 12
2 14 41 8
2 15 15 9
3 2 10 2
3 3 19 13
3 6 13 18
3 7 7 14
3 8 1 3
3 9 59 15
3 10 33 16
3 11 25 4
3 12 43 6
3 13 51 12
3 14 47 4
3 15 53 9
4 1 33 10
4 2 13 2
4 3 22 13
4 4 9 1
4 5 49 11
4 6 16 18
4 7 19 14
4 8 55 3
4 9 43 15
4 10 45 16
4 11 39 4
4 12 27 6
4 13 53 12
4 14 59 8
4 15 31 5
5 1 13 10
5 2 34 2
5 3 52 13
5 4 57 1
5 5 45 11
5 6 40 18
5 7 10 14
5 8 25 3
5 9 55 15
5 10 19 16
5 12 3 17
5 13 17 12
5 14 29 4
5 15 1 9
6 1 49 10
6 2 46 2
6 3 13 13
6 4 1 1
6 6 31 18
6 7 58 14
6 8 22 3
6 9 53 15
6 10 7 8
6 12 27 17
6 13 5 12
6 14 11 8
6 15 17 9
7 2 55 2
7 3 37 13
7 5 15 11
7 6 4 18
7 7 49 14
7 8 43 3
7 9 11 15
7 10 25 16
7 11 33 4
7 12 19 6
7 13 13 12
7 14 53 4
7 15 23 5
8 1 43 10
8 2 28 2
8 3 1 13
8 4 51 1
8 6 19 18
8 7 40 14
8 8 4 3
8 9 25 15
8 10 9 16
8 12 15 17
8 13 37 12
8 14 47 8
8 15 33 9
9 2 52 2
9 3 7 13
9 4 37 1
9 5 1 11
9 6 10 18
9 7 28 14
9 8 16 3
9 9 41 15
9 10 43 8
9 11 21 4
9 12 57 17
9 13 47 12
9 14 5 4
9 15 13 5
10 2 1 2
10 3 58 13
10 4 45 1
10 6 55 18
10 7 22 14
10 8 7 3
10 9 27 15
10 10 39 16
10 12 51 17
10 13 15 12
10 14 5 8
10 15 11 9
11 2 7 2
11 3 31 13
11 4 21 1
11 6 49 18
11 7 34 14
11 8 10 3
11 9 15 15
11 10 1 8
11 11 43 4
11 12 57 6
11 13 39 12
11 14 37 4
11 15 53 5
12 2 22 2
12 3 43 13
12 4 25 1
12 6 58 18
12 7 4 14
12 8 19 3
12 9 35 15
12 10 37 8
12 11 7 4
12 12 31 17
12 13 41 12
12 14 13 8
12 15 11 5
13 1 21 10
13 2 16 2
13 3 55 13
13 5 37 11
13 6 34 18
13 7 31 14
13 8 13 3
13 9 1 15
13 10 51 8
13 12 43 17
13 13 3 12
13 14 49 8
13 15 25 5
14 1 9 10
14 2 25 2
14 3 28 13
14 4 31 12
14 6 46 18
14 7 55 14
14 8 37 3
14 9 51 15
14 10 21 8
14 12 15 6
14 13 7 12
14 14 35 8
14 15 49 5
15 2 40 2
15 3 16 13
15 4 25 12
15 5 9 11
15 6 37 18
15 7 13 14
15 8 31 3
15 9 19 15
15 10 51 16
15 11 57 4
15 12 21 17
15 13 35 12
15 14 55 4
15 15 49 9
16 1 57 10
16 2 19 2
16 3 40 13
16 6 25 18
16 7 37 14
16 8 46 3
16 9 7 15
16 10 13 16
16 11 1 4
16 12 31 6
16 13 23 12
16 14 29 8
16 15 35 5
17 2 49 2
17 3 46 13
17 6 52 18
17 7 1 14
17 8 28 3
17 9 33 15
17 10 55 8
17 11 15 4
17 12 39 6
17 13 59 12
17 14 19 4
17 15 23 9
18 1 1 10
18 2 58 2
18 3 34 13
18 4 9 12
18 6 22 18
18 7 43 14
18 8 49 3
18 9 5 15
18 10 25 8
18 12 39 17
18 13 29 12
18 14 31 4
18 15 15 5
19 2 4 2
19 3 25 13
19 4 15 1
19 5 57 11
19 6 28 18
19 7 52 14
19 8 40 3
19 9 49 15
19 10 31 8
19 12 7 17
19 13 43 12
19 14 13 4
19 15 1 5
20 2 37 2
20 3 49 13
20 4 33 1
20 5 27 11
20 6 43 18
20 7 16 14
20 8 52 3
20 9 9 15
20 10 57 16
20 12 3 6
20 13 1 12
20 14 11 4
20 15 47 5
Điểm tối ưu: 265
Thời gian: 55234.9834 ms
Trạng thái: OPTIMUM
