842
1 33 1 19
1 1 5 36
1 34 9 51
1 37 43 42
1 6 46 17
1 11 13 15
1 12 25 14
1 13 29 45
1 16 49 22
1 17 40 41
1 20 37 32
1 21 21 13
1 22 7 41
1 23 15 25
1 26 59 4
1 28 55 5
1 29 34 7
2 2 53 34
2 5 37 50
2 6 25 17
2 8 3 29
2 9 41 47
2 10 43 49
2 11 7 50
2 13 23 45
2 14 34 47
2 16 58 32
2 20 29 38
2 22 5 41
2 24 1 1
2 25 13 41
2 33 16 19
2 35 49 24
2 36 47 4
2 37 19 42
2 38 55 37
2 41 9 7
3 2 17 1
3 7 49 48
3 9 25 7
3 10 51 36
3 11 45 15
3 13 41 45
3 17 13 9
3 20 55 32
3 22 59 51
3 24 1 21
3 25 31 41
3 26 37 4
3 33 34 35
3 34 27 54
3 36 19 13
3 37 22 42
3 38 39 20
4 2 29 34
4 11 25 50
4 12 43 14
4 13 19 45
4 15 10 20
4 17 16 41
4 19 27 10
4 25 46 44
4 27 21 27
4 28 3 53
4 29 13 11
4 31 1 50
4 32 33 16
4 33 37 19
4 35 52 24
4 36 55 49
4 38 7 37
4 41 57 37
5 2 39 1
5 4 1 24
5 7 11 48
5 8 25 29
5 9 43 7
5 11 51 15
5 12 55 14
5 13 33 45
5 16 19 22
5 21 13 13
5 22 9 18
5 24 7 12
5 29 28 11
5 32 45 16
5 35 22 22
5 38 59 20
6 33 4 19
6 36 1 13
6 5 9 19
6 6 58 17
6 39 43 3
6 10 49 49
6 11 33 15
6 12 28 18
6 16 25 22
6 17 55 47
6 19 23 35
6 20 37 38
6 21 39 34
6 24 53 21
6 27 15 27
6 30 19 2
6 31 31 6
7 2 37 1
7 3 33 43
7 4 15 16
7 7 55 48
7 8 19 29
7 9 29 47
7 13 51 45
7 17 7 9
7 18 4 11
7 24 13 12
7 25 1 44
7 26 49 4
7 29 43 11
7 31 53 6
7 33 46 19
7 35 40 22
7 38 21 39
7 39 57 3
8 1 47 36
8 2 29 1
8 6 7 17
8 7 25 25
8 9 45 31
8 11 49 50
8 16 40 32
8 17 37 9
8 18 4 46
8 20 17 38
8 21 21 34
8 22 1 18
8 24 27 21
8 25 10 44
8 33 58 19
8 34 13 14
8 35 34 23
8 36 51 10
8 38 53 39
9 33 55 19
9 34 19 51
9 35 43 24
9 3 49 8
9 9 39 31
9 8 23 29
9 11 41 15
9 12 58 14
9 18 31 7
9 22 7 18
9 26 37 2
9 28 15 5
9 29 34 11
9 30 27 2
9 31 47 6
10 1 59 36
10 35 37 22
10 5 9 50
10 6 40 17
10 38 35 20
10 8 17 29
10 9 25 31
10 41 51 37
10 39 27 3
10 11 5 15
10 23 1 25
10 26 7 8
10 27 31 27
10 31 49 6
11 2 47 1
11 35 34 24
11 3 1 43
11 37 52 42
11 4 37 35
11 36 41 10
11 8 5 29
11 11 19 50
11 13 21 45
11 20 59 38
11 25 28 41
11 29 25 11
11 30 43 2
11 31 55 6
12 33 40 19
12 2 49 43
12 3 45 43
12 36 25 10
12 37 34 42
12 39 3 10
12 8 51 29
12 9 53 31
12 10 19 49
12 12 58 18
12 14 31 47
12 15 55 20
12 25 16 44
12 26 1 2
12 29 10 11
12 31 43 6
13 7 57 48
13 8 53 29
13 11 35 15
13 12 28 14
13 14 19 4
13 15 25 39
13 16 49 11
13 20 55 38
13 22 7 51
13 23 45 25
13 26 43 8
13 28 31 5
13 32 15 7
13 35 10 23
13 36 13 49
13 38 23 20
14 3 19 8
14 4 9 24
14 5 31 8
14 6 49 17
14 38 23 39
14 7 17 48
14 9 35 31
14 10 27 43
14 11 59 15
14 36 55 13
14 16 37 11
14 21 43 4
14 24 57 21
14 25 13 44
14 26 1 4
14 29 52 11
15 7 5 30
15 9 1 31
15 10 51 43
15 15 16 20
15 17 19 9
15 18 58 46
15 19 49 10
15 20 13 38
15 23 9 25
15 24 37 21
15 26 35 2
15 29 46 23
15 31 55 50
15 32 39 26
15 35 43 22
15 37 25 42
15 38 7 20
15 39 31 10
16 1 17 36
16 2 35 1
16 5 43 50
16 9 37 31
16 13 39 45
16 14 22 4
16 18 1 46
16 20 7 32
16 21 13 53
16 24 59 12
16 25 4 44
16 29 55 11
16 31 25 6
16 35 31 23
16 36 41 49
16 41 9 37
17 33 52 19
17 1 23 36
17 37 46 42
17 38 29 20
17 6 31 17
17 7 41 30
17 10 57 49
17 15 49 20
17 18 34 46
17 19 43 10
17 20 9 32
17 24 27 12
17 28 37 5
17 29 1 23
17 31 13 6
18 33 43 19
18 34 33 51
18 4 19 24
18 6 55 17
18 38 37 37
18 8 39 29
18 41 3 7
18 9 9 31
18 40 25 13
18 12 46 18
18 14 16 4
18 15 13 20
18 21 51 4
18 24 41 35
18 29 58 11
19 34 45 51
19 4 27 24
19 37 31 29
19 38 43 20
19 41 3 37
19 9 51 31
19 8 41 29
19 14 58 47
19 16 55 22
19 19 1 35
19 20 23 32
19 21 37 53
19 24 15 21
19 26 25 8
19 28 19 5
19 29 7 23
20 32 9 16
20 33 13 45
20 2 43 43
20 35 55 24
20 37 28 42
20 6 37 17
20 9 59 31
20 10 1 49
20 12 49 14
20 14 34 4
20 15 52 20
20 16 46 11
20 18 25 46
20 20 7 38
20 31 41 6
21 33 49 19
21 3 9 8
21 5 15 8
21 6 52 17
21 39 3 3
21 41 19 37
21 10 57 43
21 9 1 47
21 8 45 29
21 18 31 46
21 23 37 25
21 25 34 41
21 27 27 27
22 32 19 26
22 33 7 45
22 2 25 43
22 35 31 24
22 38 43 39
22 7 35 30
22 39 13 3
22 9 37 7
22 10 39 43
22 13 45 45
22 15 4 20
22 16 1 22
22 21 55 4
22 25 52 44
22 26 27 8
22 29 49 7
22 31 29 6
23 2 55 1
23 5 1 8
23 6 19 17
23 7 13 48
23 8 57 29
23 9 5 31
23 11 39 15
23 12 52 14
23 13 59 45
23 14 10 38
23 19 31 35
23 25 22 44
23 34 25 51
23 37 7 42
23 38 49 37
24 2 59 34
24 3 9 43
24 7 21 48
24 8 47 29
24 9 57 31
24 11 19 15
24 12 31 14
24 15 4 38
24 16 1 11
24 17 43 47
24 20 23 38
24 22 53 51
24 25 37 44
24 26 29 8
24 29 13 23
24 37 40 42
24 38 49 39
25 6 4 17
25 7 11 30
25 8 9 29
25 11 27 15
25 12 34 14
25 14 13 4
25 17 37 41
25 20 43 38
25 22 25 41
25 23 19 25
25 24 7 1
25 32 57 7
25 36 29 13
25 37 31 42
25 38 1 39
25 39 45 10
26 5 3 50
26 8 27 29
26 9 29 31
26 11 37 15
26 12 16 18
26 14 31 4
26 16 46 22
26 18 55 46
26 19 43 35
26 22 23 51
26 24 35 12
26 28 9 5
26 29 19 23
26 30 39 2
26 31 59 6
26 32 49 16
26 36 7 13
27 1 43 36
27 2 37 43
27 3 51 26
27 34 3 14
27 5 15 50
27 36 31 49
27 8 29 29
27 10 33 26
27 12 55 18
27 14 22 47
27 17 58 41
27 20 11 32
27 22 39 51
27 26 25 4
27 27 45 27
28 1 29 36
28 2 43 1
28 3 55 8
28 7 37 48
28 9 17 31
28 11 11 15
28 12 19 18
28 16 13 22
28 18 22 46
28 19 47 35
28 20 5 32
28 21 49 34
28 24 3 1
28 25 34 44
28 26 39 8
28 29 31 11
28 34 7 14
28 38 1 37
29 34 21 54
29 2 13 34
29 4 27 16
29 39 49 3
29 10 15 49
29 11 43 15
29 16 58 22
29 21 39 4
29 22 53 41
29 23 33 25
29 27 9 27
29 28 45 53
30 33 34 19
30 4 55 35
30 36 11 10
30 39 21 10
30 8 59 29
30 38 45 39
30 12 52 18
30 15 31 20
30 17 7 47
30 18 37 46
30 19 19 10
30 22 13 51
30 26 41 8
30 27 1 27
30 29 25 23
30 30 15 2
31 1 37 36
31 5 57 50
31 6 16 17
31 7 25 30
31 9 49 31
31 11 55 15
31 12 4 18
31 13 35 45
31 16 1 32
31 17 52 9
31 18 13 46
31 23 27 25
31 25 19 44
31 26 11 4
31 29 22 23
31 34 43 54
31 36 9 10
31 41 39 37
32 2 19 43
32 8 43 29
32 9 11 31
32 11 13 50
32 12 40 14
32 15 1 38
32 16 16 32
32 17 31 9
32 18 49 46
32 19 59 10
32 20 53 32
32 21 7 34
32 25 25 44
32 26 35 8
32 31 37 6
32 37 55 42
32 40 45 13
32 41 21 43
33 1 33 36
33 35 10 22
33 4 57 16
33 5 19 19
33 8 37 29
33 41 15 43
33 10 39 36
33 11 35 50
33 14 25 47
33 15 7 39
33 17 49 47
33 24 55 12
33 29 28 23
33 30 3 2
34 36 23 49
34 5 27 19
34 38 55 39
34 7 5 25
34 37 34 29
34 41 43 37
34 12 19 14
34 14 52 47
34 15 16 39
34 20 31 38
34 21 1 34
34 23 57 25
34 24 41 12
34 25 49 44
34 26 47 2
34 29 37 23
34 30 9 2
35 32 45 7
35 1 35 36
35 2 1 5
35 34 3 51
35 4 15 35
35 38 41 20
35 33 10 45
35 35 7 22
35 10 19 36
35 15 31 39
35 16 49 32
35 18 52 46
35 19 59 35
35 20 39 38
36 33 31 19
36 34 49 51
36 36 15 10
36 4 37 24
36 7 1 48
36 12 25 18
36 15 34 38
36 16 28 32
36 18 43 46
36 20 53 38
36 21 55 34
36 22 41 18
36 24 3 21
36 25 19 41
36 26 23 8
37 32 39 7
37 1 49 36
37 34 3 54
37 2 15 1
37 36 13 10
37 5 27 50
37 38 59 39
37 6 43 17
37 11 7 15
37 12 31 18
37 16 34 32
37 20 21 38
37 21 9 13
37 25 55 41
37 26 25 2
37 28 51 5
38 32 27 26
38 1 7 36
38 36 5 49
38 37 10 42
38 4 1 16
38 39 21 3
38 7 37 30
38 12 49 18
38 13 47 45
38 16 13 32
38 18 52 7
38 21 31 34
38 27 39 27
38 28 43 5
38 29 16 23
39 2 35 34
39 5 55 53
39 6 1 17
39 10 9 49
39 12 46 14
39 13 27 45
39 16 19 32
39 17 4 9
39 19 29 10
39 20 41 38
39 22 17 51
39 25 43 44
39 26 59 8
39 29 52 23
39 31 7 6
39 32 13 26
39 38 23 37
39 40 31 13
40 2 43 34
40 6 13 17
40 8 1 29
40 10 9 26
40 13 31 45
40 15 37 39
40 18 46 46
40 21 25 34
40 22 29 51
40 24 59 21
40 26 53 8
40 31 41 50
40 32 19 16
40 33 55 45
40 34 33 54
40 36 17 10
40 37 49 42
41 32 3 42
41 1 45 36
41 34 15 54
41 36 47 49
41 8 49 29
41 41 21 7
41 9 43 31
41 40 37 13
41 13 53 45
41 17 10 47
41 18 7 46
41 19 25 35
41 25 58 44
41 28 27 5
41 29 55 23
41 30 31 2
41 31 51 6
42 2 13 1
42 9 7 31
42 15 19 20
42 16 43 32
42 17 10 9
42 19 37 10
42 20 15 38
42 21 33 53
42 24 49 21
42 29 22 11
42 31 17 6
42 35 58 24
42 36 25 49
42 38 47 39
42 39 39 3
42 40 3 13
42 41 27 7
43 32 39 16
43 33 16 45
43 35 31 22
43 4 19 35
43 6 28 17
43 7 25 48
43 8 55 29
43 39 7 3
43 10 1 36
43 12 43 18
43 14 13 47
43 16 46 32
43 19 35 10
43 21 51 13
43 30 57 2
43 31 11 6
44 3 3 26
44 7 43 48
44 9 19 7
44 11 25 15
44 12 22 14
44 15 10 39
44 16 40 11
44 18 16 46
44 19 1 10
44 21 45 34
44 24 55 21
44 25 28 44
44 26 37 8
44 29 49 23
44 34 57 54
44 35 34 22
44 38 13 39
45 1 13 36
45 2 11 34
45 35 16 24
45 36 49 13
45 5 51 50
45 38 47 20
45 37 37 42
45 40 57 13
45 9 55 31
45 10 27 49
45 12 34 18
45 18 19 46
45 20 45 38
45 22 31 51
45 26 23 2
45 28 7 53
46 32 7 4
46 1 25 36
46 33 1 45
46 35 16 22
46 4 27 35
46 37 58 42
46 5 21 50
46 41 33 37
46 12 37 14
46 13 43 45
46 15 40 39
46 19 45 35
46 20 47 38
46 22 11 18
46 23 49 25
46 24 53 12
47 1 9 36
47 2 57 1
47 4 3 35
47 7 53 25
47 11 31 15
47 12 22 18
47 13 25 45
47 14 16 47
47 15 28 39
47 17 19 47
47 20 49 38
47 22 37 51
47 29 43 23
47 34 39 54
47 35 46 24
47 36 11 36
47 37 13 29
47 38 51 39
47 39 33 3
48 33 4 45
48 3 45 26
48 36 55 10
48 4 9 35
48 37 16 42
48 7 41 25
48 8 7 29
48 9 13 7
48 10 33 49
48 13 37 45
48 15 1 20
48 21 19 53
48 24 39 21
48 26 49 2
48 28 25 53
48 29 58 23
48 30 51 2
49 34 9 54
49 3 45 8
49 37 13 42
49 6 34 17
49 7 5 48
49 10 37 49
49 16 19 11
49 18 16 11
49 21 27 4
49 22 41 51
49 24 1 12
49 25 31 44
49 27 51 27
49 31 23 6
50 1 31 36
50 33 13 19
50 3 57 27
50 35 4 22
50 38 25 20
50 6 22 17
50 41 27 37
50 13 49 45
50 14 37 47
50 21 51 53
50 24 9 21
50 25 40 44
50 26 55 2
50 31 47 50
51 2 53 1
51 5 31 50
51 6 10 17
51 7 1 30
51 8 21 29
51 9 13 31
51 16 25 32
51 17 28 9
51 21 15 34
51 22 43 41
51 24 37 12
51 26 7 2
51 28 3 5
51 29 40 23
51 31 35 6
51 34 49 54
51 35 55 36
51 38 45 20
52 2 13 43
52 3 57 26
52 4 49 35
52 38 19 39
52 8 11 29
52 41 15 37
52 14 46 47
52 15 34 39
52 16 31 32
52 17 22 41
52 21 3 4
52 22 55 51
52 24 41 21
52 29 7 11
52 31 1 6
Điểm tối ưu: 842
Thời gian: 100123.4283 ms
Trạng thái: FEASIBLE
