1319
1 32 37 74
1 37 43 49
1 42 49 3
1 43 31 11
1 44 55 50
1 17 5 46
1 50 16 6
1 23 19 3
1 54 10 14
1 55 47 27
1 22 7 8
1 27 27 19
1 28 51 65
2 33 52 12
2 1 13 14
2 6 25 21
2 41 31 4
2 42 3 3
2 43 34 11
2 47 10 8
2 17 21 46
2 51 19 25
2 55 23 16
2 25 57 7
2 26 15 25
2 29 37 73
3 2 3 57
3 8 25 24
3 9 23 3
3 10 40 16
3 11 34 24
3 13 21 34
3 14 37 61
3 15 5 18
3 16 49 48
3 18 52 29
3 20 57 1
3 21 59 44
3 41 7 20
3 43 43 11
3 52 27 32
3 53 11 35
3 54 16 14
3 55 47 16
3 56 19 16
4 32 52 75
4 1 19 14
4 2 3 7
4 34 13 1
4 36 55 71
4 42 21 14
4 11 40 36
4 14 45 23
4 47 16 8
4 18 10 39
4 19 37 38
4 51 59 5
4 53 25 35
4 25 23 79
4 29 33 20
4 31 27 33
5 1 51 14
5 8 5 8
5 9 33 26
5 10 58 74
5 14 1 62
5 17 7 29
5 18 55 55
5 22 13 8
5 24 16 35
5 31 37 26
5 34 19 35
5 36 9 2
5 38 45 25
5 47 22 8
5 51 41 25
5 53 31 35
5 54 25 14
5 55 29 16
6 32 13 75
6 4 31 56
6 38 57 25
6 39 43 61
6 40 3 22
6 9 47 23
6 43 37 11
6 45 17 11
6 14 29 61
6 46 7 59
6 16 35 48
6 48 19 68
6 50 25 6
6 51 1 25
6 13 23 34
6 21 49 44
7 32 22 74
7 7 51 63
7 44 13 56
7 45 5 11
7 14 3 62
7 16 1 41
7 17 25 29
7 19 43 9
7 52 55 32
7 21 37 44
7 26 31 64
7 27 39 19
7 30 7 30
7 31 15 27
8 33 19 76
8 2 13 23
8 36 45 2
8 38 33 32
8 9 57 26
8 44 59 57
8 17 55 13
8 18 22 55
8 51 29 6
8 55 1 27
8 23 25 45
8 56 53 16
8 30 4 30
8 31 7 26
9 2 1 22
9 5 17 51
9 16 49 33
9 21 45 1
9 22 19 8
9 23 37 69
9 27 33 19
9 30 13 30
9 32 58 75
9 34 28 17
9 42 23 14
9 43 52 11
9 47 25 8
9 50 10 41
9 51 43 25
9 53 5 40
10 1 1 14
10 2 5 57
10 36 49 71
10 7 9 48
10 11 43 77
10 14 27 23
10 17 35 29
10 50 13 41
10 49 19 17
10 21 31 44
10 22 37 8
10 55 33 16
10 24 46 35
10 26 57 58
10 30 16 30
11 3 52 43
11 12 21 9
11 13 1 34
11 49 33 17
11 50 7 41
11 17 43 29
11 21 39 44
11 24 49 35
11 56 59 16
11 27 45 19
11 30 10 30
11 31 15 26
12 34 55 35
12 3 43 78
12 35 51 60
12 7 21 48
12 8 13 24
12 44 1 57
12 13 11 34
12 47 31 8
12 49 39 17
12 18 16 39
12 19 46 9
12 16 7 48
12 54 34 14
12 56 37 16
12 24 58 35
13 1 29 14
13 2 37 80
13 5 11 54
13 10 55 16
13 14 1 23
13 16 25 48
13 17 43 46
13 19 13 38
13 20 27 1
13 22 34 8
13 24 16 76
13 30 22 30
13 31 3 27
13 34 7 66
13 35 45 5
13 44 39 50
13 49 51 17
14 1 31 14
14 2 27 57
14 9 5 17
14 14 1 61
14 15 49 69
14 16 13 48
14 21 37 1
14 22 40 8
14 23 9 69
14 25 3 46
14 33 34 12
14 35 55 5
14 39 15 29
14 41 46 4
14 42 25 3
14 53 7 40
15 1 43 63
15 2 41 7
15 4 45 56
15 11 16 36
15 13 27 34
15 14 49 61
15 15 11 26
15 16 25 33
15 17 55 29
15 21 35 43
15 22 31 22
15 26 3 25
15 28 37 47
15 30 19 30
15 45 1 39
15 47 52 8
15 49 57 17
15 50 22 6
15 51 7 28
15 54 13 33
16 32 34 74
16 3 13 15
16 4 39 56
16 5 43 51
16 6 1 9
16 7 45 63
16 8 31 24
16 41 49 4
16 40 9 36
16 11 16 24
16 38 27 21
16 45 25 39
16 10 52 74
16 12 21 2
16 49 57 12
16 53 37 22
16 25 3 6
17 32 22 75
17 34 28 35
17 6 13 13
17 7 33 63
17 38 37 25
17 41 19 4
17 9 41 26
17 43 46 11
17 44 5 50
17 11 25 52
17 46 57 13
17 51 43 6
17 19 10 38
17 23 15 3
17 25 7 46
17 26 51 25
18 34 13 35
18 35 19 5
18 2 35 80
18 38 7 25
18 6 49 9
18 7 31 48
18 41 37 20
18 10 55 74
18 44 23 50
18 15 17 18
18 47 58 8
18 53 41 40
18 55 11 27
18 27 51 19
18 30 25 30
18 31 3 33
19 2 17 23
19 5 9 54
19 8 19 67
19 11 22 77
19 15 5 16
19 17 1 29
19 21 13 44
19 25 15 46
19 29 51 15
19 30 31 30
19 32 28 75
19 34 40 35
19 35 45 60
19 41 58 4
19 42 3 14
19 43 55 11
19 50 25 41
19 56 7 47
20 1 37 63
20 33 31 12
20 34 34 35
20 35 15 5
20 10 49 74
20 11 52 52
20 44 7 57
20 14 9 62
20 47 46 8
20 17 19 13
20 18 43 39
20 23 27 3
20 54 40 14
20 55 13 27
20 26 3 42
20 27 57 19
21 1 39 40
21 39 27 4
21 8 37 24
21 40 45 36
21 10 16 40
21 43 49 11
21 13 31 19
21 18 58 29
21 19 55 9
21 20 3 44
21 53 1 35
21 22 34 22
21 54 19 33
21 55 7 27
21 56 13 47
21 31 9 33
22 1 13 40
22 34 43 35
22 3 25 15
22 5 1 51
22 38 33 25
22 47 55 8
22 15 29 18
22 17 11 46
22 18 7 39
22 19 58 9
22 49 15 12
22 22 49 22
22 54 22 33
22 27 3 79
23 1 1 40
23 2 25 7
23 35 37 5
23 4 51 56
23 5 7 54
23 6 31 9
23 3 34 15
23 40 45 22
23 37 9 13
23 44 43 56
23 49 3 23
23 51 13 25
23 54 16 33
23 27 21 19
24 33 34 76
24 3 28 15
24 40 21 36
24 41 55 4
24 9 15 23
24 43 58 11
24 11 37 36
24 45 49 5
24 14 13 62
24 19 31 38
24 51 7 9
24 53 17 22
24 52 3 32
24 55 11 16
24 21 47 44
25 5 47 51
25 39 43 15
25 42 59 3
25 43 25 11
25 12 39 9
25 13 31 20
25 14 21 62
25 47 49 8
25 16 1 7
25 15 57 69
25 11 13 36
25 19 16 38
25 22 52 22
25 26 9 42
25 28 3 37
25 30 28 30
25 31 33 33
26 1 33 40
26 9 35 26
26 13 59 34
26 14 41 23
26 16 17 7
26 18 25 55
26 21 29 1
26 27 21 38
26 33 49 12
26 37 3 13
26 38 37 29
26 41 52 4
26 44 15 50
26 45 1 11
26 46 9 55
26 51 7 6
26 56 19 47
27 35 51 5
27 37 3 64
27 6 55 21
27 44 59 56
27 45 49 39
27 46 21 13
27 15 19 18
27 48 37 68
27 16 17 41
27 51 35 6
27 52 45 32
27 20 31 1
27 54 7 37
27 24 10 76
27 26 13 42
27 27 25 38
28 33 43 12
28 2 49 23
28 6 19 9
28 41 34 4
28 11 1 77
28 44 29 57
28 14 25 23
28 47 40 28
28 16 51 7
28 49 21 23
28 50 31 41
28 51 53 71
28 18 4 39
28 27 13 19
28 29 9 4
28 30 37 30
29 2 17 78
29 36 3 2
29 3 46 43
29 7 57 63
29 8 49 24
29 43 10 11
29 44 15 57
29 45 13 11
29 46 33 13
29 16 31 7
29 49 25 12
29 17 1 13
29 53 51 40
29 23 37 3
29 56 29 47
29 26 21 42
30 32 7 75
30 36 19 28
30 7 3 48
30 41 10 20
30 44 1 50
30 12 51 9
30 14 23 62
30 47 25 28
30 18 46 70
30 50 28 41
30 22 55 22
30 23 33 3
30 56 31 47
30 25 17 46
31 32 55 75
31 35 7 5
31 39 21 15
31 9 47 26
31 43 58 48
31 45 19 11
31 47 37 28
31 50 34 41
31 19 43 47
31 23 51 3
31 54 13 37
31 55 31 16
31 24 40 38
31 27 27 39
32 35 31 5
32 36 3 28
32 5 25 51
32 39 51 61
32 9 1 17
32 42 37 14
32 13 13 34
32 18 19 39
32 53 35 40
32 22 58 22
32 23 45 3
32 54 10 37
32 26 27 42
32 28 15 47
32 31 39 33
33 33 1 12
33 2 35 7
33 4 55 56
33 6 31 21
33 38 25 25
33 7 51 54
33 12 15 2
33 13 29 34
33 14 33 62
33 15 13 26
33 49 37 23
33 18 46 55
33 17 49 46
33 24 4 38
33 56 41 47
33 28 21 47
33 30 43 30
34 2 43 23
34 34 19 1
34 4 9 56
34 41 22 4
34 11 1 52
34 12 27 2
34 44 47 57
34 14 45 62
34 15 7 69
34 16 15 7
34 17 37 13
34 46 39 13
34 20 13 66
34 22 4 52
34 23 55 3
34 56 59 47
34 27 51 39
35 5 19 54
35 16 55 33
35 18 22 39
35 19 25 47
35 20 15 66
35 21 1 55
35 22 28 8
35 23 3 69
35 32 40 75
35 36 33 28
35 41 43 4
35 42 47 14
35 46 51 13
35 48 7 68
35 50 37 6
35 51 31 71
35 53 57 40
35 56 11 51
36 1 21 40
36 3 16 15
36 5 55 54
36 7 39 63
36 8 43 24
36 9 27 26
36 12 3 9
36 16 53 48
36 20 1 68
36 21 13 55
36 25 23 46
36 27 31 39
36 33 10 45
36 34 58 66
36 47 49 28
36 51 7 71
36 55 19 27
36 56 35 51
37 1 23 40
37 3 49 43
37 5 33 51
37 9 31 76
37 13 59 1
37 16 43 48
37 20 17 1
37 23 19 45
37 25 1 79
37 27 3 19
37 28 9 47
37 29 55 20
37 34 28 66
37 41 13 20
37 47 52 28
37 55 7 16
37 56 45 51
38 38 19 29
38 10 25 40
38 43 46 48
38 45 29 45
38 14 31 61
38 47 43 28
38 16 11 7
38 48 3 24
38 54 16 37
38 55 23 27
38 56 51 51
38 22 7 52
38 28 33 47
38 29 57 15
38 25 1 6
39 34 22 35
39 36 9 28
39 5 31 54
39 40 3 36
39 42 49 14
39 43 37 48
39 12 15 9
39 13 1 1
39 11 19 52
39 14 7 62
39 16 43 7
39 50 40 41
39 49 45 17
39 56 51 16
39 24 55 38
39 26 33 42
40 33 22 12
40 1 31 40
40 2 43 57
40 37 15 13
40 39 3 15
40 41 25 20
40 9 55 17
40 48 9 24
40 49 33 23
40 18 58 39
40 51 13 71
40 20 49 1
40 54 19 37
40 26 39 42
40 30 46 30
40 31 51 33
41 56 1 47
41 38 9 77
41 39 37 15
41 7 27 48
41 12 31 2
41 44 19 56
41 13 49 20
41 46 3 55
41 16 41 48
41 49 15 17
41 51 25 9
41 47 55 28
41 53 53 40
41 54 22 37
41 24 58 38
41 25 43 79
41 26 45 42
42 1 55 40
42 3 31 15
42 5 9 51
42 9 1 3
42 14 11 62
42 15 37 18
42 19 52 47
42 21 43 43
42 22 13 52
42 24 34 38
42 27 39 39
42 29 3 20
42 34 22 66
42 38 45 29
42 42 57 14
42 43 19 58
42 48 27 24
42 50 49 41
42 55 25 27
43 2 37 57
43 34 25 66
43 36 9 71
43 38 21 25
43 7 3 51
43 40 39 22
43 41 28 20
43 9 53 26
43 46 49 55
43 49 55 23
43 50 43 41
43 19 46 47
43 51 1 71
43 21 19 43
43 53 59 40
43 29 15 4
44 32 25 75
44 35 1 60
44 8 55 24
44 11 19 24
44 45 33 45
44 13 35 34
44 47 46 28
44 15 49 18
44 20 41 68
44 52 9 67
44 22 28 52
44 53 5 49
44 24 43 38
44 26 51 42
44 28 15 55
44 31 57 33
45 1 37 40
45 3 22 43
45 12 9 9
45 14 29 62
45 15 19 69
45 16 5 7
45 19 55 47
45 21 35 55
45 25 13 6
45 29 1 4
45 35 39 60
45 37 45 13
45 38 49 32
45 42 53 14
45 47 58 28
45 53 7 49
45 54 31 37
45 55 27 27
46 32 13 74
46 33 4 45
46 3 43 71
46 8 1 67
46 7 21 51
46 11 16 52
46 12 27 9
46 44 59 50
46 13 37 19
46 16 33 7
46 50 46 6
46 17 51 46
46 53 53 49
46 22 40 52
46 29 9 15
47 34 4 35
47 7 27 51
47 40 21 22
47 9 45 26
47 10 31 74
47 11 34 52
47 44 1 56
47 14 47 62
47 15 25 18
47 16 13 77
47 19 49 47
47 24 52 38
47 25 55 6
47 26 57 42
47 27 9 79
47 28 39 55
48 1 49 40
48 9 37 17
48 13 43 34
48 15 1 69
48 17 25 46
48 18 55 39
48 21 7 55
48 23 15 45
48 25 59 7
48 30 34 30
48 37 9 49
48 39 39 61
48 42 31 3
48 43 22 58
48 49 3 65
48 53 19 49
48 55 29 27
49 35 43 72
49 38 3 29
49 10 16 49
49 43 28 11
49 46 39 59
49 15 1 45
49 49 9 65
49 17 49 13
49 55 31 27
49 54 25 37
49 23 33 69
49 56 55 51
49 25 19 6
49 29 51 20
49 31 57 36
50 1 5 14
50 2 55 57
50 6 3 59
50 9 59 26
50 10 43 74
50 17 27 46
50 18 19 55
50 21 25 44
50 22 31 52
50 23 15 69
50 24 46 38
50 32 37 75
50 34 7 35
50 40 49 36
50 42 1 64
50 43 34 58
50 56 57 51
51 1 59 14
51 34 1 66
51 36 21 71
51 9 43 3
51 11 31 77
51 43 25 58
51 13 5 34
51 45 35 45
51 17 19 46
51 18 28 55
51 19 46 21
51 50 52 41
51 26 39 58
51 28 15 65
51 29 7 21
52 1 19 40
52 2 31 57
52 9 55 26
52 10 25 16
52 11 46 77
52 13 53 34
52 15 21 18
52 17 23 29
52 20 17 68
52 21 37 55
52 30 49 30
52 31 3 26
52 33 7 76
52 34 43 66
52 35 57 60
52 38 39 77
52 54 28 37
52 55 33 27
52 56 1 78
53 5 7 51
53 7 15 48
53 40 25 22
53 11 22 24
53 43 31 58
53 45 43 5
53 14 19 23
53 17 29 46
53 50 55 41
53 22 49 52
53 54 34 37
53 56 59 51
53 24 1 76
53 26 45 58
53 29 39 4
53 30 52 30
54 32 49 75
54 1 13 63
54 35 27 60
54 5 53 51
54 6 43 45
54 8 25 67
54 42 55 14
54 11 10 52
54 12 33 9
54 48 45 24
54 16 19 48
54 18 58 55
54 52 39 32
54 27 15 79
54 28 21 65
55 33 37 45
55 35 31 60
55 36 3 71
55 37 57 64
55 6 55 59
55 8 1 24
55 10 16 16
55 43 28 68
55 44 35 57
55 17 47 46
55 53 25 49
55 54 40 37
55 26 49 58
55 31 21 26
56 5 49 51
56 8 7 67
56 13 25 34
56 14 53 62
56 21 1 43
56 29 3 21
56 31 15 43
56 32 19 75
56 41 43 20
56 45 23 5
56 46 31 55
56 47 37 49
56 50 58 6
56 51 11 5
56 54 55 37
56 55 35 27
57 2 31 23
57 8 49 67
57 10 4 74
57 12 9 32
57 14 13 61
57 15 55 69
57 17 25 13
57 18 1 70
57 20 19 44
57 22 43 52
57 25 23 7
57 29 33 21
57 31 27 43
57 38 15 77
57 42 7 64
57 45 41 11
57 48 57 24
57 49 37 65
58 32 34 75
58 2 49 80
58 35 21 60
58 37 1 49
58 6 5 59
58 39 9 29
58 38 27 77
58 9 25 26
58 42 13 64
58 5 15 54
58 12 39 2
58 13 55 34
58 47 31 49
58 16 7 77
58 48 51 24
58 55 37 27
58 24 43 76
58 28 57 65
59 2 47 7
59 6 1 59
59 13 53 1
59 14 41 62
59 15 13 18
59 16 55 77
59 21 11 44
59 23 43 69
59 33 22 76
59 34 34 66
59 37 27 13
59 38 49 77
59 44 25 56
59 50 16 70
59 51 31 28
59 52 3 67
59 55 39 27
59 56 57 78
60 56 7 78
60 42 35 64
60 12 57 2
60 45 49 45
60 14 51 62
60 16 53 77
60 18 4 70
60 52 15 67
60 20 55 68
60 54 37 37
60 55 13 16
60 24 31 78
60 25 25 79
60 26 27 73
60 28 9 70
61 5 19 51
61 6 11 59
61 13 31 34
61 17 13 46
61 19 1 54
61 21 53 55
61 22 37 52
61 28 21 70
61 29 15 21
61 33 55 76
61 34 46 66
61 37 27 49
61 42 7 3
61 45 51 45
61 46 33 59
61 47 40 49
61 50 58 70
61 55 43 27
62 32 49 2
62 34 55 66
62 39 27 29
62 40 33 36
62 42 39 64
62 45 7 11
62 48 3 68
62 50 13 70
62 51 47 71
62 21 41 1
62 18 52 70
62 55 45 27
62 56 9 16
62 24 58 76
62 28 21 80
63 1 1 72
63 6 49 21
63 8 55 67
63 10 7 74
63 12 15 32
63 13 11 80
63 14 25 62
63 17 53 46
63 19 37 21
63 20 51 72
63 23 27 69
63 25 31 79
63 28 3 80
63 42 41 64
63 43 34 68
63 46 57 59
63 52 21 67
64 2 49 57
64 3 40 51
64 4 21 56
64 39 3 61
64 41 16 20
64 10 10 40
64 13 19 34
64 49 45 65
64 18 55 70
64 19 58 54
64 52 51 67
64 53 7 22
64 27 27 79
64 31 31 43
65 4 13 22
65 6 19 21
65 14 17 62
65 15 7 18
65 19 4 54
65 20 43 68
65 29 21 21
65 32 31 75
65 33 37 12
65 36 27 71
65 39 9 61
65 44 41 50
65 45 45 45
65 46 49 59
65 51 53 6
65 53 47 49
65 54 58 37
65 55 1 16
66 32 16 75
66 33 13 76
66 2 1 80
66 35 9 60
66 36 3 58
66 37 21 49
66 6 37 59
66 39 25 61
66 8 31 67
66 44 19 50
66 46 45 59
66 50 34 70
66 51 49 25
66 22 58 52
66 56 29 78
66 26 51 64
66 27 39 79
66 30 55 30
67 5 13 54
67 13 55 80
67 17 31 46
67 19 4 47
67 21 43 55
67 23 21 69
67 24 25 76
67 26 15 64
67 34 37 66
67 41 40 20
67 44 49 63
67 45 53 45
67 48 45 68
67 50 28 70
67 51 19 71
67 52 33 67
67 55 51 27
67 56 59 78
68 32 1 74
68 1 55 63
68 33 10 12
68 35 13 60
68 37 19 64
68 5 17 54
68 39 33 61
68 8 37 67
68 9 7 17
68 42 43 64
68 40 27 36
68 48 39 24
68 52 45 67
68 21 23 1
68 54 52 37
68 29 57 21
69 1 1 63
69 38 31 29
69 6 43 59
69 41 19 20
69 42 23 64
69 12 37 78
69 15 13 69
69 50 4 41
69 19 7 38
69 20 15 44
69 22 55 52
69 55 49 27
69 56 41 78
69 28 25 80
69 29 51 21
69 30 58 30
70 1 7 63
70 6 1 21
70 10 46 74
70 12 21 32
70 14 49 62
70 48 13 68
70 49 27 65
70 17 59 46
70 18 37 70
70 20 25 4
70 23 51 69
70 24 43 54
70 28 31 80
70 29 3 73
70 30 55 72
71 2 19 57
71 3 13 51
71 35 3 5
71 7 25 63
71 8 29 67
71 9 31 17
71 10 16 74
71 42 37 64
71 14 43 62
71 17 55 46
71 18 49 70
71 19 46 54
71 52 57 67
71 21 53 72
71 26 9 73
71 27 33 79
71 31 39 43
72 4 9 22
72 5 25 54
72 6 13 59
72 8 27 67
72 10 19 74
72 12 3 78
72 13 29 80
72 15 31 69
72 16 37 77
72 17 43 13
72 24 34 78
72 26 15 73
72 28 39 80
72 30 22 72
72 34 52 66
72 37 45 64
72 39 55 61
72 43 49 68
72 53 59 49
73 32 4 75
73 1 19 63
73 3 37 51
73 4 27 56
73 35 9 72
73 8 13 67
73 12 21 78
73 44 25 57
73 46 15 59
73 47 49 49
73 48 57 68
73 50 40 72
73 55 43 16
73 29 33 73
73 31 45 33
74 33 28 76
74 1 37 72
74 36 9 58
74 4 3 56
74 7 21 63
74 39 15 61
74 9 41 76
74 14 55 62
74 18 31 70
74 19 34 54
74 50 25 72
74 54 43 37
74 56 47 78
74 27 49 79
74 28 57 80
75 32 52 2
75 33 1 8
75 34 31 66
75 35 27 5
75 36 15 58
75 5 49 54
75 39 21 61
75 42 5 3
75 11 34 77
75 10 40 74
75 16 59 77
75 18 43 70
75 19 37 54
75 21 25 1
75 22 46 52
75 25 57 79
75 31 7 43
76 32 10 75
76 1 13 72
76 2 19 22
76 3 4 43
76 36 15 28
76 6 25 59
76 46 27 59
76 47 34 49
76 51 37 71
76 52 39 67
76 21 1 44
76 24 49 78
76 25 53 79
76 56 55 78
76 28 45 80
76 29 57 73
77 36 39 71
77 4 15 56
77 5 31 51
77 7 3 63
77 9 37 76
77 43 25 68
77 46 21 59
77 14 7 61
77 16 43 33
77 50 28 72
77 53 13 49
77 54 49 37
77 23 9 3
77 24 52 78
77 25 59 79
77 26 45 73
77 55 57 27
78 2 13 80
78 35 3 72
78 36 15 71
78 34 19 66
78 7 9 63
78 41 22 20
78 10 25 74
78 42 29 64
78 43 31 68
78 13 7 34
78 14 37 62
78 18 40 70
78 19 43 21
78 20 49 72
78 54 46 37
78 25 55 7
78 28 51 80
78 31 57 43
79 8 7 24
79 9 13 17
79 11 4 77
79 12 9 78
79 13 15 80
79 17 1 46
79 18 25 70
79 19 28 54
79 20 31 72
79 24 37 35
79 25 19 7
79 29 21 73
79 33 40 12
79 34 49 66
79 36 33 71
79 42 55 64
79 43 52 68
79 45 57 45
79 51 59 71
80 32 1 75
80 1 19 72
80 34 4 66
80 3 25 78
80 37 9 64
80 6 31 59
80 7 15 63
80 10 28 74
80 44 13 50
80 13 43 80
80 17 37 46
80 49 33 65
80 19 40 54
80 55 55 27
80 27 45 79
80 29 51 73
80 30 58 72
81 1 29 63
81 2 9 80
81 9 31 26
81 12 13 78
81 13 39 34
81 14 19 62
81 16 7 33
81 19 22 54
81 24 4 76
81 25 37 79
81 26 25 64
81 30 34 72
81 32 43 75
81 41 46 20
81 42 49 64
81 45 55 45
81 49 51 23
81 53 57 49
81 55 59 27
Điểm tối ưu: 1319
Thời gian: 100229.2542 ms
Trạng thái: FEASIBLE
