2179
1 32 7 31
1 36 1 25
1 37 13 141
1 7 39 78
1 104 51 75
1 11 22 80
1 87 35 130
1 57 28 24
1 29 49 22
1 95 19 152
2 11 34 80
2 17 52 101
2 18 58 20
2 20 10 59
2 22 47 29
2 28 49 13
2 29 25 56
2 31 7 101
2 46 21 6
2 49 31 74
2 52 37 110
2 69 13 17
2 75 3 35
2 83 19 70
2 97 43 40
2 99 1 48
3 9 17 123
3 22 13 62
3 32 57 85
3 34 15 90
3 40 19 104
3 42 3 107
3 58 33 26
3 70 43 117
3 81 53 98
3 82 22 23
3 84 51 76
3 85 9 97
3 90 55 41
3 95 31 152
3 97 29 43
4 1 28 40
4 33 7 28
4 58 15 27
4 69 37 148
4 40 23 104
4 48 3 125
4 49 40 74
4 82 25 23
4 86 33 140
4 57 19 24
4 90 43 41
5 100 34 7
5 101 39 115
5 103 52 43
5 40 11 104
5 71 57 8
5 11 28 80
5 13 37 92
5 50 1 121
5 84 41 76
5 25 19 78
5 89 7 62
5 26 43 100
5 60 25 133
6 32 33 85
6 65 1 131
6 100 46 7
6 58 57 4
6 11 13 100
6 10 51 50
6 16 27 49
6 49 16 74
6 86 39 140
6 87 37 136
6 90 55 58
6 31 10 101
7 34 39 90
7 100 43 7
7 70 28 67
7 8 25 64
7 105 55 44
7 42 49 107
7 74 1 103
7 11 19 80
7 85 11 97
8 1 22 40
8 66 37 15
8 36 27 25
8 65 10 131
8 103 16 43
8 8 43 64
8 73 7 14
8 49 1 74
8 22 55 62
8 25 5 78
8 61 46 127
8 57 34 24
9 35 31 102
9 69 46 17
9 102 43 37
9 7 57 53
9 39 1 134
9 37 17 141
9 80 39 54
9 49 28 74
9 52 49 110
9 85 7 30
9 84 9 110
9 26 52 100
10 99 7 48
10 11 55 80
10 46 9 6
10 79 41 1
10 82 31 23
10 83 45 142
10 50 37 121
10 22 5 62
10 20 34 59
10 26 58 73
11 37 27 141
11 5 22 47
11 8 49 64
11 105 58 44
11 10 45 50
11 44 52 32
11 14 13 155
11 15 31 21
11 80 3 54
11 48 43 125
11 85 17 97
11 94 9 82
11 63 7 63
12 99 57 48
12 7 3 96
12 9 1 123
12 74 51 34
12 108 43 138
12 82 28 23
12 51 33 106
12 88 9 70
12 57 37 24
12 28 45 13
12 61 25 127
13 65 55 46
13 70 31 56
13 39 52 134
13 77 3 72
13 46 15 6
13 80 27 116
13 49 43 74
13 81 49 126
13 23 21 2
13 86 35 140
13 22 19 62
13 24 40 12
13 90 13 58
13 27 9 67
14 65 34 46
14 34 11 90
14 97 13 86
14 70 49 20
14 7 21 78
14 8 31 137
14 10 57 50
14 75 7 35
14 45 1 114
14 78 9 95
14 77 15 51
14 49 46 74
14 23 39 28
14 85 25 147
14 87 43 130
14 29 37 56
15 4 55 55
15 6 43 56
15 8 51 64
15 22 25 62
15 29 39 56
15 34 59 68
15 40 37 104
15 58 7 27
15 65 31 120
15 71 21 8
15 74 27 42
15 75 15 35
15 82 34 23
15 92 3 132
15 99 11 48
15 104 1 75
16 9 39 123
16 26 34 100
16 29 23 22
16 31 31 24
16 37 25 14
16 49 58 74
16 63 5 63
16 73 28 7
16 74 49 103
16 78 7 95
16 81 55 51
16 86 41 140
16 89 15 62
16 96 19 16
16 97 47 40
16 99 9 48
17 34 13 68
17 101 31 69
17 5 1 47
17 7 55 96
17 42 37 147
17 74 27 34
17 77 43 51
17 19 53 121
17 25 33 78
17 30 16 129
18 97 31 86
18 65 37 120
18 99 13 48
18 67 52 147
18 70 40 117
18 7 33 53
18 106 55 81
18 107 57 148
18 79 1 118
18 92 7 145
18 26 25 73
18 60 28 133
18 95 49 152
19 89 7 22
19 65 37 131
19 99 29 111
19 39 1 154
19 8 55 64
19 73 46 14
19 7 25 53
19 45 15 114
19 17 4 118
19 49 52 74
19 24 43 12
19 57 58 24
19 90 11 129
19 95 33 152
20 9 7 123
20 11 40 80
20 19 35 5
20 27 43 67
20 37 29 141
20 40 49 6
20 47 53 135
20 54 1 37
20 66 9 15
20 73 19 14
20 76 57 105
20 81 27 126
20 82 37 23
20 90 25 58
20 95 23 152
21 8 1 137
21 18 28 26
21 25 25 78
21 38 31 47
21 45 7 114
21 47 55 5
21 65 22 72
21 75 45 99
21 87 39 130
21 95 43 152
21 99 15 48
21 101 11 72
21 106 41 81
22 6 25 145
22 24 37 12
22 29 11 117
22 50 3 58
22 75 33 119
22 81 53 8
22 82 43 23
22 95 15 152
22 99 19 48
22 101 57 115
22 104 7 75
22 106 21 81
23 98 28 109
23 36 49 25
23 69 58 30
23 70 25 67
23 75 53 119
23 13 23 61
23 28 39 13
23 81 41 126
23 82 13 23
23 88 31 49
23 57 43 24
23 60 55 133
23 63 9 63
24 65 13 46
24 35 37 102
24 37 7 141
24 5 28 47
24 6 53 56
24 39 16 134
24 38 34 47
24 13 9 61
24 24 49 12
24 25 3 78
24 22 31 62
24 30 25 94
25 65 13 92
25 35 40 102
25 11 16 80
25 14 33 155
25 80 9 54
25 48 57 125
25 18 52 20
25 83 5 142
25 21 1 158
25 86 7 140
25 87 31 136
25 89 19 91
25 59 25 146
25 57 49 24
26 1 49 40
26 2 45 11
26 35 52 102
26 34 41 90
26 5 55 47
26 102 59 11
26 38 25 47
26 11 13 80
26 43 37 151
26 17 7 118
26 21 4 158
26 89 21 29
26 30 28 94
26 63 11 63
27 34 17 90
27 5 43 47
27 37 19 141
27 105 4 79
27 74 49 42
27 13 11 92
27 20 37 59
27 21 7 158
27 89 21 62
27 30 46 94
27 63 1 63
28 65 10 46
28 97 7 40
28 69 4 40
28 38 58 60
28 104 49 1
28 13 55 61
28 46 39 6
28 79 27 118
28 82 46 23
28 22 37 62
28 86 29 140
28 63 23 63
29 6 15 72
29 8 21 137
29 10 57 116
29 17 10 118
29 25 45 78
29 29 13 56
29 42 27 147
29 51 41 106
29 60 49 133
29 71 1 8
29 81 3 126
29 84 31 110
29 95 17 152
30 64 49 149
30 98 7 109
30 36 57 149
30 100 31 7
30 77 39 72
30 80 13 54
30 18 4 26
30 84 1 110
30 85 23 97
30 30 10 94
30 24 46 98
30 26 28 73
30 29 19 56
30 63 17 63
31 35 4 143
31 5 58 47
31 70 34 117
31 78 11 95
31 47 25 135
31 18 40 20
31 51 47 106
31 52 7 156
31 22 43 62
31 90 13 41
32 32 45 85
32 97 31 40
32 26 16 73
32 67 7 147
32 39 10 134
32 108 51 138
32 46 27 6
32 20 40 59
32 87 55 130
32 90 37 58
32 61 4 127
32 62 34 19
32 31 13 101
33 13 45 92
33 18 37 26
33 21 16 158
33 23 33 83
33 26 4 73
33 29 51 22
33 31 22 101
33 35 55 150
33 37 13 7
33 41 40 144
33 47 1 5
33 50 9 58
33 56 58 109
33 81 7 126
33 90 47 129
34 99 17 48
34 35 22 150
34 101 1 151
34 102 7 3
34 37 31 141
34 106 51 81
34 77 57 72
34 46 33 6
34 22 55 89
34 23 43 28
34 56 10 109
34 89 39 62
34 63 19 63
35 99 25 48
35 35 1 150
35 6 7 116
35 36 57 25
35 10 51 153
35 76 33 105
35 51 45 106
35 25 47 78
35 58 27 4
35 93 19 77
36 37 49 141
36 69 7 121
36 39 25 57
36 70 28 20
36 106 37 81
36 43 34 151
36 28 1 13
36 77 51 72
36 46 57 6
36 17 4 101
36 55 13 4
36 92 39 104
37 64 45 149
37 34 55 68
37 35 52 150
37 4 25 55
37 37 41 141
37 99 31 48
37 7 7 96
37 72 1 60
37 11 37 80
37 108 33 138
37 29 57 56
37 20 13 69
38 65 31 131
38 35 49 102
38 5 37 47
38 70 22 56
38 71 3 8
38 9 57 123
38 108 17 138
38 44 13 32
38 47 11 127
38 81 5 51
38 18 52 26
38 89 45 62
38 27 27 75
39 41 49 144
39 42 3 13
39 108 41 138
39 77 45 84
39 78 15 95
39 48 39 125
39 49 55 74
39 52 10 156
39 57 25 31
39 58 33 27
39 63 21 63
40 100 37 7
40 101 59 79
40 38 19 133
40 104 31 75
40 105 34 44
40 48 1 125
40 16 27 48
40 52 13 156
40 85 41 97
40 54 9 37
40 24 52 12
40 89 3 91
40 58 43 27
41 1 34 40
41 35 49 150
41 36 15 25
41 58 39 4
41 38 46 47
41 71 7 8
41 39 28 52
41 106 3 81
41 42 9 107
41 43 52 151
41 13 25 92
41 80 21 54
41 23 57 2
42 1 19 40
42 6 43 157
42 21 22 158
42 23 39 2
42 28 7 13
42 34 29 68
42 35 58 150
42 47 49 106
42 48 51 125
42 65 4 92
42 74 33 90
42 75 1 119
42 78 17 95
42 89 9 91
42 101 53 115
42 105 13 79
43 3 31 2
43 4 58 84
43 101 37 49
43 8 17 137
43 41 55 144
43 106 1 81
43 39 19 57
43 24 46 12
43 57 22 24
43 58 51 27
43 30 40 94
43 63 49 63
44 34 57 90
44 99 37 48
44 39 31 134
44 40 11 41
44 41 19 144
44 9 9 13
44 80 27 54
44 20 46 59
44 22 51 62
44 24 1 98
44 28 13 13
44 63 25 63
45 35 31 150
45 100 55 7
45 99 1 111
45 7 39 53
45 27 43 75
45 43 16 151
45 49 58 110
45 81 5 126
45 84 3 76
45 90 13 154
45 59 28 146
45 28 21 13
45 61 7 127
46 6 19 116
46 8 37 137
46 11 25 80
46 17 13 118
46 18 46 20
46 19 23 26
46 27 9 75
46 31 4 24
46 34 53 68
46 51 51 106
46 73 34 14
46 82 55 23
46 84 31 122
46 92 39 132
46 95 21 152
46 100 58 7
47 65 22 92
47 99 43 48
47 70 49 67
47 8 45 137
47 74 3 42
47 9 11 13
47 78 13 95
47 17 31 151
47 50 27 58
47 52 19 156
47 53 57 86
47 55 15 136
47 58 39 27
47 29 55 56
47 95 1 152
48 2 37 11
48 4 49 84
48 9 9 123
48 44 43 144
48 45 19 114
48 77 3 88
48 80 31 54
48 84 41 122
48 21 25 158
48 22 57 62
49 65 22 120
49 100 49 7
49 66 25 15
49 38 52 47
49 8 35 137
49 105 43 30
49 41 13 144
49 106 7 81
49 18 46 155
49 20 16 59
49 21 31 158
49 87 1 136
49 24 4 98
49 58 57 27
49 59 19 89
50 18 40 155
50 26 55 73
50 37 45 141
50 44 16 32
50 47 1 135
50 51 53 106
50 60 31 133
50 63 29 63
50 65 58 120
50 77 21 51
50 81 51 51
50 87 7 136
50 97 11 40
50 106 9 81
51 1 40 40
51 4 52 84
51 101 25 115
51 105 7 79
51 10 57 153
51 108 13 138
51 46 15 71
51 81 3 51
51 19 5 121
51 52 28 156
51 87 55 136
51 56 37 109
51 30 43 94
52 96 1 16
52 66 21 15
52 26 7 100
52 102 35 91
52 105 43 44
52 106 19 81
52 75 13 85
52 47 41 127
52 82 49 23
52 83 47 58
52 89 27 121
52 58 15 41
52 59 31 89
52 57 55 24
53 73 58 14
53 77 9 88
53 13 31 61
53 16 21 48
53 46 43 6
53 50 15 58
53 51 25 106
53 22 53 62
53 24 34 12
53 25 51 78
53 27 39 75
53 57 28 31
54 1 25 40
54 66 33 15
54 37 51 141
54 12 57 112
54 77 21 88
54 47 43 106
54 19 45 5
54 84 47 110
54 55 7 93
54 58 1 41
54 60 16 81
54 63 31 63
54 62 28 19
54 95 5 152
55 5 34 31
55 13 37 61
55 16 39 48
55 20 49 59
55 30 52 94
55 39 55 134
55 44 7 144
55 46 3 71
55 47 43 5
55 57 10 105
55 78 21 95
55 81 19 98
55 83 47 115
55 87 1 95
55 97 45 40
55 105 31 79
56 98 4 109
56 35 34 102
56 101 49 49
56 39 40 134
56 106 13 81
56 11 10 80
56 46 19 71
56 78 23 95
56 80 51 54
56 51 57 106
56 94 45 82
56 88 25 70
56 57 31 31
56 24 16 12
57 1 37 40
57 5 22 89
57 38 49 47
57 74 25 90
57 83 41 123
57 20 52 59
57 85 33 97
57 52 4 156
57 55 57 102
57 31 13 24
57 62 1 19
57 95 9 152
58 8 41 137
58 13 39 92
58 19 35 97
58 30 19 94
58 40 55 104
58 46 51 6
58 52 25 159
58 57 43 31
58 65 13 120
58 69 58 17
58 79 33 118
58 85 37 97
58 87 49 136
58 95 11 152
59 2 51 11
59 99 55 48
59 4 28 55
59 6 47 124
59 104 37 75
59 7 21 38
59 8 41 64
59 74 13 130
59 41 25 144
59 80 57 54
59 48 9 125
59 81 17 126
59 19 31 38
59 52 34 156
60 32 51 85
60 96 31 16
60 102 13 3
60 7 7 78
60 104 49 75
60 73 1 7
60 43 46 151
60 74 57 36
60 108 15 138
60 78 19 95
60 42 21 107
60 22 55 29
60 59 28 89
60 93 39 89
61 5 10 47
61 8 23 64
61 13 47 92
61 22 59 62
61 24 19 12
61 25 35 78
61 30 52 4
61 40 57 104
61 44 4 32
61 50 43 58
61 52 37 156
61 55 31 36
61 79 25 118
61 86 55 140
61 96 13 16
61 105 40 44
61 108 7 138
62 97 53 40
62 35 25 150
62 69 37 30
62 4 55 84
62 8 47 64
62 45 43 114
62 47 13 135
62 83 1 70
62 52 40 156
62 21 34 158
62 84 51 122
62 20 58 59
62 93 15 77
62 58 21 41
62 27 3 67
62 29 19 117
63 7 27 78
63 17 55 118
63 19 19 38
63 29 59 56
63 30 13 94
63 42 21 147
63 48 5 125
63 60 7 133
63 61 16 127
63 69 31 121
63 86 1 140
63 93 49 159
63 99 3 111
63 102 37 3
63 105 34 79
63 106 11 81
64 34 7 90
64 99 49 48
64 36 45 25
64 5 34 89
64 6 37 157
64 39 22 134
64 7 51 96
64 27 13 75
64 75 25 113
64 45 27 114
64 15 57 21
64 20 1 69
64 85 43 97
65 33 3 28
65 34 29 90
65 102 55 25
65 71 49 8
65 40 31 104
65 9 37 123
65 106 23 81
65 105 19 44
65 8 43 137
65 50 33 58
65 19 25 25
65 54 51 37
65 24 7 98
65 25 57 78
65 92 13 103
66 11 58 80
66 20 55 59
66 35 13 150
66 45 33 114
66 50 39 58
66 51 7 26
66 57 1 24
66 78 25 95
66 80 49 116
66 84 27 76
66 85 45 97
66 86 9 140
66 96 22 16
66 99 5 111
66 100 19 7
66 104 47 1
67 96 7 16
67 97 55 40
67 65 40 51
67 4 1 55
67 103 4 43
67 7 31 96
67 40 29 104
67 10 21 116
67 46 57 71
67 79 35 118
67 16 45 48
67 83 15 123
67 57 37 31
67 60 25 81
67 95 13 152
68 18 1 26
68 20 4 69
68 21 13 158
68 25 11 78
68 28 17 13
68 30 34 129
68 34 43 68
68 39 31 57
68 40 53 104
68 42 45 107
68 51 59 106
68 58 27 41
68 61 22 127
68 74 7 111
68 96 40 16
68 97 57 40
69 2 55 11
69 100 22 7
69 5 4 89
69 39 34 134
69 7 39 96
69 104 53 75
69 37 59 141
69 48 7 125
69 81 13 31
69 17 19 118
69 26 1 73
69 59 46 146
69 63 37 63
70 3 51 2
70 4 34 84
70 24 31 98
70 25 17 78
70 30 58 94
70 34 49 90
70 36 39 25
70 47 13 127
70 48 11 125
70 74 3 123
70 75 25 35
70 85 45 147
70 90 7 154
70 96 28 16
70 103 55 43
71 65 1 46
71 58 7 41
71 99 11 111
71 6 49 145
71 39 37 67
71 8 29 50
71 59 19 111
71 106 31 81
71 77 15 88
71 78 27 95
71 19 43 121
71 26 22 100
71 92 51 132
72 4 58 55
72 39 49 134
72 104 5 1
72 105 28 79
72 10 31 50
72 40 37 6
72 80 45 54
72 82 52 23
72 83 9 106
72 55 15 157
72 90 1 129
72 28 23 13
72 95 3 152
73 10 1 50
73 22 25 29
73 24 10 12
73 34 49 68
73 57 43 105
73 59 13 111
73 69 40 30
73 97 31 43
73 98 55 109
73 99 27 111
73 100 7 32
73 101 37 70
73 102 51 91
74 4 7 84
74 37 13 91
74 70 10 56
74 7 45 96
74 5 55 143
74 90 19 41
74 102 43 91
74 43 49 151
74 58 33 41
74 81 21 126
74 82 58 23
74 53 15 86
74 21 40 158
74 89 27 62
74 26 37 73
75 24 10 98
75 27 3 75
75 39 43 134
75 48 13 125
75 56 16 109
75 63 27 63
75 74 19 90
75 75 55 113
75 78 29 95
75 85 57 147
75 87 25 136
75 89 31 91
75 96 49 16
75 97 59 40
75 105 52 79
75 106 39 81
76 5 58 143
76 8 27 137
76 9 47 123
76 21 49 158
76 28 25 13
76 52 31 156
76 58 39 41
76 63 3 63
76 70 7 117
76 79 37 118
76 81 23 126
76 86 11 140
76 97 43 43
76 104 17 121
76 105 55 79
76 106 45 81
77 69 46 30
77 7 51 53
77 106 33 81
77 74 19 42
77 20 13 59
77 89 39 91
77 58 57 41
77 93 1 77
78 96 52 16
78 103 46 43
78 104 55 121
78 105 49 44
78 78 33 95
78 22 17 89
78 87 13 90
78 57 10 24
78 26 7 73
78 31 43 101
79 12 49 112
79 21 10 158
79 34 37 90
79 38 55 60
79 39 58 134
79 42 15 107
79 50 21 58
79 55 27 136
79 62 7 19
79 67 1 147
79 70 46 117
79 78 39 95
79 79 41 118
79 83 5 129
79 99 33 111
79 102 53 91
79 104 25 75
80 34 53 90
80 70 13 117
80 8 37 50
80 74 1 36
80 31 34 101
80 108 25 138
80 79 39 118
80 49 19 110
80 89 45 91
80 28 41 13
80 57 49 31
81 65 16 120
81 26 13 73
81 38 31 60
81 7 27 38
81 39 37 134
81 105 34 22
81 17 1 101
81 50 49 58
81 20 22 59
81 52 46 156
81 90 5 41
81 92 57 132
81 30 19 129
81 63 41 63
82 13 31 92
82 14 25 155
82 16 33 48
82 21 37 158
82 29 55 117
82 30 13 129
82 40 43 104
82 44 19 32
82 47 59 5
82 51 1 112
82 57 7 105
82 58 51 41
82 60 16 133
82 75 29 35
82 84 23 110
82 98 40 109
82 105 10 44
83 32 15 31
83 65 34 120
83 2 27 86
83 3 43 2
83 37 47 141
83 6 31 145
83 39 1 52
83 104 37 1
83 9 59 123
83 48 41 125
83 81 39 126
83 59 49 146
83 62 10 19
84 96 34 16
84 99 37 111
84 4 40 84
84 6 43 124
84 38 10 133
84 77 27 88
84 79 45 118
84 24 22 12
84 25 53 78
84 92 13 38
84 95 7 152
85 35 10 150
85 69 52 17
85 70 28 117
85 27 33 75
85 77 39 88
85 23 55 28
85 86 13 140
85 90 25 41
85 92 15 119
85 63 45 63
86 32 37 85
86 34 7 68
86 35 19 150
86 58 45 41
86 5 49 143
86 80 3 116
86 17 16 140
86 18 52 155
86 20 31 59
86 86 23 140
86 26 10 73
86 27 57 75
86 62 13 19
86 95 25 152
87 96 43 16
87 65 19 120
87 90 29 129
87 8 59 137
87 73 52 7
87 74 31 52
87 48 27 125
87 16 3 49
87 49 13 110
87 83 7 142
87 19 55 97
87 51 39 112
87 58 9 77
87 62 16 19
88 2 19 11
88 36 3 149
88 4 25 84
88 8 1 64
88 9 43 123
88 106 47 81
88 45 51 114
88 13 55 92
88 79 49 118
88 108 11 138
88 73 31 14
88 82 16 142
88 22 35 29
88 24 28 98
88 89 57 91
89 2 7 11
89 35 40 150
89 102 31 11
89 108 35 138
89 78 45 95
89 16 3 48
89 50 57 58
89 62 19 19
89 90 37 41
89 60 13 133
89 30 25 129
89 63 51 63
90 102 55 91
90 27 1 80
90 73 10 14
90 46 27 71
90 47 19 5
90 81 57 126
90 18 43 155
90 84 7 122
90 55 33 136
90 25 59 78
90 90 41 154
90 62 22 19
90 57 46 24
91 100 13 83
91 69 19 17
91 5 34 143
91 39 10 154
91 75 7 85
91 77 57 88
91 16 45 49
91 50 49 121
91 30 4 94
91 85 17 30
91 55 39 136
91 62 25 19
92 6 25 124
92 22 1 62
92 29 23 117
92 35 28 150
92 52 55 156
92 59 16 111
92 63 47 63
92 68 49 55
92 70 31 117
92 75 37 46
92 78 41 95
92 87 45 136
92 96 10 16
92 97 53 86
92 98 19 109
92 102 5 25
93 2 45 86
93 99 25 111
93 58 3 27
93 107 27 148
93 77 33 88
93 13 41 92
93 46 51 71
93 81 11 31
93 51 17 106
93 83 9 115
93 57 55 31
93 26 37 100
93 27 21 67
93 93 13 159
94 96 37 16
94 100 40 7
94 5 19 47
94 70 4 56
94 77 25 72
94 78 47 95
94 16 51 48
94 83 7 70
94 20 34 69
94 85 13 147
94 25 1 82
94 27 15 67
95 65 43 46
95 2 15 11
95 36 33 149
95 5 46 143
95 7 51 120
95 9 31 123
95 42 57 107
95 20 37 69
95 89 27 22
95 92 9 132
95 25 21 82
96 35 7 102
96 100 43 32
96 101 1 115
96 69 13 121
96 73 16 14
96 74 21 123
96 46 39 71
96 80 31 116
96 83 37 115
96 84 3 122
96 21 55 158
96 23 51 73
96 57 58 31
96 31 46 101
97 34 55 67
97 100 7 7
97 69 10 121
97 37 53 141
97 27 31 67
97 59 22 111
97 106 35 81
97 13 19 61
97 51 29 112
97 87 1 130
97 88 15 49
97 89 45 121
97 28 27 13
97 61 49 127
97 24 40 98
98 8 7 64
98 10 9 50
98 17 25 140
98 19 41 5
98 44 22 32
98 59 58 146
98 61 28 127
98 68 33 55
98 74 49 130
98 82 13 142
98 84 43 76
98 85 53 97
98 86 45 140
98 87 47 136
98 99 39 111
98 100 16 7
99 5 1 89
99 7 9 53
99 19 53 131
99 22 25 89
99 28 33 13
99 39 4 154
99 51 13 112
99 52 43 156
99 61 19 127
99 63 39 63
99 65 55 120
99 73 22 14
99 79 59 118
99 85 49 97
99 90 31 58
99 95 27 152
99 99 41 111
100 34 59 90
100 36 51 28
100 5 4 47
100 71 39 8
100 42 15 147
100 12 21 112
100 51 37 106
100 89 27 91
100 90 47 154
100 60 43 133
101 36 21 25
101 100 34 32
101 39 31 154
101 74 39 42
101 49 49 74
101 84 37 76
101 88 3 70
101 58 27 27
101 92 13 145
101 61 52 127
102 5 37 143
102 31 25 101
102 39 28 57
102 40 59 104
102 51 17 26
102 60 40 133
102 62 4 19
102 65 34 131
102 71 43 8
102 74 9 42
102 77 51 88
102 81 19 51
102 84 49 76
102 85 7 97
102 95 57 152
103 70 34 63
103 7 9 120
103 103 22 43
103 9 45 123
103 10 15 50
103 15 51 21
103 80 39 116
103 17 28 151
103 49 25 74
103 20 58 69
103 55 3 157
103 26 55 100
103 62 31 19
103 31 19 101
104 6 13 157
104 10 25 50
104 18 55 26
104 40 7 15
104 41 4 144
104 53 21 86
104 61 1 127
104 65 16 131
104 75 31 35
104 79 19 1
104 90 51 154
104 94 33 82
104 100 58 32
104 101 29 152
104 102 37 91
105 2 27 11
105 36 33 25
105 37 43 141
105 71 55 8
105 41 58 144
105 74 3 130
105 12 15 112
105 47 1 106
105 80 45 116
105 82 49 142
105 57 7 24
105 92 21 145
105 62 40 19
106 69 34 148
106 6 53 25
106 104 59 121
106 105 13 22
106 12 3 112
106 48 19 125
106 82 40 23
106 84 55 122
106 21 43 158
106 22 57 89
106 93 7 89
106 87 11 74
106 29 49 117
107 65 22 131
107 99 59 48
107 69 28 30
107 102 31 37
107 11 49 80
107 12 9 112
107 45 55 114
107 78 37 95
107 48 53 125
107 82 19 142
107 50 15 122
107 90 43 154
107 29 25 22
107 62 46 19
108 89 19 121
108 66 57 15
108 34 17 68
108 100 49 83
108 8 15 64
108 77 43 72
108 108 1 138
108 47 47 147
108 17 31 101
108 81 29 126
108 84 23 122
108 20 52 69
108 88 9 49
108 28 55 13
108 30 37 129
109 11 1 100
109 25 7 82
109 26 4 100
109 29 49 56
109 31 25 24
109 32 9 85
109 40 47 104
109 44 28 32
109 49 16 110
109 55 21 157
109 60 37 133
109 61 34 127
109 66 51 15
109 71 59 8
109 81 55 98
109 90 57 154
109 98 31 109
109 99 45 111
110 97 1 86
110 2 3 11
110 41 52 144
110 105 10 79
110 11 19 100
110 13 13 28
110 28 31 13
110 51 7 112
110 52 49 156
110 19 55 131
110 84 27 122
110 57 16 24
110 58 39 77
110 27 57 67
110 92 33 38
111 97 43 86
111 99 35 111
111 36 21 149
111 100 25 32
111 4 37 84
111 6 29 157
111 108 9 138
111 77 15 125
111 44 55 32
111 47 13 5
111 81 33 126
111 20 40 69
111 21 52 158
111 85 11 147
111 52 58 156
111 93 45 89
112 97 19 86
112 36 27 28
112 90 35 154
112 37 25 141
112 74 51 36
112 44 37 32
112 77 45 88
112 108 31 138
112 49 22 74
112 52 1 156
112 87 11 130
112 88 15 70
112 25 43 82
112 26 40 73
112 29 57 117
113 35 10 102
113 100 46 32
113 101 49 72
113 102 37 37
113 68 15 55
113 10 31 153
113 76 1 105
113 47 5 106
113 81 35 126
113 20 43 69
113 21 58 158
113 55 51 93
113 94 27 82
113 30 40 129
114 8 57 64
114 25 55 78
114 30 7 129
114 37 33 141
114 38 13 47
114 39 28 154
114 40 45 104
114 51 43 112
114 65 25 131
114 71 5 8
114 85 31 97
114 92 39 145
114 95 35 152
114 101 37 152
114 105 49 79
115 1 16 40
115 2 33 11
115 8 47 137
115 13 59 92
115 20 19 59
115 46 9 71
115 52 22 156
115 59 13 146
115 69 52 30
115 81 55 126
115 86 31 140
115 93 27 77
115 94 3 82
115 98 49 109
115 99 57 111
115 101 39 152
115 108 45 138
116 96 25 16
116 42 33 107
116 31 49 101
116 108 5 138
116 16 57 49
116 49 52 110
116 50 7 146
116 84 29 122
116 24 37 98
116 92 21 132
116 95 41 152
117 96 58 16
117 5 40 143
117 38 16 47
117 103 37 43
117 39 34 57
117 6 49 157
117 43 10 151
117 75 1 72
117 108 47 138
117 48 29 125
117 52 4 110
117 95 45 152
118 96 16 16
118 34 35 68
118 99 43 111
118 102 59 122
118 8 53 137
118 73 55 14
118 75 1 56
118 12 25 112
118 50 3 146
118 86 37 140
118 90 45 154
118 91 9 8
118 60 22 133
118 93 49 89
118 95 47 152
119 97 49 86
119 65 4 131
119 35 28 92
119 4 1 84
119 68 9 55
119 6 7 124
119 76 39 105
119 77 31 125
119 47 19 147
119 81 53 126
119 83 55 142
119 21 46 158
119 87 57 136
119 88 21 70
119 91 15 8
119 28 51 13
119 30 43 129
120 5 10 143
120 9 29 123
120 10 15 116
120 17 19 140
120 20 7 59
120 28 37 13
120 30 1 94
120 38 34 60
120 42 39 107
120 52 4 159
120 70 22 135
120 71 27 8
120 74 43 42
120 81 13 51
120 83 53 142
120 96 55 16
120 99 59 111
121 4 13 84
121 6 35 157
121 8 49 137
121 20 1 59
121 21 28 158
121 43 7 151
121 44 10 32
121 47 41 147
121 52 19 159
121 63 53 63
121 69 43 148
121 70 37 20
121 78 51 95
121 100 55 83
121 102 33 122
122 97 55 86
122 100 10 7
122 101 27 39
122 70 19 20
122 71 13 8
122 40 33 104
122 39 37 154
122 75 3 99
122 44 40 32
122 82 22 142
122 86 43 140
122 55 45 36
122 88 57 70
122 58 49 77
122 94 15 82
123 32 3 31
123 66 15 15
123 4 22 84
123 36 31 28
123 38 37 138
123 9 53 123
123 74 27 130
123 11 40 100
123 43 19 151
123 10 43 153
123 18 55 155
123 84 35 122
123 22 59 89
123 28 47 13
123 93 9 159
123 62 49 19
124 3 9 2
124 4 19 84
124 23 33 73
124 25 23 82
124 29 53 117
124 40 55 6
124 60 4 133
124 61 43 127
124 65 46 131
124 71 41 8
124 78 57 95
124 81 59 126
124 84 39 122
124 101 51 152
124 102 27 3
124 105 1 109
124 108 49 138
125 5 13 89
125 9 11 123
125 13 9 92
125 19 19 97
125 23 21 73
125 28 29 13
125 44 31 32
125 48 35 125
125 49 40 110
125 59 16 146
125 63 43 63
125 71 47 8
125 73 37 14
125 75 45 35
125 78 55 95
125 79 59 1
125 82 1 23
125 83 7 115
125 86 51 140
125 106 53 81
126 3 27 2
126 8 7 50
126 27 21 75
126 107 9 148
126 28 43 13
126 16 39 49
126 23 45 73
126 59 52 146
126 92 57 145
126 30 49 129
126 63 55 63
127 6 55 157
127 10 9 116
127 21 19 158
127 24 28 12
127 28 35 13
127 47 31 147
127 49 25 110
127 61 37 127
127 71 33 8
127 73 40 14
127 74 45 130
127 78 59 95
127 84 43 122
127 86 53 140
127 101 1 39
127 108 3 138
128 11 28 100
128 14 19 155
128 18 10 26
128 31 37 101
128 43 58 151
128 51 41 112
128 56 25 109
128 63 15 63
128 65 31 72
128 71 51 8
128 86 47 140
128 89 1 22
128 102 17 3
128 105 7 44
128 106 49 81
128 108 53 138
129 4 4 55
129 5 28 143
129 9 25 123
129 11 43 80
129 15 7 21
129 19 57 131
129 20 16 69
129 25 19 82
129 35 46 150
129 48 59 125
129 50 33 146
129 81 51 126
129 87 53 136
129 90 55 154
129 98 22 109
129 103 40 43
129 105 37 44
130 96 4 16
130 34 25 68
130 4 28 84
130 5 52 143
130 38 40 47
130 35 43 150
130 70 13 20
130 99 55 111
130 77 21 125
130 49 34 74
130 30 31 129
130 25 1 78
130 94 57 82
131 3 13 2
131 5 22 143
131 6 29 56
131 10 3 153
131 11 10 100
131 18 7 155
131 30 31 94
131 31 40 101
131 34 43 90
131 44 37 144
131 51 19 106
131 58 45 77
131 71 35 8
131 79 53 1
131 85 59 97
131 86 57 140
131 87 25 130
132 6 31 157
132 39 4 134
132 10 19 50
132 42 33 147
132 15 13 21
132 49 28 110
132 51 55 112
132 84 37 122
132 85 41 22
132 22 11 89
132 20 25 69
132 56 43 109
132 24 49 98
132 90 59 154
132 30 52 129
132 63 57 63
133 70 7 56
133 72 15 60
133 16 21 49
133 81 1 51
133 19 13 97
133 53 33 86
133 55 25 93
133 23 3 83
133 88 45 70
133 85 59 147
133 92 37 119
133 61 55 127
134 25 13 82
134 26 16 100
134 30 22 129
134 32 27 85
134 34 31 90
134 38 19 138
134 47 7 5
134 48 55 125
134 69 40 148
134 73 43 14
134 74 9 52
134 77 49 135
134 95 59 152
134 98 46 109
134 102 53 122
134 106 57 81
135 104 25 1
135 72 9 60
135 10 13 153
135 107 3 148
135 12 45 112
135 46 33 71
135 78 53 95
135 15 21 21
135 54 55 37
135 57 49 105
135 29 37 22
136 65 13 131
136 33 21 28
136 70 25 117
136 71 19 8
136 38 40 60
136 9 49 123
136 105 52 44
136 43 55 151
136 77 7 135
136 46 45 71
136 17 4 140
136 18 58 155
136 82 28 142
136 24 1 12
137 4 4 84
137 9 13 123
137 11 31 100
137 25 25 82
137 32 19 31
137 35 34 150
137 41 28 144
137 47 43 147
137 54 15 37
137 69 1 17
137 70 40 135
137 71 45 8
137 72 49 60
137 97 9 40
137 99 47 111
137 102 7 25
137 106 59 81
137 108 55 138
138 97 37 86
138 98 34 109
138 69 13 148
138 6 17 56
138 39 19 154
138 38 28 138
138 71 31 8
138 11 25 100
138 44 10 144
138 17 22 118
138 20 55 69
138 89 49 29
138 26 58 100
138 28 53 13
138 94 39 82
139 4 10 84
139 69 7 17
139 68 21 55
139 5 25 143
139 41 46 144
139 106 29 81
139 77 3 135
139 78 35 95
139 17 40 151
139 82 31 142
139 19 37 5
139 83 43 142
139 88 49 70
139 90 53 154
139 61 58 127
139 31 55 101
140 32 21 85
140 33 15 28
140 2 9 86
140 3 3 2
140 37 7 91
140 70 25 20
140 7 55 38
140 73 28 14
140 75 31 99
140 12 33 112
140 15 39 21
140 79 43 118
140 81 13 126
140 84 45 122
140 60 52 133
140 63 59 63
141 98 13 109
141 35 16 150
141 103 19 43
141 10 25 153
141 44 49 32
141 77 9 51
141 74 39 52
141 48 45 125
141 17 52 118
141 19 59 131
141 52 22 159
141 89 3 151
141 93 33 159
141 30 55 129
142 65 28 51
142 36 9 25
142 5 31 143
142 1 25 43
142 72 19 60
142 40 35 104
142 77 43 135
142 78 49 95
142 14 1 155
142 48 47 125
142 52 37 159
142 22 15 29
142 24 58 98
142 62 52 19
143 104 13 1
143 11 7 80
143 13 5 61
143 78 43 95
143 15 27 21
143 77 15 135
143 18 10 155
143 51 55 106
143 50 39 146
143 23 21 83
143 88 33 70
143 57 52 105
143 26 49 100
143 28 57 13
143 93 45 159
144 37 25 7
144 5 7 143
144 7 3 120
144 105 10 30
144 10 19 153
144 108 23 138
144 76 15 105
144 92 27 145
144 81 31 126
144 82 34 142
144 83 37 142
144 84 47 122
144 53 39 86
144 24 43 98
144 25 55 82
144 93 57 159
144 94 51 82
145 1 1 43
145 5 16 143
145 6 25 157
145 7 19 53
145 8 23 137
145 17 13 151
145 20 28 69
145 22 37 89
145 25 31 82
145 40 49 15
145 65 43 131
145 77 33 135
145 88 39 70
145 95 53 152
145 96 46 16
145 99 51 111
145 100 58 83
145 105 55 30
146 1 58 43
146 5 13 143
146 8 11 137
146 28 19 13
146 29 37 117
146 39 55 57
146 52 1 159
146 61 31 127
146 66 43 15
146 72 25 60
146 79 47 118
146 90 49 154
146 97 51 86
146 99 53 111
146 103 34 43
146 105 4 30
147 97 7 86
147 1 13 43
147 66 1 15
147 101 43 49
147 6 19 145
147 41 16 144
147 45 39 114
147 15 45 21
147 48 49 125
147 16 51 49
147 49 55 110
147 23 27 83
147 62 58 19
148 8 7 137
148 9 19 123
148 22 13 29
148 23 9 83
148 25 37 82
148 32 15 85
148 37 5 14
148 41 1 144
148 50 21 146
148 52 28 159
148 58 33 77
148 59 43 146
148 67 49 147
148 68 39 55
148 69 46 148
148 73 52 14
148 79 31 118
148 83 59 142
149 32 3 85
149 97 1 40
149 4 16 84
149 8 51 137
149 43 25 151
149 81 43 126
149 54 19 37
149 22 53 89
149 24 13 12
149 89 7 29
149 59 55 146
149 86 59 140
150 97 49 43
150 67 4 147
150 65 7 131
150 100 16 83
150 71 37 8
150 73 1 14
150 74 19 34
150 11 46 100
150 106 43 81
150 17 28 101
150 18 10 20
150 89 39 29
150 30 58 129
151 8 19 137
151 11 31 80
151 20 10 69
151 24 13 98
151 31 16 101
151 38 1 133
151 41 34 144
151 42 25 107
151 48 37 125
151 49 7 74
151 64 39 149
151 71 29 8
151 72 45 60
151 84 49 122
151 95 55 152
151 102 23 3
151 107 51 148
151 108 57 138
152 97 25 86
152 99 31 111
152 6 35 124
152 74 55 42
152 107 21 148
152 77 27 135
152 18 37 155
152 20 49 69
152 52 40 159
152 54 45 37
152 24 7 12
152 57 52 31
152 28 59 13
153 2 3 86
153 103 10 43
153 104 25 121
153 71 23 8
153 76 27 105
153 78 31 95
153 81 17 98
153 82 40 142
153 17 43 151
153 86 49 140
153 54 33 37
153 60 46 133
153 62 55 19
153 31 58 101
154 4 31 84
154 8 13 137
154 15 1 21
154 17 16 118
154 19 19 131
154 36 9 149
154 43 22 151
154 48 25 125
154 51 7 106
154 54 27 37
154 60 34 133
154 62 37 19
154 65 40 131
154 68 43 55
154 83 47 142
154 99 49 111
154 100 52 83
154 102 55 54
154 104 57 121
154 108 59 138
155 35 7 150
155 6 3 124
155 102 19 122
155 71 25 8
155 41 31 144
155 74 15 149
155 106 5 81
155 76 21 105
155 13 43 92
155 80 27 149
155 18 49 155
155 85 55 147
155 54 39 37
155 23 45 83
155 56 52 109
155 58 57 77
156 1 7 43
156 65 25 120
156 97 13 40
156 100 1 32
156 5 19 143
156 8 55 50
156 44 22 144
156 60 58 133
156 49 34 110
156 51 37 112
156 87 5 90
156 23 39 83
156 62 43 19
156 57 46 105
156 28 15 13
Điểm tối ưu: 2179
Thời gian: 100405.8895 ms
Trạng thái: FEASIBLE
