571
1 34 15 39
1 4 43 23
1 5 7 32
1 10 25 29
1 16 59 18
1 17 57 30
1 19 41 35
1 22 47 44
1 26 22 47
1 29 49 24
1 30 34 17
2 2 10 3
2 34 19 39
2 4 7 23
2 6 37 1
2 12 28 38
2 13 40 20
2 15 13 8
2 20 3 46
2 24 33 19
2 26 43 47
3 32 7 26
3 33 1 42
3 7 41 16
3 10 46 29
3 11 31 9
3 13 19 20
3 14 13 37
3 16 27 2
3 17 11 30
3 27 4 28
3 31 58 38
4 32 39 7
4 4 16 2
4 12 31 14
4 14 25 37
4 16 21 2
4 19 9 35
4 20 47 46
4 21 43 41
4 24 57 19
4 26 49 47
4 30 28 17
4 31 34 38
5 32 31 26
5 33 10 42
5 35 37 34
5 5 1 32
5 7 13 16
5 10 28 29
5 17 43 30
5 18 55 24
5 20 23 46
5 24 19 19
5 27 16 17
5 30 4 8
6 32 33 7
6 33 52 42
6 11 4 9
6 12 49 14
6 13 1 20
6 15 16 8
6 16 19 18
6 19 39 35
6 20 45 46
6 21 27 41
6 22 57 44
6 25 21 25
7 2 43 3
7 10 55 29
7 11 13 9
7 12 16 43
7 14 40 37
7 17 37 30
7 18 33 24
7 20 7 46
7 22 25 44
7 25 9 25
7 27 1 28
7 30 46 17
7 31 49 38
8 1 1 18
8 34 9 39
8 5 37 32
8 6 40 1
8 10 13 29
8 12 19 14
8 13 22 20
8 16 45 2
8 17 53 30
8 20 35 46
8 22 51 44
8 26 55 47
8 31 16 38
9 32 57 26
9 3 37 2
9 35 3 34
9 5 43 32
9 12 25 14
9 13 49 20
9 20 21 46
9 21 7 41
9 24 45 19
9 26 52 47
9 31 13 38
10 32 21 7
10 33 28 42
10 3 41 2
10 5 35 32
10 10 49 29
10 12 13 43
10 14 55 37
10 15 10 8
10 16 39 18
10 17 1 30
10 19 47 35
10 22 53 44
10 31 7 38
11 4 40 23
11 5 17 32
11 6 28 1
11 7 47 16
11 10 19 29
11 16 23 18
11 17 5 30
11 19 3 35
11 22 15 44
11 30 25 8
11 31 43 38
12 34 55 39
12 3 43 2
12 4 28 23
12 5 41 32
12 6 13 1
12 10 7 29
12 15 1 8
12 17 33 30
12 19 5 35
12 21 21 41
12 22 17 44
12 26 46 47
12 31 37 38
13 32 25 26
13 1 7 18
13 2 52 3
13 6 16 1
13 7 59 16
13 13 46 20
13 16 33 18
13 19 37 35
13 20 1 46
13 22 31 44
13 26 4 47
13 27 10 28
14 4 10 23
14 5 15 32
14 6 22 1
14 10 31 29
14 13 37 20
14 19 49 35
14 20 29 46
14 21 55 41
14 30 43 17
14 31 4 38
15 2 37 3
15 3 19 2
15 4 1 23
15 6 7 1
15 7 33 16
15 35 25 34
15 9 43 43
15 5 29 32
15 16 47 18
15 19 15 35
15 22 55 44
15 27 52 28
15 28 21 37
16 32 21 26
16 33 55 42
16 4 52 23
16 5 13 32
16 7 15 16
16 10 43 29
16 11 7 9
16 12 37 43
16 13 4 20
16 19 19 35
16 27 25 28
16 31 1 38
17 1 25 18
17 3 51 2
17 33 4 42
17 5 53 32
17 2 1 3
17 10 10 29
17 11 34 9
17 15 22 8
17 16 31 2
17 17 29 30
17 24 39 19
17 26 13 47
17 29 43 24
18 2 34 3
18 35 57 34
18 6 4 1
18 7 31 16
18 18 9 24
18 19 25 35
18 20 39 46
18 22 7 44
18 30 52 8
18 31 46 38
19 32 39 26
19 2 4 3
19 34 43 39
19 5 51 32
19 9 19 43
19 11 1 9
19 12 10 14
19 18 25 24
19 20 13 46
19 22 23 44
19 25 55 25
19 26 34 47
19 27 7 28
20 32 15 26
20 2 40 3
20 35 31 34
20 5 27 32
20 12 37 14
20 14 58 37
20 22 19 44
21 32 27 7
21 2 16 3
21 34 1 39
21 5 47 32
21 3 7 2
21 7 21 16
21 11 52 9
21 16 57 2
21 19 33 35
21 22 5 44
21 26 10 47
21 30 13 17
22 33 58 42
22 34 25 39
22 3 5 2
22 35 43 34
22 5 9 32
22 12 40 43
22 14 16 37
22 16 51 18
22 17 55 30
22 19 11 35
22 20 19 46
22 22 29 44
22 26 37 47
22 27 22 28
23 33 22 42
23 2 46 3
23 5 3 32
23 11 37 9
23 19 17 35
23 20 33 46
23 25 13 25
23 27 10 17
23 30 43 8
23 31 52 38
24 35 51 34
24 4 58 23
24 5 11 32
24 3 23 2
24 7 45 16
24 10 37 29
24 11 55 9
24 15 19 8
24 17 7 30
24 22 3 44
24 26 28 47
24 27 31 28
24 31 25 38
25 3 33 2
25 4 19 23
25 5 49 32
25 6 10 1
25 7 37 16
25 10 4 29
25 12 16 14
25 14 28 37
25 16 57 18
25 19 35 35
25 20 31 46
25 22 1 44
25 27 13 28
25 32 51 26
25 33 7 42
26 34 51 39
26 3 29 2
26 33 13 42
26 5 5 32
26 6 46 1
26 7 7 16
26 9 9 43
26 13 55 20
26 17 39 30
26 25 1 25
26 27 19 28
26 30 25 17
26 31 58 32
27 2 28 3
27 3 35 2
27 4 25 23
27 35 15 34
27 6 1 1
27 9 49 43
27 12 43 14
27 13 58 20
27 16 31 18
27 19 53 35
27 24 9 19
27 30 22 17
28 3 49 2
28 6 55 1
28 8 9 46
28 11 40 9
28 13 34 20
28 14 46 37
28 16 53 18
28 17 31 30
28 19 23 35
28 21 3 41
28 22 37 44
28 27 16 28
28 31 19 38
29 32 51 7
29 3 47 2
29 5 31 32
29 10 1 29
29 11 10 9
29 12 22 14
29 14 34 37
29 15 40 8
29 19 7 35
29 22 45 44
29 27 55 28
30 33 31 42
30 3 1 2
30 5 25 32
30 7 55 16
30 9 27 43
30 11 22 9
30 12 52 14
30 17 17 30
30 19 57 35
30 21 13 41
30 22 59 44
30 25 39 25
30 26 7 47
30 27 46 28
31 32 55 7
31 3 9 2
31 6 49 1
31 7 19 16
31 13 52 20
31 16 45 18
31 19 21 35
31 20 5 46
31 26 31 47
31 28 1 37
32 35 21 34
32 2 13 3
32 6 31 1
32 8 25 46
32 9 57 43
32 11 16 9
32 13 7 20
32 20 43 46
32 25 51 25
32 26 1 47
32 27 34 28
32 29 39 24
33 1 10 18
33 4 55 23
33 6 58 1
33 7 49 16
33 8 15 46
33 11 19 9
33 12 34 14
33 15 7 8
33 17 41 30
33 20 51 46
33 22 27 44
33 27 43 28
33 30 1 17
34 33 16 42
34 2 55 3
34 4 49 23
34 6 34 1
34 10 58 29
34 11 43 9
34 14 31 37
34 16 25 2
34 17 47 30
34 21 39 41
34 27 19 17
35 1 28 18
35 34 37 39
35 4 16 23
35 6 25 1
35 7 11 16
35 12 46 14
35 16 49 18
35 17 13 30
35 19 59 35
35 20 57 46
35 24 51 19
35 30 31 17
36 6 43 1
36 7 5 16
36 12 1 14
36 15 49 8
36 20 55 46
36 21 33 41
36 25 27 25
36 30 37 17
36 31 40 38
37 32 1 26
37 33 34 42
37 3 11 2
37 5 23 32
37 10 40 29
37 12 58 14
37 13 25 20
37 15 31 8
37 17 9 30
37 19 45 35
37 22 21 44
37 24 15 19
37 27 49 28
37 31 55 32
38 1 16 18
38 2 22 3
38 3 59 2
38 4 13 23
38 6 19 1
38 7 57 16
38 13 28 20
38 14 43 37
38 16 35 18
38 19 51 35
38 30 40 17
38 31 31 38
39 32 3 7
39 1 13 18
39 33 43 42
39 4 31 23
39 5 39 32
39 3 55 2
39 2 49 3
39 10 52 29
39 12 28 14
39 13 16 20
39 14 10 37
39 15 58 8
39 20 37 46
39 26 25 47
40 33 37 42
40 2 58 3
40 4 34 23
40 3 3 2
40 11 49 9
40 15 55 8
40 16 21 18
40 19 13 35
40 24 27 19
40 25 45 25
40 26 40 47
40 27 7 17
41 32 45 26
41 1 4 18
41 33 25 42
41 4 37 23
41 6 52 1
41 7 43 16
41 9 33 43
41 12 7 14
41 13 10 20
41 18 13 24
41 19 1 35
41 20 41 46
41 22 49 44
41 27 28 28
41 29 19 24
42 32 9 7
42 33 40 42
42 3 53 2
42 5 21 32
42 12 4 14
42 13 43 20
42 17 19 30
42 19 31 35
42 20 49 46
42 27 58 28
42 30 28 8
43 4 46 23
43 9 3 43
43 11 58 9
43 13 13 20
43 17 35 30
43 19 27 35
43 22 43 44
43 25 31 25
43 26 19 47
43 30 49 17
43 31 55 38
44 3 39 2
44 4 22 23
44 5 19 32
44 7 29 16
44 10 34 29
44 11 25 9
44 12 13 14
44 16 37 18
44 19 43 35
44 20 59 46
44 22 41 44
44 28 51 37
44 30 4 17
44 33 46 42
45 32 15 7
45 33 19 42
45 2 7 3
45 34 33 39
45 4 4 23
45 10 22 29
45 12 40 14
45 15 46 8
45 16 43 18
45 17 49 30
45 19 55 35
45 26 58 47
45 27 37 28
45 30 52 17
46 32 45 7
46 33 49 42
46 2 25 3
46 5 33 32
46 11 28 9
46 12 22 38
46 14 7 37
46 15 37 8
46 16 41 18
46 17 59 30
46 20 53 46
46 24 3 19
46 26 16 47
46 30 55 17
46 31 10 38
47 35 7 34
47 4 13 2
47 10 16 29
47 11 46 9
47 13 31 20
47 14 37 37
47 15 34 8
47 16 55 18
47 18 1 24
47 19 29 35
47 21 51 41
47 27 40 28
47 30 58 17
Điểm tối ưu: 571
Thời gian: 127944.1721 ms
Trạng thái: FEASIBLE
