2340
1 37 1 15
1 39 51 6
1 43 13 2
1 46 10 33
1 54 31 71
1 56 57 60
1 63 40 8
1 65 16 10
1 72 19 72
1 75 55 69
1 97 21 12
1 104 43 63
1 108 37 33
1 118 7 75
1 121 49 63
2 17 19 47
2 34 49 50
2 43 34 2
2 45 21 37
2 48 45 26
2 49 7 85
2 62 25 61
2 69 59 52
2 74 37 29
2 84 31 42
2 96 43 29
2 97 27 12
2 106 52 60
2 108 40 33
2 117 9 28
2 121 55 63
3 34 57 50
3 70 19 43
3 8 35 51
3 41 21 44
3 105 1 53
3 12 27 51
3 13 37 17
3 46 31 33
3 47 45 29
3 113 55 15
3 51 39 52
3 53 4 75
3 119 9 63
3 59 49 88
3 94 15 28
4 97 23 12
4 2 25 47
4 99 57 3
4 73 55 30
4 43 37 2
4 45 33 37
4 49 1 90
4 115 43 66
4 85 49 38
4 53 10 75
4 84 40 42
4 63 46 8
5 1 37 50
5 4 31 20
5 11 25 35
5 34 41 50
5 49 13 85
5 54 55 71
5 85 46 38
5 96 57 29
5 98 52 41
5 108 43 33
5 111 5 110
5 112 49 59
5 114 9 1
5 120 1 25
6 43 55 2
6 108 34 33
6 13 43 17
6 46 49 33
6 45 3 43
6 12 37 51
6 21 59 51
6 54 1 76
6 119 21 63
6 57 13 75
6 29 16 45
6 63 52 8
7 32 11 115
7 36 58 47
7 106 49 60
7 45 15 37
7 109 1 79
7 13 55 17
7 81 28 10
7 18 3 36
7 85 52 38
7 87 9 115
7 24 19 45
7 25 21 20
7 30 33 58
7 31 37 43
8 98 22 41
8 35 10 55
8 90 15 17
8 71 25 18
8 105 28 20
8 11 52 35
8 44 33 63
8 77 39 58
8 75 31 85
8 13 49 17
8 119 45 63
8 26 7 79
8 95 3 3
8 63 55 8
9 5 19 40
9 11 46 35
9 22 37 32
9 29 28 45
9 36 49 47
9 43 40 2
9 46 52 33
9 49 7 90
9 53 16 75
9 56 55 60
9 67 1 89
9 68 58 42
9 72 31 72
9 112 4 65
9 113 13 90
10 1 51 50
10 100 3 46
10 8 41 51
10 41 45 44
10 12 55 51
10 81 10 10
10 115 7 110
10 118 19 75
10 23 43 86
10 56 59 60
10 25 15 20
10 91 22 75
10 94 27 28
11 3 25 75
11 17 7 54
11 18 15 33
11 21 13 55
11 36 31 47
11 39 39 6
11 50 43 32
11 58 58 15
11 64 51 25
11 65 1 65
11 82 4 25
11 87 21 115
11 88 9 27
11 115 19 110
12 8 47 51
12 18 27 33
12 22 37 53
12 26 13 79
12 29 40 45
12 36 19 61
12 40 43 57
12 43 58 2
12 44 51 63
12 82 7 25
12 88 3 27
12 97 33 12
12 108 55 33
12 114 15 1
12 115 25 110
12 120 10 25
13 98 34 41
13 3 13 115
13 102 22 22
13 45 39 71
13 13 1 67
13 110 46 32
13 80 43 41
13 51 51 52
13 85 55 38
13 118 28 75
13 28 15 46
13 63 58 8
14 18 21 33
14 20 19 73
14 21 1 64
14 28 9 46
14 29 25 45
14 31 28 43
14 34 59 50
14 43 16 2
14 55 39 37
14 63 49 8
14 64 13 25
14 77 45 58
14 87 33 115
14 104 3 76
14 110 52 32
14 121 57 63
15 97 35 12
15 99 47 3
15 100 25 46
15 68 43 42
15 35 4 55
15 72 29 72
15 78 51 122
15 47 9 35
15 17 31 54
15 51 55 52
15 24 37 45
15 121 59 63
15 90 21 17
15 60 1 23
15 25 39 20
16 24 31 45
16 32 15 115
16 38 55 9
16 41 9 44
16 51 45 52
16 78 1 83
16 87 51 115
16 93 34 20
16 98 58 41
16 101 37 30
16 102 28 22
16 104 5 76
16 113 25 90
16 120 19 25
16 122 41 55
17 65 13 65
17 71 19 18
17 108 46 33
17 12 51 51
17 110 55 32
17 120 16 25
17 113 31 90
17 84 34 42
17 117 21 28
17 85 58 38
17 20 25 73
17 56 7 67
17 90 27 17
17 28 39 46
17 29 43 45
17 63 1 48
18 1 15 50
18 65 31 10
18 36 46 47
18 4 4 22
18 105 55 53
18 14 1 34
18 48 51 26
18 82 58 98
18 19 21 45
18 53 34 75
18 86 37 11
18 56 13 67
18 24 49 45
18 91 10 76
18 93 43 20
18 95 27 3
18 31 40 43
19 33 51 2
19 67 31 65
19 36 55 47
19 103 19 59
19 8 5 80
19 73 49 54
19 9 33 39
19 76 46 20
19 45 9 43
19 77 1 61
19 13 7 78
19 117 39 28
19 24 13 77
19 57 43 75
19 27 27 41
19 31 58 43
20 64 25 25
20 96 49 29
20 36 34 47
20 101 3 30
20 105 10 53
20 108 58 33
20 111 31 110
20 114 21 1
20 115 37 110
20 18 39 36
20 85 55 39
20 88 15 27
20 59 7 89
20 28 45 46
20 61 27 65
20 94 51 28
21 32 23 115
21 121 41 63
21 8 49 51
21 12 3 71
21 44 27 63
21 110 58 32
21 46 16 90
21 80 19 90
21 18 9 36
21 20 43 73
21 118 46 75
21 86 55 11
21 54 13 76
21 94 33 28
21 87 39 115
21 30 51 58
22 66 28 53
22 71 13 18
22 73 19 54
22 106 40 60
22 105 1 57
22 108 4 57
22 78 31 83
22 112 34 65
22 80 37 90
22 114 45 1
22 84 49 42
22 54 21 76
22 56 25 67
22 29 52 45
22 30 57 58
23 5 40 40
23 23 23 49
23 24 47 45
23 33 27 2
23 62 5 61
23 66 52 53
23 73 13 54
23 75 43 85
23 78 25 83
23 82 31 25
23 97 57 12
23 100 19 67
23 108 7 57
23 112 37 65
23 113 55 90
23 118 49 75
24 34 1 78
24 1 7 65
24 68 55 42
24 8 11 80
24 45 15 71
24 28 51 46
24 48 27 71
24 80 22 90
24 115 43 110
24 89 3 11
24 90 33 17
24 27 39 41
24 60 58 39
24 62 31 61
25 65 16 65
25 33 45 2
25 38 1 94
25 103 37 59
25 104 7 76
25 110 10 57
25 78 43 83
25 48 51 71
25 81 25 10
25 21 13 64
25 55 57 37
25 88 21 27
25 120 28 25
25 30 31 67
26 32 29 115
26 96 59 29
26 66 31 53
26 3 53 115
26 71 35 18
26 104 15 76
26 27 3 41
26 12 19 71
26 29 55 45
26 18 45 36
26 54 23 76
26 90 39 17
26 91 25 76
26 93 49 20
26 31 7 74
27 96 55 29
27 32 19 115
27 99 7 3
27 103 10 59
27 39 21 43
27 109 25 79
27 47 15 35
27 114 27 1
27 19 33 45
27 20 49 73
27 85 1 69
27 55 45 37
27 62 37 61
27 28 57 46
27 93 52 20
27 94 39 67
28 4 46 48
28 17 1 54
28 24 7 77
28 40 13 57
28 43 4 23
28 49 49 90
28 54 17 76
28 56 37 67
28 69 19 76
28 74 52 29
28 75 25 85
28 76 43 72
28 88 27 27
28 90 57 17
28 101 21 30
28 102 31 22
28 111 55 110
28 119 39 76
29 17 37 54
29 41 15 44
29 54 29 76
29 57 31 75
29 65 7 83
29 72 57 72
29 82 34 25
29 85 4 69
29 86 25 68
29 97 59 12
29 101 43 30
29 103 40 59
29 105 49 72
29 108 19 57
29 121 1 111
29 122 47 55
30 4 43 48
30 24 19 77
30 33 3 18
30 61 21 65
30 62 33 61
30 70 25 43
30 73 1 138
30 76 46 72
30 77 9 61
30 82 37 25
30 83 27 11
30 84 52 42
30 85 13 69
30 104 31 76
30 112 40 65
30 115 49 110
30 117 55 28
30 122 59 55
31 32 7 115
31 33 21 2
31 67 13 89
31 99 25 3
31 5 16 13
31 70 31 43
31 35 37 55
31 6 27 36
31 45 33 71
31 78 47 122
31 47 51 55
31 112 43 65
31 113 1 102
31 18 57 36
31 19 9 69
31 120 40 25
31 59 19 89
31 28 3 49
32 23 7 80
32 26 19 79
32 28 21 46
32 31 10 74
32 35 31 55
32 41 57 44
32 42 1 82
32 56 35 67
32 57 40 75
32 59 25 89
32 60 4 94
32 71 53 18
32 79 43 18
32 81 37 10
32 91 46 76
32 95 15 3
32 104 51 76
32 108 28 57
33 8 27 80
33 28 33 46
33 31 1 86
33 40 41 57
33 50 4 48
33 62 43 61
33 64 47 25
33 65 16 83
33 66 58 53
33 87 45 115
33 96 13 106
33 102 37 22
33 103 52 59
33 121 7 111
34 12 9 71
34 13 23 67
34 17 29 47
34 20 27 67
34 21 7 95
34 24 25 77
34 33 31 18
34 62 35 61
34 64 57 91
34 68 37 42
34 71 41 18
34 73 55 54
34 75 49 85
34 76 19 83
34 78 59 83
34 81 43 10
34 85 16 69
34 112 46 65
34 118 52 75
34 121 13 111
34 122 1 97
35 4 10 22
35 103 22 59
35 104 43 76
35 9 39 39
35 106 1 80
35 75 55 85
35 77 15 61
35 13 13 78
35 111 7 113
35 81 46 10
35 18 51 36
35 118 58 75
35 88 33 27
35 94 27 69
35 31 4 86
36 64 49 25
36 33 15 18
36 66 34 53
36 2 27 90
36 34 19 93
36 3 37 115
36 41 51 44
36 43 58 23
36 11 55 35
36 48 21 74
36 113 7 102
36 55 9 48
36 94 39 69
36 26 31 79
36 62 45 61
37 34 55 121
37 3 31 115
37 35 25 55
37 102 40 22
37 36 22 61
37 72 59 72
37 11 37 35
37 113 13 102
37 114 33 1
37 84 46 42
37 22 43 53
37 87 57 115
37 89 15 66
37 91 7 86
37 61 51 65
37 25 3 83
38 66 19 53
38 104 37 76
38 73 43 54
38 11 58 35
38 120 22 25
38 77 27 61
38 50 34 48
38 51 51 90
38 20 55 73
38 114 39 1
38 62 49 61
38 57 1 87
38 58 13 73
38 59 31 89
38 28 9 49
38 30 45 69
39 97 5 12
39 4 19 48
39 104 7 97
39 59 37 89
39 74 22 29
39 106 16 80
39 45 57 71
39 49 53 102
39 50 49 48
39 83 9 11
39 20 1 84
39 119 33 76
39 88 39 27
39 89 43 11
39 91 13 86
39 28 27 49
40 2 3 39
40 26 37 79
40 68 28 42
40 4 13 48
40 35 55 55
40 8 39 80
40 43 19 23
40 42 7 82
40 109 1 81
40 50 25 48
40 83 33 11
40 89 9 66
40 90 45 17
40 91 16 86
40 29 58 45
40 62 51 61
41 105 22 57
41 76 10 83
41 109 43 79
41 114 1 1
41 83 15 11
41 115 5 113
41 53 37 75
41 86 40 11
41 85 7 87
41 117 45 28
41 90 51 17
41 27 27 83
41 61 57 65
41 94 33 83
41 31 19 86
42 3 27 115
42 4 22 48
42 13 29 67
42 17 25 54
42 30 31 69
42 32 35 115
42 44 37 63
42 53 13 82
42 56 43 67
42 65 1 113
42 66 49 53
42 68 4 87
42 72 55 72
42 78 7 122
42 87 41 115
42 90 9 73
42 98 46 41
42 106 52 80
42 108 58 57
42 121 19 111
43 6 21 11
43 21 49 55
43 23 11 86
43 31 25 86
43 43 13 23
43 58 16 73
43 60 7 94
43 62 53 61
43 70 43 43
43 76 40 83
43 81 34 10
43 84 1 85
43 96 19 106
43 97 51 12
43 98 55 41
43 100 45 67
43 103 58 59
43 121 37 111
44 98 31 41
44 36 1 66
44 39 51 43
44 27 15 41
44 59 43 89
44 13 19 78
44 31 22 86
44 112 34 66
44 82 55 98
44 115 9 113
44 84 4 85
44 86 58 11
44 25 45 83
44 91 28 86
44 57 25 87
44 95 39 3
45 64 53 25
45 97 7 12
45 65 22 83
45 36 40 61
45 37 15 55
45 4 28 48
45 104 13 97
45 45 45 71
45 13 25 78
45 79 58 102
45 112 37 66
45 19 9 82
45 56 51 67
45 28 33 49
45 93 55 20
45 95 3 54
46 2 3 47
46 99 9 3
46 4 31 48
46 101 15 30
46 105 25 57
46 43 40 23
46 44 21 66
46 109 55 79
46 78 1 122
46 15 7 34
46 11 43 35
46 111 11 113
46 20 49 84
46 86 28 68
46 87 47 115
46 88 57 27
46 30 51 69
46 31 34 86
47 4 16 22
47 15 3 34
47 23 1 95
47 24 37 77
47 30 21 69
47 34 45 93
47 51 33 90
47 53 55 75
47 56 49 67
47 60 13 94
47 68 10 87
47 70 27 91
47 97 39 12
47 101 51 30
47 106 58 80
47 109 7 81
48 35 28 55
48 90 3 73
48 5 7 23
48 103 46 59
48 9 13 39
48 75 37 85
48 111 17 113
48 79 31 73
48 17 25 84
48 47 21 98
48 84 58 128
48 86 43 68
48 54 53 76
48 24 49 77
48 58 40 73
48 91 55 86
49 66 13 53
49 103 55 59
49 40 45 57
49 42 19 82
49 44 33 68
49 110 49 57
49 19 3 82
49 53 16 82
49 56 53 67
49 89 27 66
49 27 21 87
49 28 39 49
49 93 58 20
49 95 9 54
50 17 7 84
50 22 4 53
50 24 31 77
50 34 13 84
50 35 43 55
50 37 9 68
50 46 40 90
50 47 15 98
50 48 33 74
50 49 25 102
50 58 37 78
50 64 55 25
50 76 49 83
50 90 27 73
50 103 46 78
50 106 22 80
50 109 19 81
50 110 52 57
50 120 58 25
51 67 7 100
51 4 16 48
51 37 21 68
51 101 27 30
51 105 31 57
51 74 34 29
51 108 37 57
51 50 40 48
51 83 3 16
51 119 55 76
51 21 13 95
51 23 59 95
51 24 43 77
51 90 51 73
51 59 49 89
51 28 45 49
52 1 9 67
52 5 22 13
52 6 27 38
52 13 31 78
52 21 19 95
52 22 46 53
52 23 25 95
52 26 49 79
52 32 7 137
52 46 43 90
52 55 15 54
52 69 55 93
52 83 51 11
52 96 37 106
52 98 34 99
52 112 40 66
52 114 57 1
52 119 3 84
53 72 1 92
53 110 16 57
53 78 13 122
53 48 3 74
53 113 19 102
53 79 37 73
53 19 25 82
53 84 22 85
53 85 31 87
53 52 58 62
53 15 9 34
53 54 49 76
53 89 45 66
53 31 52 86
53 29 40 82
53 63 55 48
54 97 13 12
54 36 31 66
54 6 15 36
54 8 45 80
54 104 25 97
54 74 28 81
54 76 55 83
54 77 39 68
54 108 7 64
54 47 51 98
54 53 10 84
54 85 34 87
54 55 21 54
54 91 4 91
54 63 58 48
55 32 17 115
55 66 22 53
55 3 43 115
55 2 3 90
55 105 34 57
55 41 39 44
55 11 31 35
55 43 52 23
55 108 7 91
55 109 37 81
55 15 15 34
55 45 45 82
55 48 57 74
55 86 49 68
55 24 55 77
55 26 1 96
55 93 19 84
55 95 27 54
56 97 19 12
56 36 4 66
56 69 25 96
56 9 49 39
56 106 13 81
56 43 16 23
56 109 53 81
56 110 55 57
56 45 21 82
56 48 39 74
56 15 45 34
56 83 9 16
56 86 58 68
56 57 28 87
56 26 43 96
56 93 1 93
56 95 33 54
57 32 1 137
57 6 21 36
57 70 49 43
57 9 27 39
57 43 31 23
57 79 34 73
57 112 4 93
57 80 46 90
57 18 39 86
57 51 57 90
57 111 19 113
57 17 55 96
57 22 10 70
57 83 15 16
57 28 51 49
57 93 7 93
58 32 25 115
58 97 37 12
58 1 15 67
58 33 27 18
58 67 13 100
58 37 33 72
58 5 22 23
58 39 45 43
58 104 31 97
58 58 1 100
58 108 52 91
58 50 7 96
58 55 39 54
58 23 49 95
58 122 43 97
58 30 57 69
58 63 19 70
59 1 3 67
59 101 33 30
59 103 7 59
59 40 47 57
59 105 37 72
59 39 15 43
59 108 10 91
59 14 27 34
59 81 40 10
59 113 45 102
59 83 21 16
59 82 52 100
59 23 31 95
59 56 55 67
59 57 49 87
59 28 57 49
60 100 9 85
60 37 25 72
60 71 59 18
60 104 37 97
60 39 33 43
60 42 29 82
60 11 40 35
60 43 43 23
60 77 3 70
60 84 19 85
60 118 22 113
60 86 46 68
60 56 57 67
60 89 51 66
60 61 15 84
61 8 43 51
61 15 5 34
61 24 7 92
61 28 15 49
61 38 10 94
61 43 49 23
61 48 45 74
61 67 37 100
61 72 13 92
61 79 40 102
61 81 52 10
61 84 1 106
61 86 55 68
61 100 33 85
61 103 58 78
61 110 22 70
61 118 25 113
62 64 43 25
62 32 49 115
62 70 1 91
62 105 52 72
62 44 15 68
62 110 7 70
62 15 57 34
62 80 28 111
62 17 39 118
62 18 45 86
62 83 33 16
62 19 21 89
62 22 25 70
62 54 59 76
62 120 10 64
62 59 55 89
62 30 3 81
63 68 13 87
63 103 40 78
63 36 16 81
63 73 19 138
63 12 45 73
63 47 33 98
63 81 49 10
63 114 3 24
63 84 7 106
63 53 22 84
63 86 52 68
63 119 27 84
63 89 57 66
63 93 10 93
64 35 34 55
64 4 37 48
64 37 9 72
64 72 19 92
64 105 40 72
64 12 27 85
64 80 31 111
64 114 51 1
64 117 15 70
64 23 43 95
64 55 57 54
64 122 49 97
64 28 3 92
64 61 45 126
64 30 21 81
65 98 49 41
65 36 25 81
65 90 21 73
65 12 9 100
65 45 33 82
65 78 31 122
65 112 16 93
65 113 37 102
65 50 52 48
65 19 39 89
65 85 4 106
65 21 7 124
65 88 43 27
65 121 47 111
65 122 55 97
65 27 57 87
65 63 28 70
66 69 49 96
66 102 7 22
66 39 3 64
66 37 15 72
66 15 21 34
66 48 51 74
66 81 55 10
66 17 31 101
66 83 27 16
66 84 10 106
66 24 45 92
66 56 59 67
66 30 39 81
66 63 34 70
67 33 9 2
67 66 16 53
67 41 21 102
67 11 28 35
67 76 37 83
67 78 19 122
67 47 45 98
67 110 31 70
67 109 43 81
67 53 34 84
67 88 51 27
67 62 57 61
67 94 3 96
67 63 40 70
68 3 55 115
68 13 59 92
68 14 31 34
68 22 46 70
68 28 19 49
68 58 25 100
68 59 1 104
68 68 43 87
68 69 57 143
68 91 16 91
68 96 23 133
68 102 34 22
68 108 52 111
68 110 49 70
68 111 39 113
68 112 4 104
68 114 9 24
69 64 13 91
69 68 46 87
69 6 19 38
69 71 23 18
69 103 49 78
69 74 31 81
69 79 34 102
69 111 29 113
69 82 43 100
69 83 55 16
69 117 15 106
69 54 1 109
69 85 25 106
69 94 39 84
69 27 3 122
69 62 59 61
69 63 52 70
70 96 11 133
70 1 3 79
70 67 19 100
70 6 15 38
70 104 13 124
70 9 43 39
70 109 7 109
70 78 25 122
70 79 31 102
70 111 37 113
70 49 47 102
70 83 39 16
70 84 34 107
70 117 21 106
70 22 28 106
70 55 51 54
70 90 57 73
71 96 19 109
71 65 31 113
71 5 34 23
71 69 7 104
71 39 15 64
71 10 27 78
71 106 1 133
71 108 55 111
71 43 46 23
71 15 39 34
71 85 43 106
71 119 51 84
71 89 9 79
71 29 58 82
71 25 21 93
72 1 3 89
72 5 10 23
72 21 37 95
72 23 7 112
72 31 49 86
72 35 52 78
72 42 31 82
72 57 22 122
72 60 16 94
72 69 13 104
72 77 27 89
72 83 45 16
72 85 34 106
72 96 43 133
72 100 39 85
72 101 57 30
72 104 19 124
72 122 1 105
73 6 9 38
73 24 7 105
73 34 37 93
73 43 25 23
73 44 39 111
73 53 46 84
73 54 13 109
73 56 3 103
73 60 22 94
73 67 55 124
73 70 19 91
73 72 57 92
73 73 59 138
73 82 28 100
73 85 31 106
73 89 15 79
73 91 34 91
73 101 51 118
73 102 43 22
73 109 49 109
74 4 10 96
74 17 7 101
74 24 19 105
74 26 37 96
74 33 21 92
74 34 43 93
74 45 3 99
74 51 15 104
74 53 25 92
74 57 40 122
74 60 34 94
74 68 52 87
74 74 55 81
74 81 58 10
74 93 31 93
74 95 45 89
74 105 49 107
74 113 1 144
75 97 25 12
75 34 13 93
75 106 28 133
75 13 31 92
75 78 37 122
75 47 39 87
75 80 49 111
75 49 43 102
75 82 34 100
75 19 21 126
75 51 9 104
75 114 15 24
75 79 55 102
75 89 45 79
75 59 19 104
75 29 52 82
75 57 58 122
76 65 13 83
76 2 9 90
76 68 16 87
76 38 31 100
76 103 34 59
76 104 37 124
76 76 58 109
76 14 51 34
76 110 55 70
76 111 41 113
76 114 21 24
76 56 1 103
76 24 25 105
76 59 27 104
76 28 3 107
76 30 45 81
77 17 27 118
77 23 1 112
77 27 9 122
77 28 15 92
77 41 3 102
77 62 47 61
77 72 53 92
77 82 55 100
77 87 59 115
77 93 34 93
77 96 39 133
77 102 49 22
77 112 22 104
77 115 7 144
77 118 43 113
77 122 31 105
78 33 9 18
78 100 15 85
78 4 34 96
78 39 21 79
78 40 7 103
78 78 49 122
78 117 27 107
78 22 1 118
78 55 45 54
78 59 39 104
78 28 57 107
78 93 52 93
79 98 16 133
79 35 22 55
79 4 19 96
79 38 4 100
79 72 37 92
79 105 31 107
79 42 43 82
79 6 9 107
79 110 1 77
79 48 27 74
79 80 34 111
79 82 46 100
79 83 51 16
79 18 39 106
79 20 55 84
79 121 59 111
79 59 57 104
80 102 25 22
80 70 55 43
80 8 47 80
80 40 5 103
80 42 49 82
80 77 15 89
80 112 1 119
80 114 33 24
80 61 9 95
80 115 13 144
80 53 28 92
80 87 7 119
80 120 19 64
80 25 39 93
80 59 45 104
80 63 58 70
80 95 51 89
81 8 29 80
81 12 39 100
81 27 43 122
81 32 25 137
81 41 49 102
81 46 13 105
81 60 19 94
81 62 55 61
81 72 47 92
81 88 3 95
81 91 22 91
81 99 53 3
81 104 1 142
81 108 10 119
81 113 35 144
81 119 57 84
81 122 37 105
82 8 25 80
82 13 7 108
82 21 43 124
82 29 37 82
82 34 47 93
82 35 55 78
82 40 13 103
82 41 27 102
82 44 33 122
82 46 49 105
82 55 9 77
82 56 17 136
82 57 1 135
82 59 45 131
82 81 58 103
82 91 40 91
82 122 53 105
83 16 1 62
83 21 31 124
83 42 55 82
83 43 37 23
83 45 9 99
83 48 15 74
83 53 40 92
83 59 51 104
83 61 27 126
83 72 43 92
83 78 53 122
83 82 58 100
83 87 13 119
83 106 34 133
83 108 19 119
83 118 46 113
83 120 22 64
84 5 28 23
84 14 23 34
84 23 1 117
84 31 31 86
84 47 3 98
84 50 16 96
84 53 49 92
84 65 34 113
84 72 55 92
84 81 19 103
84 88 45 95
84 106 58 133
84 109 13 117
84 113 39 144
84 118 52 113
84 120 25 64
85 14 29 34
85 20 43 84
85 23 7 117
85 25 25 93
85 34 49 93
85 38 31 119
85 46 16 105
85 48 9 101
85 59 53 104
85 63 37 70
85 66 40 53
85 74 58 81
85 91 13 101
85 100 45 85
85 105 34 108
85 111 55 113
85 115 51 144
86 2 9 103
86 3 7 118
86 8 33 80
86 14 17 34
86 17 13 118
86 20 37 84
86 27 27 122
86 36 22 101
86 39 39 79
86 40 47 103
86 46 43 105
86 54 31 109
86 57 4 135
86 62 1 123
86 70 59 91
86 87 35 119
86 99 49 3
86 102 52 22
86 113 57 144
86 122 55 105
87 33 9 92
87 99 35 3
87 4 22 96
87 103 43 59
87 14 33 34
87 16 4 62
87 82 49 100
87 83 15 95
87 85 46 106
87 117 37 107
87 87 41 119
87 120 28 64
87 57 52 135
87 26 57 146
87 91 25 101
88 67 19 144
88 36 1 101
88 37 21 72
88 6 13 107
88 68 46 119
88 13 17 108
88 110 4 77
88 16 43 62
88 18 7 135
88 114 39 24
88 22 34 118
88 120 31 64
88 89 51 79
88 58 55 103
88 94 27 96
88 31 58 86
89 64 31 91
89 4 13 96
89 69 43 104
89 38 16 119
89 6 21 107
89 70 55 91
89 39 33 79
89 72 7 127
89 76 52 83
89 46 28 109
89 50 40 96
89 114 45 24
89 85 49 106
89 25 57 93
89 60 37 94
89 93 25 112
90 9 9 39
90 13 25 108
90 21 49 124
90 22 4 118
90 24 7 142
90 33 33 92
90 59 29 104
90 60 40 94
90 63 43 70
90 78 55 122
90 81 16 103
90 82 1 121
90 89 57 79
90 102 46 22
90 109 19 117
90 114 51 24
90 120 37 64
91 37 3 68
91 69 25 104
91 39 27 79
91 71 57 18
91 105 46 107
91 46 40 109
91 47 9 98
91 16 49 62
91 17 55 118
91 15 59 34
91 51 33 104
91 24 13 142
91 121 7 114
91 90 15 99
91 60 43 94
91 29 52 119
91 63 22 117
92 101 9 30
92 6 21 111
92 70 37 91
92 8 35 80
92 46 46 105
92 79 13 112
92 48 3 109
92 17 55 134
92 114 27 24
92 110 31 117
92 118 49 113
92 87 1 120
92 56 19 136
92 57 40 135
92 58 52 103
92 93 43 112
92 95 57 89
93 99 13 3
93 68 25 119
93 6 15 111
93 40 1 114
93 42 33 130
93 46 43 109
93 15 35 34
93 112 49 119
93 81 40 103
93 48 9 109
93 119 3 97
93 87 7 120
93 23 53 132
93 90 21 99
93 91 28 101
93 60 46 94
93 61 57 135
94 8 19 80
94 11 22 35
94 12 15 100
94 34 29 93
94 38 37 119
94 48 33 101
94 49 1 125
94 61 25 135
94 69 41 104
94 71 55 18
94 73 31 138
94 74 49 81
94 81 43 103
94 92 3 7
94 93 46 112
94 105 52 108
94 114 57 24
94 121 9 114
95 35 19 55
95 4 1 136
95 69 49 104
95 103 43 78
95 108 22 119
95 77 27 105
95 46 4 120
95 76 46 109
95 48 51 109
95 50 31 96
95 116 15 125
95 20 59 143
95 85 55 106
95 120 34 64
95 91 37 101
95 92 9 7
95 63 40 117
96 5 37 40
96 7 47 147
96 104 25 142
96 75 19 118
96 13 43 108
96 77 33 89
96 81 22 103
96 52 40 62
96 54 11 114
96 87 9 120
96 24 45 145
96 25 15 144
96 90 27 99
96 60 55 94
96 29 58 119
96 94 51 96
96 31 1 88
97 67 25 144
97 68 4 119
97 69 31 104
97 6 9 111
97 27 15 122
97 107 33 40
97 12 39 138
97 77 21 105
97 80 43 111
97 81 52 116
97 50 49 139
97 19 55 126
97 24 37 142
97 121 13 114
97 59 59 104
97 28 27 117
97 31 46 88
98 64 29 91
98 106 31 99
98 76 55 109
98 110 34 117
98 15 47 34
98 45 3 114
98 49 27 125
98 50 58 96
98 83 51 95
98 93 37 112
98 25 21 144
98 91 40 101
98 92 15 7
98 61 43 138
98 95 9 108
99 96 37 133
99 1 9 89
99 99 43 3
99 36 19 101
99 3 47 135
99 5 22 40
99 106 31 133
99 11 34 35
99 43 55 23
99 109 45 117
99 114 39 88
99 19 49 126
99 20 53 143
99 51 3 125
99 22 58 118
99 89 15 97
99 122 1 141
99 92 27 7
100 12 21 100
100 18 15 135
100 20 31 84
100 22 4 121
100 23 47 117
100 24 19 142
100 25 27 144
100 26 1 127
100 51 7 125
100 56 25 136
100 59 37 104
100 60 49 94
100 71 39 18
100 72 55 145
100 87 11 120
100 93 52 112
100 96 41 133
100 100 57 85
100 110 34 141
100 120 43 64
101 8 31 80
101 22 22 118
101 37 3 72
101 49 11 125
101 50 16 110
101 57 19 135
101 58 25 103
101 59 47 104
101 67 37 144
101 69 7 143
101 74 34 81
101 77 39 105
101 84 55 128
101 87 13 120
101 96 53 133
101 97 45 12
101 101 49 142
101 118 58 113
102 8 43 80
102 30 9 81
102 35 49 112
102 37 15 88
102 53 19 97
102 58 28 103
102 69 3 143
102 70 45 91
102 71 47 18
102 78 7 123
102 84 52 107
102 86 31 120
102 96 55 133
102 102 58 22
102 111 1 129
102 116 39 125
103 2 9 144
103 58 31 103
103 105 13 108
103 76 37 109
103 108 34 125
103 14 53 34
103 45 3 126
103 49 41 125
103 17 1 134
103 21 43 127
103 54 17 114
103 94 45 96
103 88 57 121
103 121 21 114
103 56 55 136
103 30 49 117
103 95 27 108
104 73 13 138
104 106 19 121
104 43 43 88
104 45 9 124
104 77 3 105
104 48 33 109
104 19 37 126
104 52 46 62
104 115 41 144
104 86 22 120
104 55 15 77
104 56 31 136
104 119 27 97
104 90 51 99
104 93 58 112
104 31 55 88
105 3 29 135
105 24 31 142
105 26 49 103
105 31 4 88
105 34 7 129
105 39 9 97
105 40 19 114
105 48 15 109
105 53 22 97
105 57 34 135
105 58 37 103
105 64 27 132
105 79 40 112
105 84 43 107
105 93 1 130
105 97 47 12
105 102 55 22
105 105 58 108
105 114 51 88
106 22 10 118
106 23 25 117
106 27 15 123
106 38 28 119
106 46 31 141
106 55 21 77
106 58 34 103
106 67 49 146
106 68 43 119
106 69 5 143
106 81 1 116
106 90 39 99
106 93 7 130
106 100 51 85
106 104 59 142
106 109 57 117
106 110 46 141
107 64 49 91
107 66 7 53
107 3 37 135
107 38 10 121
107 73 47 138
107 9 21 39
107 46 40 141
107 78 13 123
107 47 27 98
107 16 55 62
107 50 4 116
107 23 45 143
107 85 58 106
107 119 33 97
107 88 15 124
107 61 51 138
108 65 13 113
108 3 49 135
108 37 9 88
108 69 19 143
108 72 1 145
108 13 37 108
108 80 25 111
108 49 29 125
108 114 33 88
108 17 31 134
108 51 51 128
108 20 55 143
108 22 16 121
108 55 57 77
108 88 21 124
108 122 43 141
108 94 45 116
108 95 39 108
109 36 4 101
109 105 1 108
109 74 25 124
109 42 13 130
109 106 7 133
109 14 11 34
109 79 34 112
109 47 39 98
109 113 49 144
109 86 16 120
109 55 51 77
109 87 19 120
109 89 45 97
109 90 57 99
109 92 21 7
109 29 28 124
109 62 31 123
110 20 1 143
110 21 49 127
110 28 3 117
110 34 13 129
110 35 7 55
110 40 15 114
110 49 17 125
110 52 10 62
110 53 19 116
110 75 29 118
110 77 33 105
110 87 37 120
110 89 39 97
110 90 45 99
110 99 51 3
110 108 22 130
110 112 55 119
110 115 59 144
110 121 27 114
110 122 53 141
111 97 31 12
111 36 16 101
111 38 25 121
111 71 37 18
111 103 7 116
111 42 19 130
111 48 21 109
111 82 28 121
111 19 33 126
111 52 52 62
111 118 4 134
111 22 46 121
111 120 40 64
111 87 43 120
111 86 49 120
111 61 55 138
111 24 59 145
112 1 9 105
112 98 19 133
112 99 37 3
112 8 49 80
112 41 15 102
112 75 25 118
112 79 22 112
112 114 27 88
112 51 3 128
112 20 47 143
112 83 33 95
112 19 39 128
112 24 13 145
112 59 55 104
112 92 51 7
112 30 43 123
112 31 58 88
113 1 15 117
113 16 7 62
113 21 31 127
113 26 39 143
113 40 23 114
113 46 25 120
113 50 1 139
113 53 10 116
113 54 33 114
113 56 37 136
113 68 19 127
113 70 43 91
113 72 29 145
113 75 41 118
113 77 57 105
113 78 49 123
113 91 52 101
113 107 45 40
113 113 55 147
114 17 7 134
114 30 9 117
114 32 37 137
114 37 21 88
114 46 28 120
114 56 43 136
114 60 25 94
114 72 35 145
114 77 3 127
114 78 47 123
114 83 55 95
114 87 59 120
114 94 15 116
114 96 49 140
114 103 31 116
114 116 45 125
114 118 52 134
114 119 39 136
115 66 25 53
115 105 31 108
115 74 28 127
115 108 4 130
115 77 9 127
115 112 1 131
115 17 43 134
115 16 13 62
115 82 37 121
115 53 40 116
115 117 21 123
115 121 35 114
115 91 55 101
115 60 58 94
115 30 51 123
115 95 45 108
116 35 1 55
116 99 23 3
116 71 49 18
116 105 4 108
116 106 25 133
116 75 37 118
116 111 19 129
116 16 28 62
116 51 15 128
116 52 31 62
116 53 34 116
116 115 55 144
116 19 43 128
116 119 51 97
116 90 57 134
116 59 47 131
116 94 39 145
116 95 9 110
117 66 7 138
117 8 41 80
117 106 10 138
117 11 49 35
117 12 33 138
117 14 43 34
117 15 55 34
117 48 3 129
117 47 25 128
117 50 52 139
117 111 29 129
117 119 57 97
117 120 46 64
117 121 39 114
117 93 16 130
117 95 21 110
118 3 11 135
118 4 13 110
118 12 3 138
118 16 16 62
118 23 9 143
118 29 22 127
118 40 25 114
118 43 19 134
118 63 37 117
118 67 43 144
118 70 47 91
118 73 49 138
118 75 45 118
118 79 55 112
118 87 53 120
118 89 33 127
118 95 27 110
118 99 59 3
118 108 40 137
118 116 51 125
119 64 25 91
119 2 1 110
119 75 31 118
119 45 15 126
119 13 5 132
119 109 43 117
119 113 53 144
119 49 19 125
119 83 21 95
119 94 7 145
119 21 59 131
119 54 41 114
119 55 27 77
119 25 45 144
119 27 55 123
119 92 33 7
119 29 37 127
119 30 49 129
120 96 13 133
120 97 29 12
120 3 31 135
120 101 15 118
120 8 55 80
120 10 33 78
120 47 19 128
120 111 37 129
120 81 52 137
120 114 9 134
120 83 39 95
120 21 23 131
120 117 25 123
120 54 43 114
120 120 49 64
120 58 46 130
120 92 57 7
121 11 4 141
121 12 21 138
121 17 13 134
121 24 19 145
121 28 9 129
121 32 1 146
121 36 25 145
121 42 43 130
121 57 28 143
121 60 31 94
121 72 37 145
121 75 47 118
121 81 34 137
121 92 39 7
121 96 45 133
121 98 49 133
121 101 55 142
121 109 59 117
121 120 52 64
122 96 47 133
122 98 4 133
122 3 55 135
122 44 21 125
122 13 13 132
122 110 10 141
122 46 49 141
122 83 27 95
122 84 7 131
122 117 33 123
122 85 52 106
122 54 45 114
122 88 57 124
122 61 39 147
122 63 16 132
123 3 23 135
123 5 4 40
123 7 13 147
123 23 21 143
123 25 31 144
123 30 7 132
123 37 15 145
123 42 35 130
123 50 37 116
123 51 25 129
123 56 49 136
123 59 29 131
123 74 43 137
123 80 1 147
123 86 55 120
123 97 41 12
123 108 46 137
123 110 58 141
123 119 51 136
124 99 31 3
124 102 13 22
124 70 25 140
124 8 37 80
124 41 9 102
124 10 3 78
124 43 16 134
124 107 27 40
124 47 21 136
124 81 49 116
124 82 43 121
124 51 39 129
124 24 47 145
124 26 55 146
124 88 33 124
124 29 52 127
124 63 58 132
125 32 49 147
125 36 1 132
125 69 15 143
125 102 4 131
125 104 53 142
125 10 9 78
125 16 19 62
125 81 31 137
125 82 22 121
125 48 27 142
125 52 37 62
125 112 34 131
125 22 40 121
125 55 45 77
125 54 51 114
125 122 55 141
125 93 58 130
126 37 3 145
126 38 7 121
126 40 29 114
126 108 10 130
126 12 15 138
126 78 19 123
126 111 31 129
126 48 21 129
126 15 41 34
126 19 43 142
126 51 33 129
126 84 37 131
126 118 25 134
126 116 47 125
126 24 49 145
126 22 52 121
126 58 55 130
126 29 58 127
127 96 1 140
127 64 11 132
127 4 13 121
127 69 17 143
127 38 7 140
127 7 19 147
127 105 22 108
127 106 28 138
127 49 49 125
127 50 25 116
127 84 58 140
127 117 39 123
127 55 33 77
127 30 3 140
127 53 55 116
127 89 45 127
127 94 51 145
128 8 13 80
128 15 19 34
128 21 21 131
128 23 23 143
128 38 10 140
128 42 31 130
128 44 3 137
128 46 28 141
128 49 37 125
128 57 49 143
128 58 25 130
128 63 46 132
128 64 55 132
128 77 15 147
128 84 40 140
128 91 43 101
128 93 52 130
128 95 33 110
128 100 57 136
129 65 22 134
129 6 3 111
129 40 31 114
129 106 25 138
129 77 9 147
129 110 19 141
129 15 49 34
129 81 13 137
129 18 33 136
129 29 40 127
129 17 37 134
129 85 43 140
129 118 28 134
129 53 58 116
129 120 55 64
129 121 47 114
129 61 51 147
130 97 43 12
130 68 16 127
130 102 19 22
130 39 9 137
130 76 25 109
130 46 22 141
130 79 28 112
130 49 53 125
130 114 33 134
130 84 37 140
130 86 40 120
130 119 3 146
130 88 45 124
130 121 57 114
130 59 51 131
130 62 59 123
131 4 10 136
131 11 13 141
131 21 17 131
131 30 21 132
131 49 25 125
131 50 4 139
131 53 28 116
131 54 37 114
131 57 31 143
131 69 35 143
131 75 43 118
131 76 7 146
131 91 49 101
131 93 40 130
131 95 45 110
131 99 55 3
131 109 53 117
131 114 57 139
132 3 43 135
132 4 13 136
132 101 3 142
132 40 49 114
132 107 9 40
132 46 25 141
132 60 28 94
132 80 22 147
132 81 16 137
132 50 31 139
132 116 55 125
132 84 19 140
132 86 34 120
132 55 39 77
132 24 57 145
132 26 59 146
132 28 45 129
132 95 51 110
133 5 1 40
133 7 5 147
133 20 37 143
133 28 15 129
133 29 25 127
133 32 35 147
133 38 22 140
133 67 13 146
133 71 29 132
133 76 19 146
133 82 31 121
133 89 9 139
133 95 39 110
133 99 45 3
133 104 47 142
133 105 49 108
133 109 55 117
133 111 53 129
133 113 59 147
133 116 57 125
134 19 7 126
134 21 31 131
134 24 11 145
134 27 3 123
134 34 43 129
134 49 13 125
134 50 19 139
134 51 15 139
134 53 22 116
134 65 37 141
134 67 25 146
134 69 41 143
134 76 28 146
134 81 49 137
134 83 33 132
134 90 45 134
134 96 55 140
134 97 53 12
134 107 57 40
135 64 19 132
135 35 31 112
135 6 3 112
135 7 25 147
135 72 43 145
135 41 9 128
135 107 15 40
135 76 22 146
135 45 27 147
135 13 37 132
135 110 34 146
135 111 55 129
135 114 39 139
135 18 45 136
135 83 49 132
135 21 53 131
135 28 57 129
136 7 37 147
136 15 13 34
136 20 43 143
136 21 49 131
136 25 3 144
136 46 16 141
136 48 9 142
136 50 22 139
136 52 25 62
136 58 28 130
136 74 19 137
136 80 31 147
136 82 34 121
136 88 39 124
136 92 45 7
136 97 55 12
136 107 51 40
136 113 57 147
136 116 59 125
137 96 13 140
137 65 7 141
137 99 19 3
137 36 31 145
137 101 15 142
137 71 25 132
137 42 37 130
137 108 10 146
137 19 21 142
137 51 27 139
137 85 34 140
137 21 43 131
137 84 46 140
137 93 49 130
137 117 39 146
137 60 52 94
137 29 55 127
137 31 58 137
138 5 1 124
138 7 7 147
138 8 9 80
138 14 25 34
138 20 11 143
138 21 19 131
138 29 13 127
138 35 16 112
138 37 21 145
138 39 27 137
138 49 31 125
138 52 34 62
138 62 37 123
138 68 40 131
138 97 49 12
138 103 43 132
138 110 46 146
138 112 55 131
138 117 51 146
138 120 58 64
139 5 4 124
139 20 13 143
139 21 25 131
139 27 9 123
139 35 19 112
139 44 15 146
139 52 22 62
139 59 27 131
139 62 29 123
139 64 31 132
139 66 34 142
139 67 37 146
139 75 49 118
139 80 43 147
139 83 39 132
139 86 46 120
139 88 51 124
139 105 55 108
139 121 59 114
140 96 31 140
140 4 4 136
140 68 13 131
140 6 9 112
140 38 16 140
140 73 37 138
140 10 21 78
140 9 27 136
140 76 43 146
140 41 33 128
140 17 49 134
140 121 55 114
140 90 39 134
140 91 46 101
140 30 51 140
140 95 57 110
141 3 13 135
141 4 7 136
141 69 25 143
141 68 10 131
141 105 19 108
141 10 15 78
141 74 22 137
141 12 27 140
141 110 31 146
141 15 37 34
141 49 43 125
141 50 34 139
141 19 39 142
141 114 45 139
141 82 49 121
141 54 53 114
141 81 55 137
141 91 58 101
Điểm tối ưu: 2340
Thời gian: 101098.0277 ms
Trạng thái: FEASIBLE
