219
1 3 58 7
1 6 19 4
1 8 4 1
1 9 55 14
1 10 15 11
1 11 45 12
1 12 22 5
1 13 25 3
1 15 1 14
1 17 39 2
2 1 31 18
2 3 34 7
2 6 37 4
2 8 10 1
2 9 29 12
2 10 25 11
2 11 49 12
2 13 7 3
2 14 57 9
2 15 23 14
2 17 5 2
3 1 37 18
3 2 43 16
3 3 16 7
3 6 40 4
3 8 13 1
3 9 21 14
3 10 1 11
3 11 33 12
3 12 28 5
3 13 55 3
3 14 9 9
3 15 59 14
3 17 23 2
4 1 28 18
4 3 49 7
4 6 1 4
4 8 31 1
4 9 43 12
4 12 19 5
4 13 10 3
4 14 13 9
4 15 45 14
4 17 41 2
5 1 40 18
5 3 13 7
5 4 57 16
5 6 49 4
5 7 33 2
5 8 52 1
5 9 37 12
5 12 10 5
5 13 22 3
5 15 5 14
5 17 27 2
6 1 58 18
6 3 31 7
6 6 55 4
6 8 22 1
6 9 13 12
6 11 39 12
6 12 46 5
6 13 4 3
6 15 9 14
6 17 43 2
7 1 7 18
7 3 25 7
7 6 58 4
7 8 46 1
7 9 51 14
7 11 15 12
7 12 4 5
7 13 19 3
7 14 33 9
7 15 39 14
7 17 49 2
8 1 13 18
8 2 27 16
8 3 40 7
8 6 34 4
8 8 43 1
8 9 19 12
8 11 21 12
8 12 31 5
8 13 46 3
8 17 25 2
9 1 19 18
9 3 52 7
9 6 28 4
9 8 25 1
9 9 31 12
9 10 45 11
9 12 7 5
9 13 49 3
9 15 3 14
9 17 17 2
10 1 43 18
10 3 19 7
10 6 16 4
10 8 49 1
10 9 41 14
10 12 52 5
10 13 13 3
10 14 3 9
10 15 31 14
10 17 55 2
11 1 34 18
11 2 51 16
11 3 37 7
11 7 45 2
11 8 40 1
11 9 17 14
11 10 19 11
11 12 55 5
11 13 58 3
11 15 25 14
11 17 11 2
12 1 22 18
12 3 43 7
12 4 9 16
12 6 46 4
12 7 57 2
12 8 1 1
12 9 15 14
12 12 34 5
12 13 37 3
12 14 49 9
12 15 19 14
12 17 53 2
13 2 21 16
13 3 1 7
13 4 33 16
13 6 4 4
13 8 7 1
13 9 57 14
13 11 25 12
13 12 43 5
13 13 16 3
13 15 13 14
13 17 29 2
14 1 16 18
14 2 39 16
14 3 4 7
14 6 22 4
14 8 19 1
14 9 53 12
14 11 9 12
14 12 13 5
14 13 43 3
14 15 49 14
14 17 37 2
15 1 25 18
15 3 28 7
15 5 13 2
15 6 43 4
15 8 34 1
15 9 37 14
15 10 9 11
15 11 57 12
15 12 40 5
15 13 52 3
15 15 7 14
15 17 3 2
16 1 52 18
16 3 46 7
16 6 10 4
16 8 37 1
16 9 1 12
16 10 57 11
16 11 3 12
16 12 49 5
16 13 34 3
16 14 21 9
16 15 27 14
16 17 31 2
17 2 3 16
17 3 10 7
17 5 19 2
17 6 7 4
17 8 55 1
17 9 29 14
17 10 33 11
17 12 37 5
17 13 40 3
17 14 25 9
17 15 43 14
17 17 1 2
18 1 10 18
18 3 22 7
18 6 13 4
18 8 58 1
18 9 55 12
18 10 49 11
18 12 16 5
18 13 31 3
18 15 35 14
18 17 7 2
19 1 49 18
19 2 13 16
19 3 55 7
19 5 45 9
19 6 52 4
19 8 28 1
19 9 7 12
19 12 25 5
19 13 1 3
19 14 39 9
19 15 11 14
19 17 9 2
20 1 55 18
20 3 7 7
20 6 25 4
20 8 16 1
20 9 47 14
20 10 37 11
20 12 58 5
20 13 28 3
20 15 53 14
20 17 51 2
Điểm tối ưu: 219
Thời gian: 100017.2267 ms
Trạng thái: FEASIBLE
