1302
1 65 7 39
1 34 17 57
1 33 1 37
1 4 11 4
1 38 13 7
1 40 35 25
1 37 23 58
1 72 43 11
1 11 52 54
1 15 58 81
1 52 39 39
1 58 25 33
1 60 55 5
1 30 3 13
2 64 29 27
2 4 21 4
2 37 11 68
2 40 55 25
2 73 39 75
2 72 52 11
2 44 43 13
2 78 25 79
2 47 9 63
2 21 3 67
2 23 15 61
2 57 59 2
3 65 1 39
3 66 15 83
3 3 9 22
3 37 29 78
3 6 49 85
3 7 58 64
3 69 25 57
3 33 7 10
3 8 13 3
3 38 37 7
3 36 45 59
3 70 31 50
3 27 34 18
4 1 3 17
4 37 1 68
4 70 16 25
4 71 49 73
4 39 43 88
4 5 51 46
4 9 58 1
4 45 11 70
4 14 41 72
4 48 39 76
4 16 27 87
4 26 21 82
4 59 31 24
5 2 31 23
5 34 53 57
5 71 51 73
5 40 19 25
5 75 7 40
5 16 45 14
5 17 16 37
5 51 1 83
5 27 55 55
5 31 29 62
5 61 43 53
5 30 5 13
6 64 53 56
6 4 7 4
6 37 25 78
6 71 5 73
6 44 21 13
6 13 45 53
6 45 49 70
6 48 29 76
6 50 58 67
6 22 37 64
6 55 19 31
6 24 9 6
6 27 40 18
6 60 1 32
7 64 5 56
7 1 11 17
7 4 33 4
7 73 43 75
7 43 15 30
7 13 37 53
7 17 52 30
7 21 57 42
7 22 1 29
7 57 55 2
7 58 22 33
7 31 25 62
8 1 5 17
8 37 29 58
8 72 55 86
8 9 52 1
8 40 41 21
8 12 43 78
8 45 3 70
8 78 58 79
8 47 27 63
8 48 31 76
8 22 9 29
8 59 37 59
8 29 13 26
8 63 21 5
9 1 9 17
9 4 39 4
9 75 25 40
9 13 15 53
9 60 52 32
9 50 1 51
9 22 11 29
9 58 31 33
9 59 55 31
10 66 21 83
10 3 49 22
10 5 25 46
10 26 57 82
10 33 17 78
10 72 1 86
10 34 19 57
10 74 45 45
10 14 35 72
10 16 13 87
10 50 37 56
10 60 7 5
10 30 29 13
10 63 31 5
11 3 27 22
11 73 19 75
11 10 3 77
11 43 9 50
11 42 53 37
11 78 46 79
11 74 23 30
11 51 43 83
11 19 13 22
11 57 1 2
11 30 49 13
12 64 39 27
12 1 7 17
12 38 25 75
12 40 49 21
12 72 13 11
12 46 51 39
12 17 1 30
12 53 43 90
12 54 33 77
12 25 31 16
12 59 21 59
12 57 5 2
13 8 11 3
13 14 13 51
13 15 52 35
13 21 45 67
13 27 49 55
13 31 17 62
13 33 5 10
13 36 25 12
13 37 59 68
13 47 57 61
13 50 37 51
13 59 7 24
13 61 31 12
13 70 40 50
13 71 43 73
13 74 1 31
14 1 13 17
14 4 27 4
14 8 17 3
14 14 43 14
14 19 1 26
14 34 35 57
14 40 49 25
14 42 21 37
14 45 25 70
14 50 52 51
14 60 4 32
14 65 31 39
14 72 37 86
15 68 40 48
15 36 1 44
15 74 35 45
15 12 49 8
15 47 33 70
15 16 55 87
15 15 13 35
15 19 25 22
15 52 21 29
15 21 9 67
15 22 7 29
15 23 43 61
15 55 53 31
15 51 46 83
15 63 3 5
15 31 59 62
16 9 4 1
16 14 43 51
16 31 45 62
16 34 51 57
16 42 49 37
16 47 47 70
16 48 53 76
16 50 1 56
16 57 35 2
16 58 19 33
16 61 25 53
16 65 27 39
16 68 31 48
16 72 10 86
16 78 22 79
17 1 17 17
17 67 37 73
17 68 4 48
17 71 45 73
17 9 25 1
17 11 40 54
17 77 15 41
17 13 33 53
17 47 31 63
17 16 51 87
17 50 19 56
17 23 23 61
17 24 9 14
17 58 28 33
18 1 21 17
18 68 37 48
18 9 7 1
18 44 51 28
18 13 15 22
18 78 10 79
18 21 27 67
18 22 13 29
18 23 3 61
18 25 1 27
18 59 57 24
18 61 5 12
18 62 33 15
19 64 35 56
19 37 29 68
19 40 5 25
19 12 46 8
19 31 37 62
19 14 33 51
19 49 10 46
19 50 40 51
19 19 31 22
19 51 1 6
19 63 49 5
20 39 31 88
20 8 9 3
20 40 53 25
20 75 21 40
20 13 57 53
20 48 11 76
20 19 37 22
20 52 27 29
20 21 49 42
20 24 3 14
20 58 16 33
20 59 45 24
21 7 1 64
21 8 59 3
21 21 37 42
21 23 17 61
21 28 55 28
21 36 15 44
21 37 29 72
21 41 23 18
21 45 31 70
21 47 47 35
21 48 41 76
21 49 34 58
21 50 25 56
21 51 4 6
21 73 51 75
21 78 43 79
22 68 46 48
22 36 35 44
22 70 4 50
22 4 1 4
22 8 49 3
22 72 58 11
22 37 31 72
22 14 13 14
22 50 55 56
22 21 15 42
22 54 19 77
22 55 33 31
22 60 7 32
23 1 45 17
23 13 7 74
23 33 41 10
23 36 33 12
23 42 31 36
23 43 19 3
23 45 59 70
23 52 55 15
23 57 29 2
23 59 25 24
23 61 1 40
23 66 51 83
23 71 17 73
23 76 4 47
23 77 37 41
24 1 23 17
24 11 1 54
24 17 34 37
24 19 55 22
24 23 21 61
24 27 13 55
24 28 25 28
24 36 47 7
24 41 41 60
24 47 49 63
24 50 31 56
24 51 4 83
24 56 43 49
24 57 17 2
24 60 10 32
24 65 57 39
24 68 7 48
25 1 57 17
25 8 51 3
25 12 7 8
25 22 39 64
25 38 33 7
25 41 15 81
25 42 21 36
25 48 1 76
25 49 4 4
25 50 10 51
25 71 13 73
25 72 25 86
25 77 29 41
26 66 57 83
26 36 51 59
26 8 23 3
26 76 10 47
26 49 43 84
26 22 25 29
26 23 7 61
26 24 15 6
26 25 31 32
26 26 33 82
26 27 37 55
27 36 43 12
27 37 23 72
27 70 49 50
27 43 25 68
27 76 19 47
27 77 45 41
27 15 4 69
27 48 55 76
27 47 9 35
27 49 34 84
27 56 15 49
27 30 53 13
28 64 31 10
28 34 55 57
28 37 53 78
28 69 1 57
28 70 25 50
28 27 46 18
28 38 23 7
28 43 33 68
28 15 43 35
28 48 13 76
28 20 57 74
28 26 9 82
28 59 49 24
29 1 37 17
29 4 45 4
29 41 53 60
29 9 1 1
29 13 21 53
29 78 4 79
29 17 55 30
29 57 13 2
29 59 15 31
29 31 51 62
30 33 1 87
30 58 40 33
30 5 57 46
30 38 11 7
30 9 22 1
30 6 15 85
30 75 45 40
30 40 25 21
30 78 34 79
30 48 5 76
30 49 31 58
30 29 27 26
31 4 17 4
31 41 43 18
31 76 49 47
31 12 58 8
31 78 13 79
31 14 21 51
31 46 33 21
31 48 45 76
31 45 37 70
31 15 28 35
31 47 3 63
31 27 25 55
31 30 39 13
32 1 59 17
32 4 47 4
32 38 13 75
32 7 7 64
32 11 22 54
32 50 28 56
32 52 55 29
32 55 31 31
32 57 37 2
32 58 1 33
32 63 39 5
33 1 39 17
33 3 45 22
33 8 1 3
33 14 7 72
33 17 52 7
33 24 21 6
33 25 43 69
33 27 28 55
33 36 55 59
33 37 49 68
33 38 5 7
33 41 57 60
33 51 25 6
33 57 13 65
33 64 31 27
33 71 41 73
33 75 15 40
34 58 34 33
34 72 40 86
34 9 46 1
34 74 53 45
34 14 37 72
34 17 43 30
34 53 55 90
34 23 13 61
34 59 21 31
34 31 9 62
35 1 1 17
35 33 5 78
35 37 33 78
35 5 57 66
35 4 51 4
35 11 16 54
35 50 10 56
35 19 49 26
35 22 35 64
35 59 27 31
36 36 31 59
36 38 1 75
36 7 10 64
36 27 7 18
36 11 19 54
36 45 55 70
36 78 16 79
36 49 40 58
36 50 22 56
36 19 53 22
36 51 28 6
36 21 57 75
36 55 37 31
36 59 43 7
36 60 13 32
37 38 23 75
37 78 19 79
37 14 7 14
37 48 49 76
37 60 16 32
37 51 43 6
37 52 51 29
37 59 3 24
37 31 11 62
38 33 41 81
38 38 7 75
38 39 49 88
38 72 22 86
38 73 15 75
38 71 59 73
38 11 31 54
38 6 9 85
38 78 37 79
38 49 43 58
38 19 5 22
38 54 55 77
38 62 1 15
39 1 27 17
39 36 49 59
39 5 31 66
39 70 19 50
39 71 53 73
39 2 55 23
39 42 59 37
39 78 40 79
39 47 51 63
39 52 15 29
39 25 13 81
39 57 11 2
39 28 43 28
39 30 35 13
40 1 29 17
40 9 37 1
40 13 3 53
40 16 15 14
40 17 46 30
40 19 7 22
40 23 1 61
40 31 23 62
40 38 35 7
40 40 55 21
40 42 13 36
40 56 19 49
40 57 41 2
40 61 25 67
40 66 9 83
40 74 27 78
41 33 37 5
41 2 3 23
41 26 45 15
41 37 13 58
41 72 28 11
41 27 31 18
41 8 41 3
41 4 57 4
41 46 15 39
41 14 49 14
41 23 25 61
41 55 35 31
41 59 51 81
42 2 15 23
42 67 7 73
42 6 27 85
42 72 58 86
42 77 13 41
42 13 49 53
42 47 5 31
42 16 19 87
42 57 41 65
42 58 37 33
42 27 10 55
43 14 31 51
43 24 33 6
43 31 5 62
43 37 23 78
43 38 29 7
43 42 27 36
43 45 53 70
43 46 57 21
43 47 55 63
43 50 49 56
43 55 3 31
43 57 47 2
43 60 19 32
43 62 37 15
43 72 16 11
44 1 53 17
44 39 39 88
44 41 59 60
44 43 21 69
44 76 16 47
44 13 45 29
44 15 1 69
44 49 49 58
44 23 31 61
44 57 35 65
44 25 5 27
44 31 33 62
45 2 37 23
45 4 41 4
45 34 33 57
45 71 15 73
45 40 59 25
45 9 43 1
45 12 10 78
45 47 35 63
45 51 46 6
45 25 7 27
45 59 55 10
45 30 1 13
45 63 27 5
46 68 43 48
46 5 27 61
46 71 57 73
46 8 3 3
46 42 25 36
46 11 34 54
46 77 41 41
46 47 47 63
46 49 7 46
46 51 49 6
46 22 37 29
46 58 10 33
46 61 31 53
47 68 25 48
47 38 31 7
47 72 34 86
47 74 45 31
47 76 52 47
47 40 17 21
47 11 37 54
47 17 58 7
47 59 13 59
47 60 10 5
47 30 7 13
48 4 59 4
48 5 45 46
48 6 39 85
48 71 33 73
48 7 49 64
48 9 55 1
48 27 7 55
48 44 3 28
48 50 28 51
48 19 19 22
48 22 43 29
48 23 37 61
48 59 15 7
48 60 25 32
49 1 33 17
49 33 43 81
49 71 27 73
49 72 52 86
49 42 35 36
49 43 15 68
49 47 59 63
49 15 55 35
49 50 37 87
49 30 13 13
50 4 23 4
50 41 21 18
50 74 9 45
50 42 19 36
50 13 27 53
50 45 7 70
50 14 1 14
50 15 37 69
50 49 52 58
50 9 49 1
50 24 55 6
50 25 5 90
50 30 47 13
51 3 33 22
51 7 55 64
51 21 9 42
51 22 31 29
51 25 19 16
51 27 43 55
51 30 25 13
51 33 1 10
51 40 37 25
51 42 23 37
51 48 17 76
51 49 4 46
51 57 7 65
51 61 53 12
51 69 13 57
51 78 49 79
52 70 28 50
52 8 33 3
52 72 49 86
52 43 43 68
52 12 4 8
52 13 15 84
52 51 52 6
52 30 57 13
52 53 9 90
52 55 47 31
52 23 39 61
52 59 19 24
52 31 13 62
53 33 1 78
53 2 21 23
53 34 43 57
53 65 45 39
53 39 7 88
53 40 11 25
53 10 25 77
53 43 3 58
53 49 31 84
53 50 49 51
53 17 58 30
53 23 41 61
53 61 55 53
54 64 59 10
54 1 55 17
54 37 37 68
54 70 25 25
54 39 21 88
54 12 1 8
54 76 28 47
54 14 47 72
54 16 9 87
54 53 51 90
54 23 19 61
54 56 33 49
54 27 4 55
55 13 21 84
55 15 49 35
55 19 43 22
55 21 33 67
55 25 25 90
55 27 52 55
55 30 41 13
55 47 45 63
55 49 55 58
55 50 16 51
55 57 31 65
55 60 28 32
55 61 37 12
55 64 13 10
55 68 10 48
55 70 58 50
56 26 39 82
56 37 25 72
56 72 43 86
56 73 27 75
56 11 55 54
56 52 3 29
56 21 33 42
56 57 37 65
56 58 7 33
56 27 46 55
56 29 21 26
57 1 35 17
57 70 52 50
57 40 11 21
57 41 49 18
57 77 25 41
57 14 55 51
57 15 4 35
57 16 43 87
57 49 1 46
57 47 19 63
57 22 41 64
57 56 37 49
58 8 5 3
58 12 22 8
58 15 34 35
58 16 51 14
58 19 25 26
58 23 45 61
58 36 19 12
58 46 37 21
58 47 15 63
58 48 7 76
58 55 49 31
58 57 9 65
58 69 57 57
58 77 1 41
59 2 45 23
59 5 21 46
59 72 34 11
59 71 29 73
59 74 5 45
59 45 19 70
59 14 59 14
59 17 31 30
59 19 11 26
59 57 55 65
59 31 15 62
60 1 41 17
60 68 19 48
60 5 43 66
60 36 3 12
60 38 31 75
60 41 9 60
60 42 39 72
60 47 53 63
60 16 27 14
60 52 33 29
60 23 5 61
60 57 51 2
60 63 13 5
61 34 5 57
61 69 39 57
61 70 34 50
61 71 1 73
61 41 19 18
61 74 21 45
61 10 45 77
61 11 7 54
61 46 51 21
61 15 55 81
61 19 17 26
61 22 23 64
61 25 13 27
61 62 25 15
62 5 31 46
62 39 55 88
62 74 17 45
62 42 37 36
62 11 46 54
62 77 35 41
62 43 51 69
62 47 19 35
62 44 13 28
62 58 4 33
62 60 22 32
62 61 43 67
62 62 9 15
62 31 1 62
63 1 47 17
63 4 43 4
63 8 53 3
63 11 4 54
63 16 33 14
63 19 51 26
63 30 31 13
63 37 59 58
63 38 21 7
63 41 7 60
63 44 15 13
63 47 23 63
63 48 13 88
63 57 19 2
63 64 57 27
63 72 1 11
64 4 53 4
64 8 43 3
64 76 58 47
64 46 21 21
64 14 5 51
64 48 37 88
64 16 31 87
64 12 40 78
64 23 51 61
64 59 27 59
64 61 19 53
64 63 45 5
65 32 13 77
65 1 51 17
65 4 55 4
65 40 1 25
65 9 34 1
65 74 59 45
65 46 27 21
65 47 17 63
65 61 43 40
65 21 39 67
65 22 31 64
65 23 49 61
65 56 3 49
66 2 49 23
66 36 55 44
66 5 39 66
66 7 25 64
66 41 53 18
66 42 29 36
66 75 3 40
66 76 7 47
66 59 45 10
66 49 58 84
66 22 19 64
66 27 13 18
66 60 34 32
67 5 27 66
67 17 55 37
67 19 37 26
67 22 21 64
67 23 47 61
67 29 3 26
67 30 33 13
67 31 19 62
67 41 13 60
67 45 45 70
67 51 40 83
67 55 9 31
67 64 15 27
68 34 31 57
68 70 13 50
68 38 25 7
68 72 22 11
68 41 55 18
68 74 57 78
68 43 9 58
68 75 49 40
68 17 28 37
68 19 19 26
68 23 59 61
68 25 43 27
68 29 39 26
69 4 35 4
69 9 19 1
69 31 47 62
69 33 25 5
69 37 31 68
69 42 27 72
69 43 39 68
69 45 51 70
69 46 7 21
69 47 23 70
69 48 53 88
69 50 13 56
69 56 55 49
69 61 11 53
70 71 47 73
70 8 37 3
70 41 3 60
70 11 49 54
70 12 10 8
70 45 13 70
70 46 43 21
70 47 1 63
70 44 33 28
70 14 25 14
70 50 55 67
70 53 21 90
70 27 16 18
71 68 13 48
71 5 51 66
71 7 16 64
71 40 1 21
71 41 7 81
71 43 55 69
71 76 40 47
71 16 21 14
71 19 43 26
71 26 45 82
72 70 16 50
72 40 13 25
72 72 7 86
72 75 37 40
72 47 43 70
72 49 49 84
72 51 25 83
72 20 45 74
72 23 55 61
72 57 1 65
72 26 3 82
72 61 57 12
73 2 27 23
73 4 49 4
73 6 45 85
73 71 35 73
73 7 13 64
73 42 51 72
73 76 31 47
73 11 58 54
73 74 43 45
73 47 39 31
73 48 25 88
73 13 3 84
73 50 16 56
73 19 53 26
73 28 9 28
74 39 3 88
74 43 37 30
74 44 21 28
74 13 9 84
74 45 15 70
74 14 7 51
74 50 43 56
74 53 27 90
74 55 51 31
74 25 53 27
74 58 55 33
74 61 13 53
75 4 13 4
75 68 1 48
75 72 46 86
75 41 35 81
75 42 59 72
75 45 57 70
75 15 25 35
75 48 37 76
75 17 40 37
75 21 51 67
75 25 49 27
75 60 43 32
76 3 57 22
76 8 15 3
76 21 21 67
76 23 33 61
76 29 7 26
76 31 3 62
76 33 13 23
76 36 53 59
76 38 49 75
76 41 29 60
76 42 47 37
76 47 25 31
76 61 27 12
77 4 9 4
77 5 3 66
77 8 29 3
77 14 41 14
77 25 11 69
77 28 37 28
77 30 27 13
77 37 47 68
77 42 25 37
77 43 15 69
77 47 31 3
77 58 49 33
77 61 59 12
77 62 19 15
77 74 55 82
78 1 15 17
78 3 39 22
78 4 25 4
78 8 7 3
78 21 9 75
78 22 45 64
78 23 35 61
78 25 51 27
78 33 3 37
78 37 19 78
78 39 27 88
78 40 31 21
78 47 13 63
78 48 23 76
78 68 58 48
79 34 29 57
79 68 49 48
79 36 25 44
79 38 37 75
79 71 31 73
79 74 1 45
79 75 33 40
79 46 3 21
79 48 19 76
79 21 43 42
79 53 13 90
79 57 11 65
79 58 52 33
79 60 55 32
80 70 1 74
80 7 4 64
80 72 13 86
80 40 45 25
80 77 49 41
80 14 35 51
80 78 52 79
80 19 47 26
80 61 29 12
80 24 39 6
80 59 25 10
80 29 57 26
81 1 25 17
81 8 27 3
81 9 40 1
81 11 13 54
81 12 16 8
81 31 31 62
81 36 9 44
81 38 55 75
81 48 59 76
81 49 37 58
81 53 1 90
81 68 52 48
81 70 43 50
81 73 33 75
81 76 46 47
81 77 19 41
82 67 22 73
82 68 28 48
82 5 15 46
82 37 7 58
82 4 31 4
82 72 19 11
82 76 25 47
82 13 51 74
82 48 47 88
82 49 55 84
82 29 33 26
82 55 41 31
82 27 58 55
82 61 45 12
82 31 43 62
83 68 16 48
83 72 28 86
83 10 51 77
83 43 45 69
83 11 25 54
83 76 22 47
83 12 55 8
83 15 19 81
83 17 10 37
83 53 37 90
83 21 3 42
83 60 58 5
84 64 21 27
84 69 9 57
84 70 28 25
84 41 49 81
84 76 43 47
84 78 1 79
84 16 37 14
84 22 59 29
85 8 25 3
85 13 27 74
85 17 31 37
85 21 21 42
85 22 49 29
85 33 47 87
85 39 15 88
85 40 41 25
85 41 45 60
85 45 39 70
85 50 58 56
85 71 19 73
85 74 13 82
85 78 55 79
86 4 37 4
86 67 10 73
86 70 7 25
86 7 28 64
86 71 3 73
86 10 39 77
86 43 33 69
86 11 43 54
86 46 13 21
86 47 1 35
86 49 46 84
86 57 25 59
86 30 55 13
87 33 25 23
87 1 31 17
87 68 34 48
87 5 9 61
87 40 43 25
87 75 57 40
87 45 41 70
87 15 22 81
87 49 37 84
87 29 15 1
87 25 13 69
87 26 27 82
87 59 51 10
87 61 7 12
88 33 47 59
88 1 49 17
88 6 57 85
88 7 52 64
88 76 1 47
88 13 7 53
88 15 25 81
88 17 43 37
88 19 55 26
88 25 13 16
88 60 37 32
88 57 19 65
89 3 21 22
89 26 15 82
89 70 4 74
89 40 19 21
89 43 51 68
89 13 25 84
89 17 1 7
89 20 39 74
89 21 9 13
89 57 7 2
89 58 43 33
89 59 57 59
90 33 13 37
90 34 49 57
90 3 1 22
90 5 21 66
90 70 46 50
90 6 31 85
90 11 28 54
90 16 55 14
90 48 43 76
90 20 15 74
90 52 39 29
90 23 53 61
90 61 51 12
90 30 59 13
91 64 23 27
91 2 9 23
91 76 13 47
91 47 1 70
91 14 31 14
91 50 25 51
91 51 28 83
91 49 40 84
91 19 45 26
91 22 33 64
91 56 49 49
91 57 21 65
91 58 58 33
91 31 53 62
92 1 19 17
92 34 37 57
92 36 43 59
92 5 9 66
92 69 45 57
92 37 31 78
92 68 22 48
92 42 39 36
92 43 15 58
92 76 34 47
92 6 3 85
92 49 52 84
92 55 7 31
92 25 55 16
92 57 27 2
93 36 45 44
93 5 15 66
93 70 22 25
93 9 28 1
93 42 57 36
93 77 53 41
93 78 31 79
93 22 47 64
93 55 59 31
93 59 3 59
93 60 49 32
93 61 19 67
93 31 55 62
94 66 33 83
94 4 15 4
94 37 13 72
94 70 22 50
94 41 31 81
94 74 29 30
94 10 9 77
94 45 5 70
94 50 46 56
94 21 25 42
94 22 19 29
94 27 37 18
94 60 58 32
94 61 1 67
95 1 43 17
95 33 59 23
95 5 39 46
95 73 3 75
95 42 1 50
95 43 7 68
95 12 25 8
95 15 28 70
95 53 31 90
95 26 51 82
95 61 17 12
95 62 13 15
95 31 57 62
96 4 19 4
96 9 31 1
96 11 10 54
96 20 21 74
96 22 43 64
96 31 35 62
96 33 3 78
96 36 57 44
96 42 15 72
96 48 25 76
96 50 40 56
96 56 27 49
96 58 46 33
96 71 55 73
96 76 37 47
97 6 19 85
97 12 43 8
97 16 3 87
97 19 31 26
97 20 33 74
97 25 1 16
97 29 39 62
97 31 27 62
97 34 23 57
97 37 37 78
97 41 11 60
97 42 49 36
97 57 59 65
97 58 13 33
97 60 46 32
97 62 51 15
97 76 55 47
97 78 7 79
98 9 10 1
98 14 59 51
98 21 13 67
98 30 19 13
98 31 21 62
98 38 47 75
98 40 31 25
98 43 25 69
98 47 43 31
98 51 37 83
98 60 40 32
98 61 23 12
98 64 3 27
98 68 55 48
98 77 5 41
99 65 21 39
99 33 51 78
99 36 11 44
99 37 1 58
99 71 25 73
99 45 17 70
99 78 28 79
99 30 37 13
99 56 7 49
99 57 43 65
99 59 45 81
99 61 15 12
99 31 49 62
Điểm tối ưu: 1302
Thời gian: 100316.5965 ms
Trạng thái: FEASIBLE
