2984
1 1 1 188
1 130 58 87
1 4 43 37
1 139 49 23
1 151 31 102
1 25 41 111
1 27 7 49
1 28 21 10
1 35 13 64
1 56 5 96
1 65 16 19
1 73 53 73
1 80 55 81
1 95 51 25
1 104 25 108
2 132 45 78
2 7 55 38
2 14 33 61
2 150 1 54
2 42 49 73
2 56 3 96
2 73 51 73
2 77 5 54
2 84 39 59
2 95 53 25
2 102 37 149
2 118 7 96
3 134 33 75
3 9 31 14
3 137 16 46
3 16 49 121
3 29 7 30
3 43 29 177
3 48 22 80
3 57 37 37
3 62 3 82
3 64 53 27
3 68 43 71
3 78 57 2
3 108 19 46
3 118 10 96
4 64 51 27
4 37 58 160
4 75 13 190
4 12 45 8
4 47 27 33
4 112 53 34
4 81 11 29
4 116 34 17
4 86 22 46
4 94 3 40
4 155 39 14
4 30 19 151
4 159 55 79
5 128 51 15
5 38 55 105
5 106 31 13
5 12 57 8
5 113 13 74
5 116 37 17
5 17 1 161
5 156 15 67
6 137 25 46
6 141 58 40
6 17 37 144
6 149 49 164
6 64 55 27
6 68 33 71
6 80 1 92
6 81 15 29
6 102 43 149
6 113 19 74
6 116 40 17
7 9 55 14
7 151 4 102
7 25 37 111
7 30 16 151
7 42 1 162
7 61 52 43
7 67 19 124
7 68 39 71
7 87 13 72
7 94 9 40
7 104 31 108
7 107 43 10
7 121 45 17
8 65 4 19
8 132 47 78
8 38 7 141
8 111 9 19
8 146 31 80
8 87 19 72
8 151 34 102
8 89 58 111
8 94 15 40
9 4 40 37
9 133 45 48
9 19 1 134
9 27 19 49
9 159 57 79
9 48 34 80
9 80 7 92
9 86 13 68
9 87 25 72
9 101 51 37
9 111 27 19
10 4 1 44
10 102 55 149
10 12 9 8
10 48 37 80
10 83 33 19
10 84 45 59
10 55 58 58
10 118 13 96
10 156 27 67
10 94 21 40
11 130 52 39
11 139 57 23
11 14 45 61
11 152 9 47
11 155 33 14
11 156 19 67
11 31 1 69
11 44 49 95
11 48 40 80
11 65 4 56
11 67 28 124
11 75 15 190
11 78 59 2
11 95 55 25
12 130 31 87
12 8 7 44
12 137 28 46
12 9 1 148
12 16 55 121
12 149 35 164
12 48 58 80
12 53 52 61
12 54 43 33
12 81 13 29
12 92 4 41
12 107 49 10
12 118 16 96
13 65 13 56
13 104 37 108
13 141 28 40
13 60 19 85
13 111 21 19
13 47 45 33
13 48 25 80
13 147 58 5
13 20 3 69
13 152 39 47
13 155 51 14
13 28 33 10
14 37 49 75
14 4 25 44
14 141 52 40
14 13 3 72
14 47 33 33
14 146 46 80
14 115 9 141
14 83 39 19
14 116 16 72
14 27 37 49
14 61 58 43
14 159 13 142
15 65 7 56
15 130 22 100
15 132 51 78
15 104 43 108
15 73 55 73
15 139 53 23
15 115 13 141
15 152 57 47
15 151 37 102
15 31 5 69
16 35 19 64
16 4 31 44
16 3 57 67
16 137 1 90
16 75 17 190
16 111 45 19
16 54 55 33
16 57 10 56
16 92 7 41
16 29 13 30
16 30 22 151
17 132 49 78
17 37 43 75
17 77 9 54
17 84 51 59
17 23 46 144
17 55 4 90
17 95 57 25
18 2 40 87
18 12 51 8
18 146 43 80
18 147 46 5
18 151 13 102
18 26 49 147
18 27 31 49
18 56 33 96
18 87 37 72
18 112 57 34
19 32 7 26
19 98 27 104
19 4 16 44
19 107 37 10
19 104 49 108
19 77 11 54
19 143 58 16
19 43 33 177
19 113 25 74
19 87 47 72
19 27 43 49
19 125 40 97
20 32 33 26
20 4 43 44
20 102 49 149
20 71 1 77
20 47 51 33
20 143 19 16
20 153 13 54
20 60 31 85
20 61 55 43
20 95 59 25
21 2 13 87
21 4 22 37
21 9 43 14
21 149 55 164
21 153 9 68
21 28 27 10
21 39 33 175
21 43 39 177
21 44 52 95
21 77 17 54
21 83 57 19
21 87 49 72
21 102 1 173
21 118 19 96
21 121 47 17
22 35 34 64
22 37 55 75
22 7 58 38
22 78 1 51
22 124 47 71
22 147 40 11
22 30 25 151
22 115 3 141
22 55 13 90
22 153 19 54
22 60 43 85
22 62 9 82
23 129 51 144
23 141 55 40
23 20 9 69
23 150 23 54
23 151 43 102
23 156 33 67
23 42 7 162
23 43 41 177
23 59 3 11
23 78 13 51
23 108 31 46
23 109 17 56
23 112 59 34
24 132 53 78
24 141 34 40
24 17 13 161
24 19 3 173
24 25 49 111
24 38 17 141
24 47 39 33
24 53 55 61
24 54 1 60
24 60 25 85
24 78 59 51
24 90 19 100
24 100 7 42
24 113 31 74
24 118 22 96
24 121 51 17
24 125 43 97
25 129 19 190
25 18 4 51
25 37 52 75
25 48 49 80
25 51 57 91
25 55 7 90
25 56 25 96
25 58 28 151
25 80 13 92
25 92 10 41
25 107 55 10
25 116 31 72
26 64 43 27
26 4 19 51
26 37 40 75
26 137 16 90
26 106 37 13
26 140 55 22
26 28 45 10
26 77 25 54
26 143 49 16
26 53 58 61
26 124 53 71
26 158 13 60
27 4 10 44
27 19 5 173
27 150 27 54
27 152 45 47
27 156 37 67
27 57 19 56
27 62 15 82
27 73 57 73
27 90 31 100
27 109 25 56
27 112 1 76
28 9 43 148
28 143 37 16
28 19 7 173
28 26 55 147
28 28 51 10
28 30 31 151
28 31 11 69
28 32 45 26
28 68 3 113
28 109 35 56
28 118 28 96
28 124 57 71
29 132 55 78
29 8 37 44
29 141 43 40
29 143 40 16
29 27 49 49
29 158 7 60
29 159 59 79
29 42 13 162
29 57 31 56
29 83 51 19
29 94 3 68
29 95 1 89
29 102 9 173
29 104 57 108
29 116 34 72
29 125 46 97
30 133 33 48
30 141 40 40
30 14 21 90
30 18 28 51
30 17 51 161
30 20 7 69
30 156 43 67
30 52 3 127
30 64 57 27
30 68 9 113
30 95 19 89
31 4 16 51
31 132 59 78
31 13 27 72
31 152 51 47
31 44 55 95
31 52 1 127
31 58 34 151
31 75 23 190
31 80 19 92
31 83 3 74
31 102 11 173
32 130 52 87
32 3 47 67
32 137 10 90
32 139 7 35
32 22 13 178
32 33 57 120
32 38 19 141
32 48 1 109
32 52 5 127
32 56 31 96
32 62 21 82
32 80 25 92
32 86 16 68
32 90 34 100
33 68 49 71
33 101 53 37
33 134 9 124
33 100 1 42
33 71 7 77
33 111 3 64
33 124 55 71
33 55 25 90
33 151 58 102
33 56 35 96
33 153 21 68
33 58 46 151
34 9 25 148
34 11 7 12
34 141 46 40
34 16 31 121
34 147 52 5
34 152 21 47
34 28 39 10
34 49 3 30
34 51 59 91
34 55 28 90
34 61 49 85
34 67 43 124
34 78 1 106
34 101 55 37
34 109 37 56
35 133 21 48
35 134 45 91
35 3 59 67
35 39 39 175
35 37 7 160
35 44 1 110
35 14 33 90
35 143 52 16
35 48 4 109
35 150 57 117
35 62 27 82
35 31 15 69
36 32 3 26
36 65 28 56
36 102 15 173
36 106 34 13
36 13 43 72
36 146 52 80
36 93 9 74
36 86 25 68
36 56 37 96
36 25 47 111
36 155 57 14
36 125 49 97
36 158 31 60
37 32 51 26
37 98 43 104
37 136 31 157
37 43 35 177
37 80 47 92
37 115 21 141
37 84 57 59
37 16 9 127
37 118 40 96
38 65 22 56
38 3 49 67
38 7 25 38
38 8 55 44
38 102 17 173
38 44 58 95
38 144 37 93
38 48 7 109
38 112 3 76
38 93 33 74
38 86 28 68
39 2 52 137
39 8 4 44
39 143 55 16
39 27 7 106
39 42 37 162
39 43 43 177
39 50 1 45
39 53 10 109
39 54 19 60
39 55 40 90
39 67 46 124
39 68 15 113
39 77 31 54
39 111 27 64
39 124 59 71
40 137 22 129
40 139 25 23
40 140 7 22
40 146 28 80
40 25 35 111
40 162 1 101
40 55 37 90
40 64 59 27
40 80 31 92
40 89 43 111
40 100 13 42
40 101 47 37
40 104 55 108
40 107 57 10
40 108 33 46
40 113 41 74
40 121 49 17
40 125 52 97
41 130 37 100
41 133 15 74
41 139 13 35
41 13 21 72
41 150 7 117
41 155 27 14
41 158 25 60
41 162 19 101
41 37 31 160
41 39 45 175
41 47 57 33
41 55 49 90
41 106 40 13
41 112 5 76
42 2 25 87
42 4 10 51
42 8 28 44
42 138 51 84
42 150 13 117
42 156 33 113
42 31 23 69
42 159 21 142
42 54 37 60
42 65 40 56
42 73 59 73
42 83 15 92
42 86 55 68
42 118 43 96
43 4 10 89
43 144 28 93
43 17 57 161
43 38 25 141
43 42 19 162
43 62 39 82
43 68 51 113
43 80 37 92
43 81 17 29
43 95 13 109
43 97 1 28
43 102 21 173
43 118 46 96
44 102 19 173
44 71 21 77
44 8 58 44
44 140 1 22
44 16 13 127
44 80 51 92
44 50 7 45
44 54 47 60
44 23 55 144
44 153 33 68
44 29 10 30
44 95 15 109
45 130 25 100
45 134 21 91
45 8 34 44
45 140 4 22
45 18 31 51
45 149 41 164
45 153 9 92
45 27 55 49
45 30 52 151
45 162 7 101
45 34 13 101
45 51 1 174
45 60 37 85
45 65 43 56
45 67 49 124
45 81 19 29
45 95 17 109
45 109 59 56
46 19 13 173
46 22 19 178
46 153 3 121
46 155 57 126
46 156 27 113
46 29 16 30
46 39 49 175
46 42 25 162
46 60 53 85
46 77 33 54
46 83 21 92
46 93 37 74
46 97 7 28
46 100 41 42
46 112 11 76
46 113 43 74
47 131 7 88
47 37 55 160
47 38 31 141
47 104 59 108
47 108 35 46
47 44 10 110
47 13 45 85
47 16 15 127
47 55 52 90
47 90 40 100
48 8 52 44
48 11 39 12
48 13 3 85
48 17 7 161
48 160 1 130
48 75 25 190
48 92 13 41
48 93 45 74
48 101 57 37
48 108 37 46
48 116 49 152
49 139 43 23
49 141 7 76
49 11 33 12
49 22 49 171
49 155 45 14
49 159 53 142
49 34 51 101
49 39 57 175
49 52 11 127
49 56 1 143
49 60 55 85
49 75 39 190
49 84 13 76
49 97 19 28
49 103 28 89
49 107 3 118
49 124 17 88
50 128 37 15
50 3 41 67
50 132 15 118
50 5 49 52
50 7 52 38
50 40 4 21
50 140 43 22
50 109 47 56
50 12 57 26
50 48 19 109
50 83 27 92
50 52 23 127
50 153 33 121
50 59 9 11
51 40 43 21
51 17 19 161
51 147 22 28
51 146 1 163
51 118 52 96
51 59 15 11
51 156 57 113
51 157 7 163
52 134 15 124
52 11 47 12
52 140 10 22
52 13 39 72
52 22 57 194
52 27 25 106
52 51 3 174
52 56 49 96
52 77 29 54
52 86 43 68
52 95 23 109
52 98 51 104
52 103 31 89
52 109 1 150
52 113 55 74
53 5 13 52
53 151 28 102
53 152 33 47
53 154 3 143
53 31 57 69
53 38 37 141
53 43 47 177
53 48 25 109
53 50 9 45
53 51 5 174
53 55 43 90
53 62 49 82
53 64 11 163
53 81 21 29
53 108 39 46
53 112 17 76
53 121 53 17
54 8 49 44
54 139 1 122
54 14 33 92
54 20 21 69
54 34 25 101
54 45 9 12
54 53 13 155
54 58 43 151
54 65 52 56
54 73 23 88
54 86 46 68
54 89 55 111
54 101 59 37
55 97 13 28
55 2 49 87
55 100 43 42
55 133 21 74
55 6 31 42
55 9 1 180
55 13 39 85
55 16 27 127
55 20 45 69
55 55 55 90
55 116 52 152
55 23 58 144
55 60 5 159
56 129 27 105
56 2 34 87
56 153 3 142
56 104 7 130
56 8 46 44
56 140 58 22
56 14 39 92
56 113 49 74
56 84 19 76
56 20 51 69
56 150 31 117
56 25 13 143
56 28 15 110
56 125 55 97
57 130 40 129
57 139 55 23
57 145 1 12
57 16 7 127
57 19 23 173
57 147 16 28
57 146 4 163
57 150 37 117
57 24 13 45
57 25 21 143
57 47 9 101
57 65 49 56
57 81 27 29
57 89 52 111
57 98 57 104
57 102 33 173
58 134 33 91
58 16 19 127
58 151 40 102
58 25 5 143
58 44 7 110
58 47 57 192
58 50 11 45
58 52 21 127
58 54 49 60
58 62 45 82
58 64 51 163
58 78 13 106
58 89 1 117
58 92 16 41
58 97 25 28
58 112 23 76
59 137 43 92
59 144 40 93
59 146 55 80
59 20 33 69
59 25 23 143
59 157 37 163
59 30 49 151
59 159 1 142
59 44 4 110
59 60 7 159
59 61 10 159
59 67 52 124
59 90 46 100
59 92 19 41
59 104 13 130
59 107 17 118
59 125 58 97
60 3 53 67
60 5 46 52
60 12 21 26
60 20 29 69
60 26 9 174
60 33 3 120
60 39 51 175
60 40 16 21
60 44 34 110
60 67 58 124
60 94 39 68
60 106 43 13
60 118 55 96
61 140 37 22
61 16 25 127
61 24 4 45
61 25 7 143
61 154 9 143
61 34 57 101
61 35 16 64
61 38 55 141
61 54 59 60
61 56 11 143
61 59 21 11
61 60 13 159
61 64 45 163
61 71 33 77
61 87 51 72
61 115 27 141
62 129 27 144
62 2 37 87
62 33 7 120
62 136 41 157
62 9 49 148
62 107 59 10
62 108 45 46
62 45 21 101
62 109 11 150
62 115 33 141
62 93 51 74
62 84 3 161
62 24 16 45
62 29 55 30
62 158 1 107
63 137 13 150
63 138 45 84
63 139 7 122
63 16 17 127
63 34 31 101
63 35 58 64
63 47 51 192
63 50 19 45
63 52 33 127
63 58 55 151
63 59 25 11
63 61 22 159
63 77 37 54
63 95 29 109
63 116 10 169
64 129 7 105
64 2 43 87
64 136 1 196
64 10 3 16
64 26 11 174
64 33 15 120
64 39 21 175
64 52 29 127
64 62 33 82
64 65 55 56
64 75 27 190
64 78 31 106
64 86 58 68
64 87 53 72
64 90 49 100
64 106 46 13
64 107 39 118
64 112 25 76
65 32 27 26
65 130 43 100
65 132 5 118
65 11 13 12
65 140 46 22
65 43 51 177
65 78 37 106
65 80 53 92
65 111 15 121
65 18 34 51
65 112 31 76
65 49 21 30
65 155 57 155
65 28 39 110
66 3 23 67
66 133 27 74
66 9 19 106
66 139 13 122
66 12 33 152
66 149 43 164
66 150 49 117
66 156 39 113
66 33 45 120
66 42 31 162
66 68 51 121
66 80 55 92
66 95 37 109
66 111 57 121
66 124 25 88
66 125 1 114
67 3 55 67
67 103 13 89
67 40 7 21
67 12 39 26
67 45 45 101
67 48 31 109
67 17 37 161
67 113 1 184
67 84 27 76
67 86 49 68
67 57 16 143
67 155 3 126
67 92 22 41
67 93 57 74
68 132 45 118
68 134 33 124
68 8 40 44
68 136 43 157
68 23 1 153
68 30 58 151
68 158 7 107
68 58 4 153
68 75 47 190
68 80 49 92
68 81 23 29
68 87 55 72
68 106 52 13
68 124 27 88
69 140 40 22
69 14 3 92
69 18 46 51
69 20 13 69
69 156 21 113
69 29 37 30
69 161 29 88
69 162 59 101
69 35 52 64
69 42 55 162
69 48 43 109
69 58 7 153
69 87 57 72
69 98 15 106
69 102 25 173
69 112 33 76
69 124 31 88
70 64 13 163
70 68 21 121
70 134 37 124
70 7 49 38
70 104 15 130
70 108 41 46
70 140 52 22
70 49 27 30
70 84 9 161
70 89 4 117
70 26 45 174
70 59 33 11
70 31 57 176
71 139 59 23
71 141 37 40
71 26 7 174
71 155 13 14
71 160 17 130
71 162 27 136
71 35 40 64
71 56 19 143
71 59 51 11
71 63 9 117
71 74 1 189
71 75 45 190
71 80 3 128
71 96 21 49
71 108 47 46
71 121 57 17
71 124 33 88
72 33 21 120
72 98 39 104
72 40 25 21
72 10 45 16
72 139 19 122
72 16 35 127
72 145 4 12
72 50 29 45
72 116 1 169
72 121 55 17
72 90 52 100
72 155 9 126
72 29 58 30
72 63 15 117
73 3 51 67
73 134 15 164
73 8 1 50
73 11 53 12
73 146 22 163
73 37 34 160
73 38 43 141
73 52 45 127
73 58 10 153
73 77 39 54
73 84 27 161
73 89 19 117
73 91 5 128
73 106 55 13
73 118 58 96
74 132 43 78
74 137 34 150
74 147 10 28
74 30 40 151
74 159 31 142
74 162 37 101
74 38 49 141
74 43 45 177
74 47 15 101
74 57 25 143
74 61 19 159
74 64 47 163
74 69 55 60
74 87 59 72
74 89 22 117
74 94 51 94
74 125 4 114
75 131 10 88
75 138 33 84
75 140 16 22
75 143 22 16
75 16 1 156
75 21 7 114
75 150 25 117
75 23 13 153
75 22 31 178
75 29 40 30
75 31 47 69
75 160 51 130
75 159 37 142
75 34 53 101
75 63 27 117
75 83 57 92
75 100 45 42
75 108 49 46
76 73 35 88
76 107 1 118
76 11 41 12
76 47 3 101
76 144 52 93
76 156 9 130
76 18 37 51
76 51 57 174
76 23 16 153
76 152 45 142
76 24 22 45
76 56 29 143
76 60 25 159
77 2 46 87
77 32 15 26
77 35 55 64
77 40 58 21
77 52 39 127
77 57 34 143
77 58 19 153
77 61 43 159
77 64 49 163
77 81 29 29
77 91 1 128
77 105 3 98
77 116 7 169
77 120 27 50
77 124 51 88
77 125 10 114
78 9 7 180
78 13 21 85
78 16 1 194
78 147 4 86
78 20 59 69
78 19 27 173
78 156 45 113
78 33 49 120
78 36 40 137
78 38 57 156
78 56 31 143
78 63 33 117
78 64 53 163
78 65 10 134
78 79 13 146
78 85 29 50
78 109 37 150
79 2 34 134
79 7 37 38
79 13 27 85
79 144 58 93
79 22 25 178
79 152 9 142
79 161 45 156
79 43 49 177
79 51 51 174
79 52 47 127
79 58 40 153
79 81 31 29
79 87 1 83
79 90 55 100
79 91 7 128
79 122 3 83
79 125 13 114
80 162 43 101
80 38 7 156
80 134 27 91
80 44 31 110
80 78 53 106
80 111 9 121
80 48 34 109
80 79 58 146
80 146 40 163
80 83 3 157
80 52 51 127
80 56 37 143
80 91 15 128
80 28 45 110
80 125 19 114
81 7 46 38
81 137 16 150
81 141 1 159
81 13 33 85
81 144 13 93
81 145 28 12
81 25 51 143
81 27 59 106
81 161 21 156
81 42 57 165
81 57 43 143
81 58 25 153
81 83 9 157
81 95 49 109
81 122 5 83
81 123 39 117
82 162 49 101
82 68 25 121
82 26 21 174
82 102 29 173
82 135 51 156
82 18 40 51
82 84 33 161
82 152 15 142
82 89 7 145
82 58 58 153
82 93 45 164
82 94 3 131
83 98 21 104
83 100 19 42
83 4 46 137
83 40 31 21
83 143 25 98
83 17 49 161
83 146 43 179
83 115 39 141
83 52 57 127
83 116 13 169
83 147 7 86
83 89 10 145
83 158 51 107
84 101 49 37
84 71 13 77
84 136 55 157
84 140 34 22
84 13 21 89
84 141 28 159
84 111 39 121
84 48 46 109
84 144 43 93
84 83 51 145
84 145 1 115
84 149 25 180
84 22 5 194
84 29 10 86
84 62 57 82
85 67 22 124
85 102 35 173
85 134 37 164
85 9 41 180
85 45 3 107
85 113 33 184
85 83 15 157
85 115 45 141
85 85 25 50
85 150 59 117
85 87 9 83
85 21 28 114
85 149 57 180
85 27 1 119
85 28 51 110
86 39 41 175
86 7 19 38
86 40 55 21
86 139 37 122
86 108 43 46
86 45 27 101
86 14 15 145
86 111 45 121
86 145 7 115
86 49 49 30
86 90 58 100
86 124 53 88
86 62 3 122
87 140 13 22
87 12 9 118
87 20 17 69
87 149 1 195
87 22 3 194
87 153 27 157
87 154 5 188
87 155 21 126
87 25 47 143
87 42 43 162
87 49 33 30
87 67 55 124
87 104 39 130
87 106 58 13
87 108 51 46
87 109 45 150
88 133 19 130
88 139 43 122
88 45 39 101
88 16 33 194
88 146 52 179
88 147 1 86
88 86 4 112
88 151 46 102
88 120 31 50
88 92 25 41
88 157 58 163
88 94 9 131
89 160 23 130
89 104 27 130
89 73 37 88
89 74 7 189
89 138 39 84
89 141 34 159
89 49 45 30
89 146 49 179
89 86 52 68
89 87 1 166
89 150 55 117
89 154 13 188
89 156 57 179
89 24 31 45
89 63 3 119
90 160 47 130
90 40 40 21
90 137 22 150
90 106 4 193
90 10 33 16
90 140 49 22
90 141 37 159
90 17 59 161
90 18 52 51
90 22 45 194
90 154 57 188
90 94 15 131
91 139 55 122
91 143 31 98
91 146 16 163
91 25 13 193
91 26 27 174
91 28 21 110
91 29 34 86
91 39 53 175
91 48 40 109
91 54 11 83
91 59 45 11
91 60 49 159
91 68 57 129
91 95 51 109
91 102 37 173
92 162 55 101
92 133 33 130
92 134 21 164
92 101 7 119
92 11 51 12
92 109 39 150
92 46 3 77
92 144 46 93
92 20 53 69
92 90 25 197
92 28 57 110
93 129 21 197
93 65 58 134
93 162 39 136
93 73 49 88
93 76 1 112
93 143 52 99
93 49 9 77
93 81 25 29
93 147 16 86
93 21 31 114
93 118 4 115
93 22 7 194
93 24 34 45
93 89 55 145
93 92 28 41
93 29 43 86
94 132 13 118
94 133 3 130
94 144 31 93
94 146 19 163
94 19 45 173
94 149 59 180
94 160 29 130
94 162 1 136
94 44 34 145
94 50 55 191
94 53 49 155
94 58 22 153
94 60 27 167
94 61 52 159
94 71 57 77
94 73 7 112
94 77 47 54
94 91 9 128
94 113 39 184
94 118 16 115
94 120 43 50
95 2 7 134
95 130 28 100
95 104 37 130
95 136 31 196
95 76 10 112
95 78 43 106
95 79 19 146
95 115 51 141
95 117 1 35
95 86 22 112
95 23 34 153
95 89 58 145
95 155 39 126
95 61 55 159
95 30 46 184
96 67 25 124
96 104 31 130
96 8 37 50
96 80 11 128
96 17 53 161
96 49 15 77
96 147 40 86
96 84 21 161
96 85 3 125
96 22 9 194
96 19 43 173
96 152 33 142
96 90 28 197
96 155 45 126
96 93 57 164
96 30 49 184
97 65 1 56
97 131 46 88
97 100 35 42
97 42 49 162
97 92 31 41
97 156 21 157
97 116 4 169
97 22 51 194
97 152 39 142
97 94 27 131
97 58 43 153
97 155 9 155
97 28 55 136
97 62 15 122
98 64 43 163
98 68 25 126
98 39 29 175
98 137 19 150
98 8 40 50
98 16 23 194
98 49 45 108
98 18 49 51
98 156 33 157
98 23 52 153
98 59 57 11
98 92 37 41
99 17 25 161
99 159 7 142
99 35 10 64
99 38 47 156
99 44 31 145
99 57 40 143
99 71 45 77
99 84 15 161
99 92 34 41
99 94 21 131
99 96 27 49
99 103 37 89
99 106 49 13
99 108 57 46
99 113 53 184
99 117 4 35
99 121 59 17
99 122 13 83
99 124 55 88
100 128 25 15
100 132 29 118
100 11 45 12
100 153 37 157
100 159 51 142
100 160 53 130
100 34 1 139
100 56 57 143
100 62 9 122
100 77 41 54
100 85 5 125
100 91 13 128
100 94 33 131
100 102 47 173
100 116 16 169
100 117 19 35
101 35 22 64
101 132 33 118
101 134 27 164
101 39 37 175
101 105 15 35
101 18 43 51
101 84 39 161
101 23 46 153
101 151 49 102
101 154 59 188
101 27 1 125
101 28 3 136
101 29 52 86
101 159 57 142
102 3 15 83
102 136 25 196
102 8 22 44
102 17 43 161
102 25 1 193
102 154 49 143
102 27 7 125
102 28 27 110
102 33 31 120
102 35 37 64
102 40 46 21
102 53 40 155
102 56 59 143
102 80 17 128
102 101 13 119
102 112 35 76
102 123 51 117
102 124 57 88
102 127 3 116
103 130 4 100
103 4 28 129
103 17 31 161
103 150 43 117
103 162 11 136
103 46 49 116
103 56 53 143
103 58 55 153
103 60 1 167
103 71 59 77
103 85 9 125
103 90 34 197
103 91 19 128
103 94 37 131
103 109 41 150
103 114 45 135
103 117 22 35
103 118 25 115
104 64 55 163
104 97 28 28
104 131 40 88
104 7 34 38
104 73 13 112
104 105 9 35
104 76 16 112
104 48 46 136
104 81 37 29
104 19 51 173
104 52 53 127
104 62 21 122
104 26 59 174
104 60 57 167
104 94 3 146
105 7 31 38
105 17 55 161
105 146 34 163
105 25 7 193
105 31 39 69
105 160 41 130
105 161 59 156
105 34 13 139
105 40 49 21
105 48 52 136
105 63 9 119
105 78 57 195
105 83 45 157
105 96 3 49
105 116 19 169
105 118 28 115
106 132 7 118
106 16 15 194
106 20 37 69
106 21 22 114
106 150 17 167
106 23 31 153
106 22 35 194
106 25 27 193
106 158 13 107
106 161 43 156
106 37 40 160
106 63 45 117
106 64 51 165
106 69 9 60
106 83 1 165
106 108 53 46
106 115 57 141
106 121 29 154
107 14 21 145
107 145 55 12
107 20 49 69
107 24 37 45
107 154 7 188
107 33 27 120
107 34 11 139
107 46 15 116
107 60 33 167
107 61 58 159
107 73 41 112
107 74 19 189
107 77 43 54
107 83 51 157
107 87 13 166
107 94 45 131
107 101 25 119
107 123 3 171
108 9 13 180
108 17 15 165
108 151 19 102
108 157 28 163
108 30 37 151
108 160 43 130
108 162 35 136
108 39 47 175
108 40 10 21
108 44 4 167
108 52 49 127
108 54 17 83
108 73 25 112
108 92 40 41
108 93 51 164
108 97 31 28
108 98 55 106
108 108 59 46
108 121 45 154
109 32 21 98
109 69 3 60
109 137 25 150
109 42 35 165
109 108 55 46
109 141 46 159
109 12 57 152
109 143 28 98
109 74 51 189
109 76 31 112
109 81 39 29
109 115 7 171
109 85 11 125
109 92 43 41
109 158 53 107
109 63 15 119
110 3 23 184
110 132 35 118
110 144 49 93
110 147 46 86
110 21 40 114
110 31 1 176
110 34 19 139
110 37 52 160
110 46 57 137
110 54 7 83
110 81 33 29
110 85 13 125
110 91 21 128
110 94 9 146
110 104 55 130
110 106 16 193
110 117 25 35
110 118 37 115
111 137 28 150
111 9 47 180
111 139 31 122
111 12 21 118
111 17 19 165
111 152 3 149
111 29 13 86
111 33 37 120
111 34 25 139
111 55 58 90
111 62 33 122
111 69 51 60
111 81 41 29
111 85 17 125
111 92 55 41
111 94 9 149
111 109 43 150
111 120 45 50
112 2 25 134
112 5 43 52
112 14 3 145
112 16 39 194
112 150 35 167
112 26 13 174
112 158 49 107
112 32 9 98
112 34 31 139
112 44 52 180
112 54 33 83
112 56 55 143
112 92 46 41
112 105 15 98
112 113 1 185
112 117 28 35
112 123 21 171
112 127 57 116
113 130 19 129
113 7 22 38
113 16 25 194
113 17 29 165
113 147 31 86
113 152 15 149
113 157 34 180
113 159 55 142
113 161 39 156
113 35 43 64
113 52 59 127
113 79 52 146
113 91 27 128
113 92 49 41
113 97 46 28
113 102 57 173
113 113 7 185
113 127 3 147
114 33 9 135
114 65 19 134
114 34 37 139
114 138 27 84
114 143 34 98
114 115 15 171
114 116 22 169
114 21 43 114
114 55 46 90
114 153 57 157
114 28 3 139
114 29 49 86
114 62 39 122
114 95 53 109
115 3 3 184
115 13 13 85
115 21 46 114
115 22 27 194
115 27 23 125
115 156 37 196
115 38 1 158
115 43 59 177
115 54 19 83
115 56 17 185
115 68 49 126
115 75 53 190
115 83 7 165
115 90 43 197
115 104 57 130
115 122 21 83
115 123 33 171
116 132 37 118
116 17 5 165
116 149 7 195
116 22 29 194
116 27 19 125
116 29 25 86
116 157 31 163
116 160 3 132
116 46 9 116
116 69 15 60
116 71 23 77
116 77 57 54
116 81 45 29
116 103 34 89
116 113 51 185
116 115 39 171
116 124 59 88
117 161 13 156
117 5 4 52
117 6 37 42
117 42 47 165
117 12 27 125
117 109 49 150
117 13 57 85
117 143 1 99
117 50 41 45
117 114 51 135
117 83 21 165
117 94 33 149
117 28 15 139
117 125 43 139
117 158 55 107
117 127 9 147
118 136 43 196
118 16 11 194
118 23 28 153
118 156 39 179
118 30 16 184
118 160 45 130
118 44 7 167
118 50 47 45
118 55 55 99
118 76 19 112
118 81 53 29
118 85 33 125
118 87 35 166
118 91 23 128
118 92 58 41
118 109 51 150
118 112 37 76
118 114 3 148
118 116 25 169
119 9 31 180
119 146 25 163
119 22 49 194
119 155 33 126
119 157 43 180
119 35 46 64
119 45 9 107
119 53 16 155
119 75 51 190
119 78 13 195
119 102 53 173
119 108 41 132
119 112 39 76
119 114 57 135
119 116 28 169
119 119 3 138
119 121 7 158
120 144 1 93
120 146 4 179
120 30 10 184
120 160 21 132
120 37 49 160
120 39 59 175
120 49 25 77
120 54 23 83
120 59 15 162
120 64 43 172
120 65 40 134
120 68 45 129
120 95 57 109
120 101 37 119
120 109 53 150
120 117 31 35
120 121 13 158
121 8 22 50
121 144 10 93
121 16 47 194
121 152 27 142
121 31 13 176
121 43 53 177
121 47 3 162
121 53 19 155
121 57 7 148
121 65 49 134
121 73 45 112
121 75 59 190
121 83 39 165
121 86 16 132
121 95 55 109
121 100 57 42
121 121 31 158
121 122 35 83
122 132 19 118
122 5 10 166
122 4 25 129
122 143 4 99
122 19 39 173
122 26 15 174
122 28 21 139
122 30 28 184
122 161 41 156
122 40 52 21
122 52 55 127
122 56 57 186
122 73 47 112
122 101 49 119
122 103 43 89
122 104 59 130
122 118 34 115
122 121 37 158
123 160 25 130
123 64 11 165
123 35 31 64
123 68 13 126
123 37 37 160
123 39 43 175
123 104 49 130
123 42 17 165
123 10 27 16
123 12 19 135
123 14 45 145
123 113 23 185
123 49 51 108
123 117 34 35
123 22 59 194
123 118 40 115
123 24 55 45
123 153 3 168
124 129 9 132
124 132 15 183
124 69 21 60
124 4 40 183
124 39 55 175
124 74 13 189
124 6 27 42
124 114 33 135
124 84 45 161
124 149 19 195
124 21 49 114
124 151 52 102
124 88 1 181
124 89 58 184
124 117 37 35
125 132 25 118
125 9 29 186
125 147 37 11
125 160 5 132
125 47 9 162
125 54 27 83
125 63 19 119
125 75 57 190
125 95 59 109
125 96 33 49
125 103 40 89
125 104 1 199
125 118 43 115
125 121 51 158
125 124 47 183
125 127 15 147
126 160 1 132
126 35 49 64
126 134 9 164
126 135 15 156
126 44 4 181
126 29 55 86
126 115 27 171
126 152 21 149
126 87 19 166
126 24 58 45
126 90 31 197
126 27 35 125
126 28 39 139
126 125 52 139
126 94 45 149
127 160 7 132
127 33 3 180
127 129 9 144
127 3 55 184
127 131 19 88
127 101 23 119
127 73 37 112
127 11 59 12
127 12 45 152
127 28 33 139
127 44 40 199
127 143 28 99
127 113 25 185
127 23 49 153
127 153 15 168
127 92 52 41
127 158 57 107
128 9 55 180
128 20 43 69
128 151 16 102
128 31 47 176
128 32 3 135
128 38 19 158
128 49 9 108
128 66 27 154
128 68 49 129
128 71 29 77
128 78 31 195
128 79 22 146
128 92 34 170
128 97 40 28
128 108 45 132
128 121 53 158
128 122 37 83
128 125 58 139
129 153 9 168
129 2 22 134
129 132 27 118
129 134 31 164
129 104 3 199
129 39 35 175
129 75 29 190
129 137 49 176
129 14 37 145
129 19 41 173
129 125 46 139
129 118 52 115
129 87 43 166
129 121 55 158
129 155 15 166
129 29 58 86
130 2 13 134
130 4 49 137
130 5 22 166
130 122 29 83
130 71 37 77
130 106 19 193
130 75 35 190
130 12 39 135
130 78 25 195
130 48 7 136
130 49 3 108
130 18 55 51
130 21 52 114
130 55 58 99
130 152 31 185
130 126 10 148
130 62 45 122
131 129 3 144
131 132 7 183
131 11 37 12
131 16 55 194
131 17 49 165
131 144 16 93
131 155 27 139
131 28 9 170
131 160 39 132
131 32 45 160
131 46 21 116
131 57 13 148
131 58 58 154
131 74 33 189
131 81 51 29
131 85 41 125
131 101 53 119
132 13 9 72
132 141 16 159
132 17 59 165
132 18 22 51
132 146 1 179
132 150 19 167
132 24 25 45
132 27 39 125
132 48 13 136
132 56 51 186
132 63 33 119
132 85 45 125
132 100 47 42
132 104 5 199
132 112 41 76
132 113 57 185
132 125 28 189
133 134 3 164
133 143 7 99
133 145 22 115
133 27 37 125
133 32 25 160
133 162 41 136
133 46 33 116
133 52 43 127
133 70 15 94
133 71 39 77
133 76 52 112
133 80 29 128
133 100 49 42
133 102 59 173
133 109 55 150
133 115 45 171
133 121 57 158
134 132 31 183
134 137 4 150
134 143 10 99
134 145 13 115
134 26 29 174
134 156 21 179
134 158 19 107
134 159 49 142
134 160 27 132
134 40 34 21
134 57 16 148
134 68 43 183
134 71 47 77
134 81 59 29
134 87 57 166
134 89 7 199
134 96 39 49
134 115 51 171
134 124 55 183
135 8 13 44
135 142 7 181
135 145 31 115
135 146 16 179
135 19 43 200
135 32 3 160
135 160 19 132
135 53 22 155
135 54 25 83
135 56 37 185
135 67 10 167
135 84 27 179
135 97 34 28
135 100 51 42
135 102 57 182
135 106 40 193
135 112 45 76
135 121 59 158
136 18 7 51
136 20 55 69
136 154 53 188
136 27 25 125
136 31 37 176
136 37 10 160
136 49 15 108
136 59 21 162
136 63 27 119
136 64 49 172
136 69 43 60
136 77 59 54
136 91 51 128
136 98 33 106
136 104 57 199
136 105 39 98
136 120 47 50
137 128 15 15
137 130 37 129
137 9 49 180
137 141 40 159
137 143 19 99
137 16 53 194
137 27 57 125
137 28 3 170
137 50 1 191
137 56 59 186
137 64 55 172
137 80 25 128
137 88 10 181
137 91 31 128
137 94 27 149
137 105 43 98
137 107 51 118
137 112 47 76
137 116 34 169
138 129 3 190
138 3 35 184
138 140 25 22
138 23 37 153
138 24 43 45
138 154 31 188
138 158 41 107
138 161 55 156
138 43 57 177
138 57 19 148
138 88 13 181
138 91 33 128
138 92 49 170
138 100 59 42
138 103 52 89
138 106 46 193
139 4 28 183
139 136 21 167
139 11 35 12
139 139 49 122
139 18 7 191
139 146 31 179
139 149 1 198
139 160 47 132
139 44 16 199
139 50 13 191
139 53 37 155
139 55 43 99
139 74 55 189
139 89 25 199
139 97 58 28
139 111 51 131
139 116 40 169
140 8 7 50
140 12 27 135
140 140 19 22
140 142 16 181
140 16 1 201
140 158 25 107
140 33 37 180
140 38 49 158
140 45 45 107
140 57 22 148
140 65 31 134
140 71 51 77
140 77 53 54
140 85 55 125
140 88 34 181
140 118 58 115
140 121 13 198
140 122 41 83
141 132 11 183
141 6 15 42
141 11 23 12
141 139 25 122
141 140 28 22
141 142 31 181
141 20 35 69
141 22 43 194
141 24 49 45
141 60 45 167
141 66 53 154
141 85 47 125
141 100 55 42
141 110 1 140
141 115 57 171
141 116 37 169
141 117 40 35
142 130 10 100
142 4 34 129
142 146 13 179
142 21 25 114
142 25 29 193
142 31 19 176
142 161 49 156
142 46 45 116
142 57 31 148
142 65 37 134
142 74 53 189
142 79 16 146
142 85 59 125
142 88 40 181
142 92 55 170
142 99 21 81
142 112 51 76
142 122 43 83
143 130 13 100
143 3 21 184
143 141 31 159
143 25 25 193
143 43 55 177
143 60 23 167
143 66 49 154
143 71 53 77
143 79 34 146
143 83 3 195
143 92 43 170
143 94 39 149
143 95 9 140
143 99 27 81
143 111 57 131
143 116 46 169
143 122 51 83
144 130 31 129
144 99 3 81
144 5 28 166
144 38 43 158
144 104 47 199
144 137 52 176
144 138 15 84
144 8 34 50
144 78 37 195
144 53 25 155
144 21 55 114
144 122 45 83
144 155 39 166
144 60 59 167
144 157 49 199
144 127 21 147
145 129 9 190
145 16 7 201
145 20 31 69
145 25 37 193
145 29 22 86
145 159 43 142
145 48 16 136
145 53 52 155
145 56 25 186
145 63 39 119
145 65 46 134
145 66 55 154
145 78 59 195
145 86 4 140
145 97 49 28
145 98 27 106
145 99 33 81
145 109 57 150
146 96 15 49
146 66 5 154
146 5 43 186
146 102 19 182
146 106 22 193
146 108 51 132
146 14 27 145
146 78 53 195
146 15 49 182
146 145 55 115
146 19 59 200
146 116 31 169
146 117 46 35
146 119 9 138
146 57 34 148
146 127 39 147
147 130 16 100
147 4 22 183
147 144 19 93
147 151 25 102
147 155 31 166
147 162 29 136
147 47 39 192
147 53 43 155
147 57 7 178
147 74 35 189
147 81 47 29
147 83 49 195
147 85 53 125
147 95 11 140
147 103 55 89
147 125 58 189
148 98 21 106
148 131 43 88
148 134 33 196
148 42 53 165
148 139 7 140
148 44 10 199
148 142 1 187
148 14 39 176
148 49 27 108
148 146 46 179
148 115 15 195
148 87 51 166
148 151 55 102
148 31 59 176
149 7 28 38
149 10 9 16
149 16 31 201
149 40 19 21
149 42 33 165
149 60 49 167
149 71 55 77
149 79 25 146
149 86 13 140
149 87 37 166
149 88 43 181
149 91 35 128
149 98 39 106
149 101 51 119
149 102 59 182
149 103 46 89
149 107 53 118
149 118 22 187
149 121 57 198
150 2 7 137
150 69 27 60
150 102 31 173
150 7 40 38
150 135 33 156
150 70 21 94
150 11 49 12
150 31 55 176
150 47 45 192
150 149 43 198
150 21 58 114
150 59 51 162
150 28 15 170
150 61 37 178
150 95 19 140
151 8 19 44
151 104 23 199
151 42 27 165
151 139 25 140
151 108 29 132
151 45 33 101
151 46 37 116
151 109 47 150
151 144 55 93
151 107 41 118
151 83 9 195
151 148 1 172
151 119 15 138
151 88 58 181
151 122 49 83
151 28 43 191
151 62 51 122
152 130 1 129
152 140 31 22
152 144 34 93
152 148 4 172
152 20 41 69
152 22 37 194
152 23 7 182
152 154 43 188
152 160 49 132
152 65 55 134
152 84 21 188
152 86 16 140
152 88 46 181
152 91 39 128
152 96 51 49
152 109 59 150
152 110 28 140
152 118 25 187
153 3 41 184
153 5 25 166
153 137 31 150
153 16 37 201
153 155 3 155
153 156 9 179
153 33 15 180
153 162 43 136
153 53 34 155
153 60 39 167
153 74 47 189
153 78 45 195
153 79 55 146
153 81 49 29
153 88 52 181
153 90 58 197
153 93 21 168
153 118 28 187
154 98 3 106
154 99 9 81
154 66 7 154
154 74 25 189
154 12 15 135
154 143 22 99
154 48 49 136
154 145 46 115
154 50 19 191
154 18 52 191
154 19 55 173
154 152 27 170
154 127 33 147
154 125 43 201
154 126 37 148
154 63 57 119
155 132 25 183
155 143 13 99
155 15 1 182
155 147 16 172
155 20 19 69
155 26 33 174
155 156 7 196
155 160 35 132
155 36 37 137
155 49 21 108
155 52 41 127
155 61 43 178
155 64 31 187
155 66 47 154
155 70 27 94
155 73 55 112
155 75 49 190
155 91 57 128
155 104 59 199
155 106 52 193
156 5 7 166
156 136 11 196
156 11 15 12
156 14 3 176
156 144 25 93
156 19 49 173
156 148 28 172
156 154 19 188
156 27 31 125
156 28 33 191
156 45 21 107
156 50 47 191
156 55 40 99
156 63 43 119
156 65 52 134
156 87 59 166
156 95 37 140
156 116 55 169
157 96 9 49
157 160 43 132
157 65 16 134
157 26 19 174
157 122 47 83
157 72 3 158
157 136 55 196
157 47 27 181
157 18 22 191
157 148 37 172
157 157 31 199
157 87 45 166
157 56 53 186
157 126 40 148
157 92 58 170
157 61 49 178
157 30 34 187
158 162 19 136
158 98 9 106
158 68 15 129
158 138 21 84
158 74 49 189
158 76 28 112
158 12 39 152
158 155 3 182
158 92 31 170
158 149 37 198
158 85 43 125
158 121 55 198
158 58 34 154
158 59 45 162
158 28 57 191
158 94 51 149
159 4 1 154
159 5 4 166
159 37 7 172
159 136 49 196
159 106 10 193
159 45 15 107
159 143 37 99
159 48 31 136
159 145 40 202
159 111 21 140
159 51 35 174
159 84 25 188
159 150 51 167
159 56 55 186
159 59 57 162
159 127 45 147
160 133 3 134
160 13 9 85
160 16 19 201
160 22 21 194
160 161 37 156
160 35 13 154
160 43 31 177
160 50 25 191
160 51 23 174
160 56 27 186
160 58 16 154
160 60 29 167
160 65 43 134
160 70 55 94
160 76 34 112
160 99 39 81
160 107 47 118
160 108 59 132
160 112 49 76
160 114 51 148
161 1 9 188
161 132 37 183
161 5 22 186
161 136 41 196
161 15 25 182
161 147 19 172
161 148 31 172
161 19 1 200
161 21 34 114
161 157 43 199
161 160 55 132
161 45 27 107
161 51 39 174
161 77 51 54
161 92 46 170
161 104 53 199
161 105 57 98
161 120 49 50
162 131 1 88
162 132 17 183
162 137 10 176
162 15 31 182
162 18 25 51
162 149 7 198
162 152 21 170
162 160 37 132
162 41 13 201
162 53 28 155
162 59 33 162
162 64 47 187
162 68 49 183
162 79 43 146
162 84 39 188
162 102 55 182
162 112 53 76
162 116 58 169
163 71 19 77
163 40 13 21
163 136 17 196
163 11 25 12
163 13 3 89
163 14 21 176
163 142 37 187
163 77 55 54
163 17 31 165
163 113 43 185
163 84 49 188
163 148 40 172
163 23 34 182
163 87 53 166
163 123 45 172
163 93 27 168
163 94 57 149
164 34 55 139
164 35 10 154
164 99 15 81
164 2 25 137
164 38 49 202
164 12 3 152
164 143 31 99
164 79 28 146
164 146 34 179
164 115 21 195
164 84 45 188
164 150 53 167
164 152 39 185
164 120 51 50
164 93 57 168
165 7 7 38
165 8 10 50
165 13 15 189
165 16 25 201
165 19 13 200
165 148 34 172
165 21 37 114
165 22 41 194
165 27 49 125
165 28 27 191
165 36 43 137
165 53 46 155
165 66 51 154
165 78 55 195
165 80 53 128
165 81 57 29
165 89 31 200
165 119 21 138
165 121 59 198
166 128 3 15
166 135 9 156
166 9 19 180
166 10 13 16
166 11 17 12
166 38 25 158
166 47 21 181
166 71 31 77
166 75 33 190
166 81 35 29
166 97 37 28
166 98 49 106
166 101 55 119
166 110 43 140
166 113 53 185
166 117 58 35
166 118 40 187
166 119 27 138
166 125 46 201
167 130 4 129
167 136 13 196
167 138 9 84
167 143 16 99
167 19 19 200
167 20 25 69
167 25 43 193
167 26 31 174
167 156 27 196
167 44 37 199
167 49 33 108
167 58 40 154
167 77 45 54
167 87 47 166
167 97 55 28
167 106 49 193
167 109 59 202
167 111 21 200
167 120 53 50
168 137 7 139
168 9 1 186
168 141 4 200
168 145 10 115
168 147 13 172
168 21 16 114
168 27 21 125
168 29 28 86
168 31 25 176
168 161 23 156
168 37 31 186
168 41 49 201
168 56 41 186
168 81 55 29
168 86 34 140
168 90 37 197
168 107 43 118
168 114 45 148
168 116 52 169
168 119 57 138
169 160 13 132
169 33 9 180
169 129 15 197
169 133 3 198
169 9 39 186
169 10 27 185
169 139 31 140
169 12 21 152
169 109 19 202
169 145 49 115
169 50 37 191
169 51 41 174
169 117 43 35
169 119 33 138
169 56 47 186
169 154 55 188
169 156 57 196
169 30 52 187
170 5 16 186
170 70 3 94
170 6 9 42
170 8 13 50
170 74 31 189
170 75 41 190
170 114 27 148
170 115 33 195
170 55 49 99
170 23 37 182
170 153 21 198
170 26 53 174
170 156 45 196
170 25 59 193
170 57 55 178
171 130 1 178
171 66 19 154
171 131 4 88
171 162 37 136
171 7 16 38
171 6 21 42
171 72 9 158
171 11 43 12
171 12 27 152
171 46 33 137
171 116 49 169
171 150 55 167
171 119 39 138
171 152 45 185
171 91 59 128
171 61 52 178
171 95 57 140
172 132 19 183
172 141 7 200
172 14 15 176
172 13 21 189
172 19 25 200
172 157 28 199
172 158 31 107
172 38 43 202
172 42 55 165
172 47 3 192
172 51 37 174
172 55 46 99
172 72 39 158
172 73 59 112
172 93 33 168
172 105 49 98
172 120 57 50
172 122 53 83
173 129 9 197
173 100 25 42
173 101 31 119
173 8 19 50
173 10 3 185
173 140 22 22
173 60 37 167
173 47 15 192
173 112 43 76
173 49 39 108
173 17 45 165
173 115 27 195
173 51 47 174
173 83 33 198
173 88 55 181
173 26 49 174
173 156 51 196
173 61 58 178
174 3 13 184
174 144 4 93
174 16 1 202
174 150 15 167
174 26 17 174
174 29 19 86
174 159 23 142
174 160 25 132
174 46 27 116
174 52 37 127
174 53 31 155
174 55 34 99
174 57 10 178
174 66 43 154
174 69 39 60
174 72 45 158
174 80 49 128
174 87 55 166
174 93 51 168
174 96 57 49
175 2 1 137
175 3 31 184
175 130 4 178
175 10 13 185
175 12 9 152
175 22 17 194
175 150 25 167
175 26 43 174
175 34 49 139
175 162 59 136
175 58 22 154
175 83 27 198
175 86 40 140
175 89 34 200
175 92 37 170
175 111 45 200
175 122 55 83
175 124 57 183
175 127 51 147
176 10 9 185
176 13 3 189
176 142 13 187
176 145 19 115
176 147 22 172
176 20 27 69
176 154 29 188
176 39 31 175
176 44 34 199
176 59 39 162
176 73 43 112
176 74 37 189
176 80 45 128
176 91 47 128
176 95 55 140
176 99 57 81
176 107 49 118
176 123 51 172
177 2 4 137
177 3 43 184
177 68 9 129
177 4 1 183
177 103 25 89
177 40 28 21
177 106 34 193
177 31 31 176
177 141 37 200
177 15 41 182
177 49 15 178
177 82 21 178
177 118 49 187
177 24 52 45
177 153 45 198
177 120 55 50
177 127 57 147
178 11 19 12
178 142 4 187
178 144 22 93
178 147 25 172
178 23 28 182
178 25 31 193
178 29 37 86
178 158 43 107
178 47 9 192
178 68 33 183
178 71 49 77
178 72 15 158
178 73 57 112
178 90 40 197
178 98 45 106
178 107 55 118
178 120 59 50
178 125 52 201
179 136 19 196
179 137 7 150
179 148 10 172
179 153 15 198
179 26 25 174
179 155 21 182
179 160 31 132
179 36 28 137
179 40 37 21
179 42 43 165
179 49 33 178
179 54 57 83
179 61 40 178
179 70 45 94
179 79 49 146
179 90 52 197
179 94 3 202
179 107 59 118
179 112 55 76
180 129 3 197
180 2 10 137
180 131 13 88
180 3 37 184
180 5 7 186
180 103 16 89
180 72 21 158
180 7 43 38
180 75 31 190
180 77 49 54
180 141 55 200
180 111 27 200
180 45 33 107
180 115 39 195
180 90 46 197
180 156 51 202
180 30 58 187
181 3 5 184
181 145 7 202
181 22 13 194
181 23 10 182
181 27 15 125
181 162 25 136
181 39 17 175
181 44 19 199
181 48 22 136
181 58 31 154
181 60 43 167
181 71 35 77
181 72 27 158
181 88 37 181
181 92 40 170
181 99 45 81
181 108 53 132
181 117 49 35
181 118 55 187
181 125 58 201
182 1 15 188
182 3 25 184
182 134 3 196
182 145 10 202
182 22 31 194
182 156 21 202
182 33 27 180
182 37 34 186
182 43 37 177
182 67 43 176
182 71 41 77
182 74 39 189
182 75 55 190
182 76 49 112
182 86 46 140
182 92 52 170
182 112 57 76
182 113 59 185
183 138 3 84
183 22 19 194
183 151 10 102
183 30 7 187
183 32 21 160
183 43 25 177
183 46 15 137
183 54 31 83
183 67 28 176
183 70 33 94
183 74 43 189
183 75 37 190
183 79 40 146
183 86 49 140
183 91 55 128
183 93 45 168
183 107 57 118
183 117 52 35
183 122 59 83
184 3 7 184
184 132 13 183
184 133 9 198
184 136 15 196
184 15 17 182
184 159 19 142
184 39 25 175
184 46 21 137
184 50 31 191
184 62 27 122
184 69 33 60
184 80 37 63
184 81 43 29
184 89 49 200
184 93 39 168
184 96 45 49
184 97 52 28
184 104 55 199
184 108 57 132
184 112 59 76
185 3 19 184
185 8 16 50
185 11 31 12
185 142 10 187
185 146 13 202
185 149 25 198
185 154 37 188
185 28 3 191
185 33 21 180
185 46 27 201
185 47 33 192
185 54 39 83
185 60 41 167
185 78 43 195
185 87 49 166
185 99 51 81
185 103 58 89
185 119 45 138
185 126 55 148
186 129 3 201
186 132 9 183
186 9 11 186
186 17 25 165
186 149 31 198
186 23 13 182
186 161 19 156
186 40 22 21
186 41 16 201
186 79 37 146
186 82 27 178
186 84 33 188
186 89 40 200
186 97 43 28
186 101 47 119
186 103 49 89
186 110 52 140
186 113 55 185
186 123 57 172
187 4 4 183
187 137 7 176
187 141 10 200
187 17 13 165
187 152 19 185
187 30 16 187
187 160 23 132
187 161 31 156
187 38 25 202
187 41 34 201
187 42 37 165
187 68 27 202
187 83 39 198
187 91 43 128
187 94 45 202
187 113 49 185
187 117 55 35
187 119 51 138
187 126 58 148
188 135 3 156
188 144 7 93
188 18 10 191
188 150 13 167
188 28 15 191
188 37 19 186
188 39 23 175
188 52 31 127
188 55 25 99
188 56 37 186
188 65 28 134
188 72 33 158
188 73 39 112
188 74 41 189
188 75 43 190
188 79 46 146
188 88 49 181
188 89 52 200
188 90 55 197
188 95 59 140
189 6 3 42
189 103 7 89
189 7 10 38
189 12 15 152
189 109 31 202
189 127 27 147
189 47 21 192
189 49 39 201
189 156 33 202
189 118 43 187
189 23 46 182
189 121 49 198
189 27 51 125
189 124 53 183
189 94 55 202
189 159 59 142
190 8 4 50
190 9 13 186
190 13 9 189
190 146 16 202
190 149 19 198
190 151 22 102
190 159 25 142
190 59 27 162
190 60 31 167
190 66 37 154
190 67 34 176
190 70 39 94
190 71 43 77
190 74 45 189
190 78 47 195
190 90 49 197
190 100 53 42
190 106 55 193
190 124 59 183
191 64 19 187
191 97 4 28
191 66 25 154
191 129 9 201
191 32 15 160
191 134 21 196
191 135 27 156
191 107 31 118
191 108 33 132
191 77 35 54
191 45 37 107
191 80 41 128
191 50 49 191
191 23 43 182
191 57 46 178
191 26 55 174
191 155 51 182
191 62 57 122
192 161 25 156
192 37 4 186
192 70 9 94
192 44 13 199
192 141 16 200
192 46 21 201
192 47 27 192
192 79 31 146
192 113 35 185
192 145 37 202
192 18 40 191
192 116 43 169
192 150 47 167
192 56 49 186
192 153 51 198
192 125 55 201
192 158 59 107
Điểm tối ưu: 2984
Thời gian: 101468.6761 ms
Trạng thái: FEASIBLE
