284
1 42 1 13
1 52 15 13
2 12 10 8
2 37 1 34
2 42 7 13
3 1 15 38
3 16 25 16
3 49 9 40
4 8 28 10
4 16 34 16
4 23 1 37
4 43 40 16
4 52 15 27
5 16 31 16
5 26 7 36
5 34 13 11
5 48 16 19
5 57 1 2
6 8 7 10
6 9 1 9
6 19 10 1
6 55 46 40
7 49 31 40
7 59 39 36
8 35 55 34
8 41 45 2
8 49 39 39
9 10 57 22
9 23 4 37
9 38 19 11
10 6 31 2
10 29 1 17
11 21 45 3
11 55 13 23
12 38 3 11
12 44 13 8
12 50 31 5
13 4 3 8
13 14 39 7
13 38 35 11
14 20 45 16
15 15 37 2
15 43 34 29
15 54 22 35
16 6 3 14
16 46 25 8
16 57 10 29
17 12 31 14
17 34 41 27
17 53 5 30
17 59 19 36
18 11 3 5
18 21 51 3
18 46 28 8
19 4 21 8
19 55 7 23
19 57 4 2
20 5 19 21
20 34 15 11
20 42 29 13
21 27 27 3
21 47 34 14
21 49 13 40
21 52 1 27
22 5 27 21
23 17 33 25
23 32 7 12
24 10 37 22
24 18 7 4
24 38 31 11
25 39 4 23
25 40 1 24
25 42 19 13
25 48 25 19
26 9 19 9
26 18 5 22
26 32 57 16
27 33 7 39
27 48 10 7
28 11 39 33
28 13 58 39
28 30 3 40
28 47 7 14
29 32 21 1
29 35 13 34
29 54 1 35
30 14 43 7
30 41 9 26
30 46 37 8
30 58 33 13
31 42 1 31
31 47 13 14
31 53 39 14
31 55 58 23
31 56 3 6
32 12 43 11
32 27 39 3
32 29 49 17
32 59 25 36
32 60 10 20
33 7 21 4
34 21 15 25
34 30 1 32
34 32 3 32
34 50 7 5
34 56 45 6
35 9 45 9
35 42 35 13
35 57 10 2
36 3 49 28
36 27 13 3
36 30 7 27
36 32 3 16
36 38 33 11
37 6 19 14
37 9 33 9
37 48 4 19
37 59 45 36
38 38 5 11
38 58 37 21
39 6 7 9
39 10 13 22
39 24 39 38
39 49 43 39
40 8 34 10
40 41 21 39
40 52 25 13
40 53 29 14
41 6 45 14
41 8 52 18
41 13 10 39
41 19 4 1
41 22 1 18
42 20 51 16
42 57 7 2
43 3 16 21
43 24 1 38
43 47 10 14
44 23 28 37
44 33 10 10
45 3 52 28
45 48 4 7
45 52 43 13
46 3 10 28
46 14 1 10
46 57 13 39
46 59 31 36
47 4 9 27
47 33 31 10
47 46 49 8
47 47 16 14
47 58 21 10
48 5 31 21
48 27 9 3
48 50 46 11
49 39 31 23
49 44 13 15
49 59 49 36
50 7 45 4
50 16 28 16
50 49 19 40
50 54 4 35
51 18 5 4
51 55 1 23
51 59 13 36
52 12 22 11
52 38 45 26
52 60 4 20
53 12 1 36
53 52 21 13
54 31 7 34
54 43 37 29
54 49 27 39
54 58 3 21
55 4 49 30
55 42 13 13
55 43 37 16
56 33 16 10
56 44 57 8
57 4 33 8
57 24 51 38
58 18 1 4
58 57 22 2
59 7 57 4
59 20 19 16
59 34 39 27
59 46 46 8
60 16 7 16
60 25 3 12
61 35 31 34
61 57 25 2
62 17 3 25
62 23 7 37
62 25 1 19
62 34 11 11
62 56 39 6
63 30 17 17
63 57 19 2
64 34 9 11
64 43 4 29
64 60 1 20
65 4 33 38
65 18 3 4
65 23 43 37
65 39 10 23
66 7 25 4
66 42 39 13
67 26 4 36
67 43 19 29
68 33 31 39
68 43 7 29
68 55 22 23
69 17 7 11
69 25 5 12
70 12 25 11
70 20 33 3
70 44 3 15
70 49 37 40
71 25 15 12
71 27 21 3
72 18 7 22
72 49 3 39
73 6 13 9
73 12 7 8
73 20 3 3
73 25 27 12
73 52 21 27
74 3 10 21
74 4 55 38
74 17 51 11
74 19 1 1
74 42 33 30
75 1 3 18
75 5 39 21
75 10 9 22
75 13 16 39
75 50 25 14
76 1 27 38
76 19 40 1
76 24 7 38
76 43 1 29
77 23 16 37
77 24 19 38
77 48 1 7
77 52 25 27
78 26 10 36
78 33 25 10
78 55 28 40
79 8 46 10
79 14 21 7
80 6 49 2
80 10 25 22
80 23 10 37
80 39 19 23
80 43 13 16
81 7 31 4
81 16 10 16
82 35 4 34
82 42 49 31
82 43 52 29
82 50 55 14
82 56 59 6
83 1 45 38
83 7 51 4
83 49 57 40
84 5 51 21
84 59 55 36
85 5 45 21
85 13 49 39
85 39 58 34
85 42 53 31
86 8 55 31
86 41 53 39
86 42 59 31
87 13 55 39
87 50 58 14
88 9 49 26
88 15 52 22
88 22 59 36
88 43 55 29
89 9 55 26
89 43 58 29
90 17 57 35
90 53 59 30
Điểm tối ưu: 284
Thời gian: 13204.0048 ms
Trạng thái: OPTIMUM
