1216
1 33 1 43
1 1 46 6
1 3 3 18
1 35 27 3
1 58 19 41
1 13 39 40
1 14 51 22
1 48 37 35
1 19 55 2
1 52 34 6
1 23 57 17
1 54 15 38
1 26 43 33
1 31 9 12
2 4 39 32
2 9 33 19
2 10 9 33
2 15 52 30
2 18 41 37
2 19 1 23
2 20 16 12
2 31 21 12
2 48 43 35
2 60 58 19
3 5 43 29
3 10 15 33
3 16 31 45
3 20 7 13
3 21 11 13
3 30 39 15
3 32 34 17
3 34 45 21
3 35 55 70
3 38 51 38
3 39 59 30
3 43 27 12
3 47 13 45
3 48 49 35
3 63 37 61
4 36 43 11
4 8 31 16
4 9 51 19
4 13 27 40
4 16 55 29
4 20 13 13
4 55 46 33
4 54 57 26
4 23 9 30
4 52 1 76
4 61 16 41
4 31 33 12
5 1 34 70
5 2 49 49
5 5 1 36
5 6 31 31
5 8 51 53
5 15 55 30
5 18 45 37
5 20 16 13
5 38 53 38
5 40 58 20
5 52 4 76
5 53 41 3
5 64 27 21
6 2 1 72
6 8 55 16
6 13 29 40
6 25 41 31
6 26 25 33
6 29 9 24
6 32 37 17
6 35 45 70
6 36 33 44
6 38 49 38
6 51 13 47
6 53 43 3
6 54 21 38
6 57 51 1
6 65 57 62
6 68 7 39
7 64 3 13
7 34 1 21
7 68 59 25
7 37 28 38
7 6 34 31
7 5 7 36
7 43 39 12
7 47 49 16
7 48 55 35
7 20 19 13
7 55 25 73
7 56 9 18
7 57 45 1
7 26 16 36
7 31 51 12
8 32 19 17
8 1 31 6
8 2 13 72
8 35 9 3
8 37 34 38
8 3 15 18
8 47 1 51
8 15 22 30
8 49 45 8
8 21 39 13
8 30 51 15
8 57 55 1
8 29 27 24
8 25 59 31
9 1 49 70
9 2 41 72
9 15 31 30
9 24 19 65
9 26 13 36
9 32 46 54
9 36 39 44
9 43 57 12
9 47 7 51
9 51 16 47
9 56 21 18
9 61 52 54
9 63 43 61
9 67 1 4
9 68 25 39
10 1 10 6
10 2 25 49
10 5 21 44
10 14 27 18
10 15 49 30
10 20 7 27
10 21 41 13
10 24 59 65
10 28 37 27
10 31 45 12
10 47 13 51
10 48 57 53
10 55 52 33
10 56 33 18
10 59 1 63
10 61 4 80
10 67 16 4
11 65 49 62
11 67 13 4
11 4 1 32
11 5 37 36
11 3 21 40
11 40 55 20
11 14 25 22
11 52 16 21
11 21 29 13
11 20 10 27
11 23 45 30
11 24 51 65
11 56 39 18
11 61 58 54
11 30 33 40
11 31 3 49
12 1 28 70
12 2 31 49
12 5 19 36
12 19 37 23
12 20 1 27
12 24 23 65
12 25 49 31
12 28 4 27
12 34 33 21
12 35 39 70
12 37 55 38
12 49 51 8
12 52 13 76
12 56 45 18
12 58 21 41
12 64 9 49
12 65 59 62
13 2 37 49
13 4 15 32
13 6 25 36
13 7 1 39
13 21 31 13
13 22 9 29
13 25 55 31
13 32 40 17
13 36 13 46
13 37 52 48
13 40 49 20
13 49 57 8
13 53 45 3
13 57 19 4
13 58 23 41
13 64 33 49
14 5 3 44
14 6 22 36
14 10 35 33
14 13 41 40
14 16 19 45
14 19 7 23
14 23 9 51
14 29 43 24
14 31 15 49
14 36 57 64
14 38 59 38
14 39 1 34
14 46 52 77
14 53 47 3
14 58 25 41
14 60 37 39
14 67 31 4
15 32 31 17
15 37 40 38
15 11 37 28
15 15 34 30
15 48 59 53
15 18 47 37
15 52 7 76
15 21 57 13
15 20 43 27
15 22 15 29
15 25 1 42
15 58 27 41
15 29 51 24
16 2 49 72
16 5 43 36
16 14 21 22
16 16 55 78
16 23 39 30
16 24 27 65
16 36 53 46
16 37 46 38
16 44 57 7
16 47 19 51
16 52 10 76
16 53 51 3
16 54 13 44
16 57 3 14
16 58 29 41
16 67 34 4
17 2 27 49
17 10 29 33
17 13 7 40
17 14 33 22
17 19 59 2
17 20 19 27
17 22 3 29
17 29 37 24
17 32 43 17
17 34 47 21
17 36 41 44
17 38 31 38
17 39 57 34
17 46 13 14
17 53 49 3
17 56 51 18
17 57 9 14
17 65 1 79
18 2 55 49
18 36 7 46
18 5 49 36
18 7 13 39
18 47 25 51
18 16 37 45
18 17 1 80
18 55 19 33
18 22 33 29
18 23 3 51
18 24 53 65
18 57 27 14
18 26 10 72
18 60 22 39
18 29 57 24
18 62 39 36
18 31 43 49
19 1 19 6
19 36 5 44
19 4 27 32
19 68 41 39
19 7 22 46
19 40 13 20
19 11 1 66
19 44 45 7
19 43 9 39
19 15 34 32
19 24 39 65
19 25 7 42
19 58 31 41
19 62 57 36
19 31 51 49
20 34 35 21
20 2 25 72
20 39 13 34
20 8 23 58
20 9 39 19
20 44 15 7
20 47 31 51
20 15 10 32
20 17 7 80
20 62 45 36
20 56 57 18
20 25 19 42
20 58 33 41
20 30 51 40
20 63 49 61
21 2 31 73
21 5 55 36
21 6 4 21
21 10 49 33
21 15 28 30
21 20 16 27
21 22 21 29
21 24 33 65
21 25 25 42
21 29 9 28
21 31 39 49
21 36 51 46
21 38 1 59
21 48 45 59
21 50 57 56
21 53 53 3
21 55 13 42
21 58 37 41
22 5 35 44
22 6 22 53
22 7 31 46
22 40 19 20
22 9 45 19
22 39 25 34
22 46 16 14
22 47 37 51
22 17 9 80
22 19 39 23
22 22 3 45
22 24 41 65
22 62 51 36
22 59 7 63
22 29 27 28
22 30 57 40
23 34 13 21
23 3 15 40
23 4 51 32
23 39 19 34
23 8 53 53
23 10 55 33
23 43 21 14
23 12 33 62
23 16 47 45
23 17 11 80
23 48 7 59
23 51 25 47
23 20 28 27
23 22 57 29
23 23 39 51
23 60 43 39
23 30 3 42
24 37 43 38
24 44 3 7
24 46 7 45
24 15 46 32
24 49 33 14
24 18 57 37
24 55 22 73
24 54 51 44
24 23 27 51
24 57 39 14
24 61 13 80
24 63 55 61
25 32 4 34
25 3 9 36
25 36 25 46
25 68 31 39
25 7 34 46
25 8 37 46
25 59 13 63
25 12 51 62
25 47 43 51
25 16 49 45
25 49 45 14
25 51 28 47
25 52 16 76
25 56 21 34
25 57 57 14
25 29 39 28
26 5 1 44
26 8 49 46
26 17 59 82
26 19 13 23
26 20 25 27
26 21 33 13
26 22 51 29
26 23 21 51
26 26 28 72
26 28 40 27
26 34 57 21
26 41 43 48
26 49 3 23
26 58 35 41
26 61 16 80
26 67 37 4
26 68 47 39
27 4 5 32
27 6 1 31
27 7 46 46
27 10 59 33
27 16 55 45
27 18 51 37
27 20 13 27
27 29 33 24
27 34 53 21
27 43 27 34
27 49 9 23
27 51 43 47
27 52 19 76
27 53 57 3
27 55 16 42
27 58 39 41
27 59 23 63
27 65 7 79
27 68 49 39
28 64 3 59
28 67 7 4
28 68 1 60
28 5 27 44
28 6 34 36
28 39 37 34
28 40 10 20
28 9 15 19
28 44 21 7
28 13 43 40
28 17 19 80
28 18 49 37
28 51 31 47
28 53 45 74
28 56 39 34
28 28 52 27
28 29 57 28
29 1 1 70
29 32 25 54
29 35 9 44
29 6 28 36
29 7 31 77
29 8 43 46
29 9 39 46
29 11 15 66
29 18 53 37
29 51 34 47
29 52 22 76
29 54 45 44
29 23 49 51
29 30 57 48
30 32 16 54
30 35 3 72
30 4 23 32
30 5 29 44
30 6 25 53
30 36 55 46
30 46 10 45
30 50 45 29
30 51 37 47
30 21 43 13
30 22 33 45
30 57 51 14
30 58 41 41
30 25 31 42
30 31 57 49
31 1 4 70
31 5 7 44
31 6 1 53
31 8 47 53
31 20 13 59
31 25 37 42
31 29 33 28
31 31 21 61
31 36 59 46
31 43 51 39
31 44 27 7
31 58 45 41
31 59 25 63
31 60 55 39
31 64 9 59
31 67 40 4
32 34 41 21
32 65 13 79
32 4 53 32
32 38 29 59
32 7 55 77
32 9 3 19
32 43 33 34
32 44 9 7
32 14 15 51
32 17 7 82
32 29 45 28
32 51 49 47
32 20 37 59
32 52 25 76
32 60 58 39
32 61 22 80
33 64 25 59
33 1 31 70
33 2 11 73
33 6 40 53
33 11 55 28
33 48 43 59
33 49 15 23
33 17 1 82
33 19 29 23
33 20 34 59
33 52 37 76
33 54 57 44
33 23 45 51
33 22 51 45
33 57 3 16
33 62 21 42
33 63 7 68
34 67 25 4
34 5 23 44
34 7 40 77
34 11 49 28
34 43 15 34
34 13 55 40
34 14 9 61
34 15 43 32
34 19 21 23
34 21 47 13
34 22 57 45
34 55 28 73
34 56 51 34
34 60 1 69
34 61 37 80
34 31 33 61
35 5 31 44
35 7 16 39
35 8 49 53
35 12 9 62
35 16 41 55
35 17 13 82
35 18 55 37
35 19 23 23
35 21 45 13
35 23 33 51
35 25 43 42
35 27 1 68
35 32 37 54
35 34 59 21
35 35 51 72
35 38 47 59
35 39 57 5
35 62 27 42
35 63 7 69
36 66 1 55
36 5 17 44
36 7 19 39
36 8 55 53
36 40 22 20
36 10 5 69
36 9 27 19
36 44 33 7
36 12 45 62
36 16 7 55
36 17 31 82
36 21 53 13
36 22 57 50
36 55 49 73
36 56 13 55
36 57 9 16
36 59 37 63
36 31 39 61
37 5 37 44
37 37 1 38
37 7 4 39
37 8 43 53
37 9 21 19
37 42 27 63
37 11 19 66
37 46 49 77
37 20 52 59
37 21 59 13
37 30 33 42
37 56 9 55
37 57 15 16
37 26 55 72
37 62 39 42
37 31 45 61
38 6 28 53
38 8 45 53
38 10 13 69
38 14 3 61
38 16 43 55
38 19 41 23
38 22 15 45
38 25 49 42
38 32 55 54
38 39 47 34
38 41 51 50
38 46 58 77
38 54 31 63
38 57 21 16
38 59 35 63
38 60 10 69
38 61 25 80
38 65 37 79
39 5 19 44
39 6 7 53
39 11 37 66
39 13 25 40
39 14 3 63
39 16 17 55
39 17 35 82
39 19 59 23
39 26 31 72
39 37 40 48
39 38 55 59
39 39 49 34
39 44 51 7
39 47 57 51
39 54 43 63
39 57 27 16
39 59 47 63
39 63 15 69
39 66 22 55
40 5 25 44
40 6 10 53
40 7 1 46
40 13 37 40
40 17 49 82
40 22 21 45
40 24 35 65
40 26 46 72
40 27 13 68
40 40 31 20
40 43 27 39
40 49 51 23
40 53 55 3
40 61 40 80
40 63 19 69
40 64 57 59
40 67 43 4
41 2 1 73
41 12 3 28
41 16 19 55
41 17 23 82
41 19 25 23
41 21 37 13
41 30 9 42
41 31 15 61
41 34 21 21
41 36 31 55
41 39 43 34
41 40 28 20
41 43 33 39
41 47 59 51
41 50 51 56
41 51 40 47
41 52 55 76
41 59 49 63
41 62 45 42
41 68 7 60
42 32 10 34
42 67 4 4
42 37 7 48
42 13 47 40
42 14 15 63
42 48 13 60
42 50 27 29
42 51 55 47
42 18 45 83
42 22 39 45
42 23 19 60
42 57 33 16
42 26 58 72
42 27 25 68
42 31 51 61
43 1 13 70
43 7 1 77
43 13 49 40
43 14 9 63
43 15 19 75
43 16 25 55
43 18 59 37
43 20 16 59
43 22 27 45
43 28 34 27
43 32 31 54
43 37 37 48
43 39 55 34
43 40 46 20
43 53 57 74
43 55 40 73
43 57 51 16
43 60 22 69
43 65 43 79
44 6 13 53
44 10 17 69
44 11 49 66
44 12 21 28
44 24 31 65
44 27 19 68
44 28 55 27
44 30 3 48
44 42 33 66
44 43 9 77
44 47 53 51
44 49 45 23
44 55 58 73
44 61 28 80
44 63 25 69
44 64 39 66
44 68 51 60
45 2 55 73
45 4 29 32
45 6 34 53
45 40 16 20
45 9 9 19
45 42 3 66
45 12 21 62
45 13 27 64
45 46 13 77
45 52 31 76
45 53 59 3
45 22 43 45
45 57 39 16
45 58 47 41
45 29 51 28
45 25 57 43
46 4 19 32
46 8 55 58
46 12 15 28
46 15 4 73
46 19 43 23
46 24 21 65
46 26 7 72
46 36 49 55
46 37 10 48
46 40 25 20
46 41 33 48
46 44 39 7
46 48 23 60
46 49 51 64
46 60 28 69
46 62 57 42
46 63 31 69
46 64 45 66
47 64 21 49
47 2 31 9
47 32 43 54
47 5 55 44
47 41 15 48
47 10 33 69
47 42 7 66
47 12 39 62
47 14 51 63
47 18 59 74
47 55 46 73
47 56 27 55
47 58 49 41
47 27 57 68
47 29 3 35
47 63 35 69
48 1 25 70
48 35 15 72
48 67 28 4
48 8 7 58
48 41 21 48
48 44 3 68
48 48 35 60
48 49 31 23
48 50 39 29
48 17 37 82
48 53 1 74
48 21 49 13
48 24 43 65
48 57 45 16
48 27 55 68
48 62 51 42
48 31 57 61
49 6 31 36
49 44 9 68
49 13 21 64
49 49 3 64
49 19 49 23
49 30 27 48
49 54 15 68
49 55 34 73
49 22 45 50
49 57 57 16
49 62 51 75
49 63 39 69
50 3 9 40
50 5 49 44
50 6 37 53
50 9 15 46
50 11 55 66
50 12 25 62
50 13 29 64
50 15 40 75
50 26 43 72
50 28 46 27
50 36 33 64
50 38 59 64
50 45 7 71
50 47 1 81
50 50 3 56
50 54 21 68
50 64 51 66
50 68 57 60
51 5 43 44
51 6 4 31
51 7 19 46
51 10 37 69
51 12 15 62
51 13 9 64
51 16 1 78
51 18 7 74
51 25 55 42
51 26 22 72
51 28 31 27
51 31 27 61
51 32 34 54
51 34 39 21
51 37 49 48
51 49 45 64
51 53 53 74
51 63 41 69
51 64 57 66
52 68 25 60
52 7 4 46
52 8 1 58
52 9 9 46
52 42 21 66
52 45 13 71
52 16 7 78
52 52 28 76
52 21 55 13
52 56 33 55
52 62 45 75
52 58 51 41
52 28 58 27
52 29 39 35
52 30 15 58
53 4 41 32
53 7 19 77
53 13 1 64
53 18 47 83
53 20 22 59
53 22 33 50
53 24 45 65
53 28 49 27
53 29 9 35
53 33 39 43
53 37 16 74
53 38 25 71
53 44 27 68
53 51 52 47
53 60 4 71
53 62 57 75
53 63 43 69
53 68 55 25
54 32 10 54
54 1 16 70
54 6 31 53
54 8 43 58
54 9 21 54
54 42 25 66
54 11 29 66
54 46 34 77
54 14 39 63
54 48 37 60
54 16 49 78
54 47 55 51
54 18 19 74
54 60 1 71
54 22 45 67
54 57 57 67
54 28 4 43
54 30 51 58
55 4 37 32
55 16 13 78
55 17 43 82
55 18 9 74
55 19 55 23
55 20 19 59
55 24 47 65
55 28 22 27
55 29 15 35
55 30 39 58
55 32 49 54
55 33 59 43
55 43 27 77
55 44 33 68
55 55 52 73
55 58 57 41
55 63 45 69
55 64 3 79
56 8 13 58
56 12 3 62
56 17 25 82
56 19 27 23
56 22 15 50
56 24 29 65
56 25 7 43
56 26 37 72
56 27 31 68
56 29 21 35
56 30 33 58
56 32 40 54
56 34 43 21
56 50 9 56
56 52 58 76
56 55 52 83
56 56 45 55
56 59 55 63
56 65 49 79
57 3 3 36
57 4 31 32
57 5 7 64
57 11 17 66
57 15 13 73
57 16 25 78
57 24 49 65
57 26 19 72
57 27 37 68
57 28 10 43
57 29 33 35
57 35 27 75
57 37 22 74
57 40 40 20
57 43 43 77
57 44 51 68
57 48 55 60
57 51 58 47
57 63 47 69
58 1 7 70
58 5 13 64
58 9 27 46
58 18 11 74
58 23 31 60
58 25 19 43
58 30 3 58
58 34 55 21
58 36 35 64
58 39 59 34
58 42 21 79
58 46 37 77
58 51 46 47
58 52 40 76
58 57 51 67
58 59 57 63
58 61 43 80
58 62 15 82
58 63 49 69
59 2 37 73
59 4 49 32
59 5 11 64
59 10 7 81
59 15 16 73
59 18 25 74
59 22 3 67
59 24 55 65
59 27 59 68
59 28 13 43
59 32 28 54
59 35 33 75
59 38 53 71
59 44 19 81
59 54 39 68
59 55 43 73
59 63 51 69
59 67 46 4
59 68 57 78
60 32 13 54
60 1 19 70
60 3 3 40
60 6 16 53
60 7 22 77
60 48 53 60
60 16 31 78
60 61 34 80
60 53 55 74
60 22 27 67
60 56 37 55
60 25 41 43
60 28 49 43
60 29 45 35
60 30 57 58
60 31 9 71
61 8 37 58
61 10 13 81
61 11 43 66
61 15 10 75
61 20 31 59
61 23 3 60
61 25 25 43
61 26 34 72
61 28 28 43
61 31 15 71
61 39 45 34
61 47 49 81
61 49 39 64
61 51 19 78
61 53 47 74
61 54 51 78
61 65 59 79
61 66 55 55
62 2 19 73
62 3 15 81
62 4 21 32
62 5 23 64
62 11 31 66
62 12 3 75
62 19 35 23
62 20 40 59
62 22 9 67
62 34 49 21
62 37 37 74
62 41 27 50
62 45 33 71
62 48 43 60
62 54 45 68
62 55 55 83
62 56 51 55
62 66 58 55
63 2 9 73
63 4 13 32
63 11 11 66
63 14 19 63
63 16 37 78
63 22 15 67
63 24 25 65
63 27 43 68
63 28 34 43
63 31 27 71
63 37 31 74
63 40 52 20
63 41 39 50
63 46 58 83
63 47 23 81
63 54 3 78
63 61 46 80
63 63 55 69
63 67 49 4
64 64 9 79
64 65 19 79
64 2 25 9
64 34 31 21
64 9 3 54
64 15 37 75
64 49 15 64
64 18 41 74
64 50 21 56
64 52 52 76
64 22 33 67
64 54 27 78
64 25 55 43
64 58 43 41
64 28 46 43
64 61 49 80
64 57 57 81
65 4 55 32
65 67 10 4
65 38 19 71
65 41 3 50
65 42 15 79
65 10 25 81
65 15 22 75
65 61 31 80
65 20 49 59
65 52 34 76
65 23 45 60
65 28 52 43
65 29 57 35
65 62 27 82
65 31 39 71
66 3 3 74
66 4 17 32
66 8 25 58
66 13 19 64
66 14 9 82
66 15 13 75
66 17 33 82
66 18 43 74
66 31 21 71
66 33 37 43
66 36 55 64
66 42 27 79
66 45 35 71
66 47 31 81
66 52 49 76
66 59 59 63
66 62 45 82
66 63 57 69
66 64 39 79
66 67 52 4
67 65 31 79
67 66 4 55
67 3 9 81
67 6 19 53
67 40 37 20
67 8 49 58
67 17 1 83
67 50 15 56
67 29 27 35
67 20 22 83
67 52 43 76
67 54 33 78
67 51 40 78
67 57 51 81
67 58 59 41
67 60 46 71
67 61 55 80
68 4 7 32
68 6 4 53
68 11 13 66
68 15 16 75
68 19 19 23
68 21 25 13
68 22 21 67
68 24 37 65
68 25 43 43
68 35 9 78
68 36 31 64
68 37 34 74
68 42 39 83
68 46 49 83
68 48 59 60
68 50 27 56
68 54 45 78
68 61 52 80
68 67 55 4
69 1 10 58
69 3 3 81
69 14 19 82
69 20 7 83
69 21 23 13
69 25 31 43
69 26 25 83
69 34 37 21
69 35 15 78
69 36 43 64
69 37 28 74
69 42 33 79
69 45 51 71
69 53 49 74
69 62 39 82
69 63 53 69
69 64 45 79
69 65 55 79
69 67 58 4
70 2 7 73
70 9 3 82
70 23 9 60
70 26 13 83
70 28 16 43
70 30 19 58
70 34 23 21
70 36 25 64
70 38 31 71
70 40 34 20
70 45 37 71
70 46 28 83
70 47 43 81
70 48 49 60
70 50 39 56
70 52 46 76
70 53 51 74
70 58 53 41
70 60 55 71
70 61 58 80
71 65 25 79
71 39 31 34
71 41 9 50
71 42 3 83
71 10 37 81
71 13 49 64
71 46 16 83
71 45 43 71
71 51 22 78
71 23 27 60
71 22 39 67
71 30 45 58
71 57 33 81
71 58 55 41
71 60 58 71
71 62 51 82
72 4 25 32
72 5 31 83
72 7 4 77
72 15 7 75
72 16 43 78
72 18 37 83
72 20 10 83
72 23 15 60
72 26 19 83
72 28 22 43
72 30 27 58
72 42 33 83
72 44 39 81
72 45 49 71
72 47 55 81
72 50 45 56
72 64 51 79
72 65 57 79
72 68 59 78
73 32 7 54
73 1 10 70
73 34 25 21
73 37 13 74
73 7 16 77
73 8 31 58
73 41 21 50
73 44 27 81
73 13 37 64
73 17 43 83
73 50 33 56
73 23 39 60
73 57 45 81
73 27 49 68
73 29 51 35
73 62 55 82
73 63 59 69
Điểm tối ưu: 1216
Thời gian: 100207.5708 ms
Trạng thái: FEASIBLE
