556
1 34 21 27
1 36 47 23
1 37 49 1
1 11 1 32
1 12 4 29
1 13 45 28
1 15 51 26
1 24 28 31
2 34 41 27
2 35 51 40
2 5 43 24
2 37 33 1
2 10 29 18
2 11 7 32
2 17 19 35
2 21 13 17
2 24 1 31
2 28 39 43
3 3 27 16
3 35 45 40
3 36 25 23
3 8 31 12
3 7 55 33
3 11 37 32
3 15 21 26
3 22 51 1
3 27 23 24
3 30 1 45
4 3 39 16
4 37 11 1
4 34 31 27
4 8 46 12
4 40 19 34
4 10 41 18
4 11 34 32
4 18 13 25
4 23 43 7
4 24 22 31
5 1 19 11
5 3 47 16
5 8 16 12
5 10 53 18
5 17 7 35
5 18 21 25
5 20 11 17
5 21 39 17
5 23 59 7
5 24 13 31
5 27 33 24
6 1 37 11
6 3 55 16
6 36 23 23
6 39 40 20
6 37 43 1
6 34 5 27
6 17 1 35
6 24 31 31
6 25 49 25
6 28 15 43
6 29 51 46
7 1 33 11
7 7 1 33
7 11 43 32
7 15 9 26
7 23 19 7
7 24 46 31
7 25 51 25
7 27 21 24
7 30 25 45
7 34 37 27
7 36 55 23
7 38 16 28
7 40 40 34
8 1 53 11
8 3 15 16
8 36 41 46
8 38 1 28
8 8 25 12
8 40 46 34
8 12 10 29
8 15 55 26
8 16 57 38
8 24 34 31
8 28 23 43
8 30 7 45
9 5 17 24
9 7 34 33
9 10 55 18
9 19 19 6
9 20 25 17
9 21 9 17
9 26 28 38
10 34 7 27
10 1 35 11
10 5 5 24
10 9 57 3
10 10 1 18
10 11 31 32
10 12 13 29
10 13 29 28
10 17 16 35
10 23 41 7
10 26 25 38
10 28 47 43
10 29 37 46
10 30 52 45
11 5 55 24
11 8 52 12
11 9 31 3
11 10 7 18
11 12 37 29
11 13 11 28
11 15 47 26
11 17 13 35
11 20 59 17
11 21 29 17
11 23 23 7
11 24 49 31
11 34 27 27
11 38 4 28
12 34 15 27
12 5 19 24
12 13 21 28
12 15 37 26
12 17 34 35
12 23 55 7
12 24 52 31
12 26 46 38
12 29 57 46
12 30 40 45
13 34 43 27
13 36 29 46
13 35 31 40
13 39 13 20
13 7 16 33
13 13 9 28
13 28 1 43
13 29 3 46
13 31 45 18
14 1 23 11
14 3 9 16
14 5 1 24
14 11 52 32
14 15 13 26
14 20 37 17
14 21 33 17
14 23 35 7
14 26 16 38
14 30 49 45
14 35 27 40
14 36 41 23
14 37 47 1
15 8 1 12
15 12 22 29
15 15 11 26
15 17 52 35
15 19 7 6
15 20 31 17
15 23 15 7
15 25 33 25
15 27 29 24
15 28 49 43
15 29 25 46
15 34 59 27
15 35 55 40
15 36 39 23
15 37 37 1
16 1 51 11
16 5 39 24
16 11 22 32
16 12 16 29
16 15 19 26
16 20 45 17
16 21 27 17
16 23 29 7
16 24 58 31
16 27 41 24
16 36 33 23
16 37 31 1
16 39 7 20
16 40 10 34
17 1 3 11
17 3 23 16
17 10 27 18
17 11 55 32
17 13 51 28
17 15 7 26
17 21 15 17
17 25 59 25
17 26 19 38
17 27 45 24
17 40 31 34
18 34 33 27
18 3 41 16
18 5 53 26
18 7 10 33
18 40 55 34
18 8 37 12
18 39 1 20
18 17 22 35
18 26 7 38
18 30 46 45
19 2 28 26
19 1 31 11
19 37 25 1
19 36 53 23
19 3 17 16
19 39 4 20
19 12 46 29
19 23 51 7
20 37 19 1
20 5 59 26
20 7 43 33
20 8 13 12
20 40 49 34
20 9 7 3
20 13 57 28
20 17 25 35
20 19 39 6
20 20 53 17
20 23 37 7
20 25 17 25
20 28 31 43
20 30 4 45
21 3 31 16
21 8 19 12
21 11 58 32
21 15 43 26
21 17 4 35
21 20 1 17
21 26 22 38
22 3 21 16
22 7 13 33
22 8 40 12
22 11 49 32
22 13 55 28
22 15 1 26
22 17 37 35
22 20 23 17
22 23 53 7
22 25 35 25
22 30 31 45
22 34 29 27
22 37 3 1
22 39 10 20
23 1 39 11
23 8 49 12
23 14 45 11
23 15 15 26
23 17 31 35
23 23 1 7
23 25 27 25
23 30 22 45
23 34 25 27
23 36 9 23
23 37 17 1
23 40 34 34
24 36 21 23
24 5 49 26
24 39 55 20
24 8 58 12
24 11 10 32
24 13 37 28
24 16 3 38
24 19 31 6
24 21 51 17
24 23 27 7
24 26 13 38
24 28 35 43
25 5 39 26
25 7 22 33
25 8 4 12
25 10 15 18
25 11 19 32
25 15 41 26
25 21 55 17
25 22 7 1
25 25 29 25
25 26 31 38
25 27 13 24
25 36 11 23
25 39 52 20
26 1 1 11
26 34 13 27
26 37 21 1
26 7 40 33
26 39 49 20
26 8 28 12
26 10 25 18
26 12 43 29
26 13 53 28
26 17 58 35
26 19 3 6
26 20 47 17
26 29 33 46
27 2 34 26
27 7 49 33
27 8 55 12
27 10 17 18
27 12 1 29
27 20 43 17
27 26 40 38
27 28 13 43
27 29 9 46
27 30 19 45
27 34 45 27
27 36 31 46
27 37 23 1
27 40 58 34
28 32 55 27
28 1 5 11
28 5 15 24
28 7 37 33
28 39 28 20
28 10 21 18
28 12 34 29
28 23 13 7
28 25 1 25
28 27 9 24
28 28 17 43
28 30 43 45
29 3 37 16
29 5 51 24
29 7 46 33
29 13 43 28
29 17 10 35
29 24 7 31
29 25 41 25
29 27 49 24
29 28 25 43
29 34 39 27
29 37 35 1
29 38 31 28
30 34 47 27
30 39 25 20
30 40 7 34
30 11 4 32
30 13 39 28
30 15 17 26
30 25 19 25
30 27 31 24
30 28 51 43
30 30 28 45
31 39 37 20
31 8 22 12
31 7 4 33
31 13 27 28
31 15 57 26
31 18 7 25
31 25 47 25
31 26 52 38
31 27 11 24
31 28 29 43
31 29 43 46
32 1 17 11
32 3 59 16
32 37 45 1
32 7 31 33
32 40 28 34
32 10 19 18
32 12 55 29
32 23 5 7
32 24 10 31
32 25 25 25
32 28 7 43
32 29 21 46
32 31 37 18
33 1 41 11
33 3 57 16
33 5 53 24
33 12 49 29
33 13 7 28
33 17 43 35
33 24 25 31
33 27 3 24
33 30 16 45
33 31 9 18
33 36 59 23
33 37 29 1
33 39 22 20
33 40 13 34
34 1 13 11
34 2 25 26
34 37 55 1
34 7 52 33
34 40 22 34
34 10 3 18
34 13 59 28
34 17 49 35
34 20 5 17
34 23 9 7
34 24 16 31
34 28 57 43
35 1 55 11
35 35 9 40
35 37 13 1
35 39 46 20
35 10 23 18
35 11 16 32
35 12 19 29
35 20 35 17
35 21 3 17
35 24 43 31
35 27 57 24
35 28 37 43
36 1 49 11
36 34 19 27
36 37 57 1
36 7 25 33
36 40 43 34
36 41 39 3
36 11 46 32
36 10 31 18
36 17 28 35
36 19 13 6
36 27 35 24
36 28 33 43
37 1 21 11
37 2 31 26
37 35 3 40
37 5 47 24
37 37 15 1
37 10 13 18
37 11 28 32
37 13 19 28
37 18 43 25
37 19 55 6
37 20 17 17
37 22 39 1
37 30 10 45
38 36 3 23
38 5 23 26
38 7 7 33
38 41 49 3
38 9 45 3
38 37 1 1
38 13 41 28
38 15 5 26
38 20 57 17
38 24 19 31
38 25 53 25
38 30 34 45
39 32 9 27
39 34 49 27
39 3 29 16
39 4 1 3
39 40 16 34
39 9 25 3
39 8 34 12
39 11 13 32
39 14 57 11
39 17 40 35
39 19 51 6
39 20 7 17
39 28 21 43
39 30 37 45
40 1 15 11
40 35 19 40
40 34 35 27
40 36 13 46
40 39 43 20
40 7 28 33
40 12 40 29
40 13 23 28
40 18 55 25
40 23 11 7
40 24 4 31
40 26 49 38
40 28 9 43
41 35 39 40
41 36 45 23
41 37 5 1
41 39 58 20
41 8 7 12
41 12 52 29
41 20 19 17
41 26 10 38
41 27 37 24
42 32 1 27
42 1 29 11
42 35 15 40
42 39 34 20
42 8 10 12
42 10 51 18
42 12 58 29
42 21 49 17
42 23 47 7
42 24 55 31
42 27 7 24
42 28 19 43
43 3 35 16
43 37 27 1
43 5 59 24
43 39 31 20
43 41 19 3
43 15 3 26
43 17 46 35
43 24 37 31
43 26 43 38
43 27 25 24
44 4 13 3
44 36 1 23
44 39 19 20
44 8 43 12
44 40 4 34
44 11 25 32
44 13 47 28
44 17 55 35
44 23 31 7
44 31 33 18
45 1 11 11
45 7 58 33
45 10 5 18
45 13 49 28
45 14 25 11
45 19 43 6
45 21 41 17
45 23 21 7
45 26 34 38
45 29 15 46
46 34 17 27
46 3 5 16
46 1 43 11
46 38 34 28
46 40 1 34
46 12 31 29
46 13 25 28
46 18 37 25
46 23 45 7
46 25 11 25
46 30 13 45
46 31 57 18
47 3 25 16
47 40 52 34
47 10 43 18
47 7 19 33
47 14 7 11
47 19 27 6
47 23 49 7
47 24 40 31
47 25 5 25
47 30 55 45
48 10 49 18
48 11 40 32
48 12 7 29
48 15 45 26
48 21 21 17
48 23 33 7
48 25 31 25
48 26 37 38
48 27 27 24
48 30 58 45
48 32 51 27
48 34 23 27
48 38 13 28
48 39 16 20
Điểm tối ưu: 556
Thời gian: 100116.8604 ms
Trạng thái: FEASIBLE
