1501
1 32 1 39
1 64 9 59
1 3 16 7
1 7 27 8
1 8 19 1
1 73 34 19
1 74 37 91
1 42 55 20
1 72 22 7
1 77 7 67
1 79 31 61
1 49 45 10
1 82 49 16
1 17 52 20
1 56 57 55
2 89 15 26
2 6 53 18
2 8 58 1
2 9 39 40
2 42 35 3
2 44 55 36
2 78 1 29
2 16 19 54
2 61 49 25
2 19 31 65
2 23 3 25
2 55 9 13
2 57 27 12
2 59 7 2
3 68 1 41
3 38 22 26
3 9 57 40
3 74 13 90
3 43 49 37
3 11 45 15
3 79 7 61
3 48 19 21
3 82 52 16
3 20 27 7
3 52 55 39
3 23 15 25
3 56 3 68
3 57 33 12
3 59 39 38
3 31 43 76
4 1 49 14
4 4 33 1
4 5 55 59
4 14 46 31
4 27 43 79
4 38 58 26
4 47 22 61
4 53 52 27
4 59 41 38
4 63 9 69
4 66 3 61
4 79 19 61
4 84 7 29
4 85 13 49
4 88 31 46
5 2 43 8
5 38 25 26
5 8 52 1
5 42 31 24
5 44 49 36
5 14 22 31
5 80 37 13
5 53 34 27
5 23 45 24
5 56 7 68
5 58 57 19
5 60 19 80
5 61 15 34
5 30 1 46
6 65 9 22
6 35 19 8
6 9 45 40
6 13 7 74
6 14 58 31
6 78 1 53
6 16 52 47
6 46 27 36
6 20 37 3
6 55 15 13
6 54 55 17
6 23 33 25
6 59 43 38
6 30 4 46
7 69 15 16
7 38 40 26
7 8 37 1
7 10 43 11
7 77 49 42
7 14 52 31
7 47 25 61
7 29 3 5
7 83 13 56
7 82 58 16
7 85 29 30
7 53 55 27
7 30 7 46
7 61 21 34
7 62 33 30
8 41 43 35
8 74 19 43
8 76 40 37
8 12 34 18
8 14 55 31
8 51 31 102
8 84 5 29
8 55 51 41
8 54 58 17
8 23 9 25
8 88 37 46
8 25 1 7
8 56 15 68
8 61 27 34
8 31 25 76
9 2 23 8
9 9 15 40
9 12 43 18
9 13 19 74
9 14 49 31
9 26 46 54
9 28 52 23
9 30 10 46
9 46 33 74
9 47 28 99
9 51 4 102
9 60 1 80
9 71 37 35
9 74 57 91
9 79 40 61
9 83 31 56
9 85 25 49
9 87 21 82
10 64 33 59
10 2 47 8
10 70 25 28
10 6 55 18
10 10 51 11
10 44 43 36
10 47 28 61
10 81 4 65
10 82 7 48
10 53 58 27
10 22 10 62
10 87 17 38
10 62 39 30
10 26 1 86
10 59 49 5
10 30 13 46
10 63 19 98
11 11 1 4
11 16 16 78
11 22 25 99
11 25 13 53
11 26 7 54
11 32 28 39
11 41 52 104
11 43 55 37
11 44 58 36
11 48 10 14
11 50 31 84
11 56 21 68
11 57 39 12
11 59 45 38
11 73 49 50
11 80 34 13
11 85 37 49
11 88 43 46
12 32 10 49
12 33 40 27
12 66 5 61
12 68 29 21
12 70 31 28
12 75 25 31
12 44 52 36
12 13 59 74
12 14 1 48
12 46 15 37
12 11 21 27
12 17 37 45
12 16 55 47
12 19 7 72
12 80 49 13
12 62 45 30
13 33 37 39
13 35 21 3
13 6 55 70
13 71 40 65
13 70 28 28
13 44 46 36
13 14 13 48
13 15 1 42
13 80 52 13
13 19 10 72
13 87 19 82
13 24 31 60
13 57 57 12
13 88 49 46
13 61 33 34
13 30 16 46
14 32 4 49
14 2 31 8
14 35 9 3
14 4 33 37
14 37 57 84
14 6 37 18
14 75 39 55
14 12 28 18
14 45 49 34
14 47 43 61
14 83 19 56
14 20 15 9
14 52 47 2
14 58 21 5
14 60 25 5
14 62 51 30
15 35 57 3
15 68 7 41
15 38 4 26
15 74 19 90
15 43 22 12
15 77 13 42
15 48 31 49
15 81 34 65
15 17 1 45
15 49 51 10
15 20 9 9
15 86 15 64
15 88 55 46
15 57 45 12
15 58 27 46
15 59 43 28
15 61 39 34
16 65 3 22
16 67 19 25
16 68 23 41
16 39 55 51
16 41 46 35
16 74 13 91
16 12 43 47
16 47 49 61
16 79 52 61
16 81 16 65
16 84 25 29
16 86 31 64
16 56 27 68
16 57 39 47
16 29 9 5
16 63 57 28
17 64 27 59
17 33 31 6
17 70 34 28
17 39 43 51
17 41 40 35
17 75 3 44
17 77 19 42
17 45 55 34
17 13 25 16
17 16 13 54
17 49 57 10
17 17 46 20
17 19 37 72
17 20 51 7
17 82 16 48
17 28 22 29
17 30 7 51
18 33 13 29
18 2 29 93
18 67 3 28
18 65 9 82
18 7 33 8
18 72 19 7
18 75 45 55
18 17 16 20
18 87 27 82
18 56 39 68
18 26 22 54
18 59 51 38
18 62 57 30
19 35 25 3
19 36 9 10
19 5 49 59
19 7 39 8
19 40 1 70
19 11 43 27
19 76 52 37
19 46 15 74
19 20 21 9
19 21 55 7
19 85 47 49
19 87 29 82
19 52 7 52
19 25 19 53
19 58 33 46
20 32 40 39
20 1 16 54
20 66 11 61
20 37 19 84
20 7 7 8
20 72 28 91
20 75 33 31
20 77 49 80
20 45 3 34
20 79 58 61
20 80 46 13
20 19 13 65
20 20 51 9
20 52 5 52
20 25 25 53
20 30 37 98
20 31 31 76
21 1 7 90
21 2 49 8
21 13 13 16
21 14 10 48
21 17 22 20
21 23 1 24
21 27 33 79
21 29 15 5
21 41 25 104
21 43 46 37
21 51 19 102
21 52 51 107
21 58 39 46
21 59 53 38
21 60 28 5
21 71 55 65
21 73 58 50
21 83 37 56
21 85 31 47
22 34 33 21
22 43 19 51
22 44 40 36
22 76 1 52
22 14 22 48
22 11 27 27
22 17 55 45
22 50 43 84
22 19 13 72
22 18 9 44
22 13 7 26
22 12 58 47
22 78 37 53
22 56 51 68
22 61 45 34
22 30 4 18
23 2 59 8
23 5 19 59
23 70 37 27
23 8 40 1
23 39 49 51
23 73 34 106
23 11 51 15
23 6 57 70
23 14 28 48
23 16 25 54
23 85 55 30
23 54 13 17
23 86 45 64
23 24 7 60
23 88 23 37
23 63 3 51
24 64 57 97
24 89 51 78
24 66 29 90
24 36 1 10
24 43 10 51
24 28 22 51
24 45 5 57
24 17 25 20
24 81 46 65
24 19 16 72
24 82 40 48
24 22 7 62
24 56 33 68
24 60 37 5
24 31 49 76
25 64 37 59
25 3 4 48
25 67 9 28
25 68 17 41
25 75 13 31
25 77 31 67
25 78 7 57
25 51 1 102
25 21 46 7
25 86 21 64
25 87 33 82
25 58 57 46
25 60 43 5
25 61 51 34
25 63 27 51
26 26 28 54
26 9 21 40
26 12 25 47
26 45 1 34
26 48 52 21
26 81 7 65
26 82 37 48
26 18 15 44
26 54 10 17
26 88 31 37
26 89 33 72
26 58 45 46
26 59 55 38
26 28 40 6
26 61 57 34
26 57 3 58
27 65 31 22
27 66 1 90
27 40 43 31
27 8 55 1
27 42 53 24
27 43 7 12
27 41 58 104
27 76 16 52
27 14 46 48
27 16 10 57
27 82 49 48
27 19 22 72
27 22 13 62
27 88 39 62
27 89 27 72
27 58 3 53
28 26 7 86
28 38 37 26
28 74 47 91
28 76 10 37
28 49 15 51
28 18 21 44
28 83 43 56
28 84 27 29
28 19 40 72
28 82 55 48
28 52 29 52
28 51 34 102
28 25 25 7
28 58 51 46
28 21 58 7
28 61 3 43
29 64 3 59
29 69 9 23
29 38 43 26
29 71 16 35
29 8 13 1
29 42 29 24
29 76 19 52
29 28 22 23
29 44 34 50
29 74 49 43
29 14 52 48
29 52 27 2
29 86 39 64
29 56 57 68
29 60 46 5
29 31 1 94
30 65 25 22
30 36 21 6
30 4 3 50
30 8 43 1
30 74 55 91
30 43 34 51
30 12 46 47
30 17 31 45
30 20 39 9
30 21 13 7
30 86 57 64
30 25 51 53
30 61 9 43
30 30 16 62
31 2 55 8
31 36 25 10
31 44 52 50
31 77 43 67
31 46 3 74
31 78 13 57
31 48 58 49
31 51 22 102
31 52 29 2
31 21 37 7
31 22 19 62
31 87 1 66
31 24 35 60
31 57 9 58
31 60 40 5
31 61 15 43
31 63 45 51
32 4 27 1
32 6 7 70
32 10 19 11
32 13 55 74
32 16 13 78
32 24 1 60
32 25 31 53
32 27 5 79
32 31 3 94
32 34 33 47
32 37 45 39
32 40 49 70
32 49 9 53
32 52 37 52
32 54 40 54
32 62 57 57
32 77 43 73
32 78 25 57
33 65 57 22
33 33 16 29
33 1 43 54
33 7 39 49
33 10 3 11
33 44 7 50
33 12 49 47
33 78 31 57
33 16 22 57
33 17 46 45
33 19 52 72
33 84 29 29
33 85 11 47
33 58 33 53
33 27 1 79
33 28 13 76
33 30 25 62
34 2 53 8
34 35 9 24
34 37 1 84
34 38 55 26
34 76 40 52
34 45 37 57
34 78 43 57
34 49 15 53
34 84 19 29
34 21 25 43
34 54 49 54
34 57 33 58
34 58 45 53
34 59 59 38
34 61 21 43
34 30 28 62
35 2 37 8
35 17 43 20
35 19 19 72
35 20 27 9
35 32 1 88
35 40 4 70
35 42 41 24
35 44 55 50
35 45 49 57
35 64 15 59
35 66 33 95
35 68 39 41
35 70 46 52
35 75 51 55
35 76 58 52
35 77 25 42
35 85 9 30
36 1 10 54
36 35 3 3
36 37 49 39
36 69 15 23
36 71 19 65
36 8 22 1
36 10 33 11
36 75 27 55
36 79 37 61
36 80 40 13
36 81 58 65
36 83 45 56
36 25 55 53
37 71 10 65
37 11 15 27
37 75 3 31
37 77 37 67
37 12 19 18
37 80 22 13
37 49 27 53
37 17 43 45
37 19 46 72
37 52 1 89
37 87 31 82
37 89 57 72
37 58 51 66
37 27 39 88
37 62 33 57
37 31 7 94
38 32 1 49
38 33 13 6
38 65 9 41
38 68 31 41
38 70 22 52
38 6 41 70
38 8 16 1
38 43 4 60
38 15 27 42
38 47 46 70
38 50 25 84
38 19 43 72
38 85 49 49
38 22 34 62
38 23 57 25
38 26 52 54
38 31 39 94
39 66 37 90
39 35 3 8
39 69 15 32
39 5 31 62
39 72 43 93
39 15 7 42
39 49 21 53
39 51 46 102
39 21 34 43
39 22 55 99
39 23 39 25
39 55 25 41
39 85 13 60
39 60 58 5
39 63 51 51
40 1 16 91
40 6 37 41
40 31 5 94
40 39 9 94
40 40 13 70
40 50 7 10
40 56 43 68
40 59 47 38
40 60 55 5
40 62 27 57
40 67 39 28
40 70 49 52
40 72 52 93
40 77 19 67
40 79 22 86
40 82 58 48
40 84 31 29
40 89 33 75
41 32 43 49
41 36 27 6
41 70 16 86
41 10 9 11
41 12 1 63
41 76 13 52
41 47 46 104
41 16 19 94
41 79 34 61
41 85 31 11
41 55 57 66
41 88 37 62
41 89 51 75
41 62 39 57
42 66 43 90
42 35 45 3
42 37 9 39
42 69 3 75
42 6 59 70
42 72 22 91
42 38 19 26
42 10 25 11
42 44 16 69
42 15 51 42
42 79 13 61
42 17 34 45
42 52 7 39
42 23 37 76
42 88 41 62
42 25 57 53
42 27 55 79
43 5 4 86
43 16 13 94
43 20 33 7
43 27 59 79
43 32 28 49
43 34 21 47
43 41 16 58
43 44 37 36
43 59 19 28
43 71 10 71
43 72 40 91
43 73 43 50
43 74 31 40
43 78 55 57
43 79 46 86
43 81 49 65
43 84 57 29
43 85 7 30
44 36 9 6
44 71 13 106
44 73 28 50
44 42 49 24
44 13 31 74
44 46 19 37
44 47 16 70
44 48 34 49
44 15 45 42
44 84 39 29
44 87 25 38
44 56 3 71
44 29 51 5
44 63 57 51
45 65 7 7
45 36 37 10
45 37 15 39
45 71 4 35
45 72 1 93
45 39 11 94
45 42 59 24
45 77 13 73
45 47 19 70
45 16 22 94
45 80 31 13
45 23 45 25
45 55 27 13
45 87 55 66
45 27 57 79
45 29 51 90
46 33 49 27
46 37 45 73
46 5 13 86
46 41 22 58
46 10 39 11
46 43 16 60
46 77 59 42
46 14 10 56
46 13 37 16
46 16 28 94
46 48 4 93
46 18 33 44
46 20 55 9
46 59 31 5
46 60 52 67
47 2 11 8
47 11 3 27
47 16 16 94
47 24 19 60
47 27 1 43
47 30 22 62
47 38 31 26
47 39 25 101
47 46 27 74
47 48 13 93
47 50 35 10
47 58 39 66
47 65 45 82
47 67 51 28
47 76 55 52
47 80 58 13
47 85 37 47
47 88 43 62
48 1 7 91
48 34 3 47
48 66 55 90
48 70 28 86
48 39 31 94
48 40 10 70
48 10 15 11
48 76 43 52
48 46 21 74
48 15 37 42
48 16 34 94
48 19 25 81
48 84 41 29
48 21 46 75
48 86 51 64
48 29 57 90
49 1 4 45
49 34 7 21
49 3 43 48
49 36 15 24
49 37 27 101
49 39 13 51
49 8 34 105
49 73 46 50
49 41 49 35
49 10 21 73
49 12 40 7
49 51 52 102
49 20 57 63
49 19 31 81
50 1 19 91
50 34 9 29
50 35 25 24
50 68 29 41
50 38 1 78
50 40 22 70
50 75 31 55
50 11 15 66
50 77 7 16
50 13 37 74
50 43 52 60
50 48 55 93
50 17 58 45
50 87 35 82
50 30 49 62
50 61 39 43
50 62 45 57
51 32 22 88
51 1 25 91
51 34 13 47
51 66 49 90
51 71 1 106
51 72 19 93
51 73 7 106
51 76 31 52
51 77 37 73
51 47 28 70
51 48 34 93
51 49 39 51
51 80 43 13
51 83 59 56
51 54 4 17
51 23 51 76
51 26 55 86
52 33 37 6
52 73 19 19
52 74 43 91
52 42 51 95
52 75 9 55
52 77 13 23
52 15 15 42
52 48 22 93
52 18 27 44
52 29 33 88
52 21 40 75
52 87 49 82
52 88 53 62
52 57 55 58
52 58 3 81
52 61 45 43
52 25 59 53
53 65 3 7
53 3 31 27
53 68 13 37
53 7 15 49
53 39 1 97
53 9 27 40
53 42 37 95
53 74 59 91
53 10 21 81
53 14 34 48
53 81 43 65
53 85 47 60
53 23 7 76
53 24 57 60
53 58 39 81
53 61 51 43
54 70 25 86
54 71 28 65
54 9 33 40
54 42 43 24
54 11 21 15
54 76 52 52
54 45 13 96
54 14 1 56
54 79 49 86
54 80 55 13
54 18 39 44
54 56 15 71
54 24 5 87
54 58 45 81
54 60 58 67
54 29 9 102
55 6 53 70
55 8 28 105
55 20 33 9
55 21 43 75
55 25 49 53
55 27 47 88
55 28 16 76
55 33 19 39
55 34 39 67
55 44 4 92
55 50 51 96
55 70 22 87
55 71 25 65
55 73 58 106
55 78 1 83
55 86 9 64
55 88 55 62
56 35 3 66
56 6 41 18
56 7 9 73
56 72 16 93
56 41 22 35
56 40 43 70
56 43 13 4
56 74 1 95
56 13 47 74
56 11 33 15
56 17 52 45
56 83 39 56
56 22 49 99
56 88 7 77
56 26 19 100
56 28 28 78
56 61 57 43
57 9 7 40
57 13 43 74
57 19 28 81
57 23 3 76
57 24 11 87
57 26 16 100
57 27 19 88
57 43 37 60
57 45 31 34
57 46 33 96
57 52 13 89
57 56 21 71
57 59 1 28
57 60 49 67
57 68 41 41
57 81 52 65
57 84 45 29
57 89 57 75
58 67 21 28
58 4 15 50
58 3 31 48
58 70 34 87
58 41 37 99
58 13 53 74
58 77 13 80
58 15 9 100
58 47 40 32
58 46 3 90
58 79 58 86
58 45 19 96
58 78 7 83
58 53 55 89
58 56 25 71
58 59 1 38
58 31 45 94
59 2 27 93
59 11 9 27
59 20 43 9
59 23 21 76
59 24 29 87
59 27 37 79
59 31 47 94
59 35 33 99
59 39 19 97
59 44 13 92
59 45 25 96
59 57 39 58
59 58 55 81
59 66 7 95
59 76 1 77
59 77 53 80
59 78 51 83
59 85 17 47
60 2 7 93
60 3 43 7
60 15 21 42
60 19 34 81
60 21 37 75
60 25 53 53
60 30 46 62
60 35 15 99
60 39 49 4
60 42 13 95
60 49 3 69
60 52 19 89
60 57 27 58
60 60 55 67
60 66 9 101
60 70 40 87
60 72 58 93
60 82 31 103
60 87 51 82
61 32 7 88
61 3 19 48
61 36 3 6
61 38 22 78
61 42 37 24
61 44 16 92
61 77 49 73
61 16 10 106
61 81 31 17
61 18 57 44
61 50 53 96
61 51 13 102
61 23 27 76
61 56 39 71
61 24 51 87
61 63 45 87
62 1 1 91
62 2 25 93
62 4 21 50
62 6 31 88
62 15 33 42
62 27 43 88
62 31 37 94
62 46 39 74
62 48 49 93
62 51 16 102
62 55 27 69
62 66 55 95
62 67 45 28
62 73 4 106
62 74 59 95
62 79 52 86
62 80 13 97
62 87 57 82
62 88 9 77
63 33 22 39
63 58 7 81
63 69 27 75
63 39 37 101
63 71 19 106
63 7 33 73
63 46 39 90
63 19 1 92
63 20 15 63
63 83 47 56
63 22 43 99
63 88 11 77
63 57 51 58
63 56 57 71
63 60 4 80
63 31 49 94
64 26 40 73
64 38 28 26
64 39 55 97
64 15 3 100
64 17 13 45
64 19 25 92
64 20 21 63
64 84 33 29
64 54 37 17
64 87 19 38
64 24 43 87
64 18 49 44
64 56 45 71
64 59 59 2
64 60 7 80
64 52 57 107
65 5 34 86
65 38 4 78
65 11 43 66
65 44 10 92
65 13 31 85
65 46 15 90
65 78 13 83
65 79 40 86
65 49 21 69
65 16 25 106
65 81 7 17
65 84 47 29
65 50 37 96
65 87 59 82
65 25 29 92
65 58 51 81
65 59 55 28
66 33 55 6
66 1 31 54
66 37 15 73
66 69 43 32
66 71 1 35
66 7 21 49
66 59 25 2
66 76 4 77
66 13 27 85
66 46 39 14
66 81 10 80
66 50 7 107
66 83 53 56
66 88 13 77
66 27 51 88
66 30 58 62
67 13 59 85
67 20 3 9
67 25 7 92
67 30 13 98
67 31 41 94
67 32 28 88
67 33 16 56
67 35 21 99
67 40 31 70
67 44 34 92
67 52 39 107
67 53 25 89
67 57 45 58
67 66 55 101
67 71 49 106
67 78 53 83
67 88 57 77
67 89 9 78
68 1 31 91
68 35 55 24
68 36 19 10
68 69 15 75
68 37 9 84
68 40 34 70
68 73 40 106
68 74 49 91
68 78 59 83
68 15 27 100
68 46 45 96
68 19 37 92
68 31 51 94
68 63 3 98
69 33 4 39
69 68 43 41
69 69 33 16
69 41 1 104
69 74 7 36
69 11 9 66
69 76 16 77
69 77 27 80
69 12 13 18
69 47 22 45
69 80 49 97
69 75 45 67
69 16 52 106
69 73 55 106
69 45 59 96
69 21 19 77
69 61 39 101
70 66 43 101
70 3 25 48
70 34 15 19
70 70 37 86
70 41 4 104
70 75 21 55
70 79 28 89
70 80 55 96
70 49 45 95
70 50 1 96
70 19 40 92
70 15 33 100
70 84 49 29
70 22 58 99
70 62 51 57
70 63 9 98
71 34 55 21
71 37 3 73
71 73 28 106
71 75 21 67
71 12 10 90
71 44 43 92
71 47 13 104
71 80 16 97
71 17 49 45
71 15 39 100
71 21 46 77
71 55 33 69
71 26 52 100
71 30 25 98
72 33 34 6
72 14 22 56
72 9 3 40
72 45 49 96
72 78 25 83
72 79 37 89
72 77 15 80
72 49 27 95
72 82 10 103
72 83 41 56
72 84 51 29
72 21 31 77
72 53 58 89
72 55 45 69
72 25 53 92
72 26 55 100
73 68 47 41
73 4 43 44
73 70 13 87
73 36 9 89
73 73 16 106
73 43 28 60
73 13 49 85
73 14 25 56
73 46 21 36
73 48 52 97
73 79 31 89
73 50 19 107
73 18 3 85
73 52 1 23
73 20 39 63
73 86 55 105
73 27 59 88
73 28 34 98
74 37 3 95
74 70 31 87
74 72 40 93
74 9 13 84
74 75 25 45
74 46 9 74
74 15 45 100
74 47 55 104
74 79 34 107
74 60 22 80
74 52 43 2
74 84 53 29
74 54 58 54
74 28 49 23
75 33 4 56
75 34 7 47
75 36 21 89
75 37 15 95
75 70 25 87
75 6 59 60
75 13 55 85
75 14 28 56
75 47 43 104
75 79 1 107
75 20 31 63
75 84 35 29
75 86 39 69
75 60 46 80
75 30 49 98
75 31 53 94
76 72 10 93
76 9 21 107
76 42 19 95
76 13 13 85
76 45 1 57
76 79 4 107
76 17 40 45
76 50 25 107
76 19 46 92
76 61 33 101
76 53 43 89
76 86 15 105
76 84 55 29
76 82 37 103
76 57 27 84
76 26 49 100
76 27 53 88
76 29 57 102
77 1 31 14
77 37 57 39
77 70 1 87
77 8 4 63
77 41 7 104
77 75 15 55
77 77 35 23
77 78 41 83
77 14 49 56
77 81 10 85
77 51 37 102
77 20 45 63
77 86 21 60
77 24 53 87
77 62 25 30
78 2 31 93
78 34 3 21
78 67 15 28
78 3 22 83
78 39 1 51
78 40 37 70
78 73 43 106
78 9 9 107
78 11 27 15
78 43 40 60
78 72 46 93
78 81 19 85
78 51 49 102
78 22 52 99
78 55 57 69
78 89 33 78
78 25 55 92
79 34 13 21
79 5 43 86
79 69 1 16
79 37 9 95
79 8 31 105
79 77 55 42
79 49 21 95
79 50 59 107
79 20 25 63
79 21 34 77
79 53 46 89
79 55 51 69
79 24 57 87
79 89 37 78
80 5 19 86
80 37 3 101
80 70 7 87
80 72 37 93
80 41 10 104
80 7 27 73
80 75 15 67
80 77 25 67
80 47 34 104
80 80 40 97
80 81 22 85
80 18 51 85
80 85 55 60
80 60 31 80
80 29 57 103
80 63 45 98
81 66 15 101
81 2 17 101
81 36 3 89
81 10 19 105
81 12 31 18
81 77 35 80
81 46 9 96
81 45 43 96
81 80 25 97
81 16 37 106
81 17 28 83
81 50 41 107
81 52 49 107
81 20 51 63
81 87 55 82
81 23 57 76
81 61 45 101
82 89 9 34
82 65 39 22
82 35 27 66
82 9 15 107
82 41 31 35
82 46 55 23
82 15 3 103
82 16 46 106
82 17 34 20
82 50 53 107
82 20 21 103
82 53 49 89
82 24 59 87
82 25 13 19
83 1 4 91
83 17 7 20
83 26 13 100
83 30 16 98
83 32 10 88
83 40 25 70
83 42 43 95
83 51 28 102
83 52 31 107
83 56 33 71
83 60 37 80
83 67 21 96
83 68 19 41
83 76 40 77
83 77 51 80
83 78 55 83
83 86 45 105
83 88 1 8
83 89 57 78
84 32 13 88
84 66 1 101
84 67 3 96
84 36 31 10
84 6 17 88
84 39 7 4
84 71 22 106
84 41 19 104
84 42 35 95
84 75 27 67
84 14 10 31
84 47 37 104
84 53 40 89
84 88 43 77
84 89 45 78
84 56 51 71
84 61 57 101
84 31 55 94
85 2 31 101
85 5 10 86
85 8 7 105
85 10 3 105
85 13 25 85
85 15 15 103
85 17 37 83
85 20 27 103
85 28 40 98
85 43 43 60
85 52 47 107
85 57 33 84
85 58 21 46
85 74 53 95
85 78 57 83
85 82 49 103
85 83 55 56
85 84 59 29
86 65 3 41
86 66 7 101
86 35 9 67
86 68 1 37
86 70 16 87
86 38 25 78
86 41 22 104
86 42 31 95
86 10 37 105
86 77 41 80
86 14 19 31
86 78 47 83
86 81 13 8
86 18 33 85
86 19 49 92
86 53 52 89
86 54 55 54
86 25 59 92
87 65 3 54
87 33 7 103
87 1 10 91
87 67 15 96
87 37 19 101
87 68 55 41
87 6 25 18
87 44 31 92
87 77 43 80
87 80 28 97
87 82 34 103
87 21 37 77
87 22 40 99
87 23 45 76
87 24 49 87
87 89 51 26
87 59 59 73
87 31 57 94
88 5 34 41
88 7 3 83
88 8 10 105
88 13 29 85
88 18 15 85
88 19 19 92
88 24 37 87
88 26 22 100
88 28 31 23
88 31 43 94
88 41 7 56
88 42 49 95
88 46 25 90
88 49 39 95
88 52 55 107
88 57 45 84
88 82 52 103
88 83 57 56
88 88 59 77
89 64 3 97
89 65 15 82
89 3 19 83
89 7 9 83
89 74 25 95
89 76 22 77
89 78 49 83
89 46 27 96
89 80 31 97
89 48 34 97
89 81 37 85
89 82 40 103
89 51 43 102
89 22 46 99
89 88 55 77
89 57 51 84
89 60 58 80
90 32 4 88
90 64 7 97
90 2 11 101
90 38 19 78
90 7 15 83
90 44 1 12
90 77 25 80
90 47 28 104
90 16 31 106
90 17 34 83
90 50 37 107
90 51 40 102
90 84 43 29
90 20 45 103
90 21 49 77
90 24 55 87
90 26 58 100
90 30 52 98
91 2 13 101
91 35 3 99
91 4 9 99
91 36 15 89
91 70 19 87
91 39 23 101
91 43 25 60
91 76 28 77
91 13 43 85
91 28 31 98
91 14 34 56
91 80 37 97
91 81 40 85
91 18 45 85
91 86 49 105
91 87 7 38
91 60 55 80
91 31 59 94
92 64 45 97
92 65 3 82
92 69 9 75
92 38 49 17
92 76 25 77
92 77 29 80
92 78 31 83
92 84 37 29
92 52 43 39
92 85 19 49
92 23 33 76
92 57 39 84
92 58 13 81
92 27 55 88
92 61 21 24
92 63 57 98
Điểm tối ưu: 1501
Thời gian: 100360.8148 ms
Trạng thái: FEASIBLE
