227
1 38 33 35
2 8 1 1
2 34 31 34
2 46 5 39
2 59 16 38
3 26 25 21
3 44 9 30
3 47 13 3
4 6 3 15
4 36 9 12
4 46 1 39
5 7 19 2
5 12 51 37
5 29 15 37
5 34 7 14
6 45 57 33
6 57 46 24
7 12 57 7
7 59 1 30
7 60 19 12
8 4 19 4
8 13 9 17
8 27 3 10
8 45 45 33
8 56 16 33
9 11 7 35
9 15 1 16
9 43 33 5
9 48 52 35
10 17 27 5
11 9 58 20
11 19 4 37
11 21 1 14
12 17 39 5
12 19 7 37
12 48 10 15
13 38 37 35
13 44 1 23
13 47 7 3
13 49 3 26
14 5 13 4
14 7 3 2
14 55 9 6
14 59 19 40
15 8 4 4
15 33 13 6
15 37 9 18
16 9 7 5
16 35 19 23
17 1 37 22
17 17 1 5
17 37 19 18
17 41 13 5
17 58 11 4
18 12 1 7
18 22 52 38
18 43 45 5
19 14 22 4
19 58 3 14
20 6 1 15
20 19 58 37
21 7 7 9
21 37 1 36
21 52 28 26
22 17 21 5
22 44 5 30
23 52 19 26
23 56 7 1
24 7 9 2
24 48 19 35
24 60 13 12
25 8 10 5
25 45 21 33
25 52 13 26
26 35 27 9
26 37 7 36
26 49 1 26
27 13 7 17
27 49 43 26
27 57 16 24
28 27 7 10
28 36 29 25
28 41 4 11
28 49 55 26
30 13 11 17
31 17 55 5
31 35 11 23
31 36 7 12
31 44 53 30
32 56 4 32
33 45 9 33
33 52 46 26
34 13 37 20
34 17 27 8
34 46 51 39
34 58 5 27
35 7 15 15
35 48 7 15
36 21 5 6
36 31 7 16
36 37 25 18
37 29 11 37
37 30 13 17
37 35 43 9
37 43 31 2
37 45 39 33
38 4 49 23
38 26 1 12
38 41 52 5
38 52 22 26
38 58 5 14
39 5 49 7
39 37 57 36
39 47 3 34
40 7 13 2
40 34 40 34
40 39 27 36
40 59 4 40
41 1 1 6
41 5 21 24
41 45 25 33
41 60 51 12
42 9 49 5
42 27 45 9
42 39 5 36
43 9 49 18
43 37 57 18
44 38 47 35
45 12 7 7
45 52 49 26
45 56 22 1
46 38 1 35
46 39 49 36
46 46 43 39
47 6 45 15
47 7 55 2
47 47 1 3
48 4 58 26
48 6 43 15
48 9 34 20
48 30 55 25
49 20 7 18
49 32 55 10
50 29 23 37
50 41 16 5
50 45 3 33
50 52 52 26
51 55 7 26
51 59 1 40
52 38 17 35
53 17 9 8
53 22 52 23
54 5 39 7
54 19 1 37
54 33 16 6
54 55 45 36
54 58 33 4
55 15 4 16
55 17 19 38
55 20 59 15
56 34 46 34
56 49 57 39
57 15 16 16
58 9 43 34
58 30 1 25
58 49 31 39
58 56 16 32
58 57 58 24
59 17 1 8
59 21 7 6
59 31 19 16
59 52 16 26
60 11 51 32
60 22 13 18
61 6 5 15
61 34 55 34
62 7 3 9
62 59 55 40
63 4 4 23
63 7 45 18
63 9 31 20
63 17 57 38
64 6 15 36
64 20 1 11
64 32 13 10
64 60 57 12
65 21 21 6
65 28 45 12
65 31 39 23
66 48 49 35
67 4 1 24
67 8 16 1
67 20 13 11
67 31 45 23
67 44 59 30
68 32 57 10
69 32 59 10
69 37 51 36
71 9 1 20
71 36 53 3
71 39 55 36
72 1 11 16
72 20 7 11
72 48 55 35
73 56 4 1
74 4 1 4
74 14 7 4
74 15 55 31
74 48 58 35
75 30 1 17
75 35 53 9
75 43 49 2
75 46 59 39
76 37 1 18
76 59 58 40
77 21 59 6
77 31 55 16
77 55 1 31
78 1 3 22
78 32 1 10
78 47 51 34
79 21 3 29
79 28 51 33
79 34 58 34
80 1 3 6
80 30 52 25
80 31 57 23
Điểm tối ưu: 227
Thời gian: 3477.1547 ms
Trạng thái: OPTIMUM
