318
1 4 5 12
1 17 13 23
1 55 1 40
2 9 13 11
2 14 1 12
2 21 7 24
3 9 25 11
3 21 9 24
4 2 11 25
4 4 9 12
4 52 1 13
4 58 13 14
5 24 16 17
5 43 3 6
5 56 7 4
6 24 1 17
6 29 16 1
6 47 9 13
6 55 41 40
7 9 19 11
7 15 1 10
7 25 7 9
7 31 5 1
8 42 13 12
9 42 19 12
9 50 7 37
9 56 1 4
10 5 7 14
10 12 1 2
10 39 5 11
11 24 10 18
11 38 1 19
11 53 7 17
11 60 5 2
12 8 13 6
12 34 7 19
13 42 31 12
14 14 7 7
14 30 1 18
14 32 11 24
15 12 3 2
15 37 10 8
15 44 7 28
15 46 21 23
16 8 10 6
16 24 4 17
17 29 13 1
17 57 1 3
17 60 7 2
18 30 7 11
18 38 13 10
18 50 1 9
19 11 19 1
19 29 22 1
19 34 13 19
19 54 10 17
20 9 31 11
20 40 43 3
21 11 7 1
21 34 37 19
21 44 10 28
21 54 16 18
21 58 25 14
22 6 1 37
22 57 9 3
22 58 31 14
23 47 7 13
23 54 22 17
23 56 13 4
24 13 1 25
24 29 25 1
24 30 37 11
24 59 5 10
25 3 5 14
25 4 7 12
25 22 55 3
25 41 37 17
25 49 1 5
26 28 1 6
26 36 15 7
26 43 19 6
27 8 13 13
28 17 25 23
28 33 13 3
28 39 21 4
28 54 37 39
29 29 28 1
29 43 31 6
29 54 22 18
29 60 15 2
30 6 35 37
30 21 13 24
30 34 31 19
30 48 5 8
30 52 25 13
31 12 13 2
31 25 10 9
31 36 1 7
31 39 19 4
32 10 5 13
32 50 13 9
33 16 49 27
33 51 25 2
34 1 15 31
34 41 31 17
35 3 11 14
35 28 23 6
35 52 27 35
35 57 7 3
36 30 43 11
36 36 13 20
36 39 27 4
36 44 49 28
37 32 17 24
37 58 45 14
38 16 57 27
38 28 41 21
38 43 43 29
39 25 4 24
39 45 13 8
39 47 47 13
39 49 37 25
40 2 23 25
40 35 7 10
40 48 3 8
40 49 33 5
40 59 11 10
41 6 33 37
41 14 19 10
41 31 31 1
41 59 17 10
42 9 49 11
42 54 46 39
43 2 31 25
43 27 4 3
43 59 23 10
44 1 1 8
44 16 43 18
44 17 31 23
44 41 25 38
44 51 37 2
45 18 21 2
45 28 39 6
45 46 19 23
46 16 31 18
46 27 19 3
46 28 37 6
46 38 25 10
46 51 9 16
47 6 23 37
47 18 31 8
47 44 52 28
47 60 11 2
48 8 40 13
48 14 3 25
49 17 37 23
49 33 16 3
49 56 31 4
49 58 51 14
50 17 45 34
50 24 22 26
50 60 19 2
51 2 45 25
51 11 25 34
51 30 51 18
51 45 19 8
51 56 39 4
52 16 37 18
52 22 25 3
53 8 25 6
53 58 57 14
54 4 43 19
54 33 22 3
54 47 37 13
54 56 51 4
54 57 11 3
55 28 5 21
55 29 19 31
55 32 37 38
55 46 55 23
56 6 19 37
56 32 33 24
56 44 46 28
56 56 57 4
56 60 51 2
57 34 19 19
57 41 28 17
57 43 45 37
57 52 51 40
57 58 3 38
58 12 33 2
58 27 16 16
58 33 13 22
58 47 55 13
58 58 9 38
59 31 33 1
59 42 37 28
59 54 25 17
59 56 15 38
60 3 55 24
60 32 17 36
60 33 10 22
60 60 53 2
61 39 11 4
61 58 21 38
62 5 21 32
62 13 5 18
62 21 19 24
62 54 52 39
63 1 45 8
63 21 43 24
63 30 51 29
64 12 17 2
64 27 55 21
64 41 28 38
65 21 15 24
65 52 55 40
66 17 21 34
66 57 7 22
66 60 55 2
67 34 45 19
68 8 52 13
68 27 4 16
68 32 43 38
68 44 55 28
69 13 55 31
70 24 19 17
70 56 33 38
71 3 21 5
71 11 16 13
71 18 9 20
71 24 40 26
71 45 45 26
72 30 19 14
72 39 57 11
72 42 33 35
73 37 7 8
73 55 59 40
74 15 1 15
74 35 57 33
74 36 45 31
75 28 9 21
75 34 51 19
76 13 19 18
76 59 55 34
77 33 1 22
77 35 45 33
77 44 58 28
78 6 3 37
78 27 58 21
79 17 1 34
79 28 49 38
80 41 13 17
80 42 39 35
81 8 16 6
81 13 13 18
81 17 51 34
81 56 39 38
82 1 3 31
82 21 1 26
82 45 57 26
83 30 1 29
83 33 46 35
83 46 57 23
84 9 1 33
84 15 11 15
84 40 49 3
84 60 57 2
85 15 3 15
85 47 57 13
86 4 5 19
86 11 10 34
86 52 1 35
86 54 55 39
87 5 3 32
87 17 7 23
87 38 51 33
87 59 57 34
88 2 9 25
88 43 51 37
89 16 1 27
89 32 55 38
89 59 59 34
90 21 3 26
90 39 59 11
91 15 3 10
91 36 57 31
91 58 45 38
92 25 1 24
92 34 57 19
93 1 9 31
93 13 7 18
93 31 59 1
93 42 51 35
94 8 7 6
94 46 59 23
94 56 51 38
95 12 9 2
95 25 49 24
95 30 57 29
96 9 3 28
96 29 10 1
96 45 51 26
96 54 58 39
97 30 1 14
97 60 59 2
98 17 1 23
98 36 51 31
98 39 55 11
98 56 57 38
99 14 1 1
99 40 52 3
99 42 55 35
99 47 59 13
100 9 1 11
100 25 52 24
100 43 55 37
100 57 59 30
Điểm tối ưu: 318
Thời gian: 4879.5967 ms
Trạng thái: OPTIMUM
