2840
1 98 1 31
1 133 21 13
1 78 27 105
1 49 33 13
1 83 51 2
1 53 15 34
1 150 57 44
1 124 37 116
2 1 52 10
2 73 13 61
2 141 34 24
2 142 21 138
2 111 49 12
2 144 40 44
2 46 55 87
2 116 57 14
2 125 7 46
2 54 15 58
2 93 23 32
2 24 25 34
2 123 31 67
2 61 45 15
3 58 49 24
3 104 22 43
3 78 9 21
3 50 28 43
3 82 15 36
3 116 3 41
3 54 33 58
3 121 7 93
3 91 19 63
3 124 43 116
3 125 25 46
3 126 41 139
4 98 51 31
4 4 11 97
4 42 3 61
4 119 57 11
4 93 37 32
4 52 13 65
4 55 39 24
4 116 15 41
4 89 19 61
4 124 49 116
4 125 31 46
4 95 46 42
5 64 43 12
5 129 19 68
5 4 1 97
5 68 55 90
5 12 9 32
5 77 47 21
5 14 27 34
5 111 58 12
5 109 15 21
5 44 13 146
5 114 34 80
5 52 7 84
5 55 3 30
5 57 22 4
5 123 41 67
5 92 25 97
6 130 46 40
6 131 27 32
6 3 55 75
6 70 9 36
6 72 21 58
6 104 31 43
6 74 16 97
6 139 25 170
6 77 49 21
6 47 43 107
6 54 39 58
6 119 3 18
6 24 37 34
6 31 19 95
7 7 9 28
7 72 3 58
7 105 40 51
7 43 22 25
7 76 33 23
7 77 55 21
7 141 13 59
7 146 46 5
7 148 28 63
7 125 43 46
7 86 19 130
7 121 37 93
7 60 57 28
7 61 51 15
7 31 25 95
8 33 1 82
8 34 13 105
8 70 21 36
8 42 9 61
8 107 33 47
8 44 25 146
8 77 7 29
8 140 27 97
8 12 3 45
8 123 43 67
8 62 45 35
9 128 7 105
9 34 3 103
9 3 9 75
9 5 19 97
9 70 27 36
9 41 31 101
9 105 37 66
9 76 45 23
9 60 15 49
9 50 34 43
9 148 49 63
9 117 59 75
9 121 13 104
9 124 55 116
10 40 3 57
10 8 13 74
10 43 25 74
10 140 39 97
10 76 51 23
10 110 9 41
10 139 43 170
10 61 57 15
10 21 37 78
10 29 16 61
11 97 43 126
11 34 51 35
11 130 16 40
11 3 9 81
11 104 37 43
11 76 3 40
11 13 49 107
11 14 21 34
11 17 13 64
11 82 33 36
11 146 58 5
11 52 1 84
11 118 7 45
11 150 27 67
11 56 25 65
11 59 46 47
12 1 52 86
12 129 55 57
12 67 27 47
12 101 13 95
12 33 59 74
12 72 45 58
12 11 21 49
12 44 19 146
12 14 33 34
12 142 25 138
12 50 40 43
12 46 1 118
12 118 37 45
12 26 9 18
12 63 7 96
13 32 51 105
13 33 33 82
13 1 25 61
13 67 9 48
13 129 53 77
13 102 49 76
13 42 21 61
13 143 13 45
13 114 40 80
13 115 16 45
13 88 57 101
13 121 7 118
14 12 33 45
14 142 23 138
14 148 10 63
14 32 17 105
14 40 39 47
14 50 46 43
14 52 13 84
14 59 55 47
14 67 27 48
14 72 51 58
14 73 25 84
14 86 31 127
14 91 43 63
14 99 1 60
14 102 37 76
14 124 7 165
14 125 49 46
14 127 19 162
15 33 7 82
15 1 28 61
15 97 55 126
15 68 1 114
15 103 9 30
15 104 49 43
15 73 19 84
15 138 33 40
15 11 23 49
15 140 37 97
15 13 21 125
15 146 52 5
15 19 40 32
15 83 3 26
15 54 57 58
15 119 15 18
15 57 25 4
16 128 37 105
16 129 19 77
16 7 39 63
16 137 45 25
16 42 33 61
16 138 3 49
16 110 21 41
16 142 31 138
16 55 15 30
16 54 9 67
16 25 27 41
16 58 52 24
16 123 55 67
17 34 21 35
17 4 45 125
17 102 43 76
17 8 1 29
17 105 25 66
17 71 15 26
17 76 51 40
17 77 19 29
17 110 39 41
17 85 28 138
17 21 47 78
17 89 37 61
17 58 58 24
17 123 49 67
17 29 55 61
17 95 31 49
18 100 23 48
18 5 46 111
18 6 57 25
18 107 51 47
18 139 31 170
18 141 25 106
18 140 29 97
18 143 10 45
18 45 1 104
18 142 37 138
18 115 19 45
18 116 33 41
18 119 39 18
18 24 43 34
18 121 13 118
18 27 15 81
18 61 3 16
19 98 15 32
19 58 1 62
19 69 22 54
19 6 51 25
19 8 4 29
19 11 43 49
19 77 13 29
19 83 45 26
19 21 7 91
19 54 57 67
19 121 19 118
19 26 27 18
19 27 39 81
19 31 31 95
19 93 55 32
19 63 37 96
20 128 29 141
20 136 7 104
20 137 39 25
20 10 9 40
20 139 49 170
20 11 1 109
20 13 59 107
20 151 16 57
20 42 3 74
20 50 52 43
20 65 33 38
20 77 57 29
20 80 25 42
20 86 13 130
20 96 45 69
20 99 19 60
21 66 19 32
21 4 39 125
21 5 58 111
21 39 51 44
21 138 9 49
21 108 1 98
21 80 55 42
21 145 3 34
21 49 15 13
21 115 22 45
21 116 45 41
21 86 25 130
21 118 31 45
21 60 27 49
21 94 34 84
21 31 37 95
22 65 21 38
22 129 25 77
22 131 33 32
22 37 15 44
22 103 27 30
22 40 51 57
22 138 57 51
22 139 55 170
22 140 41 97
22 19 43 32
22 53 9 60
22 118 39 45
22 24 49 34
22 121 31 118
22 124 1 165
22 63 7 123
23 38 3 53
23 74 31 97
23 109 21 21
23 14 45 34
23 110 51 41
23 49 27 13
23 82 39 36
23 52 37 84
23 53 55 34
23 116 9 53
23 28 13 46
23 95 34 49
24 97 31 128
24 130 19 40
24 67 15 53
24 100 35 48
24 5 22 97
24 70 3 42
24 6 27 25
24 2 51 111
24 36 55 43
24 48 9 29
24 114 46 36
24 20 33 138
24 54 37 67
24 118 41 45
24 29 58 61
24 63 13 123
25 64 37 26
25 1 43 61
25 129 41 77
25 99 4 60
25 100 55 24
25 9 52 80
25 106 27 37
25 77 25 29
25 78 33 105
25 116 21 53
25 148 46 63
25 19 49 32
25 122 9 16
25 59 58 47
25 94 13 89
26 32 43 105
26 97 49 128
26 34 21 105
26 64 51 26
26 68 37 104
26 77 45 29
26 46 25 118
26 78 57 105
26 17 1 78
26 18 7 103
26 119 33 18
26 53 15 60
26 86 31 130
26 57 28 4
26 60 39 49
27 128 25 105
27 133 9 34
27 146 31 5
27 20 35 138
27 148 22 63
27 32 47 105
27 45 19 104
27 66 13 51
27 71 27 26
27 82 57 36
27 87 3 66
27 92 51 97
27 96 1 69
27 102 55 76
27 105 40 66
27 115 43 45
27 118 53 45
27 121 37 118
28 101 43 95
28 136 7 136
28 105 34 66
28 12 27 45
28 76 39 23
28 43 31 74
28 19 1 56
28 115 49 45
28 147 9 42
28 54 45 67
28 56 37 65
28 89 53 61
28 122 15 16
28 28 19 46
28 25 55 41
28 31 59 95
29 130 40 40
29 99 13 78
29 131 51 67
29 69 28 54
29 38 33 53
29 133 3 64
29 9 55 80
29 137 45 53
29 46 43 118
29 143 7 62
29 18 10 103
29 121 1 132
29 90 22 60
29 28 37 46
29 93 59 32
29 94 16 89
30 33 37 82
30 66 46 32
30 3 33 111
30 65 51 38
30 104 13 69
30 137 57 55
30 109 27 21
30 49 39 13
30 115 7 98
30 151 16 64
30 121 49 118
30 123 1 147
30 126 43 139
30 63 31 123
31 68 13 114
31 37 33 33
31 58 16 54
31 41 40 101
31 138 3 51
31 109 43 21
31 49 51 13
31 150 9 74
31 55 21 30
31 90 28 60
31 31 49 95
31 62 57 35
31 63 47 123
32 66 34 51
32 37 21 44
32 5 43 111
32 44 31 146
32 13 29 125
32 14 39 34
32 143 46 45
32 107 9 57
32 18 13 103
32 82 51 36
32 21 1 91
32 118 57 45
32 24 59 34
32 123 7 147
32 62 3 46
33 128 53 105
33 100 1 48
33 132 9 80
33 68 7 114
33 104 4 69
33 8 28 74
33 10 57 53
33 140 43 97
33 110 21 64
33 79 13 50
33 49 45 13
33 55 33 30
33 86 41 130
33 21 17 91
33 90 37 60
33 94 49 89
34 64 33 26
34 129 31 77
34 36 43 43
34 133 9 64
34 7 15 63
34 40 27 57
34 73 49 84
34 9 46 80
34 14 51 34
34 81 22 81
34 19 4 56
34 93 57 32
34 20 59 138
34 55 39 30
34 125 1 88
35 1 49 61
35 99 25 60
35 100 7 48
35 105 28 66
35 78 39 105
35 17 55 13
35 49 3 83
35 147 15 42
35 94 52 89
35 53 33 60
35 119 45 18
35 121 13 132
35 28 58 46
35 61 21 16
35 62 9 46
36 1 46 61
36 66 52 32
36 68 19 114
36 133 27 64
36 70 9 89
36 138 21 55
36 14 39 55
36 144 34 64
36 18 16 103
36 84 3 71
36 85 43 138
36 119 57 59
36 90 49 60
36 93 13 79
37 128 49 105
37 100 59 48
37 70 21 89
37 8 16 74
37 136 25 136
37 139 7 188
37 140 57 97
37 12 27 89
37 143 10 69
37 117 13 88
37 55 51 30
37 60 45 49
37 29 31 92
38 1 7 143
38 99 40 60
38 8 19 74
38 9 58 80
38 10 27 53
38 138 51 55
38 11 13 109
38 46 1 129
38 80 16 82
38 144 55 73
38 150 45 74
38 119 3 84
38 57 31 4
38 58 10 62
39 64 21 18
39 32 55 105
39 1 40 61
39 99 25 78
39 65 45 38
39 67 51 53
39 38 33 77
39 40 57 57
39 44 37 146
39 117 7 88
39 119 9 84
39 121 19 132
39 91 13 143
39 25 3 106
39 31 1 110
40 121 25 132
40 130 55 40
40 131 21 67
40 136 53 136
40 137 27 55
40 74 46 97
40 109 33 21
40 141 1 154
40 50 58 43
40 82 15 62
40 85 40 138
40 117 19 88
40 151 43 64
40 25 9 106
40 123 13 147
40 95 49 49
41 100 47 48
41 69 4 54
41 105 1 79
41 12 57 89
41 46 13 129
41 48 27 29
41 81 19 81
41 79 7 50
41 116 15 83
41 54 37 77
41 24 23 143
41 121 41 132
41 26 51 18
41 127 25 162
42 129 43 77
42 34 3 105
42 3 27 81
42 132 39 48
42 6 45 55
42 103 51 42
42 140 55 97
42 14 33 59
42 49 9 83
42 81 58 85
42 116 21 83
42 117 25 88
42 119 15 84
43 67 39 53
43 36 1 59
43 5 22 111
43 133 51 64
43 103 57 86
43 108 13 98
43 48 15 29
43 82 33 62
43 19 7 56
43 84 27 71
43 18 19 103
43 50 43 93
43 56 47 65
44 32 7 132
44 33 19 82
44 66 37 51
44 131 33 67
44 134 40 42
44 39 45 51
44 9 49 80
44 40 21 57
44 44 43 146
44 102 13 110
44 47 55 118
44 143 52 69
44 17 25 99
44 55 57 30
44 127 31 162
45 131 3 67
45 138 9 51
45 46 7 129
45 49 33 83
45 114 37 80
45 19 13 56
45 20 47 138
45 85 52 138
45 147 57 70
45 119 21 84
45 90 43 60
45 59 49 78
45 61 27 16
45 127 41 162
46 132 21 80
46 72 27 58
46 105 49 86
46 74 34 97
46 11 19 109
46 13 25 147
46 109 39 21
46 144 58 73
46 148 55 63
46 54 45 77
46 59 52 78
47 121 43 132
47 99 4 78
47 101 31 124
47 103 21 42
47 71 27 129
47 40 39 57
47 45 49 104
47 109 57 21
47 50 13 93
47 52 55 84
47 85 7 190
47 150 51 74
47 86 45 130
47 89 1 177
47 93 19 79
47 61 33 16
48 128 7 137
48 32 31 132
48 5 13 111
48 102 53 185
48 7 33 63
48 40 49 146
48 28 22 46
48 142 55 138
48 141 28 106
48 82 9 70
48 88 43 66
48 58 1 72
48 60 57 54
48 61 39 16
48 127 47 162
49 101 1 137
49 38 49 77
49 7 15 71
49 136 13 136
49 41 37 101
49 104 40 69
49 72 45 73
49 140 53 97
49 13 31 147
49 44 55 146
49 48 21 29
49 114 7 110
49 147 25 70
49 20 29 140
49 18 34 103
49 54 57 77
49 31 19 110
50 37 33 44
50 70 3 89
50 7 21 71
50 73 19 137
50 141 7 154
50 110 39 64
50 45 55 104
50 115 25 98
50 55 43 30
50 86 47 130
50 87 57 66
50 60 15 92
50 125 31 88
50 95 52 49
51 1 1 143
51 9 25 80
51 18 22 103
51 21 31 91
51 150 39 74
51 36 4 59
51 48 33 29
51 52 43 84
51 56 55 65
51 60 9 92
51 63 19 129
51 74 52 126
51 79 28 50
51 85 13 190
51 90 46 60
51 92 59 97
51 126 49 139
52 39 27 7
52 104 7 99
52 41 10 101
52 105 31 66
52 7 51 73
52 135 3 98
52 141 55 154
52 28 16 46
52 113 21 62
52 116 39 83
52 93 25 79
52 118 59 45
52 122 45 83
52 124 13 165
52 29 34 92
53 129 1 117
53 100 19 48
53 68 25 114
53 6 15 25
53 71 21 26
53 40 39 146
53 9 43 80
53 138 27 59
53 105 46 85
53 18 31 103
53 146 4 154
53 83 57 69
53 117 37 88
53 116 51 83
53 57 34 4
53 94 7 116
54 64 27 84
54 1 16 143
54 98 21 101
54 3 3 82
54 65 39 38
54 70 33 89
54 136 31 136
54 76 9 86
54 77 59 29
54 45 51 112
54 44 53 146
54 119 45 84
54 56 49 65
54 59 55 78
54 31 25 110
55 128 1 141
55 97 37 147
55 96 7 69
55 36 16 59
55 100 25 48
55 37 27 44
55 101 19 159
55 134 43 42
55 12 39 89
55 76 33 86
55 111 52 12
55 81 49 85
55 53 9 82
55 117 47 88
55 119 57 84
55 56 13 145
56 128 25 137
56 129 7 117
56 39 21 51
56 103 3 86
56 137 15 70
56 75 27 46
56 77 31 29
56 143 34 69
56 48 39 92
56 113 45 62
56 148 58 63
56 22 9 19
56 87 51 66
56 95 55 49
56 127 1 173
57 130 43 40
57 100 37 48
57 6 9 55
57 104 16 69
57 41 34 101
57 138 39 73
57 11 7 109
57 108 31 98
57 73 13 137
57 43 19 94
57 111 1 123
57 144 25 104
57 49 51 104
57 18 46 103
57 26 57 18
58 101 1 159
58 134 31 42
58 102 7 113
58 136 37 136
58 27 3 81
58 104 19 69
58 109 9 54
58 141 13 154
58 115 16 98
58 93 35 79
58 147 39 70
58 119 51 84
58 91 25 143
58 61 45 16
58 62 57 62
59 96 23 69
59 132 15 48
59 101 7 159
59 38 9 66
59 43 55 74
59 142 1 167
59 46 31 129
59 49 27 83
59 82 33 70
59 19 19 56
59 119 39 84
59 151 58 64
59 24 43 143
59 60 45 92
59 61 51 16
60 65 9 38
60 66 16 51
60 9 28 80
60 138 21 59
60 139 1 188
60 17 31 84
60 50 34 93
60 82 51 70
60 84 39 71
60 85 25 190
60 88 45 101
60 26 3 88
60 28 55 46
60 95 58 49
60 127 7 173
61 58 4 62
61 134 37 42
61 38 21 66
61 107 45 57
61 142 49 138
61 80 13 82
61 146 16 154
61 115 25 109
61 84 33 71
61 118 55 45
61 150 57 90
61 24 29 143
61 57 40 4
61 90 52 60
61 93 43 79
61 30 9 88
61 31 1 172
62 96 25 69
62 68 43 114
62 137 3 70
62 107 33 57
62 140 1 112
62 141 10 154
62 76 45 86
62 92 21 112
62 147 15 88
62 148 52 63
62 53 27 82
62 28 40 46
62 61 57 16
62 127 19 173
63 33 35 82
63 99 16 78
63 43 31 153
63 111 19 120
63 48 3 100
63 143 52 125
63 79 10 50
63 61 27 65
63 84 45 71
63 117 49 88
63 90 55 60
63 28 13 124
63 29 37 120
64 65 3 50
64 97 43 147
64 101 13 159
64 6 33 55
64 37 45 44
64 104 19 99
64 109 51 21
64 14 39 59
64 115 10 98
64 86 57 130
64 25 15 106
64 63 1 131
64 126 55 139
64 95 25 121
65 3 15 100
65 6 3 55
65 40 45 70
65 11 37 113
65 140 49 97
65 75 33 46
65 92 7 112
65 49 21 104
65 19 25 56
65 151 55 64
65 62 9 95
65 57 58 4
65 60 51 92
65 125 1 134
65 94 40 120
66 33 49 82
66 66 31 51
66 104 28 69
66 8 34 74
66 12 15 95
66 77 39 29
66 140 13 112
66 109 51 54
66 17 1 99
66 148 7 121
66 86 43 130
66 58 4 72
66 27 45 81
66 61 57 65
66 30 21 88
66 127 25 173
67 68 49 114
67 101 25 159
67 71 9 6
67 105 31 104
67 138 3 112
67 42 19 78
67 140 23 112
67 13 55 147
67 18 37 103
67 85 16 190
67 151 46 64
67 88 51 101
67 94 43 120
67 122 57 83
67 30 27 88
68 128 31 141
68 66 43 65
68 132 15 80
68 69 55 85
68 133 27 92
68 43 37 94
68 76 21 86
68 77 41 29
68 45 25 112
68 111 46 120
68 78 33 106
68 148 58 127
68 22 3 19
68 87 9 76
68 93 51 79
69 97 49 147
69 129 43 117
69 107 3 76
69 12 45 89
69 45 19 112
69 14 51 59
69 78 21 106
69 80 55 121
69 43 58 94
69 108 39 98
69 46 25 129
69 85 10 190
69 55 15 76
69 91 31 143
69 62 27 95
70 2 15 67
70 66 52 51
70 100 31 48
70 101 43 159
70 40 21 70
70 10 3 65
70 107 27 76
70 11 1 113
70 42 39 78
70 14 45 59
70 142 7 167
70 145 33 54
70 50 49 93
70 56 37 145
70 60 57 92
71 33 43 82
71 10 9 65
71 107 21 76
71 140 31 112
71 60 45 99
71 79 16 50
71 47 39 163
71 81 52 85
71 18 49 103
71 147 55 88
71 83 33 94
71 119 3 116
71 26 27 112
71 124 25 165
71 125 7 134
72 33 55 82
72 1 19 123
72 6 15 55
72 8 22 74
72 41 25 101
72 42 43 78
72 77 47 29
72 78 3 121
72 143 10 116
72 82 51 88
72 20 57 138
72 53 39 82
72 85 28 190
72 87 33 76
72 93 59 79
72 125 1 161
72 126 7 142
73 97 1 151
73 71 39 104
73 139 13 188
73 44 7 161
73 12 3 95
73 14 15 79
73 81 10 121
73 113 27 62
73 148 46 121
73 21 19 91
73 22 21 19
73 84 51 71
73 86 57 155
73 91 34 143
73 126 31 142
74 129 55 77
74 130 22 40
74 34 9 105
74 102 13 131
74 39 27 51
74 105 43 104
74 78 49 121
74 110 33 129
74 81 1 122
74 93 53 79
74 20 7 151
74 22 15 19
74 55 39 76
74 27 57 81
74 29 19 131
74 63 47 131
75 18 25 103
75 20 19 151
75 23 15 116
75 41 28 101
75 56 1 145
75 58 7 72
75 59 34 78
75 70 21 116
75 76 39 86
75 81 43 121
75 86 55 130
75 93 49 79
75 96 47 69
75 105 58 104
75 106 51 37
75 114 31 110
75 116 3 87
75 124 37 165
75 125 13 161
76 128 37 141
76 67 9 71
76 3 21 82
76 134 28 42
76 139 19 188
76 109 39 54
76 78 15 121
76 60 3 93
76 145 45 54
76 55 51 76
76 86 59 130
76 150 33 95
76 92 57 112
77 96 55 69
77 33 27 163
77 36 31 93
77 39 15 94
77 104 4 99
77 74 34 104
77 42 9 87
77 113 51 62
77 146 19 154
77 94 22 120
77 151 1 68
77 118 25 134
77 25 39 106
77 87 57 76
77 121 49 132
77 53 45 82
77 126 37 142
78 32 1 140
78 129 19 117
78 96 31 69
78 72 9 58
78 40 45 146
78 140 7 115
78 45 37 112
78 12 21 95
78 141 28 154
78 50 16 93
78 82 33 88
78 53 51 82
78 23 39 116
78 90 58 60
78 124 55 165
78 29 4 145
78 126 43 142
79 5 1 111
79 133 21 92
79 27 33 81
79 40 27 146
79 74 55 107
79 77 37 29
79 142 25 167
79 113 39 62
79 23 45 116
79 25 51 106
79 59 58 78
79 29 10 145
79 95 13 122
80 36 10 43
80 133 3 92
80 69 16 85
80 38 21 77
80 136 1 136
80 108 19 98
80 140 33 112
80 110 37 129
80 46 41 129
80 80 28 121
80 81 7 122
80 83 51 94
80 119 57 116
80 24 45 143
80 59 13 139
80 28 25 124
80 126 49 142
80 127 31 173
81 98 3 101
81 7 33 73
81 104 10 99
81 73 37 137
81 10 15 65
81 8 58 125
81 14 45 79
81 47 1 163
81 17 49 99
81 50 52 93
81 115 28 98
81 20 25 151
81 116 21 87
81 94 55 120
81 62 39 95
82 33 31 82
82 130 25 40
82 68 37 114
82 74 28 104
82 43 10 79
82 76 15 86
82 60 33 99
82 144 1 125
82 80 19 142
82 82 39 88
82 83 45 94
82 86 49 130
82 119 51 116
82 151 4 68
82 56 43 145
82 31 7 172
82 62 55 95
82 63 59 131
83 128 13 141
83 1 4 123
83 3 9 100
83 36 46 93
83 71 15 68
83 72 39 93
83 73 31 137
83 75 51 46
83 143 43 148
83 80 1 142
83 47 57 163
83 115 22 98
83 21 37 91
83 22 27 19
83 85 34 190
83 56 49 145
83 59 19 147
84 128 55 141
84 32 7 140
84 66 52 65
84 70 27 116
84 72 21 68
84 109 15 99
84 57 43 4
84 111 49 120
84 146 31 154
84 52 19 122
84 84 57 71
84 118 13 134
84 89 25 177
84 28 37 124
84 30 3 110
84 63 1 157
85 128 7 141
85 134 34 42
85 137 27 79
85 19 10 56
85 20 13 151
85 21 25 91
85 24 37 143
85 32 31 140
85 41 22 145
85 42 15 87
85 48 39 100
85 54 43 88
85 57 49 4
85 63 53 131
85 73 47 137
85 80 58 121
85 90 19 96
85 92 1 182
85 121 55 132
86 96 43 69
86 97 7 163
86 5 55 111
86 40 15 146
86 8 4 125
86 14 21 79
86 114 10 110
86 18 40 103
86 87 45 76
86 121 1 189
86 122 27 108
86 27 51 81
86 29 31 145
86 94 58 120
87 65 33 121
87 132 9 120
87 68 31 114
87 106 39 37
87 75 15 102
87 109 21 109
87 20 37 151
87 21 43 91
87 25 45 106
87 87 3 96
87 85 49 190
87 94 52 120
87 60 55 99
87 126 59 142
88 89 49 137
88 97 31 151
88 71 9 26
88 104 28 99
88 103 3 102
88 138 45 114
88 140 1 115
88 13 7 182
88 108 33 98
88 81 16 122
88 113 51 102
88 148 37 127
88 118 19 134
88 54 21 122
88 25 57 106
88 58 13 72
88 125 25 161
89 32 19 140
89 99 25 131
89 101 31 159
89 134 58 42
89 41 7 145
89 75 45 46
89 108 51 98
89 46 43 129
89 48 33 100
89 145 3 118
89 81 10 122
89 147 15 145
89 18 55 103
89 27 21 91
89 28 40 124
89 31 29 172
90 128 7 158
90 32 13 140
90 67 9 78
90 100 49 48
90 131 3 90
90 38 15 66
90 9 19 145
90 10 39 65
90 107 51 149
90 12 45 95
90 141 22 154
90 14 33 108
90 113 57 102
90 116 27 87
90 123 31 172
91 4 41 125
91 69 1 54
91 73 59 137
91 76 27 86
91 108 45 98
91 81 4 122
91 50 55 93
91 82 51 113
91 55 21 118
91 22 33 19
91 87 9 96
91 125 39 180
91 30 15 110
91 31 37 172
92 3 9 111
92 101 55 159
92 38 15 77
92 4 47 125
92 8 1 128
92 134 22 115
92 141 25 154
92 48 49 100
92 17 28 109
92 146 37 154
92 79 31 50
92 20 43 151
92 21 53 91
92 116 57 87
92 63 7 157
93 96 49 69
93 128 13 158
93 66 34 65
93 101 37 159
93 40 3 146
93 10 15 109
93 12 51 95
93 17 31 109
93 50 58 93
93 147 45 145
93 19 22 56
93 20 1 152
93 122 39 108
93 124 43 165
93 29 55 145
93 94 7 128
93 95 25 122
94 128 1 158
94 130 7 79
94 26 15 112
94 100 53 48
94 69 43 85
94 122 3 108
94 58 10 72
94 74 46 104
94 75 21 102
94 77 51 29
94 78 57 136
94 79 34 50
94 109 27 134
94 86 13 157
94 90 31 96
94 27 39 91
95 33 13 163
95 132 3 48
95 4 27 125
95 102 35 131
95 135 21 124
95 104 40 99
95 137 9 113
95 42 45 90
95 107 57 149
95 12 15 132
95 10 51 114
95 46 49 129
95 19 37 56
95 52 29 122
95 121 7 189
95 95 31 122
96 129 37 117
96 66 31 65
96 130 55 79
96 37 3 134
96 38 27 77
96 138 39 112
96 11 45 113
96 75 9 102
96 42 51 90
96 140 25 115
96 18 58 103
96 95 34 122
96 59 16 139
96 92 13 182
96 30 21 110
96 127 43 173
97 128 49 158
97 8 34 125
97 137 9 163
97 136 43 136
97 134 16 115
97 44 19 161
97 43 40 94
97 14 51 108
97 79 58 50
97 49 45 163
97 84 21 139
97 118 31 134
97 151 25 68
97 88 3 172
98 97 19 163
98 68 55 114
98 5 16 111
98 39 3 94
98 75 27 102
98 11 47 113
98 141 34 154
98 78 39 121
98 45 45 112
98 77 49 29
98 144 52 127
98 14 57 108
98 19 31 56
98 52 37 122
98 84 9 139
98 25 21 132
98 94 13 128
99 1 4 143
99 6 21 93
99 102 1 185
99 105 16 113
99 45 47 112
99 14 9 108
99 46 55 129
99 113 33 102
99 82 51 132
99 84 27 139
99 148 13 172
99 47 57 183
99 78 39 136
99 117 59 88
99 28 43 124
100 98 15 101
100 34 19 113
100 136 55 136
100 41 28 145
100 42 33 87
100 10 39 114
100 140 37 115
100 44 31 161
100 14 45 108
100 18 52 103
100 115 49 109
100 20 25 152
100 53 57 82
100 55 9 172
100 62 3 170
101 34 9 170
101 35 27 73
101 100 55 48
101 130 31 79
101 69 34 85
101 137 21 163
101 73 1 144
101 138 49 136
101 140 53 115
101 48 57 100
101 52 43 122
101 118 37 134
101 22 39 19
101 54 45 122
101 121 13 189
101 92 25 182
102 5 37 111
102 102 13 185
102 71 9 68
102 38 3 77
102 105 52 168
102 6 27 93
102 107 33 124
102 13 31 182
102 111 22 123
102 81 40 122
102 18 49 157
102 82 57 132
102 58 16 72
102 27 45 91
103 129 13 117
103 4 7 125
103 28 16 124
103 31 19 172
103 33 25 163
103 43 22 94
103 45 35 112
103 48 27 100
103 53 9 126
103 57 37 4
103 63 31 157
103 68 1 155
103 77 43 29
103 91 40 143
103 102 33 185
103 104 52 99
103 106 57 37
103 110 45 129
103 127 49 173
104 99 28 78
104 5 19 111
104 101 49 159
104 103 33 134
104 104 37 99
104 71 51 130
104 139 25 188
104 12 45 159
104 76 9 118
104 110 57 129
104 150 3 147
104 118 43 134
104 86 55 157
104 25 15 170
104 59 22 147
104 92 41 182
105 36 10 59
105 69 19 54
105 71 3 104
105 104 22 99
105 41 25 145
105 72 15 149
105 44 37 161
105 45 43 112
105 77 53 29
105 47 29 163
105 82 45 132
105 52 1 192
105 85 31 190
105 53 55 131
105 56 59 145
105 90 34 96
105 94 40 128
105 95 49 122
106 68 59 114
106 131 3 107
106 99 31 78
106 8 10 125
106 105 13 113
106 46 7 144
106 110 51 129
106 145 27 118
106 147 39 145
106 116 45 87
106 148 16 172
106 53 21 126
106 59 34 158
106 124 1 186
106 63 57 157
107 32 43 140
107 33 37 163
107 4 23 125
107 69 25 54
107 103 15 134
107 104 4 160
107 42 9 90
107 75 45 102
107 12 51 159
107 79 19 50
107 83 39 134
107 19 55 56
107 86 59 157
107 151 28 68
107 26 33 118
107 93 1 135
108 36 19 141
108 107 3 159
108 45 53 112
108 145 15 118
108 82 33 132
108 51 9 107
108 80 22 142
108 53 27 126
108 17 37 109
108 59 46 158
108 125 51 180
108 94 55 128
109 32 55 140
109 129 25 117
109 131 37 132
109 97 41 163
109 69 28 85
109 134 34 115
109 122 9 147
109 40 57 146
109 45 51 119
109 50 4 135
109 150 15 147
109 58 22 72
109 123 43 172
109 28 46 124
109 63 13 160
110 32 37 140
110 3 27 111
110 42 39 87
110 140 43 115
110 76 9 123
110 49 51 163
110 21 55 91
110 22 45 19
110 119 15 140
110 151 31 68
110 86 1 166
110 53 57 141
110 124 7 186
110 62 21 170
110 63 3 166
111 131 3 113
111 41 34 145
111 74 49 126
111 105 31 113
111 77 55 29
111 15 9 137
111 119 45 140
111 21 13 144
111 54 15 126
111 87 39 96
111 88 21 172
111 122 27 147
111 27 57 91
111 93 7 135
111 95 52 122
112 32 49 140
112 99 40 131
112 101 19 160
112 39 27 94
112 104 7 160
112 72 21 149
112 43 55 94
112 108 35 98
112 47 3 180
112 79 37 50
112 85 43 190
112 87 51 128
112 55 15 185
112 24 47 143
112 86 5 166
112 58 31 72
112 94 58 128
113 33 49 163
113 38 9 77
113 137 33 163
113 74 37 126
113 76 15 123
113 140 55 115
113 13 13 187
113 47 1 183
113 111 40 123
113 112 22 3
113 141 43 154
113 116 51 87
113 22 57 19
113 121 19 189
113 30 27 110
114 128 37 158
114 1 19 143
114 70 3 137
114 72 39 140
114 41 13 148
114 8 46 128
114 45 49 112
114 145 57 118
114 114 43 110
114 17 52 109
114 93 1 164
114 88 33 172
114 27 9 115
114 29 22 160
114 62 27 170
114 63 7 166
115 32 7 164
115 130 58 158
115 38 3 91
115 135 9 104
115 139 49 188
115 108 37 98
115 14 21 108
115 142 13 167
115 145 39 118
115 87 15 131
115 88 25 172
115 58 34 72
115 31 45 172
115 61 51 137
115 126 29 160
115 95 55 122
116 128 25 158
116 132 3 80
116 101 1 181
116 102 7 185
116 7 27 132
116 6 39 141
116 42 21 90
116 143 16 148
116 17 34 109
116 114 46 110
116 50 13 135
116 115 43 109
116 24 49 143
116 89 37 177
116 26 51 118
116 91 10 166
116 95 58 122
117 1 10 143
117 99 7 131
117 100 43 48
117 4 25 125
117 69 13 54
117 71 3 109
117 103 21 134
117 105 40 113
117 106 33 37
117 70 27 137
117 45 55 112
117 81 16 135
117 114 37 110
117 115 52 155
117 145 45 118
117 119 57 140
117 95 49 151
118 104 1 160
118 10 9 109
118 45 59 112
118 14 15 108
118 79 22 50
118 18 43 103
118 115 46 109
118 147 51 145
118 118 57 134
118 87 27 148
118 150 33 147
118 86 19 166
118 27 39 115
118 94 4 150
119 129 55 117
119 5 4 97
119 134 49 115
119 138 9 112
119 13 1 187
119 144 13 125
119 19 16 56
119 23 31 116
119 32 19 164
119 37 39 190
119 44 43 161
119 52 7 192
119 70 21 137
119 74 52 141
119 86 57 176
119 89 47 177
119 104 25 160
119 112 28 3
119 126 35 160
119 127 59 173
120 99 43 131
120 103 9 134
120 71 3 114
120 137 15 163
120 40 21 146
120 15 33 137
120 80 28 142
120 113 39 102
120 146 46 154
120 50 55 135
120 22 51 19
120 151 58 68
120 121 25 189
120 124 13 186
121 129 31 117
121 128 55 158
121 5 40 111
121 135 3 124
121 69 7 85
121 138 27 114
121 76 43 123
121 108 47 98
121 46 15 144
121 14 33 157
121 112 37 3
121 51 21 107
121 54 57 126
121 24 51 143
122 65 3 126
122 131 9 132
122 99 31 131
122 88 39 172
122 106 43 37
122 139 55 188
122 46 17 144
122 20 7 152
122 117 15 150
122 21 25 144
122 87 21 148
122 55 27 185
122 151 34 68
122 123 47 172
122 60 57 113
122 95 52 151
123 130 37 79
123 141 43 157
123 33 59 163
123 42 15 90
123 45 1 119
123 48 21 100
123 72 51 158
123 76 33 123
123 79 46 50
123 86 13 166
123 94 10 150
123 97 25 166
123 105 40 175
123 108 57 98
123 121 27 189
123 124 19 186
123 127 3 174
124 135 9 124
124 41 52 165
124 78 21 121
124 47 7 183
124 110 15 129
124 145 27 127
124 142 39 167
124 147 3 161
124 117 41 150
124 54 45 126
124 87 33 148
124 28 49 124
124 95 55 151
125 134 4 115
125 27 13 91
125 73 17 150
125 138 33 136
125 114 40 110
125 51 27 107
125 23 9 142
125 125 45 180
125 119 21 150
125 151 37 68
125 120 1 162
125 146 58 154
125 90 52 96
125 123 49 172
125 93 25 164
126 4 55 125
126 69 25 85
126 67 1 139
126 39 9 94
126 102 19 185
126 105 28 113
126 74 16 141
126 111 52 123
126 145 33 127
126 112 49 3
126 147 21 161
126 118 45 134
126 87 57 148
126 62 39 170
126 127 5 174
127 128 43 158
127 129 49 117
127 130 4 79
127 8 16 125
127 11 35 113
127 18 28 103
127 146 40 154
127 30 9 117
127 32 13 164
127 45 7 119
127 46 19 144
127 49 21 166
127 56 33 164
127 63 37 166
127 64 45 149
127 68 25 155
127 75 51 140
127 102 55 185
127 107 57 159
127 123 1 178
128 97 31 166
128 98 15 104
128 99 28 131
128 58 19 72
128 101 7 181
128 90 22 96
128 5 37 157
128 132 33 120
128 41 49 165
128 107 9 159
128 44 55 161
128 144 40 127
128 51 57 153
128 117 45 150
128 26 3 133
128 28 52 124
129 33 31 163
129 3 15 161
129 99 37 131
129 69 40 85
129 102 43 185
129 68 13 155
129 72 33 149
129 108 53 98
129 77 19 119
129 12 21 159
129 79 49 50
129 144 55 127
129 81 58 135
129 22 9 119
129 120 4 162
129 91 46 166
129 124 25 186
130 129 19 150
130 71 21 129
130 136 33 160
130 75 3 140
130 44 49 161
130 142 43 167
130 15 55 137
130 116 9 144
130 148 52 172
130 22 15 119
130 84 45 139
130 151 40 68
130 123 59 172
130 93 35 164
130 94 28 150
130 63 1 169
131 129 37 150
131 97 1 174
131 99 49 131
131 104 10 160
131 106 3 37
131 11 55 113
131 10 33 114
131 109 45 151
131 141 52 161
131 80 13 142
131 49 27 166
131 51 39 107
131 22 21 119
131 122 57 147
131 92 43 182
131 31 7 178
132 130 40 79
132 37 3 163
132 134 46 115
132 71 9 114
132 141 55 175
132 47 51 183
132 82 15 166
132 116 21 144
132 21 27 144
132 151 43 68
132 25 33 170
132 58 37 72
132 92 49 182
132 95 58 151
133 102 31 185
133 72 3 148
133 106 15 37
133 42 33 90
133 74 22 141
133 110 9 180
133 47 13 183
133 111 37 123
133 17 55 109
133 15 43 137
133 53 25 141
133 118 47 134
133 87 51 148
133 85 58 190
133 121 29 189
133 58 40 72
134 72 9 148
134 45 13 119
134 78 21 136
134 13 19 187
134 48 45 100
134 16 15 3
134 144 49 125
134 83 27 161
134 20 31 152
134 53 33 141
134 86 7 169
134 87 39 148
134 24 57 143
134 26 3 169
134 29 52 160
135 33 55 163
135 66 22 65
135 72 39 149
135 107 15 159
135 12 27 159
135 141 43 175
135 143 46 148
135 16 57 3
135 84 51 139
135 149 19 152
135 30 3 117
135 121 31 189
135 60 9 133
135 94 34 150
136 96 37 69
136 131 9 140
136 132 27 120
136 38 33 91
136 8 43 128
136 75 21 140
136 140 7 155
136 12 39 159
136 79 52 50
136 16 3 3
136 80 13 173
136 146 49 154
136 19 46 56
136 148 55 172
136 52 25 192
136 111 58 123
137 36 19 155
137 38 49 91
137 50 10 135
137 56 37 164
137 58 25 72
137 68 33 155
137 73 39 150
137 77 53 119
137 85 55 190
137 87 3 188
137 90 58 96
137 91 43 166
137 97 41 174
137 110 15 180
137 117 13 169
137 124 31 186
137 127 47 174
138 99 10 131
138 101 13 181
138 71 3 129
138 104 16 160
138 106 21 37
138 75 25 140
138 76 39 155
138 45 31 119
138 43 7 153
138 145 45 127
138 113 33 119
138 51 51 107
138 147 57 161
138 21 29 144
139 101 37 181
139 39 3 119
139 135 27 149
139 105 49 168
139 107 21 162
139 15 39 137
139 80 16 173
139 79 55 50
139 51 45 107
139 88 9 174
139 59 58 175
139 124 43 186
139 61 33 189
139 94 52 150
140 130 4 142
140 37 21 190
140 90 28 96
140 139 31 188
140 11 43 113
140 14 9 157
140 111 25 123
140 60 15 133
140 146 52 154
140 147 33 161
140 86 19 169
140 151 49 68
140 25 45 170
140 122 39 147
140 28 55 124
140 94 58 150
141 130 16 142
141 37 3 190
141 90 13 96
141 71 21 130
141 134 28 115
141 9 55 182
141 75 33 140
141 12 45 165
141 107 49 164
141 17 58 109
141 55 39 185
141 26 9 169
141 92 1 184
141 63 7 184
142 101 19 181
142 90 25 96
142 137 3 168
142 106 9 37
142 10 15 114
142 108 43 98
142 28 28 124
142 78 45 136
142 47 39 183
142 46 37 144
142 19 58 56
142 116 33 144
142 122 51 147
142 91 55 166
142 60 21 133
143 97 7 174
143 66 19 65
143 130 25 142
143 101 55 181
143 109 3 144
143 78 9 127
143 111 28 123
143 49 33 166
143 115 22 155
143 116 39 144
143 150 45 147
143 25 51 170
143 28 58 124
143 30 15 117
144 11 23 113
144 16 9 3
144 37 3 192
144 38 27 91
144 45 25 119
144 46 51 144
144 54 31 126
144 68 35 155
144 71 37 130
144 74 43 141
144 89 41 177
144 97 49 174
144 99 16 177
144 104 46 160
144 111 55 123
144 114 58 110
144 123 19 178
144 125 53 180
145 135 3 149
145 5 22 165
145 73 43 150
145 12 33 159
145 13 31 187
145 108 49 98
145 76 51 176
145 144 19 167
145 148 13 192
145 116 45 144
145 23 39 142
145 87 9 188
145 27 57 115
145 60 27 133
146 35 1 73
146 132 15 120
146 67 21 185
146 10 33 128
146 74 46 141
146 141 49 175
146 45 57 119
146 13 25 187
146 48 27 162
146 142 31 167
146 52 37 192
146 149 52 152
146 117 5 179
146 121 39 189
146 58 43 72
146 27 9 156
146 63 13 184
147 101 25 181
147 8 37 128
147 41 34 165
147 11 49 113
147 13 55 187
147 78 3 127
147 47 59 183
147 48 9 162
147 113 27 119
147 80 40 173
147 81 31 135
147 147 21 181
147 21 57 144
147 22 45 119
147 86 15 179
147 120 52 162
148 33 43 163
148 66 22 158
148 131 27 155
148 98 9 136
148 136 31 160
148 42 39 90
148 108 55 98
148 111 49 123
148 20 37 152
148 116 33 181
148 54 3 173
148 118 53 134
148 87 45 188
148 94 19 171
148 26 15 169
148 62 57 170
149 99 22 131
149 134 31 115
149 69 10 85
149 104 1 171
149 41 37 174
149 107 15 162
149 140 59 155
149 110 27 180
149 144 49 127
149 147 45 161
149 148 19 192
149 86 35 179
149 151 52 68
149 56 57 164
149 121 41 189
150 36 22 169
150 135 9 149
150 70 15 137
150 71 27 130
150 106 3 183
150 74 49 141
150 77 1 176
150 45 59 119
150 111 40 179
150 48 43 162
150 81 19 135
150 117 47 179
150 59 52 175
150 60 33 133
150 127 57 174
151 100 49 180
151 5 4 111
151 134 13 115
151 136 55 160
151 105 19 175
151 42 27 90
151 9 22 167
151 106 9 183
151 43 16 153
151 142 41 167
151 15 43 168
151 16 33 3
151 140 47 155
151 82 57 188
151 88 51 174
151 126 25 169
151 63 37 184
152 33 49 176
152 3 9 161
152 133 15 107
152 90 43 96
152 103 3 155
152 73 55 150
152 41 22 174
152 140 31 155
152 78 27 136
152 145 33 152
152 119 37 162
152 84 57 139
152 23 51 142
152 58 46 72
152 126 41 169
153 33 7 176
153 6 9 93
153 104 37 160
153 42 3 167
153 138 15 168
153 109 33 151
153 49 27 173
153 114 49 110
153 85 52 190
153 150 45 173
153 119 21 177
153 122 57 167
153 94 40 171
154 96 43 179
154 100 47 180
154 101 49 181
154 7 3 132
154 8 19 128
154 69 31 85
154 109 9 151
154 78 15 136
154 143 34 174
154 148 22 192
154 21 53 144
154 54 55 173
154 118 59 134
154 121 45 189
154 26 27 169
154 60 39 133
154 126 51 169
155 1 31 158
155 121 43 189
155 4 19 125
155 100 55 180
155 39 3 156
155 71 9 129
155 42 15 167
155 108 59 98
155 77 13 176
155 81 34 135
155 83 39 161
155 53 27 168
155 23 45 142
155 120 49 162
155 57 52 4
155 123 25 178
155 125 57 180
155 30 21 117
156 97 55 174
156 69 1 85
156 38 9 91
156 39 27 181
156 7 15 157
156 135 21 151
156 43 52 153
156 44 31 169
156 76 45 167
156 111 37 179
156 112 40 3
156 83 57 165
156 58 49 72
156 30 33 117
157 100 5 180
157 37 9 192
157 102 35 185
157 105 1 175
157 106 15 183
157 45 49 119
157 14 21 173
157 142 33 167
157 124 37 186
157 15 39 168
157 83 27 165
157 93 45 179
157 151 55 68
157 121 47 189
157 92 43 184
157 29 58 160
157 62 51 187
158 100 1 180
158 133 9 165
158 136 49 160
158 73 47 150
158 105 4 175
158 15 21 168
158 112 25 3
158 145 15 127
158 50 28 135
158 51 33 107
158 83 39 165
158 149 43 152
158 150 51 173
158 24 55 143
158 59 58 182
159 13 7 187
159 20 13 152
159 21 31 144
159 150 9 173
159 32 43 164
159 33 19 176
159 35 15 73
159 36 22 179
159 42 3 186
159 50 25 135
159 58 28 72
159 69 37 85
159 71 33 130
159 90 49 96
159 91 40 166
159 96 53 179
159 106 45 183
159 120 58 162
159 124 55 186
160 128 7 180
160 98 3 136
160 66 10 177
160 100 25 180
160 72 21 189
160 138 27 179
160 42 33 186
160 44 37 169
160 91 49 166
160 10 39 158
160 144 52 167
160 51 45 153
160 148 55 192
160 20 59 152
160 27 15 156
161 89 39 177
161 2 9 168
161 6 3 141
161 122 27 167
161 136 41 160
161 13 37 187
161 110 33 180
161 124 49 186
161 114 52 110
161 148 16 192
161 87 21 188
161 121 55 189
161 58 58 72
161 60 45 133
161 29 13 178
162 128 13 180
162 2 3 189
162 131 9 179
162 68 25 176
162 69 19 85
162 99 34 177
162 102 37 185
162 37 27 192
162 9 43 177
162 74 16 178
162 75 39 153
162 59 46 175
162 43 49 153
162 118 55 134
162 56 53 164
162 91 58 166
162 31 31 178
163 96 7 179
163 33 43 176
163 99 4 131
163 5 19 157
163 39 15 165
163 104 22 171
163 41 49 184
163 107 9 164
163 48 33 162
163 50 52 135
163 19 40 56
163 116 45 182
163 147 57 181
163 83 27 178
163 123 37 178
164 32 55 164
164 6 9 141
164 105 13 175
164 10 21 114
164 14 33 173
164 47 19 183
164 80 37 173
164 81 46 135
164 82 27 188
164 51 3 153
164 53 57 168
164 94 43 171
164 28 40 184
164 30 51 117
165 96 17 179
165 32 31 164
165 100 37 180
165 70 3 151
165 72 9 189
165 142 55 167
165 143 13 174
165 145 21 127
165 114 34 110
165 51 27 153
165 115 43 155
165 22 39 119
165 119 49 177
165 150 57 186
165 126 53 169
165 31 47 178
166 40 9 146
166 73 49 150
166 41 34 184
166 103 15 155
166 109 27 151
166 81 37 135
166 17 40 109
166 19 43 56
166 145 3 152
166 147 51 181
166 148 31 192
166 57 55 4
166 27 21 156
166 94 46 171
166 127 59 174
167 66 7 177
167 43 10 153
167 45 37 119
167 77 59 176
167 144 49 178
167 81 40 135
167 83 3 178
167 116 15 181
167 149 22 152
167 86 55 179
167 117 57 179
167 26 33 169
167 27 27 156
167 30 45 117
167 95 52 184
168 101 31 181
168 39 3 187
168 41 28 174
168 42 9 186
168 106 21 183
168 140 37 155
168 45 43 119
168 44 39 169
168 47 41 183
168 84 33 139
168 85 46 190
168 54 15 176
168 55 49 185
168 149 55 152
168 89 53 177
168 56 59 164
169 100 41 180
169 107 3 164
169 13 43 187
169 14 9 175
169 79 25 50
169 110 21 180
169 78 15 164
169 18 28 157
169 147 45 181
169 52 39 192
169 21 49 144
169 19 52 56
169 120 55 162
169 27 33 156
169 125 59 180
170 38 9 178
170 136 43 160
170 72 15 189
170 104 4 171
170 47 25 183
170 112 19 3
170 92 55 184
170 50 22 135
170 19 49 56
170 119 27 177
170 23 33 142
170 88 39 178
170 26 45 169
170 91 52 166
170 124 13 191
170 30 57 117
171 89 31 177
171 129 1 150
171 121 37 189
171 4 43 125
171 5 19 165
171 7 3 157
171 43 13 153
171 45 55 119
171 143 16 174
171 47 53 183
171 113 9 152
171 18 22 157
171 30 27 117
171 88 33 178
171 25 45 192
171 27 39 156
171 61 57 189
171 94 49 171
172 97 25 174
172 101 43 181
172 8 4 128
172 9 13 177
172 10 27 128
172 139 37 188
172 76 9 176
172 141 16 175
172 78 39 164
172 15 33 171
172 47 49 183
172 107 45 164
172 12 21 187
172 116 51 182
172 23 55 142
172 126 59 169
173 129 7 150
173 67 3 185
173 100 31 180
173 133 9 167
173 134 19 115
173 71 15 130
173 40 33 146
173 105 22 176
173 106 27 183
173 47 37 183
173 111 49 179
173 82 39 188
173 83 43 178
173 20 47 152
173 18 52 157
173 89 55 177
173 28 58 184
174 33 19 191
174 68 55 176
174 69 4 85
174 103 9 155
174 15 15 171
174 18 25 157
174 51 21 153
174 19 28 56
174 149 49 152
174 53 33 168
174 150 39 186
174 27 45 156
174 29 52 178
174 62 57 187
174 95 1 191
175 41 31 165
175 10 3 158
175 75 9 171
175 47 55 183
175 145 15 152
175 83 21 178
175 148 34 192
175 116 39 181
175 150 45 186
175 22 27 187
175 55 57 185
175 27 51 156
176 96 13 179
176 4 37 125
176 133 9 184
176 100 43 180
176 71 3 130
176 8 16 128
176 35 21 73
176 76 27 176
176 109 39 151
176 142 49 167
176 55 45 185
176 54 33 176
176 118 51 134
176 24 53 143
176 60 57 133
176 31 55 178
177 5 7 191
177 135 3 176
177 8 10 128
177 42 15 186
177 107 21 164
177 78 27 164
177 143 43 174
177 145 39 152
177 18 46 157
177 115 49 155
177 21 59 144
177 62 33 187
177 123 57 178
177 94 52 171
178 89 19 177
178 132 3 120
178 41 25 184
178 10 9 158
178 43 34 153
178 46 43 144
178 47 31 183
178 82 15 188
178 84 37 139
178 118 49 134
178 55 21 191
178 151 46 68
178 25 51 192
178 26 55 169
178 91 28 191
178 125 41 191
178 24 59 143
179 96 19 179
179 34 3 177
179 67 9 185
179 3 15 184
179 102 25 185
179 8 22 128
179 104 37 171
179 10 27 158
179 138 31 179
179 142 35 167
179 47 43 183
179 18 40 157
179 53 45 184
179 150 51 186
179 121 49 189
179 93 59 179
179 94 55 171
180 33 31 191
180 34 3 181
180 103 15 187
180 135 9 182
180 41 28 184
180 106 33 183
180 9 19 182
180 39 37 191
180 141 25 175
180 108 41 98
180 13 49 187
180 48 45 176
180 82 51 188
180 21 55 144
180 119 57 177
180 125 43 191
181 129 25 150
181 131 3 182
181 4 31 125
181 68 37 176
181 69 13 85
181 5 10 191
181 90 16 96
181 44 43 169
181 140 55 155
181 143 19 174
181 80 22 182
181 48 39 176
181 50 49 135
181 51 27 182
181 116 33 182
181 55 45 191
181 58 52 72
181 27 57 156
182 129 13 150
182 34 9 181
182 33 25 191
182 130 19 158
182 73 31 150
182 137 15 182
182 44 49 169
182 141 22 175
182 79 43 50
182 145 27 152
182 82 33 188
182 51 37 182
182 52 41 192
182 17 46 187
182 58 55 72
182 61 51 189
182 94 58 171
183 96 25 179
183 65 3 165
183 35 9 73
183 68 31 176
183 69 22 85
183 70 15 151
183 74 19 184
183 42 27 186
183 139 43 188
183 141 37 175
183 14 33 175
183 79 40 50
183 16 45 3
183 112 52 3
183 114 55 110
183 52 59 192
183 124 49 191
184 36 1 179
184 134 4 191
184 103 9 187
184 10 15 158
184 42 21 186
184 74 31 184
184 15 27 171
184 19 34 56
184 52 43 192
184 30 39 117
184 57 46 4
184 90 55 96
184 125 59 191
184 62 51 191
185 100 19 180
185 133 3 184
185 71 9 130
185 39 15 191
185 41 22 184
185 11 25 113
185 141 28 175
185 142 37 167
185 143 31 174
185 144 34 191
185 81 43 135
185 52 49 192
185 22 39 187
185 90 46 96
185 60 51 133
185 62 55 191
185 31 59 178
Điểm tối ưu: 2840
Thời gian: 101183.6851 ms
Trạng thái: FEASIBLE
