1234
1 5 46 11
1 6 25 1
1 7 13 8
1 39 1 5
1 41 37 3
1 44 15 71
1 12 49 54
1 46 4 69
1 14 41 52
1 19 19 37
1 21 7 35
1 54 57 9
1 24 10 23
1 25 29 62
1 31 33 66
2 32 41 4
2 1 58 29
2 3 1 8
2 5 16 11
2 6 37 1
2 9 43 24
2 44 31 53
2 13 7 6
2 16 35 22
2 17 25 57
2 19 55 37
2 51 49 60
2 21 19 35
2 22 45 64
2 24 22 23
2 28 13 45
3 2 27 7
3 3 55 15
3 5 40 11
3 8 1 35
3 9 47 22
3 10 51 19
3 13 22 6
3 25 5 3
3 27 3 62
3 32 49 4
3 41 10 9
3 43 43 8
3 52 37 30
3 54 31 9
3 59 19 44
3 61 7 21
4 32 37 38
4 1 31 68
4 2 1 7
4 34 27 17
4 5 52 11
4 8 7 37
4 42 39 18
4 12 45 36
4 17 16 42
4 21 22 35
4 24 4 23
4 58 57 52
4 27 55 9
4 28 19 45
4 25 9 3
5 2 9 7
5 4 23 61
5 11 51 4
5 15 27 25
5 16 29 22
5 22 7 51
5 27 41 23
5 28 1 45
5 30 45 7
5 38 34 56
5 47 19 27
5 49 31 20
5 53 15 13
5 57 37 49
5 60 25 37
5 62 11 3
6 2 21 68
6 7 55 8
6 10 47 19
6 17 4 57
6 22 1 64
6 24 28 23
6 25 7 3
6 27 59 23
6 32 19 38
6 33 39 36
6 34 15 17
6 36 31 33
6 38 43 56
6 42 25 18
6 51 49 29
6 52 34 30
6 57 10 49
6 60 23 21
6 62 13 3
7 37 4 31
7 6 55 1
7 5 58 11
7 42 9 18
7 13 19 6
7 46 34 16
7 60 47 21
7 15 25 6
7 50 51 10
7 61 40 21
7 21 28 35
7 52 22 30
7 55 43 48
7 24 1 28
7 28 37 4
7 29 11 1
8 33 33 64
8 34 37 17
8 35 1 24
8 4 11 61
8 2 15 7
8 6 28 1
8 39 7 12
8 40 41 17
8 8 17 26
8 1 43 68
8 12 51 51
8 60 19 21
8 53 21 13
8 28 25 45
8 30 57 7
9 1 46 29
9 3 51 15
9 4 59 61
9 38 55 56
9 7 49 44
9 40 23 17
9 42 13 18
9 43 15 72
9 47 19 32
9 29 37 54
9 21 31 35
9 54 39 9
9 58 3 52
9 59 25 9
9 60 29 12
9 61 43 21
10 6 52 1
10 9 59 22
10 23 39 67
10 24 25 28
10 27 37 13
10 28 34 45
10 32 1 4
10 35 45 24
10 38 49 40
10 44 13 53
10 45 19 28
10 46 28 16
10 48 43 46
10 51 9 60
10 62 15 3
10 63 55 13
11 33 45 51
11 34 57 17
11 35 15 43
11 39 4 5
11 40 43 41
11 14 25 52
11 47 39 27
11 51 33 29
11 29 55 54
11 19 52 58
11 50 9 10
11 25 29 65
11 26 19 47
11 61 1 21
12 32 13 38
12 41 19 14
12 10 53 19
12 42 27 18
12 44 33 71
12 46 1 69
12 48 51 46
12 17 7 57
12 19 46 37
12 52 10 30
12 23 57 34
12 56 15 47
12 28 4 45
12 29 23 50
13 4 31 61
13 6 43 1
13 9 53 24
13 10 57 19
13 17 25 42
13 24 49 23
13 26 16 25
13 28 28 45
13 29 59 50
13 33 39 55
13 35 21 24
13 43 9 8
13 45 55 43
13 48 37 46
13 53 33 13
13 59 4 28
13 62 19 3
14 2 19 7
14 36 52 23
14 7 7 36
14 11 57 4
14 12 13 69
14 44 37 71
14 43 25 8
14 53 39 13
14 24 31 23
14 28 46 45
14 61 49 21
14 30 3 12
15 5 34 11
15 7 29 36
15 14 27 52
15 16 47 35
15 21 49 35
15 22 25 51
15 32 17 1
15 33 19 36
15 35 57 63
15 36 52 33
15 39 10 12
15 40 31 17
15 45 39 40
15 47 43 27
15 49 4 32
15 52 1 30
15 57 13 49
16 1 1 20
16 35 55 24
16 37 19 31
16 9 59 24
16 10 13 19
16 43 39 8
16 41 46 42
16 45 5 30
16 13 43 6
16 19 22 43
16 21 52 35
16 57 16 49
16 58 27 53
16 27 49 13
16 28 31 45
17 34 9 17
17 37 13 31
17 38 46 56
17 5 49 11
17 9 1 22
17 42 55 18
17 41 25 14
17 13 34 6
17 46 31 16
17 15 57 25
17 45 7 30
17 23 3 34
17 24 43 28
17 61 52 21
17 30 21 12
18 36 34 23
18 4 55 22
18 6 46 1
18 38 13 56
18 7 1 44
18 41 43 14
18 13 40 6
18 46 58 16
18 49 16 20
18 17 10 57
18 56 3 38
18 25 19 65
18 28 49 45
18 61 37 21
18 62 23 3
19 2 39 7
19 19 13 36
19 25 25 3
19 26 46 25
19 27 49 67
19 29 53 50
19 33 55 50
19 35 7 63
19 37 43 31
19 42 41 18
19 44 1 71
19 49 34 20
19 51 3 7
19 52 31 72
19 57 19 49
19 62 27 3
20 5 10 11
20 6 7 1
20 9 29 29
20 10 41 19
20 12 3 41
20 14 55 52
20 17 13 42
20 27 23 62
20 32 43 4
20 36 37 33
20 37 49 31
20 38 16 37
20 42 19 18
20 43 45 39
20 46 52 69
20 47 33 27
20 63 27 30
21 36 4 33
21 5 55 11
21 7 27 40
21 40 45 23
21 41 37 14
21 14 1 52
21 29 25 54
21 19 58 37
21 52 10 72
21 51 33 7
21 24 49 28
21 62 29 3
21 26 19 25
21 61 40 1
21 30 13 12
21 57 22 49
22 3 45 15
22 4 43 34
22 37 16 31
22 40 37 23
22 41 13 14
22 42 7 18
22 11 51 56
22 12 3 51
22 48 59 67
22 51 21 60
22 54 39 37
22 30 25 12
22 25 31 3
22 27 29 13
22 60 33 21
22 62 35 3
23 2 59 68
23 5 37 11
23 6 13 30
23 11 9 31
23 15 3 25
23 18 19 16
23 19 16 36
23 22 31 51
23 27 1 59
23 29 7 50
23 36 40 33
23 43 49 8
23 44 53 61
23 45 25 40
23 49 46 20
23 57 34 49
23 63 29 30
24 35 1 39
24 3 15 8
24 10 11 19
24 45 25 30
24 15 55 6
24 28 52 45
24 49 58 20
24 51 27 10
24 21 43 35
24 57 22 4
24 26 7 25
24 60 37 12
24 30 33 12
25 4 41 61
25 7 59 36
25 13 16 6
25 15 1 25
25 23 55 67
25 24 13 25
25 27 7 59
25 36 28 28
25 37 52 31
25 39 49 24
25 43 9 39
25 44 25 53
25 51 19 29
25 54 3 37
25 59 43 44
25 60 39 5
25 62 33 3
25 63 31 13
26 37 25 58
26 6 31 1
26 7 5 8
26 41 34 14
26 39 28 5
26 43 57 39
26 44 41 71
26 19 10 37
26 53 1 65
26 55 37 48
26 23 21 34
26 31 13 66
27 33 15 50
27 36 7 33
27 6 1 43
27 10 5 19
27 44 55 61
27 46 49 16
27 47 27 27
27 16 45 22
27 17 34 57
27 63 31 44
27 49 52 20
27 22 57 51
27 54 19 9
27 27 13 9
27 61 10 25
28 1 43 29
28 2 25 7
28 5 22 11
28 10 15 19
28 13 34 70
28 15 49 1
28 16 17 22
28 22 37 51
28 24 7 23
28 29 31 50
28 30 39 12
28 33 51 36
28 35 27 63
28 36 58 33
28 37 55 31
28 39 10 5
28 45 19 22
29 2 29 7
29 8 5 26
29 41 58 14
29 11 33 31
29 12 9 36
29 13 49 6
29 52 40 30
29 53 45 13
29 54 1 13
29 24 13 23
29 27 43 9
29 28 25 4
29 61 37 62
29 63 7 13
30 4 27 61
30 5 13 11
30 37 22 31
30 7 31 36
30 36 16 33
30 43 39 39
30 51 51 7
30 52 55 30
30 61 10 21
30 54 33 37
30 23 45 57
30 21 58 35
30 27 7 62
30 29 19 54
30 62 3 3
31 1 19 20
31 34 31 24
31 3 37 15
31 2 41 7
31 59 46 59
31 43 51 39
31 14 29 52
31 16 25 35
31 19 7 43
31 52 43 30
31 53 57 13
31 21 16 51
31 27 5 13
31 61 13 21
32 33 19 50
32 37 28 31
32 38 10 40
32 7 37 8
32 8 55 26
32 41 31 14
32 39 34 54
32 12 1 36
32 13 52 6
32 15 39 25
32 48 23 46
32 50 15 10
32 22 49 51
32 28 58 45
32 30 45 12
33 2 49 7
33 3 7 15
33 36 22 33
33 38 58 56
33 10 29 19
33 11 37 56
33 45 5 22
33 23 25 34
33 21 46 55
33 30 51 12
33 57 43 49
33 61 13 62
33 62 1 3
34 3 13 15
34 7 31 8
34 8 1 33
34 9 25 22
34 40 55 17
34 45 17 40
34 14 53 52
34 15 41 25
34 47 3 27
34 52 22 72
34 21 34 55
34 23 27 20
34 56 9 38
34 26 49 25
34 29 7 54
34 30 37 41
34 31 57 66
35 33 49 64
35 3 27 15
35 7 5 36
35 42 3 18
35 28 16 45
35 46 46 69
35 14 35 52
35 16 1 40
35 47 39 20
35 51 55 10
35 24 7 28
35 60 37 37
35 61 10 62
36 35 21 39
36 36 52 28
36 27 19 62
36 41 49 9
36 10 31 19
36 13 46 6
36 46 43 69
36 30 57 12
36 56 33 38
36 25 27 62
36 59 4 44
36 60 25 5
36 62 41 3
36 63 11 44
37 4 13 34
37 6 4 43
37 7 55 28
37 8 31 26
37 9 33 22
37 10 19 19
37 16 7 40
37 27 21 62
37 30 9 27
37 32 43 38
37 33 39 51
37 35 49 63
37 37 58 31
37 42 1 18
37 45 27 43
37 51 45 10
37 56 15 38
38 35 37 24
38 4 13 5
38 40 1 41
38 8 31 21
38 41 10 14
38 43 45 41
38 12 27 41
38 14 49 52
38 47 15 27
38 16 43 65
38 50 19 42
38 51 3 60
38 21 34 35
38 25 25 62
38 27 57 23
38 60 41 5
38 30 51 59
39 36 10 28
39 7 13 44
39 40 7 17
39 9 19 24
39 12 33 36
39 28 49 55
39 17 16 57
39 51 39 10
39 49 55 20
39 21 58 55
39 55 3 48
39 56 21 38
39 25 47 3
39 59 52 9
39 60 31 12
39 29 1 54
40 1 13 20
40 4 17 61
40 8 27 26
40 13 31 6
40 16 5 35
40 17 58 42
40 27 11 13
40 28 40 45
40 32 49 38
40 34 7 24
40 37 37 31
40 41 46 14
40 42 29 18
40 44 19 71
40 47 51 27
40 57 1 49
40 58 21 52
40 62 43 3
40 63 25 44
41 35 31 39
41 4 47 61
41 36 10 33
41 6 19 43
41 5 25 11
41 40 53 17
41 27 17 62
41 10 7 19
41 9 15 29
41 44 35 71
41 17 55 42
41 23 39 34
41 24 58 28
41 58 43 53
41 59 28 44
41 29 13 50
42 4 5 61
42 5 1 11
42 9 35 24
42 10 23 19
42 14 37 52
42 15 13 6
42 18 16 16
42 22 43 51
42 23 7 67
42 25 47 64
42 26 19 41
42 28 55 55
42 36 49 33
42 41 52 14
42 44 59 71
42 54 27 37
42 56 39 38
42 59 31 28
42 60 11 32
43 1 49 20
43 34 21 7
43 4 31 34
43 36 46 28
43 41 40 14
43 43 15 39
43 13 58 6
43 17 1 57
43 18 55 16
43 55 9 48
43 24 43 70
43 57 4 4
43 26 52 25
43 27 33 62
43 60 37 5
43 63 25 13
44 1 4 20
44 4 43 5
44 5 7 11
44 14 47 52
44 19 10 43
44 21 13 51
44 24 16 28
44 28 37 45
44 34 25 24
44 38 49 68
44 41 55 14
44 43 21 54
44 44 1 61
44 45 29 43
44 46 52 16
44 49 31 32
44 52 58 30
44 61 40 62
44 62 45 3
45 35 13 24
45 3 33 8
45 8 31 37
45 9 53 22
45 27 23 59
45 11 9 56
45 45 25 43
45 13 1 70
45 46 4 16
45 50 19 10
45 54 49 37
45 56 27 38
45 59 40 44
45 62 17 3
45 63 7 44
46 32 31 38
46 5 43 11
46 41 49 14
46 43 25 39
46 12 21 51
46 44 37 61
46 51 33 10
46 53 3 50
46 54 9 50
46 55 13 48
46 22 59 51
46 57 40 49
46 52 52 30
46 59 46 44
46 25 57 64
47 7 49 36
47 9 53 29
47 11 25 36
47 13 37 6
47 16 13 65
47 18 7 16
47 19 43 37
47 22 55 51
47 23 15 55
47 25 31 62
47 37 46 31
47 38 40 68
47 44 51 71
47 45 57 43
47 48 59 46
47 50 3 42
47 57 19 23
47 59 34 59
48 2 31 7
48 4 55 34
48 9 15 22
48 13 28 6
48 14 7 52
48 16 37 35
48 21 25 55
48 25 5 65
48 26 58 47
48 29 39 58
48 36 43 33
48 40 13 17
48 45 49 43
48 54 1 9
48 55 21 48
48 63 19 13
49 2 55 7
49 9 27 29
49 14 51 52
49 15 29 25
49 16 53 40
49 17 7 42
49 23 33 34
49 24 4 70
49 29 49 58
49 33 21 55
49 37 40 31
49 42 11 18
49 46 43 16
49 47 57 27
49 51 15 60
49 57 46 49
49 63 13 13
50 1 22 20
50 2 47 68
50 9 17 24
50 12 27 51
50 14 43 52
50 17 10 42
50 21 31 55
50 24 34 28
50 27 55 23
50 29 53 54
50 32 59 1
50 41 7 14
50 42 45 18
50 43 39 54
50 50 3 10
50 60 25 21
50 62 49 3
51 32 43 57
51 34 49 17
51 36 25 33
51 38 1 56
51 39 19 5
51 40 31 41
51 41 28 14
51 9 41 29
51 42 53 18
51 12 33 51
51 45 13 28
51 46 58 69
51 19 22 37
51 54 15 9
51 24 46 70
51 57 55 49
51 30 9 41
52 33 55 36
52 35 1 63
52 36 19 33
52 6 10 52
52 7 53 8
52 40 43 23
52 42 47 18
52 43 15 41
52 14 39 52
52 51 33 60
52 55 25 48
52 57 49 49
52 26 22 41
52 27 59 62
52 60 5 21
53 4 11 22
53 5 19 11
53 7 41 72
53 9 49 22
53 12 3 54
53 13 7 70
53 15 59 25
53 17 43 42
53 18 22 16
53 21 28 55
53 24 25 23
53 25 17 64
53 40 47 23
53 41 37 42
53 42 57 18
53 54 33 50
53 56 51 38
53 61 13 1
54 33 27 50
54 39 13 54
54 9 37 29
54 42 5 18
54 44 7 61
54 46 1 16
54 16 21 40
54 53 51 13
54 19 31 54
54 23 9 34
54 24 40 28
54 21 16 35
54 27 43 62
54 60 45 5
54 61 55 62
54 57 58 49
55 32 35 1
55 1 7 29
55 3 19 8
55 4 13 61
55 5 28 11
55 38 16 56
55 40 5 17
55 9 31 22
55 15 55 25
55 49 49 32
55 17 40 42
55 53 45 4
55 22 53 64
55 56 57 38
55 26 10 47
55 59 37 59
56 1 10 20
56 35 15 63
56 36 28 33
56 5 7 64
56 3 31 15
56 7 37 44
56 40 35 41
56 8 1 37
56 11 21 56
56 45 13 43
56 18 40 16
56 19 43 54
56 61 46 62
56 24 49 70
56 28 52 55
56 29 57 58
57 32 25 38
57 2 37 7
57 1 10 29
57 6 16 52
57 40 19 17
57 41 7 9
57 12 27 54
57 45 39 22
57 16 23 22
57 49 43 20
57 52 49 30
57 57 52 49
57 26 31 47
57 59 34 44
57 60 55 5
57 30 57 41
58 32 29 4
58 2 43 7
58 3 57 8
58 6 19 30
58 38 31 56
58 40 1 23
58 46 10 16
58 18 13 16
58 53 39 50
58 22 55 64
58 23 45 34
58 24 52 70
58 57 25 49
58 28 7 45
58 31 3 66
59 2 17 7
59 5 4 11
59 7 23 44
59 9 25 29
59 14 31 52
59 15 43 25
59 18 37 16
59 25 7 65
59 41 1 14
59 42 49 18
59 44 11 71
59 46 19 69
59 48 41 46
59 50 51 42
59 51 27 60
59 54 45 50
59 55 33 48
59 59 55 59
59 60 13 32
60 1 34 68
60 2 29 68
60 5 31 11
60 8 7 26
60 13 25 70
60 22 15 64
60 24 40 70
60 25 13 64
60 32 55 4
60 35 45 63
60 37 22 58
60 42 43 18
60 43 57 54
60 53 49 50
60 56 3 47
60 58 9 53
60 60 1 12
60 63 53 44
61 1 7 20
61 4 49 61
61 6 4 53
61 7 1 72
61 9 23 29
61 13 10 6
61 18 25 16
61 21 28 64
61 24 37 70
61 28 43 55
61 32 31 4
61 35 33 63
61 39 40 59
61 45 53 43
61 48 21 46
61 49 46 32
61 58 15 53
61 59 58 59
61 62 51 3
61 63 55 44
62 9 5 24
62 10 7 47
62 13 55 70
62 17 22 57
62 25 31 65
62 28 10 45
62 32 13 4
62 34 45 17
62 36 34 33
62 40 25 17
62 43 27 72
62 44 49 53
62 45 51 43
62 49 58 32
62 62 53 3
63 2 13 7
63 3 25 68
63 4 47 5
63 7 19 72
63 8 43 40
63 9 11 24
63 10 37 47
63 16 9 22
63 20 31 18
63 29 1 58
63 34 39 69
63 38 55 68
63 41 4 72
63 45 45 43
63 47 15 32
63 52 58 72
63 55 49 48
63 58 21 53
63 60 53 57
64 32 41 57
64 33 7 55
64 3 21 15
64 37 4 58
64 38 13 37
64 8 25 32
64 40 55 41
64 42 59 18
64 11 27 56
64 49 37 32
64 18 46 16
64 17 31 57
64 52 16 30
64 26 34 47
64 63 57 44
65 1 52 68
65 2 23 68
65 8 41 26
65 15 25 25
65 16 13 35
65 22 43 64
65 23 37 57
65 29 1 50
65 31 9 66
65 32 55 57
65 36 46 33
65 39 49 5
65 44 29 71
65 52 31 30
65 53 15 65
65 55 57 48
65 57 19 66
66 33 3 64
66 2 13 68
66 35 21 63
66 38 37 68
66 27 19 67
66 10 1 19
66 44 25 71
66 45 31 43
66 47 27 32
66 21 40 64
66 53 9 65
66 23 51 34
66 56 45 38
66 25 49 65
66 58 33 53
66 59 55 35
66 54 15 34
66 29 59 58
67 8 43 26
67 9 31 29
67 12 9 69
67 13 28 70
67 14 33 52
67 15 35 25
67 21 37 64
67 30 3 59
67 34 45 67
67 36 25 67
67 37 13 58
67 40 7 41
67 48 17 46
67 49 40 32
67 51 57 60
67 57 22 66
67 61 49 62
67 62 55 3
68 1 1 29
68 2 11 7
68 14 13 52
68 15 31 25
68 19 7 58
68 20 15 18
68 22 19 64
68 24 22 70
68 25 37 65
68 26 28 47
68 29 25 50
68 34 33 67
68 37 43 58
68 40 49 41
68 45 47 43
68 49 55 32
68 51 39 47
68 56 51 47
68 61 4 1
69 3 3 15
69 4 19 61
69 7 25 72
69 10 13 47
69 11 15 4
69 16 21 22
69 24 31 70
69 25 55 65
69 27 29 67
69 29 37 58
69 30 9 59
69 37 34 58
69 39 46 54
69 46 49 69
69 48 7 46
69 51 39 60
69 52 52 72
69 53 57 65
70 1 4 29
70 2 7 7
70 8 1 26
70 12 9 54
70 13 16 70
70 14 19 52
70 15 37 25
70 16 13 22
70 17 28 57
70 19 31 58
70 23 21 67
70 28 25 66
70 35 39 63
70 41 34 72
70 44 49 71
70 45 43 43
70 53 45 65
70 61 52 62
70 62 57 3
70 63 59 44
71 34 1 67
71 35 7 32
71 37 19 58
71 38 31 40
71 39 13 59
71 6 22 1
71 12 27 69
71 46 34 69
71 60 17 12
71 17 49 57
71 52 55 72
71 22 59 64
71 56 45 47
71 57 37 66
71 26 52 41
71 28 40 66
72 32 11 4
72 1 7 68
72 34 1 17
72 38 16 68
72 10 49 19
72 45 37 43
72 46 55 69
72 48 5 67
72 50 33 42
72 19 46 58
72 53 21 65
72 23 51 67
72 24 58 70
72 57 28 49
72 58 39 53
72 28 43 45
73 2 1 68
73 7 55 40
73 9 13 29
73 10 3 19
73 12 9 51
73 16 25 65
73 19 16 58
73 20 21 18
73 22 31 64
73 27 5 9
73 30 27 59
73 40 35 17
73 43 43 72
73 44 19 53
73 49 52 32
73 57 49 66
73 58 57 53
74 32 1 38
74 1 10 68
74 36 13 67
74 6 16 59
74 39 19 59
74 40 25 41
74 42 37 18
74 44 47 71
74 45 39 43
74 46 22 69
74 49 43 32
74 53 33 65
74 23 3 55
74 57 7 49
74 58 51 53
74 29 55 58
75 1 4 68
75 4 7 22
75 5 10 64
75 7 13 72
75 8 1 32
75 9 17 29
75 13 19 70
75 21 55 29
75 26 22 47
75 37 28 58
75 39 31 59
75 42 35 18
75 43 37 72
75 44 43 71
75 45 41 43
75 48 49 46
75 51 45 60
75 53 51 65
75 60 59 57
76 13 4 6
76 15 19 1
76 19 10 58
76 26 25 47
76 31 43 66
76 33 21 64
76 41 28 9
76 44 13 71
76 45 37 22
76 46 31 69
76 48 55 46
76 49 34 32
76 52 49 72
76 53 39 65
76 57 52 66
76 60 15 5
76 62 59 3
Điểm tối ưu: 1234
Thời gian: 100212.0030 ms
Trạng thái: FEASIBLE
