200
1 28 33 18
1 33 15 10
1 50 1 5
2 15 7 21
2 28 3 17
2 31 58 11
3 24 15 11
3 29 1 22
3 40 9 3
4 14 16 6
4 46 1 19
4 50 9 5
5 1 15 4
5 2 7 10
5 38 4 3
6 7 28 6
6 18 1 3
6 40 13 3
6 45 5 13
7 6 10 20
7 8 16 5
7 22 7 11
8 2 51 10
8 49 13 4
9 8 13 5
9 17 51 4
9 28 57 17
9 46 31 19
10 12 51 28
10 35 1 26
11 5 4 11
11 24 33 11
11 25 1 2
11 50 21 5
12 31 55 11
12 38 10 13
12 39 1 13
12 40 25 3
12 44 5 8
13 31 52 11
13 45 15 13
13 50 1 7
14 3 1 1
14 4 7 15
14 14 4 6
15 15 1 21
15 16 49 27
15 44 45 29
16 30 7 16
16 41 4 22
17 4 7 19
18 14 19 6
18 24 27 11
19 2 55 10
20 1 21 4
20 5 37 11
20 28 51 30
20 50 25 5
21 3 7 1
21 6 1 20
21 34 34 15
21 44 49 29
22 7 31 6
22 42 1 9
22 45 13 13
22 50 43 5
23 34 7 13
24 22 22 26
24 50 51 5
25 9 13 10
25 18 22 3
25 22 4 26
25 37 9 1
25 49 19 4
26 14 13 6
26 29 46 10
26 46 51 19
27 10 16 22
27 17 57 4
27 18 49 3
27 29 31 22
28 14 43 6
28 38 37 20
29 28 25 17
29 44 13 29
30 6 19 20
30 37 45 21
31 25 7 2
32 17 27 4
32 30 11 10
32 35 43 26
32 50 13 7
33 3 21 8
33 24 57 14
34 4 7 25
34 25 25 19
34 41 43 22
35 5 43 4
35 35 7 26
36 37 3 1
36 46 27 19
37 3 9 9
37 5 22 11
38 14 34 6
38 26 40 3
38 34 46 27
38 39 37 3
39 1 25 4
39 2 37 10
39 25 23 29
39 40 57 20
40 10 28 15
40 24 1 14
40 31 19 11
40 43 33 24
41 17 33 4
41 46 19 19
42 7 10 17
42 14 22 18
42 22 40 29
42 31 43 11
43 18 1 27
43 34 55 27
43 48 41 24
44 9 21 10
44 32 43 12
45 16 31 27
45 30 43 10
45 31 46 11
46 5 46 23
47 16 19 27
47 32 51 12
48 14 7 18
48 24 51 14
48 34 58 27
49 10 40 15
49 30 47 4
49 46 13 19
49 50 33 5
50 32 9 12
50 42 51 9
51 16 7 6
51 33 51 29
52 1 35 1
52 18 31 3
52 30 49 25
52 32 37 5
53 8 4 16
53 9 59 10
54 33 3 28
54 42 57 9
55 7 25 6
55 22 4 29
55 35 55 28
55 39 52 25
56 4 4 15
56 25 53 29
57 5 4 23
57 6 7 20
57 31 49 11
57 35 58 28
57 41 52 22
58 25 3 2
58 29 22 6
58 37 39 21
58 40 45 20
58 41 55 22
59 3 1 8
59 28 55 30
59 48 59 24
60 10 28 7
60 35 25 26
60 50 51 23
61 5 1 23
61 17 39 4
61 22 55 29
61 33 59 29
62 18 13 27
62 39 58 25
63 9 5 10
63 10 58 22
63 15 49 21
64 45 57 13
65 17 7 4
65 22 1 11
65 45 59 13
65 46 39 19
66 18 19 3
66 32 45 19
67 1 15 1
67 32 57 19
68 8 1 16
68 15 55 21
69 2 1 10
69 15 52 21
69 39 55 25
69 49 59 21
70 17 1 4
70 40 51 20
70 50 57 23
Điểm tối ưu: 200
Thời gian: 2126.3020 ms
Trạng thái: OPTIMUM
