803
1 2 31 38
1 3 46 33
1 36 7 40
1 37 27 29
1 38 3 18
1 40 34 9
1 9 43 21
1 43 51 3
1 17 5 49
1 19 10 8
1 20 22 29
1 26 39 38
1 28 55 45
1 30 15 21
2 36 4 40
2 4 13 17
2 11 55 47
2 44 19 43
2 12 39 6
2 16 57 13
2 19 7 22
2 20 10 29
2 25 1 29
2 26 59 38
2 27 27 3
3 2 28 18
3 34 47 46
3 4 10 17
3 9 21 21
3 11 1 27
3 14 7 36
3 19 16 22
3 20 55 44
3 21 4 2
3 27 13 3
3 29 31 36
3 31 37 46
4 1 25 26
4 3 19 38
4 4 16 17
4 38 35 18
4 5 9 16
4 8 1 8
4 11 7 27
4 19 4 8
4 20 58 3
4 21 55 25
4 26 43 38
4 28 49 45
5 4 4 17
5 8 7 8
5 9 17 21
5 10 55 20
5 11 13 27
5 14 27 7
5 19 34 22
5 21 40 2
5 24 43 52
5 29 29 14
5 33 15 14
5 35 1 22
5 38 47 36
5 40 22 9
5 41 49 44
5 43 19 3
6 1 19 26
6 3 43 33
6 9 23 34
6 14 33 7
6 16 47 13
6 17 15 49
6 21 49 2
6 26 29 51
6 27 9 13
6 33 37 14
6 37 3 15
6 39 25 6
6 44 17 34
7 1 31 26
7 8 15 8
7 14 53 7
7 21 34 2
7 26 39 51
7 27 41 13
7 29 49 23
7 30 3 21
7 32 7 1
7 33 45 14
7 34 57 46
7 43 25 3
8 1 28 26
8 2 19 18
8 3 22 33
8 4 25 17
8 11 3 47
8 16 5 13
8 18 57 27
8 23 51 43
8 25 33 8
8 26 17 38
8 27 9 36
8 29 43 23
8 35 1 33
8 39 31 6
9 33 59 14
9 35 5 1
9 4 31 17
9 37 51 15
9 5 13 16
9 39 37 6
9 7 23 7
9 10 43 28
9 44 25 34
9 19 10 22
9 21 1 25
9 22 39 12
9 23 27 43
9 29 55 14
10 1 37 26
10 4 19 17
10 10 40 20
10 12 33 6
10 14 43 36
10 16 7 13
10 17 49 49
10 27 15 3
10 30 27 21
10 35 11 1
10 38 45 36
10 41 22 44
10 43 31 3
11 2 13 38
11 7 39 7
11 8 17 8
11 9 55 34
11 18 51 27
11 27 49 13
11 28 31 45
11 29 3 23
11 33 23 14
11 36 10 40
11 37 27 15
11 38 41 36
11 39 47 6
11 43 37 3
12 3 13 33
12 6 37 23
12 10 55 28
12 11 25 27
12 15 3 22
12 16 33 13
12 17 1 49
12 19 22 8
12 23 9 43
12 24 51 52
12 25 43 39
12 27 17 13
12 33 45 47
12 34 35 46
12 35 29 1
12 36 19 40
12 41 40 44
13 1 7 26
13 4 55 17
13 8 13 8
13 10 52 28
13 11 31 27
13 14 37 7
13 17 47 49
13 19 49 22
13 24 39 52
13 26 59 51
13 27 5 36
13 29 45 23
13 30 27 53
13 32 15 1
13 34 1 46
13 36 22 40
13 37 33 15
13 43 43 3
14 32 45 1
14 2 22 38
14 34 13 46
14 35 37 1
14 4 49 17
14 38 5 18
14 40 16 9
14 8 35 8
14 10 40 28
14 9 31 21
14 19 28 8
14 28 9 45
15 1 1 26
15 33 43 47
15 2 13 44
15 36 31 40
15 37 45 15
15 5 37 16
15 7 27 51
15 43 49 3
15 44 51 34
15 16 21 13
15 21 4 25
15 26 11 51
15 28 57 34
15 30 9 21
16 3 58 33
16 4 28 17
16 8 51 53
16 12 9 27
16 14 3 7
16 16 37 13
16 20 55 29
16 21 25 25
16 24 13 12
16 25 7 29
16 29 39 14
16 33 43 14
16 34 23 39
16 43 17 14
17 1 46 26
17 2 7 18
17 5 55 16
17 8 37 8
17 9 51 21
17 10 10 28
17 21 28 25
17 26 3 51
17 27 25 13
17 28 21 45
17 29 1 23
17 34 15 39
17 36 34 40
17 38 13 18
17 40 43 9
17 41 31 44
18 32 39 1
18 33 1 14
18 1 58 26
18 37 25 45
18 8 45 53
18 11 37 27
18 43 21 14
18 40 55 9
18 17 19 49
18 21 31 2
18 26 51 38
18 28 15 45
19 1 40 26
19 3 55 33
19 4 34 17
19 5 51 16
19 10 46 28
19 11 49 27
19 12 9 6
19 17 59 49
19 21 16 25
19 24 21 52
19 25 19 29
19 27 29 3
19 29 7 23
19 36 37 40
19 37 3 45
19 39 1 6
19 43 13 14
19 44 31 43
20 1 43 26
20 2 16 18
20 7 31 7
20 11 55 27
20 12 57 6
20 16 13 13
20 17 27 49
20 19 46 8
20 21 40 25
20 25 25 29
20 29 29 23
20 30 35 21
20 32 51 1
20 37 21 15
20 39 5 43
20 40 37 9
20 42 7 30
20 44 49 34
21 1 13 26
21 2 22 18
21 4 43 17
21 9 5 21
21 14 1 36
21 16 33 49
21 17 57 49
21 21 16 2
21 25 31 29
21 26 47 51
21 27 35 13
21 33 19 14
21 34 3 39
21 40 40 9
21 43 53 3
21 44 49 52
22 32 33 1
22 33 1 47
22 34 43 46
22 4 52 17
22 36 10 53
22 39 55 6
22 7 17 7
22 14 5 7
22 24 57 12
22 27 23 13
22 28 19 34
22 29 41 14
22 30 39 21
23 2 25 18
23 4 37 17
23 6 22 23
23 7 9 7
23 9 43 1
23 11 47 27
23 14 29 7
23 21 55 2
23 25 13 29
23 26 41 38
23 29 51 23
23 30 19 21
23 33 31 14
23 34 33 46
23 35 49 33
23 39 53 6
23 44 7 47
24 7 21 7
24 11 53 46
24 16 3 13
24 21 25 2
24 23 15 43
24 24 33 52
24 25 13 39
24 26 45 38
24 29 47 23
24 33 5 47
24 34 19 39
24 35 51 33
24 39 7 43
24 40 28 9
24 41 58 44
24 43 11 3
24 44 1 52
25 1 34 26
25 2 31 18
25 4 58 17
25 5 19 16
25 7 15 51
25 9 45 21
25 14 49 36
25 16 17 49
25 19 55 22
25 26 25 38
25 30 13 21
25 35 29 33
25 37 37 15
25 38 23 36
25 41 7 44
25 43 47 14
25 44 53 34
26 1 49 26
26 2 34 38
26 7 7 7
26 9 47 21
26 11 9 47
26 12 3 6
26 16 45 13
26 17 23 49
26 20 52 29
26 23 39 43
26 25 21 39
26 27 59 13
26 28 27 34
26 30 57 21
26 33 15 47
26 38 37 18
26 39 13 43
27 3 31 33
27 4 40 17
27 5 27 16
27 6 34 23
27 7 11 7
27 11 13 47
27 16 43 13
27 17 9 49
27 20 37 29
27 24 57 52
27 26 47 38
27 30 53 21
27 31 3 46
27 33 21 47
27 34 17 39
27 36 49 40
27 38 45 18
28 3 7 33
28 7 13 7
28 8 43 8
28 11 23 47
28 12 15 27
28 19 58 8
28 21 19 25
28 26 49 38
28 32 1 1
28 33 27 47
28 34 31 39
28 35 55 1
28 36 40 40
28 43 5 14
29 32 25 1
29 1 22 26
29 3 16 33
29 39 19 6
29 38 41 18
29 9 29 21
29 11 33 27
29 12 49 6
29 17 39 49
29 19 58 22
29 21 13 2
29 22 9 12
29 23 43 43
29 26 37 38
30 3 10 33
30 6 31 23
30 8 39 8
30 9 37 21
30 10 58 28
30 14 41 7
30 17 35 49
30 19 25 8
30 24 19 12
30 26 55 51
30 27 29 13
30 28 43 45
30 30 49 21
30 37 15 15
30 40 52 9
30 44 13 52
31 1 4 26
31 4 7 17
31 7 25 7
31 8 41 8
31 12 21 6
31 19 13 22
31 25 33 39
31 30 59 21
31 33 39 47
31 35 31 1
31 36 43 40
31 38 47 18
31 40 49 30
31 43 53 14
31 44 19 52
32 1 10 34
32 3 19 33
32 4 22 17
32 8 53 8
32 11 41 47
32 14 15 7
32 16 7 49
32 17 13 49
32 20 1 3
32 25 35 39
32 29 5 23
32 30 55 21
32 33 57 47
32 34 17 46
32 35 39 18
32 36 46 40
32 38 51 18
32 39 25 43
33 34 15 46
33 7 1 51
33 39 7 6
33 41 19 44
33 10 4 28
33 14 51 7
33 16 11 13
33 19 25 22
33 20 46 29
33 23 33 43
33 25 41 39
33 27 53 13
34 1 1 34
34 33 49 47
34 35 53 33
34 36 16 40
34 5 9 39
34 38 43 18
34 41 28 44
34 10 25 28
34 16 55 13
34 18 33 14
34 19 37 22
34 20 40 29
34 21 46 2
34 29 57 23
35 1 16 26
35 4 1 43
35 7 55 7
35 8 49 8
35 12 27 6
35 16 21 49
35 25 51 8
35 27 9 3
35 28 33 34
35 34 45 39
35 36 58 40
35 38 53 18
35 39 37 43
35 43 11 14
35 44 13 34
36 33 17 47
36 2 1 38
36 3 37 33
36 35 5 51
36 5 27 39
36 38 49 18
36 6 40 23
36 42 43 30
36 16 15 13
36 20 10 44
36 21 31 25
36 23 55 43
36 25 47 39
37 1 52 26
37 7 37 51
37 8 55 8
37 10 49 20
37 17 45 49
37 19 28 22
37 20 16 29
37 21 7 25
37 25 59 39
37 28 39 34
37 32 21 1
37 33 47 47
37 35 19 1
37 36 13 40
37 38 57 18
37 41 1 44
38 3 7 38
38 4 19 53
38 8 49 53
38 10 1 28
38 14 45 7
38 17 55 49
38 20 4 3
38 22 27 52
38 27 11 36
38 29 53 23
38 34 51 39
38 38 59 18
38 39 47 43
38 40 13 9
38 41 34 44
39 7 7 51
39 9 15 34
39 16 31 13
39 17 3 49
39 19 22 22
39 24 9 52
39 27 17 3
39 33 29 47
39 35 27 33
39 36 55 40
39 40 58 9
39 41 52 44
39 44 25 52
40 1 46 34
40 7 33 51
40 8 31 8
40 11 9 46
40 14 35 7
40 17 29 49
40 19 40 22
40 20 4 44
40 25 53 39
40 26 23 51
40 27 7 3
40 33 51 47
40 35 25 33
40 39 49 43
40 41 43 44
41 1 4 34
41 36 28 40
41 37 9 15
41 5 45 16
41 38 55 18
41 4 1 17
41 6 25 23
41 11 19 27
41 44 31 34
41 18 21 27
41 20 49 29
41 25 57 39
41 26 35 51
41 29 59 23
42 7 19 51
42 8 7 53
42 10 16 20
42 13 45 3
42 14 49 7
42 15 27 46
42 21 37 2
42 24 51 12
42 26 21 51
42 29 55 23
42 35 41 51
42 36 1 40
42 39 59 43
42 40 10 9
42 43 57 14
43 32 57 1
43 34 55 39
43 3 40 33
43 4 46 17
43 7 31 51
43 8 1 53
43 35 13 1
43 19 43 22
43 24 3 52
43 26 49 51
43 27 15 36
43 30 53 53
44 5 1 16
44 6 19 23
44 8 29 53
44 9 23 21
44 10 58 20
44 16 41 49
44 17 31 49
44 18 25 14
44 26 43 51
44 33 33 47
44 34 7 39
44 35 51 51
44 36 55 53
44 40 13 30
44 41 37 44
45 2 55 38
45 4 22 53
45 7 19 7
45 8 31 53
45 14 53 36
45 18 3 27
45 19 46 22
45 21 43 25
45 26 13 51
45 34 37 39
45 35 25 51
45 36 34 53
45 37 39 45
45 38 1 18
45 39 11 46
45 40 16 30
46 1 55 26
46 2 25 44
46 6 10 23
46 12 15 6
46 16 39 13
46 17 43 49
46 21 49 25
46 27 21 36
46 29 29 36
46 33 35 47
46 36 58 53
46 37 3 29
46 38 33 36
46 39 45 46
46 40 52 30
46 44 7 52
47 34 1 39
47 4 4 53
47 7 53 51
47 40 46 9
47 39 19 46
47 8 43 53
47 44 37 52
47 9 49 1
47 41 16 44
47 18 39 3
47 20 55 3
47 21 58 25
47 23 21 43
47 24 31 12
47 27 35 36
48 2 10 38
48 36 25 40
48 38 13 36
48 42 3 30
48 9 1 21
48 12 43 6
48 14 37 36
48 16 19 13
48 17 51 49
48 20 58 29
48 24 15 52
48 27 39 36
48 29 7 14
48 31 21 46
49 32 57 7
49 33 11 47
49 34 25 46
49 3 4 33
49 4 13 53
49 37 33 29
49 38 17 36
49 36 37 53
49 40 7 9
49 42 19 30
49 43 49 14
49 12 27 27
49 24 45 12
49 26 53 38
49 27 51 13
50 6 13 23
50 8 25 53
50 9 11 21
50 11 31 47
50 13 21 3
50 14 19 36
50 16 37 49
50 18 43 27
50 22 27 12
50 24 3 12
50 25 49 39
50 30 33 21
50 33 53 47
50 34 59 46
50 38 57 36
50 42 39 30
50 43 9 14
50 44 55 52
51 1 7 34
51 2 28 38
51 4 16 53
51 8 47 53
51 9 25 21
51 11 35 27
51 14 43 7
51 16 11 49
51 17 53 49
51 19 19 22
51 21 13 25
51 27 51 36
51 29 59 36
51 34 41 46
51 35 57 51
51 38 3 36
51 42 31 30
52 1 10 26
52 7 17 51
52 9 7 21
52 11 25 47
52 13 33 3
52 14 27 36
52 19 19 8
52 20 43 29
52 30 41 53
52 33 59 47
52 34 39 39
52 36 52 40
52 39 55 46
52 40 4 9
52 41 46 44
52 44 31 52
53 2 10 18
53 3 34 33
53 6 16 23
53 7 47 7
53 9 37 34
53 10 19 28
53 14 1 7
53 17 25 49
53 18 39 27
53 19 31 22
53 25 5 39
53 26 45 51
53 27 27 13
53 29 3 14
53 31 49 46
53 39 13 6
53 42 57 30
53 44 43 34
54 1 4 38
54 34 7 46
54 37 57 15
54 38 25 36
54 39 31 46
54 40 49 9
54 5 33 16
54 10 22 28
54 11 37 47
54 42 27 30
54 19 52 22
54 26 9 51
54 27 1 13
54 29 55 36
Điểm tối ưu: 803
Thời gian: 100160.9426 ms
Trạng thái: FEASIBLE
