204
1 1 1 11
1 2 55 4
1 4 19 9
1 6 5 1
1 8 3 3
1 9 21 16
1 12 7 3
1 13 43 18
1 14 57 15
1 15 37 2
2 1 49 11
2 2 9 4
2 3 25 18
2 4 7 9
2 5 45 10
2 6 55 6
2 7 58 11
2 8 15 3
2 9 37 16
2 12 33 3
2 13 13 5
2 14 11 15
2 15 22 2
3 1 3 11
3 2 49 4
3 3 7 18
3 4 29 9
3 5 55 10
3 6 39 1
3 8 37 3
3 9 13 16
3 11 21 14
3 12 27 3
3 13 51 5
3 14 45 15
3 15 31 2
4 1 7 11
4 2 29 4
4 4 49 9
4 5 37 10
4 6 1 17
4 7 25 11
4 8 57 3
4 9 9 16
4 11 13 14
4 13 33 5
4 14 41 15
4 15 46 2
5 1 53 11
5 2 15 4
5 4 3 9
5 6 19 6
5 7 22 11
5 11 27 14
5 12 41 3
5 13 1 18
5 14 51 15
5 15 34 2
6 1 13 11
6 2 33 4
6 4 5 9
6 6 1 1
6 8 53 3
6 9 57 16
6 11 7 14
6 12 47 3
6 13 15 5
6 14 25 15
6 15 43 2
7 1 17 11
7 2 47 4
7 3 31 18
7 4 35 9
7 6 13 6
7 9 3 16
7 12 25 3
7 13 57 5
7 14 29 15
7 15 10 2
8 1 15 11
8 2 51 4
8 3 39 18
8 4 37 9
8 5 9 10
8 6 53 17
8 8 13 3
8 9 45 16
8 12 31 3
8 13 55 18
8 14 49 15
8 15 4 2
9 1 5 11
9 2 43 4
9 3 19 18
9 4 17 9
9 5 13 10
9 6 25 17
9 7 55 11
9 8 29 3
9 9 51 16
9 11 33 14
9 13 37 18
9 14 9 15
9 15 1 2
10 1 43 11
10 2 45 4
10 4 59 9
10 6 31 6
10 8 21 3
10 11 39 14
10 12 11 3
10 13 1 5
10 14 19 15
10 15 28 2
11 1 47 11
11 2 41 4
11 3 3 18
11 4 43 9
11 6 17 17
11 7 31 11
11 8 35 3
11 11 51 14
11 13 37 5
11 14 1 15
11 15 55 2
12 1 11 11
12 2 19 4
12 4 53 9
12 6 7 6
12 8 1 3
12 11 55 14
12 12 49 3
12 13 5 5
12 14 31 15
12 15 25 2
13 1 9 11
13 2 25 4
13 3 57 18
13 4 23 9
13 5 51 10
13 6 35 6
13 9 31 16
13 11 3 14
13 12 19 3
13 13 49 5
13 14 55 15
13 15 16 2
14 1 51 11
14 2 35 4
14 3 45 18
14 4 57 9
14 5 19 10
14 6 3 6
14 8 9 3
14 12 23 3
14 13 29 18
14 14 17 15
14 15 13 2
15 1 45 11
15 2 3 4
15 4 15 9
15 5 33 10
15 6 31 1
15 7 19 11
15 8 39 3
15 9 27 16
15 12 17 3
15 13 11 5
15 14 7 15
15 15 52 2
16 1 39 11
16 2 23 4
16 3 13 18
16 4 51 9
16 5 27 10
16 6 55 17
16 7 34 11
16 8 45 3
16 12 59 3
16 13 53 18
16 14 21 15
16 15 7 2
17 1 37 11
17 2 13 4
17 4 39 9
17 5 3 10
17 6 29 6
17 8 55 3
17 12 51 3
17 13 17 5
17 14 27 15
17 15 58 2
18 1 41 11
18 2 57 4
18 3 49 18
18 4 25 9
18 6 37 17
18 7 28 11
18 8 43 3
18 11 45 14
18 12 5 3
18 13 9 5
18 14 15 15
18 15 19 2
Điểm tối ưu: 204
Thời gian: 22531.5187 ms
Trạng thái: OPTIMUM
